Id   phi    psi    tau  omega    chi    chi2  solid    eta  CA-CA  CB-CB  BA^AB  NA^AC
M    nan  -91.7  110.2    nan  -66.7    nan  1.018    nan    nan    nan    nan    nan
K  -71.5  140.6  106.4  179.3 -169.5    nan  0.992   85.7  3.738  4.868   15.1   27.2
F -137.9  165.8  107.4  178.5  -73.9    nan  1.003  140.3  3.758  5.710 -175.4 -179.2
L  -72.6  154.1  106.5  179.1  -63.1    nan  1.001   81.3  3.749  5.273  -80.7  -86.4
K  -63.5  127.0  108.2 -177.2 -165.4    nan  1.010   87.4  3.747  5.425  -79.5  -88.4
F  171.3 -150.4  102.4  178.9 -164.2    nan  0.967  151.1  3.772  5.468  126.3  108.5
S  -60.9  136.6  104.4  175.5  -65.1    nan  0.975   78.2  3.746  4.935  -27.6  -27.7
L  -97.6  128.9  108.9 -174.9  179.9    nan  1.025  109.4  3.741  5.805 -137.3 -136.5
L -115.0  140.6  105.4  178.3  -59.6    nan  0.971  118.7  3.741  5.806 -160.4 -170.2
T -129.1  157.7  108.0 -179.6 -175.2   63.9  1.000  132.4  3.749  5.703 -167.1 -167.7
A  -74.7  152.5  106.2  177.5    nan    nan  0.988   83.7  3.740  5.364  -90.9  -98.8
V -110.3  136.1  107.6 -179.6  -62.4   60.2  0.979  116.5  3.743  5.579 -134.0 -135.9
L  -75.7  136.0  102.4  175.0 -169.4    nan  0.947   88.1  3.731  5.642 -114.1 -126.0
L  -66.7  129.5  107.0 -175.1 -170.8    nan  1.027   87.5  3.736  5.772 -105.6 -107.8
S -162.5  156.6  108.1  178.9   64.8    nan  1.005  155.9  3.741  5.629  152.4  142.3
V -150.2  161.9  104.5  175.7   60.5 -175.2  0.983  149.7  3.754  5.495 -173.4 -177.3
V -125.3  154.3  108.7 -178.9   63.5 -172.2  1.030  129.4  3.732  5.515 -145.2 -138.1
F -102.9  126.4  107.0  178.7  168.2    nan  0.993  111.2  3.753  5.500 -123.8 -129.9
A -175.6  171.5  106.5 -179.9    nan    nan  0.990  171.6  3.758  5.528  136.8  124.2
F -122.7  165.8  107.8 -179.6  -62.8    nan  1.008  126.0  3.755  5.455 -131.8 -126.4
S  -66.1  154.9  107.7 -178.8 -179.9    nan  1.010   75.6  3.758  5.254  -72.6  -79.0
S  -66.0  142.5  108.1 -178.7  179.5    nan  1.009   81.4  3.752  5.423  -81.9  -91.4
C -148.0  137.9  106.3  177.9  180.0    nan  0.979  136.8  3.746  5.625  178.0  170.6
G  129.0  163.2  107.5  178.9    nan    nan    nan  122.3  3.752    nan    nan   74.6
D -137.2  120.0  107.4  179.7 -170.2    nan  0.987  122.9  3.744    nan    nan -152.1
D  -97.8   98.5  105.0  175.4  -68.3    nan  0.964  105.9  3.747  5.918 -154.4 -162.7
D  -66.6  -40.9  110.2 -177.6   63.1    nan  1.033   95.3  3.765  6.031 -141.1 -147.7
D  -60.6  -41.5  106.9 -177.6  -73.6    nan  0.987  101.5  3.763  5.409   80.2   86.5
T  -65.8  -35.9  106.1  177.8  -57.3 -177.7  0.966  100.5  3.739  5.262   70.4   76.4
G   81.2   22.6  105.9 -176.9    nan    nan    nan   92.1  3.761    nan    nan -134.8
Y  -69.6  131.0  110.5 -176.2  175.9    nan  1.053   91.1  3.759    nan    nan  139.6
L -125.8  154.0  105.4  177.0  -64.7    nan  0.955  128.4  3.763  5.789 -166.7  179.0
P  -72.8  155.3  108.6  178.3   12.9    nan  1.012   81.9  3.748  5.371 -100.1  -99.1
P  -56.8  144.7  111.6 -176.5   29.9    nan  0.988   74.4  3.761  5.374  -72.4  -80.3
S  -69.3  163.9  107.0  178.9   62.8    nan  0.993   74.7  3.772  5.682  -99.9 -109.0
Q  -62.5  -38.9  108.0 -177.8 -167.3    nan  0.993  100.7  3.749  5.239  -69.0  -77.2
A  -61.3  -42.4  109.9 -176.7    nan    nan  1.019   98.9  3.769  5.339   77.4   88.5
I  -63.1  -44.8  108.1 -178.8  -65.1  169.9  0.976   97.2  3.781  5.351   76.2   82.1
Q  -63.8  -38.5  108.4 -177.9  -62.9    nan  1.017   99.7  3.758  5.178   67.9   79.4
D  -63.8  -43.5  108.9 -179.4  -66.0    nan  0.988   96.9  3.773  5.400   76.5   84.3
A  -62.6  -45.4  109.3 -176.2    nan    nan  1.010   96.5  3.772  5.245   72.0   83.5
L  -76.6  138.5  106.3  179.1  179.8    nan  0.995   90.5  3.740  5.256   53.0   64.6
K   73.6   -8.9  109.7 -179.2   91.0    nan  1.083  109.1  3.764  4.836   43.3   21.7
K  -67.9  -43.3   98.0  165.6   64.0    nan  0.921  100.7  3.675  5.933  104.2   94.7
L  -72.0  -46.8  110.5  175.0  -64.4    nan  1.034   88.2  3.730  5.187   54.3   65.0
Y -116.0   86.8  111.2 -176.9  -61.8    nan  1.017  107.5  3.779  4.894   11.2   30.7
P  -66.4  -27.9  111.7  178.9   19.8    nan  1.027  101.2  3.763  5.948 -157.3 -163.3
N  -71.9  -27.3  111.7 -177.4  -71.4    nan  1.049   96.6  3.802  5.480   68.6   88.9
A  -52.2  138.1  111.2 -172.1    nan    nan  1.053   74.6  3.781  5.588  102.1  112.6
T -138.4  167.6  108.1 -179.9   61.9  -59.1  1.003  140.8  3.754  5.650 -174.5  176.4
A   50.3   57.8  108.9 -179.9    nan    nan  1.027   97.4  3.771  4.630   49.6   32.3
I  -86.0  128.6  109.5 -177.3  -60.9  174.1  0.996  102.5  3.774  6.110  154.5  155.2
K -116.5  138.0  105.9  175.8  -74.6    nan  0.973  119.7  3.776  5.799 -165.6 -173.7
W -116.3  142.1  109.3 -177.8  -67.0    nan  1.013  122.1  3.771  5.779 -155.9 -156.1
E -152.7  160.2  107.1  179.4   56.8    nan  0.979  151.9  3.782  5.599  174.7  164.8
Q -115.1  141.0  109.4  177.8  -74.5    nan  1.034  121.3  3.773  5.637 -139.0 -132.1
K -148.7  130.4  108.1  177.2  -67.3    nan  1.001  132.6  3.756  5.585  176.3  167.8
G   56.3   38.4  111.9  173.4    nan    nan    nan  104.0  3.759    nan    nan   -9.3
V   70.6   23.3  109.8  178.0 -179.7  -54.4  1.061  100.3  3.808    nan    nan  -80.3
Y -127.7  153.0  108.4  176.3  -76.9    nan  1.002  131.1  3.767  5.704   64.5   77.8
Y  -95.9  133.3  106.0  174.5  -76.6    nan  0.991  105.7  3.760  5.514 -120.3 -126.9
V -118.5  130.2  108.5 -176.7 -179.8  -52.5  0.961  121.4  3.760  5.742 -155.8 -163.5
A -113.9  125.3  106.0  175.4    nan    nan  0.975  116.1  3.749  5.768 -165.1 -168.0
D -114.0  126.1  106.6  176.0   64.0    nan  1.054  116.8  3.744  5.874 -174.4 -171.3
C -161.8 -176.9  106.4 -178.3   62.4    nan  0.972  160.7  3.730  5.628  156.8  140.3
Q -121.1  138.1  107.2  177.0   64.0    nan  1.037  123.7  3.717  5.320 -126.5 -112.1
A -136.9  134.4  107.2  178.1    nan    nan  0.995  130.9  3.731  5.710 -174.2  179.2
D   55.2   29.4  109.3  178.5  -70.1    nan  1.040  111.3  3.751  4.727   21.8   -1.8
G   79.1    6.5  110.7  174.6    nan    nan    nan   98.5  3.760    nan    nan  -83.0
R -110.6  157.3  108.0 -179.4  -72.6    nan  1.023  115.9  3.774    nan    nan   82.6
E  -97.2  114.2  106.4 -177.6 -166.0    nan  1.018  107.9  3.755  5.548 -116.3 -117.7
K -123.6  139.5  108.5 -178.2  -71.0    nan  1.015  126.3  3.643  5.814  174.6  172.1
E -119.8  126.1  102.5  171.0  -71.0    nan  0.963  116.4  3.699  5.682 -160.8 -168.3
V -119.3  134.9  107.0 -177.6  179.7  -56.0  0.998  121.7  3.725  5.807 -170.4 -170.6
W -107.5  138.8  108.3 -180.0  -82.6    nan  1.022  115.0  3.749  5.779 -149.6 -153.7
F -124.6  149.0  106.4  178.7  -63.7    nan  0.973  127.4  3.747  5.731 -160.1 -168.3
D  -90.8 -171.6  106.6  176.7   60.5    nan  1.040   88.4  3.734  5.610 -124.9 -123.4
A  -61.3  -33.9  108.6 -178.4    nan    nan  1.000  104.1  3.775  4.952  -42.5  -47.0
N  -66.2  -16.3  110.8 -178.8  -76.2    nan  1.066  107.2  3.796  5.357   72.1   86.6
A   74.0   21.4  109.2 -177.5    nan    nan  1.030   98.2  3.789  5.355 -119.1 -123.9
N  -93.2  147.8  106.4  174.5   58.4    nan  1.057  101.4  3.741  5.883   93.5  108.3
W  -89.8  178.3  110.7 -170.6   93.2    nan  1.059   90.4  3.748  5.691 -111.5 -115.3
L   75.2   89.6  106.0 -178.0  -76.4    nan  1.032   74.6  3.721  4.722   86.5   70.6
M  -80.2  164.9  114.6   58.9  177.2    nan  1.090   86.7  2.916  5.501  140.1   74.8
T -157.6  134.2  110.1  170.8   54.5  -69.3  1.046  137.6  3.853  5.519 -176.7 -176.0
E -133.7  130.4  106.7  175.7 -171.9    nan  1.002  127.3  3.775  5.702 -177.7  176.3
T -119.6  132.2  107.8  179.1   60.0  -61.2  0.995  121.9  3.760  5.790 -165.1 -170.5
E  -84.5  142.5  108.9  178.5  180.0    nan  1.067   96.9  3.708  5.753 -133.2 -133.3
L -113.4  146.1  106.2  178.8  -63.6    nan  0.986  118.2  3.758  5.638 -142.4 -154.4
N  -70.8  -35.4  113.5 -177.4   50.1    nan  1.161   92.9  3.764  5.681 -108.4 -102.3
S -164.1 -175.4  108.6 -178.1   65.4    nan  1.013  162.1  3.782  4.827  -21.0  -12.6
I  -63.0  -29.6  110.1 -179.3 -179.5   52.7  1.089  104.1  3.779  4.964  -58.1  -53.3
N  -59.2  -28.2  110.5 -178.6  -69.7    nan  1.036  108.0  3.795  5.604   89.7   98.0
N  -68.6  -20.8  111.0 -179.5  -67.6    nan  1.033  102.9  3.810  5.493   79.0   89.8
L  -68.8  153.6  110.8 -176.6  -61.5    nan  1.000   79.9  3.810  5.560   90.2   98.8
P  -72.0  154.0  108.7  176.5  -26.5    nan  0.997   81.7  3.736  5.281  -97.6 -101.8
P  -51.5  -42.2  113.6 -175.4   29.5    nan  1.018  104.5  3.757  5.356  -69.9  -75.8
A  -63.4  -41.5  109.3 -176.8    nan    nan  1.017   98.0  3.773  5.364   67.9   84.8
V  -68.0  -44.6  111.0 -177.4  178.0  -58.0  1.036   91.9  3.774  5.258   66.9   79.8
L  -63.3  -41.5  108.2 -175.0 -168.0    nan  1.024   98.8  3.769  5.254   70.6   83.2
T  -62.7  -42.3  109.3 -178.6  -59.8  179.4  1.009   98.1  3.770  5.378   73.7   83.3
A  -61.6  -40.2  109.1 -176.5    nan    nan  1.020  100.2  3.769  5.291   75.1   85.3
F  -62.0  -44.6  109.4 -178.2  175.0    nan  1.011   97.4  3.781  5.330   75.5   85.5
M  -62.8  -37.9  109.7 -176.8  -64.6    nan  1.005  100.1  3.788  5.298   71.4   82.0
E  -68.3  -33.0  111.3 -177.5  -65.2    nan  1.023   97.2  3.788  5.265   70.5   82.6
S  -68.8  169.6  112.8 -171.4   66.2    nan  1.061   73.1  3.794  5.342   75.5   92.6
S  -68.8  -27.2  109.4 -179.4  179.9    nan  1.013  100.4  3.775  5.107  -70.2  -78.5
Y  -70.8  -19.1  111.7 -178.0  -64.0    nan  1.098  101.3  3.796  5.360   71.0   89.1
N  -47.6  -38.8  113.1 -169.6 -178.3    nan  1.066  110.1  3.802  5.784  116.1  126.8
N  -94.2   32.5  110.8 -177.2   65.0    nan  1.023   97.4  3.767  5.205   41.9   60.2
W -101.3  161.3  107.0  178.6  -70.0    nan  0.993  106.1  3.783  5.936  105.3  113.6
V  -77.9  139.4  106.7  177.7  177.0  -58.2  0.989   91.4  3.763  5.311  -91.3  -97.3
V  -96.9  113.0  108.5 -177.9  175.9  -59.5  1.002  109.7  3.776  5.712 -132.5 -136.4
D  -76.5  -46.2  112.5  178.1  -69.0    nan  1.059   83.9  3.795  5.919 -138.8 -148.1
D -159.6  158.6  108.8 -175.8 -162.1    nan  1.002  156.0  3.773  4.607  -28.8  -16.3
V -136.7  132.2  106.5  177.3  177.5  -58.4  0.985  129.2  3.780  5.540 -157.9 -158.9
V -142.5  164.0  108.9 -179.2  -62.3   62.5  1.011  144.8  3.772  5.689  172.7  168.7
I -119.0  133.2  106.1  177.2  -60.1  175.3  0.972  120.6  3.756  5.403 -132.5 -134.9
L -117.4  135.4  107.2  176.5  -59.9    nan  1.024  120.8  3.748  5.775 -167.1 -166.0
E -122.7  144.8  106.9  179.4  -66.0    nan  0.990  125.6  3.763  5.751 -161.2 -169.2
Y -136.1  158.1  108.1 -175.8  -55.0    nan  0.972  138.5  3.779  5.684 -162.8 -170.8
P  -71.8  -17.0  111.2  176.4  -24.1    nan  1.002  101.4  3.754  5.232  -92.4  -95.4
N -117.7  166.4  109.1 -176.6   64.2    nan  1.028  121.4  3.784  5.196   29.8   55.2
E  -84.6  146.1  109.1 -177.2 -156.5    nan  1.011   95.9  3.769  5.340  -92.0  -94.5
P  -70.1  134.8  109.5   -1.9  -26.6    nan  1.018   89.0  2.842  4.773   57.1   39.0
S  -70.1  -31.5  112.6 -173.7   58.1    nan  1.068   95.8  3.770  5.818 -107.6 -114.4
T -131.2  137.5  109.8 -177.1  -58.3 -179.2  1.011  131.1  3.766  4.903   10.4   28.5
E -129.6  132.0  105.6  175.7  -62.1    nan  0.948  125.5  3.783  5.722 -168.2 -177.8
F -102.8  129.0  104.3  175.6  -66.6    nan  0.960  109.1  3.768  5.838 -150.3 -154.8
V -116.9  126.5  108.9 -177.2  179.1  -56.5  1.016  120.1  3.749  5.804 -166.1 -164.9
V -115.0  128.0  106.0  177.5  176.5  -58.8  0.969  117.2  3.746  5.761 -163.2 -172.9
T -103.7  126.4  106.2  179.5  -59.0 -179.7  0.990  111.0  3.754  5.800 -154.0 -157.0
V -127.9  153.8  107.7 -178.5  -62.9   61.3  1.008  131.1  3.761  5.783 -178.1  178.4
E -142.9  146.4  110.1 -178.6   59.4    nan  1.009  141.1  3.741  5.531 -165.9 -167.1
Q -149.7   71.5  104.9  170.5  -71.3    nan  0.985   81.4  3.751  5.580  173.6  168.6
G   86.7  -29.1  105.7 -179.3    nan    nan    nan  100.5  3.762    nan    nan  -29.3
K -128.2  160.2  105.3  178.7  -70.9    nan  0.967  130.7  3.762    nan    nan   27.1
K -123.2  138.7  109.7 -179.7  -74.7    nan  1.033  126.7  3.772  5.605 -145.5 -139.0
V -130.6  147.7  107.9  178.5   64.5 -171.7  1.010  132.5  3.756  5.675 -169.0 -174.7
D -109.6  123.0  106.4  176.7  -75.9    nan  0.991  113.9  3.766  5.648 -139.0 -144.8
L -105.8  131.6  107.4 -179.2  -62.8    nan  0.965  113.4  3.756  5.851 -154.5 -164.0
Y -110.5  123.8  106.7  179.9  -68.4    nan  0.970  114.8  3.761  5.804 -154.9 -161.1
F -120.5  148.0  108.5 -178.9  -69.9    nan  0.987  125.1  3.759  5.864 -172.1 -177.2
S  -81.8  171.3  105.5  174.9  176.9    nan  0.966   84.2  3.752  5.490 -108.5 -119.4
E  -62.4  -30.7  107.5  179.8  -71.2    nan  1.026  105.2  3.750  5.226  -67.3  -69.2
G  -64.2  -28.9  111.2 -179.6    nan    nan    nan  102.9  3.793    nan    nan   90.7
G  106.2    5.2  108.6 -177.4    nan    nan    nan   72.2  3.785    nan    nan -105.2
G  -78.1  147.3  108.2  177.8    nan    nan    nan   89.5  3.764    nan    nan  110.1
L  -93.4  104.7  106.8  179.7 -179.8    nan  0.998  107.1  3.762    nan    nan -126.7
L  -70.7  -45.9  110.9 -179.7  -68.5    nan  1.051   89.3  3.768  6.012 -139.4 -148.3
H -161.8  157.8  108.3 -177.1 -180.0    nan  0.995  156.4  3.743  4.599  -31.1  -19.7
E -139.3  133.6  104.3  176.4   60.7    nan  0.978  129.7  3.721  5.531 -163.1 -163.0
K -129.2  156.4  108.5 -177.4   46.4    nan  1.036  132.7  3.704  5.724 -174.8 -173.5
D  -94.9  115.3  106.6  179.5 -170.7    nan  0.978  107.1  3.742  5.508 -111.9 -118.7
V -113.6   40.2  108.6  179.8  -64.3   59.7  1.006   83.3  3.738  5.887 -178.4 -177.6
T  -67.3  -41.5  108.6  179.6  -60.5  178.6  1.011   95.4  3.767  6.056  151.1  154.2
N -118.7  151.9  108.1 -177.1  -59.4    nan  0.968  123.5  3.748  4.907   15.6   30.6
G   84.8 -172.1  110.7  173.8    nan    nan    nan   87.6  3.740    nan    nan   42.1
D  -63.6  117.0  109.6 -176.2 -162.5    nan  1.016   93.8  3.761    nan    nan  -48.1
D  -77.6  -21.1  110.6  176.8   63.8    nan  1.046   94.4  3.788  5.936 -134.7 -147.7
T  -70.6  165.2  113.8 -170.2   65.8  -54.3  1.081   77.0  3.800  5.474   85.7  103.1
H -110.7  137.1  108.1 -175.8  -50.5    nan  0.979  117.1  3.773  5.355 -115.5 -123.3
W -122.9  169.2  107.5 -178.5  -63.1    nan  1.019  125.5  3.748  5.742 -166.0 -165.9
P  -65.9  152.3  110.9 -178.4  -29.0    nan  1.034   77.9  3.715  5.079  -73.6  -73.6
R  -63.5  -41.1  108.4 -178.4  -69.7    nan  1.022   98.6  3.767  5.578  -83.8  -93.1
V  -82.6    nan  104.9  178.0  172.9  -63.1  0.961    nan  3.743  5.269   51.2   61.5
