9, 1, 7229.53
9, 2, 7237.98
9, 3, 7233.39
9, 4, 7206.64
9, 5, 7200.27
9, 6, 7195.02
9, 7, 7193.54
9, 8, 7244.36
9, 9, 7184.47
9, 10, 7184.15
9, 11, 7183.48
9, 12, 7182.61
9, 13, 7182.92
9, 14, 7181.93
9, 15, 7177.68
9, 16, 7200.06
9, 17, 7181.15
9, 18, 7182.87
9, 19, 7178.25
9, 20, 7176.56
9, 21, 7180.64
9, 22, 7185.86
9, 23, 7178.9
9, 24, 7183.2
9, 25, 7182.45
9, 26, -85.53
9, 27, 7197.03
9, 28, 7212.27
9, 29, 7167.78
9, 30, 7195.07
9, 31, 7188.05
9, 32, 7196.24
9, 33, 7186.25
9, 34, 7188.73
9, 35, 7192.46
9, 36, 7191.81
9, 37, 7187.12
9, 38, 7197.45
9, 39, 7194.96
9, 40, 7197.53
9, 41, 7192.89
9, 42, 7195.67
9, 43, 7191.06
9, 44, 7201.26
9, 45, 7209.01
9, 46, 7194.19
9, 47, 7183.65
9, 48, -101.41
9, 49, 7158.87
9, 50, -100.03
9, 51, 7170.88
9, 52, 7175.37
9, 53, 7164.63
9, 54, 7214.0
9, 55, -100.37
9, 56, 7184.39
9, 57, 7168.02
9, 58, 7185.13
9, 59, -94.08
9, 60, 7179.28
9, 61, 7179.89
9, 62, 7164.72
9, 63, 7175.87
9, 64, 7160.63
9, 65, 7213.51
9, 66, 7190.92
9, 67, 7175.94
9, 68, 7190.81
9, 69, 7172.43
9, 70, 7198.85
9, 71, 7187.08
9, 72, 7198.8
9, 73, 7185.42
9, 74, 7242.4
9, 75, 7180.32
9, 76, 7179.36
9, 77, -56.29
9, 78, -106.2
9, 79, 7173.36
9, 80, 7184.09
9, 81, 7181.16
9, 82, 7176.45
9, 83, 7167.5
9, 84, -118.45
9, 85, -116.69
9, 86, 7171.28
9, 87, 7177.45
9, 88, 7174.5
9, 89, -115.99
9, 90, 7160.53
9, 91, 7167.63
9, 92, 7146.96
9, 93, 7135.61
9, 94, 7164.13
9, 95, 7182.44
9, 96, 7154.82
9, 97, 7175.75
9, 98, 7176.36
9, 99, 7168.88
9, 100, 7174.67
9, 101, 7161.84
9, 102, 7164.14
9, 103, 7165.42
9, 104, 7181.64
9, 105, 7165.99
9, 106, 7157.39
9, 107, 7172.03
9, 108, 7141.05
9, 109, 7186.08
9, 110, 7173.88
9, 111, 7166.44
9, 112, 7179.16
9, 113, 7165.0
9, 114, 7178.49
9, 115, 7144.74
9, 116, 7154.83
9, 117, 7163.84
9, 118, -119.68
9, 119, -100.45
9, 120, 7194.04
9, 121, 7165.18
9, 122, 7152.05
9, 123, 7156.93
9, 124, 7162.19
9, 125, 7146.49
9, 126, 7170.64
9, 127, 7158.29
9, 128, 7178.48
9, 129, -122.06
9, 130, 7160.22
9, 131, 7161.6
9, 132, 7161.3
9, 133, 7145.81
9, 134, 7138.81
9, 135, 7160.85
9, 136, 7157.13
9, 137, 7158.35
9, 138, 7170.27
9, 139, 7163.91
9, 140, -114.65
9, 141, 7144.86
9, 142, 7164.65
9, 143, 7147.19
9, 144, 7152.82
9, 145, 7170.04
9, 146, 7163.4
9, 147, 7174.74
9, 148, 7177.45
9, 149, -114.53
9, 150, 7156.93
9, 151, 7167.4
9, 152, 7171.65
9, 153, 7180.39
9, 154, 7162.33
9, 155, 7179.73
9, 156, 7154.94
9, 157, -111.8
9, 158, 7179.66
9, 159, 7174.74
9, 160, 7185.18
9, 161, 7175.95
9, 162, 7164.21
9, 163, 7177.13
9, 164, 7198.46
9, 165, 7167.88
9, 166, 7170.94
9, 167, 7165.36
9, 168, 7170.56
9, 169, 7158.78
9, 170, 7169.93
9, 171, -106.91
9, 172, 7180.16
9, 173, 7177.82
9, 174, 7179.96
9, 175, 7163.8
9, 176, 7189.66
9, 177, 7171.17
9, 178, 7169.62
9, 179, 7180.02
9, 180, -94.75
9, 181, 7231.28
9, 182, 7185.39
9, 183, 7181.37
9, 184, -106.84
9, 185, 7183.36
9, 186, 7166.32
9, 187, 7177.28
9, 188, 7216.34
9, 189, 7167.76
9, 190, 7164.63
9, 191, -120.6
9, 192, 7157.65
9, 193, 7155.89
9, 194, 7145.46
9, 195, 7165.61
9, 196, 7163.99
9, 197, 7154.86
9, 198, 7145.48
9, 199, 7184.29
9, 200, -108.97
9, 201, -108.3
9, 202, 7164.66
9, 203, 7177.89
9, 204, 7187.55
9, 205, 7173.21
9, 206, 7177.94
9, 207, 7175.48
9, 208, 7164.01
9, 209, 7172.27
9, 210, 7168.65
9, 211, 7172.93
9, 212, 7181.56
9, 213, 7163.74
9, 214, 7199.53
9, 215, 7176.73
9, 216, -112.65
9, 217, 7173.17
9, 218, 7180.62
9, 219, 7164.76
9, 220, 7150.97
9, 221, 7185.74
9, 222, 7163.82
9, 223, 7178.48
9, 224, 7169.73
9, 225, 7163.59
9, 226, 7174.91
9, 227, 7151.93
9, 228, 7168.55
9, 229, 7161.84
9, 230, 7170.93
9, 231, 7178.19
9, 232, 7166.08
9, 233, 7174.86
9, 234, 7160.21
9, 235, 7188.74
9, 236, 7173.58
9, 237, 7161.34
9, 238, 7162.68
9, 239, 7203.4
9, 240, 7163.71
9, 241, -52.29
9, 242, 7166.56
9, 243, 7175.65
9, 244, -110.57
9, 245, 7176.69
9, 246, 7165.82
9, 247, 7145.57
9, 248, 7163.58
9, 249, 7162.96
9, 250, -91.14
9, 251, 7157.63
9, 252, 7170.77
9, 253, 7163.17
9, 254, 7158.25
9, 255, -97.72
9, 256, 7160.21
9, 257, 7165.19
9, 258, 7161.92
9, 259, 7160.41
9, 260, -102.26
9, 261, 7181.26
9, 262, 7169.36
9, 263, 7172.96
9, 264, 7181.88
9, 265, 7183.58
9, 266, -65.01
9, 267, 7177.7
9, 268, -103.1
9, 269, 7181.76
9, 270, 7167.89
9, 271, 7184.51
9, 272, 7174.86
9, 273, -108.02
9, 274, 7169.43
9, 275, 7164.35
9, 276, 7167.76
9, 277, 7168.01
9, 278, 7170.97
9, 279, 7172.31
9, 280, 7167.09
9, 281, 7151.5
9, 282, 7174.22
9, 283, 7155.34
9, 284, 7177.69
9, 285, 7186.47
9, 286, 7188.91
9, 287, 7173.82
9, 288, 7211.01
9, 289, -117.54
9, 290, 7156.02
9, 291, 7175.96
9, 292, 7159.41
9, 293, 7158.97
9, 294, 7157.08
9, 295, 7154.24
9, 296, 7158.77
9, 297, -104.95
9, 298, 7160.41
9, 299, 7156.42
9, 300, 7160.95
9, 301, 7169.75
9, 302, 7167.32
9, 303, 7152.89
9, 304, 7164.11
9, 305, 7168.01
9, 306, 7160.65
9, 307, 7171.61
9, 308, 7163.13
9, 309, 7158.74
9, 310, 7165.57
9, 311, 7153.49
9, 312, 7175.93
9, 313, 7156.76
9, 314, -126.65
9, 315, 7169.93
9, 316, -127.41
9, 317, -124.97
9, 318, 7153.47
9, 319, -128.18
9, 320, 7157.92
9, 321, 7157.99
9, 322, 7155.3
9, 323, 7147.49
9, 324, 7147.06
9, 325, 7151.53
9, 326, 7149.48
9, 327, 7159.23
9, 328, -120.92
9, 329, 7153.67
9, 330, 7166.15
9, 331, 7161.8
9, 332, 7175.73
9, 333, 7166.13
9, 334, 7157.67
9, 335, 7189.27
9, 336, 7161.51
9, 337, 7154.02
9, 338, 7168.68
9, 339, 7158.1
9, 340, 7162.09
9, 341, 7179.85
9, 342, 7161.38
9, 343, 7153.53
9, 344, 7167.34
9, 345, 7167.26
9, 346, 7160.04
9, 347, 7175.04
9, 348, 7161.66
9, 349, 7175.65
9, 350, 7165.82
9, 351, -121.34
9, 352, 7157.52
9, 353, 7169.25
9, 354, 7165.16
9, 355, -105.21
9, 356, -112.56
9, 357, -105.63
9, 358, 7163.38
9, 359, 7159.36
9, 360, 7154.92
9, 361, 7160.91
9, 362, -121.3
9, 363, 7159.56
9, 364, 7157.15
9, 365, 7171.73
9, 366, 7158.83
9, 367, 7160.08
9, 368, 7157.21
9, 369, 7161.73
9, 370, 7145.74
9, 371, 7162.85
9, 372, 7161.57
9, 373, 7162.93
9, 374, 7154.12
9, 375, -117.61
9, 376, 7163.66
9, 377, -119.15
9, 378, 7155.82
9, 379, -49.57
9, 380, -121.58
9, 381, 7181.51
9, 382, -108.57
9, 383, 7161.55
9, 384, 7157.75
9, 385, 7149.96
9, 386, 7150.35
9, 387, 7143.32
9, 388, 7150.58
9, 389, 7159.95
9, 390, 7149.56
9, 391, 7152.66
9, 392, -122.43
9, 393, 7148.0
9, 394, 7155.78
9, 395, 7165.86
9, 396, 7156.51
9, 397, 7161.25
9, 398, 7173.54
9, 399, 7170.41
9, 400, -121.24
9, 401, 7153.21
9, 402, 7153.02
9, 403, 7164.04
9, 404, 7156.05
9, 405, 7143.64
9, 406, 7157.53
9, 407, 7154.99
9, 408, 7215.37
9, 409, 7167.29
9, 410, 7156.94
9, 411, 7154.45
9, 412, 7188.38
9, 413, 7159.54
9, 414, 7160.16
9, 415, 7171.51
9, 416, 7157.84
9, 417, 7152.96
9, 418, 7155.36
9, 419, 7170.93
9, 420, 7159.71
9, 421, 7170.26
9, 422, 7153.4
9, 423, 7148.78
9, 424, 7181.01
9, 425, 7175.04
9, 426, 7169.37
9, 427, -119.62
9, 428, 7153.56
9, 429, -108.09
9, 430, 7158.7
9, 431, 7161.58
9, 432, 7159.49
9, 433, 7165.22
9, 434, 7153.15
9, 435, 7153.2
9, 436, -104.91
9, 437, 7156.86
9, 438, 7186.66
9, 439, 7156.17
9, 440, 7153.73
9, 441, -79.25
9, 442, 7157.77
9, 443, 7160.89
9, 444, -124.17
9, 445, 7157.54
9, 446, 7150.77
9, 447, 7153.59
9, 448, 7171.6
9, 449, 7163.29
9, 450, 7159.3
9, 451, 7176.59
9, 452, 7159.99
9, 453, 7164.44
9, 454, 7153.59
9, 455, 7160.88
9, 456, 7157.04
9, 457, -120.07
9, 458, 7169.6
9, 459, 7152.17
9, 460, 7146.04
9, 461, 7163.44
9, 462, 7161.02
9, 463, 7153.26
9, 464, 7163.32
9, 465, -96.63
9, 466, 7159.21
9, 467, 7148.16
9, 468, 7153.57
9, 469, -127.87
9, 470, 7151.17
9, 471, 7152.62
9, 472, 7162.8
9, 473, 7157.39
9, 474, -118.38
9, 475, 7155.49
9, 476, -128.2
9, 477, 7145.22
9, 478, 7151.65
9, 479, -136.13
9, 480, 7140.38
9, 481, 7142.46
9, 482, 7153.06
9, 483, 7143.5
9, 484, 7156.69
9, 485, 7144.12
9, 486, 7137.68
9, 487, 7160.88
9, 488, 7144.68
9, 489, 7138.57
9, 490, 7142.85
9, 491, 7145.29
9, 492, 7141.34
9, 493, 7141.9
9, 494, 7151.13
9, 495, 7143.16
9, 496, -137.89
9, 497, 7142.86
9, 498, 7128.89
9, 499, 7140.69
9, 500, 7147.47
9, 501, -122.96
9, 502, 7136.52
9, 503, 7143.32
9, 504, 7139.15
9, 505, 7132.08
9, 506, 7142.85
9, 507, 7154.14
9, 508, -142.54
9, 509, 7130.13
9, 510, 7135.94
9, 511, 7141.79
9, 512, 7138.88
9, 513, 7152.94
9, 514, 7146.87
9, 515, 7137.62
9, 516, 7135.98
9, 517, 7146.89
9, 518, 7133.25
9, 519, 7150.41
9, 520, 7131.85
9, 521, 7138.3
9, 522, 7146.49
9, 523, 7136.61
9, 524, 7151.73
9, 525, 7161.55
9, 526, 7138.51
9, 527, 7137.22
9, 528, 7133.83
9, 529, -121.12
9, 530, 7143.3
9, 531, 7137.24
9, 532, 7140.11
9, 533, 7139.8
9, 534, 7131.71
9, 535, -118.99
9, 536, 7136.47
9, 537, 7132.83
9, 538, 7143.3
9, 539, 7149.04
9, 540, -148.17
9, 541, 7126.4
9, 542, 7124.45
9, 543, 7130.95
9, 544, 7127.54
9, 545, 7128.5
9, 546, 7139.14
9, 547, 7141.46
9, 548, 7128.06
9, 549, 7137.6
9, 550, -149.18
9, 551, 7136.04
9, 552, 7125.19
9, 553, 7127.12
9, 554, 7150.52
9, 555, 7140.54
9, 556, 7136.13
9, 557, 7140.73
9, 558, 7135.51
9, 559, 7129.08
9, 560, 7130.31
9, 561, 7129.64
9, 562, 7135.65
9, 563, 7148.47
9, 564, 7136.39
9, 565, 7132.88
9, 566, 7132.23
9, 567, 7121.36
9, 568, 7127.95
9, 569, 7126.92
9, 570, 7134.6
9, 571, 7124.32
9, 572, 7133.36
9, 573, 7123.93
9, 574, 7129.37
9, 575, 7128.97
9, 576, 7125.02
9, 577, 7124.82
9, 578, 7124.81
9, 579, 7134.99
9, 580, 7131.21
9, 581, 7132.13
9, 582, 7128.84
9, 583, 7128.76
9, 584, 7139.53
9, 585, 7138.94
9, 586, -158.12
9, 587, 7120.66
9, 588, 7126.71
9, 589, 7122.2
9, 590, 7117.97
9, 591, 7124.45
9, 592, 7122.08
9, 593, 7123.36
9, 594, -157.13
9, 595, -144.72
9, 596, 7120.96
9, 597, 7138.11
9, 598, 7119.34
9, 599, 7120.84
9, 600, 7142.93
9, 601, 7125.34
9, 602, 7126.7
9, 603, 7120.96
9, 604, 7117.47
9, 605, 7143.54
9, 606, 7124.42
9, 607, 7153.07
9, 608, 7116.32
9, 609, -155.97
9, 610, 7124.4
9, 611, 7130.0
9, 612, 7119.2
9, 613, 7123.12
9, 614, 7123.12
9, 615, 7120.49
9, 616, 7119.56
9, 617, 7128.99
9, 618, 7117.59
9, 619, 7120.76
9, 620, -153.96
9, 621, 7115.01
9, 622, 7121.2
9, 623, 7120.64
9, 624, 7127.45
9, 625, 7130.68
9, 626, 7127.69
9, 627, 7119.06
9, 628, 7127.1
9, 629, 7123.06
9, 630, 7115.54
9, 631, 7140.11
9, 632, 7119.99
9, 633, 7119.05
9, 634, 7120.07
9, 635, 7129.83
9, 636, 7123.45
9, 637, 7128.87
9, 638, 7143.12
9, 639, 7130.16
9, 640, 7129.6
9, 641, 7129.41
9, 642, 7115.63
9, 643, 7133.25
9, 644, 7123.65
9, 645, 7123.3
9, 646, 7120.38
9, 647, 7118.11
9, 648, 7127.53
9, 649, 7119.78
9, 650, 7128.29
9, 651, 7117.68
9, 652, 7124.83
9, 653, 7140.04
9, 654, 7129.19
9, 655, 7137.96
9, 656, 7117.99
9, 657, 7122.41
9, 658, 7129.59
9, 659, 7120.04
9, 660, 7123.18
9, 661, 7125.47
9, 662, 7121.34
9, 663, 7147.7
9, 664, 7128.17
9, 665, 7120.08
9, 666, 7132.48
9, 667, 7120.73
9, 668, 7132.07
9, 669, -158.77
9, 670, 7119.3
9, 671, 7120.58
9, 672, 7114.2
9, 673, 7130.98
9, 674, -159.28
9, 675, 7141.25
9, 676, 7123.47
9, 677, 7119.84
9, 678, 7120.75
9, 679, 7139.26
9, 680, 7117.26
9, 681, 7171.29
9, 682, 7117.96
9, 683, 7120.81
9, 684, 7126.18
9, 685, 7126.06
9, 686, 7132.37
9, 687, 7119.45
9, 688, 7122.02
9, 689, 7116.65
9, 690, 7128.24
9, 691, 7151.42
9, 692, 7128.12
9, 693, 7123.71
9, 694, 7124.76
9, 695, 7117.78
9, 696, 7155.03
9, 697, 7128.7
9, 698, 7138.66
9, 699, 7110.68
9, 700, 7123.74
9, 701, 7119.03
9, 702, 7126.29
9, 703, -145.8
9, 704, 7124.84
9, 705, 7118.49
9, 706, -118.98
9, 707, 7121.13
9, 708, 7129.0
9, 709, -148.87
9, 710, 7140.01
9, 711, 7135.72
9, 712, 7124.87
9, 713, -152.96
9, 714, -139.14
9, 715, 7138.39
9, 716, 7118.33
9, 717, 7137.71
9, 718, 7117.87
9, 719, 7127.5
9, 720, 7133.09
9, 721, 7132.76
9, 722, 7124.1
9, 723, 7116.82
9, 724, 7160.37
9, 725, -130.53
9, 726, 7120.33
9, 727, 7139.65
9, 728, 7130.06
9, 729, 7117.92
9, 730, 7113.89
9, 731, 7135.7
9, 732, 7132.68
9, 733, -131.26
9, 734, -146.49
9, 735, 7141.51
9, 736, 7121.34
9, 737, 7139.27
9, 738, 7127.23
9, 739, 7130.08
9, 740, 7126.07
9, 741, 7130.08
9, 742, 7112.72
9, 743, 7124.67
9, 744, 7126.17
9, 745, 7118.77
9, 746, 7138.06
9, 747, 7107.17
9, 748, 7142.08
9, 749, 7115.93
9, 750, 7116.46
9, 751, 7113.28
9, 752, 7131.23
9, 753, 7148.79
9, 754, 7113.48
9, 755, -155.03
9, 756, 7132.53
9, 757, 7162.47
9, 758, 7120.89
9, 759, -167.74
9, 760, 7127.44
9, 761, 7104.14
9, 762, 7131.19
9, 763, 7129.6
9, 764, 7126.55
9, 765, -146.38
9, 766, 7149.1
9, 767, -117.32
9, 768, 7114.74
9, 769, 7113.43
9, 770, 7124.41
9, 771, 7113.19
9, 772, 7101.0
9, 773, 7121.11
9, 774, 7108.99
9, 775, -162.65
9, 776, 7109.94
9, 777, 7109.66
9, 778, 7125.31
9, 779, 7117.0
9, 780, 7120.64
9, 781, 7105.27
9, 782, 7114.07
9, 783, -166.85
9, 784, 7130.61
9, 785, 7110.71
9, 786, -158.42
9, 787, 7118.45
9, 788, 7120.32
9, 789, 7111.25
9, 790, 7125.62
9, 791, 7125.3
9, 792, 7122.19
9, 793, 7131.81
9, 794, 7172.46
9, 795, 7126.91
9, 796, -162.8
9, 797, -161.22
9, 798, 7116.06
9, 799, 7120.26
9, 800, 7150.95
9, 801, 7104.36
9, 802, 7126.1
9, 803, 7120.35
9, 804, 7116.87
9, 805, 7110.02
9, 806, -144.94
9, 807, 7119.78
9, 808, 7148.59
9, 809, 7125.0
9, 810, 7124.56
9, 811, 7129.49
9, 812, 7129.25
9, 813, 7117.36
9, 814, 7114.19
9, 815, 7116.65
9, 816, 7121.52
9, 817, 7116.34
9, 818, -158.48
9, 819, 7125.86
9, 820, 7120.04
9, 821, 7106.33
9, 822, 7111.69
9, 823, -130.27
9, 824, 7105.42
9, 825, 7122.55
9, 826, 7122.15
9, 827, -159.72
9, 828, 7130.62
9, 829, 7152.1
9, 830, -166.63
9, 831, 7117.62
9, 832, 7111.62
9, 833, 7114.43
9, 834, 7112.0
9, 835, 7130.61
9, 836, 7111.67
9, 837, -153.59
9, 838, 7115.98
9, 839, 7129.09
9, 840, 7122.51
9, 841, 7107.3
9, 842, 7105.94
9, 843, 7110.26
9, 844, -155.55
9, 845, 7103.65
9, 846, 7116.26
9, 847, 7118.76
9, 848, -172.81
9, 849, 7116.24
9, 850, 7111.78
9, 851, 7115.34
9, 852, 7124.92
9, 853, 7113.31
9, 854, 7110.23
9, 855, 7117.25
9, 856, 7112.24
9, 857, 7106.58
9, 858, 7117.21
9, 859, 7113.75
9, 860, 7104.84
9, 861, 7107.48
9, 862, 7107.57
9, 863, 7104.72
9, 864, 7111.3
9, 865, -161.87
9, 866, 7112.87
9, 867, -167.82
9, 868, 7108.17
9, 869, 7108.73
9, 870, 7136.56
9, 871, 7106.92
9, 872, 7117.22
9, 873, -171.78
9, 874, 7136.6
9, 875, 7107.75
9, 876, 7086.39
9, 877, 7098.85
9, 878, 7103.4
9, 879, 7109.23
9, 880, 7112.76
9, 881, 7112.55
9, 882, 7101.76
9, 883, 7112.18
9, 884, 7109.58
9, 885, 7112.36
9, 886, 7115.81
9, 887, 7110.84
9, 888, 7112.59
9, 889, 7116.7
9, 890, 7109.99
9, 891, 7122.7
9, 892, 7125.93
9, 893, 7123.68
9, 894, 7109.47
9, 895, 7104.32
9, 896, 7136.26
9, 897, -179.74
9, 898, 7096.77
9, 899, 7147.73
9, 900, 7100.88
9, 901, 7104.8
9, 902, 7110.17
9, 903, 7125.96
9, 904, 7102.83
9, 905, 7104.32
9, 906, 7106.24
9, 907, 7115.24
9, 908, 7114.54
9, 909, 7140.29
9, 910, 7108.64
9, 911, 7109.68
9, 912, 7105.77
9, 913, 7103.18
9, 914, -178.23
9, 915, 7128.55
9, 916, -176.31
9, 917, 7110.53
9, 918, 7116.29
9, 919, 7115.93
9, 920, 7103.7
9, 921, 7101.24
9, 922, -172.8
9, 923, 7118.29
9, 924, -166.33
9, 925, 7098.41
9, 926, 7092.87
9, 927, -175.13
9, 928, 7105.92
9, 929, 7109.96
9, 930, 7101.48
9, 931, 7098.32
9, 932, 7109.98
9, 933, 7110.54
9, 934, 7103.48
9, 935, 7106.23
9, 936, 7100.59
9, 937, 7104.15
9, 938, 7100.38
9, 939, -175.93
9, 940, -171.3
9, 941, 7101.27
9, 942, 7100.89
9, 943, 7106.06
9, 944, 7102.68
9, 945, 7101.53
9, 946, 7118.33
9, 947, -159.96
9, 948, -172.12
9, 949, 7102.6
9, 950, 7101.99
9, 951, 7108.35
9, 952, 7122.69
9, 953, 7108.87
9, 954, 7111.73
9, 955, 7116.01
9, 956, 7124.8
9, 957, 7111.21
9, 958, 7105.05
9, 959, 7100.98
9, 960, 7101.92
9, 961, 7106.27
9, 962, 7101.46
9, 963, 7112.91
9, 964, 7110.29
9, 965, 7114.45
9, 966, -165.0
9, 967, 7101.62
9, 968, 7115.68
9, 969, -180.98
9, 970, 7103.46
9, 971, 7140.25
9, 972, 7105.68
9, 973, -178.84
9, 974, 7108.05
9, 975, -171.47
9, 976, 7101.84
9, 977, 7089.83
9, 978, -173.22
9, 979, 7095.08
9, 980, 7101.24
9, 981, 7105.73
9, 982, 7101.67
9, 983, 7098.82
9, 984, 7123.34
9, 985, 7115.75
9, 986, -161.1
9, 987, 7105.07
9, 988, 7095.48
9, 989, 7109.4
9, 990, 7105.27
9, 991, 7088.72
9, 992, 7104.14
9, 993, 7104.02
9, 994, 7103.08
9, 995, 7116.62
9, 996, 7117.96
9, 997, 7105.64
9, 998, 7098.23
9, 999, 7094.5
9, 1000, 7138.8
9000, 969, -180.98
3, 1, -176.46
3, 2, 7105.22
3, 3, 7107.5
3, 4, 7111.79
3, 5, 7104.48
3, 6, 7107.03
3, 7, 7098.26
3, 8, 7103.39
3, 9, 7100.61
3, 10, 7102.89
3, 11, 7096.55
3, 12, 7108.9
3, 13, 7097.29
3, 14, 7098.44
3, 15, 7107.25
3, 16, 7098.04
3, 17, 7101.18
3, 18, 7103.11
3, 19, 7097.03
3, 20, 7098.2
3, 21, 7103.65
3, 22, 7099.81
3, 23, 7098.62
3, 24, 7093.99
3, 25, -160.4
3, 26, 7100.11
3, 27, 7135.77
3, 28, 7099.45
3, 29, 7100.22
3, 30, 7130.66
3, 31, 7094.76
3, 32, 7103.84
3, 33, 7096.11
3, 34, -181.11
3, 35, 7102.41
3, 36, 7099.73
3, 37, -170.62
3, 38, 7104.08
3, 39, 7101.17
3, 40, 7100.51
3, 41, 7098.15
3, 42, 7101.85
3, 43, 7118.59
3, 44, 7098.59
3, 45, 7108.15
3, 46, 7100.25
3, 47, 7099.87
3, 48, 7100.25
3, 49, 7170.01
3, 50, -175.88
3, 51, 7124.37
3, 52, 7107.52
3, 53, 7098.86
3, 54, 7102.51
3, 55, 7101.53
3, 56, 7098.9
3, 57, 7100.18
3, 58, 7103.55
3, 59, 7103.24
3, 60, 7095.48
3, 61, 7103.59
3, 62, 7098.88
3, 63, 7117.22
3, 64, 7100.44
3, 65, 7100.78
3, 66, 7107.32
3, 67, 7102.37
3, 68, 7104.09
3, 69, 7103.94
3, 70, 7098.84
3, 71, 7098.46
3, 72, 7097.85
3, 73, 7103.08
3, 74, 7105.06
3, 75, 7100.61
3, 76, 7121.76
3, 77, 7097.37
3, 78, 7103.01
3, 79, 7100.25
3, 80, 7099.35
3, 81, 7117.85
3, 82, 7098.55
3, 83, -180.58
3, 84, 7102.09
3, 85, 7095.28
3, 86, 7101.69
3, 87, 7096.69
3, 88, 7098.22
3, 89, 7102.29
3, 90, 7107.06
3, 91, 7106.27
3, 92, 7099.06
3, 93, 7098.72
3, 94, 7096.05
3, 95, 7096.89
3, 96, 7101.94
3, 97, 7126.15
3, 98, 7097.04
3, 99, 7095.41
3, 100, 7102.13
3, 101, 7103.32
3, 102, 7113.2
3, 103, 7100.17
3, 104, 7107.73
3, 105, -175.58
3, 106, 7115.21
3, 107, 7098.48
3, 108, -180.45
3, 109, -181.02
3, 110, 7107.33
3, 111, 7102.68
3, 112, 7094.3
3, 113, 7099.06
3, 114, 7098.32
3, 115, 7103.8
3, 116, -178.17
3, 117, 7108.87
3, 118, -178.96
3, 119, 7101.7
3, 120, 7102.88
3, 121, 7119.47
3, 122, 7098.28
3, 123, 7104.29
3, 124, -178.59
3, 125, 7095.68
3, 126, -186.18
3, 127, 7100.29
3, 128, 7102.44
3, 129, 7097.03
3, 130, 7098.75
3, 131, -179.11
3, 132, 7105.76
3, 133, 7107.27
3, 134, -175.31
3, 135, 7120.39
3, 136, 7102.15
3, 137, 7100.93
3, 138, 7103.9
3, 139, 7116.33
3, 140, 7110.52
3, 141, 7092.95
3, 142, 7105.72
3, 143, 7097.5
3, 144, 7096.97
3, 145, 7098.94
3, 146, -173.74
3, 147, 7101.02
3, 148, 7121.36
3, 149, 7104.18
3, 150, 7096.29
3, 151, -182.17
3, 152, 7108.27
3, 153, 7102.09
3, 154, 7106.87
3, 155, 7090.82
3, 156, -146.62
3, 157, -177.64
3, 158, 7119.24
3, 159, 7099.34
3, 160, 7103.34
3, 161, 7097.85
3, 162, 7105.39
3, 163, 7106.64
3, 164, 7099.18
3, 165, 7098.06
3, 166, 7099.24
3, 167, 7103.03
3, 168, 7099.82
3, 169, -181.5
3, 170, 7104.14
3, 171, 7098.38
3, 172, -181.03
3, 173, 7100.56
3, 174, 7099.44
3, 175, 7100.63
3, 176, 7102.38
3, 177, 7116.67
3, 178, 7099.9
3, 179, -175.02
3, 180, 7101.16
3, 181, 7098.41
3, 182, 7098.18
3, 183, 7099.91
3, 184, 7099.7
3, 185, 7095.74
3, 186, 7103.76
3, 187, 7100.17
3, 188, 7086.58
3, 189, 7100.08
3, 190, 7097.84
3, 191, 7108.87
3, 192, 7100.51
3, 193, 7101.92
3, 194, 7106.89
3, 195, -174.76
3, 196, 7099.02
3, 197, 7102.2
3, 198, 7102.57
3, 199, 7100.23
3, 200, -148.76
3, 201, 7101.26
3, 202, 7102.15
3, 203, 7102.65
3, 204, 7099.12
3, 205, 7101.64
3, 206, 7107.64
3, 207, 7101.7
3, 208, 7098.41
3, 209, 7101.3
3, 210, 7103.03
3, 211, 7102.15
3, 212, 7102.67
3, 213, -179.05
3, 214, 7101.47
3, 215, 7099.98
3, 216, 7098.12
3, 217, 7099.04
3, 218, 7097.96
3, 219, 7092.51
3, 220, 7101.81
3, 221, 7114.98
3, 222, -173.11
3, 223, 7100.18
3, 224, 7099.72
3, 225, 7097.21
3, 226, 7144.54
3, 227, 7095.53
3, 228, 7093.3
3, 229, -178.61
3, 230, 7100.47
3, 231, 7109.65
3, 232, 7107.91
3, 233, 7098.31
3, 234, -174.13
3, 235, 7109.56
3, 236, 7097.28
3, 237, 7102.75
3, 238, 7100.46
3, 239, 7104.69
3, 240, -178.96
3, 241, 7097.31
3, 242, 7119.53
3, 243, 7097.46
3, 244, 7086.91
3, 245, 7126.9
3, 246, -168.36
3, 247, 7112.0
3, 248, 7105.11
3, 249, 7098.39
3, 250, 7102.17
3, 251, 7100.25
3, 252, 7137.51
3, 253, 7113.46
3, 254, -166.1
3, 255, -179.97
3, 256, 7108.59
3, 257, 7129.31
3, 258, 7101.89
3, 259, 7098.05
3, 260, 7108.0
3, 261, 7100.96
3, 262, 7101.7
3, 263, 7104.21
3, 264, 7113.72
3, 265, 7104.15
3, 266, 7105.6
3, 267, 7099.7
3, 268, 7102.58
3, 269, 7100.64
3, 270, 7099.27
3, 271, 7100.37
3, 272, 7097.78
3, 273, 7101.61
3, 274, -182.28
3, 275, 7103.03
3, 276, 7104.48
3, 277, 7105.77
3, 278, 7104.35
3, 279, 7099.72
3, 280, 7098.91
3, 281, 7098.7
3, 282, 7102.44
3, 283, 7103.01
3, 284, 7103.92
3, 285, -177.53
3, 286, 7106.2
3, 287, 7101.47
3, 288, 7099.17
3, 289, 7099.66
3, 290, -175.41
3, 291, -171.57
3, 292, 7113.73
3, 293, 7126.19
3, 294, -160.8
3, 295, 7098.81
3, 296, 7097.64
3, 297, 7109.11
3, 298, 7107.61
3, 299, 7093.04
3, 300, 7103.61
3, 301, 7098.98
3, 302, 7100.08
3, 303, 7100.49
3, 304, 7100.58
3, 305, 7097.84
3, 306, 7101.42
3, 307, -180.73
3, 308, 7105.07
3, 309, 7106.63
3, 310, 7102.38
3, 311, 7119.54
3, 312, 7100.92
3, 313, 7104.52
3, 314, 7103.95
3, 315, 7094.82
3, 316, 7099.97
3, 317, 7099.34
3, 318, 7102.07
3, 319, -181.97
3, 320, 7100.26
3, 321, 7109.88
3, 322, -175.53
3, 323, 7100.95
3, 324, 7099.42
3, 325, 7114.96
3, 326, 7097.08
3, 327, 7099.81
3, 328, 7096.5
3, 329, 7100.66
3, 330, 7102.08
3, 331, 7119.16
3, 332, 7099.77
3, 333, 7100.57
3, 334, -178.77
3, 335, 7099.15
3, 336, 7123.59
3, 337, 7096.2
3, 338, 7113.75
3, 339, 7100.34
3, 340, 7101.3
3, 341, 7096.11
3, 342, 7096.67
3, 343, 7123.87
3, 344, 7105.31
3, 345, 7100.07
3, 346, 7112.86
3, 347, 7098.89
3, 348, 7108.72
3, 349, 7100.32
3, 350, 7128.83
3, 351, 7088.72
3, 352, 7100.79
3, 353, -180.55
3, 354, 7100.61
3, 355, 7102.56
3, 356, 7098.87
3, 357, 7098.97
3, 358, 7099.11
3, 359, -176.0
3, 360, 7101.71
3, 361, 7094.24
3, 362, 7099.78
3, 363, 7101.68
3, 364, 7100.07
3, 365, 7102.23
3, 366, 7096.56
3, 367, 7097.85
3, 368, 7099.72
3, 369, 7105.07
3, 370, 7105.79
3, 371, 7100.68
3, 372, 7096.73
3, 373, 7098.24
3, 374, 7095.79
3, 375, 7120.99
3, 376, 7139.5
3, 377, -173.03
3, 378, 7095.6
3, 379, 7097.47
3, 380, 7113.29
3, 381, 7105.6
3, 382, 7093.39
3, 383, 7102.14
3, 384, 7100.22
3, 385, -178.46
3, 386, 7100.68
3, 387, -180.78
3, 388, 7101.39
3, 389, 7111.67
3, 390, 7099.22
3, 391, 7097.41
3, 392, 7102.12
3, 393, 7100.91
3, 394, 7097.62
3, 395, 7098.64
3, 396, 7099.39
3, 397, 7103.22
3, 398, 7098.92
3, 399, 7100.38
3, 400, 7123.05
3, 401, 7100.54
3, 402, 7100.54
3, 403, 7110.01
3, 404, 7094.23
3, 405, 7101.5
3, 406, 7104.32
3, 407, 7104.87
3, 408, 7105.67
3, 409, 7096.91
3, 410, -172.18
3, 411, -180.93
3, 412, -178.25
3, 413, -179.27
3, 414, 7105.85
3, 415, 7098.16
3, 416, 7130.94
3, 417, 7101.09
3, 418, 7098.39
3, 419, 7146.68
3, 420, 7099.97
3, 421, 7101.46
3, 422, 7095.14
3, 423, 7099.36
3, 424, 7110.78
3, 425, 7101.11
3, 426, -174.28
3, 427, 7110.98
3, 428, 7125.78
3, 429, -182.24
3, 430, 7104.74
3, 431, 7098.88
3, 432, 7101.34
3, 433, 7101.62
3, 434, 7097.54
3, 435, 7098.01
3, 436, 7099.79
3, 437, 7095.21
3, 438, 7102.99
3, 439, 7101.37
3, 440, 7104.5
3, 441, 7100.27
3, 442, 7102.71
3, 443, -179.16
3, 444, 7101.93
3, 445, 7139.33
3, 446, 7099.51
3, 447, 7098.24
3, 448, 7097.49
3, 449, 7096.7
3, 450, 7098.95
3, 451, 7100.21
3, 452, 7101.13
3, 453, 7093.94
3, 454, 7102.73
3, 455, 7123.49
3, 456, 7103.96
3, 457, 7130.16
3, 458, -178.57
3, 459, 7096.7
3, 460, 7099.55
3, 461, 7127.48
3, 462, 7100.77
3, 463, 7104.97
3, 464, 7099.3
3, 465, 7100.79
3, 466, 7119.21
3, 467, 7103.06
3, 468, -176.63
3, 469, 7099.46
3, 470, 7121.43
3, 471, 7129.79
3, 472, 7095.33
3, 473, 7097.84
3, 474, 7103.89
3, 475, 7101.04
3, 476, 7099.01
3, 477, 7098.96
3, 478, 7098.6
3, 479, 7098.3
3, 480, 7098.68
3, 481, 7094.35
3, 482, 7103.58
3, 483, 7106.58
3, 484, -172.74
3, 485, 7103.8
3, 486, 7099.07
3, 487, 7098.92
3, 488, 7102.71
3, 489, 7102.14
3, 490, 7093.34
3, 491, 7116.59
3, 492, 7100.07
3, 493, -184.66
3, 494, 7120.52
3, 495, 7098.58
3, 496, -177.18
3, 497, 7104.97
3, 498, 7115.32
3, 499, 7099.96
3, 500, 7104.85
3, 501, 7097.72
3, 502, 7101.87
3, 503, 7096.72
3, 504, 7108.7
3, 505, 7100.89
3, 506, 7099.9
3, 507, 7109.8
3, 508, 7103.31
3, 509, 7106.22
3, 510, 7110.85
3, 511, 7094.78
3, 512, 7106.28
3, 513, -177.96
3, 514, 7107.28
3, 515, 7103.51
3, 516, 7107.66
3, 517, 7097.83
3, 518, 7097.86
3, 519, 7113.81
3, 520, 7116.33
3, 521, 7100.42
3, 522, 7101.14
3, 523, 7090.04
3, 524, -173.69
3, 525, 7101.66
3, 526, 7102.93
3, 527, 7099.06
3, 528, 7112.29
3, 529, 7103.89
3, 530, 7107.89
3, 531, 7110.22
3, 532, -160.1
3, 533, 7094.74
3, 534, 7101.89
3, 535, 7105.37
3, 536, 7105.54
3, 537, 7100.8
3, 538, 7099.49
3, 539, 7111.54
3, 540, 7113.64
3, 541, -175.82
3, 542, 7103.17
3, 543, 7106.65
3, 544, 7098.61
3, 545, 7100.16
3, 546, -181.6
3, 547, 7099.92
3, 548, 7128.01
3, 549, 7107.66
3, 550, -171.21
3, 551, 7105.79
3, 552, 7112.66
3, 553, 7113.84
3, 554, -176.67
3, 555, 7101.81
3, 556, 7103.02
3, 557, 7106.96
3, 558, 7111.14
3, 559, 7109.93
3, 560, -180.52
3, 561, 7099.26
3, 562, 7102.46
3, 563, 7106.63
3, 564, -145.9
3, 565, 7100.39
3, 566, 7097.75
3, 567, 7096.87
3, 568, 7096.35
3, 569, 7100.82
3, 570, 7099.44
3, 571, -173.13
3, 572, 7108.29
3, 573, 7099.4
3, 574, -177.06
3, 575, 7098.8
3, 576, 7099.88
3, 577, -176.38
3, 578, 7117.87
3, 579, 7107.28
3, 580, 7096.26
3, 581, 7102.58
3, 582, 7101.04
3, 583, 7109.25
3, 584, 7100.84
3, 585, 7098.32
3, 586, 7106.45
3, 587, 7102.58
3, 588, 7101.27
3, 589, 7100.98
3, 590, 7098.83
3, 591, 7100.63
3, 592, 7108.71
3, 593, 7100.72
3, 594, 7106.11
3, 595, 7099.94
3, 596, 7099.97
3, 597, -176.08
3, 598, 7099.3
3, 599, 7097.95
3, 600, 7102.35
3, 601, 7099.7
3, 602, 7099.78
3, 603, 7095.11
3, 604, 7095.11
3, 605, 7099.88
3, 606, 7113.15
3, 607, 7098.46
3, 608, 7100.04
3, 609, 7104.62
3, 610, 7099.05
3, 611, 7103.62
3, 612, 7105.19
3, 613, 7098.58
3, 614, 7100.52
3, 615, 7095.98
3, 616, 7102.48
3, 617, 7099.73
3, 618, 7097.65
3, 619, 7101.13
3, 620, 7105.39
3, 621, 7101.81
3, 622, 7103.0
3, 623, 7111.11
3, 624, 7105.07
3, 625, 7099.23
3, 626, 7105.5
3, 627, 7116.21
3, 628, 7105.21
3, 629, 7112.32
3, 630, 7099.51
3, 631, 7116.03
3, 632, 7105.84
3, 633, 7134.49
3, 634, 7115.7
3, 635, 7099.29
3, 636, 7106.54
3, 637, 7096.64
3, 638, 7131.2
3, 639, 7096.41
3, 640, 7092.33
3, 641, -180.76
3, 642, 7100.91
3, 643, 7124.46
3, 644, 7117.81
3, 645, 7107.74
3, 646, 7098.85
3, 647, 7099.88
3, 648, 7097.81
3, 649, 7101.45
3, 650, 7106.91
3, 651, 7100.82
3, 652, 7100.77
3, 653, 7104.71
3, 654, -181.4
3, 655, 7098.91
3, 656, 7120.28
3, 657, 7096.83
3, 658, 7096.8
3, 659, 7093.16
3, 660, 7100.17
3, 661, 7099.74
3, 662, 7098.75
3, 663, 7100.49
3, 664, 7099.96
3, 665, 7100.39
3, 666, 7101.14
3, 667, 7102.93
3, 668, 7103.63
3, 669, 7094.06
3, 670, 7099.95
3, 671, 7104.76
3, 672, 7105.76
3, 673, 7127.54
3, 674, 7103.15
3, 675, 7103.2
3, 676, 7113.06
3, 677, 7104.11
3, 678, 7103.0
3, 679, 7103.01
3, 680, -177.85
3, 681, 7100.26
3, 682, 7099.51
3, 683, 7096.71
3, 684, -177.47
3, 685, -180.47
3, 686, 7100.84
3, 687, 7101.24
3, 688, 7097.94
3, 689, 7097.36
3, 690, 7102.69
3, 691, 7103.33
3, 692, -180.44
3, 693, 7100.78
3, 694, 7099.1
3, 695, -165.5
3, 696, 7098.31
3, 697, 7104.94
3, 698, 7101.81
3, 699, 7097.49
3, 700, 7094.13
3, 701, 7100.36
3, 702, 7114.15
3, 703, -155.49
3, 704, 7092.75
3, 705, -173.8
3, 706, 7098.59
3, 707, 7096.22
3, 708, -180.66
3, 709, 7105.23
3, 710, 7097.93
3, 711, 7111.44
3, 712, -180.27
3, 713, 7103.89
3, 714, 7096.46
3, 715, 7100.23
3, 716, 7099.1
3, 717, -179.26
3, 718, 7100.23
3, 719, 7111.26
3, 720, 7106.81
3, 721, -179.16
3, 722, 7102.22
3, 723, 7102.73
3, 724, 7100.66
3, 725, 7126.04
3, 726, 7102.05
3, 727, 7098.45
3, 728, 7119.29
3, 729, 7102.21
3, 730, -159.99
3, 731, 7106.92
3, 732, 7104.62
3, 733, 7096.66
3, 734, -177.13
3, 735, 7099.66
3, 736, 7099.65
3, 737, 7098.42
3, 738, 7123.77
3, 739, 7126.35
3, 740, 7099.33
3, 741, 7105.08
3, 742, 7099.84
3, 743, 7103.73
3, 744, 7087.85
3, 745, 7102.11
3, 746, 7100.29
3, 747, 7117.6
3, 748, 7097.24
3, 749, 7098.41
3, 750, 7098.91
3, 751, -172.66
3, 752, 7105.72
3, 753, 7137.71
3, 754, 7123.72
3, 755, -181.81
3, 756, 7103.88
3, 757, 7102.59
3, 758, 7100.47
3, 759, 7099.78
3, 760, 7127.52
3, 761, -177.3
3, 762, 7109.72
3, 763, 7140.52
3, 764, 7104.01
3, 765, 7098.77
3, 766, 7113.9
3, 767, 7105.98
3, 768, 7111.37
3, 769, 7115.41
3, 770, 7122.33
3, 771, -194.71
3, 772, 7103.4
3, 773, 7106.59
3, 774, 7102.81
3, 775, 7098.65
3, 776, 7110.78
3, 777, -164.71
3, 778, 7098.29
3, 779, 7102.23
3, 780, 7103.48
3, 781, 7104.31
3, 782, 7102.39
3, 783, 7095.27
3, 784, 7111.36
3, 785, 7101.9
3, 786, 7107.79
3, 787, 7100.16
3, 788, 7105.94
3, 789, 7115.67
3, 790, 7108.96
3, 791, 7103.55
3, 792, 7103.13
3, 793, 7097.95
3, 794, -181.55
3, 795, 7092.19
3, 796, 7098.77
3, 797, 7115.04
3, 798, 7099.33
3, 799, 7100.69
3, 800, 7099.41
3, 801, 7112.29
3, 802, 7100.82
3, 803, 7120.93
3, 804, 7100.24
3, 805, 7106.3
3, 806, -177.77
3, 807, 7100.6
3, 808, 7102.57
3, 809, 7097.43
3, 810, 7118.81
3, 811, 7099.66
3, 812, 7100.91
3, 813, 7101.68
3, 814, 7112.75
3, 815, 7099.11
3, 816, 7100.18
3, 817, 7101.1
3, 818, 7099.94
3, 819, 7100.51
3, 820, 7101.04
3, 821, 7096.13
3, 822, -179.74
3, 823, 7103.25
3, 824, 7102.15
3, 825, 7101.83
3, 826, 7096.38
3, 827, 7100.32
3, 828, 7102.47
3, 829, 7100.0
3, 830, 7097.9
3, 831, 7100.79
3, 832, 7112.2
3, 833, 7104.32
3, 834, 7101.33
3, 835, 7098.82
3, 836, 7101.39
3, 837, 7103.29
3, 838, 7099.73
3, 839, 7097.64
3, 840, 7098.81
3, 841, 7099.06
3, 842, -173.56
3, 843, 7096.69
3, 844, 7098.11
3, 845, 7099.26
3, 846, 7104.83
3, 847, 7099.2
3, 848, 7093.65
3, 849, -171.76
3, 850, 7099.12
3, 851, 7093.08
3, 852, 7097.43
3, 853, 7113.93
3, 854, 7101.75
3, 855, -179.94
3, 856, 7101.23
3, 857, 7101.07
3, 858, 7125.7
3, 859, 7099.75
3, 860, 7136.95
3, 861, 7103.06
3, 862, 7112.55
3, 863, -174.64
3, 864, 7097.7
3, 865, 7099.54
3, 866, 7095.57
3, 867, 7098.48
3, 868, -179.74
3, 869, 7095.25
3, 870, 7097.24
3, 871, 7100.3
3, 872, -178.42
3, 873, -161.11
3, 874, 7102.1
3, 875, 7100.62
3, 876, 7098.22
3, 877, 7125.71
3, 878, 7116.62
3, 879, 7099.71
3, 880, 7126.53
3, 881, -177.11
3, 882, 7096.99
3, 883, 7096.38
3, 884, 7102.16
3, 885, 7099.11
3, 886, 7098.9
3, 887, 7101.83
3, 888, -168.42
3, 889, 7097.77
3, 890, 7104.53
3, 891, 7101.11
3, 892, 7101.69
3, 893, 7119.04
3, 894, 7106.34
3, 895, 7113.8
3, 896, 7106.55
3, 897, 7101.42
3, 898, 7103.19
3, 899, 7118.72
3, 900, 7097.95
3, 901, 7097.38
3, 902, 7097.42
3, 903, 7096.55
3, 904, 7099.22
3, 905, 7111.16
3, 906, 7118.86
3, 907, -177.53
3, 908, 7099.69
3, 909, 7136.23
3, 910, 7093.61
3, 911, 7101.61
3, 912, 7097.28
3, 913, 7100.43
3, 914, 7108.85
3, 915, 7100.97
3, 916, 7101.67
3, 917, 7101.38
3, 918, 7108.4
3, 919, 7099.99
3, 920, -180.8
3, 921, 7102.75
3, 922, 7100.67
3, 923, 7133.54
3, 924, 7103.34
3, 925, 7101.13
3, 926, 7101.42
3, 927, 7102.08
3, 928, 7102.27
3, 929, 7106.93
3, 930, 7096.33
3, 931, 7102.51
3, 932, 7104.41
3, 933, 7097.18
3, 934, 7099.44
3, 935, 7095.53
3, 936, 7097.93
3, 937, 7099.62
3, 938, 7112.01
3, 939, 7094.67
3, 940, 7100.56
3, 941, 7099.64
3, 942, 7133.53
3, 943, 7106.29
3, 944, 7100.12
3, 945, 7098.89
3, 946, 7104.03
3, 947, 7110.9
3, 948, 7101.21
3, 949, -179.29
3, 950, 7098.05
3, 951, 7099.67
3, 952, 7095.65
3, 953, 7094.82
3, 954, 7113.55
3, 955, 7100.45
3, 956, 7100.6
3, 957, 7106.28
3, 958, 7097.35
3, 959, 7101.54
3, 960, 7099.79
3, 961, 7095.17
3, 962, 7109.16
3, 963, 7099.97
3, 964, 7102.07
3, 965, 7100.55
3, 966, 7098.65
3, 967, 7100.76
3, 968, 7103.68
3, 969, 7098.93
3, 970, 7102.46
3, 971, 7101.19
3, 972, 7092.6
3, 973, 7097.0
3, 974, 7098.1
3, 975, 7099.25
3, 976, 7102.2
3, 977, 7117.11
3, 978, 7105.01
3, 979, 7098.21
3, 980, -183.71
3, 981, 7100.8
3, 982, 7100.24
3, 983, -183.23
3, 984, 7100.86
3, 985, 7101.68
3, 986, -175.33
3, 987, 7088.16
3, 988, 7099.39
3, 989, 7100.63
3, 990, 7098.39
3, 991, 7095.84
3, 992, 7105.39
3, 993, 7120.37
3, 994, 7100.51
3, 995, 7097.69
3, 996, 7118.05
3, 997, 7102.16
3, 998, -176.88
3, 999, 7091.0
3, 1000, 7100.62
3000, 771, -194.71
