9, 1, 79090.77
9, 2, -190.16
9, 3, 79166.18
9, 4, 79151.27
9, 5, 79149.2
9, 6, 79152.51
9, 7, -178.82
9, 8, 79108.09
9, 9, 79107.95
9, 10, 79205.65
9, 11, 79185.04
9, 12, 79180.78
9, 13, 79170.6
9, 14, -239.87
9, 15, 79098.5
9, 16, 79104.55
9, 17, 79082.3
9, 18, 79141.82
9, 19, 79099.85
9, 20, 79094.39
9, 21, 79091.46
9, 22, 79095.81
9, 23, 79103.86
9, 24, 79105.55
9, 25, 79094.17
9, 26, 79084.74
9, 27, 79100.49
9, 28, 79103.04
9, 29, 79102.05
9, 30, -245.05
9, 31, 79111.08
9, 32, 79085.68
9, 33, 79089.74
9, 34, 79111.67
9, 35, 79057.84
9, 36, 79085.58
9, 37, 79096.03
9, 38, -266.28
9, 39, 79048.85
9, 40, -275.94
9, 41, -273.44
9, 42, 79083.38
9, 43, 79076.67
9, 44, 79063.27
9, 45, 79044.08
9, 46, 79058.28
9, 47, 79066.54
9, 48, 79060.8
9, 49, 79052.6
9, 50, 79063.14
9, 51, -272.28
9, 52, 79088.83
9, 53, 79084.97
9, 54, -275.78
9, 55, 79059.74
9, 56, 79054.59
9, 57, 79088.17
9, 58, -283.5
9, 59, 79063.03
9, 60, -274.16
9, 61, 79056.35
9, 62, 79081.53
9, 63, 79037.6
9, 64, 79056.24
9, 65, 79058.41
9, 66, 79033.64
9, 67, 79078.6
9, 68, 79065.37
9, 69, 79078.24
9, 70, -254.44
9, 71, 79064.21
9, 72, -281.59
9, 73, 79084.78
9, 74, 79027.54
9, 75, 79070.36
9, 76, 79043.75
9, 77, 79065.79
9, 78, 79026.33
9, 79, -292.33
9, 80, 79120.99
9, 81, 79081.72
9, 82, 79051.24
9, 83, 79069.99
9, 84, 79051.37
9, 85, 79079.07
9, 86, -285.17
9, 87, 79039.92
9, 88, 79071.07
9, 89, 79050.17
9, 90, 79030.55
9, 91, 79052.62
9, 92, -296.09
9, 93, 79058.35
9, 94, 79041.82
9, 95, 79047.52
9, 96, 79053.24
9, 97, 79027.26
9, 98, 79052.84
9, 99, -284.8
9, 100, 79051.25
9, 101, 79063.01
9, 102, 79043.14
9, 103, 79040.5
9, 104, -295.93
9, 105, 79031.11
9, 106, 79044.66
9, 107, 79030.63
9, 108, 79039.01
9, 109, 79033.0
9, 110, 79033.97
9, 111, 79041.79
9, 112, 79055.73
9, 113, -300.84
9, 114, -306.6
9, 115, 79027.31
9, 116, 79034.35
9, 117, 79033.09
9, 118, -301.48
9, 119, 79035.19
9, 120, 79113.18
9, 121, 79063.68
9, 122, 79048.8
9, 123, -306.93
9, 124, 79024.58
9, 125, 79043.3
9, 126, 79030.77
9, 127, 79016.71
9, 128, 79030.3
9, 129, -307.85
9, 130, 79026.15
9, 131, 79062.0
9, 132, 79051.42
9, 133, 79045.73
9, 134, 79032.45
9, 135, 79018.09
9, 136, 79025.74
9, 137, 79041.75
9, 138, 79039.43
9, 139, 79037.86
9, 140, 79059.91
9, 141, 79031.07
9, 142, 79030.88
9, 143, 79037.72
9, 144, 79102.9
9, 145, 79033.12
9, 146, -306.74
9, 147, 79033.21
9, 148, 79034.35
9, 149, 79092.61
9, 150, 79008.78
9, 151, 79028.44
9, 152, 79020.75
9, 153, 79022.26
9, 154, 79030.83
9, 155, 79044.59
9, 156, 79023.63
9, 157, 79021.17
9, 158, 79025.89
9, 159, -312.56
9, 160, -314.63
9, 161, 79022.22
9, 162, 79029.2
9, 163, 79020.66
9, 164, 79013.22
9, 165, 79028.73
9, 166, 79035.04
9, 167, 79026.43
9, 168, 79033.34
9, 169, 79039.71
9, 170, 79051.94
9, 171, 79040.55
9, 172, 79020.43
9, 173, 79030.22
9, 174, 79039.26
9, 175, 79038.56
9, 176, -305.87
9, 177, 79030.65
9, 178, 79019.92
9, 179, 79025.88
9, 180, 79016.76
9, 181, -310.82
9, 182, 79024.59
9, 183, 79015.83
9, 184, 79035.98
9, 185, 79018.53
9, 186, 79034.71
9, 187, 79023.82
9, 188, -301.28
9, 189, 79030.23
9, 190, 79038.4
9, 191, 79047.49
9, 192, 79052.87
9, 193, 79046.42
9, 194, -309.87
9, 195, 79019.62
9, 196, 79021.58
9, 197, 79026.7
9, 198, 79030.46
9, 199, 79029.87
9, 200, 79029.78
9, 201, 79050.15
9, 202, -316.7
9, 203, 79008.91
9, 204, 79025.98
9, 205, 79041.55
9, 206, 79029.45
9, 207, 79019.98
9, 208, 79020.46
9, 209, 79031.4
9, 210, 79026.91
9, 211, 79015.04
9, 212, 79032.32
9, 213, 79059.68
9, 214, 79005.5
9, 215, 79015.54
9, 216, 79046.3
9, 217, 79067.01
9, 218, 79031.13
9, 219, 79024.68
9, 220, -297.46
9, 221, 79029.62
9, 222, 79025.61
9, 223, 79016.29
9, 224, 79017.4
9, 225, -305.66
9, 226, -313.16
9, 227, 79016.9
9, 228, -312.93
9, 229, 79019.37
9, 230, 79021.96
9, 231, 79017.01
9, 232, 79015.69
9, 233, -287.55
9, 234, 79041.59
9, 235, 79046.79
9, 236, -289.55
9, 237, 79038.64
9, 238, 79026.52
9, 239, 79041.87
9, 240, -295.5
9, 241, 79052.42
9, 242, 79037.75
9, 243, 79053.49
9, 244, 79059.21
9, 245, 79039.37
9, 246, 79049.74
9, 247, 79036.24
9, 248, 79014.84
9, 249, 79049.23
9, 250, 79042.29
9, 251, 79053.82
9, 252, 79057.14
9, 253, 79039.55
9, 254, -288.25
9, 255, 79050.81
9, 256, 79043.05
9, 257, 79033.42
9, 258, 79035.77
9, 259, 79013.2
9, 260, 79043.8
9, 261, 79030.23
9, 262, 79025.54
9, 263, 79012.79
9, 264, 79031.08
9, 265, 79049.75
9, 266, 79022.91
9, 267, 79041.37
9, 268, -330.31
9, 269, 79020.49
9, 270, 79009.47
9, 271, 79033.1
9, 272, -323.89
9, 273, 79001.44
9, 274, 79004.68
9, 275, -326.27
9, 276, 79019.1
9, 277, 79006.82
9, 278, 79033.33
9, 279, 79014.26
9, 280, 79016.06
9, 281, 79013.98
9, 282, 79007.89
9, 283, 79027.18
9, 284, 79040.27
9, 285, 79007.57
9, 286, 79016.76
9, 287, 79030.28
9, 288, 79020.13
9, 289, 79063.43
9, 290, 79037.37
9, 291, -314.68
9, 292, 79012.75
9, 293, 79064.69
9, 294, -330.7
9, 295, 79017.09
9, 296, 79011.11
9, 297, 79042.75
9, 298, 79019.21
9, 299, 79004.95
9, 300, 79007.57
9, 301, 79001.93
9, 302, 79028.63
9, 303, 79005.79
9, 304, 79008.78
9, 305, 79009.52
9, 306, 79009.15
9, 307, -328.49
9, 308, 78997.62
9, 309, 79008.95
9, 310, 79021.15
9, 311, -325.95
9, 312, 79021.79
9, 313, 79008.52
9, 314, 79026.02
9, 315, 79006.38
9, 316, 79017.58
9, 317, 79062.44
9, 318, -312.83
9, 319, -331.78
9, 320, 79022.49
9, 321, 79000.42
9, 322, 79043.45
9, 323, 79009.92
9, 324, 79009.67
9, 325, 78996.11
9, 326, 79011.86
9, 327, 79011.54
9, 328, 79003.13
9, 329, 79004.58
9, 330, 79008.1
9, 331, 79000.15
9, 332, 79024.54
9, 333, 79006.13
9, 334, 79014.2
9, 335, 78994.69
9, 336, -323.82
9, 337, 79006.73
9, 338, 79002.77
9, 339, -312.92
9, 340, 79010.29
9, 341, 79001.81
9, 342, 79025.23
9, 343, 79027.57
9, 344, 79012.01
9, 345, 79030.26
9, 346, 79033.6
9, 347, 79041.48
9, 348, 79042.89
9, 349, 79031.17
9, 350, 79021.71
9, 351, 79028.52
9, 352, 79016.65
9, 353, 79011.39
9, 354, 79016.59
9, 355, 79018.7
9, 356, 79046.51
9, 357, 79023.82
9, 358, 79013.75
9, 359, 79022.69
9, 360, 79028.55
9, 361, -314.33
9, 362, 79036.16
9, 363, 79053.12
9, 364, 79051.51
9, 365, 79026.47
9, 366, 79047.52
9, 367, 79018.11
9, 368, 79016.78
9, 369, 79041.32
9, 370, 79130.14
9, 371, 79026.19
9, 372, 79014.4
9, 373, -307.71
9, 374, 79031.73
9, 375, 79037.0
9, 376, 79032.45
9, 377, 79056.4
9, 378, 79018.69
9, 379, 79040.1
9, 380, 79045.44
9, 381, 79033.84
9, 382, 79026.22
9, 383, 79019.34
9, 384, 79024.13
9, 385, 79041.24
9, 386, 79050.58
9, 387, 79026.84
9, 388, -264.28
9, 389, 79033.92
9, 390, 79033.69
9, 391, 79057.13
9, 392, 79024.39
9, 393, -310.24
9, 394, 79033.2
9, 395, 79015.82
9, 396, 79026.6
9, 397, 79027.82
9, 398, 79021.88
9, 399, 79019.86
9, 400, 79037.37
9, 401, 79024.92
9, 402, -314.16
9, 403, 79025.45
9, 404, 79050.02
9, 405, 79051.34
9, 406, 79064.89
9, 407, 79016.17
9, 408, 79017.39
9, 409, 79032.04
9, 410, 79028.25
9, 411, 79019.78
9, 412, 79028.36
9, 413, 79033.47
9, 414, 79025.34
9, 415, 79025.37
9, 416, 79073.77
9, 417, 79025.25
9, 418, -287.81
9, 419, 79048.17
9, 420, 79021.86
9, 421, 79015.04
9, 422, 79027.65
9, 423, 79025.06
9, 424, 79017.95
9, 425, 79027.45
9, 426, 79070.0
9, 427, -310.59
9, 428, 79029.34
9, 429, 79039.28
9, 430, 79027.35
9, 431, 79028.44
9, 432, 79034.22
9, 433, 79032.02
9, 434, -308.97
9, 435, 79034.91
9, 436, 79017.86
9, 437, 79033.62
9, 438, 79029.86
9, 439, 79018.55
9, 440, 79041.31
9, 441, 79059.89
9, 442, 79023.68
9, 443, 79070.82
9, 444, 79037.74
9, 445, 79037.69
9, 446, 79043.52
9, 447, 79029.57
9, 448, 79047.24
9, 449, 79019.88
9, 450, -282.05
9, 451, 79024.98
9, 452, -309.94
9, 453, 79020.47
9, 454, 79029.18
9, 455, -283.03
9, 456, 79019.58
9, 457, 79033.12
9, 458, 79048.34
9, 459, -297.94
9, 460, 79039.83
9, 461, 79036.15
9, 462, -293.63
9, 463, 79042.32
9, 464, 79048.17
9, 465, 79033.73
9, 466, 79018.26
9, 467, 79027.91
9, 468, 79076.34
9, 469, 79052.15
9, 470, 79065.03
9, 471, 79029.42
9, 472, 79031.17
9, 473, 79046.78
9, 474, 79047.99
9, 475, 79041.12
9, 476, -291.82
9, 477, 79051.65
9, 478, 79047.04
9, 479, 79039.97
9, 480, 79041.37
9, 481, 79048.97
9, 482, 79042.19
9, 483, 79060.49
9, 484, 79028.06
9, 485, 79036.93
9, 486, 79041.75
9, 487, 79040.42
9, 488, 79037.63
9, 489, 79046.98
9, 490, 79035.76
9, 491, 79053.66
9, 492, 79045.87
9, 493, 79065.48
9, 494, 79041.19
9, 495, -284.09
9, 496, 79068.15
9, 497, 79038.47
9, 498, 79043.05
9, 499, 79054.64
9, 500, 79051.18
9, 501, 79043.32
9, 502, 79044.88
9, 503, 79043.56
9, 504, 79029.67
9, 505, 79063.0
9, 506, -285.51
9, 507, 79064.65
9, 508, 79061.05
9, 509, 79056.6
9, 510, 79038.09
9, 511, 79038.18
9, 512, 79067.63
9, 513, 79045.67
9, 514, 79055.68
9, 515, 79058.64
9, 516, 79055.44
9, 517, 79063.57
9, 518, 79051.47
9, 519, 79051.35
9, 520, 79050.12
9, 521, 79044.31
9, 522, 79053.35
9, 523, 79056.95
9, 524, 79044.54
9, 525, 79059.73
9, 526, 79059.43
9, 527, 79045.0
9, 528, 79056.35
9, 529, 79054.15
9, 530, 79046.29
9, 531, 79051.6
9, 532, 79068.61
9, 533, 79046.9
9, 534, 79057.18
9, 535, 79036.13
9, 536, 79033.97
9, 537, 79053.59
9, 538, 79054.57
9, 539, 79071.75
9, 540, 79041.93
9, 541, 79039.88
9, 542, 79053.83
9, 543, -282.18
9, 544, 79076.95
9, 545, 79049.3
9, 546, 79043.59
9, 547, 79039.29
9, 548, 79047.8
9, 549, 79041.42
9, 550, 79042.36
9, 551, 79030.2
9, 552, 79074.93
9, 553, 79051.33
9, 554, 79051.83
9, 555, 79061.69
9, 556, 79069.45
9, 557, 79050.28
9, 558, 79026.04
9, 559, 79073.8
9, 560, 79048.27
9, 561, 79060.19
9, 562, 79066.53
9, 563, 79065.04
9, 564, 79030.37
9, 565, 79034.57
9, 566, 79049.39
9, 567, 79046.63
9, 568, 79053.35
9, 569, 79070.65
9, 570, 79049.65
9, 571, 79031.74
9, 572, 79035.18
9, 573, 79057.58
9, 574, 79073.93
9, 575, 79043.76
9, 576, -278.14
9, 577, 79045.69
9, 578, -290.37
9, 579, 79116.35
9, 580, 79038.29
9, 581, 79039.33
9, 582, 79039.92
9, 583, 79052.49
9, 584, 79054.39
9, 585, 79038.44
9, 586, 79035.12
9, 587, 79034.16
9, 588, -292.37
9, 589, 79049.14
9, 590, 79062.85
9, 591, -295.62
9, 592, 79052.26
9, 593, 79052.56
9, 594, 79043.95
9, 595, 79032.82
9, 596, 79068.26
9, 597, 79041.03
9, 598, -269.0
9, 599, -300.37
9, 600, 79048.31
9, 601, 79023.58
9, 602, 79031.96
9, 603, 79026.18
9, 604, 79020.29
9, 605, 79034.3
9, 606, 79051.09
9, 607, 79027.08
9, 608, 79036.99
9, 609, 79030.95
9, 610, 79035.43
9, 611, 79044.07
9, 612, 79033.99
9, 613, 79083.06
9, 614, 79047.05
9, 615, 79026.31
9, 616, 79032.75
9, 617, 79033.88
9, 618, 79038.46
9, 619, 79032.07
9, 620, 79038.51
9, 621, 79036.09
9, 622, 79018.4
9, 623, 79033.68
9, 624, 79024.91
9, 625, 79043.28
9, 626, -297.44
9, 627, 79032.81
9, 628, 79058.48
9, 629, 79027.87
9, 630, 79066.62
9, 631, 79055.5
9, 632, 79050.05
9, 633, 79054.53
9, 634, 79041.52
9, 635, 79055.3
9, 636, 79060.06
9, 637, 79045.23
9, 638, 79042.22
9, 639, 79035.67
9, 640, 79038.55
9, 641, 79057.98
9, 642, 79066.28
9, 643, 79038.91
9, 644, 79031.04
9, 645, 79031.95
9, 646, 79029.27
9, 647, -288.46
9, 648, 79026.76
9, 649, 79042.13
9, 650, 79044.74
9, 651, 79054.25
9, 652, 79076.31
9, 653, 79036.2
9, 654, 79039.63
9, 655, 79046.39
9, 656, 79050.63
9, 657, 79057.82
9, 658, 79038.3
9, 659, 79045.31
9, 660, -272.66
9, 661, 79034.65
9, 662, 79058.61
9, 663, 79047.61
9, 664, 79076.62
9, 665, 79039.62
9, 666, 79025.52
9, 667, 79047.75
9, 668, 79033.29
9, 669, 79034.75
9, 670, 79063.94
9, 671, -287.23
9, 672, 79045.61
9, 673, 79049.1
9, 674, 79038.98
9, 675, 79040.79
9, 676, 79047.6
9, 677, 79040.92
9, 678, -288.67
9, 679, 79034.19
9, 680, 79050.96
9, 681, 79041.32
9, 682, 79046.84
9, 683, -262.58
9, 684, 79036.31
9, 685, 79023.04
9, 686, 79051.2
9, 687, 79048.15
9, 688, 79047.23
9, 689, 79038.71
9, 690, -299.13
9, 691, 79042.53
9, 692, -292.87
9, 693, 79041.84
9, 694, 79043.45
9, 695, 79055.25
9, 696, 79046.52
9, 697, 79039.56
9, 698, 79052.93
9, 699, 79048.31
9, 700, 79036.53
9, 701, 79059.73
9, 702, 79035.21
9, 703, 79033.27
9, 704, 79037.0
9, 705, 79046.07
9, 706, 79043.09
9, 707, 79052.3
9, 708, 79048.6
9, 709, 79045.94
9, 710, 79052.87
9, 711, -276.21
9, 712, 79048.55
9, 713, -291.16
9, 714, 79038.39
9, 715, 79054.59
9, 716, 79057.41
9, 717, 79058.23
9, 718, 79035.57
9, 719, 79052.26
9, 720, 79070.92
9, 721, 79039.41
9, 722, 79020.48
9, 723, 79031.95
9, 724, 79062.11
9, 725, 79033.48
9, 726, 79040.63
9, 727, -307.26
9, 728, 79043.25
9, 729, 79031.6
9, 730, 79043.24
9, 731, -279.12
9, 732, 79034.96
9, 733, 79055.24
9, 734, 79014.45
9, 735, 79025.47
9, 736, 79036.23
9, 737, 79038.34
9, 738, 79019.93
9, 739, 79021.8
9, 740, 79016.47
9, 741, 79033.52
9, 742, 79009.99
9, 743, 79030.07
9, 744, 79028.36
9, 745, 79036.63
9, 746, 79030.89
9, 747, 79035.43
9, 748, 79026.29
9, 749, 79016.38
9, 750, 79026.51
9, 751, 79023.41
9, 752, -327.03
9, 753, -335.44
9, 754, 79000.43
9, 755, 78992.36
9, 756, 79011.42
9, 757, 79008.15
9, 758, 79006.71
9, 759, -297.2
9, 760, 78998.8
9, 761, 79001.49
9, 762, 79013.75
9, 763, 79009.05
9, 764, 78998.22
9, 765, 78996.22
9, 766, -332.95
9, 767, 78997.95
9, 768, 79014.06
9, 769, 79031.1
9, 770, 79007.76
9, 771, 79005.4
9, 772, 79005.85
9, 773, 79034.02
9, 774, 79009.85
9, 775, 78994.64
9, 776, 79000.79
9, 777, 79020.69
9, 778, 79004.23
9, 779, 78998.95
9, 780, 78997.44
9, 781, 79040.09
9, 782, 79017.82
9, 783, 79003.2
9, 784, 78993.71
9, 785, -339.27
9, 786, 78991.19
9, 787, 79000.04
9, 788, 79010.63
9, 789, 79021.23
9, 790, 79028.06
9, 791, -301.46
9, 792, 79023.89
9, 793, 79000.02
9, 794, 78999.73
9, 795, 79009.23
9, 796, -335.21
9, 797, 78997.35
9, 798, 78999.79
9, 799, 79012.33
9, 800, 79008.27
9, 801, 79000.98
9, 802, 78999.99
9, 803, 79006.16
9, 804, 79015.04
9, 805, 78999.33
9, 806, 78989.83
9, 807, 79003.23
9, 808, 79021.26
9, 809, 79009.2
9, 810, 79017.7
9, 811, 79005.55
9, 812, 79048.33
9, 813, 78995.08
9, 814, 79007.82
9, 815, 78989.16
9, 816, 79002.7
9, 817, 78989.29
9, 818, 78989.73
9, 819, 79010.77
9, 820, 78994.08
9, 821, 79009.92
9, 822, 78999.71
9, 823, 79010.24
9, 824, -347.53
9, 825, 79006.04
9, 826, 78991.31
9, 827, 78993.24
9, 828, 79001.46
9, 829, 78994.31
9, 830, -352.0
9, 831, 79003.75
9, 832, 78989.2
9, 833, 78992.73
9, 834, 79003.04
9, 835, 78991.42
9, 836, 79051.23
9, 837, 78991.17
9, 838, -341.73
9, 839, 79001.58
9, 840, -349.61
9, 841, 78991.65
9, 842, 79012.09
9, 843, 78975.43
9, 844, 78984.97
9, 845, 78991.94
9, 846, 78982.31
9, 847, 79007.76
9, 848, 78992.75
9, 849, 78986.88
9, 850, 79004.36
9, 851, 78983.8
9, 852, -337.4
9, 853, 78982.9
9, 854, 78982.23
9, 855, -345.23
9, 856, 78994.83
9, 857, 79055.21
9, 858, 79056.47
9, 859, -334.41
9, 860, 78991.96
9, 861, 79007.27
9, 862, 78985.62
9, 863, 78983.98
9, 864, 79004.05
9, 865, 78995.32
9, 866, -346.83
9, 867, 78991.36
9, 868, 78989.75
9, 869, 78999.43
9, 870, 79003.2
9, 871, 79023.44
9, 872, 78985.38
9, 873, 78987.12
9, 874, 79003.62
9, 875, 78989.96
9, 876, 78998.83
9, 877, 78993.07
9, 878, 78982.29
9, 879, 78988.41
9, 880, 78989.05
9, 881, 78987.69
9, 882, 78985.49
9, 883, 79005.59
9, 884, 78991.03
9, 885, 79016.69
9, 886, 79042.23
9, 887, 79008.31
9, 888, 79021.98
9, 889, -344.38
9, 890, 78984.04
9, 891, 78998.99
9, 892, 78990.49
9, 893, -347.99
9, 894, 78988.46
9, 895, 78994.22
9, 896, 79014.35
9, 897, 78968.88
9, 898, 78994.62
9, 899, 78989.84
9, 900, 78987.71
9, 901, -346.65
9, 902, 79001.52
9, 903, 78992.19
9, 904, 79013.2
9, 905, 78976.62
9, 906, 79010.21
9, 907, 78995.07
9, 908, 78996.42
9, 909, 78985.25
9, 910, 79024.25
9, 911, 79017.16
9, 912, 78994.95
9, 913, 78986.0
9, 914, 79004.59
9, 915, -332.14
9, 916, 79000.8
9, 917, -354.26
9, 918, 78987.12
9, 919, 78986.53
9, 920, 78977.02
9, 921, -346.06
9, 922, 78973.88
9, 923, 78993.59
9, 924, 78984.75
9, 925, 78970.19
9, 926, 78994.15
9, 927, -336.17
9, 928, 78989.93
9, 929, 78992.77
9, 930, 78977.39
9, 931, -372.27
9, 932, 78980.64
9, 933, 78960.36
9, 934, 78977.29
9, 935, 79019.98
9, 936, 78992.61
9, 937, 78959.3
9, 938, 78959.49
9, 939, 78971.47
9, 940, 78967.3
9, 941, -365.09
9, 942, 78965.3
9, 943, 78975.46
9, 944, 78986.91
9, 945, 78980.08
9, 946, 78972.32
9, 947, 78979.11
9, 948, 78972.53
9, 949, -370.57
9, 950, 78954.55
9, 951, 78975.59
9, 952, 78980.14
9, 953, 78967.97
9, 954, 78964.75
9, 955, 78960.32
9, 956, 78966.29
9, 957, 78962.11
9, 958, 78957.84
9, 959, 78995.51
9, 960, 78970.36
9, 961, 78967.92
9, 962, -361.61
9, 963, -356.48
9, 964, 78972.69
9, 965, 78972.93
9, 966, -368.3
9, 967, 78967.38
9, 968, 78974.55
9, 969, 78959.1
9, 970, 78957.48
9, 971, 78983.54
9, 972, 78983.88
9, 973, 78961.34
9, 974, 78997.5
9, 975, 78971.01
9, 976, 78974.59
9, 977, 78966.52
9, 978, 78975.47
9, 979, 78970.1
9, 980, 78972.05
9, 981, 78963.87
9, 982, 78990.55
9, 983, 78965.79
9, 984, 78993.68
9, 985, 78981.01
9, 986, 78978.59
9, 987, 78975.02
9, 988, 78973.15
9, 989, 78970.67
9, 990, 78976.15
9, 991, 78962.5
9, 992, 78970.4
9, 993, 78971.25
9, 994, 78960.42
9, 995, 78953.76
9, 996, 78983.99
9, 997, 78973.17
9, 998, 78970.13
9, 999, 78939.87
9, 1000, 78974.93
9000, 931, -372.27
3, 1, 78968.42
3, 2, -365.1
3, 3, 78966.26
3, 4, 78964.35
3, 5, 78982.42
3, 6, 78985.42
3, 7, 78970.04
3, 8, 78990.65
3, 9, 78966.74
3, 10, 78982.95
3, 11, 78987.1
3, 12, 78996.22
3, 13, 78974.84
3, 14, 78967.38
3, 15, -338.52
3, 16, 78965.92
3, 17, 78961.15
3, 18, -371.9
3, 19, 78963.6
3, 20, 78972.49
3, 21, 78961.34
3, 22, 78972.54
3, 23, 78971.91
3, 24, 78978.62
3, 25, 78971.25
3, 26, -365.72
3, 27, 78994.49
3, 28, 78966.99
3, 29, 78966.19
3, 30, 78966.55
3, 31, 79023.2
3, 32, 78965.46
3, 33, 78965.66
3, 34, 79016.36
3, 35, 78972.18
3, 36, 78973.48
3, 37, 78963.54
3, 38, 78971.71
3, 39, 78972.06
3, 40, 78951.56
3, 41, 78969.44
3, 42, 78970.61
3, 43, -371.38
3, 44, 78972.55
3, 45, 78978.14
3, 46, 78992.09
3, 47, 78977.93
3, 48, 78959.0
3, 49, 78964.8
3, 50, 78973.08
3, 51, 78968.38
3, 52, 78968.32
3, 53, 78964.64
3, 54, 78976.8
3, 55, 78961.33
3, 56, 78981.43
3, 57, 78961.84
3, 58, 78971.91
3, 59, -348.52
3, 60, 78975.2
3, 61, 78961.71
3, 62, 78966.09
3, 63, 78949.13
3, 64, 78996.49
3, 65, 78967.32
3, 66, 78972.39
3, 67, 78968.02
3, 68, 78965.01
3, 69, -363.31
3, 70, 78986.27
3, 71, 78973.68
3, 72, 78970.03
3, 73, 79024.05
3, 74, 78981.17
3, 75, 78962.43
3, 76, 78996.76
3, 77, 78964.9
3, 78, 78979.8
3, 79, 78968.28
3, 80, -372.51
3, 81, -365.54
3, 82, 78961.85
3, 83, 78968.17
3, 84, 78965.7
3, 85, 78957.98
3, 86, -372.77
3, 87, 78965.69
3, 88, 78972.74
3, 89, 78979.39
3, 90, 78965.91
3, 91, 78972.96
3, 92, 78977.62
3, 93, 78971.28
3, 94, 78959.87
3, 95, 78962.3
3, 96, -372.64
3, 97, 78978.64
3, 98, 78967.18
3, 99, 78966.89
3, 100, -374.85
3, 101, 78964.94
3, 102, 78968.91
3, 103, 78969.56
3, 104, 78985.48
3, 105, 78964.2
3, 106, -371.7
3, 107, 78966.57
3, 108, 78974.08
3, 109, 78966.56
3, 110, 78956.0
3, 111, 78956.98
3, 112, 78964.75
3, 113, 78960.31
3, 114, 78967.87
3, 115, 78968.68
3, 116, 78968.91
3, 117, 78967.5
3, 118, 78985.15
3, 119, 78966.4
3, 120, 78973.65
3, 121, 78964.95
3, 122, 78960.71
3, 123, 78955.63
3, 124, 79000.3
3, 125, 78977.01
3, 126, 78969.21
3, 127, 78963.0
3, 128, 78982.18
3, 129, 78966.77
3, 130, 78961.62
3, 131, 78977.08
3, 132, -308.94
3, 133, 78976.24
3, 134, 78961.58
3, 135, 78964.6
3, 136, 78966.2
3, 137, 78973.71
3, 138, 78968.41
3, 139, 78967.72
3, 140, 78968.33
3, 141, 78964.72
3, 142, 78974.33
3, 143, 78967.82
3, 144, 78965.46
3, 145, 78962.54
3, 146, -368.91
3, 147, 78955.64
3, 148, 78965.02
3, 149, 78964.12
3, 150, 78970.24
3, 151, -372.1
3, 152, 78968.31
3, 153, 78961.31
3, 154, 78985.07
3, 155, 78964.18
3, 156, 78966.69
3, 157, 78963.81
3, 158, 78994.31
3, 159, 78959.7
3, 160, 78969.49
3, 161, 78965.88
3, 162, 78957.19
3, 163, 78974.36
3, 164, 78965.82
3, 165, 78968.16
3, 166, 78963.02
3, 167, 78967.76
3, 168, 78987.77
3, 169, 79000.56
3, 170, 78968.38
3, 171, 78969.25
3, 172, 78973.56
3, 173, 78966.71
3, 174, 78948.41
3, 175, 78958.09
3, 176, 78971.07
3, 177, 78971.58
3, 178, 78971.29
3, 179, 78967.28
3, 180, 78970.14
3, 181, 78964.13
3, 182, 78988.23
3, 183, 78973.09
3, 184, 78968.17
3, 185, 78980.89
3, 186, -373.22
3, 187, 78974.57
3, 188, 78971.07
3, 189, 78965.53
3, 190, 78963.3
3, 191, 78962.25
3, 192, 78967.21
3, 193, 78963.23
3, 194, 78965.32
3, 195, 78973.07
3, 196, 78976.83
3, 197, 78948.69
3, 198, 78977.57
3, 199, -371.19
3, 200, 78967.27
3, 201, 78998.51
3, 202, 78975.84
3, 203, 78974.23
3, 204, 78968.33
3, 205, 78964.11
3, 206, 78959.23
3, 207, 78973.48
3, 208, -369.4
3, 209, 78975.82
3, 210, 78976.33
3, 211, 78965.48
3, 212, 78963.04
3, 213, 78976.14
3, 214, 78979.2
3, 215, -380.44
3, 216, 78965.29
3, 217, 78973.06
3, 218, 78971.82
3, 219, 78967.41
3, 220, 78981.33
3, 221, 78968.91
3, 222, 78976.47
3, 223, -368.49
3, 224, 78969.64
3, 225, 78944.93
3, 226, 78992.4
3, 227, 78988.09
3, 228, 78970.28
3, 229, 78986.7
3, 230, 78975.51
3, 231, 78962.24
3, 232, 78963.3
3, 233, 78985.83
3, 234, 78970.09
3, 235, -372.01
3, 236, 78968.24
3, 237, 78978.65
3, 238, 78964.76
3, 239, 78965.62
3, 240, 78967.73
3, 241, 78966.59
3, 242, 78981.48
3, 243, 78968.24
3, 244, 78971.32
3, 245, 78963.39
3, 246, 79020.51
3, 247, 78962.42
3, 248, 78963.31
3, 249, 78974.21
3, 250, 78962.66
3, 251, 78975.07
3, 252, 78970.97
3, 253, 78978.56
3, 254, 78963.53
3, 255, 78968.55
3, 256, 78968.1
3, 257, 78967.03
3, 258, 78950.5
3, 259, 78962.04
3, 260, 78973.01
3, 261, 78978.47
3, 262, 78964.76
3, 263, 78972.98
3, 264, 78968.01
3, 265, 78963.81
3, 266, -371.97
3, 267, 78965.84
3, 268, 78981.46
3, 269, 78972.52
3, 270, -376.72
3, 271, 78964.56
3, 272, 78988.69
3, 273, 78976.55
3, 274, 78997.71
3, 275, -364.03
3, 276, 78992.19
3, 277, 78993.0
3, 278, 78978.09
3, 279, 78964.99
3, 280, 78964.97
3, 281, 78967.33
3, 282, -338.79
3, 283, 78961.5
3, 284, 78964.85
3, 285, 78965.72
3, 286, 78973.96
3, 287, 78962.48
3, 288, 78971.41
3, 289, 78966.11
3, 290, 78995.48
3, 291, -369.09
3, 292, 78979.69
3, 293, 78964.42
3, 294, 78948.26
3, 295, -347.41
3, 296, 78985.08
3, 297, 78957.3
3, 298, -350.98
3, 299, -369.78
3, 300, -359.33
3, 301, 78969.23
3, 302, 78962.27
3, 303, -345.29
3, 304, 78969.4
3, 305, 78964.86
3, 306, 78961.9
3, 307, -365.7
3, 308, 78963.91
3, 309, 78965.82
3, 310, 78980.18
3, 311, -363.07
3, 312, 78972.01
3, 313, 78963.65
3, 314, 78963.73
3, 315, 78970.5
3, 316, 78962.13
3, 317, 78969.68
3, 318, 78970.66
3, 319, 78968.78
3, 320, 78966.42
3, 321, 78960.61
3, 322, 78959.5
3, 323, 78968.65
3, 324, 78966.69
3, 325, 78965.98
3, 326, -368.9
3, 327, 78961.15
3, 328, 78980.47
3, 329, 78961.49
3, 330, 78969.09
3, 331, 78965.81
3, 332, 78967.1
3, 333, 78968.99
3, 334, 78975.75
3, 335, 78965.94
3, 336, 78967.34
3, 337, 78970.18
3, 338, -368.1
3, 339, 78961.27
3, 340, 78972.02
3, 341, 78967.47
3, 342, 78976.38
3, 343, 78961.03
3, 344, 78967.34
3, 345, -367.78
3, 346, 78958.97
3, 347, 79001.76
3, 348, 78970.71
3, 349, 78973.66
3, 350, 78961.68
3, 351, 78967.46
3, 352, 78969.87
3, 353, 78985.39
3, 354, -357.76
3, 355, 78967.14
3, 356, 78971.25
3, 357, 78963.31
3, 358, 78999.9
3, 359, 78960.93
3, 360, 78985.81
3, 361, 78965.39
3, 362, 78967.95
3, 363, 78966.2
3, 364, 78971.75
3, 365, 78978.61
3, 366, 78963.71
3, 367, 78966.55
3, 368, 78971.76
3, 369, 78971.23
3, 370, 78969.96
3, 371, 78968.99
3, 372, -378.12
3, 373, 78992.35
3, 374, 79000.08
3, 375, 78966.35
3, 376, 78968.48
3, 377, 78965.6
3, 378, -366.79
3, 379, -374.9
3, 380, 78970.45
3, 381, 78968.0
3, 382, 78955.49
3, 383, -375.7
3, 384, 78967.08
3, 385, 78964.38
3, 386, 78974.45
3, 387, 78967.41
3, 388, 78961.81
3, 389, 78976.89
3, 390, 78972.04
3, 391, 78970.77
3, 392, 78964.14
3, 393, 78976.76
3, 394, 78965.44
3, 395, 79037.74
3, 396, 78971.58
3, 397, 78973.74
3, 398, 78965.75
3, 399, 78962.69
3, 400, -326.23
3, 401, 78972.15
3, 402, 78980.07
3, 403, 78968.08
3, 404, 78972.83
3, 405, 78970.65
3, 406, 78973.83
3, 407, 78966.29
3, 408, 78989.41
3, 409, 78965.79
3, 410, 78966.83
3, 411, 78973.28
3, 412, 78966.05
3, 413, 78964.58
3, 414, 78979.13
3, 415, 78970.6
3, 416, 78994.43
3, 417, 78971.14
3, 418, 78967.35
3, 419, 78959.17
3, 420, 78960.65
3, 421, 78975.47
3, 422, 78972.26
3, 423, -370.75
3, 424, 78964.99
3, 425, 78973.67
3, 426, 78981.73
3, 427, 79036.28
3, 428, -355.27
3, 429, 78973.14
3, 430, -387.22
3, 431, 78970.85
3, 432, 78963.09
3, 433, 78984.29
3, 434, -363.29
3, 435, 78966.18
3, 436, -365.3
3, 437, -374.22
3, 438, 78988.97
3, 439, 78965.69
3, 440, 78974.14
3, 441, 78974.08
3, 442, 78964.13
3, 443, 78970.57
3, 444, 78962.77
3, 445, -351.62
3, 446, -341.97
3, 447, 78971.2
3, 448, 78965.54
3, 449, 78965.09
3, 450, 78964.67
3, 451, -373.11
3, 452, 78984.61
3, 453, 78965.99
3, 454, 78999.16
3, 455, 78971.71
3, 456, 78970.87
3, 457, 78988.64
3, 458, 78967.16
3, 459, 78958.59
3, 460, 78970.19
3, 461, 78972.13
3, 462, 78968.49
3, 463, 78966.46
3, 464, 78966.1
3, 465, -361.12
3, 466, 78970.4
3, 467, 79015.18
3, 468, 78968.18
3, 469, 78968.45
3, 470, 78970.09
3, 471, 78961.61
3, 472, 78965.98
3, 473, -370.78
3, 474, 78968.69
3, 475, 78967.62
3, 476, 78972.42
3, 477, 78980.89
3, 478, 78975.57
3, 479, 78970.05
3, 480, 78967.22
3, 481, 78999.66
3, 482, -369.44
3, 483, 78966.89
3, 484, 78967.94
3, 485, 78994.69
3, 486, 78968.95
3, 487, 78963.4
3, 488, 78967.58
3, 489, 78964.68
3, 490, -367.01
3, 491, -373.99
3, 492, 78967.17
3, 493, 78966.85
3, 494, 78969.59
3, 495, 78977.4
3, 496, -370.18
3, 497, 78968.49
3, 498, 78973.2
3, 499, 78976.04
3, 500, 78961.13
3, 501, 78963.2
3, 502, 78967.12
3, 503, 78964.27
3, 504, 78969.47
3, 505, 78980.81
3, 506, 78969.92
3, 507, 78979.23
3, 508, 78973.39
3, 509, -377.19
3, 510, 78986.74
3, 511, 78972.0
3, 512, 78969.04
3, 513, 78973.38
3, 514, -368.14
3, 515, 78976.19
3, 516, 78971.74
3, 517, 78970.27
3, 518, 78967.4
3, 519, 78973.4
3, 520, -369.64
3, 521, 78976.11
3, 522, 78967.33
3, 523, 78960.94
3, 524, 78969.58
3, 525, 78972.67
3, 526, 78964.8
3, 527, 78971.95
3, 528, 78966.55
3, 529, 78975.74
3, 530, 78966.36
3, 531, 78963.23
3, 532, -364.36
3, 533, 78962.16
3, 534, 79002.82
3, 535, 78961.31
3, 536, 78966.3
3, 537, 79003.85
3, 538, 78965.54
3, 539, -370.09
3, 540, 78970.86
3, 541, -370.89
3, 542, 78968.68
3, 543, -374.27
3, 544, 78970.96
3, 545, 78967.76
3, 546, 79057.4
3, 547, -363.5
3, 548, -369.48
3, 549, 78962.26
3, 550, 78973.6
3, 551, 78970.69
3, 552, 78966.91
3, 553, 78973.35
3, 554, 78964.82
3, 555, 78967.78
3, 556, 78964.84
3, 557, 78964.6
3, 558, -360.85
3, 559, 78976.44
3, 560, 78971.87
3, 561, 78963.68
3, 562, 78967.27
3, 563, 78986.38
3, 564, 79007.06
3, 565, 78970.98
3, 566, -374.79
3, 567, -348.37
3, 568, 78964.42
3, 569, 78977.28
3, 570, 78975.76
3, 571, 78989.23
3, 572, 78970.62
3, 573, 78963.0
3, 574, 79026.43
3, 575, 78972.31
3, 576, 78965.23
3, 577, 78969.59
3, 578, 78961.69
3, 579, -367.53
3, 580, 78964.59
3, 581, 78978.82
3, 582, 78962.28
3, 583, 78986.19
3, 584, 78971.58
3, 585, -353.2
3, 586, 78971.47
3, 587, 78973.36
3, 588, -367.73
3, 589, 78958.77
3, 590, 78973.1
3, 591, 78966.58
3, 592, 78971.07
3, 593, -373.14
3, 594, -367.77
3, 595, 78965.91
3, 596, 78966.02
3, 597, 78971.86
3, 598, 78983.18
3, 599, 78962.66
3, 600, 78960.84
3, 601, 78964.59
3, 602, -363.18
3, 603, 78972.84
3, 604, -366.51
3, 605, 78972.58
3, 606, 78970.37
3, 607, 78971.89
3, 608, 78966.22
3, 609, 78966.88
3, 610, 78966.04
3, 611, 78966.86
3, 612, 78966.66
3, 613, 78971.02
3, 614, 78976.2
3, 615, 78972.64
3, 616, 78971.65
3, 617, 78966.07
3, 618, 78987.7
3, 619, 78966.63
3, 620, 78959.65
3, 621, -366.85
3, 622, 78977.18
3, 623, 78962.92
3, 624, 78964.0
3, 625, 78968.27
3, 626, 78971.3
3, 627, -318.26
3, 628, 78972.35
3, 629, 78974.74
3, 630, 78955.82
3, 631, 78960.6
3, 632, 78972.57
3, 633, 78973.62
3, 634, 78960.93
3, 635, 78970.67
3, 636, 78966.05
3, 637, 78965.27
3, 638, 78972.71
3, 639, 78965.99
3, 640, 78978.32
3, 641, 78968.75
3, 642, 78966.85
3, 643, -372.91
3, 644, 78967.55
3, 645, -361.19
3, 646, 78964.75
3, 647, 78976.47
3, 648, 78957.87
3, 649, 78963.68
3, 650, 78982.31
3, 651, 78963.9
3, 652, 78963.31
3, 653, 78969.55
3, 654, 78967.91
3, 655, 78966.1
3, 656, 78990.72
3, 657, 78963.72
3, 658, 78973.52
3, 659, 78968.02
3, 660, 78984.42
3, 661, 78962.68
3, 662, 78969.22
3, 663, 78969.78
3, 664, 78961.15
3, 665, 78969.91
3, 666, 78967.79
3, 667, 78964.6
3, 668, 78969.94
3, 669, 78964.44
3, 670, 78962.25
3, 671, 78972.01
3, 672, 78971.46
3, 673, 78987.28
3, 674, -368.98
3, 675, 78964.62
3, 676, 78966.56
3, 677, 78969.38
3, 678, 78965.0
3, 679, 78963.12
3, 680, 78966.92
3, 681, 78994.54
3, 682, -370.14
3, 683, 78972.01
3, 684, 78972.7
3, 685, 78971.74
3, 686, 78970.28
3, 687, 78966.38
3, 688, 78978.97
3, 689, 78973.49
3, 690, 79036.87
3, 691, -345.68
3, 692, 78971.64
3, 693, 78969.08
3, 694, 78970.73
3, 695, 78968.8
3, 696, 78978.94
3, 697, 78974.02
3, 698, 78973.49
3, 699, 78965.73
3, 700, 78964.64
3, 701, 78970.87
3, 702, 78968.36
3, 703, 78969.75
3, 704, 78978.11
3, 705, 78971.14
3, 706, -376.76
3, 707, 78971.64
3, 708, -327.35
3, 709, 78976.52
3, 710, 78971.07
3, 711, 78968.59
3, 712, 78968.49
3, 713, 78972.47
3, 714, 78972.38
3, 715, 78974.48
3, 716, 78974.02
3, 717, 78960.26
3, 718, 78962.76
3, 719, 78961.43
3, 720, 78996.55
3, 721, 78966.92
3, 722, 78977.0
3, 723, 78971.36
3, 724, 78966.37
3, 725, 78970.02
3, 726, 78982.85
3, 727, 78958.36
3, 728, 78972.71
3, 729, 78969.85
3, 730, 78976.85
3, 731, 78992.48
3, 732, 78969.66
3, 733, -331.57
3, 734, 78963.64
3, 735, 78962.18
3, 736, 78964.14
3, 737, 78961.37
3, 738, -365.66
3, 739, 78971.1
3, 740, 78976.98
3, 741, 78996.5
3, 742, 78970.51
3, 743, 78961.61
3, 744, 78971.25
3, 745, 78963.23
3, 746, 78969.54
3, 747, 78951.97
3, 748, 78960.99
3, 749, 78998.79
3, 750, 78962.47
3, 751, 78959.28
3, 752, 78971.15
3, 753, 78963.66
3, 754, -366.5
3, 755, -374.6
3, 756, 78975.06
3, 757, 78997.19
3, 758, 78968.95
3, 759, 78969.93
3, 760, 79038.88
3, 761, 78967.85
3, 762, 78977.01
3, 763, 78972.71
3, 764, 78973.11
3, 765, 78966.46
3, 766, 78967.15
3, 767, 78959.2
3, 768, 78970.54
3, 769, -365.41
3, 770, 78966.3
3, 771, 78984.97
3, 772, 78966.3
3, 773, 78964.8
3, 774, -325.08
3, 775, 78966.04
3, 776, 78960.99
3, 777, 78992.68
3, 778, -370.11
3, 779, 78963.72
3, 780, 78970.41
3, 781, 78967.29
3, 782, 78966.76
3, 783, 78964.49
3, 784, 78951.74
3, 785, 78962.6
3, 786, 78974.08
3, 787, 78962.05
3, 788, 78992.22
3, 789, -336.63
3, 790, 78966.29
3, 791, 78962.7
3, 792, 78985.59
3, 793, 78966.34
3, 794, 78971.85
3, 795, 78979.55
3, 796, 79006.32
3, 797, 78968.63
3, 798, 78999.96
3, 799, 78955.99
3, 800, 78961.47
3, 801, 78965.93
3, 802, 78974.18
3, 803, 78967.37
3, 804, -359.82
3, 805, 78960.71
3, 806, 78976.66
3, 807, 78960.45
3, 808, -375.93
3, 809, 78962.16
3, 810, 78963.06
3, 811, 78979.58
3, 812, 78956.94
3, 813, 78961.54
3, 814, -374.21
3, 815, 78972.01
3, 816, -369.13
3, 817, 78968.24
3, 818, -368.91
3, 819, 78997.97
3, 820, 78979.04
3, 821, 78962.65
3, 822, 78989.09
3, 823, -369.49
3, 824, 78975.85
3, 825, -370.98
3, 826, 78965.84
3, 827, 78966.42
3, 828, 78969.92
3, 829, 78972.29
3, 830, 78963.12
3, 831, 78972.89
3, 832, -374.8
3, 833, 78967.83
3, 834, 78962.01
3, 835, 78967.79
3, 836, 78977.87
3, 837, -367.53
3, 838, 78969.02
3, 839, -366.15
3, 840, 78964.29
3, 841, -366.73
3, 842, 78976.48
3, 843, -375.6
3, 844, -374.2
3, 845, 78967.66
3, 846, 78965.27
3, 847, 78962.4
3, 848, 78960.84
3, 849, 78976.47
3, 850, 79031.72
3, 851, 78962.94
3, 852, 78962.29
3, 853, 78975.39
3, 854, 79004.8
3, 855, 78965.77
3, 856, 78963.31
3, 857, 78972.32
3, 858, 78966.84
3, 859, 78971.09
3, 860, 78972.93
3, 861, -373.67
3, 862, -367.82
3, 863, 78985.34
3, 864, 78966.7
3, 865, 78981.53
3, 866, 78974.92
3, 867, 78964.9
3, 868, 78974.32
3, 869, 78968.57
3, 870, 78968.67
3, 871, 78965.03
3, 872, 78968.48
3, 873, 78995.14
3, 874, 78964.49
3, 875, 78985.29
3, 876, 78965.79
3, 877, 78977.23
3, 878, 78959.99
3, 879, 78962.07
3, 880, 78972.98
3, 881, 78979.48
3, 882, -366.39
3, 883, 78967.93
3, 884, 78996.4
3, 885, 78978.4
3, 886, 78985.03
3, 887, -367.21
3, 888, 78986.34
3, 889, 78964.65
3, 890, 78965.85
3, 891, 78982.61
3, 892, 78966.44
3, 893, 78976.8
3, 894, 78965.66
3, 895, 78962.38
3, 896, 78959.61
3, 897, 78961.6
3, 898, 78956.77
3, 899, 78964.4
3, 900, 78960.02
3, 901, 78958.08
3, 902, 78981.24
3, 903, 78960.25
3, 904, 78964.48
3, 905, -371.59
3, 906, 78977.21
3, 907, 78980.03
3, 908, -367.08
3, 909, -372.1
3, 910, -369.26
3, 911, 78968.63
3, 912, 78966.1
3, 913, 78966.19
3, 914, 78966.47
3, 915, 78958.93
3, 916, 78977.62
3, 917, 78977.86
3, 918, 78973.2
3, 919, 78963.82
3, 920, 78972.38
3, 921, 78975.4
3, 922, 78968.94
3, 923, 78963.89
3, 924, 78963.94
3, 925, 78977.37
3, 926, 79000.65
3, 927, -367.61
3, 928, 78965.48
3, 929, 78970.2
3, 930, 78973.68
3, 931, 78964.77
3, 932, 78966.86
3, 933, 78969.03
3, 934, 79012.91
3, 935, 78952.38
3, 936, 78963.43
3, 937, 78990.65
3, 938, 78969.42
3, 939, 78960.73
3, 940, 78978.41
3, 941, 78967.96
3, 942, -360.73
3, 943, 78977.79
3, 944, 78966.53
3, 945, 78967.53
3, 946, 78969.3
3, 947, 78964.04
3, 948, 78971.54
3, 949, 78972.0
3, 950, 79004.16
3, 951, -359.63
3, 952, 78982.97
3, 953, 78965.75
3, 954, -372.14
3, 955, 78984.14
3, 956, 78992.38
3, 957, -369.87
3, 958, 78968.86
3, 959, 78966.79
3, 960, 78969.67
3, 961, 78959.34
3, 962, 78957.58
3, 963, 78971.36
3, 964, 78964.66
3, 965, 78971.99
3, 966, 78971.37
3, 967, 78963.63
3, 968, 78965.97
3, 969, 78966.69
3, 970, 78980.16
3, 971, 78964.11
3, 972, 78961.76
3, 973, 78958.72
3, 974, 78972.64
3, 975, 78961.46
3, 976, 78966.8
3, 977, 78976.51
3, 978, 78964.74
3, 979, 78965.79
3, 980, 78958.98
3, 981, 78969.12
3, 982, 78972.65
3, 983, 78974.63
3, 984, 78965.04
3, 985, 78967.17
3, 986, 78960.6
3, 987, 78983.71
3, 988, 78974.88
3, 989, 79010.53
3, 990, 78970.26
3, 991, 78967.54
3, 992, 78966.48
3, 993, 78970.8
3, 994, 78966.16
3, 995, 78993.8
3, 996, 78975.7
3, 997, 78971.26
3, 998, 78972.07
3, 999, 78961.2
3, 1000, 78997.03
3000, 808, -375.93
