9, 1, 79085.05
9, 2, 79079.69
9, 3, 79077.64
9, 4, 79047.97
9, 5, -261.02
9, 6, 79079.72
9, 7, 79055.89
9, 8, 79069.21
9, 9, 79094.74
9, 10, 79051.52
9, 11, 79089.43
9, 12, 79095.82
9, 13, 79077.6
9, 14, 79086.36
9, 15, 79081.75
9, 16, 79129.67
9, 17, 79048.89
9, 18, 79081.04
9, 19, 79089.19
9, 20, 79080.23
9, 21, 79098.72
9, 22, 79080.77
9, 23, 79068.68
9, 24, 79047.55
9, 25, -250.55
9, 26, 79086.18
9, 27, 79106.33
9, 28, 79080.51
9, 29, 79080.13
9, 30, -229.9
9, 31, -260.21
9, 32, 79078.53
9, 33, -278.16
9, 34, 79056.57
9, 35, 79019.1
9, 36, 79070.06
9, 37, -279.3
9, 38, 79045.23
9, 39, 79020.84
9, 40, 79054.95
9, 41, 79057.6
9, 42, 79058.8
9, 43, -282.79
9, 44, -266.02
9, 45, 79059.34
9, 46, 79079.4
9, 47, 79032.8
9, 48, 79044.33
9, 49, 79084.8
9, 50, 79039.18
9, 51, 79068.49
9, 52, 79056.19
9, 53, 79055.65
9, 54, 79055.41
9, 55, 79048.36
9, 56, 79067.88
9, 57, 79056.26
9, 58, 79055.79
9, 59, 79050.05
9, 60, 79056.79
9, 61, 79053.51
9, 62, 79055.06
9, 63, 79051.11
9, 64, 79031.92
9, 65, 79056.58
9, 66, 79052.81
9, 67, 79043.14
9, 68, 79055.09
9, 69, 79059.18
9, 70, 79068.37
9, 71, 79045.8
9, 72, 79043.0
9, 73, 79054.19
9, 74, 79039.71
9, 75, 79068.1
9, 76, 79029.89
9, 77, -273.17
9, 78, -272.97
9, 79, 79071.72
9, 80, -275.27
9, 81, 79055.43
9, 82, 79078.08
9, 83, 79078.45
9, 84, 79052.55
9, 85, 79070.16
9, 86, 79064.14
9, 87, 79065.76
9, 88, 79064.79
9, 89, 79042.94
9, 90, 79054.15
9, 91, 79044.02
9, 92, 79058.39
9, 93, 79137.13
9, 94, 79063.13
9, 95, 79066.41
9, 96, 79080.0
9, 97, 79058.89
9, 98, 79068.94
9, 99, 79062.73
9, 100, 79063.82
9, 101, -271.03
9, 102, 79110.42
9, 103, 79062.28
9, 104, 79054.76
9, 105, -257.3
9, 106, 79026.19
9, 107, 79033.74
9, 108, 79070.26
9, 109, 79045.39
9, 110, 79089.65
9, 111, 79064.39
9, 112, 79052.04
9, 113, 79061.47
9, 114, 79063.14
9, 115, 79074.33
9, 116, 79071.82
9, 117, 79031.07
9, 118, 79079.39
9, 119, 79074.76
9, 120, 79077.29
9, 121, 79087.05
9, 122, 79063.92
9, 123, 79080.77
9, 124, 79068.74
9, 125, 79047.95
9, 126, 79081.45
9, 127, 79088.95
9, 128, 79087.24
9, 129, 79101.18
9, 130, 79088.59
9, 131, 79102.79
9, 132, 79082.32
9, 133, 79090.78
9, 134, 79108.18
9, 135, 79087.49
9, 136, 79080.29
9, 137, 79081.64
9, 138, 79096.49
9, 139, 79093.85
9, 140, 79085.09
9, 141, 79171.9
9, 142, 79024.68
9, 143, 79025.57
9, 144, 79086.51
9, 145, 79081.55
9, 146, 79080.92
9, 147, 79072.77
9, 148, 79088.55
9, 149, 79078.28
9, 150, 79091.3
9, 151, 79082.47
9, 152, 79042.16
9, 153, 79085.23
9, 154, 79107.34
9, 155, 79095.2
9, 156, 79067.76
9, 157, 79091.1
9, 158, 79078.97
9, 159, 79050.69
9, 160, -251.46
9, 161, 79111.29
9, 162, 79084.68
9, 163, 79052.55
9, 164, 79101.03
9, 165, 79090.73
9, 166, 79079.11
9, 167, 79043.03
9, 168, 79075.79
9, 169, 79098.38
9, 170, 79047.37
9, 171, 79062.47
9, 172, -242.3
9, 173, 79091.38
9, 174, 79110.01
9, 175, 79102.41
9, 176, -239.92
9, 177, 79047.41
9, 178, 79057.17
9, 179, 79086.23
9, 180, 79083.46
9, 181, 79049.41
9, 182, 79061.0
9, 183, 79025.13
9, 184, 79086.49
9, 185, 79089.32
9, 186, 79107.72
9, 187, 79084.67
9, 188, 79040.9
9, 189, 79079.27
9, 190, 79114.16
9, 191, 79088.07
9, 192, 79043.17
9, 193, 79106.14
9, 194, -236.93
9, 195, 79093.45
9, 196, 79045.05
9, 197, 79082.79
9, 198, 79078.56
9, 199, 79084.49
9, 200, 79079.06
9, 201, 79085.96
9, 202, 79087.0
9, 203, 79116.76
9, 204, 79067.47
9, 205, 79049.18
9, 206, 79095.74
9, 207, 79066.79
9, 208, 79044.46
9, 209, 79081.45
9, 210, 79079.78
9, 211, 79084.27
9, 212, 79059.56
9, 213, 79078.36
9, 214, -243.13
9, 215, 79085.35
9, 216, 79074.06
9, 217, 79093.83
9, 218, 79048.92
9, 219, -250.73
9, 220, 79139.44
9, 221, -243.32
9, 222, -247.35
9, 223, 79082.95
9, 224, 79073.3
9, 225, 79092.27
9, 226, 79085.97
9, 227, -251.29
9, 228, 79081.98
9, 229, 79085.91
9, 230, 79086.74
9, 231, 79052.34
9, 232, 79084.81
9, 233, 79151.33
9, 234, 79046.93
9, 235, 79087.03
9, 236, 79046.43
9, 237, 79087.13
9, 238, 79040.78
9, 239, 79081.4
9, 240, 79103.35
9, 241, 79085.0
9, 242, 79094.93
9, 243, 79114.17
9, 244, -237.89
9, 245, -241.4
9, 246, 79092.75
9, 247, 79078.38
9, 248, 79072.27
9, 249, 79084.25
9, 250, 79089.07
9, 251, 79075.99
9, 252, 79029.14
9, 253, 79083.88
9, 254, 79070.89
9, 255, 79060.24
9, 256, 79072.42
9, 257, 79042.5
9, 258, -244.53
9, 259, 79102.39
9, 260, 79108.66
9, 261, -218.23
9, 262, 79044.25
9, 263, 79118.41
9, 264, 79081.89
9, 265, -234.98
9, 266, -236.92
9, 267, 79096.11
9, 268, 79041.21
9, 269, -286.4
9, 270, 79046.16
9, 271, 79037.43
9, 272, 79046.97
9, 273, 79050.86
9, 274, 79054.5
9, 275, 79057.62
9, 276, 79048.1
9, 277, 79047.99
9, 278, -286.73
9, 279, 79018.16
9, 280, 79056.16
9, 281, -285.6
9, 282, 79046.39
9, 283, -283.46
9, 284, -296.15
9, 285, 79035.82
9, 286, 79025.63
9, 287, 79051.08
9, 288, 79041.42
9, 289, 79052.59
9, 290, 79038.57
9, 291, 79014.82
9, 292, 79023.97
9, 293, 79031.45
9, 294, 79051.52
9, 295, 79034.67
9, 296, 79045.86
9, 297, 79051.77
9, 298, -294.97
9, 299, 79040.16
9, 300, -301.48
9, 301, -303.83
9, 302, 79037.7
9, 303, 79039.58
9, 304, -309.37
9, 305, 79023.4
9, 306, 79028.46
9, 307, 79020.63
9, 308, 79034.74
9, 309, 79036.5
9, 310, 79031.8
9, 311, -314.75
9, 312, 79020.93
9, 313, 79025.49
9, 314, 79026.1
9, 315, 79024.44
9, 316, 79042.1
9, 317, 79030.68
9, 318, 79025.19
9, 319, 79049.39
9, 320, 79020.5
9, 321, 79042.19
9, 322, 79035.0
9, 323, 79035.17
9, 324, 79023.08
9, 325, 79017.18
9, 326, 79019.15
9, 327, 79027.88
9, 328, 79031.66
9, 329, 79043.24
9, 330, 79037.54
9, 331, 79067.28
9, 332, 79004.25
9, 333, 79021.42
9, 334, 79031.22
9, 335, 79043.59
9, 336, 79026.24
9, 337, 79017.73
9, 338, 79032.9
9, 339, 79027.78
9, 340, 79037.57
9, 341, -305.11
9, 342, 79024.22
9, 343, -320.93
9, 344, 79029.41
9, 345, 79047.07
9, 346, 79034.56
9, 347, 79003.63
9, 348, -306.59
9, 349, -308.21
9, 350, 79025.96
9, 351, 79024.87
9, 352, 78993.53
9, 353, 79023.93
9, 354, 79015.78
9, 355, 79029.28
9, 356, 79043.88
9, 357, 79019.06
9, 358, 79070.64
9, 359, 79011.41
9, 360, 79024.7
9, 361, 79010.29
9, 362, 79021.21
9, 363, 79009.69
9, 364, 79025.59
9, 365, 79012.8
9, 366, 79004.16
9, 367, 79050.96
9, 368, 79031.24
9, 369, 79015.61
9, 370, 79033.81
9, 371, 79020.54
9, 372, 79020.46
9, 373, 79033.31
9, 374, 79016.76
9, 375, 79030.08
9, 376, 79026.22
9, 377, 79055.04
9, 378, 79011.46
9, 379, 79047.82
9, 380, 79016.54
9, 381, 79011.17
9, 382, 79014.24
9, 383, 79013.09
9, 384, 79044.5
9, 385, -320.84
9, 386, 79020.94
9, 387, 79018.4
9, 388, 79012.04
9, 389, 79041.06
9, 390, 79007.22
9, 391, -316.45
9, 392, 79033.63
9, 393, 79030.55
9, 394, 79019.01
9, 395, -305.6
9, 396, 79014.11
9, 397, 79025.21
9, 398, 79021.3
9, 399, 79029.71
9, 400, -316.47
9, 401, 79022.19
9, 402, 79040.76
9, 403, 79024.22
9, 404, 79021.93
9, 405, 79004.81
9, 406, 79013.2
9, 407, 79021.87
9, 408, 79013.32
9, 409, 79021.92
9, 410, 79011.51
9, 411, 79081.65
9, 412, 79020.29
9, 413, -313.7
9, 414, 79025.16
9, 415, 79017.34
9, 416, -316.62
9, 417, 79038.16
9, 418, 79022.01
9, 419, 79017.06
9, 420, 79021.44
9, 421, 79014.58
9, 422, 79021.48
9, 423, 79019.49
9, 424, 79006.66
9, 425, 79020.38
9, 426, 79025.36
9, 427, -341.29
9, 428, 79022.8
9, 429, -313.47
9, 430, 79017.93
9, 431, 79002.6
9, 432, 79014.3
9, 433, 78995.45
9, 434, 78998.23
9, 435, -348.18
9, 436, 78998.24
9, 437, 78990.79
9, 438, 78998.08
9, 439, 78996.34
9, 440, 78987.99
9, 441, -346.89
9, 442, 78989.7
9, 443, 79005.23
9, 444, 79011.87
9, 445, -338.41
9, 446, 78987.32
9, 447, -345.26
9, 448, 78981.48
9, 449, 78991.19
9, 450, 78989.48
9, 451, 79027.89
9, 452, 78996.65
9, 453, 78990.64
9, 454, 78984.68
9, 455, 78990.58
9, 456, 79018.16
9, 457, 79018.98
9, 458, 78991.82
9, 459, 78999.06
9, 460, 78993.79
9, 461, 78986.11
9, 462, 78995.69
9, 463, 78984.33
9, 464, 78990.28
9, 465, 79018.33
9, 466, 78984.59
9, 467, 79027.27
9, 468, 78990.46
9, 469, 78984.03
9, 470, 78999.52
9, 471, -341.51
9, 472, 78990.53
9, 473, 78993.98
9, 474, 78995.41
9, 475, 79026.87
9, 476, 78991.54
9, 477, 78997.98
9, 478, 79008.11
9, 479, -343.45
9, 480, 78986.46
9, 481, 78992.47
9, 482, 79011.05
9, 483, 78989.63
9, 484, -345.15
9, 485, -347.38
9, 486, 78990.44
9, 487, 78995.97
9, 488, -347.91
9, 489, 78998.49
9, 490, 78982.71
9, 491, 78990.64
9, 492, 78978.22
9, 493, 78985.31
9, 494, 78990.97
9, 495, 78994.62
9, 496, 79016.53
9, 497, 79005.96
9, 498, 78992.98
9, 499, 78989.11
9, 500, 79008.9
9, 501, 78993.62
9, 502, 79012.43
9, 503, 78987.28
9, 504, 78983.5
9, 505, 78982.41
9, 506, 78994.78
9, 507, 78997.6
9, 508, 78991.43
9, 509, -325.86
9, 510, 79007.19
9, 511, 78993.45
9, 512, 78994.68
9, 513, 78988.11
9, 514, 78984.37
9, 515, 79005.88
9, 516, 78992.9
9, 517, 79007.47
9, 518, 79001.56
9, 519, 78992.29
9, 520, 78995.87
9, 521, 79025.12
9, 522, 78979.98
9, 523, 78995.73
9, 524, 78979.45
9, 525, 79000.16
9, 526, 79010.69
9, 527, 78994.49
9, 528, 78987.28
9, 529, 78994.26
9, 530, -312.26
9, 531, 79008.3
9, 532, 78992.15
9, 533, -335.53
9, 534, 78992.14
9, 535, 78968.27
9, 536, 78991.72
9, 537, 79000.92
9, 538, 78989.38
9, 539, -342.86
9, 540, 78990.43
9, 541, 79018.16
9, 542, 78985.92
9, 543, 79054.58
9, 544, -349.72
9, 545, -302.24
9, 546, 78991.65
9, 547, 78983.43
9, 548, 78995.0
9, 549, 78978.97
9, 550, 78987.04
9, 551, 79002.15
9, 552, 79011.36
9, 553, 79021.5
9, 554, 78976.88
9, 555, 78994.66
9, 556, 78990.49
9, 557, 78987.53
9, 558, 79000.8
9, 559, -339.65
9, 560, -308.51
9, 561, 78989.18
9, 562, 78992.58
9, 563, 78993.43
9, 564, -344.88
9, 565, 78987.95
9, 566, 78990.95
9, 567, 78983.18
9, 568, 78991.15
9, 569, 78994.56
9, 570, 78986.31
9, 571, 78986.49
9, 572, 78999.37
9, 573, -351.46
9, 574, -345.14
9, 575, 79007.8
9, 576, 79002.26
9, 577, 78986.61
9, 578, 79001.82
9, 579, 78985.78
9, 580, 78998.6
9, 581, 78976.11
9, 582, 78983.33
9, 583, -357.48
9, 584, 79002.16
9, 585, 78996.91
9, 586, 78982.8
9, 587, 78987.33
9, 588, 78982.44
9, 589, 78985.75
9, 590, 78974.15
9, 591, 78988.46
9, 592, 78976.7
9, 593, 78993.0
9, 594, 78977.96
9, 595, -346.49
9, 596, 78991.3
9, 597, 78998.33
9, 598, -345.98
9, 599, 78985.62
9, 600, -354.63
9, 601, 78987.84
9, 602, 78966.68
9, 603, -347.37
9, 604, 78982.23
9, 605, 78966.22
9, 606, 79061.09
9, 607, 78983.08
9, 608, 78990.96
9, 609, 78980.97
9, 610, 78993.74
9, 611, 78987.71
9, 612, -372.06
9, 613, 78965.92
9, 614, 78968.24
9, 615, 78959.16
9, 616, -372.64
9, 617, 78956.62
9, 618, 78981.89
9, 619, 78948.55
9, 620, 78962.17
9, 621, 78962.7
9, 622, 78959.85
9, 623, 78962.83
9, 624, 78964.93
9, 625, 78960.87
9, 626, 78958.2
9, 627, 78966.14
9, 628, 78958.23
9, 629, 78964.88
9, 630, 78962.57
9, 631, 78970.74
9, 632, 78990.14
9, 633, 78964.91
9, 634, 78965.86
9, 635, 78956.0
9, 636, 78970.3
9, 637, 78962.12
9, 638, 78962.6
9, 639, 78964.67
9, 640, 78966.17
9, 641, -364.47
9, 642, -381.84
9, 643, 78972.02
9, 644, -381.49
9, 645, 78947.65
9, 646, 78965.21
9, 647, 78961.35
9, 648, 78959.51
9, 649, 78966.46
9, 650, 78958.56
9, 651, 78957.54
9, 652, 78955.23
9, 653, 78983.07
9, 654, 78955.35
9, 655, 78958.85
9, 656, 78952.09
9, 657, 78990.6
9, 658, -380.26
9, 659, 78952.05
9, 660, 78959.58
9, 661, 78953.36
9, 662, 78961.26
9, 663, -381.05
9, 664, 78960.65
9, 665, 78955.83
9, 666, 78972.27
9, 667, -380.5
9, 668, 78965.79
9, 669, 78958.44
9, 670, 78952.02
9, 671, 78953.84
9, 672, 78957.35
9, 673, 78964.17
9, 674, 78952.23
9, 675, 78952.29
9, 676, 78953.5
9, 677, 78962.99
9, 678, 78965.81
9, 679, 78959.21
9, 680, 78948.01
9, 681, 78975.1
9, 682, 78953.49
9, 683, -382.71
9, 684, -374.54
9, 685, 78984.91
9, 686, 78961.34
9, 687, 78942.9
9, 688, 78950.59
9, 689, 78960.91
9, 690, 78970.63
9, 691, 78967.2
9, 692, 78958.28
9, 693, 78955.86
9, 694, 78948.78
9, 695, -381.3
9, 696, 78965.74
9, 697, 78951.15
9, 698, 78981.41
9, 699, 78986.38
9, 700, 78976.11
9, 701, 78963.68
9, 702, 78957.18
9, 703, 78974.53
9, 704, 78985.0
9, 705, -376.26
9, 706, 78946.71
9, 707, 78959.17
9, 708, 78970.43
9, 709, -355.31
9, 710, 78950.63
9, 711, 78960.41
9, 712, 78953.12
9, 713, 78963.54
9, 714, 78958.17
9, 715, 78960.28
9, 716, 78978.03
9, 717, -381.64
9, 718, 78954.08
9, 719, 78958.67
9, 720, 78953.81
9, 721, 78948.48
9, 722, 78955.69
9, 723, 78951.05
9, 724, 78967.57
9, 725, 78967.79
9, 726, 78954.25
9, 727, -373.65
9, 728, 78953.49
9, 729, 78992.27
9, 730, -379.89
9, 731, 78958.98
9, 732, 78960.69
9, 733, 78971.16
9, 734, 78961.31
9, 735, 78939.13
9, 736, 78960.05
9, 737, 78958.88
9, 738, 78961.03
9, 739, -373.39
9, 740, 78966.66
9, 741, 78948.4
9, 742, 78951.68
9, 743, 78957.28
9, 744, -372.0
9, 745, -377.98
9, 746, -387.61
9, 747, 78949.45
9, 748, 78949.05
9, 749, 78952.37
9, 750, 78958.06
9, 751, -375.02
9, 752, 78942.49
9, 753, 78963.58
9, 754, 78938.94
9, 755, 78953.03
9, 756, 78969.25
9, 757, 78938.41
9, 758, 78967.29
9, 759, 78955.63
9, 760, 78947.78
9, 761, 78945.46
9, 762, 78950.33
9, 763, 78941.22
9, 764, 78947.84
9, 765, 78958.03
9, 766, 78955.11
9, 767, 78968.63
9, 768, 78940.02
9, 769, 78949.54
9, 770, 78965.86
9, 771, 78976.21
9, 772, 78949.44
9, 773, 78950.25
9, 774, -395.49
9, 775, 78949.2
9, 776, 78933.63
9, 777, 78947.32
9, 778, 78948.76
9, 779, -397.21
9, 780, 78951.96
9, 781, 78940.14
9, 782, 78942.99
9, 783, 78956.77
9, 784, 78937.2
9, 785, 78949.86
9, 786, -401.56
9, 787, 78953.79
9, 788, 78976.37
9, 789, 78930.64
9, 790, 78940.95
9, 791, 78916.7
9, 792, 78931.8
9, 793, 78936.75
9, 794, 78944.95
9, 795, 78937.04
9, 796, 78928.03
9, 797, 78921.74
9, 798, 78934.78
9, 799, 78947.31
9, 800, 78951.09
9, 801, 78939.75
9, 802, -401.05
9, 803, 78933.88
9, 804, 78923.06
9, 805, 78922.88
9, 806, 78945.09
9, 807, 78932.36
9, 808, -406.72
9, 809, 78942.64
9, 810, 78935.25
9, 811, 78958.27
9, 812, 78947.77
9, 813, 78929.05
9, 814, 78933.65
9, 815, 78941.51
9, 816, -386.12
9, 817, 78934.41
9, 818, 78941.84
9, 819, 78934.44
9, 820, -401.47
9, 821, 78940.78
9, 822, 78937.1
9, 823, 78939.94
9, 824, 78989.08
9, 825, 78935.79
9, 826, 78930.39
9, 827, 78954.22
9, 828, 78941.0
9, 829, 78938.44
9, 830, 78933.63
9, 831, 78967.63
9, 832, 78947.85
9, 833, 78950.32
9, 834, 78968.09
9, 835, 78937.83
9, 836, -399.49
9, 837, 78940.36
9, 838, 78941.04
9, 839, 78930.56
9, 840, 78934.08
9, 841, 78946.53
9, 842, -411.41
9, 843, 78922.48
9, 844, -405.08
9, 845, 78921.57
9, 846, 78939.18
9, 847, -406.03
9, 848, 78931.17
9, 849, 78934.7
9, 850, 78961.95
9, 851, 78928.68
9, 852, 78928.71
9, 853, -401.17
9, 854, 78931.92
9, 855, 78928.51
9, 856, -354.39
9, 857, 78930.35
9, 858, 78934.41
9, 859, 78925.54
9, 860, -401.3
9, 861, 78930.7
9, 862, 78924.96
9, 863, -415.21
9, 864, 78918.5
9, 865, 78940.06
9, 866, 78934.94
9, 867, 78918.6
9, 868, 78926.76
9, 869, 78925.97
9, 870, 78929.04
9, 871, 78930.28
9, 872, 78920.61
9, 873, 78932.12
9, 874, 78920.0
9, 875, 78915.3
9, 876, 78928.49
9, 877, 78948.9
9, 878, 78923.78
9, 879, 78924.36
9, 880, 78966.5
9, 881, 78925.53
9, 882, 78953.09
9, 883, 78922.97
9, 884, 78938.85
9, 885, 78921.08
9, 886, 78937.35
9, 887, 78920.94
9, 888, 78926.79
9, 889, -424.32
9, 890, 78923.62
9, 891, 78905.41
9, 892, 78900.97
9, 893, 78930.09
9, 894, 78926.01
9, 895, 78988.04
9, 896, 78933.99
9, 897, 78906.34
9, 898, -411.9
9, 899, 78963.02
9, 900, 78915.03
9, 901, 78908.64
9, 902, -420.35
9, 903, 78917.12
9, 904, 78948.14
9, 905, 78907.54
9, 906, 78925.84
9, 907, 78931.53
9, 908, 78912.68
9, 909, 78923.87
9, 910, 78918.85
9, 911, 78911.58
9, 912, 78936.37
9, 913, 78916.81
9, 914, -397.45
9, 915, 78905.23
9, 916, 78938.21
9, 917, -419.51
9, 918, 78907.31
9, 919, 78922.45
9, 920, 78901.31
9, 921, 78912.16
9, 922, 78928.74
9, 923, 78911.36
9, 924, 78917.62
9, 925, 78917.5
9, 926, 78910.64
9, 927, 78929.94
9, 928, 78917.45
9, 929, 78919.5
9, 930, -424.87
9, 931, 78924.0
9, 932, 78924.45
9, 933, 78929.57
9, 934, 78927.07
9, 935, 78919.68
9, 936, 78935.68
9, 937, 78949.32
9, 938, 78954.61
9, 939, 78933.54
9, 940, 78946.31
9, 941, 78923.26
9, 942, 78911.56
9, 943, 78924.76
9, 944, 78943.06
9, 945, 78922.71
9, 946, 78914.66
9, 947, 78915.26
9, 948, -401.36
9, 949, 78917.62
9, 950, 78938.17
9, 951, 78961.99
9, 952, 78952.35
9, 953, 78922.28
9, 954, -395.26
9, 955, 78928.35
9, 956, 78926.94
9, 957, -418.92
9, 958, 78947.06
9, 959, -425.11
9, 960, 78938.55
9, 961, 78948.39
9, 962, 78917.6
9, 963, 78933.8
9, 964, 78933.99
9, 965, 78930.48
9, 966, 78925.49
9, 967, 78916.97
9, 968, 78915.82
9, 969, 78958.74
9, 970, 78916.21
9, 971, -421.62
9, 972, 78967.93
9, 973, 78920.58
9, 974, 78921.53
9, 975, 78932.91
9, 976, 78956.07
9, 977, 78946.78
9, 978, -406.47
9, 979, 78925.38
9, 980, 78926.97
9, 981, 78925.92
9, 982, 78970.61
9, 983, 78942.43
9, 984, 78912.03
9, 985, 78923.68
9, 986, 78923.13
9, 987, 78966.98
9, 988, 78920.3
9, 989, 78945.61
9, 990, 78918.29
9, 991, 78944.17
9, 992, 78912.43
9, 993, 78939.59
9, 994, 78923.22
9, 995, 78926.12
9, 996, 78929.77
9, 997, -417.85
9, 998, 78946.1
9, 999, 78921.5
9, 1000, 78922.6
9000, 959, -425.11
3, 1, -408.43
3, 2, 78939.31
3, 3, 78955.46
3, 4, 78935.26
3, 5, 78920.38
3, 6, 78938.87
3, 7, 78915.13
3, 8, 78928.26
3, 9, -401.62
3, 10, -411.36
3, 11, -402.46
3, 12, 78998.46
3, 13, 78934.18
3, 14, 78922.09
3, 15, 78918.87
3, 16, 78918.81
3, 17, 78921.99
3, 18, 78947.44
3, 19, 78918.32
3, 20, 78925.67
3, 21, 78959.36
3, 22, 78925.76
3, 23, -425.75
3, 24, 78913.77
3, 25, 78942.51
3, 26, 78919.94
3, 27, 78930.6
3, 28, 78925.27
3, 29, 78916.14
3, 30, 78923.67
3, 31, -401.8
3, 32, -422.03
3, 33, 78953.62
3, 34, 78922.03
3, 35, 78940.83
3, 36, -405.46
3, 37, 78917.39
3, 38, -362.96
3, 39, 78918.15
3, 40, 78921.61
3, 41, -390.58
3, 42, -401.76
3, 43, 78942.35
3, 44, 78930.73
3, 45, -424.23
3, 46, 78930.7
3, 47, -414.35
3, 48, 78924.47
3, 49, 78919.02
3, 50, -411.97
3, 51, 78918.32
3, 52, 78935.6
3, 53, 78963.58
3, 54, 78922.75
3, 55, 78917.87
3, 56, 78919.84
3, 57, 78915.92
3, 58, 78917.96
3, 59, 78920.16
3, 60, 78929.27
3, 61, -413.99
3, 62, 78945.31
3, 63, 78917.01
3, 64, -419.64
3, 65, 78923.98
3, 66, 78949.13
3, 67, 78907.39
3, 68, 78917.47
3, 69, 78941.13
3, 70, 78933.6
3, 71, -381.69
3, 72, 78917.12
3, 73, 78918.11
3, 74, 78920.14
3, 75, 78930.59
3, 76, 78927.59
3, 77, 78940.71
3, 78, 78918.52
3, 79, 78925.58
3, 80, 78924.9
3, 81, 78932.68
3, 82, 78918.48
3, 83, 78931.85
3, 84, 78922.82
3, 85, 78926.47
3, 86, 78912.49
3, 87, -373.87
3, 88, 78920.4
3, 89, 78918.13
3, 90, 78939.1
3, 91, 78963.99
3, 92, 78972.79
3, 93, 78918.61
3, 94, 78914.08
3, 95, 78908.2
3, 96, 78925.26
3, 97, 78921.66
3, 98, 78943.49
3, 99, 78914.89
3, 100, 78946.03
3, 101, 78915.75
3, 102, 78918.27
3, 103, 78911.96
3, 104, 78931.92
3, 105, 78929.94
3, 106, 78921.91
3, 107, 78924.98
3, 108, 78923.64
3, 109, 78931.26
3, 110, 78918.23
3, 111, 78921.61
3, 112, 78924.0
3, 113, 78923.74
3, 114, 78919.39
3, 115, 78974.45
3, 116, 78913.92
3, 117, 78924.41
3, 118, 78917.94
3, 119, 78934.85
3, 120, 78906.71
3, 121, 78924.65
3, 122, -384.29
3, 123, 78912.25
3, 124, 78961.86
3, 125, 78951.93
3, 126, 78928.91
3, 127, -397.36
3, 128, 78915.57
3, 129, 78920.17
3, 130, 78926.39
3, 131, 78938.11
3, 132, 78919.94
3, 133, 78914.83
3, 134, 78933.16
3, 135, 78925.24
3, 136, 78912.48
3, 137, 78915.69
3, 138, 78910.88
3, 139, 78918.83
3, 140, 78975.2
3, 141, -399.17
3, 142, 78920.75
3, 143, 78927.57
3, 144, 78920.97
3, 145, 78942.26
3, 146, -419.48
3, 147, 78927.62
3, 148, 78927.33
3, 149, 78918.36
3, 150, 78919.8
3, 151, 78918.04
3, 152, -406.46
3, 153, 78914.5
3, 154, 78946.14
3, 155, 78930.0
3, 156, 78914.48
3, 157, 78928.57
3, 158, 78918.2
3, 159, 78920.0
3, 160, 78926.54
3, 161, 78957.9
3, 162, 78915.02
3, 163, 78923.33
3, 164, 78912.32
3, 165, 78923.85
3, 166, -393.12
3, 167, 78967.38
3, 168, 78924.77
3, 169, 78924.16
3, 170, 78913.17
3, 171, 78921.43
3, 172, 78936.25
3, 173, 78925.44
3, 174, 78919.93
3, 175, 78914.35
3, 176, 78925.12
3, 177, 78936.82
3, 178, -415.01
3, 179, 78927.01
3, 180, 78921.35
3, 181, 78920.21
3, 182, 78924.93
3, 183, 78990.14
3, 184, 78931.37
3, 185, 78925.05
3, 186, 78928.31
3, 187, -405.61
3, 188, -410.57
3, 189, 78921.72
3, 190, 78924.58
3, 191, 78948.41
3, 192, 78933.47
3, 193, 78923.65
3, 194, 78923.68
3, 195, 78914.06
3, 196, 78911.82
3, 197, 78922.16
3, 198, 78955.68
3, 199, 78929.21
3, 200, 78916.31
3, 201, 78966.46
3, 202, 78922.38
3, 203, 78914.87
3, 204, 78932.78
3, 205, 78970.94
3, 206, 78914.18
3, 207, 78916.95
3, 208, 78914.54
3, 209, 78937.95
3, 210, 78919.02
3, 211, 78929.71
3, 212, 78953.77
3, 213, -418.24
3, 214, -399.55
3, 215, -408.27
3, 216, 78920.15
3, 217, 78919.84
3, 218, 78921.88
3, 219, 78921.06
3, 220, 78913.52
3, 221, 78918.6
3, 222, -403.44
3, 223, 78918.48
3, 224, 78939.76
3, 225, 78923.74
3, 226, 78926.38
3, 227, 78914.61
3, 228, 78924.3
3, 229, 78951.31
3, 230, 78917.24
3, 231, 78918.74
3, 232, -409.41
3, 233, 78940.21
3, 234, 78936.44
3, 235, 78928.9
3, 236, 78919.03
3, 237, 78922.91
3, 238, 78920.84
3, 239, 78910.65
3, 240, 78920.29
3, 241, 78965.1
3, 242, 78914.5
3, 243, 78935.38
3, 244, 78913.49
3, 245, 78916.47
3, 246, 78915.92
3, 247, 78925.53
3, 248, 78919.51
3, 249, 78922.01
3, 250, 78915.6
3, 251, 78910.85
3, 252, 78922.86
3, 253, 78920.1
3, 254, 78918.46
3, 255, -417.48
3, 256, 78917.87
3, 257, -396.85
3, 258, 78937.1
3, 259, 78921.3
3, 260, 78978.86
3, 261, 78928.83
3, 262, 78931.33
3, 263, 78924.37
3, 264, 78917.96
3, 265, 78926.61
3, 266, 78920.39
3, 267, 78945.92
3, 268, 78918.9
3, 269, 78917.77
3, 270, 78920.96
3, 271, 78915.23
3, 272, 78926.31
3, 273, 78944.75
3, 274, 78918.3
3, 275, 78922.15
3, 276, -415.3
3, 277, 78920.76
3, 278, 78931.98
3, 279, 78915.06
3, 280, 78919.88
3, 281, 78938.51
3, 282, 78941.42
3, 283, 78916.69
3, 284, 78918.92
3, 285, 78939.67
3, 286, 78925.04
3, 287, 78920.26
3, 288, 78948.57
3, 289, 78935.4
3, 290, 78924.26
3, 291, 78919.36
3, 292, -423.37
3, 293, 78920.29
3, 294, 78921.17
3, 295, 78921.31
3, 296, -399.74
3, 297, -398.88
3, 298, 78920.75
3, 299, -416.04
3, 300, 78936.04
3, 301, 78949.98
3, 302, 78935.12
3, 303, 78928.56
3, 304, 78948.47
3, 305, 78921.61
3, 306, 78950.84
3, 307, -413.01
3, 308, 78921.27
3, 309, 78909.16
3, 310, 78935.11
3, 311, 78921.56
3, 312, 78917.48
3, 313, 78920.02
3, 314, 78912.17
3, 315, 78910.08
3, 316, 78937.52
3, 317, 78920.07
3, 318, 78914.76
3, 319, 78923.43
3, 320, 78921.17
3, 321, -413.69
3, 322, 78932.18
3, 323, 78916.39
3, 324, 78919.92
3, 325, 78925.89
3, 326, 78919.93
3, 327, 78931.89
3, 328, -418.91
3, 329, 78923.22
3, 330, 78923.8
3, 331, 78914.99
3, 332, 78915.7
3, 333, 78946.08
3, 334, 78923.1
3, 335, 78916.33
3, 336, 78931.2
3, 337, 78915.3
3, 338, 78917.65
3, 339, 78931.52
3, 340, -420.84
3, 341, -410.79
3, 342, 78923.64
3, 343, 78937.06
3, 344, 78926.54
3, 345, 78942.09
3, 346, 78975.8
3, 347, 78921.81
3, 348, 78919.99
3, 349, 78928.48
3, 350, 78929.58
3, 351, 78929.21
3, 352, 78973.89
3, 353, 78914.5
3, 354, 78919.15
3, 355, -371.12
3, 356, 78927.18
3, 357, 78943.1
3, 358, 78919.18
3, 359, 78915.66
3, 360, 78911.36
3, 361, 78912.18
3, 362, 78931.01
3, 363, 78914.22
3, 364, 78935.52
3, 365, 78918.38
3, 366, 78920.75
3, 367, -403.12
3, 368, -420.35
3, 369, 78929.86
3, 370, 78917.33
3, 371, 78944.11
3, 372, -416.64
3, 373, 78917.82
3, 374, 78919.01
3, 375, 78953.22
3, 376, 78932.08
3, 377, 78918.52
3, 378, 78914.64
3, 379, 78931.21
3, 380, 78916.89
3, 381, -419.33
3, 382, 78920.69
3, 383, 78911.07
3, 384, 78937.13
3, 385, 78920.85
3, 386, 78911.86
3, 387, 78916.68
3, 388, 78917.82
3, 389, 78918.75
3, 390, -406.81
3, 391, 78923.85
3, 392, 78926.63
3, 393, 78913.62
3, 394, -374.87
3, 395, 78935.51
3, 396, 78917.43
3, 397, 78969.73
3, 398, 78950.15
3, 399, 78929.17
3, 400, 78945.56
3, 401, 78916.26
3, 402, 78920.77
3, 403, 78931.57
3, 404, 78923.8
3, 405, 78927.09
3, 406, 78917.36
3, 407, 78921.29
3, 408, 78926.26
3, 409, 78975.48
3, 410, -415.23
3, 411, 78919.91
3, 412, 78956.69
3, 413, 78918.99
3, 414, 78925.03
3, 415, 78913.83
3, 416, 78923.2
3, 417, 78911.97
3, 418, 78920.73
3, 419, 78941.37
3, 420, 78920.86
3, 421, 78945.17
3, 422, 78918.83
3, 423, 78942.85
3, 424, 78925.99
3, 425, 78921.15
3, 426, -400.98
3, 427, 78926.88
3, 428, -387.08
3, 429, 78921.94
3, 430, 78934.68
3, 431, 78947.43
3, 432, 78924.09
3, 433, 78943.59
3, 434, 78959.96
3, 435, 78931.15
3, 436, 78939.42
3, 437, 78921.08
3, 438, 78926.3
3, 439, 78916.05
3, 440, 78920.36
3, 441, 78924.33
3, 442, 78918.98
3, 443, 78917.25
3, 444, 78923.73
3, 445, 78918.47
3, 446, 78928.07
3, 447, 78950.94
3, 448, 78927.39
3, 449, 78915.12
3, 450, 78931.17
3, 451, -411.57
3, 452, 78920.84
3, 453, 78940.69
3, 454, 78942.17
3, 455, 78919.92
3, 456, 78916.94
3, 457, 78908.19
3, 458, 78920.22
3, 459, 78921.92
3, 460, 78928.18
3, 461, 78925.79
3, 462, 78920.63
3, 463, 78921.95
3, 464, 78927.03
3, 465, 78924.48
3, 466, 78919.57
3, 467, 78918.0
3, 468, 78920.79
3, 469, -416.1
3, 470, 78927.13
3, 471, 78954.36
3, 472, 78949.68
3, 473, 78932.59
3, 474, 78934.5
3, 475, 78957.76
3, 476, 78932.9
3, 477, 78941.01
3, 478, 78960.22
3, 479, 78951.98
3, 480, 78929.24
3, 481, -415.61
3, 482, 78922.51
3, 483, 78948.59
3, 484, 78954.96
3, 485, -388.57
3, 486, 78914.23
3, 487, 78923.17
3, 488, 78924.79
3, 489, 78917.44
3, 490, 78921.94
3, 491, 78916.31
3, 492, 78922.12
3, 493, 78933.78
3, 494, 78915.99
3, 495, 78916.07
3, 496, 78914.41
3, 497, -419.58
3, 498, 78929.69
3, 499, 78956.54
3, 500, 78926.36
3, 501, 78951.73
3, 502, 78917.59
3, 503, 78924.52
3, 504, 78920.04
3, 505, 78921.42
3, 506, 78998.06
3, 507, -420.78
3, 508, -382.17
3, 509, 78946.97
3, 510, -418.13
3, 511, 78973.81
3, 512, 78918.93
3, 513, 78924.53
3, 514, 78935.5
3, 515, 78928.47
3, 516, -412.3
3, 517, 78920.47
3, 518, 78987.24
3, 519, 78953.89
3, 520, 78943.92
3, 521, 78986.61
3, 522, 78933.67
3, 523, 78944.34
3, 524, 78929.27
3, 525, 78915.49
3, 526, 78968.5
3, 527, 78921.78
3, 528, 78916.89
3, 529, 78938.54
3, 530, 78919.78
3, 531, 78952.49
3, 532, 78915.81
3, 533, 78925.25
3, 534, 78923.57
3, 535, 78926.75
3, 536, 78925.15
3, 537, 78927.18
3, 538, 78935.7
3, 539, 78931.94
3, 540, 78919.51
3, 541, 78917.75
3, 542, 78915.68
3, 543, 78921.02
3, 544, 78920.45
3, 545, -417.34
3, 546, 78917.39
3, 547, 78923.59
3, 548, -409.75
3, 549, 78935.28
3, 550, -415.78
3, 551, 78914.96
3, 552, 78924.54
3, 553, 78910.72
3, 554, 78917.34
3, 555, 78933.5
3, 556, 78929.89
3, 557, 78913.94
3, 558, 78925.32
3, 559, 78918.06
3, 560, 78921.39
3, 561, -420.2
3, 562, 78922.94
3, 563, 78918.07
3, 564, 78922.66
3, 565, 78927.95
3, 566, 78933.02
3, 567, 78917.02
3, 568, 78925.27
3, 569, 78928.59
3, 570, 78921.09
3, 571, 78911.71
3, 572, 78921.82
3, 573, 78913.54
3, 574, 78933.94
3, 575, 78911.96
3, 576, 78917.15
3, 577, 78921.64
3, 578, 78919.12
3, 579, 78914.82
3, 580, -421.92
3, 581, 78927.04
3, 582, 78943.88
3, 583, 78925.18
3, 584, 78940.44
3, 585, -417.62
3, 586, 78923.53
3, 587, 78923.6
3, 588, 78932.61
3, 589, 78925.13
3, 590, 78921.9
3, 591, 78924.42
3, 592, 78932.63
3, 593, 78938.21
3, 594, 78911.74
3, 595, 78934.03
3, 596, 78933.57
3, 597, 78913.76
3, 598, 78924.46
3, 599, 78940.93
3, 600, 78919.85
3, 601, 78922.37
3, 602, 78925.46
3, 603, 78927.55
3, 604, 78919.42
3, 605, 78917.09
3, 606, 78913.44
3, 607, 78936.56
3, 608, 78947.86
3, 609, 78918.39
3, 610, 78908.86
3, 611, 78947.88
3, 612, 78915.8
3, 613, 78920.9
3, 614, 78934.08
3, 615, 78945.93
3, 616, 78936.38
3, 617, 78965.85
3, 618, 78920.94
3, 619, 78938.07
3, 620, 78914.27
3, 621, 78926.27
3, 622, 78917.79
3, 623, 78921.32
3, 624, 78947.62
3, 625, 78914.98
3, 626, -416.71
3, 627, 78921.39
3, 628, 78937.24
3, 629, 78913.97
3, 630, 78928.44
3, 631, -338.78
3, 632, 78934.75
3, 633, 78958.07
3, 634, 78922.43
3, 635, 78920.99
3, 636, 78925.04
3, 637, 78947.97
3, 638, 78923.11
3, 639, 78921.13
3, 640, 78919.58
3, 641, 78940.66
3, 642, 78913.17
3, 643, 78916.36
3, 644, 78915.06
3, 645, 78925.86
3, 646, 78917.84
3, 647, 78928.48
3, 648, 78931.41
3, 649, 78980.45
3, 650, 78935.17
3, 651, 78919.96
3, 652, 78920.55
3, 653, 78923.46
3, 654, -420.85
3, 655, 78942.72
3, 656, 78939.33
3, 657, 78916.27
3, 658, 78926.33
3, 659, -419.17
3, 660, -405.92
3, 661, 78931.56
3, 662, 78914.33
3, 663, 78921.96
3, 664, 78921.83
3, 665, -405.87
3, 666, 78927.07
3, 667, 78924.71
3, 668, 78921.92
3, 669, 78925.99
3, 670, 78922.6
3, 671, -408.74
3, 672, 78923.64
3, 673, 78932.07
3, 674, 78927.93
3, 675, 78916.23
3, 676, 78946.56
3, 677, 78918.02
3, 678, 78922.28
3, 679, -417.04
3, 680, 78927.87
3, 681, 78928.09
3, 682, 78928.52
3, 683, 78928.92
3, 684, 78921.05
3, 685, 78921.81
3, 686, 78962.78
3, 687, 78920.34
3, 688, 78918.72
3, 689, 78926.27
3, 690, 78920.96
3, 691, 78923.57
3, 692, 78947.58
3, 693, 78920.0
3, 694, 78939.88
3, 695, 78925.88
3, 696, 78927.23
3, 697, 78941.13
3, 698, 78919.9
3, 699, 78927.08
3, 700, 78932.34
3, 701, 78942.88
3, 702, 78936.27
3, 703, 78930.55
3, 704, 78940.7
3, 705, 78923.92
3, 706, 78924.73
3, 707, 78922.26
3, 708, 78913.91
3, 709, 79007.42
3, 710, 78920.91
3, 711, 78920.27
3, 712, 78918.23
3, 713, -431.09
3, 714, 78918.27
3, 715, 78914.39
3, 716, 78920.45
3, 717, 78927.98
3, 718, 78915.15
3, 719, 78937.73
3, 720, 78911.48
3, 721, 78948.77
3, 722, -414.05
3, 723, -408.92
3, 724, 78929.03
3, 725, 78945.41
3, 726, 78928.57
3, 727, 78936.19
3, 728, 78923.16
3, 729, 78946.09
3, 730, 78927.96
3, 731, 78922.68
3, 732, 78943.77
3, 733, 78919.63
3, 734, 78936.15
3, 735, 78928.43
3, 736, 78924.3
3, 737, 78929.7
3, 738, 78925.23
3, 739, 78974.72
3, 740, 78942.73
3, 741, 78925.63
3, 742, 78933.8
3, 743, 78927.04
3, 744, 78919.26
3, 745, 78933.98
3, 746, 78945.28
3, 747, 78919.37
3, 748, 78916.93
3, 749, 78913.92
3, 750, 78929.76
3, 751, 78923.94
3, 752, 78923.79
3, 753, 78947.61
3, 754, -422.74
3, 755, 78926.99
3, 756, 78952.93
3, 757, 78956.4
3, 758, 78921.78
3, 759, 78919.97
3, 760, 78936.23
3, 761, 78924.53
3, 762, 78914.77
3, 763, 78943.06
3, 764, 78917.93
3, 765, 78921.24
3, 766, 78919.74
3, 767, 78949.96
3, 768, 78925.14
3, 769, 78919.94
3, 770, 78932.53
3, 771, 78918.44
3, 772, 78916.87
3, 773, 78923.03
3, 774, 78932.6
3, 775, 78942.16
3, 776, 78923.36
3, 777, 78937.69
3, 778, 78923.74
3, 779, 78931.97
3, 780, 78916.92
3, 781, 78917.93
3, 782, 78923.21
3, 783, 78922.61
3, 784, 78951.7
3, 785, 78923.57
3, 786, 78912.33
3, 787, 78946.76
3, 788, 78912.57
3, 789, 78923.8
3, 790, 78925.59
3, 791, 78918.69
3, 792, 78915.14
3, 793, 78924.71
3, 794, 78915.96
3, 795, 78918.49
3, 796, 78927.63
3, 797, -369.66
3, 798, 78938.41
3, 799, 78928.37
3, 800, 78943.95
3, 801, 78935.61
3, 802, 78927.81
3, 803, 78969.73
3, 804, 78915.05
3, 805, 78919.95
3, 806, 78956.84
3, 807, 78925.77
3, 808, 78918.44
3, 809, -378.13
3, 810, 78928.62
3, 811, 78926.86
3, 812, 78916.52
3, 813, 78925.91
3, 814, 78912.55
3, 815, 78959.29
3, 816, 78960.04
3, 817, -391.8
3, 818, 78915.79
3, 819, 78932.72
3, 820, 78956.62
3, 821, 78915.1
3, 822, -413.14
3, 823, 78921.34
3, 824, 78921.37
3, 825, 78950.16
3, 826, 78918.84
3, 827, 78950.49
3, 828, 78922.64
3, 829, -410.08
3, 830, 78922.72
3, 831, 78912.43
3, 832, 78922.39
3, 833, 78920.63
3, 834, 78928.0
3, 835, 78922.36
3, 836, 78914.87
3, 837, 78945.62
3, 838, -391.11
3, 839, 78927.34
3, 840, 78981.31
3, 841, 78913.39
3, 842, 78939.35
3, 843, 78922.89
3, 844, 78923.55
3, 845, 78921.0
3, 846, 78941.95
3, 847, -416.25
3, 848, 78929.75
3, 849, 78923.93
3, 850, 78915.51
3, 851, 78922.95
3, 852, -405.72
3, 853, 78932.99
3, 854, 78925.94
3, 855, 78932.2
3, 856, 78918.35
3, 857, 78922.42
3, 858, 78944.33
3, 859, 78921.93
3, 860, 78923.09
3, 861, 78937.81
3, 862, 78920.22
3, 863, 78916.24
3, 864, 78937.97
3, 865, 78919.65
3, 866, 78916.23
3, 867, -396.49
3, 868, 78927.82
3, 869, 78944.38
3, 870, 78916.22
3, 871, 78915.19
3, 872, -415.97
3, 873, -413.77
3, 874, 78927.0
3, 875, 78964.0
3, 876, 78919.02
3, 877, 78928.85
3, 878, 78921.06
3, 879, 78915.86
3, 880, 78918.01
3, 881, 78913.87
3, 882, 78928.59
3, 883, 78920.33
3, 884, 78921.19
3, 885, 78913.7
3, 886, 78921.4
3, 887, 78928.23
3, 888, 78916.55
3, 889, 78919.42
3, 890, 78917.37
3, 891, 78924.53
3, 892, 78918.83
3, 893, -422.42
3, 894, 78932.02
3, 895, 78918.49
3, 896, 78912.04
3, 897, 78918.62
3, 898, -402.77
3, 899, 78930.07
3, 900, -408.42
3, 901, 78954.54
3, 902, 78912.99
3, 903, -417.72
3, 904, 78921.27
3, 905, 78930.85
3, 906, 78921.76
3, 907, 78924.34
3, 908, 78971.28
3, 909, 78935.25
3, 910, 78959.93
3, 911, 78920.72
3, 912, 78942.43
3, 913, 78936.08
3, 914, 78923.75
3, 915, 78916.99
3, 916, 78918.2
3, 917, 78915.51
3, 918, -418.28
3, 919, 78919.39
3, 920, 78919.0
3, 921, 78916.99
3, 922, 78919.25
3, 923, 78927.85
3, 924, -414.09
3, 925, 78924.03
3, 926, 78924.96
3, 927, 78919.04
3, 928, 78921.42
3, 929, 78922.65
3, 930, 78931.25
3, 931, 78924.1
3, 932, 78922.46
3, 933, 78921.09
3, 934, 78922.83
3, 935, 78916.99
3, 936, 78923.7
3, 937, 78950.29
3, 938, 78931.75
3, 939, 78945.45
3, 940, 78916.4
3, 941, 78932.1
3, 942, 78921.43
3, 943, 78929.35
3, 944, 78919.01
3, 945, 78918.66
3, 946, 78922.85
3, 947, 78919.84
3, 948, 78934.11
3, 949, 78924.16
3, 950, 78917.29
3, 951, -413.57
3, 952, 78919.34
3, 953, -423.89
3, 954, 78913.88
3, 955, -426.01
3, 956, -408.98
3, 957, 78921.69
3, 958, 78911.55
3, 959, 78924.98
3, 960, 78914.8
3, 961, 78920.64
3, 962, 78920.67
3, 963, 78958.08
3, 964, -413.43
3, 965, 78916.56
3, 966, 78962.81
3, 967, 78917.37
3, 968, 78919.92
3, 969, 78914.4
3, 970, 78915.97
3, 971, 78923.68
3, 972, 78918.05
3, 973, 78925.75
3, 974, 78916.12
3, 975, 78928.04
3, 976, 78916.67
3, 977, 78923.41
3, 978, 78941.95
3, 979, 78937.86
3, 980, -409.34
3, 981, -415.75
3, 982, 78930.63
3, 983, 78921.33
3, 984, 78920.02
3, 985, 78916.9
3, 986, 78915.0
3, 987, 78925.33
3, 988, 78921.84
3, 989, 78913.16
3, 990, 78935.18
3, 991, 78922.79
3, 992, 78928.58
3, 993, 78939.34
3, 994, 78918.15
3, 995, 78915.43
3, 996, 78917.41
3, 997, 78918.96
3, 998, -414.19
3, 999, 78917.39
3, 1000, 78923.75
3000, 713, -431.09
