9, 1, 1929.5
9, 2, -52.83
9, 3, 1940.27
9, 4, 1939.13
9, 5, 1931.06
9, 6, 1940.97
9, 7, 1942.61
9, 8, 1946.9
9, 9, 1944.71
9, 10, 1940.27
9, 11, 1939.74
9, 12, 1943.82
9, 13, -79.06
9, 14, 1928.18
9, 15, 1917.41
9, 16, -75.11
9, 17, 1925.27
9, 18, 1911.31
9, 19, 1912.49
9, 20, 1920.73
9, 21, 1928.78
9, 22, 1918.4
9, 23, 1921.58
9, 24, 1919.03
9, 25, 1917.42
9, 26, 1926.65
9, 27, 1925.86
9, 28, 1922.99
9, 29, -65.16
9, 30, 1922.45
9, 31, 1929.31
9, 32, 1922.61
9, 33, 1937.47
9, 34, 1919.01
9, 35, -70.67
9, 36, -66.15
9, 37, 1929.71
9, 38, 1930.46
9, 39, 1942.43
9, 40, 1942.83
9, 41, 1928.84
9, 42, 1955.64
9, 43, 1925.68
9, 44, 1927.85
9, 45, 1933.19
9, 46, 1914.73
9, 47, 1924.64
9, 48, 1942.57
9, 49, 1935.85
9, 50, 1943.9
9, 51, 1939.54
9, 52, 1941.23
9, 53, 1943.24
9, 54, 1923.14
9, 55, -61.08
9, 56, 1929.8
9, 57, 1942.61
9, 58, 1918.72
9, 59, 1958.95
9, 60, 1921.51
9, 61, 1924.0
9, 62, 1941.75
9, 63, 1931.71
9, 64, 1937.42
9, 65, 1944.41
9, 66, 1942.51
9, 67, 1935.26
9, 68, 1939.95
9, 69, 1924.17
9, 70, 1924.92
9, 71, 1926.02
9, 72, 1944.09
9, 73, -56.39
9, 74, 1927.44
9, 75, 1926.86
9, 76, 1937.76
9, 77, -83.75
9, 78, -71.2
9, 79, 1930.62
9, 80, 1928.02
9, 81, 1924.97
9, 82, 1935.62
9, 83, 1923.36
9, 84, 1944.62
9, 85, 1934.32
9, 86, 1917.2
9, 87, -59.84
9, 88, 1932.75
9, 89, 1934.21
9, 90, -59.58
9, 91, 1945.86
9, 92, 1930.74
9, 93, 1938.21
9, 94, 1933.36
9, 95, 1935.43
9, 96, 1926.55
9, 97, 1930.4
9, 98, 1926.78
9, 99, 1922.88
9, 100, 1928.28
9, 101, 1929.28
9, 102, 1938.32
9, 103, 1933.68
9, 104, 1934.89
9, 105, 1931.57
9, 106, 1933.58
9, 107, -57.86
9, 108, -59.54
9, 109, 1929.22
9, 110, 1930.63
9, 111, 1927.07
9, 112, 1936.94
9, 113, 1933.82
9, 114, 1938.73
9, 115, 1925.96
9, 116, 1934.08
9, 117, 1927.51
9, 118, 1927.01
9, 119, 1930.15
9, 120, 1929.84
9, 121, 1954.25
9, 122, 1937.88
9, 123, 1931.44
9, 124, -49.66
9, 125, 1945.2
9, 126, 1937.03
9, 127, 1942.39
9, 128, 1948.19
9, 129, 1940.81
9, 130, 1951.02
9, 131, 1975.01
9, 132, 1946.45
9, 133, -45.75
9, 134, 1950.76
9, 135, 1953.41
9, 136, 1948.88
9, 137, 1964.23
9, 138, 1946.99
9, 139, 1976.09
9, 140, 1947.45
9, 141, -53.74
9, 142, 1943.93
9, 143, 1974.05
9, 144, 1941.48
9, 145, 1947.06
9, 146, 1945.51
9, 147, 1941.2
9, 148, -58.71
9, 149, 1934.76
9, 150, 1930.43
9, 151, 1935.8
9, 152, 1928.32
9, 153, 1931.35
9, 154, 1927.47
9, 155, 1939.3
9, 156, 1937.74
9, 157, -56.83
9, 158, 1930.07
9, 159, 1935.39
9, 160, 1935.31
9, 161, 1931.61
9, 162, 1933.11
9, 163, 1941.47
9, 164, 1942.8
9, 165, 1936.43
9, 166, 1930.44
9, 167, 1930.69
9, 168, 1930.24
9, 169, 1929.59
9, 170, 1941.05
9, 171, 1943.16
9, 172, 1930.95
9, 173, 1935.12
9, 174, 1940.91
9, 175, 1927.65
9, 176, 1929.2
9, 177, 1928.51
9, 178, 1929.57
9, 179, 1936.32
9, 180, 1926.24
9, 181, 1935.58
9, 182, 1932.06
9, 183, 1934.61
9, 184, 1943.96
9, 185, -53.59
9, 186, 1946.34
9, 187, 1927.51
9, 188, 1953.66
9, 189, -59.78
9, 190, 1932.36
9, 191, -55.61
9, 192, 1930.92
9, 193, 1932.38
9, 194, 1930.47
9, 195, 1946.95
9, 196, 1933.72
9, 197, -68.81
9, 198, 1922.4
9, 199, 1925.77
9, 200, -52.23
9, 201, 1945.04
9, 202, 1934.47
9, 203, 1940.23
9, 204, 1931.93
9, 205, 1932.93
9, 206, 1947.37
9, 207, 1949.6
9, 208, 1946.97
9, 209, 1922.81
9, 210, 1937.75
9, 211, 1964.64
9, 212, 1931.6
9, 213, 1953.57
9, 214, 1938.49
9, 215, -70.53
9, 216, 1920.39
9, 217, -66.87
9, 218, 1944.52
9, 219, 1934.21
9, 220, -60.65
9, 221, 1921.76
9, 222, 1947.78
9, 223, 1925.96
9, 224, 1928.71
9, 225, 1919.84
9, 226, 1923.39
9, 227, 1931.87
9, 228, 1925.25
9, 229, 1920.31
9, 230, 1929.37
9, 231, 1922.68
9, 232, 1932.85
9, 233, 1933.71
9, 234, 1918.9
9, 235, 1931.08
9, 236, 1928.04
9, 237, 1914.74
9, 238, -66.63
9, 239, 1932.5
9, 240, 1934.15
9, 241, -62.35
9, 242, 1931.54
9, 243, 1935.12
9, 244, -70.59
9, 245, 1922.65
9, 246, 1916.42
9, 247, 1927.31
9, 248, 1936.8
9, 249, 1930.0
9, 250, 1929.04
9, 251, 1929.91
9, 252, 1931.54
9, 253, 1933.77
9, 254, 1930.29
9, 255, 1954.58
9, 256, 1924.92
9, 257, 1923.29
9, 258, 1928.97
9, 259, 1929.1
9, 260, 1928.93
9, 261, 1919.72
9, 262, 1926.32
9, 263, 1931.59
9, 264, 1931.54
9, 265, 1922.95
9, 266, 1921.73
9, 267, 1940.2
9, 268, -67.31
9, 269, 1924.86
9, 270, 1927.32
9, 271, 1933.01
9, 272, 1927.69
9, 273, 1929.39
9, 274, -61.15
9, 275, 1961.97
9, 276, -63.3
9, 277, 1936.48
9, 278, 1933.83
9, 279, 1920.43
9, 280, 1927.99
9, 281, 1924.72
9, 282, 1928.62
9, 283, 1933.3
9, 284, -50.75
9, 285, 1939.22
9, 286, 1925.47
9, 287, 1940.1
9, 288, 1941.56
9, 289, 1936.07
9, 290, 1932.97
9, 291, 1941.45
9, 292, 1939.18
9, 293, 1945.16
9, 294, 1934.4
9, 295, 1922.83
9, 296, 1945.89
9, 297, -52.47
9, 298, -67.89
9, 299, 1923.44
9, 300, 1933.2
9, 301, 1931.73
9, 302, 1917.48
9, 303, 1922.2
9, 304, 1946.59
9, 305, 1929.53
9, 306, 1930.31
9, 307, 1930.66
9, 308, -71.72
9, 309, 1921.87
9, 310, 1921.8
9, 311, 1920.13
9, 312, 1931.95
9, 313, 1921.75
9, 314, 1913.29
9, 315, -63.75
9, 316, 1925.05
9, 317, -49.45
9, 318, 1940.19
9, 319, 1933.11
9, 320, 1922.62
9, 321, 1917.13
9, 322, 1923.22
9, 323, 1923.53
9, 324, 1922.51
9, 325, 1920.48
9, 326, 1922.51
9, 327, 1915.2
9, 328, 1930.97
9, 329, 1931.41
9, 330, 1927.66
9, 331, 1916.68
9, 332, 1956.38
9, 333, 1925.74
9, 334, 1921.88
9, 335, -78.19
9, 336, 1920.78
9, 337, 1921.4
9, 338, 1921.07
9, 339, 1921.44
9, 340, 1954.88
9, 341, 1920.17
9, 342, 1924.62
9, 343, 1915.36
9, 344, 1922.69
9, 345, -72.78
9, 346, 1923.39
9, 347, 1915.36
9, 348, 1924.08
9, 349, 1913.12
9, 350, 1920.82
9, 351, 1923.64
9, 352, 1921.78
9, 353, 1916.54
9, 354, 1947.91
9, 355, 1919.35
9, 356, 1924.6
9, 357, 1919.51
9, 358, 1918.43
9, 359, -74.41
9, 360, 1929.77
9, 361, 1920.96
9, 362, 1927.58
9, 363, 1921.22
9, 364, 1924.91
9, 365, -86.56
9, 366, 1909.62
9, 367, 1908.13
9, 368, 1918.4
9, 369, -86.52
9, 370, 1925.74
9, 371, -81.99
9, 372, 1918.66
9, 373, 1909.53
9, 374, 1926.98
9, 375, 1912.42
9, 376, 1912.06
9, 377, -80.93
9, 378, 1922.35
9, 379, 1928.93
9, 380, 1916.13
9, 381, 1906.1
9, 382, 1904.77
9, 383, 1914.65
9, 384, 1926.04
9, 385, 1913.37
9, 386, 1928.07
9, 387, 1927.09
9, 388, 1920.61
9, 389, 1925.92
9, 390, -83.84
9, 391, -62.8
9, 392, 1905.35
9, 393, 1921.08
9, 394, -68.74
9, 395, 1911.11
9, 396, 1912.41
9, 397, 1913.73
9, 398, 1901.78
9, 399, 1910.33
9, 400, 1907.64
9, 401, 1921.59
9, 402, 1913.97
9, 403, 1915.85
9, 404, 1918.98
9, 405, 1916.08
9, 406, -83.39
9, 407, 1913.98
9, 408, -83.12
9, 409, -39.26
9, 410, -59.17
9, 411, -78.24
9, 412, 1915.43
9, 413, -72.5
9, 414, 1933.82
9, 415, 1908.85
9, 416, 1913.74
9, 417, 1908.87
9, 418, -87.44
9, 419, 1906.45
9, 420, 1912.56
9, 421, -56.33
9, 422, -89.47
9, 423, 1907.56
9, 424, 1892.45
9, 425, 1918.73
9, 426, 1901.35
9, 427, 1910.75
9, 428, 1910.63
9, 429, 1936.49
9, 430, -81.13
9, 431, 1905.18
9, 432, 1905.31
9, 433, 1903.21
9, 434, 1906.68
9, 435, 1920.06
9, 436, 1922.07
9, 437, 1904.51
9, 438, 1910.41
9, 439, 1920.42
9, 440, 1905.45
9, 441, 1912.82
9, 442, 1905.55
9, 443, 1910.48
9, 444, -90.07
9, 445, 1906.29
9, 446, 1896.71
9, 447, 1930.56
9, 448, 1905.71
9, 449, 1925.72
9, 450, 1916.5
9, 451, -78.24
9, 452, 1917.16
9, 453, 1909.26
9, 454, -89.91
9, 455, 1900.3
9, 456, 1912.69
9, 457, 1926.85
9, 458, 1904.2
9, 459, 1942.68
9, 460, -77.31
9, 461, 1919.87
9, 462, 1917.95
9, 463, 1909.11
9, 464, 1909.86
9, 465, -77.79
9, 466, 1911.93
9, 467, 1935.35
9, 468, 1904.37
9, 469, 1903.78
9, 470, -87.79
9, 471, -92.99
9, 472, -83.66
9, 473, 1900.0
9, 474, 1918.79
9, 475, 1913.97
9, 476, 1921.09
9, 477, 1907.61
9, 478, 1906.27
9, 479, 1909.39
9, 480, 1928.5
9, 481, 1901.27
9, 482, 1907.4
9, 483, 1932.84
9, 484, -66.31
9, 485, 1903.45
9, 486, 1905.6
9, 487, 1897.67
9, 488, 1905.26
9, 489, 1909.63
9, 490, -80.4
9, 491, 1907.67
9, 492, 1910.38
9, 493, 1897.31
9, 494, 1898.47
9, 495, 1910.56
9, 496, 1914.36
9, 497, 1908.21
9, 498, 1899.27
9, 499, 1916.22
9, 500, 1902.41
9, 501, -83.93
9, 502, 1905.02
9, 503, 1917.95
9, 504, 1906.76
9, 505, 1914.56
9, 506, 1918.32
9, 507, 1913.02
9, 508, 1901.35
9, 509, 1906.96
9, 510, 1940.14
9, 511, 1905.62
9, 512, 1908.55
9, 513, 1896.24
9, 514, 1912.67
9, 515, 1911.83
9, 516, 1914.21
9, 517, -80.97
9, 518, 1910.37
9, 519, 1910.05
9, 520, 1905.7
9, 521, -93.23
9, 522, 1901.46
9, 523, 1910.1
9, 524, 1913.52
9, 525, 1908.03
9, 526, 1907.74
9, 527, 1916.31
9, 528, -85.73
9, 529, -93.35
9, 530, -96.83
9, 531, 1905.09
9, 532, -96.06
9, 533, 1931.95
9, 534, 1912.75
9, 535, 1897.45
9, 536, 1914.17
9, 537, 1904.03
9, 538, 1932.6
9, 539, 1891.11
9, 540, 1904.93
9, 541, 1913.18
9, 542, -67.75
9, 543, 1894.32
9, 544, 1927.63
9, 545, 1926.15
9, 546, 1898.03
9, 547, 1913.54
9, 548, 1896.46
9, 549, -89.19
9, 550, 1920.3
9, 551, 1946.4
9, 552, 1903.38
9, 553, -91.77
9, 554, 1894.53
9, 555, 1896.74
9, 556, 1913.28
9, 557, 1923.79
9, 558, 1910.42
9, 559, 1903.46
9, 560, 1904.22
9, 561, 1904.0
9, 562, 1895.8
9, 563, 1914.46
9, 564, 1896.47
9, 565, -82.04
9, 566, 1896.3
9, 567, 1898.22
9, 568, 1899.47
9, 569, 1902.75
9, 570, 1890.01
9, 571, -96.84
9, 572, -47.0
9, 573, -85.0
9, 574, 1907.86
9, 575, 1894.95
9, 576, 1901.57
9, 577, -87.16
9, 578, 1909.77
9, 579, 1895.89
9, 580, 1900.29
9, 581, 1919.19
9, 582, 1899.27
9, 583, -97.88
9, 584, 1905.45
9, 585, 1899.69
9, 586, 1898.62
9, 587, 1906.98
9, 588, 1898.15
9, 589, 1899.9
9, 590, 1900.34
9, 591, 1900.93
9, 592, 1894.84
9, 593, 1900.74
9, 594, 1926.49
9, 595, 1897.33
9, 596, 1913.11
9, 597, 1896.9
9, 598, 1911.74
9, 599, 1915.36
9, 600, 1903.08
9, 601, 1900.24
9, 602, 1903.15
9, 603, 1908.74
9, 604, 1900.8
9, 605, 1914.8
9, 606, 1921.23
9, 607, -80.91
9, 608, 1909.67
9, 609, -70.4
9, 610, 1910.93
9, 611, 1907.2
9, 612, 1919.9
9, 613, 1908.69
9, 614, -46.9
9, 615, 1905.82
9, 616, 1895.81
9, 617, 1902.83
9, 618, 1894.33
9, 619, -84.18
9, 620, 1924.02
9, 621, 1916.78
9, 622, 1892.13
9, 623, 1901.82
9, 624, 1900.47
9, 625, 1890.98
9, 626, 1891.98
9, 627, 1899.99
9, 628, 1905.6
9, 629, 1893.64
9, 630, -80.21
9, 631, 1919.24
9, 632, 1894.7
9, 633, 1906.0
9, 634, 1892.78
9, 635, 1915.53
9, 636, 1899.1
9, 637, -101.26
9, 638, 1890.97
9, 639, 1894.03
9, 640, 1926.34
9, 641, 1921.56
9, 642, 1898.24
9, 643, 1896.58
9, 644, 1917.66
9, 645, 1908.22
9, 646, 1898.38
9, 647, 1899.0
9, 648, 1908.67
9, 649, 1904.53
9, 650, -84.34
9, 651, 1902.49
9, 652, 1900.17
9, 653, 1894.1
9, 654, 1893.42
9, 655, -102.53
9, 656, 1893.16
9, 657, 1908.32
9, 658, 1891.26
9, 659, 1902.83
9, 660, 1903.08
9, 661, 1904.72
9, 662, 1918.57
9, 663, 1908.26
9, 664, 1896.4
9, 665, 1904.66
9, 666, 1895.28
9, 667, 1894.85
9, 668, -81.38
9, 669, 1893.63
9, 670, 1912.08
9, 671, -85.86
9, 672, 1886.86
9, 673, -93.17
9, 674, 1895.09
9, 675, 1912.52
9, 676, 1895.18
9, 677, 1884.83
9, 678, 1904.01
9, 679, 1901.08
9, 680, 1894.59
9, 681, -88.92
9, 682, 1901.68
9, 683, 1896.05
9, 684, -98.87
9, 685, 1897.8
9, 686, -102.12
9, 687, 1919.12
9, 688, 1896.61
9, 689, 1902.51
9, 690, 1898.63
9, 691, 1908.85
9, 692, 1891.98
9, 693, 1921.99
9, 694, 1907.82
9, 695, 1907.42
9, 696, 1925.63
9, 697, 1911.42
9, 698, 1896.72
9, 699, 1907.5
9, 700, 1892.8
9, 701, 1906.95
9, 702, 1903.53
9, 703, 1897.02
9, 704, 1910.39
9, 705, -85.33
9, 706, 1905.11
9, 707, 1890.52
9, 708, 1894.66
9, 709, 1905.93
9, 710, -103.3
9, 711, 1896.3
9, 712, -78.62
9, 713, -102.37
9, 714, 1904.72
9, 715, 1929.39
9, 716, 1934.19
9, 717, 1899.24
9, 718, 1901.15
9, 719, 1895.82
9, 720, -87.87
9, 721, 1904.14
9, 722, 1903.91
9, 723, 1915.04
9, 724, -82.41
9, 725, 1892.61
9, 726, 1891.11
9, 727, 1901.77
9, 728, 1892.3
9, 729, 1907.31
9, 730, 1892.38
9, 731, -96.76
9, 732, 1898.38
9, 733, 1917.94
9, 734, 1894.18
9, 735, 1892.92
9, 736, 1928.91
9, 737, 1902.17
9, 738, -107.95
9, 739, 1888.19
9, 740, 1891.73
9, 741, 1917.78
9, 742, -99.77
9, 743, 1903.05
9, 744, 1893.65
9, 745, 1909.4
9, 746, 1910.74
9, 747, 1907.27
9, 748, -88.75
9, 749, 1895.31
9, 750, 1904.18
9, 751, 1893.13
9, 752, 1903.69
9, 753, 1887.4
9, 754, -105.37
9, 755, 1886.07
9, 756, 1892.99
9, 757, 1902.5
9, 758, 1891.56
9, 759, 1885.55
9, 760, 1900.26
9, 761, 1899.78
9, 762, 1886.97
9, 763, 1887.58
9, 764, 1939.49
9, 765, 1915.53
9, 766, 1901.22
9, 767, -102.76
9, 768, 1924.07
9, 769, 1887.19
9, 770, 1896.04
9, 771, 1896.17
9, 772, 1902.16
9, 773, 1887.8
9, 774, 1900.05
9, 775, 1916.48
9, 776, 1894.1
9, 777, 1902.67
9, 778, 1900.55
9, 779, 1898.12
9, 780, -107.17
9, 781, 1887.16
9, 782, 1890.92
9, 783, 1909.67
9, 784, 1896.58
9, 785, 1886.71
9, 786, -110.81
9, 787, 1893.39
9, 788, 1883.89
9, 789, 1889.28
9, 790, 1893.7
9, 791, 1902.46
9, 792, 1906.95
9, 793, 1903.23
9, 794, 1883.89
9, 795, 1896.76
9, 796, 1879.92
9, 797, -108.91
9, 798, 1881.4
9, 799, 1904.77
9, 800, -110.39
9, 801, 1890.69
9, 802, 1876.96
9, 803, 1889.37
9, 804, 1888.32
9, 805, 1884.52
9, 806, -113.48
9, 807, 1886.63
9, 808, 1892.65
9, 809, 1895.03
9, 810, 1881.29
9, 811, 1894.49
9, 812, 1889.87
9, 813, 1889.25
9, 814, 1881.98
9, 815, 1890.8
9, 816, 1890.53
9, 817, 1886.49
9, 818, 1892.02
9, 819, 1884.42
9, 820, 1882.77
9, 821, 1889.79
9, 822, 1895.41
9, 823, 1881.49
9, 824, -91.23
9, 825, 1897.02
9, 826, 1891.96
9, 827, 1883.5
9, 828, -97.2
9, 829, 1889.66
9, 830, 1877.26
9, 831, 1884.37
9, 832, 1887.44
9, 833, 1890.17
9, 834, 1892.54
9, 835, 1886.53
9, 836, 1882.06
9, 837, 1888.6
9, 838, -111.69
9, 839, 1896.35
9, 840, 1885.77
9, 841, 1892.18
9, 842, 1886.79
9, 843, 1876.25
9, 844, 1909.05
9, 845, 1890.36
9, 846, 1884.46
9, 847, -114.97
9, 848, 1882.05
9, 849, 1885.34
9, 850, 1876.63
9, 851, 1879.85
9, 852, 1880.05
9, 853, 1883.03
9, 854, 1894.49
9, 855, 1875.78
9, 856, 1888.6
9, 857, 1877.45
9, 858, 1884.63
9, 859, -112.34
9, 860, 1932.03
9, 861, 1889.37
9, 862, -100.17
9, 863, 1879.05
9, 864, 1898.67
9, 865, 1895.11
9, 866, 1896.15
9, 867, 1890.21
9, 868, 1879.73
9, 869, 1904.03
9, 870, 1886.85
9, 871, 1882.52
9, 872, 1882.85
9, 873, 1876.02
9, 874, 1880.5
9, 875, 1883.81
9, 876, 1885.92
9, 877, 1879.29
9, 878, 1885.78
9, 879, 1877.34
9, 880, 1882.11
9, 881, 1880.93
9, 882, 1891.25
9, 883, 1889.18
9, 884, 1877.4
9, 885, 1880.55
9, 886, 1884.21
9, 887, -113.79
9, 888, 1884.34
9, 889, -100.23
9, 890, 1883.48
9, 891, -108.22
9, 892, 1882.96
9, 893, 1913.34
9, 894, 1892.85
9, 895, 1887.02
9, 896, 1887.84
9, 897, 1862.53
9, 898, -104.15
9, 899, 1911.59
9, 900, 1881.53
9, 901, 1872.56
9, 902, 1893.74
9, 903, 1916.13
9, 904, 1890.95
9, 905, 1877.86
9, 906, 1884.11
9, 907, 1869.24
9, 908, -106.16
9, 909, 1885.32
9, 910, 1878.38
9, 911, -113.05
9, 912, 1906.26
9, 913, 1889.91
9, 914, 1874.91
9, 915, 1884.86
9, 916, 1930.41
9, 917, 1882.51
9, 918, 1877.51
9, 919, 1877.26
9, 920, 1885.54
9, 921, -107.04
9, 922, 1886.96
9, 923, 1887.44
9, 924, -94.9
9, 925, 1899.45
9, 926, 1873.8
9, 927, 1889.99
9, 928, 1882.23
9, 929, 1878.29
9, 930, 1883.82
9, 931, 1885.95
9, 932, 1891.94
9, 933, 1890.77
9, 934, 1881.4
9, 935, 1885.46
9, 936, 1882.48
9, 937, -110.19
9, 938, 1895.35
9, 939, 1878.82
9, 940, 1876.7
9, 941, 1896.18
9, 942, 1884.96
9, 943, -111.73
9, 944, 1884.36
9, 945, 1895.12
9, 946, 1893.33
9, 947, 1883.72
9, 948, -103.45
9, 949, 1882.32
9, 950, 1880.86
9, 951, 1889.84
9, 952, 1903.18
9, 953, 1889.37
9, 954, -117.79
9, 955, 1895.61
9, 956, 1876.08
9, 957, 1877.9
9, 958, 1882.45
9, 959, -113.93
9, 960, 1878.38
9, 961, 1886.86
9, 962, 1887.76
9, 963, 1877.52
9, 964, 1895.98
9, 965, 1890.97
9, 966, 1895.85
9, 967, 1886.99
9, 968, -113.14
9, 969, 1880.74
9, 970, -111.07
9, 971, 1885.74
9, 972, 1887.4
9, 973, 1881.01
9, 974, 1911.65
9, 975, 1887.03
9, 976, 1874.47
9, 977, 1877.18
9, 978, 1876.88
9, 979, 1880.63
9, 980, 1881.68
9, 981, 1879.43
9, 982, 1881.25
9, 983, 1889.06
9, 984, 1890.4
9, 985, 1886.65
9, 986, 1885.92
9, 987, -105.75
9, 988, -121.34
9, 989, 1876.82
9, 990, 1876.6
9, 991, 1884.49
9, 992, 1893.92
9, 993, 1918.81
9, 994, -109.94
9, 995, 1871.88
9, 996, 1876.32
9, 997, 1893.65
9, 998, 1874.7
9, 999, -115.57
9, 1000, 1885.38
9000, 988, -121.34
3, 1, 1875.38
3, 2, 1889.23
3, 3, 1879.46
3, 4, 1879.17
3, 5, 1890.59
3, 6, 1880.65
3, 7, 1876.15
3, 8, 1875.75
3, 9, 1888.43
3, 10, 1872.25
3, 11, 1872.2
3, 12, -101.87
3, 13, 1873.92
3, 14, 1891.06
3, 15, 1876.2
3, 16, 1871.88
3, 17, 1879.88
3, 18, 1876.05
3, 19, -123.47
3, 20, 1877.8
3, 21, 1879.02
3, 22, 1873.06
3, 23, 1876.97
3, 24, -111.6
3, 25, 1877.5
3, 26, 1886.01
3, 27, -113.48
3, 28, 1876.33
3, 29, 1900.2
3, 30, 1876.74
3, 31, 1874.5
3, 32, 1873.38
3, 33, 1876.73
3, 34, 1872.45
3, 35, 1875.58
3, 36, 1876.87
3, 37, 1871.94
3, 38, 1874.22
3, 39, 1879.29
3, 40, 1873.6
3, 41, 1875.89
3, 42, 1870.46
3, 43, 1879.17
3, 44, -118.07
3, 45, 1884.09
3, 46, -122.53
3, 47, 1895.78
3, 48, 1880.18
3, 49, 1881.89
3, 50, 1883.08
3, 51, -120.28
3, 52, 1871.85
3, 53, 1872.16
3, 54, 1874.73
3, 55, 1873.88
3, 56, 1874.49
3, 57, 1873.61
3, 58, -120.08
3, 59, -120.87
3, 60, 1878.63
3, 61, 1878.8
3, 62, 1873.58
3, 63, 1896.36
3, 64, -120.19
3, 65, 1876.18
3, 66, 1878.5
3, 67, 1880.38
3, 68, 1873.76
3, 69, -107.17
3, 70, 1899.52
3, 71, 1883.88
3, 72, 1876.37
3, 73, 1881.08
3, 74, 1869.62
3, 75, -126.47
3, 76, 1888.01
3, 77, 1873.71
3, 78, 1888.13
3, 79, 1876.17
3, 80, 1872.0
3, 81, 1875.41
3, 82, 1875.42
3, 83, 1874.01
3, 84, 1878.67
3, 85, 1880.46
3, 86, 1871.87
3, 87, 1873.06
3, 88, 1878.69
3, 89, 1876.82
3, 90, 1884.46
3, 91, 1877.07
3, 92, 1872.37
3, 93, 1881.04
3, 94, -116.62
3, 95, 1877.04
3, 96, 1889.04
3, 97, 1874.95
3, 98, 1872.66
3, 99, 1872.16
3, 100, 1868.66
3, 101, -124.34
3, 102, 1873.14
3, 103, 1879.73
3, 104, 1878.71
3, 105, 1876.16
3, 106, 1876.5
3, 107, -108.48
3, 108, 1873.8
3, 109, 1881.65
3, 110, 1878.04
3, 111, 1927.24
3, 112, 1872.94
3, 113, 1883.58
3, 114, 1887.4
3, 115, 1875.95
3, 116, -121.04
3, 117, 1873.46
3, 118, 1892.82
3, 119, -101.75
3, 120, 1874.21
3, 121, 1878.53
3, 122, 1873.39
3, 123, 1874.68
3, 124, 1918.92
3, 125, 1873.54
3, 126, 1880.07
3, 127, 1880.75
3, 128, 1871.58
3, 129, 1878.59
3, 130, -123.33
3, 131, 1880.94
3, 132, 1878.83
3, 133, 1873.48
3, 134, 1871.14
3, 135, 1872.44
3, 136, 1879.94
3, 137, 1873.36
3, 138, 1875.08
3, 139, 1897.09
3, 140, 1894.65
3, 141, 1901.49
3, 142, 1873.17
3, 143, 1873.3
3, 144, 1871.27
3, 145, 1886.49
3, 146, 1874.69
3, 147, 1882.09
3, 148, -121.43
3, 149, 1873.0
3, 150, 1874.91
3, 151, 1872.87
3, 152, -108.42
3, 153, 1877.11
3, 154, 1879.38
3, 155, 1877.26
3, 156, 1871.35
3, 157, 1898.37
3, 158, 1877.08
3, 159, 1883.15
3, 160, 1875.14
3, 161, 1874.05
3, 162, 1878.54
3, 163, 1878.8
3, 164, 1896.03
3, 165, 1878.23
3, 166, 1878.72
3, 167, 1881.2
3, 168, 1873.3
3, 169, 1873.86
3, 170, 1888.06
3, 171, 1877.2
3, 172, 1875.26
3, 173, 1885.3
3, 174, 1879.11
3, 175, 1873.67
3, 176, 1885.51
3, 177, -115.04
3, 178, -120.62
3, 179, 1875.63
3, 180, 1878.33
3, 181, 1871.28
3, 182, 1877.52
3, 183, 1883.66
3, 184, -113.27
3, 185, 1871.53
3, 186, 1877.91
3, 187, 1871.03
3, 188, 1872.47
3, 189, 1874.81
3, 190, 1872.62
3, 191, 1880.43
3, 192, 1902.19
3, 193, 1875.07
3, 194, 1872.84
3, 195, 1884.13
3, 196, -109.82
3, 197, 1874.36
3, 198, 1873.27
3, 199, 1875.39
3, 200, 1873.91
3, 201, 1875.57
3, 202, 1900.62
3, 203, 1881.95
3, 204, 1878.37
3, 205, 1873.34
3, 206, 1873.29
3, 207, 1874.09
3, 208, 1871.94
3, 209, 1880.32
3, 210, 1875.84
3, 211, 1869.88
3, 212, 1903.15
3, 213, 1877.52
3, 214, 1873.58
3, 215, 1879.94
3, 216, 1907.74
3, 217, 1872.78
3, 218, 1876.55
3, 219, -114.66
3, 220, 1871.57
3, 221, 1877.82
3, 222, 1873.28
3, 223, 1875.44
3, 224, 1876.47
3, 225, 1877.63
3, 226, 1875.25
3, 227, 1881.3
3, 228, 1874.77
3, 229, 1880.62
3, 230, 1874.83
3, 231, 1877.77
3, 232, 1877.15
3, 233, 1873.8
3, 234, 1875.45
3, 235, 1873.37
3, 236, 1876.2
3, 237, 1884.56
3, 238, 1877.09
3, 239, 1894.18
3, 240, 1870.61
3, 241, 1871.94
3, 242, 1872.59
3, 243, 1876.15
3, 244, 1879.43
3, 245, -119.16
3, 246, 1875.47
3, 247, 1876.83
3, 248, 1879.9
3, 249, 1880.86
3, 250, 1872.64
3, 251, 1874.82
3, 252, 1880.39
3, 253, 1874.19
3, 254, 1874.83
3, 255, 1878.75
3, 256, 1881.81
3, 257, -116.38
3, 258, 1872.48
3, 259, 1873.06
3, 260, 1874.86
3, 261, 1874.74
3, 262, 1875.83
3, 263, 1908.42
3, 264, 1874.46
3, 265, 1890.3
3, 266, -120.55
3, 267, 1885.19
3, 268, 1877.22
3, 269, -118.74
3, 270, 1875.2
3, 271, 1877.82
3, 272, 1879.05
3, 273, 1875.15
3, 274, 1871.83
3, 275, 1870.71
3, 276, 1881.86
3, 277, 1875.39
3, 278, 1878.02
3, 279, 1877.44
3, 280, 1878.49
3, 281, -119.84
3, 282, 1875.64
3, 283, 1874.02
3, 284, -120.67
3, 285, 1876.78
3, 286, 1878.63
3, 287, 1877.76
3, 288, 1871.25
3, 289, 1875.53
3, 290, 1885.7
3, 291, 1874.86
3, 292, 1893.31
3, 293, 1875.37
3, 294, 1878.33
3, 295, 1876.86
3, 296, 1878.61
3, 297, 1872.17
3, 298, 1872.06
3, 299, 1875.04
3, 300, 1884.23
3, 301, 1881.73
3, 302, 1873.77
3, 303, 1882.6
3, 304, -110.47
3, 305, 1879.87
3, 306, 1880.68
3, 307, 1875.95
3, 308, -104.94
3, 309, 1879.01
3, 310, 1873.81
3, 311, 1899.99
3, 312, 1871.34
3, 313, 1872.22
3, 314, 1878.08
3, 315, -114.52
3, 316, 1876.75
3, 317, 1876.08
3, 318, 1873.29
3, 319, 1872.68
3, 320, 1881.53
3, 321, 1878.83
3, 322, 1872.05
3, 323, 1878.63
3, 324, 1875.42
3, 325, 1871.38
3, 326, 1874.98
3, 327, 1873.95
3, 328, -116.87
3, 329, -121.66
3, 330, 1885.8
3, 331, 1878.82
3, 332, 1875.51
3, 333, 1897.48
3, 334, 1873.62
3, 335, 1889.81
3, 336, 1877.55
3, 337, 1892.88
3, 338, -113.87
3, 339, 1895.27
3, 340, 1892.77
3, 341, 1879.36
3, 342, 1871.66
3, 343, 1875.28
3, 344, -75.59
3, 345, 1876.97
3, 346, 1879.44
3, 347, 1899.63
3, 348, 1879.76
3, 349, 1873.91
3, 350, 1872.69
3, 351, 1874.9
3, 352, 1888.41
3, 353, 1873.37
3, 354, 1875.0
3, 355, 1876.72
3, 356, 1876.27
3, 357, 1888.81
3, 358, 1878.79
3, 359, -117.54
3, 360, 1878.18
3, 361, 1871.11
3, 362, 1879.76
3, 363, 1880.45
3, 364, 1870.85
3, 365, 1877.6
3, 366, 1887.2
3, 367, 1878.32
3, 368, 1873.53
3, 369, 1882.25
3, 370, 1877.32
3, 371, 1885.15
3, 372, 1872.5
3, 373, 1875.76
3, 374, 1882.0
3, 375, 1905.66
3, 376, 1873.38
3, 377, 1872.34
3, 378, 1873.19
3, 379, 1871.55
3, 380, 1878.65
3, 381, 1880.86
3, 382, 1874.55
3, 383, 1877.68
3, 384, 1865.64
3, 385, 1878.78
3, 386, 1898.38
3, 387, -114.21
3, 388, -115.23
3, 389, 1892.47
3, 390, 1873.32
3, 391, 1875.4
3, 392, 1873.99
3, 393, 1871.78
3, 394, 1872.47
3, 395, 1875.43
3, 396, 1886.81
3, 397, -118.09
3, 398, 1876.87
3, 399, 1871.79
3, 400, 1872.59
3, 401, 1880.36
3, 402, 1873.46
3, 403, 1889.15
3, 404, 1892.22
3, 405, 1877.74
3, 406, 1875.4
3, 407, 1875.3
3, 408, 1884.4
3, 409, 1872.2
3, 410, -118.76
3, 411, 1879.16
3, 412, 1896.13
3, 413, 1876.59
3, 414, 1875.86
3, 415, 1873.45
3, 416, 1876.08
3, 417, 1869.47
3, 418, 1870.87
3, 419, 1903.67
3, 420, 1888.75
3, 421, 1875.83
3, 422, 1884.03
3, 423, -118.28
3, 424, 1883.65
3, 425, 1872.95
3, 426, 1897.13
3, 427, 1882.5
3, 428, 1881.02
3, 429, 1871.89
3, 430, 1902.28
3, 431, 1875.73
3, 432, 1880.19
3, 433, 1877.17
3, 434, -113.4
3, 435, 1880.37
3, 436, -118.07
3, 437, 1890.41
3, 438, 1882.17
3, 439, 1910.19
3, 440, 1905.26
3, 441, 1876.7
3, 442, 1880.93
3, 443, 1870.68
3, 444, 1879.32
3, 445, 1897.14
3, 446, 1876.25
3, 447, 1874.27
3, 448, 1874.14
3, 449, -117.51
3, 450, 1879.06
3, 451, 1880.96
3, 452, 1868.4
3, 453, -108.68
3, 454, 1879.44
3, 455, 1870.91
3, 456, -117.47
3, 457, 1871.02
3, 458, 1870.75
3, 459, 1877.46
3, 460, 1874.13
3, 461, 1879.75
3, 462, 1871.95
3, 463, 1867.71
3, 464, -118.05
3, 465, 1874.33
3, 466, 1875.28
3, 467, 1871.46
3, 468, 1876.31
3, 469, 1877.93
3, 470, 1878.62
3, 471, 1882.48
3, 472, 1874.96
3, 473, 1886.07
3, 474, 1872.65
3, 475, -119.03
3, 476, 1875.91
3, 477, 1868.26
3, 478, 1872.99
3, 479, 1875.19
3, 480, 1869.94
3, 481, 1876.24
3, 482, 1908.73
3, 483, -108.77
3, 484, 1879.66
3, 485, 1872.68
3, 486, 1874.6
3, 487, 1881.87
3, 488, 1880.16
3, 489, 1876.37
3, 490, 1879.2
3, 491, 1877.55
3, 492, 1892.46
3, 493, 1873.78
3, 494, 1874.22
3, 495, 1871.92
3, 496, 1873.88
3, 497, 1880.4
3, 498, 1880.85
3, 499, 1892.47
3, 500, 1873.01
3, 501, -116.42
3, 502, 1896.71
3, 503, 1871.04
3, 504, 1876.86
3, 505, 1871.77
3, 506, -115.0
3, 507, 1879.17
3, 508, 1871.64
3, 509, 1879.06
3, 510, 1876.86
3, 511, -117.87
3, 512, 1873.36
3, 513, 1875.08
3, 514, -123.79
3, 515, 1873.31
3, 516, 1874.6
3, 517, 1873.79
3, 518, 1896.23
3, 519, 1895.49
3, 520, -87.63
3, 521, 1874.44
3, 522, 1878.59
3, 523, -114.17
3, 524, 1872.56
3, 525, 1884.27
3, 526, 1873.77
3, 527, 1874.57
3, 528, 1877.92
3, 529, 1878.13
3, 530, 1882.34
3, 531, 1880.28
3, 532, 1870.65
3, 533, 1879.15
3, 534, 1878.42
3, 535, 1876.11
3, 536, 1886.6
3, 537, 1882.37
3, 538, 1878.03
3, 539, 1903.08
3, 540, 1877.2
3, 541, 1878.81
3, 542, 1874.2
3, 543, 1879.5
3, 544, 1875.61
3, 545, 1874.27
3, 546, 1873.72
3, 547, 1877.92
3, 548, 1872.58
3, 549, 1870.65
3, 550, 1897.6
3, 551, 1879.45
3, 552, 1874.71
3, 553, 1881.98
3, 554, 1878.39
3, 555, 1873.69
3, 556, 1895.31
3, 557, 1885.28
3, 558, -113.8
3, 559, 1873.97
3, 560, 1873.46
3, 561, 1887.49
3, 562, 1882.54
3, 563, 1900.15
3, 564, 1871.85
3, 565, 1874.32
3, 566, 1877.09
3, 567, 1887.19
3, 568, 1882.83
3, 569, 1872.23
3, 570, 1877.14
3, 571, 1885.34
3, 572, 1916.97
3, 573, 1881.28
3, 574, 1872.83
3, 575, 1874.22
3, 576, 1889.34
3, 577, 1881.54
3, 578, 1880.42
3, 579, 1878.41
3, 580, 1876.78
3, 581, 1883.13
3, 582, 1869.28
3, 583, 1876.31
3, 584, 1881.01
3, 585, 1878.48
3, 586, 1871.34
3, 587, 1876.91
3, 588, 1880.29
3, 589, 1879.35
3, 590, 1875.47
3, 591, 1877.8
3, 592, 1871.6
3, 593, 1871.33
3, 594, 1906.09
3, 595, 1871.14
3, 596, 1876.96
3, 597, 1879.3
3, 598, 1894.06
3, 599, 1871.7
3, 600, -111.01
3, 601, 1889.03
3, 602, 1876.88
3, 603, 1873.41
3, 604, 1880.36
3, 605, 1874.27
3, 606, 1917.73
3, 607, 1873.62
3, 608, 1876.99
3, 609, 1892.01
3, 610, 1873.93
3, 611, 1871.23
3, 612, 1883.74
3, 613, 1872.64
3, 614, 1871.73
3, 615, 1876.65
3, 616, 1874.52
3, 617, -120.43
3, 618, 1872.7
3, 619, 1909.75
3, 620, 1878.61
3, 621, -118.59
3, 622, 1872.64
3, 623, 1877.34
3, 624, 1888.43
3, 625, 1880.53
3, 626, 1874.71
3, 627, 1885.63
3, 628, 1881.23
3, 629, 1890.53
3, 630, 1879.56
3, 631, 1872.1
3, 632, 1895.52
3, 633, 1876.36
3, 634, 1871.87
3, 635, 1877.3
3, 636, 1887.63
3, 637, 1871.78
3, 638, 1888.75
3, 639, 1868.53
3, 640, 1874.72
3, 641, 1875.98
3, 642, 1870.82
3, 643, 1879.04
3, 644, 1872.57
3, 645, 1873.65
3, 646, -119.6
3, 647, -116.78
3, 648, 1876.34
3, 649, -111.44
3, 650, 1879.5
3, 651, 1888.91
3, 652, 1920.79
3, 653, 1880.27
3, 654, 1877.24
3, 655, 1874.4
3, 656, 1895.79
3, 657, 1870.0
3, 658, 1875.21
3, 659, 1880.18
3, 660, 1873.52
3, 661, 1881.58
3, 662, 1889.48
3, 663, 1881.29
3, 664, 1875.08
3, 665, 1876.95
3, 666, 1876.91
3, 667, -114.08
3, 668, 1871.51
3, 669, -119.85
3, 670, 1881.89
3, 671, 1894.8
3, 672, 1870.87
3, 673, 1872.66
3, 674, 1902.9
3, 675, 1876.52
3, 676, 1872.76
3, 677, 1874.21
3, 678, 1876.6
3, 679, 1874.08
3, 680, 1872.82
3, 681, 1882.69
3, 682, 1872.79
3, 683, -90.45
3, 684, 1873.8
3, 685, -120.31
3, 686, -120.81
3, 687, -115.29
3, 688, 1872.75
3, 689, 1875.11
3, 690, 1890.61
3, 691, 1883.94
3, 692, 1874.6
3, 693, 1874.58
3, 694, 1884.01
3, 695, 1884.41
3, 696, 1886.98
3, 697, -113.62
3, 698, 1882.61
3, 699, 1881.68
3, 700, 1879.69
3, 701, 1873.81
3, 702, 1872.77
3, 703, 1878.41
3, 704, 1878.65
3, 705, 1873.58
3, 706, 1874.11
3, 707, 1890.97
3, 708, 1871.81
3, 709, 1873.1
3, 710, 1888.51
3, 711, 1875.01
3, 712, 1882.74
3, 713, 1872.98
3, 714, 1874.56
3, 715, 1872.06
3, 716, 1878.71
3, 717, 1878.44
3, 718, 1871.97
3, 719, 1875.14
3, 720, -111.11
3, 721, 1873.89
3, 722, 1879.5
3, 723, 1885.67
3, 724, 1875.48
3, 725, 1876.58
3, 726, 1907.85
3, 727, 1875.18
3, 728, 1869.32
3, 729, 1874.81
3, 730, 1877.97
3, 731, -117.71
3, 732, 1882.04
3, 733, 1881.67
3, 734, 1881.83
3, 735, 1872.86
3, 736, 1885.91
3, 737, 1872.67
3, 738, 1873.51
3, 739, -99.1
3, 740, 1871.05
3, 741, -114.09
3, 742, 1876.64
3, 743, 1877.08
3, 744, 1873.66
3, 745, 1894.02
3, 746, -79.99
3, 747, 1893.19
3, 748, 1876.05
3, 749, 1889.8
3, 750, 1872.47
3, 751, 1877.25
3, 752, 1876.4
3, 753, 1872.67
3, 754, -88.52
3, 755, -90.91
3, 756, 1873.94
3, 757, 1870.25
3, 758, 1873.41
3, 759, -121.95
3, 760, 1903.41
3, 761, 1881.65
3, 762, 1884.03
3, 763, 1868.86
3, 764, -120.01
3, 765, -119.23
3, 766, 1869.9
3, 767, 1877.18
3, 768, 1871.36
3, 769, 1890.13
3, 770, -122.54
3, 771, 1880.2
3, 772, 1893.86
3, 773, 1876.59
3, 774, 1872.66
3, 775, 1893.21
3, 776, 1872.31
3, 777, 1890.49
3, 778, 1875.56
3, 779, 1871.15
3, 780, 1877.84
3, 781, 1880.75
3, 782, 1876.16
3, 783, 1874.99
3, 784, 1875.32
3, 785, 1880.49
3, 786, 1874.9
3, 787, 1874.94
3, 788, 1887.81
3, 789, 1880.26
3, 790, 1887.08
3, 791, 1873.15
3, 792, -120.26
3, 793, 1876.95
3, 794, -110.75
3, 795, 1886.42
3, 796, 1883.01
3, 797, 1871.92
3, 798, 1883.44
3, 799, 1878.56
3, 800, 1880.29
3, 801, 1874.51
3, 802, 1881.29
3, 803, 1879.56
3, 804, 1870.88
3, 805, 1877.31
3, 806, 1870.93
3, 807, 1874.91
3, 808, 1880.78
3, 809, 1881.08
3, 810, 1895.15
3, 811, 1904.44
3, 812, 1870.54
3, 813, -108.24
3, 814, 1874.35
3, 815, 1874.13
3, 816, 1876.14
3, 817, 1889.74
3, 818, 1877.69
3, 819, -116.37
3, 820, 1871.71
3, 821, 1876.26
3, 822, 1874.66
3, 823, 1875.22
3, 824, 1879.08
3, 825, 1873.88
3, 826, 1870.12
3, 827, 1888.96
3, 828, -105.07
3, 829, 1877.45
3, 830, 1882.67
3, 831, 1871.81
3, 832, 1871.52
3, 833, 1872.31
3, 834, 1874.17
3, 835, 1875.63
3, 836, 1881.71
3, 837, 1875.02
3, 838, 1886.19
3, 839, 1879.53
3, 840, 1881.26
3, 841, -119.29
3, 842, -117.08
3, 843, 1877.45
3, 844, 1873.73
3, 845, -119.46
3, 846, -116.4
3, 847, 1879.15
3, 848, 1874.37
3, 849, 1874.71
3, 850, 1894.02
3, 851, 1879.46
3, 852, 1872.15
3, 853, 1875.66
3, 854, 1895.93
3, 855, 1873.21
3, 856, 1892.17
3, 857, 1883.62
3, 858, 1876.39
3, 859, 1873.43
3, 860, 1880.77
3, 861, 1876.34
3, 862, 1898.14
3, 863, 1883.58
3, 864, 1872.69
3, 865, 1878.51
3, 866, 1884.15
3, 867, 1879.21
3, 868, -110.94
3, 869, 1899.63
3, 870, 1877.24
3, 871, 1874.18
3, 872, 1871.24
3, 873, 1871.95
3, 874, 1875.85
3, 875, 1882.74
3, 876, 1876.72
3, 877, 1881.19
3, 878, 1877.13
3, 879, 1874.79
3, 880, 1870.28
3, 881, -107.06
3, 882, 1898.53
3, 883, 1868.29
3, 884, 1898.74
3, 885, -122.13
3, 886, 1896.46
3, 887, 1874.13
3, 888, 1873.24
3, 889, 1879.9
3, 890, -119.32
3, 891, 1874.97
3, 892, 1876.72
3, 893, 1873.59
3, 894, 1870.8
3, 895, 1872.6
3, 896, 1880.72
3, 897, -113.55
3, 898, 1884.68
3, 899, -102.11
3, 900, 1877.27
3, 901, -109.42
3, 902, -121.6
3, 903, -119.53
3, 904, 1876.3
3, 905, -111.51
3, 906, 1879.59
3, 907, 1891.65
3, 908, 1876.89
3, 909, -125.35
3, 910, 1872.27
3, 911, -116.2
3, 912, 1885.0
3, 913, -101.1
3, 914, 1874.54
3, 915, 1887.08
3, 916, 1891.01
3, 917, 1870.64
3, 918, 1878.19
3, 919, 1871.27
3, 920, 1903.85
3, 921, 1899.59
3, 922, 1880.04
3, 923, 1874.74
3, 924, 1875.01
3, 925, -104.97
3, 926, 1871.28
3, 927, 1886.53
3, 928, 1879.67
3, 929, -124.7
3, 930, 1871.79
3, 931, 1884.02
3, 932, -121.71
3, 933, 1877.03
3, 934, 1879.92
3, 935, 1881.97
3, 936, 1878.5
3, 937, 1878.92
3, 938, 1878.49
3, 939, 1885.74
3, 940, 1891.9
3, 941, 1875.73
3, 942, 1870.79
3, 943, 1872.08
3, 944, 1885.02
3, 945, 1872.13
3, 946, 1875.7
3, 947, 1876.64
3, 948, 1879.28
3, 949, -120.84
3, 950, 1871.55
3, 951, 1872.88
3, 952, -118.45
3, 953, -110.88
3, 954, 1885.33
3, 955, 1882.58
3, 956, 1884.79
3, 957, 1881.62
3, 958, 1877.09
3, 959, 1920.83
3, 960, 1873.15
3, 961, 1889.2
3, 962, 1876.89
3, 963, 1877.78
3, 964, 1872.48
3, 965, 1877.64
3, 966, 1880.07
3, 967, 1873.44
3, 968, 1878.41
3, 969, 1865.54
3, 970, 1873.37
3, 971, 1876.85
3, 972, 1884.55
3, 973, 1876.08
3, 974, 1872.32
3, 975, 1873.34
3, 976, 1872.14
3, 977, 1878.58
3, 978, 1875.66
3, 979, 1881.94
3, 980, 1879.42
3, 981, 1873.42
3, 982, 1905.15
3, 983, 1873.9
3, 984, 1879.63
3, 985, -119.52
3, 986, 1877.54
3, 987, -119.98
3, 988, 1878.39
3, 989, 1874.8
3, 990, -122.24
3, 991, 1876.48
3, 992, 1872.8
3, 993, 1869.9
3, 994, 1880.01
3, 995, 1891.54
3, 996, 1889.25
3, 997, 1875.93
3, 998, 1873.17
3, 999, 1878.21
3, 1000, 1877.52
3000, 909, -125.35
