Id   phi    psi    tau  omega    chi    chi2  solid    eta  CA-CA  CB-CB  BA^AB  NA^AC
M    nan  158.1  110.5    nan   54.3    nan  1.030    nan    nan    nan    nan    nan
V -144.9  137.5  110.1 -179.1  175.7  -62.6  1.024  137.4  3.802  5.575 -164.9 -166.7
L  -95.0  149.8  110.4  178.8  -81.0    nan  1.017  104.5  3.805  5.797 -133.7 -139.9
S  -82.7  166.7  108.0  177.3   62.3    nan  1.010   87.0  3.783  5.555 -111.2 -115.7
E  -62.5  -36.3  108.3  179.4  175.1    nan  1.015  101.9  3.825  5.345  -71.5  -75.2
G  -59.6  -42.0  111.3  179.3    nan    nan    nan   99.5  3.810    nan    nan   89.7
E  -68.7  -40.2  110.6  179.2  -69.1    nan  1.077   93.8  3.806    nan    nan   76.3
W  -63.5  -36.8  109.8  177.4  -79.0    nan  1.031  100.1  3.836  5.524   69.8   81.0
Q  -64.8  -38.5  111.0  179.6  -70.3    nan  1.068   97.5  3.813  5.402   69.0   85.0
L  -64.8  -42.1  110.6  178.1  -72.7    nan  1.047   95.8  3.822  5.458   68.9   82.3
V  -63.8  -50.5  110.9  179.7  167.0  -69.7  1.038   92.0  3.812  5.319   67.2   80.9
L  -69.7  -25.7  114.4 -178.5  -63.3    nan  1.125   98.3  3.798  5.128   46.9   70.4
H  -70.9  -41.8  110.5  178.5  178.6    nan  1.054   91.4  3.831  5.627   75.4   89.2
V  -75.0  -33.3  110.2  177.7   70.2 -167.5  1.093   91.9  3.819  5.391   49.8   69.5
W  -63.2  -32.7  111.7  178.8 -163.3    nan  1.057  101.6  3.831  5.581   77.2   89.1
A  -61.1  -30.0  110.5  178.6    nan    nan  1.039  105.4  3.826  5.482   78.7   91.4
K  -75.9  -43.3  108.9  178.7  -55.3    nan  1.018   87.8  3.838  5.464   64.8   79.3
V  -54.8  -43.2  109.0  178.0  170.9  -66.3  1.002  103.8  3.816  5.385   78.3   86.2
E  -64.3  -12.6  116.1 -180.0  -71.0    nan  1.151  109.6  3.824  5.243   57.3   80.8
A  -70.4  -22.5  107.8  177.1    nan    nan  0.999  101.5  3.823  5.806   94.0  100.0
D -151.7   76.0  110.3 -179.4  179.4    nan  1.026   86.9  3.810  4.833   -7.4   11.1
V  -63.2  -43.0  113.6 -178.3  176.8  -61.8  1.105   94.9  3.802  6.212 -168.7 -167.2
A  -64.3  -44.7  113.3  180.0    nan    nan  1.083   93.3  3.820  5.394   66.1   81.5
G  -61.9  -43.9  112.2  179.3    nan    nan    nan   96.2  3.805    nan    nan   81.2
H  -67.8  -38.3  110.8  179.6  -76.1    nan  1.044   95.3  3.813    nan    nan   76.1
G  -61.6  -41.2  112.8  179.0    nan    nan    nan   97.6  3.824    nan    nan   86.6
Q  -63.7  -51.7  110.5  177.6  -94.8    nan  1.016   91.6  3.813    nan    nan   80.8
D  -55.1  -46.0  112.5 -179.3  -72.0    nan  1.037   99.9  3.821  5.231   70.5   81.6
I  -62.9  -47.2  113.0 -179.7  -73.9  164.4  1.097   93.1  3.784  5.196   60.9   79.7
L  -68.6  -38.8  111.8 -179.1  -70.8    nan  1.084   93.9  3.832  5.354   56.5   74.0
I  -64.6  -42.6  108.5  178.8  -73.7  162.7  1.050   97.0  3.797  5.428   68.9   82.5
R  -59.6  -46.5  108.9  177.8  172.4    nan  1.026   98.4  3.819  5.429   69.9   82.1
L  -58.8  -51.2  112.1  179.3  173.9    nan  1.053   94.2  3.823  5.348   67.1   81.3
F  -64.2  -33.4  114.3 -178.8  -62.6    nan  1.087   99.2  3.835  5.166   57.4   74.6
K  -77.9  -40.7  111.0  178.7  -68.8    nan  1.044   86.0  3.799  5.400   60.5   76.0
S  -72.9  -34.6  112.6 -178.9  -59.4    nan  1.038   91.9  3.798  5.267   61.1   75.6
H -139.9   78.9  110.7 -178.5  -51.8    nan  1.030   94.3  3.801  4.774   -4.5   14.1
P  -52.0  -28.3  115.8 -179.7  -29.2    nan  1.009  112.3  3.854  6.005 -146.5 -156.0
E  -60.4  -30.0  110.9  179.7   62.7    nan  1.068  105.8  3.801  5.498   75.8   97.9
T  -66.0  -29.2  113.7 -179.7   66.3  -55.7  1.082  100.1  3.811  5.563   76.1   91.5
L  -61.2  -29.3  112.5 -178.9 -175.1    nan  1.071  104.8  3.825  5.528   83.6   97.4
E  -59.8  -27.1  113.8  179.7  -69.5    nan  1.053  106.8  3.813  5.529   84.2   97.3
K  -71.0  -21.2  113.6 -179.5  -69.3    nan  1.065   99.6  3.818  5.422   73.0   89.9
F -100.8   90.3  113.6 -178.3  -59.9    nan  1.072  113.2  3.795  5.220   45.4   68.0
D  -53.7  -35.3  114.5 -178.8  -56.7    nan  1.092  106.9  3.792  6.054 -137.1 -147.2
R  -74.5  -10.2  114.5 -178.6 -118.5    nan  1.082  101.1  3.780  5.329   62.1   80.7
V -140.5    1.8  115.9 -174.9  104.3 -126.5  1.084   40.3  3.797  4.859   19.2   39.9
K  -63.9  -16.6  116.8 -177.5   83.6    nan  1.111  107.8  3.837  5.898  105.3  125.4
H  -83.7  -10.9  114.2 -179.0   65.2    nan  1.058   91.8  3.832  5.517   72.2   88.4
L  -65.9  125.3  109.1  179.3  -52.5    nan  1.034   90.4  3.837  5.720   94.5  107.4
K  -97.7  -32.0  116.6 -176.8  -53.8    nan  1.085   69.6  3.810  5.857 -146.7 -151.8
T -126.7  164.9  113.6 -178.6   65.0  -56.1  1.051  131.4  3.806  4.962   11.3   32.6
E  -61.6  -33.9  110.7  178.2  179.3    nan  1.037  102.8  3.791  5.201  -71.5  -77.9
A  -64.6  -39.7  109.5  179.4    nan    nan  1.027   97.9  3.809  5.426   74.4   87.3
E  -67.4  -38.6  108.7  178.9  -73.8    nan  1.025   96.6  3.799  5.339   64.3   78.5
M  -63.9  -44.1  111.7  179.2  -76.7    nan  1.052   94.9  3.784  5.309   67.9   83.6
K  -66.0  -24.1  113.0 -179.6  -75.9    nan  1.056  103.1  3.812  5.294   63.1   78.5
A  -94.7  -13.6  113.0 -178.9    nan    nan  1.067   80.1  3.774  5.217   49.9   70.8
S  -68.1  123.0  114.2 -178.6  176.1    nan  1.082   96.7  3.786  5.587   87.8  105.8
E  -75.7  -33.2  109.3  179.4 -143.3    nan  1.021   91.8  3.808  5.849 -124.3 -139.0
D  -68.1  -38.7  110.9  179.0  -81.4    nan  1.031   94.8  3.798  5.429   70.4   84.5
L  -64.7  -39.6  109.5 -179.6 -171.9    nan  1.050   97.9  3.795  5.340   68.4   83.8
K  -64.6  -41.3  111.1 -179.9 -174.8    nan  1.064   96.2  3.812  5.384   66.4   82.8
K  -63.7  -42.7  109.8  177.6  -61.2    nan  1.043   96.8  3.826  5.431   67.0   80.1
H  -59.7  -40.9  110.5  178.6  -73.4    nan  0.994  100.6  3.830  5.409   75.4   83.2
G  -63.1  -44.1  111.0 -180.0    nan    nan    nan   95.9  3.792    nan    nan   83.2
V  -61.8  -42.7  110.0  179.6  165.2  -73.4  1.042   98.2  3.808    nan    nan   81.0
T  -61.0  -47.5  113.3 -180.0  -59.9  179.6  1.075   94.1  3.837  5.377   68.4   83.8
V  -63.0  -46.9  111.6  179.6 -175.7  -54.9  1.028   94.0  3.814  5.389   67.8   77.8
L  -68.0  -35.2  113.4 -178.2  -66.5    nan  1.103   95.4  3.817  5.186   57.1   75.4
T  -66.9  -45.3  109.7  178.2  -60.3  179.9  1.046   93.2  3.793  5.469   71.6   83.7
A  -65.7  -42.5  110.3  178.5    nan    nan  1.038   95.1  3.853  5.406   61.8   75.2
L  -64.5  -43.6  110.2  179.9  179.4    nan  1.059   95.5  3.824  5.375   65.0   80.1
G  -59.9  -40.6  112.5  178.6    nan    nan    nan   99.5  3.783    nan    nan   82.9
A  -62.4  -36.6  109.6  179.9    nan    nan  1.031  101.3  3.819    nan    nan   84.1
I  -69.6  -47.2  110.9  179.1  -71.7  166.1  1.054   89.5  3.811  5.354   62.3   79.9
L  -61.2  -38.4  112.5 -179.6  -66.8    nan  1.067   99.7  3.826  5.345   64.1   80.0
K  -65.2  -14.7  114.4  179.8  -68.3    nan  1.113  108.1  3.802  5.333   64.8   84.6
K  -81.0  -13.1  110.5  177.3  -62.4    nan  1.034   94.2  3.841  5.678   75.5   88.4
K   52.6   46.4  114.8  178.9  -61.0    nan  1.104  100.2  3.825  5.586 -147.8 -144.8
G   97.9  -16.6  115.9  178.6    nan    nan    nan   89.6  3.797    nan    nan  -49.0
H  -97.0   65.5  106.2 -179.8  -63.5    nan  0.962  101.6  3.835    nan    nan   72.8
H -118.4   13.8  117.6 -173.6   55.5    nan  1.074   68.6  3.786  5.800  120.2  136.1
E  -48.8  -44.5  113.7 -179.7   43.6    nan  1.097  104.9  3.798  5.989  135.0  147.5
A  -64.2  -39.6  112.9 -179.7    nan    nan  1.070   96.4  3.826  5.368   65.0   80.2
E  -72.1  -28.6  112.4 -179.8  -72.0    nan  1.057   95.5  3.815  5.309   61.0   76.8
L  -76.4  -30.3  116.3 -178.9 -112.0    nan  1.093   89.2  3.799  5.358   65.0   84.6
K  -56.3  -58.0  116.8 -178.0  -66.6    nan  1.163   88.6  3.814  5.486   82.1  103.3
P  -64.2  -31.0  111.8  180.0   29.4    nan  0.963  101.6  3.831  5.191   60.6   68.8
L  -67.3  -46.2  111.4 -179.7 -158.2    nan  1.006   91.5  3.807  5.308   68.0   88.6
A  -65.8  -37.7  110.7 -179.3    nan    nan  1.032   97.3  3.796  5.147   59.5   76.4
Q  -65.8  -47.3  112.5 -179.9 -177.2    nan  1.079   91.2  3.797  5.385   65.8   84.2
S  -67.6  -37.2  112.9 -179.9   66.7    nan  1.129   94.9  3.774  5.267   54.0   74.6
H  -76.0  -27.2  114.6  179.5  -69.8    nan  1.118   91.7  3.821  5.449   56.6   76.1
A  -83.3  -50.9  111.4  179.7    nan    nan  1.036   78.1  3.801  5.412   63.0   77.3
T  -88.3  -45.8  117.2 -176.4  -40.3 -160.7  1.101   72.1  3.815  4.941   31.6   54.9
K  -82.8  -60.8  113.7 -179.3 -154.7    nan  1.085   73.3  3.800  5.137   42.4   63.6
H  -81.6  -26.5  116.5 -177.9  -38.9    nan  1.095   86.2  3.830  4.962   30.7   51.8
K   56.0   70.2  112.3 -178.9 -108.1    nan  1.078   83.8  3.865  5.570 -151.9 -150.7
I -106.1  114.7  109.3 -177.6  -50.6 -176.8  0.981  113.8  3.787  6.047  150.4  144.7
P  -70.2  149.7  112.4  179.6   28.0    nan  0.991   83.6  3.794  5.836 -132.2 -137.6
I  -48.3  -39.4  111.4  179.8  -66.4  169.4  1.059  110.0  3.828  5.589  -76.2  -82.5
K  -49.9  -38.5  112.1  179.4  177.4    nan  1.029  109.0  3.826  5.450   86.6   96.5
Y  -71.2  -29.0  111.5  179.4  -73.2    nan  1.060   96.5  3.826  5.340   59.1   77.8
L  -72.1  -31.7  107.6  178.5  -61.3    nan  1.037   96.3  3.824  5.488   69.0   83.7
E  -68.1  -41.8  108.2  175.8  -75.4    nan  0.989   94.9  3.813  5.529   72.8   82.5
F  -60.5  -43.9  112.3  179.2  -67.7    nan  1.055   97.3  3.837  5.349   69.4   83.8
I  -70.9  -29.5  110.3  179.9 -162.5   75.0  1.102   97.1  3.819  5.337   54.4   73.5
S  -61.9  -45.0  108.6  177.9  -71.4    nan  1.010   97.7  3.835  5.654   85.3   92.4
E  -61.1  -41.5  110.3  178.1  176.5    nan  1.008   99.2  3.802  5.227   67.3   78.8
A  -65.1  -38.4  110.7 -179.9    nan    nan  1.049   97.5  3.817  5.303   63.6   80.7
I  -65.0  -48.7  110.6  179.7  -72.1  166.2  1.056   92.3  3.823  5.419   68.0   83.3
I  -61.2  -39.9  111.4  179.7  -70.1  166.2  1.065   99.5  3.790  5.251   62.4   77.5
H  -62.7  -45.2  111.8  179.6  178.7    nan  1.035   95.1  3.816  5.419   71.4   84.3
V  -68.3  -41.6  113.2 -178.8  173.5  -64.6  1.106   91.9  3.794  5.194   55.4   76.1
L  -64.4  -38.6  109.0  179.0  -61.0    nan  1.026   98.9  3.832  5.486   70.2   80.6
H  -61.4  -42.8  110.2  179.2  177.8    nan  1.046   98.4  3.764  5.331   71.7   85.7
S  -69.3  -50.2  114.3 -179.6  -61.4    nan  1.054   86.0  3.829  5.348   61.4   76.9
R  -80.8  -23.1  117.2 -177.2  -62.4    nan  1.109   88.3  3.785  4.949   40.5   63.2
H -130.5   53.9  114.4 -177.5  -53.5    nan  1.068   82.6  3.795  4.933   16.5   37.7
P  -53.5  -39.5  113.9 -179.8   28.4    nan  1.015  104.6  3.834  6.112 -179.4  179.8
G  -68.1  -29.2  114.8 -179.8    nan    nan    nan   97.8  3.802    nan    nan   81.7
N -107.9   15.5  111.2  179.5  -67.0    nan  1.038   78.2  3.819    nan    nan   52.0
F -138.7   55.8  112.1 -178.1 -152.5    nan  1.071   77.4  3.797  5.262   43.5   63.1
G  -75.8 -171.6  107.4  176.5    nan    nan    nan   73.4  3.784    nan    nan  156.3
A  -58.6  -43.3  115.0 -177.3    nan    nan  1.102   97.5  3.811    nan    nan  -42.2
D  -63.3  -48.8  110.3 -179.7  -71.2    nan  1.041   93.6  3.802  5.355   68.6   81.8
A  -62.5  -38.9  111.9  178.6    nan    nan  1.069   98.7  3.829  5.307   60.0   75.5
Q  -67.0  -39.4  109.9  178.6  176.2    nan  1.052   95.9  3.827  5.469   66.2   80.4
G  -62.3  -40.3  110.2  178.8    nan    nan    nan   99.0  3.823    nan    nan   84.1
A  -65.6  -43.6  111.4  179.0    nan    nan  1.050   94.0  3.814    nan    nan   80.5
M  -63.2  -45.5  110.5  179.6 -177.0    nan  1.045   95.3  3.841  5.336   65.6   80.1
N  -59.0  -41.4  110.0  178.2  174.0    nan  1.019  101.1  3.808  5.365   70.1   81.0
K  -64.7  -39.8  110.6 -179.9 -157.2    nan  1.031   97.1  3.828  5.264   66.0   80.8
A  -67.6  -40.6  111.1  179.8    nan    nan  1.059   94.1  3.825  5.346   61.4   79.7
L  -72.5  -33.0  111.2  179.6  -70.4    nan  1.073   93.7  3.825  5.318   55.9   74.4
E  -67.3  -40.1  109.1  176.9  -67.7    nan  1.011   95.7  3.821  5.548   73.3   83.7
L  -59.2  -47.6  107.4  178.6  174.6    nan  1.013   99.0  3.833  5.389   74.1   85.1
F  -56.3  -49.8  110.9  177.8  167.5    nan  1.037   97.6  3.829  5.301   68.4   80.6
R  -62.6  -38.3  114.4  179.5  -65.9    nan  1.097   97.7  3.851  5.302   57.9   75.9
K  -64.4  -47.8  110.2  179.3 -176.1    nan  1.016   93.5  3.826  5.410   74.8   84.2
D  -66.8  -41.0  111.9  179.7  -68.5    nan  1.086   94.1  3.811  5.187   53.6   73.3
I  -62.3  -44.3  111.1  178.6  -84.6  155.7  1.047   96.3  3.812  5.499   71.2   83.1
A  -66.5  -32.7  112.0 -179.5    nan    nan  1.105   98.6  3.826  5.287   59.2   77.7
A  -65.7  -40.6  107.6  177.0    nan    nan  0.998   97.6  3.809  5.530   77.2   85.3
K  -66.9  -37.7  111.2  178.8  -81.2    nan  1.058   96.2  3.833  5.316   60.7   78.2
Y  -56.3  -47.0  110.0  177.8  -93.3    nan  0.989   99.8  3.827  5.482   83.2   90.5
K  -61.0  -46.3  112.0  179.0 -161.4    nan  0.950   95.7  3.804  5.228   73.6   78.7
E  -60.2  -33.9  110.4  179.0  -69.4    nan  1.035  104.2  3.826  5.142   66.6   80.4
L  -83.3   -5.1  113.7 -179.1  -64.5    nan  1.085   94.6  3.812  5.235   51.0   71.8
G   92.4   10.7  117.6  178.4    nan    nan    nan   82.7  3.797    nan    nan -102.0
Y -108.1  -71.3  111.6 -179.8  177.6    nan  1.046   64.5  3.787    nan    nan   88.3
Q   45.3   38.0  111.8 -176.9 -172.0    nan  1.092  113.1  3.804  5.338  155.6  159.6
G  -80.5    nan  109.7  179.4    nan    nan    nan    nan  3.791    nan    nan  139.1
