Id   phi    psi    tau  omega    chi    chi2  solid    eta  CA-CA  CB-CB  BA^AB  NA^AC
M    nan  160.9  111.2    nan   48.1    nan  1.037    nan    nan    nan    nan    nan
V -141.2  132.4  112.7 -179.4  176.3  -62.5  1.063  134.7  3.807  5.557 -160.4 -159.3
L  -91.4  151.2  108.4  178.2  -84.1    nan  0.983  100.0  3.797  5.792 -130.8 -144.2
S  -84.0  167.6  106.8  177.4   58.9    nan  0.992   87.7  3.782  5.573 -112.3 -114.6
E  -61.2  -38.0  108.8  179.0  175.9    nan  1.008  101.9  3.805  5.297  -68.8  -72.8
G  -60.6  -38.2  112.4 -179.9    nan    nan    nan  100.3  3.804    nan    nan   88.2
E  -70.0  -41.1  110.3  178.7  -75.8    nan  1.057   92.5  3.805    nan    nan   78.2
W  -62.9  -35.7  110.0  178.3  -79.8    nan  1.029  101.0  3.826  5.477   70.4   81.5
Q  -65.5  -38.0  111.7 -179.5  -73.8    nan  1.071   96.9  3.784  5.347   69.8   86.3
L  -65.4  -42.0  109.4  178.3  -71.5    nan  1.031   96.1  3.812  5.434   69.5   82.2
V  -63.9  -49.6  111.3  179.1  168.9  -68.3  1.030   92.1  3.824  5.335   67.3   80.1
L  -71.5  -23.4  113.4 -178.7  -58.3    nan  1.109   98.1  3.811  5.157   47.1   69.3
H  -69.0  -47.0  110.5  178.7  177.8    nan  1.043   90.3  3.794  5.611   80.6   93.2
V  -74.0  -31.4  109.9  179.5   66.8 -171.1  1.087   93.8  3.814  5.263   46.6   66.8
W  -64.1  -32.5  111.2  178.6 -160.8    nan  1.061  101.1  3.808  5.610   77.1   89.9
A  -64.0  -29.4  109.5  178.9    nan    nan  1.028  103.6  3.825  5.485   77.4   88.9
K  -73.6  -43.0  109.1  178.0  -57.4    nan  1.015   89.6  3.832  5.474   67.7   81.5
V  -57.6  -42.0  109.9  177.9  170.8  -67.0  1.009  101.9  3.814  5.355   74.5   83.9
E  -65.6  -12.1  116.6 -179.4  -74.2    nan  1.145  108.5  3.813  5.247   58.3   81.6
A  -72.6  -19.2  108.7  177.9    nan    nan  1.018  100.5  3.797  5.727   90.1   99.2
D -150.7   73.4  109.4  179.3  177.5    nan  1.020   84.6  3.834  4.953   -3.9   14.7
V  -60.3  -48.3  114.0 -177.9  178.9  -61.8  1.123   93.8  3.800  6.213 -169.8 -166.0
A  -62.0  -41.1  113.5 -178.8    nan    nan  1.085   97.0  3.798  5.312   64.6   79.9
G  -66.3  -41.4  112.8  179.8    nan    nan    nan   93.8  3.807    nan    nan   81.0
H  -69.8  -38.1  108.7  178.6  -75.5    nan  1.017   95.0  3.807    nan    nan   75.3
G  -59.3  -44.4  111.5  178.9    nan    nan    nan   98.3  3.812    nan    nan   88.2
Q  -63.5  -52.4  110.8  178.3  -76.8    nan  1.025   91.2  3.821    nan    nan   78.5
D  -53.3  -44.4  113.1 -179.5  -74.7    nan  1.042  102.0  3.815  5.227   72.3   82.6
I  -65.5  -48.6  113.1 -179.2  -72.6  165.4  1.098   90.3  3.800  5.206   60.0   79.5
L  -66.0  -39.7  112.1  179.8  -76.2    nan  1.099   95.4  3.813  5.343   56.0   74.4
I  -64.8  -41.5  109.8  179.0  -70.5  165.4  1.051   96.6  3.808  5.463   69.2   81.9
R  -60.6  -45.9  108.3  178.3  162.8    nan  1.011   98.3  3.828  5.388   71.0   82.7
L  -58.6  -49.3  111.7  179.2  172.1    nan  1.039   95.8  3.832  5.347   66.7   81.6
F  -67.4  -31.2  114.1 -178.4  -59.1    nan  1.087   97.7  3.836  5.194   54.9   73.8
K  -77.0  -37.0  110.3  179.5  -69.2    nan  1.050   88.6  3.800  5.424   63.4   79.4
S  -77.4  -38.0  112.5 -179.6  -56.6    nan  1.047   86.7  3.793  5.264   57.3   73.8
H -136.9   77.4  110.6 -179.1  -50.2    nan  1.035   94.4  3.821  4.820   -6.2   13.8
P  -50.3  -27.5  115.0 -179.7  -30.9    nan  1.002  114.6  3.851  6.012 -146.0 -155.6
E  -61.3  -31.5  110.8 -179.8   64.0    nan  1.060  104.2  3.808  5.489   75.7   98.0
T  -65.1  -27.3  113.4 -179.9   62.2  -58.8  1.089  102.0  3.809  5.527   74.1   90.6
L  -63.6  -29.5  112.0 -180.0  176.8    nan  1.051  102.9  3.833  5.594   84.6   96.0
E  -60.4  -23.0  114.8 -179.6  -64.6    nan  1.085  108.2  3.817  5.475   81.2   97.4
K  -73.3  -22.3  113.0 -179.3  -64.5    nan  1.077   97.2  3.801  5.504   73.7   92.1
F  -96.0   87.0  111.6 -179.2  -62.0    nan  1.054  111.1  3.797  5.328   50.3   70.4
D  -53.7  -32.6  113.6 -179.3  -58.5    nan  1.068  109.0  3.811  6.075 -139.6 -150.1
R  -61.3  -37.4  113.8 -179.0 -126.2    nan  1.084   99.6  3.782  5.418   78.0   94.5
F -137.1   29.2  114.4 -178.8   49.6    nan  1.119   59.9  3.810  4.823   -8.9   16.5
K  -61.9  -19.2  112.4  179.0  159.2    nan  1.027  109.5  3.806  6.077  144.7  147.8
H  -82.5   -9.5  116.8 -178.3   62.5    nan  1.084   93.1  3.839  5.416   64.2   87.8
L  -60.6  128.7  110.0 -179.5  -53.2    nan  1.051   85.8  3.843  5.778  102.3  115.1
K  -99.7  -31.1  116.7 -177.2  -57.4    nan  1.086   68.1  3.806  5.846 -144.9 -150.6
T -129.5  169.5  114.2 -177.8   68.1  -52.0  1.040  133.1  3.807  4.898   12.0   31.2
E  -66.5  -34.6  110.4  179.0  177.7    nan  1.044   98.4  3.794  5.198  -74.3  -76.3
A  -62.0  -43.8  109.1  178.9    nan    nan  1.018   98.1  3.785  5.428   77.7   88.6
E  -65.4  -40.0  110.6  179.0  -77.9    nan  1.041   96.5  3.800  5.303   62.3   77.3
M  -62.7  -42.9  111.2  179.0  -72.9    nan  1.043   96.7  3.808  5.359   69.8   83.6
K  -63.4  -30.8  112.3 -179.6  -75.9    nan  1.041  102.1  3.822  5.335   68.0   81.8
A  -86.0  -12.9  114.6 -178.6    nan    nan  1.069   88.6  3.791  5.174   52.9   72.9
S  -76.4  120.4  115.8 -177.8  179.8    nan  1.099  104.2  3.799  5.536   78.9  100.1
E  -72.7  -33.0  109.5  179.0 -125.8    nan  1.016   94.4  3.797  5.820 -122.6 -139.9
D  -66.1  -40.0  111.6  179.2  -79.9    nan  1.040   95.4  3.807  5.430   71.8   86.9
L  -69.3  -41.8  108.9 -179.9 -177.4    nan  1.040   93.6  3.809  5.306   62.7   78.1
K  -59.4  -43.5  110.1  178.8  177.3    nan  1.046   99.5  3.809  5.446   71.4   84.3
K  -63.5  -36.8  111.7  179.7  -62.2    nan  1.066   99.2  3.813  5.339   65.2   80.3
A  -66.5  -38.1  109.5 -180.0    nan    nan  1.014   97.2  3.808  5.398   71.4   83.6
G  -65.9  -41.4  110.6  179.4    nan    nan    nan   95.4  3.803    nan    nan   82.3
V  -64.3  -38.0  109.2  179.2  168.1  -70.6  1.033   99.1  3.818    nan    nan   80.5
T  -65.1  -43.4  110.7  179.5  -63.1  176.3  1.040   94.9  3.806  5.361   68.8   83.0
V  -62.5  -49.0  111.1  179.7  165.8  -73.5  1.041   93.6  3.799  5.359   66.9   81.3
L  -67.9  -37.3  115.1 -178.3  -64.6    nan  1.131   93.5  3.801  5.187   51.8   73.9
T  -65.1  -42.1  109.3  178.8  -61.0  179.1  1.028   96.4  3.789  5.468   74.1   84.2
A  -68.4  -43.4  111.2  179.4    nan    nan  1.046   92.1  3.830  5.337   60.7   76.5
L  -66.5  -38.5  110.5  179.9 -179.4    nan  1.041   96.5  3.822  5.302   62.6   77.6
G  -62.5  -39.1  111.2  179.2    nan    nan    nan   99.0  3.793    nan    nan   85.4
A  -65.2  -36.0  110.2 -179.3    nan    nan  1.045   98.9  3.805    nan    nan   83.3
I  -69.6  -48.1  110.4  179.5  -74.2  163.4  1.058   89.4  3.803  5.359   63.3   80.8
L  -61.2  -38.0  112.9 -179.6  -65.7    nan  1.074   99.7  3.807  5.341   62.9   79.2
K  -67.5  -14.6  113.6 -179.7  -67.8    nan  1.102  106.1  3.812  5.369   64.2   83.2
K  -79.2  -11.4  110.3  177.5  -62.7    nan  1.033   96.7  3.829  5.687   77.8   90.6
K   51.6   47.9  114.1  179.0  -64.5    nan  1.102  100.3  3.813  5.597 -147.4 -143.7
G   97.6  -19.5  116.7  178.4    nan    nan    nan   91.4  3.794    nan    nan  -48.3
H  -95.4   63.8  106.7 -179.3  -63.6    nan  0.963  102.4  3.828    nan    nan   72.4
H -115.3   17.9  117.1 -174.1   53.8    nan  1.070   73.7  3.789  5.838  121.2  136.6
E  -51.9  -45.1  113.5 -179.4   39.9    nan  1.113  102.4  3.800  6.029  135.5  148.6
A  -63.0  -43.0  113.4 -179.9    nan    nan  1.078   95.2  3.821  5.373   66.5   80.8
E  -68.2  -31.1  112.8  179.6  -71.4    nan  1.046   97.6  3.812  5.326   63.8   77.2
L  -74.2  -30.7  116.9 -177.8 -128.3    nan  1.087   90.7  3.806  5.295   66.4   85.4
K  -54.9  -58.3  116.7 -177.8  -59.2    nan  1.134   89.4  3.807  5.462   85.0  104.4
P  -65.4  -32.5  112.7 -179.8   28.8    nan  0.988   99.4  3.819  5.115   55.6   67.8
L  -66.7  -44.1  110.9 -179.8 -178.7    nan  1.014   93.2  3.812  5.352   66.7   87.9
A  -66.7  -41.3  108.1  179.8    nan    nan  1.000   96.3  3.809  5.237   61.6   75.9
Q  -62.3  -49.4  113.8  179.6 -176.0    nan  1.111   91.8  3.784  5.363   63.7   83.7
S  -66.4  -40.6  113.4 -179.9   67.5    nan  1.092   93.9  3.807  5.314   59.1   74.2
H  -72.8  -26.0  115.1 -179.0  -70.9    nan  1.148   95.1  3.807  5.295   53.8   77.4
A  -85.1  -47.4  111.1  178.2    nan    nan  1.028   78.1  3.795  5.495   62.1   75.6
T  -89.8  -41.9  119.1 -174.9  -45.8 -165.8  1.120   71.2  3.824  4.945   33.1   58.2
K  -89.5  -58.6  112.4 -178.7 -171.8    nan  1.064   71.2  3.800  5.115   41.1   61.0
H  -79.3  -26.5  116.2 -178.5  -44.9    nan  1.090   88.4  3.824  4.967   34.1   54.8
K   57.0   62.5  113.5 -179.4  -93.0    nan  1.106   87.4  3.860  5.585 -154.4 -150.3
I -100.3  112.2  111.4 -178.6  -51.4 -178.4  1.014  113.6  3.800  6.103  146.8  142.5
P  -68.7  153.6  112.6  179.6   25.1    nan  0.995   80.4  3.803  5.855 -131.8 -139.4
I  -53.3  -33.1  110.6  179.5  -66.4  169.4  1.035  110.3  3.826  5.558  -76.2  -82.8
K  -52.3  -43.1  110.2  179.8 -178.1    nan  1.001  105.1  3.799  5.453   90.3   99.8
Y  -70.8  -26.0  112.0 -179.4  -70.7    nan  1.070   98.0  3.805  5.219   53.8   74.5
L  -74.0  -29.2  107.8  178.1  -60.8    nan  1.035   95.6  3.813  5.537   70.1   84.7
E  -70.2  -40.8  107.5  176.7  -76.4    nan  1.004   94.2  3.798  5.519   71.5   83.6
F  -60.9  -43.7  112.4  179.5  -68.3    nan  1.037   97.0  3.829  5.376   71.2   84.5
I  -72.2  -27.5  110.4 -179.3 -159.2   77.0  1.105   96.7  3.791  5.263   51.5   73.3
S  -65.1  -37.4  109.3  178.8  -68.8    nan  1.026   98.8  3.819  5.645   82.7   92.2
E  -70.8  -36.3  109.8  179.6  171.8    nan  1.019   94.3  3.804  5.317   64.1   78.1
A  -67.7  -36.3  109.9  179.4    nan    nan  1.035   96.8  3.799  5.377   66.9   82.2
I  -66.5  -45.4  109.4  179.9  -71.6  165.9  1.032   93.7  3.810  5.427   69.6   83.6
I  -62.7  -39.5  112.3  179.7  -70.1  167.0  1.094   98.0  3.789  5.287   60.7   79.2
H  -64.1  -45.7  110.9  179.7  173.1    nan  1.040   94.4  3.830  5.452   70.4   83.6
V  -67.1  -43.8  113.0 -179.5  170.4  -68.1  1.108   91.8  3.805  5.263   54.9   76.1
L  -62.0  -39.1  109.6  178.0  -63.9    nan  1.032  100.2  3.842  5.526   70.6   80.2
H  -63.3  -39.9  110.1  179.2  175.8    nan  1.040   98.5  3.803  5.356   70.3   83.5
S  -70.8  -46.4  113.3  179.5  -55.1    nan  1.051   87.4  3.833  5.404   62.0   77.2
R  -85.2  -22.2  118.6 -176.9  -66.3    nan  1.142   84.1  3.820  5.009   37.9   62.9
H -131.7   56.0  113.2 -177.9  -51.9    nan  1.035   82.7  3.819  5.005   20.3   36.8
P  -55.5  -34.1  115.6 -179.4   26.3    nan  1.041  105.6  3.811  6.075  177.8 -178.7
G  -74.4  -24.8  114.1 -179.2    nan    nan    nan   94.5  3.800    nan    nan   81.4
N -110.1    6.8  111.3 -179.9  -68.2    nan  1.044   72.5  3.794    nan    nan   54.3
F -130.0   57.4  111.7 -179.2 -152.8    nan  1.059   83.8  3.762  5.252   42.4   63.5
G  -77.8 -172.7  108.6  177.5    nan    nan    nan   75.6  3.785    nan    nan  157.0
A  -57.3  -43.1  115.4 -177.4    nan    nan  1.113   98.5  3.820    nan    nan  -42.2
D  -67.7  -40.1  111.8  180.0  -66.4    nan  1.061   93.9  3.794  5.330   63.2   78.3
A  -67.2  -39.4  110.6  179.5    nan    nan  1.042   95.4  3.816  5.357   64.8   79.8
Q  -67.7  -35.9  110.3  179.3 -179.1    nan  1.049   96.9  3.810  5.375   63.7   79.6
G  -65.0  -41.4  110.5  178.9    nan    nan    nan   96.2  3.797    nan    nan   85.1
A  -66.7  -40.9  111.0  179.2    nan    nan  1.045   94.8  3.799    nan    nan   78.6
M  -65.4  -43.3  109.0  178.6 -177.6    nan  1.030   95.8  3.845  5.402   65.5   79.4
N  -59.5  -43.4  111.1  177.9  176.3    nan  1.051   99.0  3.805  5.413   69.5   82.5
K  -61.7  -40.7  110.8  179.1 -160.4    nan  1.019   99.0  3.846  5.325   70.1   81.4
A  -67.2  -39.0  110.7 -179.6    nan    nan  1.051   95.5  3.824  5.310   61.5   79.8
L  -73.7  -32.7  110.4  179.8  -66.2    nan  1.053   93.2  3.803  5.328   57.4   74.7
E  -67.7  -38.4  108.8  178.0  -71.7    nan  1.004   96.4  3.817  5.510   73.7   84.3
L  -63.8  -44.1  108.3  178.5  173.3    nan  1.004   97.0  3.823  5.360   71.3   82.5
F  -59.0  -48.8  110.5  178.1  164.8    nan  1.036   96.5  3.814  5.288   68.0   81.8
R  -63.9  -37.3  113.6  179.2  -63.4    nan  1.081   97.6  3.825  5.281   57.7   75.2
K  -65.3  -45.5  111.6  179.6 -176.6    nan  1.038   93.1  3.808  5.404   72.8   84.8
D  -70.2  -35.2  111.5  179.9  -71.5    nan  1.077   94.5  3.801  5.206   54.0   72.8
I  -68.0  -40.7  109.2  178.1  -85.9  152.6  1.027   94.9  3.800  5.489   69.9   82.1
A  -61.6  -39.7  110.3 -179.9    nan    nan  1.040   99.8  3.825  5.394   71.0   84.3
A  -63.0  -39.3  110.6  179.4    nan    nan  1.032   98.8  3.820  5.352   70.4   83.5
K  -70.4  -39.2  110.0 -180.0  -78.1    nan  1.026   93.2  3.823  5.317   62.7   77.4
Y  -54.2  -49.1  108.3  178.7  -94.3    nan  0.984  100.9  3.793  5.416   83.8   91.1
K  -58.5  -44.3  112.5  179.8 -178.4    nan  1.071   98.4  3.815  5.175   62.8   79.3
E  -64.2  -29.8  111.3  178.8  -65.8    nan  1.029  102.4  3.825  5.367   67.1   78.6
L  -85.0   -7.3  113.3 -179.1  -62.6    nan  1.087   92.1  3.797  5.238   52.3   74.1
G   94.1   19.7  116.5  178.0    nan    nan    nan   77.5  3.805    nan    nan -102.2
Y -120.1  -69.8  113.2 -179.2  179.0    nan  1.057   60.5  3.780    nan    nan   84.8
Q   45.3   19.3  114.5 -177.4 -135.5    nan  1.122  124.5  3.831  5.374  155.0  160.8
G  -75.1    nan  111.4  179.4    nan    nan    nan    nan  3.796    nan    nan  127.2
