Id   phi    psi    tau  omega    chi    chi2  solid    eta  CA-CA  CB-CB  BA^AB  NA^AC
M    nan  143.8  110.3    nan  176.7    nan  1.065    nan    nan    nan    nan    nan
N -148.5  173.7  111.6  179.2   62.9    nan  1.118  150.3  3.813  5.695  173.3  172.7
I  -55.1  -43.4  115.2 -177.8 -178.4   59.5  1.161  100.1  3.836  5.236  -58.0  -57.1
F  -60.3  -45.7  112.3  177.8  -74.2    nan  1.075   96.3  3.820  5.468   71.9   82.9
E  -68.7  -39.2  110.7  178.7  -61.4    nan  1.024   94.2  3.792  5.271   61.8   72.6
M  -62.0  -50.4  111.6  178.6 -167.7    nan  0.992   92.8  3.732  5.238   75.4   84.6
L  -70.7  -36.4  112.3 -179.9  -78.8    nan  1.046   93.1  3.764  5.132   50.3   68.4
R  -59.8  -26.5  109.8  179.0  162.5    nan  1.118  108.7  3.783  5.451   72.6   90.0
I  -81.2  -34.6  109.8  179.3  -79.1  150.5  1.053   86.3  3.754  5.497   63.8   79.1
D  -75.4  -33.2  113.4 -177.6  -79.5    nan  1.099   90.0  3.773  5.339   58.1   80.2
E -101.2  -24.0  115.7 -173.7  -58.7    nan  1.059   69.5  3.766  5.064   39.7   61.2
G   74.1  178.0  111.2 -176.9    nan    nan    nan   73.4  3.797    nan    nan -130.4
L -127.3  126.7  109.9  179.3  178.2    nan  1.013  125.5  3.841    nan    nan -124.8
R -138.1  118.7  111.0 -179.9  -51.9    nan  1.065  124.5  3.822  5.744  168.3  165.2
L  -86.0   -2.3  114.9 -174.8  -66.0    nan  1.130   93.0  3.784  5.901 -143.9 -146.4
K -124.8  134.8  109.6 -176.2 -171.3    nan  0.988  126.7  3.729  5.251   45.6   60.8
I  -39.9  156.6  110.9 -179.9  -53.9 -177.6  1.075   52.2  3.761  5.661  -78.0  -88.6
Y -164.5  166.4  111.3  179.7   72.0    nan  1.153  163.6  3.753  5.435  169.0  169.6
K -102.2  135.5  111.3  178.4  -79.4    nan  1.064  113.5  3.718  5.402 -109.4 -113.4
D  -78.3  173.1  115.2 -177.8   96.8    nan  1.370   81.3  3.669  5.660 -136.6 -125.5
T  -51.3  -17.7  111.8 -179.1  110.4  -18.9  1.151  120.5  3.699  4.934  -39.0  -57.7
E -117.8    6.9  108.8  177.6  -41.4    nan  1.040   64.6  3.737  5.407   35.0   50.1
G   90.6    9.9  117.3  179.2    nan    nan    nan   84.9  3.803    nan    nan  -90.8
Y  -88.8  147.1  114.0  179.4  -58.4    nan  1.055  101.7  3.831    nan    nan  107.2
Y  -67.6  132.7  108.8 -178.5  -73.9    nan  1.100   87.7  3.557  5.168 -101.8 -104.1
T -149.9  163.3  108.4 -176.6  -53.5 -177.7  0.940  151.0  3.745  5.699 -177.4  157.8
I -154.2  174.1  109.4  177.7 -160.8   78.7  1.020  155.6  3.715  5.380 -176.6 -173.1
G   54.8 -123.6  114.1  178.8    nan    nan    nan   87.6  3.843    nan    nan   43.0
I -109.1   70.3  113.1 -178.2  -56.0 -178.0  1.138  103.8  3.764    nan    nan  -34.4
G   73.4   23.8  113.1 -179.2    nan    nan    nan   96.3  3.746    nan    nan  -47.7
H  -82.6   99.4  110.9  179.2 -173.9    nan  1.073  109.2  3.786    nan    nan  124.5
L  -69.5  125.7  113.5 -178.9  170.0    nan  1.085   95.7  3.740  5.952 -142.7 -152.4
L  -91.3  -59.4  110.3  179.5  -62.7    nan  1.130   71.9  3.703  5.798 -147.7 -149.4
T  -77.9 -146.2  113.9  179.6  154.0   37.2  1.161   66.8  3.803  5.300   31.2   53.1
S   34.1  129.7  111.2  -15.6  166.1    nan  1.081   46.7  8.108  7.543  122.8  -14.5
L  -61.9  -38.7  112.0  177.2 -178.2    nan  1.103   99.2  3.732  5.642 -107.8 -118.1
D  -65.0  -43.7  111.0 -179.9  -68.2    nan  1.113   94.6  3.790  5.459   64.5   83.8
A  -61.7  -42.7  108.3  177.3    nan    nan  1.077   99.3  3.757  5.376   65.3   79.3
A  -64.0  -40.7  111.6  176.8    nan    nan  1.093   96.7  3.793  5.401   61.1   77.7
K  -62.9  -36.2  109.4  179.4  -70.1    nan  1.055  101.1  3.783  5.457   70.8   83.0
S  -65.9  -53.7  110.9 -179.2 -174.0    nan  1.154   88.8  3.731  5.281   62.5   85.1
E  -50.7  -47.4  110.5  176.5  -73.1    nan  0.980  103.2  3.792  5.444   79.3   80.1
L  -58.9  -43.6  112.2  180.0  177.1    nan  1.063   98.7  3.748  5.093   66.5   81.4
D  -63.3  -38.9  112.4 -178.5  -78.2    nan  1.120   97.8  3.727  5.235   62.2   82.7
K  -68.6  -34.1  112.2  179.2  152.6    nan  1.107   96.0  3.733  5.200   59.4   79.5
A  -69.1  -35.7  112.3  177.8    nan    nan  1.046   94.7  3.874  5.555   66.3   82.4
I  -94.4  -22.7  114.5 -176.2  -65.1  172.7  1.091   76.7  3.809  5.054   38.3   62.1
G   75.2   24.1  112.5  179.9    nan    nan    nan   94.7  3.740    nan    nan -131.0
R -150.5  168.0  110.8  178.4   87.2    nan  1.128  152.6  3.752    nan    nan   55.5
N  -81.5   96.7  109.8  178.8 -134.5    nan  1.095  108.4  3.734  5.337  -91.4  -91.4
T  -84.7  -23.2  118.6 -172.5   79.1  -42.4  1.171   84.0  3.765  6.083 -164.3 -161.2
N   61.8    9.3  110.5 -178.2 -162.5    nan  1.119  114.7  3.723  5.461 -138.6 -141.7
G  100.3    5.2  117.9  178.0    nan    nan    nan   77.3  3.828    nan    nan  -81.0
V -130.9  138.0  113.7 -177.7 -176.9  -56.3  1.041  133.6  3.803    nan    nan   61.7
I -128.5  161.5  110.6 -179.0   60.4  -60.0  1.051  132.6  3.745  5.670 -171.4 -171.9
T  -82.7  170.6  109.5  178.5   76.3  -45.8  1.063   85.9  3.741  5.392 -101.6 -102.0
K  -65.7  -38.9  109.8 -178.5 -168.5    nan  1.024   97.3  3.799  5.304  -68.5  -72.1
D  -56.7  -46.9  109.8  179.2  -87.6    nan  1.000   99.7  3.751  5.261   77.6   89.3
E  -61.9  -46.8  111.2  178.7  -70.3    nan  1.149   95.1  3.813  5.214   54.7   77.4
A  -60.7  -34.6  111.7  178.9    nan    nan  1.042  102.6  3.848  5.454   71.6   79.1
E  -74.2  -33.3  111.8  179.8  -75.5    nan  1.119   91.8  3.746  5.312   56.2   78.8
K  -63.6  -44.5  109.7 -179.4  174.0    nan  1.096   96.0  3.745  5.453   74.7   90.2
L  -61.6  -41.6  111.5  178.2  -67.4    nan  1.037   98.1  3.801  5.418   69.4   79.3
F  -63.7  -44.5  109.6 -177.4 -176.4    nan  1.002   96.1  3.764  5.149   71.1   83.7
N  -58.5  -45.7  110.7  177.2  -82.6    nan  1.041   98.6  3.804  5.330   64.4   81.5
Q  -62.5  -41.9  112.0 -179.6  -80.3    nan  1.013   96.9  3.774  5.258   68.1   80.0
D  -68.6  -35.1  114.7 -179.8  -64.9    nan  1.105   94.3  3.720  5.131   57.4   78.4
V  -70.7  -40.9  107.8  179.7  170.9  -69.2  1.030   93.5  3.817  5.495   69.2   81.5
D  -58.6  -44.2  109.8  178.3 -168.6    nan  1.034   99.9  3.748  5.335   72.5   85.0
A  -64.1  -39.0  112.6 -178.8    nan    nan  1.124   97.0  3.760  5.273   58.3   80.5
A  -63.7  -45.7  111.4 -179.6    nan    nan  1.067   94.3  3.828  5.498   72.2   85.2
V  -58.6  -50.9  111.5  178.5  176.7  -68.2  1.100   95.0  3.793  5.337   65.7   82.1
R  -60.0  -40.5  113.6  178.4  -69.6    nan  1.177   98.9  3.844  5.361   55.5   76.6
G  -61.3  -45.1  108.9  178.4    nan    nan    nan   97.9  3.722    nan    nan   84.5
I  -55.2  -47.7  110.1 -178.8  -77.9  160.7  1.057  100.1  3.752    nan    nan   87.2
L  -69.8  -18.2  115.0 -174.7  -55.4    nan  1.213  101.7  3.703  5.050   47.2   76.0
R  -94.0  -15.0  109.9  179.8  -85.3    nan  0.934   81.1  3.764  5.564   72.6   74.9
N  -86.7  125.0  114.3 -175.8 -174.5    nan  1.155  107.7  3.713  5.101   56.3   89.3
A  -66.5  -21.6  114.2 -178.1    nan    nan  1.060  103.4  3.769  5.726 -106.5 -125.6
K  -90.9  -32.0  110.2  179.1  -82.6    nan  1.064   78.7  3.723  5.363   53.0   75.3
L  -86.4  -39.4  116.5 -174.7  -58.9    nan  1.122   76.4  3.802  5.222   52.4   74.8
K  -53.4  -45.9  115.6 -177.6 -177.3    nan  1.151   99.6  3.737  5.343   79.0   97.9
P  -66.1  -32.7  110.5 -179.0    4.3    nan  0.965   99.6  3.746  5.316   71.1   77.9
V  -70.1  -45.1  109.9  179.5  179.6  -56.0  1.055   90.8  3.753  5.296   61.8   83.8
Y  -57.7  -45.6  110.9  179.2 -170.6    nan  1.075   99.1  3.789  5.296   67.2   83.2
D  -61.6  -31.7  112.3  178.7  -76.0    nan  0.997  103.2  3.773  5.362   71.5   79.6
S  -83.2   -6.1  114.9 -177.3   70.8    nan  1.059   94.2  3.713  5.107   54.9   77.7
L  -92.9  158.9  115.5 -174.8  -62.1    nan  1.076  101.7  3.799  5.508   71.2   93.2
D  -79.8  165.3  107.3  172.3   60.5    nan  0.986   84.5  3.836  5.357  -97.9 -107.5
A  -53.9  -38.6  118.0 -176.5    nan    nan  1.275  102.9  3.840  5.487  -78.9  -64.1
V  -71.3  -50.0  111.8 -178.4 -179.7  -62.3  1.068   86.4  3.808  5.538   71.9   81.1
R  -61.7  -31.3  111.8  177.9  -58.7    nan  1.143  103.6  3.700  5.185   53.3   75.2
R  -59.4  -37.5  108.3  177.5  -85.9    nan  1.008  103.9  3.832  5.738   89.1   93.1
A  -64.3  -38.4  109.2 -179.3    nan    nan  1.060   98.9  3.742  5.228   68.6   84.7
A  -62.6  -40.3  111.0  178.6    nan    nan  1.063   98.4  3.804  5.478   69.4   84.6
L  -67.7  -38.9  111.3  179.7 -169.6    nan  1.024   94.9  3.807  5.398   68.4   79.4
I  -64.2  -39.2  110.1  179.4  -66.5  171.5  1.015   98.1  3.749  5.284   71.2   83.7
N  -57.5  -49.0  111.2  179.1 -170.7    nan  1.021   97.1  3.842  5.395   75.8   89.1
M  -57.7  -43.9  111.5  178.0  -67.6    nan  1.102   99.8  3.807  5.330   61.3   79.6
V  -62.0  -44.1  112.3 -180.0  175.6  -64.8  1.136   95.9  3.872  5.474   64.7   81.7
F  -57.9  -46.0  108.9  178.4 -175.9    nan  0.954   99.9  3.750  5.410   82.8   83.6
Q  -71.9  -49.2  115.3 -178.9 -162.8    nan  1.076   84.0  3.771  5.062   51.1   71.9
M -109.4    2.3  118.8 -175.8   60.4    nan  1.305   71.7  3.719  4.703   -2.3   39.3
G   84.4  150.0  110.3  179.7    nan    nan    nan   75.1  3.687    nan    nan -100.7
E  -59.4  -39.5  110.8 -176.3 -171.1    nan  0.981  101.4  3.743    nan    nan  -92.0
T  -64.5  -48.7  112.4 -179.5  -57.2 -178.0  1.066   91.5  3.710  5.194   61.3   83.6
G  -60.7  -44.7  110.4 -177.3    nan    nan    nan   97.7  3.780    nan    nan   80.8
V  -68.3  -39.4  112.1  179.8 -177.5  -57.8  1.030   93.6  3.764    nan    nan   75.0
A  -53.8  -34.4  110.9  179.9    nan    nan  1.081  109.0  3.771  5.312   77.5   93.3
G  -76.1    2.5  116.4  178.5    nan    nan    nan  105.0  3.825    nan    nan   77.3
F  -91.3   43.8  106.2  177.6  -81.2    nan  1.022  100.2  3.839    nan    nan   94.0
T  -36.6  -54.5  117.5  179.9  -55.3 -175.1  1.101  104.0  3.788  6.154 -174.1 -172.1
N  -65.7  -39.3  113.4 -177.1  -56.0    nan  1.165   95.1  3.725  5.101   49.7   73.6
S  -63.4  -43.4  110.4 -179.5  -73.5    nan  0.990   96.4  3.786  5.491   80.8   85.1
L  -58.8  -43.2  111.4 -178.7  -58.2    nan  1.143   99.5  3.743  5.181   63.2   85.8
R  -64.8  -36.9  108.4 -179.1 -172.4    nan  0.980   99.7  3.749  5.366   73.5   79.8
M  -66.6  -43.6  110.0  179.8  -76.5    nan  1.098   94.1  3.732  5.333   60.9   82.8
L  -61.9  -42.8  110.2  179.6  -71.9    nan  0.995   98.0  3.716  5.321   76.1   81.5
Q  -61.8  -37.3  111.8 -178.6 -170.4    nan  1.060  100.2  3.693  5.126   64.2   84.0
Q  -82.0    7.5  113.3  178.8  -62.9    nan  1.032  100.9  3.804  5.353   51.6   69.0
K   54.6   32.7  116.0 -176.9  -23.3    nan  1.299  107.1  3.873  5.809 -130.5 -120.5
R  -89.9   79.8  106.6  173.9  -77.0    nan  0.939  106.4  3.791  6.070  137.6  119.4
W  -55.9  -50.1  119.5 -174.5  -33.1    nan  1.396   92.7  3.780  6.205  178.5 -150.8
D  -67.4  -36.6  112.2 -174.0  -75.2    nan  1.234   95.8  3.709  5.394   60.6   78.7
E  -69.9  -42.4  113.9 -179.8  -41.3    nan  1.135   89.8  3.697  5.494   65.7   82.2
A  -64.9  -31.0  110.9  179.8    nan    nan  1.021  101.4  3.692  5.273   68.9   81.1
A  -64.6  -41.2  110.1 -179.7    nan    nan  1.042   96.8  3.837  5.519   71.7   91.0
V  -65.6  -45.5  111.5  176.7  163.9  -74.3  1.051   93.0  3.728  5.243   63.5   78.0
N  -65.6  -42.3  110.3  179.2 -174.7    nan  0.983   95.3  3.784  5.281   66.4   76.1
L  -58.9  -30.5  112.2 -178.0  -76.3    nan  1.051  106.4  3.732  5.330   72.0   88.0
A  -68.5  -19.6  114.3 -175.9    nan    nan  1.118  102.5  3.831  5.384   71.2   91.9
K  -88.6   66.9  109.8  179.5  -44.1    nan  1.046  108.8  3.789  5.534   63.2   78.1
S -151.5  159.4  111.6 -178.1   53.4    nan  1.004  152.2  3.762  5.526   98.6   95.8
R  -59.4  -43.5  109.1  175.2  168.5    nan  0.944  100.1  3.786  5.231  -72.0  -83.7
W  -46.9  -50.2  110.7  178.3  167.3    nan  0.994  103.8  3.846  5.241   82.2   93.7
Y  -65.1  -45.2  110.0 -179.9  179.4    nan  1.006   94.4  3.769  5.163   58.4   72.8
N  -67.9  -29.6  114.9 -178.0  -74.4    nan  1.127   97.7  3.796  5.116   53.9   77.2
Q  -84.8  -36.8  114.8  179.8  -61.5    nan  1.149   79.7  3.757  5.417   50.2   75.4
T -135.5   69.2  105.8 -178.1   48.1  -73.3  0.930   85.7  3.810  4.942    9.5   17.2
P  -60.6  -40.0  118.0 -175.1   16.2    nan  1.087   96.5  3.756  6.012 -176.8 -166.3
N  -66.0  -46.9  110.0 -178.6  -71.9    nan  1.087   92.9  3.779  5.398   61.4   84.0
R  -60.8  -54.1  109.6  178.4 -180.0    nan  1.038   92.9  3.786  5.416   68.3   78.0
A  -51.7  -51.8  109.6  179.0    nan    nan  1.111  100.2  3.724  5.142   65.2   80.5
K  -52.6  -37.0  112.8  179.6  -84.8    nan  1.085  107.5  3.833  5.541   73.0   83.0
R  -62.2  -52.0  112.6  179.5  -71.5    nan  1.161   91.1  3.825  5.490   69.9   88.1
V  -60.2  -45.3  112.5  178.8  172.6  -64.4  1.093   96.4  3.798  5.285   64.6   75.7
I  -59.4  -42.5  110.9  178.1  -76.0  163.5  1.084   99.7  3.805  5.410   66.2   81.3
T  -64.2  -31.0  111.6  179.0  -78.6  160.8  1.037  101.7  3.808  5.439   71.6   80.3
T  -70.6  -39.9  109.1 -179.4  -61.1 -176.8  1.060   93.3  3.746  5.278   68.1   85.1
F  -69.1  -39.6  110.3  176.6  -81.1    nan  1.015   93.9  3.780  5.504   65.1   75.6
R  -67.9  -41.6  112.8 -177.7 -151.6    nan  1.105   92.5  3.809  5.276   62.8   82.1
T  -97.3  -29.3  115.3 -176.6   64.4  -59.8  1.065   71.4  3.782  5.116   35.2   55.5
G   76.8   15.4  110.0 -175.6    nan    nan    nan   97.6  3.698    nan    nan -131.9
T -121.7  172.4  111.3  177.1   91.5  -27.0  1.016  124.2  3.821    nan    nan   77.6
W  -97.8   18.4  111.2  178.1  -60.8    nan  1.055   89.1  3.844  5.423 -107.6 -101.9
D  -55.5  -32.7  117.0 -178.6  -55.2    nan  1.217  105.9  3.800  6.005  130.3  148.0
A  -72.4  -12.0  113.8 -178.2    nan    nan  1.071  102.5  3.805  5.547   75.1   85.8
Y -108.4   -5.4  111.4 -175.4  -73.8    nan  1.068   69.7  3.741  5.191   47.6   70.1
K -102.3    nan  110.6 -178.4  -58.6    nan  1.217    nan  3.736  5.449   47.5   79.2
