Id   phi    psi    tau  omega    chi    chi2  solid    eta  CA-CA  CB-CB  BA^AB  NA^AC
M    nan  150.0  111.9    nan   40.1    nan  1.053    nan    nan    nan    nan    nan
V -132.7  134.0  110.7 -179.3  177.9  -59.7  1.030  131.2  3.786  5.626 -159.4 -163.7
L  -93.4  150.3  108.1  178.0  -84.9    nan  1.001  101.9  3.787  5.794 -135.1 -143.4
S  -82.8  164.7  107.1  178.0   66.4    nan  0.989   87.5  3.777  5.551 -109.7 -114.5
E  -60.5  -33.1  110.4  179.4  175.0    nan  1.031  104.3  3.835  5.399  -72.2  -74.9
G  -63.4  -42.0  111.9  179.4    nan    nan    nan   96.3  3.802    nan    nan   89.6
E  -68.2  -40.0  111.1  178.7  -68.0    nan  1.060   94.0  3.786    nan    nan   76.7
W  -63.0  -38.8  108.8  177.7  -80.4    nan  1.032  100.0  3.835  5.480   69.1   81.8
Q  -61.5  -41.4  111.5  179.1  -73.1    nan  1.066   98.3  3.812  5.405   70.7   85.5
L  -64.8  -38.8  110.8  178.4  -72.3    nan  1.050   97.5  3.817  5.406   65.7   80.1
V  -67.8  -49.6  110.4  179.7  166.2  -68.9  1.023   90.0  3.809  5.364   67.1   80.3
L  -70.3  -24.0  114.4 -178.1  -60.7    nan  1.144   98.7  3.806  5.157   45.9   71.0
H  -70.6  -44.4  109.6  178.6  174.1    nan  1.044   90.9  3.819  5.662   79.4   90.8
V  -74.8  -31.7  110.5  179.4   67.2 -170.3  1.091   92.5  3.814  5.349   48.8   68.4
W  -64.9  -32.0  111.9  178.8 -163.8    nan  1.062  100.4  3.815  5.585   77.1   89.2
A  -63.7  -30.8  109.2  178.6    nan    nan  1.019  103.3  3.825  5.465   77.9   89.4
K  -74.0  -43.8  108.6  178.1  -57.5    nan  1.018   89.3  3.818  5.458   65.0   79.7
V  -55.3  -44.3  110.5  177.9  171.1  -65.7  1.023  101.9  3.814  5.360   75.7   85.3
E  -63.7  -12.6  116.4  179.8  -67.8    nan  1.126  110.2  3.828  5.248   59.3   80.5
A  -71.7  -19.6  107.5  177.0    nan    nan  1.009  101.5  3.816  5.735   89.8   98.6
D -150.7   73.3  109.9  178.5 -179.9    nan  1.040   84.7  3.822  4.954   -5.7   14.0
V  -61.4  -44.6  114.9 -177.7  175.9  -65.5  1.129   94.7  3.793  6.197 -169.5 -167.0
A  -63.7  -41.3  113.3 -179.5    nan    nan  1.079   95.7  3.807  5.374   66.6   81.4
G  -66.1  -42.5  113.0  179.4    nan    nan    nan   93.3  3.830    nan    nan   80.6
H  -69.0  -38.5  110.0  178.9  -75.7    nan  1.033   94.7  3.807    nan    nan   75.6
G  -62.9  -41.8  112.5 -179.7    nan    nan    nan   96.5  3.814    nan    nan   86.0
Q  -63.9  -52.2  109.6  178.9 -160.8    nan  0.995   91.8  3.763    nan    nan   80.6
D  -54.3  -45.3  112.7 -179.8  -75.6    nan  1.037  100.8  3.819  5.239   67.8   81.2
I  -64.3  -45.7  114.0 -179.6  -72.9  162.4  1.108   92.3  3.785  5.148   59.6   79.3
L  -68.0  -35.9  111.6 -179.7  -74.9    nan  1.098   95.9  3.834  5.374   56.5   75.4
I  -69.2  -41.9  108.9  178.4  -75.9  161.1  1.045   93.6  3.809  5.483   66.9   80.4
R  -59.2  -46.2  108.5  178.0  166.4    nan  1.026   99.0  3.812  5.395   70.0   83.2
L  -58.3  -55.5  112.5  179.3  173.9    nan  1.062   91.7  3.832  5.368   65.9   81.9
F  -61.1  -34.2  114.7 -179.1  -59.8    nan  1.081  101.2  3.850  5.159   58.2   73.6
K  -77.4  -40.6  111.0  178.1  -70.2    nan  1.041   86.4  3.796  5.388   61.0   75.6
S  -69.4  -40.0  112.2 -179.5  -68.6    nan  1.024   92.4  3.821  5.302   65.8   78.1
H -136.5   79.9  110.1 -178.7  -49.3    nan  1.024   96.1  3.799  4.715   -6.6   12.4
P  -55.3  -22.6  115.5 -179.7  -29.2    nan  1.017  112.9  3.850  6.018 -150.5 -157.8
E  -64.6  -31.0  110.4  179.3   66.5    nan  1.060  101.9  3.805  5.565   76.3   98.7
T  -65.1  -27.3  111.6 -179.9   64.6  -57.7  1.073  102.7  3.814  5.561   75.4   90.6
L  -63.3  -30.8  111.8 -179.8 -176.0    nan  1.060  102.4  3.806  5.543   82.5   95.9
E  -62.8  -26.0  112.3  179.9  -61.8    nan  1.049  105.3  3.829  5.516   79.1   93.1
K  -69.5  -12.0  113.1 -179.6  -75.9    nan  1.070  105.4  3.813  5.467   74.8   91.9
F -109.8  106.6  112.2 -179.0  -66.7    nan  1.044  115.9  3.783  5.288   46.5   66.5
D  -68.8  -17.3  110.4  179.6  -55.7    nan  1.062  104.4  3.782  5.969 -139.5 -146.5
R  -79.8  -30.5  113.1  179.4  -71.3    nan  1.037   87.5  3.809  5.580   73.0   89.2
F -113.4  -11.3  115.6 -176.9  -43.9    nan  1.067   62.1  3.839  5.029   26.4   48.7
K  -37.0  -41.0  115.2 -178.5 -151.5    nan  1.056  115.8  3.810  5.733  127.6  136.8
H  -73.8  -26.4  117.0 -178.2   62.0    nan  1.084   93.2  3.835  5.187   55.5   76.8
L  -54.2  118.7  110.5  179.9  -59.4    nan  1.040   88.2  3.856  5.609   93.9  105.5
K  -94.3  -35.5  117.0 -177.2  -56.9    nan  1.099   71.1  3.823  5.947 -151.0 -155.6
T -125.3  168.5  113.7 -178.0   67.4  -52.5  1.053  129.2  3.795  4.883   11.1   31.6
E  -65.6  -34.0  109.8  178.3 -174.1    nan  1.032   99.8  3.795  5.219  -72.7  -77.2
A  -63.1  -40.4  108.4  179.2    nan    nan  1.014   99.3  3.788  5.417   76.8   88.1
E  -66.7  -37.4  111.3  178.8  -88.3    nan  1.063   96.4  3.793  5.311   62.0   78.9
M  -65.9  -44.3  111.5  178.5  -69.3    nan  1.045   93.4  3.816  5.398   69.0   82.8
K  -64.7  -26.3  112.8 -179.9  -77.3    nan  1.059  103.2  3.819  5.292   63.5   79.3
A  -88.8  -16.1  112.7 -178.7    nan    nan  1.062   85.0  3.795  5.282   54.0   74.5
S  -69.5  116.8  114.3 -178.9  172.9    nan  1.076  100.8  3.801  5.572   84.2  101.9
E  -72.6  -31.8  109.6  179.3 -150.6    nan  1.018   94.9  3.800  5.872 -127.2 -142.2
D  -66.4  -40.5  110.0  178.8  -82.7    nan  1.015   95.7  3.818  5.467   73.9   86.9
L  -65.9  -37.2  111.1 -180.0 -168.9    nan  1.062   97.2  3.807  5.296   64.5   80.8
K  -66.4  -38.2  110.1  179.5  176.7    nan  1.056   96.9  3.785  5.395   67.7   83.0
K  -68.3  -37.0  112.3  179.4  -60.3    nan  1.096   94.8  3.814  5.380   61.4   80.5
A  -63.1  -40.3  108.5  178.5    nan    nan  0.988   99.3  3.833  5.469   76.3   85.0
G  -61.0  -43.0  111.0  178.9    nan    nan    nan   98.1  3.807    nan    nan   84.1
V  -64.5  -41.4  109.1  179.3  167.2  -70.7  1.026   97.3  3.818    nan    nan   79.1
T  -60.8  -45.8  112.8  179.6  -58.3 -179.3  1.066   95.6  3.834  5.386   70.3   84.5
V  -64.6  -47.8  110.6  178.9  178.8  -61.7  1.028   93.0  3.818  5.389   66.7   76.9
L  -65.8  -37.9  114.4 -177.5  -66.5    nan  1.136   95.3  3.796  5.184   56.1   77.3
T  -65.2  -43.8  110.6  178.1  -60.5  179.7  1.041   94.6  3.791  5.488   73.0   83.1
A  -67.4  -40.3  110.3  179.4    nan    nan  1.037   94.9  3.837  5.366   61.8   75.9
L  -65.7  -42.5  109.5  179.6 -179.2    nan  1.045   95.6  3.828  5.386   66.0   80.5
G  -60.1  -40.7  112.1  178.4    nan    nan    nan   99.5  3.786    nan    nan   83.2
A  -63.4  -36.0  109.2  179.1    nan    nan  1.027  100.9  3.810    nan    nan   82.3
I  -68.7  -49.6  111.6  179.7  -73.7  164.7  1.080   88.5  3.791  5.362   62.7   82.2
L  -59.5  -37.8  113.0 -178.9  -61.6    nan  1.058  101.2  3.831  5.340   66.0   80.1
K  -65.9  -15.3  113.9 -179.6  -71.8    nan  1.117  107.3  3.803  5.332   64.0   85.0
K  -80.0  -14.8  110.0  177.5  -64.7    nan  1.021   94.7  3.834  5.669   77.4   88.9
K   52.4   47.5  114.4  178.4  -58.5    nan  1.102   99.8  3.802  5.568 -151.3 -146.7
G  102.2  -24.9  115.7  178.8    nan    nan    nan   89.3  3.793    nan    nan  -43.4
H  -92.6   66.7  107.7 -179.7  -59.1    nan  0.983  105.2  3.823    nan    nan   70.2
H -118.1   13.4  116.7 -173.7   56.9    nan  1.056   68.5  3.785  5.838  124.2  136.1
E  -49.0  -46.3  113.0  179.8   46.8    nan  1.084  103.9  3.798  5.971  134.8  146.5
A  -61.1  -41.3  113.1 -179.5    nan    nan  1.080   97.8  3.820  5.380   66.1   81.8
E  -70.6  -30.4  112.9 -179.2  -76.0    nan  1.057   95.8  3.799  5.298   62.3   77.4
L  -72.1  -32.3  116.0 -178.3 -116.6    nan  1.090   92.1  3.801  5.370   68.9   87.6
K  -54.1  -57.7  117.9 -177.4  -81.1    nan  1.183   89.6  3.808  5.449   81.7  104.2
P  -65.5  -29.5  111.8 -179.7   26.7    nan  0.975  101.2  3.820  5.176   59.3   68.4
L  -69.1  -47.0  112.1 -179.9 -168.0    nan  1.022   89.2  3.800  5.320   66.2   88.3
A  -65.5  -39.8  110.8  179.4    nan    nan  1.039   96.4  3.795  5.181   58.6   75.1
Q  -64.4  -48.5  113.0 -179.7  179.3    nan  1.086   91.3  3.814  5.410   66.2   83.9
S  -66.3  -40.2  112.4 -179.8   65.2    nan  1.115   94.6  3.780  5.256   56.2   74.7
H  -73.5  -31.4  114.7 -179.8  -71.3    nan  1.130   92.0  3.802  5.390   55.1   76.2
A  -80.7  -49.5  112.8  179.1    nan    nan  1.063   79.3  3.800  5.400   60.0   76.0
T  -85.8  -44.1  116.4 -176.5  -46.8 -168.0  1.078   75.2  3.822  5.018   38.0   58.4
K  -86.3  -58.2  114.8 -178.0 -160.4    nan  1.082   71.2  3.804  5.046   40.6   62.8
H  -85.5  -21.7  115.3 -177.6  -39.7    nan  1.095   85.2  3.808  4.932   27.4   50.9
K   56.4   62.3  112.7  179.8  -93.4    nan  1.089   88.4  3.852  5.587 -149.5 -147.5
I -100.6  120.2  109.8 -178.8  -53.9  179.9  1.002  112.3  3.774  6.077  144.9  142.1
P  -74.5  152.9  112.6  179.6   27.1    nan  0.989   86.0  3.805  5.826 -130.0 -136.0
I  -51.8  -36.2  110.4  178.7  -68.5  167.5  1.026  109.7  3.819  5.517  -75.4  -83.0
K  -51.2  -43.2  109.9  179.5  179.9    nan  0.994  106.0  3.820  5.424   88.6   97.6
Y  -66.5  -27.8  113.6 -179.8  -73.0    nan  1.091  100.4  3.816  5.234   57.2   78.4
L  -73.8  -28.7  108.9  178.4  -56.3    nan  1.054   95.5  3.821  5.476   67.8   83.8
E  -72.0  -38.3  107.9  176.9  -66.8    nan  0.998   93.5  3.809  5.549   70.4   82.8
F  -61.8  -42.7  111.1  178.6  -67.5    nan  1.052   97.6  3.819  5.396   70.4   85.0
I  -73.2  -29.6  110.6 -179.4 -161.1   75.2  1.115   94.8  3.837  5.366   51.5   72.8
S  -62.7  -41.3  108.0  178.1  -72.4    nan  0.992   99.4  3.831  5.667   86.0   91.6
E  -65.3  -39.9  110.5  179.3  178.4    nan  1.030   96.7  3.794  5.176   63.5   79.0
A  -67.8  -36.3  110.9  179.0    nan    nan  1.049   96.3  3.835  5.387   61.9   78.8
I  -65.8  -46.8  109.6 -180.0  -71.1  168.0  1.036   93.3  3.821  5.447   71.0   84.6
I  -63.0  -38.1  112.0 -179.9  -74.1  162.5  1.096   98.7  3.784  5.241   59.1   77.9
H  -64.4  -46.1  111.2 -179.8  170.2    nan  1.043   93.7  3.830  5.496   71.9   84.9
V  -68.2  -41.7  112.4 -179.4  170.6  -66.9  1.099   92.5  3.802  5.241   55.0   74.5
L  -63.5  -39.1  109.4  179.2  -64.1    nan  1.037   99.2  3.844  5.559   71.1   81.6
H  -64.0  -40.9  109.7  178.9 -177.8    nan  1.046   97.7  3.779  5.316   69.0   82.4
S  -68.2  -47.5  113.5  179.3  -48.3    nan  1.052   88.7  3.826  5.461   64.5   78.7
R  -82.9  -23.6  118.8 -176.7  -65.6    nan  1.134   85.5  3.818  4.964   41.0   64.0
H -130.4   54.7  114.3 -178.1  -50.4    nan  1.068   83.2  3.808  4.957   17.0   36.7
P  -55.4  -33.6  114.4 -179.8   25.9    nan  1.021  106.5  3.838  6.114  179.0  179.1
G  -73.6  -29.5  115.4  179.9    nan    nan    nan   92.5  3.799    nan    nan   82.2
N -107.6   12.0  111.1 -179.4  -69.0    nan  1.038   77.0  3.802    nan    nan   52.9
F -134.9   60.0  110.6 -178.5 -154.3    nan  1.041   82.2  3.783  5.266   44.2   63.4
G  -79.2 -172.7  107.1  177.4    nan    nan    nan   77.2  3.779    nan    nan  157.9
A  -55.8  -45.7  114.5 -178.3    nan    nan  1.089   98.4  3.813    nan    nan  -41.7
D  -63.3  -45.7  112.0 -179.5  -69.6    nan  1.064   94.3  3.806  5.301   64.9   80.2
A  -67.6  -34.8  111.1 -179.6    nan    nan  1.057   97.0  3.780  5.167   57.3   75.1
Q  -68.6  -35.7  110.2  175.8 -176.9    nan  1.048   96.2  3.848  5.571   64.8   80.2
G  -65.2  -42.3  109.9  179.3    nan    nan    nan   95.9  3.794    nan    nan   85.2
A  -63.4  -44.7  111.2  179.7    nan    nan  1.049   95.1  3.810    nan    nan   81.0
M  -65.2  -41.1  110.0  179.3 -177.6    nan  1.042   96.5  3.827  5.319   62.2   77.0
N  -63.2  -39.8  110.5  178.7  172.1    nan  1.048   98.4  3.808  5.421   67.8   81.8
K  -63.9  -38.8  110.9  179.2 -160.4    nan  1.021   98.2  3.823  5.317   70.4   82.5
A  -67.9  -41.4  110.4  179.9    nan    nan  1.041   93.9  3.839  5.338   62.8   80.2
L  -72.2  -34.5  111.1  179.6  -65.8    nan  1.078   93.4  3.801  5.272   54.4   73.9
E  -66.6  -39.0  109.4  176.8  -68.8    nan  1.013   96.7  3.834  5.557   72.7   83.0
L  -59.3  -47.8  107.2  178.0  173.0    nan  0.976   98.9  3.827  5.419   77.9   85.6
F  -54.7  -53.0  111.1  178.2  171.8    nan  1.033   96.5  3.816  5.204   69.4   82.1
R  -62.2  -39.4  114.2 -179.2  -65.0    nan  1.086   97.5  3.821  5.176   56.2   74.3
K  -64.7  -46.6  109.9 -179.8 -175.5    nan  1.015   94.0  3.796  5.330   71.6   83.5
D  -66.7  -37.3  112.5  179.0  -74.0    nan  1.093   95.8  3.822  5.251   53.3   74.1
I  -66.7  -42.5  109.3  177.8  -81.6  157.8  1.029   95.0  3.799  5.471   69.8   81.3
A  -61.2  -39.9  110.2  179.3    nan    nan  1.036  100.1  3.855  5.401   69.9   82.3
A  -64.5  -36.4  111.2  179.0    nan    nan  1.039   98.8  3.804  5.317   67.8   81.9
K  -72.9  -36.6  110.2  179.2  -67.8    nan  1.033   92.3  3.836  5.358   61.5   77.4
Y  -55.7  -46.3  109.2  178.9  -96.8    nan  0.989  101.2  3.798  5.424   84.2   92.6
K  -61.4  -44.0  111.3  179.9 -155.0    nan  1.046   97.1  3.797  5.150   62.9   79.1
E  -64.7  -33.9  110.8  178.4  -61.8    nan  1.033  100.1  3.821  5.367   64.8   77.6
L  -80.7   -7.8  113.1 -179.4  -63.0    nan  1.082   96.2  3.823  5.280   54.3   74.2
G   93.2   19.7  117.1  178.3    nan    nan    nan   78.1  3.792    nan    nan -103.3
Y -119.0  -72.8  112.9 -179.1  175.2    nan  1.073   62.1  3.777    nan    nan   86.3
Q   45.8   77.5  110.2 -177.9 -124.9    nan  1.047   84.8  3.826  5.362  156.4  158.5
G -105.0    nan  116.2 -177.7    nan    nan    nan    nan  3.798    nan    nan  156.0
