Id   phi    psi    tau  omega    chi    chi2  solid    eta  CA-CA  CB-CB  BA^AB  NA^AC
M    nan  157.1  113.9    nan -128.6    nan  1.050    nan    nan    nan    nan    nan
N  172.1  169.2  102.3 -179.2   52.7    nan  0.894  165.3  3.788  5.377  164.0  141.6
I  -37.9  -58.8  118.8 -174.5 -160.7   77.2  1.375   99.0  3.702  5.022  -66.5  -43.8
F  -56.6  -32.0  111.1  178.3  -62.5    nan  0.999  107.9  3.748  5.412   75.4   74.2
E  -74.2  -40.0  112.0  179.4 -126.7    nan  1.085   88.6  3.619  5.114   56.0   81.5
M  -61.0  -57.0  111.3  178.6 -161.6    nan  1.000   89.8  3.719  5.183   69.8   84.9
L  -54.2  -50.4  110.0  178.1  -90.2    nan  0.992   99.2  3.819  5.194   59.7   75.1
R  -56.0  -22.7  108.3 -176.6 -168.0    nan  1.112  114.6  3.845  5.202   60.7   82.9
I  -85.3  -63.5  110.3  177.4  -84.3  158.8  1.088   74.2  3.735  5.558   58.4   76.2
D  -51.0  -59.9  115.2  177.5  -78.5    nan  1.045   91.7  3.811  5.048   65.4   72.8
E  -69.1  -28.0  117.9  178.5  -65.0    nan  1.094   96.3  3.947  5.084   41.6   61.1
G   63.8  173.1  110.5 -177.2    nan    nan    nan   61.6  3.836    nan    nan -143.4
L -118.4  140.0  113.0  176.7  169.2    nan  1.161  125.8  3.757    nan    nan -121.1
R -156.3  120.3  109.6  179.9  -66.8    nan  1.051  125.3  3.840  5.672  173.4  158.4
L  -78.0  -13.9  116.9 -174.8  -53.7    nan  1.161   95.5  3.748  5.838 -135.1 -135.8
K -118.9  127.8  109.5 -176.4  -99.9    nan  0.967  121.8  3.793  5.421   46.6   57.1
I  -30.8  134.6  111.2  175.9  -59.9 -175.3  0.998   61.8  3.774  5.304  -72.8  -93.5
Y -147.0 -173.0  103.8 -179.3   67.2    nan  0.959  144.7  3.791  5.631  169.7  163.1
K -114.7  129.3  113.4  179.1  -69.9    nan  1.076  122.9  3.810  5.381 -116.6  -99.2
D  -66.1 -174.0  110.2 -178.9   85.7    nan  1.124   64.1  3.814  5.881 -116.9 -118.8
T  -57.4  -31.9  111.4  179.6   48.9  -77.0  1.150  107.2  3.798  5.245  -48.0  -46.3
E  -75.3  -22.2  111.4  179.6  -44.7    nan  1.001   95.8  3.802  5.509   75.6   79.4
G   91.7   41.6  106.2 -176.1    nan    nan    nan   78.1  3.708    nan    nan -111.3
Y -115.0  145.8  111.7  179.3  -73.5    nan  0.968  122.6  3.788    nan    nan  109.4
Y  -72.7  127.0  114.1  180.0  -59.0    nan  1.092   97.6  3.744  5.588 -112.8 -105.4
T -137.3  147.9  107.7 -179.7  -67.2  168.6  0.890  137.1  3.599  5.516 -174.5  164.6
I -135.3  157.2  103.6  178.8 -179.9   65.1  0.937  136.0  3.651  5.505 -172.4 -169.6
G   66.2 -130.2  117.9  175.8    nan    nan    nan   93.8  3.817    nan    nan   31.1
I  -99.6   73.0  109.9 -178.3  -65.9  175.2  1.099  105.8  3.741    nan    nan  -31.7
G   77.1   15.1  112.4 -178.7    nan    nan    nan   96.8  3.678    nan    nan  -40.5
H  -70.9  122.4  113.0  178.7 -176.5    nan  1.209   97.8  3.839    nan    nan  128.4
L  -96.2  119.6  113.7 -178.8  168.2    nan  1.214  113.6  3.716  5.818 -149.8 -155.8
L  -72.6  -54.2  116.0 -174.8  -83.5    nan  1.207   80.6  3.627  5.503 -119.8 -139.5
T -179.0  155.3  111.0  179.8 -173.2   58.4  1.103  155.6  3.771  4.858  -63.1  -47.5
K -113.5    4.4  112.9  178.6 -106.6    nan  1.062   68.2  3.755  5.641 -138.3 -134.1
S  -68.1  141.7  112.9 -177.9 -136.1    nan  1.046   86.1  3.880  5.931  109.1  122.2
P  -81.1  -17.0  111.0 -177.7   -1.8    nan  1.050   92.6  3.831  5.598 -114.9 -120.4
S  -58.5  -35.7  114.1  177.6  177.2    nan  1.112  102.8  3.631  5.437   88.2  108.2
L -100.1  148.4  121.0 -176.5  -26.3    nan  1.205  114.5  3.861  5.252   27.5   60.0
N -108.2 -179.6  102.5  176.6   44.3    nan  0.964  108.1  3.686  5.431 -127.3 -150.1
A  -59.2  -45.7  107.2 -168.3    nan    nan  1.031  100.1  3.610  4.823  -51.5  -51.2
A  -65.3  -43.3  114.6 -179.0    nan    nan  1.196   92.6  3.798  5.277   51.2   77.1
K  -68.8  -32.7  111.7  178.4  -57.7    nan  1.118   96.8  3.777  5.278   59.5   75.7
S  -65.1  -26.7  109.1  178.5  -28.1    nan  1.113  104.1  3.789  5.621   64.5   87.6
A  -64.4  -31.4  108.2  177.5    nan    nan  1.031  102.8  3.819  5.814   84.8   92.4
A  -48.3  -55.0  112.8  170.0    nan    nan  1.022   98.3  3.865  5.651   97.5   97.4
E  -51.2  -38.4  109.1  176.9  -75.3    nan  0.956  109.4  3.785  5.163   75.5   79.0
L  -65.6  -57.4  111.4 -177.0  175.8    nan  1.080   86.7  3.775  5.138   63.8   85.0
D  -50.6  -24.9  109.9  179.3  -62.6    nan  0.995  117.7  3.755  5.143   71.8   79.3
K  -73.6  -63.9  106.4  176.8  112.7    nan  1.041   83.2  3.652  5.315   66.5   84.6
A  -56.1  -42.0  112.8 -176.4    nan    nan  1.184  101.5  3.747  5.112   46.6   70.9
I  -67.5  -33.4  114.1  178.9  -76.4  162.5  1.069   96.4  3.780  5.430   66.7   78.5
G   77.3   55.8  111.1 -176.9    nan    nan    nan   80.3  3.804    nan    nan -135.4
R  161.0  153.2  110.5 -180.0  111.4    nan  1.058  142.4  3.845    nan    nan   29.8
N  -68.0  136.7  106.6  177.7  158.5    nan  1.012   84.7  3.735  5.393  -88.0  -97.5
T -122.2  -13.0  112.3 -179.9   57.7  -62.4  0.969   53.7  3.779  5.778 -158.7 -163.0
N   58.1   32.7  107.1 -178.9 -151.2    nan  1.023  108.0  3.741  5.381 -139.4 -135.9
G   70.4   22.7  114.8  179.0    nan    nan    nan   99.0  3.810    nan    nan  -83.8
V -125.1  130.0  114.8  177.0  171.5  -73.9  1.080  129.2  3.839    nan    nan   80.5
I -117.6 -175.5  110.5  178.8   47.4  -68.0  1.058  115.9  3.732  5.594 -170.2 -166.3
T -112.1  166.0  108.5  177.7   65.4  -49.2  0.889  115.9  3.744  5.166  -99.6 -101.1
K  -50.9  -39.8  111.3  178.7 -176.9    nan  1.152  107.7  3.733  5.277  -76.0  -65.0
D  -65.8  -48.5  115.2  178.4  -80.3    nan  1.216   88.9  3.697  5.432   61.1   82.4
E  -61.7  -29.3  107.3 -179.1  -43.3    nan  1.003  106.6  3.780  5.401   72.7   78.6
A  -56.2  -56.6  108.1  177.9    nan    nan  1.009   95.2  3.732  5.403   80.2   97.0
E  -66.0  -32.0  110.2 -179.5 -134.1    nan  1.138  100.3  3.734  5.002   40.0   65.2
K  -58.9  -56.2  114.1 -179.3 -163.8    nan  1.097   89.8  3.779  5.611   83.5   96.7
L  -68.9  -21.5  110.8  179.5  -47.8    nan  0.990  102.3  3.716  5.094   56.5   64.4
F  -63.3  -41.6  109.7 -175.5  179.9    nan  1.008   97.8  3.777  5.476   91.6  104.4
N  -63.6  -53.9  108.0 -178.9 -173.1    nan  1.128   92.2  3.731  5.172   58.4   81.8
Q  -54.6  -31.6  108.0  178.5  -35.4    nan  1.034  111.2  3.775  5.414   69.6   76.6
D  -73.4  -48.6  115.6  177.5  -26.0    nan  1.602   83.0  3.697  5.314   22.5   82.2
V  -58.4  -36.7  113.2  178.4 -173.2  -55.5  1.091  102.7  3.683  5.700   90.8   81.6
D  -56.2  -65.5  111.6  178.2 -160.2    nan  1.019   87.3  3.822  5.592   84.8   92.7
A  -38.8  -37.4  114.2  179.2    nan    nan  1.073  117.6  3.738  4.870   70.8   83.6
A  -70.4  -40.3  109.8  179.6    nan    nan  0.985   92.9  3.707  5.330   68.6   80.4
V  -55.1  -56.3  102.4  179.9 -171.1  -49.7  0.889   99.9  3.799  5.334   87.0   89.0
R  -38.8  -45.0  110.0  175.7 -133.1    nan  1.027  113.5  3.781  5.042   78.9   85.4
G  -56.9  -82.8  105.8  179.5    nan    nan    nan   81.0  3.804    nan    nan   83.2
I  -23.8  -53.3  115.1 -179.6  -75.1  162.7  1.082  114.2  3.784    nan    nan   81.1
L  -75.2   -8.3  115.5 -177.7  -62.7    nan  1.037  101.1  3.789  4.946   48.8   63.7
R  -98.5  -32.9  108.9 -178.7  -72.1    nan  1.038   72.7  3.816  5.428   61.3   81.0
N  -74.4  127.2  116.8 -179.7 -167.6    nan  1.169  100.6  3.764  5.149   55.2   79.7
A  -66.6  -16.0  113.0 -177.9    nan    nan  1.052  106.4  3.790  5.665 -102.1 -127.4
K -115.3   -5.7  111.6  178.6   -3.6    nan  1.060   62.7  3.666  5.037   32.5   57.4
L  -88.3  -56.4  110.6  177.7  -70.8    nan  1.182   73.9  3.840  5.721   61.5   90.6
K  -41.6  -34.3  114.4 -178.2 -173.1    nan  1.303  117.6  3.758  5.332   69.3   91.2
P  -63.9  -59.9  113.9  179.2  -13.4    nan  1.046   84.5  3.807  5.649   84.3   89.5
V  -55.4  -51.9  110.1  178.1 -176.9  -56.0  1.008   97.3  3.826  5.312   61.2   72.2
Y  -39.6  -57.7  108.5  177.9 -178.1    nan  1.108  104.0  3.884  5.408   81.0   92.8
D  -59.3  -37.6  110.2  176.1  -74.2    nan  1.086  102.9  3.763  5.273   56.5   67.7
S  -63.7  -30.9  111.6 -178.2  148.5    nan  1.084  102.1  3.749  5.410   70.5   87.1
L  -82.9  156.5  120.7 -174.7  -59.9    nan  1.263   95.1  3.801  5.227   46.5   80.4
D  -91.4  160.1  111.3  176.3   70.3    nan  1.056   98.4  3.781  5.395 -103.0 -120.2
A  -42.8  -25.8  117.1 -177.3    nan    nan  1.166  121.8  3.693  5.054  -59.4  -63.3
V  -95.2  -39.1  109.8  179.9  162.7  -81.7  1.116   73.5  3.783  5.432   45.4   68.2
R  -69.3  -25.9  108.3 -178.3  -93.9    nan  1.109  101.0  3.652  5.310   62.6   79.9
R  -65.1  -36.9  111.9  176.5  -36.9    nan  1.105   97.7  3.682  5.601   79.1   93.5
A  -59.4  -27.7  108.9  177.2    nan    nan  1.072  108.8  3.708  5.360   75.4   88.1
A  -67.3  -61.0  109.5  176.6    nan    nan  0.987   85.2  3.802  5.712   81.0   88.7
L  -44.1  -57.5  113.4 -179.9 -179.9    nan  1.072   98.8  3.781  4.988   70.8   82.7
I  -51.5  -45.7  114.5  177.9  -67.8  170.3  1.070  101.6  3.745  5.198   68.0   78.8
N  -47.6  -51.4  110.8  178.7 -175.1    nan  1.120  102.5  3.776  5.269   77.5   93.0
M  -53.6  -57.8  110.3  177.3  -80.2    nan  1.040   94.6  3.776  5.382   71.5   79.9
V  -54.1  -26.3  111.9  179.7  164.8  -72.2  1.177  113.1  3.746  5.142   53.5   76.3
F  -81.4  -15.8  109.7 -178.9 -178.6    nan  1.009   93.0  3.745  5.509   68.6   80.8
Q  -88.9  -46.6  111.9  178.8 -156.0    nan  1.056   75.1  3.719  5.392   57.8   81.7
M -119.8  -10.5  115.0 -175.6  -24.9    nan  1.065   56.2  3.812  4.868    5.7   29.0
G   88.0  169.7  116.6 -179.6    nan    nan    nan   83.4  3.701    nan    nan -108.6
E  -37.3  -69.7  110.5 -177.7 -167.0    nan  1.041   94.4  3.741    nan    nan  -50.6
T  -57.2  -55.9  117.4 -176.5 -114.2  125.4  1.233   89.1  3.621  4.647   40.6   67.3
G  -56.9  -22.5  116.2 -179.0    nan    nan    nan  111.3  3.742    nan    nan   79.5
V  -87.6  -47.3  108.2 -177.2  118.3 -122.2  1.048   78.4  3.766    nan    nan   79.4
A  -51.6  -26.1  109.0 -178.8    nan    nan  1.094  116.5  3.738  5.299   74.3   88.0
G  -66.0   -3.7  115.7  178.4    nan    nan    nan  112.4  3.769    nan    nan   93.9
F  -86.0   65.3  106.6  179.3  -83.0    nan  0.999  106.8  3.791    nan    nan   94.7
T  -44.4  -80.3  118.2 -176.1   28.0  -96.1  1.327   78.1  3.788  6.311 -176.4 -155.7
N  -51.9  -44.7  119.1 -178.3  -61.7    nan  1.624   99.8  3.711  5.085   19.7   64.0
S  -50.5  -60.7  110.9  178.6  -52.7    nan  1.089   94.1  3.833  5.913  103.8   92.4
L  -44.3  -30.1  115.2  178.5  -46.7    nan  1.221  118.1  3.795  5.297   60.8   82.4
R  -68.7  -70.5  103.4  178.7 -167.9    nan  0.844   85.3  3.873  5.673   92.2   85.5
M  -40.3  -23.6  115.4  179.1 -151.6    nan  0.882  125.9  3.755  4.486   70.9   74.1
L -109.0   -3.3  109.4 -174.5  176.2    nan  0.969   69.9  3.620  4.415   33.6   60.0
Q -104.4  -26.2  103.7 -178.6  141.1    nan  0.950   71.1  3.732  5.410   53.9   77.4
Q  -74.1  -14.8  105.0  175.9 -146.7    nan  0.981  101.6  3.699  5.321   67.3   80.2
K   77.9   33.8  110.6  177.9  -67.1    nan  1.122   89.1  3.718  5.412 -132.0 -122.6
R  -99.6   67.5  117.8 -179.2  -57.8    nan  1.409  111.2  3.769  5.802   85.0  119.4
W  -43.2  -59.6  120.4 -177.0  -40.8    nan  1.288   94.1  3.756  6.165 -135.3 -158.4
D  -61.4  -38.4  116.0 -173.7  -73.3    nan  1.303   97.8  3.698  5.166   49.0   77.7
E  -70.3  -53.7  108.3 -177.8  -57.0    nan  0.964   87.8  3.742  5.567   79.7   80.9
A  -46.3  -62.8  110.0 -179.7    nan    nan  1.092   95.5  3.704  4.992   68.4   86.6
A  -47.1  -14.1  115.6  176.1    nan    nan  1.021  125.7  3.762  5.138   68.4   75.6
V  -88.7  -60.3  110.7 -177.2  172.6  -67.5  1.037   72.8  3.894  5.543   64.6   86.7
N  -43.8  -39.1  111.4  176.3 -150.5    nan  0.994  113.7  3.649  4.690   70.9   80.8
L  -65.7  -32.8  112.8  177.8  -81.8    nan  0.904   98.9  3.936  5.531   73.5   80.5
A  -79.9    2.0  105.9 -177.3    nan    nan  0.939  100.6  3.755  5.018   65.7   75.9
K -106.0   65.8  106.6  179.9  -91.7    nan  1.039   97.9  3.671  5.262   57.4   81.5
S -148.0  157.9  115.8 -173.4   45.0    nan  0.945  150.8  3.746  5.621  107.2  102.9
R  -61.5  -42.0  107.5  173.8 -151.8    nan  0.994  100.2  3.698  5.190  -87.1  -89.7
W  -47.0  -57.5  112.1  177.9  171.3    nan  1.008   97.7  3.735  5.176   83.4   94.4
Y  -58.4  -32.1  105.9 -179.6  178.8    nan  0.994  108.7  3.766  5.063   57.5   72.0
N  -70.7  -46.7  115.4 -179.5  -66.3    nan  1.232   86.1  3.733  5.271   52.3   84.4
Q  -62.7  -64.9  110.6  177.6  -71.5    nan  1.274   84.9  3.752  5.574   54.3   77.7
T -119.4   90.2  109.2  179.1   46.9  -67.0  0.882  106.8  3.902  5.023   11.7    5.3
P  -81.3  -19.4  108.4 -175.1   13.5    nan  0.947   92.2  3.663  5.829 -172.8 -169.8
N  -73.7  -49.9  110.9 -177.4  -64.9    nan  1.108   85.4  3.632  5.348   65.0   96.4
R  -61.7  -42.9  107.0  179.8 -169.3    nan  1.029   99.9  3.651  5.156   63.7   75.4
A  -57.7  -24.3  115.8  177.6    nan    nan  1.153  109.6  3.705  5.293   64.2   85.3
K  -71.9  -59.3  111.4 -176.1  -74.7    nan  1.054   82.0  3.867  5.682   80.1   94.4
R  -43.5  -52.4  109.5  179.9  -80.7    nan  1.052  105.1  3.711  5.020   74.5   84.8
V  -64.4  -39.7  112.8 -179.6  175.1  -65.5  1.059   96.3  3.818  5.258   56.4   71.9
I  -68.1  -36.0  106.1 -176.9  -85.3  154.1  1.100   98.7  3.664  5.201   58.7   81.5
T  -66.8  -36.9  106.7 -179.2  -51.4 -177.2  0.968   99.0  3.684  5.533   76.5   83.2
T  -55.7  -57.5  111.3 -178.4  -65.4  174.2  1.337   92.8  3.721  5.248   55.9   94.2
F  -56.5  -22.9  109.6  179.0  -86.2    nan  1.060  113.5  3.822  5.733   72.3   73.2
R  -79.8  -62.3  115.3 -178.3  172.6    nan  1.221   73.1  3.758  5.395   58.2   87.3
T  -81.3  -33.3  114.2 -177.4   76.1  -41.6  1.011   84.5  3.770  5.000   40.6   51.4
G  100.5    9.2  112.5  179.9    nan    nan    nan   76.1  3.740    nan    nan -118.2
T -130.3 -150.5  114.4 -179.3   66.7  -48.8  0.928  114.0  3.775    nan    nan   67.6
W -119.6   18.1  112.4  175.6  -47.2    nan  1.095   68.5  3.784  5.099 -110.3  -77.9
D  -49.9  -45.0  110.3 -178.3  -74.6    nan  1.146  105.5  3.840  6.152  140.9  151.3
A  -58.0  -25.8  109.5  175.2    nan    nan  0.981  110.7  3.757  5.364   77.8   79.6
Y  -92.9   -5.7  113.8  178.9  -72.5    nan  1.161   84.8  3.743  5.149   36.4   70.2
K   34.4    nan  114.4  172.1   21.7    nan  1.212    nan  3.838  6.013 -162.5 -159.7
