Id   phi    psi    tau  omega    chi    chi2  solid    eta  CA-CA  CB-CB  BA^AB  NA^AC
V    nan  137.7  110.3    nan  -60.0   60.6  1.023    nan    nan    nan    nan    nan
L  -79.3  143.4  109.8  178.7  -76.6    nan  1.018   92.8  3.783  5.700 -116.2 -125.0
S  -76.4  169.7  107.3  177.6   62.4    nan  0.972   79.6  3.778  5.556 -105.4 -117.7
E  -62.6  -38.4  107.6  179.3 -159.1    nan  0.975  101.1  3.798  5.163  -68.4  -72.4
G  -64.2  -36.9  112.1  179.2    nan    nan    nan   98.3  3.799    nan    nan   83.3
E  -71.2  -39.7  110.8  179.7  -66.4    nan  1.068   91.9  3.806    nan    nan   79.4
W  -63.6  -37.2  110.2  177.7  -79.2    nan  1.042   99.7  3.821  5.485   68.9   81.9
Q  -60.3  -41.9  111.4  179.4  -88.2    nan  1.057   99.0  3.818  5.443   75.5   88.7
L  -63.7  -42.0  110.3  178.7  -70.4    nan  1.029   97.0  3.816  5.360   68.7   80.5
V  -64.5  -51.7  111.5 -179.6  169.5  -68.1  1.046   90.4  3.804  5.300   66.1   81.0
L  -68.9  -29.2  114.5 -178.2  -65.8    nan  1.123   97.2  3.808  5.115   48.0   70.4
H  -63.5  -49.0  109.0  177.2 -176.4    nan  1.027   94.2  3.812  5.601   81.3   91.4
V  -70.0  -31.9  112.0  178.6  -57.9   65.7  1.095   95.9  3.830  5.379   49.9   68.4
W  -64.9  -34.4  110.8 -179.9 -160.3    nan  1.080   99.7  3.797  5.532   77.7   90.2
A  -61.3  -32.9  108.9  179.0    nan    nan  1.022  104.4  3.828  5.539   80.6   89.6
K  -72.7  -38.4  108.4  178.1  -51.1    nan  0.999   92.6  3.829  5.448   67.6   78.9
V  -60.0  -36.9  109.1  179.0  170.1  -67.6  1.009  103.3  3.816  5.423   77.3   86.6
E  -69.5   -8.2  114.3 -178.6  -61.8    nan  1.134  107.0  3.788  5.253   59.2   82.6
A  -73.3  -25.1  109.7  178.2    nan    nan  1.028   97.1  3.805  5.792   91.4  102.3
D -153.0   70.0  108.1 -179.3 -176.8    nan  1.006   80.1  3.805  4.832   -9.7    7.1
V  -60.4  -43.6  112.3 -178.9 -175.9  -54.0  1.073   97.5  3.801  6.199 -171.5 -170.1
A  -61.4  -45.1  114.0 -179.3    nan    nan  1.098   94.9  3.820  5.347   67.0   84.0
G  -64.0  -42.2  110.6  179.1    nan    nan    nan   96.4  3.807    nan    nan   78.4
H  -64.3  -41.6  111.0  179.0  -78.7    nan  1.037   96.3  3.810    nan    nan   80.1
G  -61.6  -41.6  112.1 -179.4    nan    nan    nan   97.8  3.796    nan    nan   84.8
Q  -62.5  -49.4  112.0  179.4  -77.3    nan  1.010   92.7  3.778    nan    nan   83.1
D  -59.3  -43.3  110.9 -178.0  -67.6    nan  1.044   99.3  3.788  5.146   66.8   80.9
I  -65.1  -50.2  112.8 -179.3  -64.4  172.5  1.095   89.9  3.793  5.256   61.5   80.1
L  -64.1  -40.0  111.7  179.3  -69.3    nan  1.084   96.9  3.816  5.332   58.2   74.0
I  -64.9  -39.8  110.7  179.8  -70.5  167.1  1.071   97.0  3.818  5.464   67.3   82.4
R  -64.1  -42.3  109.9  178.1  170.7    nan  1.045   96.7  3.815  5.462   69.2   81.6
L  -61.1  -46.6  111.1  179.9  175.0    nan  1.017   95.8  3.806  5.360   72.6   83.4
F  -67.8  -34.3  114.2 -177.9  -63.2    nan  1.083   95.6  3.808  5.160   56.3   76.2
K  -78.1  -38.0  112.7  179.8  -66.7    nan  1.066   86.0  3.795  5.328   58.3   76.5
S  -77.8  -31.0  113.8 -178.3  -57.5    nan  1.062   88.7  3.811  5.242   56.3   74.5
H -138.4   78.4  107.9 -179.3  -54.4    nan  0.997   92.8  3.808  4.839    0.9   18.2
P  -48.7  -32.5  115.6 -179.3  -30.5    nan  1.018  112.5  3.872  6.064 -146.8 -151.7
E  -59.8  -24.9  112.5  179.1   70.8    nan  1.085  108.5  3.806  5.452   71.6   94.5
T  -69.9  -33.9  111.8 -179.8   64.7  -56.7  1.077   95.1  3.842  5.642   76.3   92.2
L  -63.0  -33.0  110.3  179.5 -178.4    nan  1.037  102.3  3.803  5.467   77.6   89.3
E  -60.2  -24.1  115.2  179.5  -78.6    nan  1.097  107.6  3.839  5.501   75.6   93.6
K  -73.8  -10.1  112.0  178.9  -71.8    nan  1.028  102.2  3.808  5.520   76.5   88.7
F -109.4  100.1  112.9 -178.3  -66.6    nan  1.045  114.8  3.822  5.313   48.2   69.6
D  -57.5  -36.9  109.4  178.1  -74.6    nan  1.014  105.2  3.808  6.002 -128.5 -143.9
R  -70.8  -16.3  116.2 -178.5   75.5    nan  1.122  101.5  3.839  5.315   60.6   81.9
F -116.6   -7.5  114.9 -179.9  -58.2    nan  1.084   60.5  3.836  5.272   36.4   56.5
K  -51.7  -24.0  116.7 -178.8  -83.6    nan  1.091  115.0  3.819  5.814  115.6  126.9
H  -79.3  -15.3  114.0 -179.4   63.7    nan  1.063   94.2  3.811  5.433   69.3   85.9
L  -75.1  116.2  111.1 -178.9  -60.6    nan  1.059  101.4  3.835  5.557   79.4   96.7
K -108.0  -20.8  117.4 -177.3  -58.4    nan  1.127   63.7  3.820  5.944 -169.7 -171.1
T -125.4  163.7  110.5  179.4   69.8  -51.6  1.025  129.5  3.816  5.216   24.9   42.1
E  -65.1  -36.5  110.0  178.7  175.7    nan  1.029   98.9  3.787  5.251  -77.3  -81.5
A  -60.9  -43.5  111.1  178.9    nan    nan  1.040   97.8  3.824  5.412   74.0   88.2
E  -63.9  -39.8  110.2  178.6  -68.4    nan  1.032   98.0  3.828  5.327   65.2   78.8
M  -63.8  -42.8  109.6  178.9  -68.2    nan  1.015   96.8  3.805  5.372   70.0   82.2
K  -65.6  -25.1  113.7 -179.5  -71.0    nan  1.082  102.6  3.797  5.273   61.5   79.9
A  -90.8  -10.4  113.9 -178.2    nan    nan  1.080   85.0  3.792  5.269   53.4   74.5
S  -76.8  116.6  114.1 -178.8  172.4    nan  1.087  104.7  3.818  5.638   81.6  100.8
E  -73.1  -30.4  109.9  178.9 -171.4    nan  1.044   94.9  3.794  5.898 -129.5 -142.2
D  -66.4  -37.8  109.8 -179.8 -164.1    nan  1.031   97.2  3.811  5.502   75.9   89.6
L  -66.4  -43.4  108.7  178.9 -173.6    nan  1.027   95.2  3.813  5.385   67.2   81.3
K  -61.3  -44.4  110.6  179.3 -171.0    nan  1.026   97.4  3.804  5.346   68.7   81.5
K  -61.9  -39.1  112.5  179.4 -179.0    nan  1.075   98.8  3.817  5.288   63.7   81.0
H  -75.8  -23.0  112.7 -179.7  -71.5    nan  1.107   94.6  3.833  5.290   52.3   73.9
G  -68.8  -34.9  107.2  175.6    nan    nan    nan   98.0  3.796    nan    nan   90.2
V  -66.3  -39.5  107.7  178.0  171.6  -67.5  1.026   97.7  3.820    nan    nan   82.8
T  -57.6  -49.8  112.5  179.4  -64.0  175.9  1.071   95.7  3.811  5.429   74.9   88.8
V  -62.8  -47.9  113.0 -179.1  179.9  -59.3  1.058   92.8  3.819  5.328   63.9   77.1
L  -67.6  -31.7  113.9 -178.5  -62.2    nan  1.118   97.3  3.792  5.165   55.4   75.2
T  -68.9  -39.5  110.4  179.6  -64.3  176.5  1.069   94.0  3.798  5.501   71.1   86.5
A  -68.3  -44.4  108.8  178.6    nan    nan  1.008   93.2  3.829  5.395   65.7   77.7
L  -63.6  -40.3  110.7  179.0 -174.9    nan  1.053   97.7  3.824  5.324   62.3   78.3
G  -63.0  -38.8  111.3  180.0    nan    nan    nan   98.7  3.807    nan    nan   84.0
A  -62.0  -36.6  109.4  178.6    nan    nan  1.022  101.7  3.812    nan    nan   84.7
I  -71.1  -49.4  111.8  180.0  -69.8  166.5  1.067   86.7  3.826  5.359   61.1   79.4
L  -57.3  -40.2  112.6  179.9  -66.7    nan  1.079  101.7  3.824  5.353   66.8   81.4
K  -67.4  -11.2  114.2 -179.2  -69.6    nan  1.118  107.6  3.804  5.319   61.7   81.7
K  -85.2   -8.8  110.2  178.0  -72.6    nan  1.039   91.7  3.824  5.662   73.7   88.2
K   48.8   52.6  113.3  177.5  -65.4    nan  1.086   99.4  3.811  5.622 -148.7 -144.9
G   93.0  -24.7  115.6  179.4    nan    nan    nan   97.6  3.800    nan    nan  -47.0
H  -90.2   62.2  108.3  179.5  -53.4    nan  0.985  106.0  3.825    nan    nan   72.2
H -111.7   25.2  118.1 -175.8   51.6    nan  1.077   81.5  3.821  5.889  124.1  137.2
E  -53.5  -51.1  114.1 -178.7  -51.9    nan  1.083   96.8  3.833  6.085  145.0  154.3
A  -63.8  -32.8  114.3 -179.5    nan    nan  1.082   99.8  3.830  5.214   59.1   75.3
E  -80.5  -34.7  113.0 -179.7  -66.9    nan  1.055   85.2  3.826  5.336   58.2   75.8
L  -81.3  -32.6  115.2 -177.0 -170.8    nan  1.094   84.3  3.795  5.163   52.9   75.6
K  -51.8  -56.7  114.4 -179.0 -171.3    nan  1.115   93.9  3.809  5.539   85.7  103.6
P  -57.7  -37.2  112.8  179.9  -29.3    nan  0.950  103.2  3.870  5.197   68.7   75.2
L  -65.8  -52.8  111.1 -178.9 -152.4    nan  1.016   89.2  3.811  5.192   63.8   85.0
A  -58.4  -43.7  109.8  179.6    nan    nan  1.036  100.3  3.794  5.179   62.1   76.3
Q  -57.1  -52.0  111.7  179.9  -63.3    nan  1.056   95.2  3.821  5.378   72.0   86.0
S  -67.2  -40.4  113.5 -179.5   59.4    nan  1.088   93.3  3.799  5.177   52.1   70.7
H  -73.8  -29.0  115.3 -179.1  -72.4    nan  1.151   92.6  3.812  5.300   51.7   76.5
A  -81.0  -53.1  111.1  178.2    nan    nan  1.044   79.0  3.801  5.492   63.0   76.9
T  -86.5  -34.2  119.3 -176.8   80.6  -40.1  1.169   77.1  3.816  4.973   27.1   55.2
K  -98.3  -51.6  114.4 -179.9 -178.9    nan  1.126   65.8  3.808  5.230   36.9   59.6
H  -82.3  -21.3  114.5 -179.0  -49.0    nan  1.089   88.6  3.823  5.116   39.1   58.2
K   56.8   56.0  111.9  179.1  -41.0    nan  1.058   92.7  3.839  5.588 -149.2 -147.0
I  -99.4  113.3  110.6 -179.0  -52.4 -176.3  1.016  112.5  3.807  6.082  135.3  138.4
P  -66.8  151.3  112.0  179.7   20.7    nan  1.004   79.6  3.807  5.856 -129.2 -136.0
I  -53.2  -34.5  112.2 -179.8  -61.4  179.3  1.075  108.8  3.827  5.621  -79.4  -84.2
K  -55.0  -35.6  112.1  179.6 -168.7    nan  1.054  106.6  3.814  5.510   85.8   96.7
Y  -69.2  -30.6  110.0  179.3  -69.7    nan  1.035   98.2  3.827  5.446   67.6   81.9
L  -69.7  -31.5  107.3  178.7  -62.3    nan  1.021   98.7  3.811  5.471   71.3   84.5
E  -67.1  -41.0  108.2  176.4 -174.1    nan  1.016   96.0  3.798  5.509   72.0   84.2
F  -61.3  -47.3  111.5  179.5  -65.3    nan  1.051   95.1  3.836  5.423   70.5   83.9
I  -66.7  -30.2  111.4 -179.0 -160.6   76.7  1.126  100.0  3.807  5.303   54.5   75.3
S  -64.6  -39.4  109.5  178.0  -62.9    nan  1.034   98.0  3.809  5.617   80.4   90.0
E  -65.5  -37.5  110.1  179.1  -63.4    nan  1.043   98.0  3.822  5.391   65.7   81.0
A  -66.2  -41.7  110.2  179.6    nan    nan  1.037   95.3  3.817  5.407   68.5   82.8
I  -62.2  -43.7  110.1 -179.8  -64.1  172.0  1.033   97.3  3.793  5.361   69.6   83.1
I  -65.3  -40.1  111.7 -179.3  -72.9  166.4  1.093   95.9  3.793  5.285   59.9   79.2
H  -62.8  -46.1  111.6  179.2 -174.1    nan  1.028   94.7  3.783  5.427   73.2   84.0
V  -66.4  -38.0  112.7 -178.5  171.8  -66.6  1.116   95.7  3.814  5.216   55.4   77.3
L  -66.1  -33.4  110.6  179.1  -62.9    nan  1.047   99.3  3.801  5.524   71.0   82.9
H  -70.1  -40.2  111.4 -179.9 -175.1    nan  1.054   92.2  3.800  5.399   68.6   83.8
S  -75.1  -26.0  114.5 -179.2   68.8    nan  1.124   93.2  3.801  5.259   51.9   74.8
R  -98.1  -20.5  115.5 -179.4  -72.2    nan  1.067   73.6  3.814  5.348   47.6   66.5
H -137.9   58.1  113.0 -176.8  -46.4    nan  1.048   80.2  3.799  4.864   12.7   31.8
P  -50.8  -52.2  113.3 -179.8  -23.3    nan  0.968   98.3  3.854  6.090 -167.5 -174.1
G  -60.4  -27.7  116.4 -178.1    nan    nan    nan  104.9  3.794    nan    nan   79.0
D -108.9    8.8  111.3  179.6  -71.2    nan  1.055   74.5  3.784    nan    nan   52.7
F -133.8   57.5  113.3 -178.3 -153.6    nan  1.090   82.5  3.798  5.254   40.2   62.0
G  -78.6 -177.5  107.9  177.3    nan    nan    nan   77.9  3.790    nan    nan  155.7
A  -50.4  -42.4  114.3 -179.3    nan    nan  1.084  104.9  3.824    nan    nan  -43.2
D  -62.4  -43.2  111.6  179.9   56.6    nan  1.091   96.6  3.812  5.363   65.8   83.4
A  -70.5  -36.9  110.1  178.8    nan    nan  1.033   94.1  3.832  5.368   59.7   73.0
Q  -63.8  -40.9  108.8  178.8  177.9    nan  1.020   98.3  3.813  5.400   71.4   84.5
G  -64.5  -43.4  111.5  179.3    nan    nan    nan   94.9  3.805    nan    nan   81.1
A  -64.6  -44.4  110.8  179.9    nan    nan  1.037   94.7  3.808    nan    nan   79.5
M  -62.6  -43.0  110.5  179.8 -176.3    nan  1.051   97.1  3.810  5.307   65.2   80.1
N  -59.3  -44.2  110.1  179.0 -179.2    nan  1.043   99.2  3.796  5.384   71.7   83.8
K  -61.0  -42.4  111.7  178.5  -78.8    nan  1.037   98.1  3.816  5.374   69.9   80.8
A  -64.4  -39.9  110.8  179.5    nan    nan  1.050   97.3  3.828  5.319   66.7   80.5
L  -70.2  -32.9  111.5  179.2  -69.7    nan  1.078   95.6  3.810  5.332   58.7   77.2
E  -68.7  -37.7  109.4  178.7  -68.7    nan  1.021   95.6  3.827  5.530   71.9   84.2
L  -60.4  -47.4  108.6  178.7  176.2    nan  1.014   97.5  3.821  5.420   75.6   86.7
F  -55.3  -47.2  110.2  178.3  166.4    nan  1.020  100.3  3.820  5.221   69.3   82.2
R  -66.4  -40.6  112.6 -179.2 -155.9    nan  1.041   94.3  3.840  5.211   56.2   74.9
K  -63.4  -42.4  109.6 -179.8  162.7    nan  1.014   97.4  3.823  5.337   68.8   83.3
D  -69.1  -38.4  112.6 -179.8  -74.3    nan  1.120   93.2  3.799  5.239   52.9   76.5
I  -67.5  -39.5  108.6  178.3  -70.1  168.4  0.995   96.3  3.805  5.506   71.4   79.8
A  -59.5  -40.4  112.0 -178.5    nan    nan  1.061  100.2  3.828  5.337   72.1   88.6
A  -64.9  -40.1  110.5  179.8    nan    nan  1.045   96.9  3.810  5.350   66.7   81.9
K  -66.5  -38.9  109.9  178.9  -89.9    nan  1.033   96.5  3.821  5.358   65.0   79.4
Y  -61.9  -44.9  110.2  178.0  -92.8    nan  0.998   96.9  3.801  5.382   74.1   84.1
K  -62.4  -41.8  110.6 -178.5 -173.0    nan  1.038   97.9  3.822  5.210   65.0   81.1
E  -57.8  -44.3  109.7  178.6  172.2    nan  0.993  100.5  3.801  5.387   76.4   85.8
L  -78.5   -9.8  114.2 -178.6  -65.6    nan  1.088   97.3  3.804  5.056   44.9   67.1
G   88.3   23.4  114.8  178.9    nan    nan    nan   82.0  3.798    nan    nan -108.7
Y -115.6   12.8  112.6 -179.9  -71.7    nan  1.035   69.9  3.794    nan    nan   92.0
Q  -53.5   95.8  109.1  179.8 -171.6    nan  1.044  101.7  3.824  6.023  133.2  141.4
G  153.5    nan  105.3 -178.6    nan    nan    nan    nan  3.776    nan    nan   59.6
