Id   phi    psi    tau  omega    chi    chi2  solid    eta  CA-CA  CB-CB  BA^AB  NA^AC
V    nan  167.0  111.7    nan  -58.2   65.1  1.055    nan    nan    nan    nan    nan
L  -99.7  157.1  112.3 -179.6  -74.3    nan  1.020  107.5  3.822  5.404 -107.8 -109.9
S  -94.8  159.7  105.7  177.2   67.4    nan  0.966   99.9  3.795  5.500 -115.1 -120.3
E  -50.3  -44.4  111.6  179.0  -76.7    nan  1.036  104.9  3.816  5.306  -65.9  -71.3
G  -62.4  -33.5  112.8 -179.7    nan    nan    nan  101.4  3.799    nan    nan   81.6
E  -74.4  -39.6  110.4  179.2  -65.4    nan  1.049   89.6  3.785    nan    nan   79.1
W  -64.7  -32.1  109.6  178.3  -83.1    nan  1.021  101.6  3.820  5.422   68.6   81.0
Q  -67.6  -43.6  109.3  179.7 -173.6    nan  1.055   93.8  3.798  5.412   69.7   86.2
L  -62.5  -35.8  110.2  178.7  -63.8    nan  1.021  101.3  3.815  5.418   69.3   79.8
V  -66.6  -51.6  111.2 -179.7  176.9  -61.8  1.046   89.2  3.831  5.408   70.2   84.6
L  -67.7  -27.1  112.4 -179.5  -64.5    nan  1.093  100.2  3.805  5.147   51.3   70.1
H  -68.6  -41.7  109.8  178.4  168.0    nan  1.027   93.5  3.815  5.582   77.1   89.3
V  -74.7  -23.4  111.0  179.3   47.0  169.3  1.113   96.0  3.808  5.281   48.9   71.0
W  -74.4  -19.5  110.6  179.0 -168.5    nan  1.053   98.1  3.809  5.632   74.4   88.0
A  -67.1  -31.5  109.3  178.4    nan    nan  1.022   99.9  3.832  5.618   84.8   97.2
K  -68.5  -42.0  108.3  177.7  -67.1    nan  1.004   94.4  3.823  5.482   71.8   83.9
V  -64.6  -42.2  111.6  179.7 -179.3  -57.1  1.050   95.4  3.821  5.324   65.6   80.0
E  -66.3  -18.7  114.0  179.9  -66.5    nan  1.108  105.1  3.826  5.307   61.0   79.9
A  -69.2  -27.2  110.0  178.9    nan    nan  1.032   99.8  3.825  5.658   85.6   97.2
D -152.9   74.3  107.8  179.0 -178.5    nan  1.008   83.9  3.813  4.873  -13.0    4.1
V  -60.5  -50.4  111.8 -179.2 -176.3  -55.2  1.069   93.7  3.811  6.211 -165.4 -166.5
A  -57.7  -38.2  112.9 -179.5    nan    nan  1.070  102.5  3.813  5.257   66.8   80.6
G  -67.8  -54.3  112.1 -179.8    nan    nan    nan   86.4  3.797    nan    nan   82.3
H  -60.5  -35.4  110.6  179.5  -72.3    nan  1.022  102.9  3.794    nan    nan   73.3
G  -68.0  -36.3  113.4 -179.9    nan    nan    nan   94.8  3.821    nan    nan   84.3
Q  -69.5  -45.8  108.2  179.8 -170.7    nan  1.005   91.9  3.790    nan    nan   81.0
D  -60.6  -37.5  112.4  179.8  -72.7    nan  1.056  100.8  3.817  5.270   64.7   80.4
I  -66.7  -52.0  112.0  180.0  -72.4  167.2  1.078   88.4  3.820  5.391   66.4   83.4
L  -59.9  -42.7  113.2  179.7  -75.7    nan  1.070   97.9  3.823  5.258   63.1   76.6
I  -65.6  -42.9  111.0  179.5  -69.3  167.9  1.048   94.6  3.829  5.360   65.3   79.2
R  -62.2  -38.6  108.9  178.3  150.0    nan  1.033  100.7  3.813  5.345   67.4   80.4
L  -69.3  -51.3  111.6  179.2 -176.5    nan  1.045   87.2  3.814  5.380   62.6   78.6
F  -61.8  -40.5  113.7  180.0  -67.1    nan  1.084   97.4  3.827  5.219   59.3   75.6
K  -75.7  -36.3  113.1  179.9  -61.7    nan  1.100   88.5  3.812  5.305   53.2   73.1
S  -74.6  -42.8  113.3  179.5  -70.3    nan  1.076   86.3  3.820  5.379   60.8   77.3
H -125.6   82.3  108.6  179.9  -50.1    nan  1.005  100.3  3.819  4.888    2.7   20.4
P  -51.7  -29.1  116.1 -179.6  -31.0    nan  1.026  112.0  3.858  6.029 -145.1 -150.9
E  -61.5  -28.2  112.0  179.6   70.3    nan  1.071  105.3  3.817  5.505   74.7   96.3
T  -66.9  -36.4  113.0  179.9   61.1  -59.6  1.098   95.9  3.828  5.561   74.9   92.0
L  -64.0  -36.7  110.9  179.6  178.1    nan  1.040   99.2  3.838  5.479   75.2   86.5
E  -59.8  -20.4  111.1  179.7 -158.3    nan  1.041  111.3  3.816  5.422   76.1   89.8
K  -75.5  -14.0  112.9  179.3  -61.3    nan  1.061   98.8  3.829  5.533   72.6   90.3
F -108.3  106.3  112.2 -180.0  -62.0    nan  1.023  115.6  3.828  5.365   48.0   65.3
D  -66.3  -29.0  106.6  177.3  -69.0    nan  0.969  102.9  3.810  5.936 -131.2 -147.6
R  -68.4  -28.2  114.2 -179.5 -172.8    nan  1.057   98.4  3.816  5.308   70.9   88.9
F -121.9   -4.7  116.9 -178.4  -57.0    nan  1.095   56.1  3.825  5.010   15.7   41.9
K  -58.2  -16.8  117.6 -177.1   61.4    nan  1.154  113.0  3.828  5.804  107.0  125.6
H  -73.1  -13.4  110.0  179.3   63.6    nan  1.026  102.0  3.818  5.672   86.2   95.9
L  -76.6  134.3  110.1  179.5  -65.1    nan  1.037   94.5  3.811  5.583   78.3   95.2
K -122.9  -36.6  114.6 -179.0  -85.3    nan  1.083   49.9  3.817  5.802 -167.1 -169.0
T -113.9  163.5  111.4 -178.9   73.9  -46.5  1.039  118.9  3.807  5.030   20.6   40.3
E  -67.5  -31.3  110.5  179.0 -178.2    nan  1.038   99.1  3.803  5.315  -79.6  -84.1
A  -63.4  -45.2  108.5  178.6    nan    nan  1.020   96.5  3.802  5.463   77.7   89.9
E  -62.6  -40.1  111.8  179.0  -61.8    nan  1.051   98.0  3.819  5.294   63.3   78.4
M  -66.6  -37.1  110.3  179.2  -64.7    nan  1.017   97.2  3.835  5.368   67.7   79.9
K  -69.3  -30.7  111.7 -179.4 -158.2    nan  1.019   97.3  3.798  5.242   66.8   81.1
A  -86.6  -13.2  115.0 -178.7    nan    nan  1.095   87.8  3.805  5.198   48.0   72.8
S  -74.8  116.3  113.7 -179.0  178.4    nan  1.079  103.4  3.816  5.622   82.3   99.7
E  -75.4  -33.0  109.2  178.9  -69.4    nan  1.021   92.2  3.810  5.926 -130.1 -145.4
D  -63.3  -38.5  111.0  179.5 -167.7    nan  1.048   98.8  3.794  5.420   75.4   89.6
L  -60.9  -45.3  109.9  179.1 -171.7    nan  1.030   97.5  3.820  5.405   73.8   86.4
K  -65.2  -34.6  111.0  178.5  -84.3    nan  1.053   99.3  3.823  5.329   60.8   75.9
K  -61.0  -44.9  110.2  179.4 -178.9    nan  1.037   97.5  3.804  5.434   77.7   90.3
H  -72.5  -30.1  111.2  179.6 -169.6    nan  1.060   95.0  3.814  5.265   52.2   70.4
G  -62.9  -41.9  109.9  178.8    nan    nan    nan   97.9  3.800    nan    nan   92.3
V  -65.8  -38.9  109.6  178.8  171.2  -67.1  1.030   97.4  3.800    nan    nan   78.2
T  -62.7  -43.4  110.2  179.2  -66.5  173.3  1.037   97.0  3.824  5.405   71.3   84.2
V  -68.1  -50.9  113.2 -179.9  178.0  -60.4  1.071   87.2  3.820  5.294   59.9   76.4
L  -65.0  -30.1  112.6  180.0  -66.6    nan  1.068  101.1  3.814  5.225   58.6   73.3
T  -66.8  -47.5  108.3  179.0  -73.8  165.7  1.014   93.1  3.802  5.512   77.8   88.5
A  -62.1  -42.4  109.9  179.1    nan    nan  1.031   98.2  3.796  5.230   63.5   76.4
L  -64.0  -47.2  111.6 -179.9 -170.6    nan  1.062   93.2  3.816  5.343   64.8   81.1
G  -58.1  -33.6  113.3 -179.9    nan    nan    nan  104.7  3.807    nan    nan   82.9
A  -70.2  -34.8  110.4  179.3    nan    nan  1.034   95.2  3.806    nan    nan   82.8
I  -70.2  -47.7  110.8  179.3  -71.9  166.1  1.050   88.9  3.819  5.388   64.5   81.2
L  -58.4  -39.0  112.7 -179.9  -59.4    nan  1.055  101.6  3.825  5.324   68.2   81.8
K  -69.9  -11.8  113.2 -179.8  -64.8    nan  1.091  105.1  3.813  5.280   60.3   79.6
K  -81.1   -6.6  109.2  177.5  -71.1    nan  1.018   96.7  3.821  5.685   78.0   90.8
K   46.0   51.7  114.5  179.8  -61.5    nan  1.118  101.3  3.826  5.693 -148.7 -143.8
G   96.1  -22.4  115.9  179.0    nan    nan    nan   93.9  3.804    nan    nan  -45.5
H  -90.7   63.2  109.1  179.9  -53.2    nan  1.024  106.6  3.805    nan    nan   74.3
H -110.5   19.7  117.0 -177.6   50.7    nan  1.086   79.3  3.809  5.948  127.3  137.3
E  -50.3  -47.0  114.8 -178.8  -52.8    nan  1.086  101.6  3.833  6.081  144.3  152.5
A  -66.3  -47.0  114.6 -179.1    nan    nan  1.092   89.7  3.820  5.217   60.2   77.3
E  -78.1   -8.6  115.7 -179.0   36.1    nan  1.131   98.1  3.808  5.170   43.6   66.7
L  -95.5  -27.0  112.7 -179.9 -162.8    nan  1.074   75.0  3.801  5.522   65.8   83.7
K  -56.8  -54.6  114.6 -179.5  177.8    nan  1.111   91.9  3.824  5.583   85.6  103.2
P  -63.2  -35.2  114.1  179.9   27.3    nan  1.007   99.1  3.843  5.190   60.5   72.6
L  -69.7  -30.7  111.5  179.7  -75.4    nan  1.072   97.0  3.813  5.367   58.2   82.8
A  -74.8  -36.8  109.5  178.9    nan    nan  1.022   91.0  3.808  5.430   66.9   80.5
Q  -69.6  -44.6  110.4  179.6  -56.8    nan  1.028   91.1  3.809  5.352   64.8   80.1
S  -69.7  -36.8  114.6 -178.9   63.6    nan  1.080   92.4  3.820  5.214   56.5   75.2
H  -82.5  -34.5  114.8 -179.0  -72.2    nan  1.124   82.6  3.803  5.218   47.6   71.5
A  -75.5  -49.2  112.3  179.8    nan    nan  1.052   83.4  3.801  5.387   63.5   78.3
T  -93.0  -34.4  117.8 -177.7   63.4  -56.5  1.137   72.1  3.798  4.975   25.0   51.7
K  -95.8  -46.3  115.4 -179.0 -176.0    nan  1.124   67.8  3.813  5.200   39.0   62.4
H  -85.7  -22.0  113.8 -178.9  -54.4    nan  1.090   85.4  3.807  5.152   39.8   60.1
K   60.1   49.9  110.8  179.8  -36.7    nan  1.048   94.8  3.842  5.563 -144.4 -143.7
I  -94.7  115.3  113.0 -179.1  -56.9  179.7  1.054  112.8  3.811  6.076  130.6  138.1
P  -64.8  143.4  110.9  179.6  -29.1    nan  0.951   81.4  3.831  5.764 -118.0 -134.8
I  -54.8  -33.2  110.9  179.1  -69.6  169.8  1.050  108.8  3.826  5.685  -91.8  -95.9
K  -56.1  -34.9  111.4  179.5 -171.0    nan  1.030  106.5  3.829  5.494   84.8   96.2
Y  -65.5  -30.3  110.2  179.2  -72.5    nan  1.027  101.5  3.815  5.391   71.0   85.6
L  -67.6  -31.4  108.4  178.7 -174.5    nan  1.021  100.0  3.805  5.442   72.5   86.9
E  -69.3  -40.7  108.0  178.0  166.3    nan  0.996   94.6  3.813  5.447   70.6   83.2
F  -60.2  -53.9  110.9  179.0  -70.6    nan  1.028   92.4  3.819  5.353   71.2   84.4
I  -57.1  -31.6  112.6 -179.1 -163.6   74.9  1.092  107.0  3.833  5.211   60.9   78.0
S  -69.8  -33.5  111.2  179.3  -60.9    nan  1.040   95.7  3.817  5.469   71.6   85.1
E  -75.4  -32.3  109.5  178.8  -55.7    nan  1.019   92.3  3.804  5.351   61.7   77.2
A  -67.5  -33.6  111.4  179.4    nan    nan  1.051   97.6  3.816  5.395   69.6   86.1
I  -66.6  -45.6  111.2  179.2  -60.6  178.0  1.052   92.3  3.825  5.476   71.1   86.0
I  -63.0  -36.0  111.2  179.7  -84.5  154.7  1.076  100.3  3.816  5.323   63.4   78.9
H  -66.6  -49.1  111.2  179.4 -176.9    nan  1.041   90.5  3.811  5.474   71.6   84.1
V  -57.7  -49.5  110.9 -179.8  172.5  -65.4  1.049   96.7  3.818  5.259   67.6   80.8
L  -57.4  -38.5  113.0  179.7  -71.3    nan  1.085  102.5  3.820  5.301   65.5   80.9
H  -71.7  -43.9  113.5  179.6 -100.5    nan  1.093   88.0  3.807  5.364   60.2   78.4
S  -67.6  -43.3  111.4 -180.0  178.7    nan  1.036   92.7  3.804  5.304   64.1   77.1
R  -76.0  -22.2  113.6 -179.0 -168.6    nan  1.080   94.4  3.786  5.110   49.3   70.4
H -131.2   63.4  113.2 -179.6  -58.2    nan  1.076   88.3  3.830  5.053   11.9   35.4
P  -55.9  123.2  113.2 -179.6  -26.6    nan  0.976   88.1  3.861  6.096 -165.9 -174.3
G   66.2   21.1  113.9  179.9    nan    nan    nan  104.1  3.794    nan    nan   -5.6
D -128.3   -6.0  111.1 -179.2 -151.0    nan  1.034   49.8  3.803    nan    nan   77.6
F -111.1   96.2  107.1  179.7 -167.3    nan  0.990  108.2  3.812  5.371   49.5   67.9
G  -68.0  155.8  116.1 -178.8    nan    nan    nan   79.9  3.812    nan    nan -151.6
A  -64.6  -28.7  110.3  179.7    nan    nan  1.036  103.1  3.803    nan    nan  -92.0
D  -68.7  -41.3  109.2  178.8   59.5    nan  1.018   94.0  3.809  5.464   73.4   87.5
A  -71.3  -36.3  110.6 -179.9    nan    nan  1.032   93.5  3.811  5.220   58.5   74.3
Q  -65.1  -39.4  108.7  179.4  176.5    nan  1.006   98.1  3.800  5.378   71.5   84.4
G  -67.4  -39.9  111.8  179.6    nan    nan    nan   94.3  3.793    nan    nan   79.9
A  -65.9  -45.5  109.3  179.2    nan    nan  1.017   94.1  3.794    nan    nan   80.6
M  -61.5  -36.0  109.9  179.9 -170.7    nan  1.043  102.2  3.805  5.261   64.2   79.7
N  -61.3  -49.5  109.4  179.0  -76.9    nan  1.018   95.2  3.817  5.486   76.4   88.0
K  -59.7  -43.9  114.0 -179.8  -68.4    nan  1.070   96.9  3.801  5.194   63.9   78.8
A  -62.5  -41.2  110.3  179.9    nan    nan  1.037   98.4  3.821  5.321   68.6   81.5
L  -69.1  -34.3  112.5  179.7  -88.1    nan  1.074   95.4  3.797  5.254   59.1   77.2
E  -72.0  -33.5  109.7  178.4  -67.7    nan  1.020   94.6  3.825  5.450   66.7   79.6
L  -63.6  -49.0  107.2  178.3 -177.6    nan  0.986   95.3  3.815  5.446   77.3   87.0
F  -55.6  -45.5  110.7  179.2 -178.0    nan  1.024  100.8  3.814  5.192   67.9   80.9
R  -65.4  -50.5  112.5 -179.4 -152.6    nan  1.053   89.8  3.826  5.226   60.0   77.4
K  -53.3  -47.8  110.2  178.9  158.8    nan  1.036  101.4  3.809  5.269   70.2   83.0
D  -65.0  -40.7  112.5  179.7  -74.8    nan  1.077   95.4  3.813  5.273   57.1   75.2
I  -60.8  -49.6  109.3  179.5  -76.0  162.1  1.021   95.5  3.809  5.459   75.2   85.1
A  -59.2  -27.1  112.2 -178.9    nan    nan  1.069  107.9  3.806  5.197   63.9   79.5
A  -69.1  -34.5  110.6  179.2    nan    nan  1.049   96.2  3.810  5.515   74.4   89.7
K  -78.1  -37.2  109.4  179.2  -74.1    nan  1.031   88.1  3.822  5.362   58.0   73.8
Y  -59.9  -47.7  110.1  179.0  -98.0    nan  1.011   96.8  3.794  5.381   77.1   88.1
K  -59.0  -43.3  110.9 -179.9 -169.2    nan  1.035   99.5  3.828  5.252   66.3   80.5
E  -54.3  -49.9  111.6  179.2  170.9    nan  1.031   98.5  3.810  5.361   77.8   88.6
L  -65.2  -29.3  112.8 -179.3  -62.8    nan  1.062  101.2  3.810  5.133   57.5   74.1
G  118.6    4.9  112.2  180.0    nan    nan    nan   59.7  3.792    nan    nan  -95.1
Y  -98.7  -94.6  112.4 -179.7  -63.2    nan  1.058   68.7  3.788    nan    nan   92.3
Q   70.3  -13.6  112.5 -178.5 -162.0    nan  1.107  114.4  3.838  5.173  155.9  161.5
G  -67.7    nan  108.7  179.0    nan    nan    nan    nan  3.791    nan    nan  103.0
