Id   phi    psi    tau  omega    chi    chi2  solid    eta  CA-CA  CB-CB  BA^AB  NA^AC
M    nan  167.8  113.0    nan   40.8    nan  1.064    nan    nan    nan    nan    nan
V -140.6  131.1  111.7 -179.6 -179.7  -57.8  1.050  133.3  3.790  5.480 -151.9 -150.8
L  -92.5  151.5  107.4  177.5  -84.7    nan  0.996  100.4  3.791  5.844 -136.3 -146.2
S  -83.6  165.5  105.8  178.1   65.0    nan  0.962   87.7  3.786  5.541 -107.5 -114.0
E  -60.8  -36.9  108.6  179.1  171.7    nan  1.016  102.9  3.815  5.365  -73.4  -74.8
G  -59.4  -40.1  112.5  179.7    nan    nan    nan  100.2  3.824    nan    nan   89.8
E  -70.8  -41.1  110.4  178.9  -67.6    nan  1.064   91.8  3.795    nan    nan   76.0
W  -61.4  -37.3  109.2  177.4  -79.9    nan  1.032  101.9  3.836  5.518   70.4   82.1
Q  -63.7  -37.7  112.0 -179.6  -74.9    nan  1.078   98.4  3.785  5.389   69.9   86.5
L  -65.6  -40.6  109.5  179.2  -73.0    nan  1.023   96.6  3.809  5.439   71.2   83.1
V  -66.3  -48.9  111.0 -179.1  166.6  -70.5  1.052   90.9  3.787  5.287   64.6   80.7
L  -71.9  -23.8  113.7 -177.7  -61.8    nan  1.117   97.5  3.780  5.129   47.4   70.5
H  -69.3  -46.7  109.5  178.4  177.2    nan  1.035   90.9  3.812  5.646   79.2   92.0
V  -72.8  -30.8  110.0  178.8   68.5 -168.0  1.088   95.0  3.817  5.315   48.0   67.7
W  -65.9  -31.0  111.5  178.7 -160.8    nan  1.067  100.3  3.820  5.596   75.6   89.1
A  -64.2  -30.1  109.9  178.4    nan    nan  1.040  102.9  3.818  5.494   77.5   90.0
K  -75.7  -42.4  108.6  178.0  -57.6    nan  1.020   88.5  3.843  5.484   64.7   78.8
V  -57.2  -43.1  110.4  178.0  167.6  -68.9  1.015  101.3  3.814  5.402   76.3   85.1
E  -64.5  -11.5  116.1 -179.7  -67.0    nan  1.147  110.0  3.848  5.286   58.5   81.2
A  -72.1  -16.6  108.4  175.9    nan    nan  1.009  102.0  3.805  5.779   92.2   98.6
D -150.4   73.6  109.6  179.4  180.0    nan  1.027   85.0  3.862  4.995   -1.1   17.5
V  -61.6  -50.5  114.5 -177.8  172.0  -68.6  1.128   91.2  3.804  6.210 -170.5 -166.8
A  -59.7  -43.2  113.4 -180.0    nan    nan  1.089   97.6  3.829  5.355   65.4   79.2
G  -64.0  -43.5  114.3  179.4    nan    nan    nan   93.6  3.811    nan    nan   81.3
H  -67.1  -40.5  108.8  178.6  -78.0    nan  1.004   95.9  3.805    nan    nan   76.2
G  -58.5  -43.5  110.9  179.4    nan    nan    nan   99.8  3.825    nan    nan   86.9
Q  -61.8  -54.3  110.4  178.5 -144.7    nan  0.984   91.4  3.801    nan    nan   80.5
D  -54.2  -47.6  113.8 -179.3  -73.7    nan  1.049   98.8  3.834  5.155   65.1   80.3
I  -63.0  -47.5  113.5  179.7  -67.2  171.1  1.083   92.6  3.799  5.191   60.7   78.2
L  -63.6  -37.8  111.2  179.6  -77.1    nan  1.060   98.8  3.832  5.373   62.6   77.2
I  -69.4  -39.3  110.5 -179.5  -72.6  163.8  1.085   93.7  3.793  5.363   61.9   80.6
R  -62.1  -45.1  108.3  178.3  160.0    nan  1.030   97.7  3.806  5.459   70.5   83.5
L  -59.8  -49.9  111.9  179.9  174.5    nan  1.053   94.4  3.827  5.394   66.2   81.8
F  -64.4  -34.9  114.5 -179.0  -62.3    nan  1.106   98.1  3.832  5.177   56.5   75.5
K  -77.1  -38.8  111.0  178.4  -58.4    nan  1.047   87.4  3.793  5.415   60.0   75.2
S  -74.0  -38.1  113.6 -178.2  -67.6    nan  1.054   88.8  3.805  5.263   60.6   77.1
H -136.8   77.7  108.3 -178.2  -53.3    nan  0.991   93.1  3.799  4.750   -2.8   14.0
P  -50.6  -28.5  115.3 -179.5  -32.6    nan  1.007  113.6  3.852  6.032 -149.5 -154.6
E  -61.2  -29.1  111.4 -179.6   65.8    nan  1.082  105.4  3.790  5.456   73.4   97.5
T  -67.5  -26.6  112.6 -179.6   63.7  -58.6  1.086  100.5  3.809  5.571   74.6   90.9
L  -63.7  -31.1  111.5 -179.8 -176.3    nan  1.053  102.1  3.822  5.581   84.2   96.3
E  -62.0  -18.5  113.3 -179.9  -72.1    nan  1.074  109.6  3.812  5.443   77.7   93.8
K  -78.1  -15.5  113.6  179.6  -74.0    nan  1.077   95.4  3.823  5.554   71.9   90.7
F -103.0   97.7  112.2 -178.6  -63.6    nan  1.051  113.3  3.793  5.312   50.4   70.3
D  -56.2  -32.6  112.0  179.8  -67.1    nan  1.070  107.5  3.806  6.029 -132.9 -143.3
R  -74.5  -23.4  115.2  179.4  -78.5    nan  1.075   94.7  3.808  5.410   63.7   81.0
F -120.1   -7.2  114.4 -177.1  -44.4    nan  1.032   57.2  3.859  5.142   30.4   48.3
K  -44.9  -32.6  114.9 -178.4 -180.0    nan  1.056  115.9  3.783  5.678  122.1  133.3
H  -79.9  -11.3  116.9 -178.3   61.6    nan  1.088   94.9  3.840  5.304   55.8   78.7
L  -65.7  124.5  110.6 -179.0  -54.9    nan  1.059   91.8  3.836  5.709   95.2  109.4
K  -95.4  -32.7  117.5 -177.1  -55.1    nan  1.092   70.9  3.814  5.886 -144.2 -150.6
T -127.9  169.0  113.4 -177.3   63.8  -55.6  1.027  131.5  3.800  4.864   13.1   31.4
E  -67.2  -34.9  110.2  178.2  176.2    nan  1.027   97.8  3.802  5.221  -75.5  -77.9
A  -62.3  -42.5  108.4  179.4    nan    nan  1.006   98.9  3.794  5.372   76.4   88.2
E  -66.0  -38.4  110.5  178.7  -83.4    nan  1.042   96.9  3.813  5.324   61.2   77.4
M  -63.5  -45.8  111.1  178.6  -73.6    nan  1.036   94.6  3.807  5.367   70.5   84.0
K  -61.5  -32.5  113.1  179.8  -77.7    nan  1.066  102.5  3.801  5.277   64.4   80.6
A  -87.3   -9.1  114.9 -178.2    nan    nan  1.100   88.8  3.794  5.208   48.0   71.3
S  -74.4  118.2  113.1 -180.0  170.5    nan  1.064  101.9  3.806  5.663   87.0  102.9
E  -71.9  -33.8  110.5  179.8 -138.0    nan  1.046   94.2  3.813  5.920 -127.2 -138.5
D  -65.8  -40.4  111.0  179.2  -76.9    nan  1.042   95.7  3.801  5.445   72.8   86.5
L  -64.2  -44.2  109.3  179.3 -172.8    nan  1.043   96.0  3.807  5.369   68.0   81.7
K  -62.9  -42.8  110.2  179.9  178.6    nan  1.058   97.2  3.804  5.356   64.9   79.8
K  -61.7  -42.3  111.2  179.4  -71.0    nan  1.070   97.9  3.801  5.395   67.3   82.4
H  -68.7  -31.0  111.7  179.0 -163.9    nan  1.075   97.7  3.797  5.402   60.5   76.6
G  -61.6  -39.7  109.0  178.7    nan    nan    nan  100.5  3.808    nan    nan   92.5
V  -67.8  -44.7  110.7  179.7  168.8  -70.3  1.050   92.2  3.812    nan    nan   79.2
T  -58.0  -47.8  110.3  178.9  -63.8  174.6  1.015   97.9  3.818  5.336   72.8   83.4
F  -62.4  -49.7  112.9  179.5  146.0    nan  1.073   92.1  3.824  5.162   58.0   77.1
L  -65.1  -37.1  112.5 -179.2  -91.4    nan  1.082   97.2  3.816  5.338   57.0   75.1
T  -63.7  -42.5  110.2  178.8  -60.9 -179.8  1.052   96.7  3.783  5.434   73.7   85.4
A  -65.5  -42.5  110.2  178.3    nan    nan  1.040   95.3  3.817  5.387   65.2   77.9
L  -64.3  -41.3  110.3 -179.9  177.1    nan  1.049   96.8  3.823  5.354   65.9   80.3
G  -61.5  -39.5  111.8  179.2    nan    nan    nan   99.3  3.804    nan    nan   83.8
A  -64.4  -38.7  109.7 -179.1    nan    nan  1.047   98.5  3.797    nan    nan   83.9
I  -67.6  -47.5  110.9  179.3  -72.4  165.6  1.063   90.8  3.813  5.384   62.7   80.0
L  -60.1  -37.1  112.2  179.2  -66.3    nan  1.062  101.6  3.819  5.365   65.6   79.7
K  -68.9  -12.0  114.7 -179.1  -71.0    nan  1.129  105.7  3.824  5.344   61.5   83.4
K  -80.9  -14.1  110.6  177.3  -64.1    nan  1.038   93.9  3.826  5.698   78.5   90.9
K   51.5   48.7  114.3  179.1  -64.2    nan  1.108   99.7  3.823  5.603 -150.3 -146.5
G   98.3  -22.0  116.3  179.0    nan    nan    nan   91.7  3.785    nan    nan  -46.1
H  -95.8   64.7  107.0 -179.3  -59.3    nan  0.979  102.7  3.817    nan    nan   70.0
H -113.7   14.1  115.8 -174.6   52.4    nan  1.064   73.0  3.788  5.880  124.8  138.3
E  -48.9  -46.9  114.4 -179.0   49.7    nan  1.107  102.9  3.803  6.007  135.1  148.6
A  -62.6  -38.2  112.5 -179.3    nan    nan  1.065   98.7  3.832  5.377   66.0   80.2
E  -70.9  -36.0  113.3 -179.1  -72.8    nan  1.057   92.6  3.800  5.294   64.0   79.8
L  -68.6  -37.3  114.8 -178.9 -120.6    nan  1.069   93.1  3.796  5.309   68.2   84.7
K  -49.0  -61.7  116.9 -178.2  -75.7    nan  1.153   90.6  3.821  5.471   84.6  103.2
P  -63.6  -31.0  113.7 -179.7   28.5    nan  1.009  101.3  3.826  5.098   55.4   66.8
L  -69.2  -45.0  111.6  179.8  174.9    nan  1.023   90.5  3.818  5.397   66.3   86.9
A  -66.0  -37.8  110.4  179.5    nan    nan  1.028   97.2  3.796  5.213   61.7   76.3
Q  -66.2  -46.4  112.7 -179.3 -179.0    nan  1.093   91.2  3.820  5.411   65.3   84.3
S  -67.8  -41.5  112.5  180.0   66.6    nan  1.089   92.7  3.810  5.308   58.7   74.9
H  -72.7  -28.0  114.3 -179.5  -69.3    nan  1.129   94.5  3.805  5.319   53.6   75.6
A  -84.8  -45.2  112.1  178.9    nan    nan  1.048   78.4  3.801  5.444   59.5   75.0
T  -93.3  -36.6  117.3 -175.1  -38.4 -158.1  1.103   71.4  3.835  4.964   32.2   56.3
K  -94.0  -60.6  113.4  179.9 -167.8    nan  1.078   67.7  3.796  5.158   37.9   60.5
H  -76.1  -31.2  114.4 -178.7  -44.5    nan  1.078   89.9  3.820  5.007   36.2   56.0
K   64.3   61.1  113.2  179.1 -112.8    nan  1.076   84.2  3.842  5.479 -152.1 -149.2
I  -98.7  112.7  112.1 -178.0  -50.8 -178.0  1.021  113.6  3.800  6.083  144.0  143.9
P  -68.8  149.9  113.3  179.6   24.4    nan  1.004   82.6  3.812  5.861 -131.3 -139.1
I  -50.9  -32.2  111.2  179.4  -67.1  170.0  1.042  112.5  3.822  5.567  -76.6  -85.3
K  -54.8  -42.0  108.9  179.7 -175.1    nan  0.988  104.6  3.806  5.458   89.3   98.1
Y  -68.0  -24.8  113.9 -179.5  -71.6    nan  1.112  100.5  3.798  5.224   54.1   78.3
L  -74.5  -30.7  108.4  179.1  -59.7    nan  1.044   94.3  3.828  5.566   71.8   86.4
E  -70.3  -42.2  108.1  176.8  -66.9    nan  1.009   93.0  3.793  5.494   69.6   82.3
F  -59.1  -45.1  111.0  179.7  -65.6    nan  1.031   98.3  3.842  5.422   72.7   84.9
I  -70.1  -27.3  111.6 -179.7 -164.4   71.8  1.118   98.3  3.810  5.287   52.2   73.6
S  -64.7  -41.1  108.5  178.5  -70.3    nan  1.022   97.7  3.825  5.667   83.6   92.6
E  -64.7  -41.4  111.1  178.0  177.9    nan  1.018   96.1  3.832  5.351   67.8   79.2
A  -62.7  -41.0  110.5  179.4    nan    nan  1.038   98.2  3.841  5.330   68.4   82.4
I  -63.3  -48.6  108.9  179.6  -72.8  167.4  1.028   94.6  3.812  5.394   69.2   81.9
I  -61.7  -39.9  111.8 -179.5  -75.4  163.4  1.099   98.9  3.797  5.223   58.7   77.6
H  -61.6  -47.6  111.5  179.8  178.0    nan  1.030   94.8  3.843  5.518   74.0   85.7
V  -66.9  -43.3  112.3 -178.8  171.8  -66.4  1.095   92.6  3.801  5.194   54.9   74.9
L  -62.2  -40.9  110.7  178.4  -61.0    nan  1.044   98.4  3.823  5.498   70.3   80.9
H  -62.7  -41.7  109.6  178.8  174.8    nan  1.024   98.3  3.804  5.310   70.4   82.1
S  -68.7  -47.3  113.2 -179.5  -55.7    nan  1.043   88.7  3.839  5.394   62.4   78.2
R  -82.5  -27.1  118.3 -176.9  -65.8    nan  1.132   84.4  3.808  4.984   40.1   64.3
H -130.1   55.6  114.0 -177.1  -51.9    nan  1.050   83.8  3.829  4.936   16.0   34.4
P  -55.9  -38.4  115.6 -179.6   30.6    nan  1.033  102.5  3.836  6.096  177.9 -179.9
G  -70.6  -24.5  114.1  179.9    nan    nan    nan   98.2  3.809    nan    nan   80.5
N -110.4   12.7  110.0 -179.9  -68.9    nan  1.030   74.3  3.808    nan    nan   53.7
F -137.7   58.4  109.7 -178.9 -155.3    nan  1.038   78.8  3.780  5.267   41.3   60.6
G  -77.2 -175.6  108.4  177.2    nan    nan    nan   75.8  3.780    nan    nan  158.7
A  -56.3  -42.7  113.2 -178.3    nan    nan  1.087  100.7  3.798    nan    nan  -45.7
D  -65.8  -44.9  110.7 -179.5  -66.9    nan  1.049   93.6  3.802  5.376   66.0   80.0
A  -63.7  -38.3  111.5  179.2    nan    nan  1.070   98.3  3.819  5.342   62.8   78.5
Q  -67.7  -37.9  110.5  179.0 -175.6    nan  1.046   95.8  3.837  5.474   66.5   80.6
G  -63.4  -42.1  110.1  178.1    nan    nan    nan   97.2  3.791    nan    nan   84.0
A  -64.7  -45.3  110.7  179.3    nan    nan  1.046   94.2  3.818    nan    nan   79.8
M  -61.5  -44.8  110.3  178.8 -175.9    nan  1.046   97.1  3.841  5.354   65.7   79.4
N  -59.6  -43.1  110.5  178.2  175.6    nan  1.020   99.4  3.815  5.412   71.4   81.4
K  -61.4  -41.2  110.3  179.3 -156.2    nan  1.024   99.2  3.846  5.290   69.0   81.8
A  -63.5  -43.7  110.5  179.1    nan    nan  1.038   96.0  3.817  5.334   66.2   81.5
L  -70.7  -35.5  111.8  179.3  -61.7    nan  1.080   93.8  3.813  5.248   54.1   73.2
E  -65.8  -38.0  109.2  177.9  -68.0    nan  1.025   97.9  3.832  5.547   72.5   83.8
L  -62.0  -48.6  107.4  178.4  173.3    nan  0.984   96.4  3.837  5.434   76.2   84.3
F  -56.1  -48.5  110.0  178.4  166.0    nan  1.043   99.0  3.802  5.208   66.2   80.2
R  -62.5  -37.6  113.9  179.5  -63.0    nan  1.082   98.4  3.856  5.355   60.2   76.9
K  -64.7  -46.7  109.7  180.0 -175.8    nan  1.024   94.1  3.815  5.407   73.7   84.9
D  -65.9  -42.5  113.3  179.5  -73.4    nan  1.107   93.3  3.800  5.199   54.7   75.2
I  -63.9  -41.6  109.3  178.5  -76.1  164.1  1.023   97.6  3.813  5.500   70.1   80.0
A  -58.5  -45.5  110.6  179.7    nan    nan  1.045   98.7  3.832  5.383   74.1   86.1
A  -61.9  -38.9  110.5  179.3    nan    nan  1.020   99.9  3.819  5.276   67.2   79.2
K  -69.2  -38.1  110.2  178.9  -93.2    nan  1.038   94.6  3.822  5.326   61.6   78.1
Y  -55.9  -47.1  108.4  178.9  -92.3    nan  0.990  101.0  3.815  5.467   82.7   90.8
K  -59.4  -43.3  111.8  179.9 -171.0    nan  1.057   98.7  3.815  5.183   64.4   80.3
E  -65.5  -34.9  110.9  179.1  -76.7    nan  1.035   98.9  3.814  5.351   64.4   78.2
L  -77.9  -12.0  112.5 -179.5  -66.2    nan  1.070   97.3  3.804  5.241   56.1   75.4
G   93.2   20.0  116.4  178.7    nan    nan    nan   78.1  3.794    nan    nan -106.4
Y -114.6  -74.9  114.9 -179.5  175.5    nan  1.092   61.4  3.790    nan    nan   91.3
Q   53.7   78.1  108.8 -177.3 -115.3    nan  1.033   82.5  3.836  5.341  164.3  165.4
G  -75.7    nan  115.7 -178.6    nan    nan    nan    nan  3.805    nan    nan -176.1
