Id   phi    psi    tau  omega    chi    chi2  solid    eta  CA-CA  CB-CB  BA^AB  NA^AC
M    nan  146.3  105.9    nan  178.4    nan  0.953    nan    nan    nan    nan    nan
N -145.9  175.5  105.6  178.4   55.1    nan  1.034  146.8  3.806  5.759  174.9  176.9
I  -55.8  -41.1  113.1 -178.2 -177.0   61.6  1.161  102.1  3.843  5.340  -61.9  -56.1
F  -61.9  -49.9  113.3  179.0  -65.8    nan  1.126   92.0  3.827  5.580   69.6   84.2
E  -67.0  -34.6  109.6  178.2  -59.9    nan  0.979   98.4  3.780  5.322   67.3   70.2
M  -63.8  -53.7  110.1 -179.0  177.1    nan  0.976   90.7  3.782  5.308   79.0   88.9
L  -63.2  -33.6  112.8  179.9  -79.3    nan  1.087  100.6  3.822  5.111   51.6   71.9
R  -62.0  -30.2  111.6  177.2  164.9    nan  1.150  104.1  3.838  5.500   69.7   89.0
I  -78.1  -41.4  109.1  174.9  -78.6  156.1  1.053   86.7  3.814  5.577   63.1   74.3
D  -70.8  -35.2  116.9 -179.4  -75.8    nan  1.155   91.3  3.813  5.290   55.2   77.6
E -100.4  -25.6  115.8 -176.3  -55.6    nan  1.056   69.7  3.800  5.128   40.3   58.3
G   76.8 -173.5  108.7 -177.7    nan    nan    nan   79.0  3.850    nan    nan -129.1
L -139.1  127.0  108.8  179.5  165.0    nan  1.030  128.5  3.789    nan    nan -126.5
R -137.8  127.7  109.7 -179.5  -69.1    nan  1.074  129.2  3.817  5.742  169.0  166.9
L  -89.4   -1.1  114.2 -176.4  -57.0    nan  1.156   90.1  3.700  5.814 -139.5 -142.0
K -125.0  148.2  108.2  178.0  -65.8    nan  1.091  128.5  3.787  5.515   39.6   58.7
I  -48.4  139.5  108.5 -179.5  -62.5  172.7  1.030   69.5  3.761  5.369  -65.1  -82.8
Y -144.9  171.9  107.7  179.4   67.9    nan  1.106  146.6  3.764  5.709  169.2  173.4
K -103.1  134.8  108.8  177.2  -71.9    nan  1.048  112.5  3.738  5.397 -109.2 -107.9
D  -76.5 -169.4  112.1 -179.4   76.9    nan  1.201   72.8  3.785  5.786 -127.1 -123.3
T  -70.3  -21.6  112.5 -176.9   71.7  -43.6  1.101  100.4  3.824  5.232  -50.7  -50.4
E  -91.4   -6.8  111.2  179.6  -68.1    nan  0.994   86.2  3.816  5.406   63.8   74.0
G   94.4   12.4  114.2 -179.6    nan    nan    nan   80.7  3.843    nan    nan  -97.7
Y  -94.2  149.5  113.1  179.6  -44.9    nan  1.111  105.2  3.844    nan    nan  104.5
Y  -66.0  120.6  110.2 -177.8  -77.6    nan  1.046   93.7  3.722  5.159  -85.1 -101.5
T -135.6  162.1  110.5 -173.5  -57.4  178.0  1.011  139.0  3.831  5.865  177.0  162.3
I -151.1  163.9  109.2  175.3 -156.3   79.3  1.081  152.3  3.751  5.557 -178.4 -170.2
G   64.1 -130.6  115.4  176.4    nan    nan    nan   90.5  3.849    nan    nan   37.4
I  -99.3   67.5  111.6 -179.7  -60.2 -178.3  1.170  105.9  3.800    nan    nan  -32.4
G   70.7   23.5  114.4  179.6    nan    nan    nan   98.5  3.776    nan    nan  -54.0
H  -80.4   99.8  111.8  177.4 -175.4    nan  1.028  109.4  3.804    nan    nan  125.0
L  -56.6  129.9  110.9  177.4  178.6    nan  1.065   82.9  3.867  6.102 -133.4 -143.2
L  -95.7  -53.2  111.1  178.6  -67.3    nan  1.076   69.7  3.777  5.854 -146.1 -146.4
T -158.5  151.3  110.5 -178.2  179.7   58.6  1.006  151.4  3.802  4.744  -33.7  -23.5
K  -90.4   -1.8  108.7  175.4  -59.4    nan  1.040   89.1  3.739  5.494 -120.3 -122.2
S  -73.7  145.1  112.7  178.4  136.5    nan  1.160   89.0  3.754  5.699   87.7  109.0
P  -69.7  -13.0  113.1  179.7  -23.6    nan  0.974  104.8  3.806  5.366  -85.5 -108.3
S  -80.5  122.6  116.5 -176.8  177.8    nan  1.190  106.4  3.731  5.349   61.2   97.8
L  -67.5  -16.5  108.2  177.8  171.7    nan  1.116  106.5  3.779  5.860 -116.7 -134.1
N  -91.6  -35.0  108.2  179.5  -75.5    nan  1.097   78.3  3.744  5.645   57.8   78.0
A  -60.4  -31.4  106.5  177.0    nan    nan  1.015  107.1  3.665  5.470   82.2   87.8
A  -75.7  -37.4  114.2 -178.8    nan    nan  1.145   87.4  3.903  5.443   55.9   80.5
K  -68.3  -34.7  110.0  178.6  -93.7    nan  1.046   97.0  3.817  5.524   71.8   80.9
G  -68.8  -44.6  112.6  178.9    nan    nan    nan   90.4  3.736    nan    nan   82.9
E  -61.7  -38.3  107.4  177.7  -74.2    nan  0.974  102.1  3.830    nan    nan   78.9
L  -61.7  -42.9  112.1  178.9 -178.2    nan  1.104   97.0  3.774  5.270   67.4   85.5
D  -67.9  -39.6  112.3 -178.3  -74.6    nan  1.058   93.8  3.790  5.348   63.1   79.0
K  -59.7  -44.2  110.6  176.5  178.5    nan  0.987   98.7  3.785  5.266   73.1   84.5
A  -66.0  -40.9  113.4  179.3    nan    nan  1.141   94.0  3.826  5.187   50.6   77.3
I  -88.7  -23.8  114.0 -178.3  -57.8  177.4  1.090   81.7  3.875  5.284   42.7   61.1
G   76.2   30.7  112.9 -179.5    nan    nan    nan   90.7  3.811    nan    nan -131.3
R -160.2  166.8  110.9  177.0   81.3    nan  1.110  160.7  3.813    nan    nan   48.8
N  -81.7  106.6  106.9  178.3 -121.1    nan  0.917  103.5  3.789  5.199  -80.6  -95.1
T  -96.9  -26.7  115.5 -172.8   70.3  -54.2  1.056   72.6  3.735  5.978 -175.3 -161.4
N   61.6   41.6  108.6 -176.5 -161.3    nan  1.085   99.8  3.723  5.416 -146.7 -143.2
G   71.2    7.8  118.0  177.6    nan    nan    nan  105.0  3.815    nan    nan  -77.9
V -129.8  138.3  111.3  179.6  172.6  -66.7  1.082  131.5  3.813    nan    nan   64.1
I -128.8  166.3  108.8  179.5   63.5  -61.5  1.027  131.9  3.830  5.813 -165.7 -173.2
T  -93.5  169.1  109.0  177.4   69.5  -50.4  0.928   97.0  3.834  5.398  -98.3 -106.0
K  -53.6  -45.4  113.2  178.8 -176.9    nan  1.111  101.0  3.820  5.205  -70.4  -64.0
D  -56.5  -45.9  112.3  178.8  -80.6    nan  0.973   99.1  3.832  5.411   82.2   84.9
E  -63.5  -40.7  109.2  179.6  -75.9    nan  1.079   98.4  3.816  5.089   58.6   77.8
A  -64.0  -41.0  110.4  177.8    nan    nan  0.991   97.2  3.781  5.395   72.5   80.4
E  -69.0  -32.2  113.2 -179.4  -80.0    nan  1.131   96.1  3.755  5.146   52.7   79.1
K  -67.2  -44.1  111.4  179.0 -177.1    nan  1.074   92.6  3.732  5.431   71.6   87.3
L  -60.3  -43.0  109.7  176.3  -67.1    nan  1.032   99.3  3.786  5.453   71.2   79.9
F  -60.7  -44.9  110.5 -179.0 -173.3    nan  1.010   97.5  3.749  5.222   73.9   84.0
N  -61.3  -42.0  110.8  179.0  -72.1    nan  1.047   98.6  3.886  5.485   65.1   80.5
Q  -60.1  -44.0  112.6  176.2  -58.8    nan  1.036   97.3  3.833  5.454   74.7   82.5
D  -64.7  -38.6  116.4 -178.0  -66.0    nan  1.190   94.8  3.776  5.175   57.3   82.5
V  -69.8  -42.2  107.0 -179.5  169.8  -64.6  1.022   94.1  3.835  5.564   71.1   79.7
D  -59.6  -46.5  110.7  179.3 -170.2    nan  1.100   97.3  3.774  5.336   65.8   83.7
A  -63.5  -38.1  109.8  179.6    nan    nan  0.986   99.4  3.804  5.433   70.0   77.2
A  -58.5  -52.3  109.2 -179.6    nan    nan  1.095   95.6  3.804  5.344   70.7   89.8
V  -58.4  -50.5  111.6 -178.8  175.0  -62.0  1.118   95.3  3.807  5.337   61.2   77.9
R  -60.0  -37.0  111.8  179.4  -82.1    nan  1.210  101.9  3.834  5.356   53.3   77.1
G  -66.1  -41.4  113.3  175.1    nan    nan    nan   93.7  3.821    nan    nan   81.2
I  -58.7  -46.8  108.8  176.0  -82.3  158.6  0.943   99.0  3.811    nan    nan   83.6
L  -66.1  -26.8  113.3 -176.8  -56.3    nan  1.185  101.5  3.830  5.151   48.1   77.7
R  -91.9   -2.7  110.4  179.4  -84.1    nan  0.946   87.2  3.851  5.539   66.3   68.3
N  -98.7  123.7  113.7 -176.4 -176.4    nan  1.163  114.5  3.725  5.138   54.9   89.5
A  -63.1  -29.5  114.1 -175.7    nan    nan  1.141  102.4  3.817  5.954 -109.4 -119.8
K  -85.8  -28.8  111.8  179.5  -77.2    nan  0.992   83.4  3.744  5.460   65.1   73.5
L  -87.5  -40.5  112.9 -173.9  -64.0    nan  1.096   77.4  3.741  5.072   52.5   77.5
K  -49.4  -46.5  116.2 -174.6 -178.2    nan  1.169  101.8  3.753  5.366   80.8  102.4
P  -68.2  -30.2  111.7 -177.9   -7.3    nan  0.988   98.5  3.764  5.245   67.3   76.4
V  -67.1  -51.6  110.9  177.1 -177.7  -55.4  1.126   89.1  3.753  5.396   61.7   87.5
Y  -54.6  -48.2  112.4  179.0 -168.9    nan  0.993   98.9  3.747  5.228   75.6   80.7
D  -60.8  -32.4  110.7 -178.4  -79.1    nan  1.015  104.2  3.804  5.182   65.3   80.2
S  -72.8  -20.4  115.7 -179.7   78.5    nan  1.114   97.6  3.747  5.263   61.7   83.6
L  -90.9  156.3  117.7 -170.5  -62.2    nan  1.076  101.6  3.786  5.369   65.8   86.2
D  -76.6  170.7  109.3  174.4   62.0    nan  1.005   79.8  3.775  5.337  -97.0 -105.5
A  -58.2  -40.8  117.3 -175.0    nan    nan  1.291   98.2  3.850  5.396  -79.1  -61.3
V  -64.9  -49.9  111.0  179.3  177.6  -64.5  1.110   91.4  3.822  5.595   72.2   82.5
R  -63.5  -35.5  111.3 -179.6  -62.7    nan  1.152  100.1  3.785  5.340   54.0   74.8
R  -60.2  -35.0  108.7  175.6  -71.2    nan  1.002  104.4  3.813  5.696   86.7   87.1
A  -61.3  -38.6  110.9  179.1    nan    nan  1.053  100.4  3.873  5.465   75.9   89.4
A  -64.2  -41.2  111.7  179.5    nan    nan  1.103   96.2  3.840  5.400   64.7   83.7
L  -68.1  -38.4  110.2  179.0 -177.2    nan  1.090   95.3  3.780  5.426   60.8   77.4
I  -65.8  -36.3  108.7 -178.4  -71.9  168.2  1.013   99.0  3.773  5.494   73.2   83.6
N  -62.6  -47.8  108.9 -178.8 -170.8    nan  1.014   95.6  3.824  5.368   74.4   87.8
M  -59.3  -40.8  110.6  179.5  -69.4    nan  1.036  100.9  3.807  5.406   65.8   79.5
V  -66.7  -45.7  110.8 -177.4  169.2  -66.0  1.118   92.5  3.815  5.338   61.9   82.1
F  -53.8  -37.5  110.5  177.8 -173.7    nan  0.947  107.3  3.831  5.438   84.8   85.4
Q  -85.1  -38.6  113.1 -175.3 -178.1    nan  1.058   79.8  3.873  5.187   46.1   69.7
M -120.0    0.5  117.2 -172.6   85.0    nan  1.295   60.3  3.672  4.504    0.4   39.4
G   81.1  157.7  109.2  177.9    nan    nan    nan   74.6  3.765    nan    nan -105.1
E  -61.3  -42.1  112.3 -177.8 -167.7    nan  1.052   97.6  3.768    nan    nan  -84.1
T  -57.9  -49.1  112.8  178.8  -41.4 -158.7  1.211   95.7  3.741  5.314   55.6   86.7
G  -55.5  -55.4  113.1  179.1    nan    nan    nan   93.2  3.798    nan    nan   83.0
V  -60.6  -43.7  111.0 -178.3 -179.9  -59.4  1.091   97.9  3.819    nan    nan   74.3
A  -54.9  -23.0  110.8  178.3    nan    nan  1.103  114.6  3.804  5.440   70.7   86.9
G  -75.0   -6.8  115.6  177.6    nan    nan    nan  101.9  3.826    nan    nan   88.0
F  -92.0   45.1  108.0  179.1  -73.8    nan  1.002  101.2  3.853    nan    nan   86.2
T  -39.6  -54.4  115.8 -178.2  -58.6 -179.7  1.038  102.8  3.797  6.076 -171.1 -172.6
N  -62.3  -42.6  115.8 -179.3  -52.5    nan  1.181   94.7  3.779  5.016   49.1   74.9
S  -69.4  -37.7  109.6 -179.1  -40.7    nan  1.026   95.0  3.789  5.503   68.9   77.4
L  -61.4  -36.4  110.0 -179.8  -61.5    nan  1.077  102.0  3.862  5.483   74.9   87.4
R  -68.4  -38.1  110.0  180.0 -179.4    nan  1.051   95.3  3.794  5.396   70.5   81.7
M  -69.8  -39.8  112.4  177.8  -63.2    nan  1.171   92.1  3.760  5.383   54.9   78.0
L  -62.0  -43.7  108.7  178.3  -68.6    nan  1.037   98.3  3.787  5.558   78.7   83.8
Q  -59.8  -36.9  111.3 -178.5 -171.2    nan  1.098  102.4  3.791  5.290   66.2   84.4
Q  -83.8   -0.7  110.9 -180.0  -69.1    nan  0.996   96.0  3.788  5.381   54.8   67.4
K   61.6   33.4  115.9 -179.0  -46.5    nan  1.211  100.7  3.780  5.560 -129.9 -123.8
R  -95.6   77.0  105.5  175.1  -72.5    nan  0.973  103.8  3.801  6.033  121.9  114.7
W  -57.8  -53.4  117.7 -173.9  -38.5    nan  1.276   90.1  3.843  6.250 -173.6 -155.8
D  -60.6  -43.8  111.0  177.6  -73.4    nan  1.106   97.9  3.774  5.437   67.0   74.2
E  -66.5  -35.6  113.7 -179.7  -44.1    nan  1.121   96.3  3.791  5.392   59.9   78.7
A  -65.6  -40.3  109.8  179.7    nan    nan  1.023   96.6  3.781  5.472   73.6   85.9
A  -63.1  -39.5  110.0 -179.0    nan    nan  1.104   98.9  3.840  5.389   63.8   83.9
V  -67.2  -45.8  111.0  178.1  166.5  -73.0  1.079   91.9  3.830  5.520   66.2   79.2
N  -66.6  -37.1  110.7 -178.5 -178.6    nan  1.112   96.9  3.833  5.290   57.4   76.4
L  -61.2  -30.7  111.0  179.8  -79.5    nan  1.040  104.8  3.843  5.674   77.1   88.4
A  -73.5  -15.9  114.8 -176.3    nan    nan  1.247   99.4  3.832  5.335   53.7   86.5
K  -90.1   67.7  109.5  177.8  -58.2    nan  0.984  107.9  3.844  5.780   75.1   78.5
S -154.2  155.7  108.9 -175.3   57.5    nan  0.958  151.5  3.681  5.343   95.2   95.0
R  -55.4  -42.2  111.0  173.9  175.8    nan  0.997  102.8  3.752  5.311  -77.4  -84.1
W  -47.7  -53.1  111.6 -179.7  169.9    nan  1.025  100.8  3.859  5.320   84.3   96.3
Y  -67.1  -39.0  110.2  179.4 -179.8    nan  0.979   95.9  3.760  5.072   57.2   68.0
N  -69.5  -33.1  113.2 -177.9  -76.1    nan  1.102   95.3  3.821  5.226   56.2   81.5
Q  -79.8  -42.9  113.3 -178.2  -62.5    nan  1.144   82.3  3.792  5.423   52.1   77.1
T -128.2   66.3  108.2 -179.0   49.1  -72.1  1.005   88.6  3.815  4.998    5.6   19.0
P  -55.9  -38.4  117.2 -176.0   24.6    nan  1.108  101.8  3.780  6.099 -171.4 -165.5
N  -71.1  -43.2  112.6 -176.8  -66.8    nan  1.078   89.3  3.850  5.427   62.3   82.7
R  -68.1  -45.3  108.3  177.4  167.9    nan  1.004   93.2  3.784  5.386   63.9   74.4
A  -54.2  -49.1  112.4  177.6    nan    nan  1.160   98.6  3.873  5.409   65.0   85.3
K  -55.6  -41.4  112.1  177.8  -79.5    nan  1.087  102.6  3.860  5.527   72.5   81.4
R  -61.3  -49.6  111.1  178.2  -75.6    nan  1.066   94.1  3.829  5.471   72.2   83.5
V  -62.0  -45.3  111.9 -179.4  171.1  -66.5  1.101   95.5  3.840  5.220   58.5   77.0
I  -61.5  -42.3  111.6  177.7  -69.5  167.2  1.139   97.8  3.782  5.381   59.2   78.9
T  -65.3  -34.2  110.7  177.9  -70.6  168.5  1.058   99.5  3.811  5.528   69.5   78.4
T  -64.7  -38.1  109.1  179.1  -57.1 -172.1  1.050   98.8  3.788  5.455   72.6   86.7
F  -70.7  -42.5  110.7  179.0  -82.8    nan  1.061   91.1  3.816  5.456   61.4   77.7
R  -64.4  -43.0  112.5  180.0 -147.0    nan  1.053   94.6  3.832  5.420   69.0   80.7
T  -96.8  -28.6  118.5 -175.0   73.7  -52.2  1.178   70.6  3.829  5.012   27.4   56.1
G   70.6   19.7  112.8 -175.5    nan    nan    nan  100.9  3.726    nan    nan -136.9
T -126.1  171.3  109.3  176.1   66.7  -53.8  0.924  128.5  3.851    nan    nan   74.6
W  -97.1   19.6  111.5  178.4  -65.4    nan  0.987   90.3  3.800  5.335 -108.9 -102.0
D  -51.1  -37.7  118.2 -176.8  -64.7    nan  1.130  105.8  3.717  5.890  138.0  155.2
A  -68.8  -18.2  109.8 -173.8    nan    nan  1.030  104.2  3.866  5.386   72.9   87.1
Y -104.3    3.9  110.5 -178.1  -74.3    nan  1.047   77.0  3.700  5.267   43.3   66.4
K  -99.7    nan  112.3  179.5  -63.1    nan  1.237    nan  3.756  5.518   57.8   91.0
