Id   phi    psi    tau  omega    chi    chi2  solid    eta  CA-CA  CB-CB  BA^AB  NA^AC
M    nan  174.4  114.2    nan   47.6    nan  1.091    nan    nan    nan    nan    nan
V -148.5  124.4  107.2  179.5  176.1  -62.2  0.985  127.5  3.797  5.383 -148.7 -152.9
L  -89.6  151.6  109.7  179.1  -79.8    nan  1.020   98.9  3.794  5.896 -142.4 -147.6
S  -82.1  168.3  106.9  177.8   60.7    nan  0.998   85.6  3.790  5.563 -107.6 -112.8
E  -65.2  -31.7  108.8  179.5  174.4    nan  1.013  101.7  3.810  5.303  -72.4  -75.7
G  -66.0  -38.3  111.9  179.4    nan    nan    nan   96.2  3.788    nan    nan   88.4
E  -69.8  -40.5  111.3  178.9  -68.7    nan  1.071   92.4  3.806    nan    nan   78.6
W  -65.5  -33.9  110.3  178.4  -79.1    nan  1.041   99.7  3.828  5.459   67.0   79.9
Q  -66.6  -36.3  111.3 -180.0  -74.4    nan  1.062   97.0  3.810  5.420   70.9   86.4
L  -67.0  -41.4  109.4  178.6  -72.3    nan  1.023   95.2  3.822  5.431   69.6   82.2
V  -66.0  -48.8  110.0  179.6  166.1  -70.4  1.030   91.9  3.805  5.306   65.0   78.9
L  -71.4  -24.0  114.5 -178.1  -64.0    nan  1.143   97.6  3.808  5.157   45.8   70.6
H  -71.1  -43.4  110.0  178.3  175.1    nan  1.035   90.7  3.799  5.642   79.5   90.4
V  -72.4  -36.7  109.3  179.3   64.7 -172.1  1.072   93.1  3.816  5.328   52.8   71.2
W  -61.2  -31.8  112.1  179.0 -160.5    nan  1.076  103.6  3.804  5.519   74.7   88.0
A  -63.1  -34.4  108.3  178.9    nan    nan  1.019  102.4  3.796  5.496   79.9   90.3
K  -68.1  -45.5  108.7  178.4  -58.1    nan  1.011   92.8  3.827  5.440   69.3   82.0
V  -56.1  -39.2  111.2  178.8  167.6  -70.4  1.058  104.0  3.795  5.292   70.3   84.0
E  -68.2  -13.1  116.7 -179.5  -68.9    nan  1.168  105.5  3.835  5.343   57.8   81.9
A  -69.3  -21.1  108.6  176.8    nan    nan  1.008  102.8  3.798  5.762   95.1  100.4
D -149.4   78.2  109.3 -179.7  177.8    nan  1.032   89.3  3.838  4.911   -4.8   14.8
V  -64.1  -46.8  114.6 -178.6  176.2  -62.3  1.118   91.5  3.794  6.190 -166.9 -165.6
A  -61.6  -44.1  112.4 -179.6    nan    nan  1.070   96.2  3.827  5.364   66.8   80.7
G  -63.9  -42.4  114.1  179.6    nan    nan    nan   94.4  3.799    nan    nan   80.3
H  -69.5  -39.9  109.0  179.5  -76.6    nan  1.029   94.2  3.801    nan    nan   75.8
G  -60.7  -39.3  112.5  179.7    nan    nan    nan   99.6  3.816    nan    nan   86.1
Q  -65.2  -52.0  110.4  178.9 -150.1    nan  1.008   90.5  3.796    nan    nan   81.7
D  -57.1  -42.8  114.2  179.5  -71.8    nan  1.056   99.4  3.845  5.221   63.6   78.7
I  -67.3  -47.4  112.6 -180.0  -65.9  172.0  1.076   90.0  3.810  5.269   61.4   78.7
L  -63.1  -38.6  112.6  179.8  -63.7    nan  1.079   98.0  3.837  5.353   62.6   77.9
I  -68.8  -38.7  108.9  179.3  -67.0  172.2  1.067   95.4  3.810  5.364   62.9   79.2
R  -57.5  -52.3  107.8  178.2 -147.8    nan  0.963   97.2  3.820  5.521   81.9   87.8
L  -59.6  -48.3  113.5 -179.6  178.7    nan  1.060   94.5  3.823  5.108   59.4   75.8
F  -63.7  -32.7  113.9 -179.8  -64.0    nan  1.101  100.1  3.815  5.202   58.9   77.4
K  -80.3  -42.1  110.6  178.2  -62.0    nan  1.043   83.8  3.807  5.429   58.5   74.0
S  -67.8  -42.2  112.7 -179.7  -64.4    nan  1.040   92.3  3.826  5.307   64.6   78.1
H -133.4   80.1  110.5 -178.5  -54.3    nan  1.035   97.6  3.807  4.732   -5.9   14.0
P  -52.1  -27.4  115.9 -179.8  -31.9    nan  1.012  112.8  3.862  6.015 -145.3 -154.9
E  -64.4  -29.3  112.3  180.0   60.7    nan  1.084  102.1  3.806  5.458   71.0   95.5
T  -65.4  -30.6  112.0 -179.2   64.3  -56.5  1.074  100.7  3.814  5.564   77.4   92.9
L  -63.9  -23.0  112.1  179.4 -176.1    nan  1.044  105.9  3.817  5.494   79.4   91.8
E  -71.0   -7.4  113.9  179.6  -70.5    nan  1.073  105.9  3.827  5.502   74.5   92.7
K  -89.9   -8.7  112.1  179.4  -72.3    nan  1.049   86.8  3.824  5.560   71.3   88.8
F -108.2   99.1  112.7 -178.8  -65.3    nan  1.050  114.3  3.786  5.304   49.7   71.0
D  -57.9  -27.2  112.1  179.0  -64.9    nan  1.057  109.2  3.808  6.021 -132.3 -144.3
R  -82.5  -27.2  113.8  179.4  -84.9    nan  1.082   86.1  3.811  5.392   58.2   78.1
F -109.1  -10.6  114.1 -178.3  -48.7    nan  1.075   66.9  3.829  5.179   33.1   55.0
K  -40.4  -41.3  117.0 -178.2 -172.9    nan  1.112  112.1  3.813  5.783  121.5  134.9
H  -76.7  -18.0  117.8 -178.1   63.5    nan  1.105   94.5  3.839  5.250   53.7   74.9
L  -56.8  116.2  110.4 -179.2  -56.9    nan  1.062   91.1  3.840  5.700   98.9  111.5
K  -87.6  -40.7  117.2 -177.6  -58.9    nan  1.094   74.6  3.800  5.932 -143.9 -152.3
T -123.7  169.5  113.6 -176.9   65.4  -54.6  1.035  127.3  3.808  4.841    9.7   29.2
E  -67.1  -31.8  110.3  178.8 -178.8    nan  1.032   99.3  3.800  5.198  -74.4  -77.0
A  -64.0  -41.7  108.4  179.5    nan    nan  1.009   98.0  3.799  5.430   77.9   89.5
E  -68.8  -38.0  111.3  179.5  -63.8    nan  1.052   94.4  3.793  5.268   59.5   76.4
M  -63.7  -43.4  110.6  178.9  -73.8    nan  1.036   96.0  3.820  5.400   71.0   84.4
K  -64.2  -32.0  112.6  179.6  -79.0    nan  1.068  100.8  3.814  5.303   63.3   79.8
A  -82.9  -20.8  113.4 -179.6    nan    nan  1.076   88.7  3.807  5.291   54.6   74.0
S  -65.8  116.4  113.2 -179.9  171.0    nan  1.052   98.0  3.831  5.590   85.8  100.0
E  -73.5  -31.3  109.5  179.7 -148.4    nan  1.011   94.4  3.818  5.915 -129.5 -142.3
D  -64.9  -41.3  110.8  179.5 -104.5    nan  1.017   96.1  3.793  5.415   76.3   89.3
L  -65.4  -41.9  110.8 -179.0 -174.9    nan  1.050   95.4  3.797  5.263   65.4   81.4
K  -64.8  -37.0  110.9 -179.9  178.8    nan  1.057   98.3  3.781  5.284   64.9   80.7
K  -66.9  -40.8  111.6  179.4  -61.2    nan  1.068   94.3  3.818  5.433   66.6   82.8
H  -73.8  -24.2  110.6  180.0 -164.0    nan  1.063   96.6  3.804  5.344   57.1   73.6
G  -68.2  -38.0  108.8  178.1    nan    nan    nan   96.2  3.780    nan    nan   91.8
V  -69.1  -43.1  109.3  179.0  170.2  -68.0  1.027   92.8  3.828    nan    nan   78.4
T  -59.3  -46.0  110.7  179.4  -65.5  173.3  1.031   97.8  3.835  5.398   71.9   83.7
F  -65.8  -47.0  112.3 -179.7  143.2    nan  1.086   91.5  3.824  5.192   57.2   76.3
L  -66.2  -34.5  112.3 -179.3  -87.0    nan  1.070   97.8  3.824  5.391   59.7   76.1
T  -67.4  -37.4  110.2  178.9  -66.1  173.8  1.048   96.4  3.775  5.383   71.0   84.3
A  -69.7  -42.2  109.7  179.2    nan    nan  1.033   92.6  3.821  5.420   64.7   79.1
L  -65.8  -41.1  111.0 -179.9 -175.0    nan  1.043   95.4  3.817  5.293   64.3   79.0
G  -65.1  -36.4  110.2  178.9    nan    nan    nan   98.8  3.799    nan    nan   80.2
A  -65.8  -32.8  110.4 -179.7    nan    nan  1.062   99.9  3.801    nan    nan   84.9
I  -73.2  -46.1  111.8  179.9  -72.1  166.7  1.055   86.8  3.824  5.440   64.8   81.1
L  -62.2  -37.8  111.8 -179.4  -64.7    nan  1.054   99.6  3.814  5.286   65.6   80.1
K  -66.6  -16.8  113.7 -179.4  -71.4    nan  1.096  105.8  3.799  5.314   64.7   84.0
K  -78.6  -10.6  111.0  177.7  -64.9    nan  1.032   97.5  3.823  5.601   75.2   89.1
K   47.6   49.1  114.5  179.0  -61.0    nan  1.098  102.1  3.826  5.639 -151.1 -146.6
G   99.4  -23.0  116.5  179.4    nan    nan    nan   91.3  3.786    nan    nan  -44.5
H  -94.0   65.0  108.2  180.0  -57.1    nan  1.000  104.7  3.819    nan    nan   70.7
H -112.0   11.9  117.2 -175.1   53.2    nan  1.076   73.8  3.811  5.924  127.9  139.5
E  -46.7  -48.9  114.3 -179.7   47.7    nan  1.097  103.0  3.810  5.992  136.4  147.8
A  -61.2  -45.1  111.8 -179.5    nan    nan  1.061   96.3  3.810  5.322   65.3   79.3
E  -66.3  -31.3  113.4 -179.3  -76.7    nan  1.070   98.9  3.817  5.302   62.2   77.8
L  -72.3  -29.4  115.6 -178.6 -102.3    nan  1.095   93.5  3.807  5.378   67.9   86.0
K  -55.6  -63.4  116.5 -178.5  -81.6    nan  1.144   85.7  3.806  5.513   85.5  103.9
P  -63.4  -29.0  113.1 -179.9   30.7    nan  0.986  102.8  3.835  5.081   55.1   65.0
L  -70.0  -44.2  112.6 -179.9 -168.4    nan  1.042   89.6  3.804  5.344   65.2   88.4
A  -69.9  -34.1  110.8 -179.8    nan    nan  1.045   95.6  3.796  5.209   57.4   74.4
Q  -66.7  -48.8  112.0 -179.8 -180.0    nan  1.079   90.1  3.812  5.467   69.6   86.6
S  -65.4  -43.4  112.1  179.9   67.1    nan  1.094   93.9  3.800  5.264   58.3   74.5
H  -72.8  -27.3  115.0 -179.6  -71.0    nan  1.122   94.5  3.829  5.345   53.6   73.8
A  -86.6  -46.9  111.3  179.3    nan    nan  1.044   77.1  3.788  5.394   58.8   74.2
T  -88.0  -40.5  117.8 -176.0  -45.0 -164.8  1.100   73.9  3.819  4.998   36.3   58.9
K  -90.2  -60.9  112.2 -178.5 -143.2    nan  1.040   70.6  3.812  5.107   42.6   61.2
H  -76.8  -29.2  115.1 -178.0  -44.6    nan  1.086   89.9  3.823  4.920   33.7   55.0
K   57.8   62.9  111.8 -179.5  -97.5    nan  1.071   87.9  3.825  5.523 -154.1 -152.1
I -100.7  117.6  108.3 -179.5  -53.3 -177.6  0.987  111.1  3.788  6.079  145.1  141.8
P  -71.4  155.9  112.3  179.8   28.0    nan  0.988   81.7  3.808  5.825 -129.3 -135.7
I  -57.3  -31.0  110.9  180.0  -71.8  166.1  1.049  108.0  3.815  5.555  -79.8  -83.4
K  -55.9  -38.8  110.8 -179.8 -179.0    nan  1.034  104.7  3.798  5.516   87.9   99.1
Y  -68.4  -29.9  113.5 -179.6  -71.9    nan  1.089   97.7  3.800  5.304   61.4   81.1
L  -69.4  -25.4  109.1  179.6  -59.0    nan  1.048  100.8  3.821  5.512   72.4   87.1
E  -74.5  -38.3  108.8  177.7  -66.9    nan  1.009   91.0  3.797  5.517   70.9   84.2
F  -62.3  -45.1  110.7  179.3  -69.8    nan  1.030   96.1  3.824  5.367   71.8   85.0
I  -70.7  -27.7  112.5  179.7 -164.3   71.3  1.132   97.1  3.802  5.277   49.9   72.8
S  -62.6  -42.6  109.4  178.4  -69.4    nan  1.026   98.0  3.827  5.673   86.4   94.4
E  -65.2  -41.0  110.7  179.0  173.3    nan  1.006   96.1  3.825  5.269   66.3   78.0
A  -64.2  -41.6  110.8  179.7    nan    nan  1.039   96.5  3.813  5.279   65.6   81.7
I  -63.1  -47.8  109.2  179.8  -69.9  169.8  1.030   95.0  3.828  5.403   68.5   82.0
I  -61.3  -40.1  111.8  179.5  -69.9  165.6  1.063   99.1  3.790  5.240   63.1   78.0
H  -63.2  -45.9  111.7  179.7  177.6    nan  1.043   94.4  3.820  5.402   70.4   83.9
V  -66.6  -41.6  112.4 -179.8  174.1  -63.4  1.084   93.8  3.809  5.257   57.9   76.2
L  -63.6  -38.0  110.9  179.2  -56.6    nan  1.059   98.9  3.844  5.461   68.2   81.8
H  -66.4  -36.5  108.9  178.5  178.8    nan  1.009   98.3  3.815  5.380   69.7   80.9
S  -71.0  -48.4  115.0 -179.7  -60.0    nan  1.075   85.3  3.835  5.370   61.6   80.8
R  -85.8  -22.1  117.4 -177.5  -57.6    nan  1.102   84.0  3.809  4.982   37.7   60.0
H -132.4   56.5  112.6 -177.4  -48.7    nan  1.021   82.2  3.835  4.992   18.2   35.8
P  -57.1  -34.8  113.5 -179.6   31.8    nan  1.003  104.8  3.827  6.080  178.1  179.9
G  -71.0  -28.3  115.0 -179.5    nan    nan    nan   95.5  3.800    nan    nan   83.4
N -108.9   13.8  110.7 -180.0  -69.3    nan  1.030   76.4  3.795    nan    nan   52.0
F -136.6   56.0  111.5 -178.5 -152.1    nan  1.063   78.6  3.789  5.270   42.9   63.3
G  -75.5 -175.5  109.7  177.3    nan    nan    nan   74.0  3.795    nan    nan  157.9
A  -54.8  -45.7  114.5 -177.8    nan    nan  1.100   99.2  3.816    nan    nan  -43.7
D  -63.9  -44.6  111.1 -179.3  -66.3    nan  1.040   94.9  3.805  5.322   66.7   79.6
A  -65.1  -35.9  111.7  179.7    nan    nan  1.066   98.3  3.803  5.274   61.4   78.0
Q  -70.5  -40.0  110.7  179.6 -179.8    nan  1.059   92.4  3.821  5.435   64.4   80.7
G  -64.6  -36.1  109.3  179.1    nan    nan    nan   99.8  3.802    nan    nan   81.5
A  -67.6  -45.6  110.1  179.4    nan    nan  1.040   92.3  3.799    nan    nan   82.4
M  -63.4  -41.1  110.9  179.1 -178.2    nan  1.049   97.3  3.828  5.321   62.8   77.6
N  -63.3  -36.5  110.6  178.4  172.8    nan  1.026  100.0  3.818  5.418   69.6   81.6
K  -67.2  -38.6  108.8  179.9 -152.8    nan  1.001   96.8  3.820  5.312   69.9   82.5
A  -66.3  -42.8  111.3  179.6    nan    nan  1.043   93.9  3.806  5.317   64.1   81.5
L  -70.8  -35.6  111.5 -179.9  -61.2    nan  1.063   93.8  3.816  5.225   56.3   74.3
E  -64.9  -40.7  109.4  177.7  -82.0    nan  0.998   97.2  3.824  5.487   74.4   84.2
L  -61.4  -46.9  108.3  179.1  167.3    nan  1.002   97.3  3.825  5.310   71.7   83.1
F  -57.9  -49.5  110.8  178.9  170.6    nan  1.050   96.6  3.818  5.234   65.8   80.8
R  -62.9  -38.0  113.0  179.2  -61.9    nan  1.069   98.4  3.831  5.306   59.5   75.3
K  -62.6  -46.5  110.6  179.6 -176.9    nan  1.042   95.2  3.809  5.403   73.6   86.4
D  -68.2  -38.6  112.4  179.8  -71.6    nan  1.081   94.0  3.832  5.266   55.1   73.5
I  -64.3  -41.9  111.1  178.4  -73.5  165.7  1.048   96.1  3.816  5.463   70.8   83.3
A  -65.0  -33.5  109.8  179.3    nan    nan  1.025  100.6  3.818  5.325   67.6   79.7
A  -67.8  -35.7  109.6  179.3    nan    nan  1.011   97.2  3.822  5.391   71.0   84.3
K  -74.5  -35.2  109.4  179.5  -82.4    nan  1.028   91.9  3.808  5.280   59.2   76.0
Y  -58.4  -46.5  108.8  178.8  -92.4    nan  0.999   99.3  3.792  5.445   80.7   91.0
K  -57.8  -51.6  110.0  179.7 -164.6    nan  1.013   96.0  3.804  5.236   70.1   81.9
E  -59.7  -37.1  112.7 -179.9  -58.2    nan  1.064  101.6  3.802  5.174   61.2   76.8
L  -77.2   -7.5  112.4 -179.8  -67.3    nan  1.075   99.8  3.811  5.293   55.5   74.3
G   91.2    9.0  116.5  178.7    nan    nan    nan   84.8  3.795    nan    nan -104.3
Y -100.8  -86.1  114.6 -179.4  177.1    nan  1.094   65.1  3.779    nan    nan   95.3
Q   62.6   86.9  109.0 -177.2 -180.0    nan  1.040   74.7  3.827  5.246  162.2  164.0
G  -99.5    nan  115.4 -179.1    nan    nan    nan    nan  3.796    nan    nan  168.8
