Id   phi    psi    tau  omega    chi    chi2  solid    eta  CA-CA  CB-CB  BA^AB  NA^AC
M    nan  152.2  103.7    nan  167.7    nan  0.936    nan    nan    nan    nan    nan
N -148.9  172.9  108.9  178.1   60.0    nan  1.086  150.5  3.813  5.727  174.2 -178.2
I  -53.1  -39.6  113.1 -177.8 -173.0   64.7  1.165  105.2  3.853  5.345  -59.4  -56.5
F  -66.8  -47.9  111.4 -179.3  -68.6    nan  1.075   90.9  3.827  5.585   68.9   82.2
E  -64.1  -33.1  111.6  178.3  -59.3    nan  1.033  100.6  3.799  5.335   65.3   75.0
M  -66.2  -53.5  110.5  179.8 -175.3    nan  1.005   88.9  3.770  5.331   75.5   87.3
L  -66.1  -29.6  113.3 -179.4  -78.4    nan  1.074  100.1  3.778  5.119   49.7   70.0
R  -65.7  -33.8  109.9  178.0  166.9    nan  1.002   99.7  3.819  5.506   79.9   90.0
I  -71.0  -43.9  109.8  177.2  -80.4  154.6  1.030   90.7  3.820  5.361   63.4   79.5
D  -70.3  -32.4  116.4 -179.2  -74.7    nan  1.146   93.5  3.818  5.295   53.0   75.8
E -103.2  -26.9  113.3 -173.4  -60.1    nan  1.057   67.8  3.819  5.072   42.0   59.4
G   75.6 -167.3  108.4 -178.8    nan    nan    nan   79.9  3.803    nan    nan -131.8
L -140.4  126.9  109.2  177.1  164.5    nan  1.020  129.1  3.772    nan    nan -121.0
R -134.9  131.2  108.5  177.1  -53.9    nan  1.087  129.3  3.790  5.786  167.5  167.3
L  -94.3   -0.6  116.4 -178.1  -54.0    nan  1.129   85.4  3.803  5.846 -137.5 -142.3
K -122.9  146.3  107.2  179.7  174.0    nan  1.030  126.1  3.830  5.350   46.6   60.8
I  -52.0  139.6  109.9 -179.0  -71.4  166.9  1.049   72.9  3.856  5.687  -77.7  -86.6
Y -146.2  170.3  107.8 -179.9   66.7    nan  1.048  147.9  3.795  5.706  173.5  171.8
K -100.0  136.8  110.2  177.9  -73.3    nan  1.039  111.1  3.751  5.417 -109.9 -105.6
D  -76.4 -171.6  110.8  179.5   73.8    nan  1.155   73.6  3.811  5.784 -124.4 -121.8
T  -67.7  -21.0  112.0 -176.7   72.0  -44.7  1.090  103.3  3.812  5.229  -50.1  -50.9
E  -91.3   -3.9  113.4  178.4  -60.8    nan  1.089   87.2  3.832  5.389   57.0   74.5
G   91.6   13.0  113.1 -178.7    nan    nan    nan   83.4  3.823    nan    nan  -96.6
Y  -94.3  146.0  114.1 -179.5  -54.9    nan  1.069  106.9  3.824    nan    nan  106.2
Y  -65.6  126.7  109.2  179.7  -73.4    nan  1.005   89.6  3.778  5.355  -90.7 -105.1
T -141.8  167.5  108.2 -174.8  -55.5 -178.6  0.954  144.0  3.792  5.758  176.0  160.8
I -155.5  161.4  108.6  175.3 -163.1   74.8  1.044  154.7  3.823  5.639 -178.1 -169.0
G   71.4 -133.0  112.9  173.3    nan    nan    nan   93.1  3.810    nan    nan   40.3
I -102.1   74.8  109.2  179.5  -54.4 -175.0  1.071  104.7  3.777    nan    nan  -40.1
G   66.5   30.0  115.5  177.8    nan    nan    nan   98.5  3.772    nan    nan  -51.8
H  -86.6  102.4  111.1 -179.4 -177.3    nan  1.097  109.8  3.809    nan    nan  127.1
L  -65.3  131.3  112.1 -179.0  168.7    nan  1.048   88.9  3.803  6.028 -132.3 -145.1
L  -94.1  -54.1  111.7 -178.1  -69.9    nan  1.108   70.0  3.801  5.905 -144.2 -143.1
T -161.5  156.9  109.2 -178.7 -178.1   56.8  1.004  156.0  3.787  4.703  -38.5  -27.9
K  -94.5   -9.4  108.2  176.9  -66.5    nan  1.015   82.7  3.777  5.550 -117.5 -119.0
S  -65.8  145.0  112.4  178.5  151.1    nan  1.130   82.2  3.748  5.645   88.0  109.0
P  -76.4   -7.5  115.4 -177.2   -5.8    nan  1.031  100.2  3.805  5.523  -97.2 -111.1
S  -87.1  125.1  112.1 -177.9  171.3    nan  0.996  106.2  3.715  5.386   74.9   94.1
L  -66.2  -26.7  108.4  177.8  172.3    nan  1.003  103.4  3.747  5.806 -116.6 -128.3
N  -71.1  -41.7  112.9  179.7  -80.9    nan  1.106   89.9  3.715  5.442   68.5   89.4
A  -60.2  -30.6  108.3  176.9    nan    nan  1.036  106.8  3.749  5.355   74.4   82.6
A  -70.9  -42.1  111.0  178.6    nan    nan  1.038   91.0  3.861  5.546   70.7   83.8
K  -62.3  -38.7  111.2  178.3  -82.7    nan  1.067   99.4  3.794  5.277   67.7   81.8
I  -63.6  -43.6  110.6  178.4  -73.3  162.3  1.039   96.0  3.823  5.408   70.1   83.4
E  -64.2  -41.1  108.9  179.2  -72.4    nan  1.018   97.8  3.813  5.374   67.0   78.4
L  -62.0  -48.8  113.9 -179.1  175.8    nan  1.112   92.2  3.806  5.297   66.8   85.1
D  -62.6  -40.2  109.5 -179.8  -75.6    nan  0.997   99.2  3.825  5.356   68.9   77.0
K  -64.8  -39.0  110.4  176.8  170.2    nan  1.002   97.6  3.705  5.190   67.7   79.6
A  -68.2  -34.7  113.6 -178.4    nan    nan  1.090   95.3  3.867  5.342   59.8   82.4
I  -90.7  -31.0  113.6 -176.2  -60.4  175.7  1.117   77.4  3.847  5.192   42.4   65.8
G   85.3   28.2  113.2  179.2    nan    nan    nan   83.5  3.768    nan    nan -130.2
R -161.3  165.0  108.9  177.1   72.1    nan  1.078  160.3  3.809    nan    nan   45.3
N  -79.3  106.6  107.2  178.2 -126.5    nan  0.901  103.0  3.749  5.146  -77.1  -94.9
T  -98.3  -23.9  115.9 -173.6   64.4  -56.5  1.044   72.2  3.727  5.941 -173.9 -164.6
N   60.1   32.9  113.6 -173.1 -150.0    nan  1.236  103.3  3.734  5.471 -147.7 -140.9
G   78.9    4.2  115.2  176.1    nan    nan    nan   99.3  3.894    nan    nan  -80.6
V -126.9  136.7  112.1  176.9  172.7  -67.1  1.045  130.1  3.737    nan    nan   62.5
I -127.4  170.9  109.3 -178.8   64.3  -57.7  1.034  129.8  3.824  5.778 -168.9 -172.9
T  -98.1  170.8  108.8  179.5   69.2  -51.3  0.972  100.9  3.772  5.443 -103.3 -103.4
K  -59.2  -43.0  112.9  178.7  179.0    nan  1.160   98.5  3.821  5.304  -77.1  -66.8
D  -59.5  -41.5  111.2  178.1  -71.8    nan  0.978  100.0  3.872  5.595   82.1   83.5
E  -66.2  -41.4  109.3  178.7  -76.9    nan  1.040   95.9  3.817  5.198   64.1   78.2
A  -60.2  -46.3  110.6  176.4    nan    nan  1.066   97.0  3.854  5.487   70.2   82.1
E  -66.3  -29.0  114.2  179.0  -77.2    nan  1.089   99.8  3.803  5.269   59.6   75.4
K  -72.5  -41.9  109.8  178.6  168.4    nan  1.041   90.5  3.747  5.434   69.7   84.8
L  -61.6  -35.2  110.2  175.7  -64.5    nan  1.000  102.3  3.819  5.542   73.3   80.1
F  -68.1  -47.0  110.0 -178.7 -177.1    nan  1.063   91.3  3.807  5.219   66.9   84.3
N  -55.1  -42.1  111.4  176.4  -81.1    nan  1.044  103.0  3.746  5.443   70.7   82.3
Q  -66.4  -40.3  112.2 -179.5  -67.0    nan  1.012   94.6  3.780  5.358   70.1   80.2
D  -66.4  -37.4  113.2 -177.4  -76.4    nan  1.069   95.7  3.762  5.128   65.3   83.7
V  -67.6  -46.0  109.0  179.2  174.6  -64.1  1.109   92.8  3.819  5.489   60.9   81.6
D  -57.7  -45.4  111.1  178.3 -175.4    nan  1.133   99.2  3.807  5.393   64.9   81.6
A  -63.1  -39.4  111.5  178.5    nan    nan  0.997   98.1  3.794  5.513   70.8   78.2
A  -61.8  -51.8  108.6 -179.3    nan    nan  1.084   94.1  3.865  5.384   67.3   85.9
V  -55.8  -49.4  112.7  177.4  173.7  -62.0  1.150   97.0  3.805  5.410   61.2   77.9
R  -64.0  -34.0  111.6 -178.3  -83.5    nan  1.138  100.3  3.863  5.413   58.4   76.7
G  -67.5  -33.8  112.7  177.4    nan    nan    nan   96.9  3.824    nan    nan   84.1
I  -66.7  -47.5  108.5  176.9  -82.4  156.4  0.993   93.0  3.807    nan    nan   83.5
L  -68.8  -20.1  114.9 -177.1  -53.2    nan  1.156  101.8  3.832  5.234   49.3   74.5
R  -93.1  -16.2  110.6  179.1  -97.4    nan  0.944   81.4  3.749  5.439   70.1   73.4
N  -86.7  124.4  112.2 -175.2 -170.8    nan  1.096  106.2  3.742  5.147   59.3   88.3
A  -62.9  -25.0  113.9 -178.9    nan    nan  1.061  105.1  3.811  5.861 -106.9 -121.0
K  -88.7  -31.9  112.3  179.6  -84.3    nan  1.022   79.6  3.786  5.394   60.9   75.0
L  -83.9  -41.5  115.2 -176.4  -61.1    nan  1.164   78.4  3.750  5.091   49.6   76.5
K  -50.3  -50.8  115.9 -177.0 -168.3    nan  1.107   98.2  3.715  5.398   85.6   99.1
P  -60.7  -36.8  111.6 -178.2    7.5    nan  1.011  101.5  3.806  5.269   67.4   79.5
V  -65.3  -49.0  111.6  176.4 -174.7  -53.7  1.101   91.2  3.811  5.425   61.3   82.6
Y  -54.6  -47.4  111.7  177.5 -170.3    nan  1.055   99.8  3.810  5.347   71.3   81.9
D  -61.1  -31.1  112.6 -179.7  -73.4    nan  1.049  103.9  3.847  5.393   66.2   80.0
S  -78.8  -19.9  115.0 -179.4   75.6    nan  1.114   92.4  3.802  5.321   58.8   79.6
L  -85.2  156.6  117.2 -176.5  -57.3    nan  1.097   96.0  3.798  5.425   67.9   87.3
D  -78.6  172.0  108.2  174.1   56.8    nan  0.989   81.2  3.816  5.394  -96.2 -108.5
A  -59.0  -40.1  118.6 -174.9    nan    nan  1.256   97.4  3.876  5.442  -77.2  -59.0
V  -66.3  -48.4  112.5 -179.7 -175.7  -54.0  1.095   90.3  3.779  5.511   71.8   83.6
R  -64.2  -31.2  112.9 -179.5  -68.4    nan  1.110  101.0  3.732  5.184   57.3   76.8
R  -58.2  -39.9  109.7  175.2  -86.2    nan  1.028  102.8  3.827  5.648   83.5   92.8
A  -64.5  -37.2  113.0  177.0    nan    nan  1.082   97.5  3.796  5.291   64.0   80.7
A  -63.9  -39.9  109.0  177.3    nan    nan  1.001   98.7  3.849  5.570   74.9   83.5
L  -68.7  -36.8  111.6  179.5 -174.5    nan  1.056   94.9  3.791  5.341   62.6   78.7
I  -62.6  -41.2  108.6  177.7  -60.8  175.0  1.070   99.1  3.781  5.481   70.0   85.3
N  -57.5  -47.2  112.0  179.8 -170.1    nan  1.066   97.7  3.769  5.395   73.7   87.7
M  -62.7  -41.1  110.9  179.9  -70.5    nan  1.014   97.8  3.777  5.362   66.4   78.2
V  -68.1  -35.3  110.3 -178.3  165.9  -73.4  1.040   96.8  3.791  5.252   64.1   79.9
F  -62.4  -41.3  110.4  179.7 -176.2    nan  1.001   98.3  3.795  5.413   76.9   88.5
Q  -74.5  -46.7  114.6 -178.2  178.4    nan  1.084   83.8  3.811  5.193   51.4   74.1
M -112.4   -3.9  116.8 -174.2  -68.4    nan  0.934   65.9  3.813  4.880   27.7   38.0
G   82.6  157.2  111.3  179.5    nan    nan    nan   75.1  3.737    nan    nan -107.1
E  -56.8  -43.5  115.0 -177.6  171.0    nan  1.123   98.8  3.783    nan    nan  -80.5
T  -63.7  -43.0  111.5  179.7  -55.8 -173.3  1.071   95.8  3.789  5.466   63.5   81.3
G  -56.6  -54.1  111.7  179.5    nan    nan    nan   94.1  3.759    nan    nan   87.2
V  -61.3  -45.1  114.1 -179.4 -177.4  -57.0  1.148   94.8  3.793    nan    nan   74.4
A  -56.2  -23.7  110.1  178.4    nan    nan  1.030  113.2  3.794  5.422   75.6   85.0
G  -68.3  -18.2  114.8  177.8    nan    nan    nan  103.3  3.793    nan    nan   93.6
F  -84.7   54.5  108.0 -177.9  -75.4    nan  1.014  107.7  3.856    nan    nan   84.9
T  -49.6  -49.7  117.2 -176.0  -59.5 -177.5  1.171   98.8  3.761  6.186  177.7 -171.1
N  -67.1  -42.6  114.3 -178.2  -54.8    nan  1.153   91.7  3.804  5.331   56.3   75.5
S  -64.5  -40.6  109.2  179.7  -54.7    nan  0.995   97.6  3.820  5.496   75.5   80.3
L  -59.7  -40.6  111.7  178.6  -64.9    nan  1.078  100.1  3.825  5.375   71.1   85.3
R  -66.6  -40.0  110.5 -179.8  172.1    nan  1.044   95.6  3.822  5.310   66.5   80.4
M  -63.7  -39.6  112.0  175.2  -66.4    nan  1.119   97.3  3.791  5.492   60.2   79.9
L  -67.0  -42.0  109.4  179.2  -69.7    nan  1.027   94.9  3.819  5.522   72.5   80.4
Q  -60.1  -35.4  110.3 -179.4 -167.2    nan  1.096  103.4  3.700  5.226   65.2   85.2
Q  -81.1    0.5  113.4  179.8  -64.0    nan  1.075   99.1  3.781  5.428   53.2   72.0
K   63.0   32.1  115.4 -177.6  -45.4    nan  1.243  100.4  3.788  5.612 -123.8 -120.0
R  -98.1   73.3  107.7  176.7  -70.9    nan  1.024  104.3  3.840  6.055  118.1  112.8
W  -53.8  -53.9  117.0 -173.0  -44.0    nan  1.229   93.0  3.789  6.199 -166.3 -155.8
D  -64.1  -41.0  112.8  179.6  -70.5    nan  1.108   95.8  3.756  5.299   60.2   72.4
E  -65.8  -40.0  111.7  179.7  -48.3    nan  1.117   95.6  3.740  5.406   62.7   81.5
A  -62.9  -40.3  111.3  179.9    nan    nan  1.083   98.0  3.800  5.439   70.4   84.5
A  -63.8  -37.3  111.3 -177.8    nan    nan  1.098   98.9  3.817  5.344   65.7   85.0
V  -68.4  -44.6  110.4  178.6  158.2  -80.9  1.040   92.0  3.794  5.435   65.8   80.4
N  -66.4  -39.5  112.6  179.6 -163.0    nan  1.056   94.9  3.814  5.265   60.0   76.6
L  -60.9  -32.9  111.0 -179.1  -81.7    nan  1.018  103.8  3.844  5.450   74.1   87.7
A  -72.6  -16.4  114.0 -177.2    nan    nan  1.128  100.2  3.875  5.368   59.1   84.5
K  -89.3   63.6  108.7  178.8  -60.7    nan  0.993  107.0  3.807  5.584   69.5   80.1
S -148.7  158.8  111.1 -174.8   54.0    nan  0.982  149.8  3.767  5.555   95.9   97.8
R  -61.8  -38.0  108.3  175.5  176.8    nan  0.946  101.6  3.783  5.229  -76.5  -86.9
W  -48.9  -52.6  111.2  179.0  169.0    nan  1.039  100.5  3.803  5.317   83.0   97.6
Y  -67.4  -41.7  110.6 -177.8 -178.6    nan  0.964   94.1  3.783  5.108   59.7   70.2
N  -67.5  -32.9  114.5 -178.9  -75.9    nan  1.125   96.5  3.767  5.160   54.2   80.6
Q  -82.3  -38.5  113.9  179.9  -59.4    nan  1.131   81.7  3.806  5.420   52.6   73.9
T -131.3   69.5  106.0  179.6   45.5  -70.4  0.995   87.8  3.833  5.073    4.1   18.4
P  -58.9  -41.3  117.2 -177.3   18.9    nan  1.096   97.4  3.789  6.125 -169.9 -165.8
N  -66.9  -41.4  112.7 -176.6  -69.1    nan  1.113   93.4  3.808  5.397   61.6   84.5
R  -68.5  -46.9  111.4  177.5  177.9    nan  1.004   90.1  3.756  5.354   69.0   76.3
A  -56.7  -42.8  110.0  178.5    nan    nan  1.036  102.1  3.833  5.293   70.5   82.6
K  -59.3  -39.0  111.9  179.7  -74.4    nan  1.068  101.2  3.860  5.462   72.3   84.9
R  -65.5  -43.7  110.2  178.8  -70.7    nan  1.076   94.7  3.808  5.417   68.6   81.9
V  -66.2  -45.1  112.4  178.7  173.9  -64.3  1.092   92.1  3.781  5.305   60.7   77.3
I  -60.9  -42.7  111.8 -179.2  -69.1  168.0  1.119   97.9  3.782  5.389   63.1   82.6
T  -61.9  -32.9  111.5  177.7  -67.5  173.0  1.032  102.7  3.838  5.509   73.6   81.3
T  -65.3  -44.5  108.7  178.9  -57.4 -173.9  1.098   95.4  3.842  5.417   66.5   86.9
F  -65.5  -40.2  112.4  175.6  -81.4    nan  1.026   95.3  3.830  5.517   64.6   74.1
R  -64.2  -48.1  113.9 -179.7 -157.5    nan  1.165   91.1  3.804  5.281   60.7   83.9
T  -96.9  -26.0  117.7 -176.7   65.3  -53.6  1.108   71.9  3.803  5.086   30.5   50.7
G   72.0   21.8  111.0 -175.7    nan    nan    nan   99.2  3.771    nan    nan -132.7
T -126.5  173.2  107.1  176.4   69.3  -49.7  0.931  128.3  3.826    nan    nan   76.5
W  -97.8   18.4  110.8  178.8  -64.1    nan  0.974   89.0  3.836  5.312 -103.8 -101.3
D  -52.9  -36.1  117.1 -177.9  -72.8    nan  1.107  105.9  3.772  5.905  136.0  151.3
A  -70.7  -13.8  110.7 -176.5    nan    nan  1.076  104.0  3.819  5.400   67.6   84.7
Y -107.1    0.1  110.2 -177.3  -72.1    nan  1.061   73.0  3.740  5.378   48.4   68.4
K -102.9    nan  111.5 -179.3  -59.0    nan  1.182    nan  3.730  5.457   56.7   85.5
