Id   phi    psi    tau  omega    chi    chi2  solid    eta  CA-CA  CB-CB  BA^AB  NA^AC
M    nan  156.2  105.6    nan  169.5    nan  0.985    nan    nan    nan    nan    nan
N -149.0  169.1  108.7  178.6   59.8    nan  1.121  150.8  3.761  5.749  177.9 -173.4
I  -46.8  -46.5  113.7  177.4 -174.6   67.8  1.256  104.9  3.799  5.289  -60.5  -58.3
F  -62.6  -47.2  112.2  179.8  -71.4    nan  1.080   93.8  3.822  5.558   72.2   79.2
E  -70.1  -31.6  110.8  179.6  -55.4    nan  1.007   96.5  3.800  5.349   61.7   71.0
M  -67.1  -50.9  109.6 -179.8  174.8    nan  0.993   90.3  3.817  5.346   76.6   87.7
L  -66.2  -32.0  114.0  177.8  -79.2    nan  1.103   98.4  3.854  5.237   47.9   69.9
R  -66.9  -32.2  109.4  176.5  167.5    nan  1.069   99.7  3.780  5.503   71.3   85.2
I  -72.3  -43.7  107.7  175.9  -80.0  154.2  1.047   91.1  3.845  5.554   64.9   78.2
D  -69.5  -33.1  114.9 -176.6  -76.3    nan  1.148   94.5  3.857  5.340   56.0   77.6
E -107.4  -23.6  115.3 -175.2  -52.1    nan  1.069   64.1  3.749  5.094   35.3   54.1
G   75.2 -175.1  108.8 -177.9    nan    nan    nan   76.8  3.818    nan    nan -129.4
L -137.6  124.6  111.6  177.8  167.1    nan  1.005  128.6  3.771    nan    nan -126.9
R -132.5  135.0  108.3  179.3  -64.4    nan  1.041  129.9  3.795  5.731  168.9  168.3
L  -99.3    4.2  114.1 -174.0  -59.6    nan  1.078   82.5  3.737  5.802 -135.6 -142.1
K -129.7  147.1  106.6  177.2  -48.4    nan  1.065  131.0  3.782  5.289   41.2   56.8
I  -49.1  138.0  109.4 -179.2  -72.7  170.0  1.043   71.4  3.830  5.543  -69.7  -83.8
Y -144.5  170.0  107.8  176.4   65.0    nan  1.069  146.4  3.827  5.763  168.1  171.8
K  -98.4  138.8  107.8  176.1  -68.6    nan  1.054  108.0  3.703  5.416 -110.6 -105.6
D  -75.6 -173.7  111.1  178.6   76.5    nan  1.178   73.4  3.789  5.678 -118.7 -121.0
T  -65.1  -19.2  113.7 -176.8   76.4  -40.7  1.138  106.2  3.789  5.141  -51.4  -50.5
E  -97.0   -9.5  113.7 -178.6  -65.2    nan  1.092   79.3  3.862  5.424   55.2   72.2
G   97.4   15.0  112.8  178.9    nan    nan    nan   77.1  3.789    nan    nan  -97.2
Y  -96.6  145.2  113.9 -178.9  -57.3    nan  1.008  108.9  3.774    nan    nan  106.0
Y  -64.9  127.9  109.4  177.6  -75.1    nan  0.985   88.7  3.747  5.276  -94.0 -107.2
T -144.9  163.2  108.4 -173.2  -59.0  177.0  0.974  146.7  3.828  5.737  173.7  157.6
I -153.1  162.4  108.2  176.6 -166.2   73.3  0.991  153.2  3.730  5.569 -173.2 -171.6
G   70.6 -136.6  114.3  172.5    nan    nan    nan   91.5  3.830    nan    nan   39.9
I  -98.4   70.1  110.8  179.1  -58.2 -174.5  1.135  106.3  3.761    nan    nan  -39.9
G   69.1   27.8  114.8  178.8    nan    nan    nan   97.7  3.746    nan    nan  -53.3
H  -83.7  102.4  112.1 -179.8 -176.6    nan  1.023  110.0  3.800    nan    nan  128.2
L  -62.0  128.4  111.3 -179.9  178.2    nan  1.007   87.7  3.882  6.032 -130.9 -143.3
L  -92.9  -46.5  110.9 -179.8  -66.1    nan  1.117   73.0  3.792  5.869 -150.4 -145.6
T -169.9  156.0  110.1 -176.2 -173.4   62.3  0.974  157.5  3.756  4.617  -34.9  -29.5
K  -94.2  -12.4  110.8  174.2  -60.3    nan  1.028   81.5  3.747  5.487 -121.3 -121.8
S  -61.5  149.2  110.8  176.6  149.8    nan  1.057   75.5  3.790  5.703   96.2  108.6
P  -77.9   -6.9  112.3 -179.6   -7.3    nan  0.945   99.4  3.827  5.443  -95.1 -109.5
S  -80.8  121.8  115.8 -178.4  168.0    nan  1.107  106.4  3.753  5.416   72.0  100.9
L  -68.1  -31.1  109.5  178.6  176.2    nan  1.019   99.1  3.747  5.796 -114.4 -133.7
N  -74.3  -35.3  110.3 -177.8  -75.7    nan  1.102   91.6  3.705  5.311   62.3   83.3
A  -65.0  -28.0  108.3  176.8    nan    nan  0.990  103.8  3.706  5.466   78.0   83.7
A  -71.7  -43.5  112.6  178.9    nan    nan  1.125   88.7  3.912  5.493   63.1   86.0
K  -64.1  -30.4  108.0  178.1  -78.7    nan  1.016  103.6  3.824  5.499   72.1   78.0
K  -77.6  -33.0  112.6 -179.2  -71.1    nan  1.156   88.6  3.733  5.363   56.6   80.7
E  -70.1  -36.6  104.9  178.8  -79.1    nan  0.943   97.4  3.754  5.544   84.5   81.8
L  -61.6  -49.2  114.1  178.9  179.5    nan  1.111   92.3  3.730  5.250   69.2   87.9
D  -59.3  -42.4  110.4 -178.1  -60.9    nan  1.055  100.1  3.805  5.409   69.4   81.5
K  -62.9  -35.4  110.5  179.2  158.0    nan  1.038  101.0  3.730  5.212   68.4   81.2
A  -71.9  -33.0  113.5 -179.1    nan    nan  1.179   93.1  3.828  5.382   52.5   81.9
I  -96.9  -21.8  115.2 -178.0  -65.4  169.3  1.103   74.4  3.845  5.192   41.4   59.9
G   76.5   28.4  113.8  177.3    nan    nan    nan   91.1  3.798    nan    nan -132.3
R -160.0  167.2  108.8  177.8   69.5    nan  1.111  160.1  3.811    nan    nan   47.5
N  -85.8  110.9  105.2  178.4 -129.7    nan  0.978  102.6  3.772  5.443  -88.7  -97.5
T  -95.7  -30.6  113.3 -175.3   54.2  -70.3  1.030   73.4  3.699  5.922 -160.7 -159.0
N   68.6   33.8  109.4 -175.2 -161.3    nan  1.079   97.5  3.721  5.348 -143.1 -139.9
G   76.0   10.9  116.7  178.5    nan    nan    nan   98.9  3.844    nan    nan  -79.5
V -128.6  140.3  109.0  177.8  173.1  -68.6  1.048  130.0  3.780    nan    nan   66.2
I -130.1  167.5  107.1 -180.0   62.6  -59.9  1.070  132.6  3.812  5.741 -169.6 -172.2
T  -97.0  169.3  107.7  179.4   73.1  -48.0  0.949  100.1  3.808  5.449  -98.9 -107.6
K  -55.7  -42.6  113.3  177.3 -159.6    nan  1.213  101.1  3.804  5.279  -79.5  -66.3
D  -60.3  -43.6  113.6  175.7  -68.4    nan  1.054   96.8  3.875  5.655   78.0   81.9
E  -63.7  -42.4  109.0  176.5  -69.9    nan  1.092   97.4  3.786  5.217   63.4   77.5
A  -61.8  -44.9  111.5  177.9    nan    nan  1.030   96.2  3.812  5.491   74.0   81.3
E  -67.1  -29.8  113.6 -179.7  -76.7    nan  1.101   98.8  3.822  5.215   57.9   77.1
K  -67.8  -47.1  112.1  177.4 -175.9    nan  1.058   90.2  3.729  5.417   74.1   88.0
L  -58.4  -37.7  110.5  173.6  -63.3    nan  0.996  103.5  3.803  5.410   71.5   77.1
F  -64.3  -48.5  111.4 -179.8 -174.8    nan  1.104   92.3  3.798  5.249   65.9   85.1
N  -56.9  -44.5  110.6  176.9  -78.2    nan  1.002  100.5  3.770  5.422   72.8   79.9
Q  -61.3  -42.9  112.8  179.3  -66.0    nan  1.068   96.9  3.755  5.282   65.8   81.6
D  -66.1  -35.8  115.4 -179.0  -68.4    nan  1.127   95.7  3.776  5.278   62.9   81.1
V  -68.4  -44.2  108.8  179.1  174.5  -67.6  1.108   93.2  3.827  5.506   67.4   82.7
D  -59.4  -49.4  111.1  178.6 -171.5    nan  1.081   95.5  3.762  5.375   70.8   81.9
A  -60.3  -40.4  112.0  178.5    nan    nan  1.021   99.6  3.742  5.301   67.6   77.3
A  -61.4  -50.7  106.9 -178.4    nan    nan  1.037   96.1  3.796  5.367   70.7   85.9
V  -55.0  -53.7  112.8  176.6 -179.5  -59.7  1.136   94.8  3.806  5.437   63.0   78.8
R  -59.2  -35.1  111.6 -178.3  -86.1    nan  1.143  103.7  3.853  5.357   60.5   77.2
G  -64.9  -44.4  111.8  177.9    nan    nan    nan   93.9  3.736    nan    nan   85.5
I  -61.0  -41.4  108.5  177.2  -77.7  157.6  0.960  100.3  3.861    nan    nan   79.1
L  -73.6  -17.2  115.4 -176.9  -53.7    nan  1.194   98.5  3.880  5.254   47.0   76.3
R  -96.0   -6.3  109.4  178.5  -86.4    nan  0.960   82.0  3.741  5.466   69.0   72.2
N  -94.3  121.5  114.3 -175.7 -175.3    nan  1.250  112.9  3.754  5.238   49.3   90.8
A  -61.2  -26.2  113.9 -178.3    nan    nan  1.090  106.0  3.789  5.871 -100.2 -122.3
K  -91.0  -26.6  114.0  179.8  -51.3    nan  1.096   78.6  3.823  5.460   52.8   72.3
L  -92.5  -38.2  113.1 -176.4  -68.9    nan  1.059   74.0  3.749  5.189   57.8   72.7
K  -52.4  -43.3  115.3 -176.6 -171.8    nan  1.088  102.3  3.743  5.361   84.1  100.0
P  -66.9  -31.6  112.3 -176.3   -7.5    nan  1.025   98.7  3.773  5.252   67.0   82.3
V  -67.1  -49.9  110.2  179.3 -173.7  -50.9  1.083   90.4  3.766  5.363   66.1   87.7
Y  -56.1  -46.5  109.8  179.8 -168.0    nan  0.999  100.3  3.751  5.213   71.4   80.7
D  -62.4  -28.1  112.4 -179.0  -82.3    nan  1.037  104.4  3.791  5.215   64.1   79.7
S  -80.4  -19.9  114.5 -177.8   85.0    nan  1.102   91.0  3.769  5.270   58.5   81.4
L  -90.2  160.0  116.6 -174.7  -62.3    nan  1.034   99.0  3.805  5.356   67.4   83.4
D  -81.7  172.3  108.6  174.3   59.9    nan  0.970   84.2  3.740  5.322 -100.3 -105.6
A  -52.5  -45.8  118.5 -176.3    nan    nan  1.365   98.9  3.893  5.448  -79.3  -54.7
V  -64.8  -52.6  110.5  179.7  179.8  -62.4  1.087   90.4  3.780  5.559   72.9   78.8
R  -63.7  -31.4  111.9 -178.6  -51.2    nan  1.196  101.8  3.770  5.290   48.2   73.4
R  -58.3  -40.0  110.0  175.2  -83.2    nan  1.023  102.5  3.805  5.766   92.0   92.6
A  -62.2  -40.9  108.5  177.8    nan    nan  0.978   99.7  3.874  5.449   75.1   82.2
A  -59.6  -39.9  110.8  178.7    nan    nan  1.063  101.0  3.884  5.480   70.7   85.1
L  -70.5  -34.9  112.9  177.5 -175.1    nan  1.143   93.7  3.776  5.319   54.8   76.2
I  -63.2  -41.0  108.9  177.7  -59.2  173.8  1.052   98.7  3.826  5.660   75.0   87.0
N  -57.0  -47.7  112.2  179.3 -168.2    nan  1.071   97.6  3.789  5.384   72.3   87.9
M  -64.6  -38.2  108.8 -178.5  -71.8    nan  1.006   99.0  3.808  5.408   65.9   76.7
V  -70.8  -35.6  109.9 -178.2  172.7  -71.4  1.081   94.5  3.789  5.406   62.4   79.3
F  -65.1  -38.1  109.5 -179.4  179.7    nan  0.984   98.3  3.815  5.503   81.3   86.4
Q  -73.5  -51.1  113.2 -178.7  177.1    nan  1.076   83.4  3.823  5.229   55.5   77.0
M -112.1    3.8  117.9 -172.1   59.8    nan  1.229   69.7  3.776  4.727    1.1   35.8
G   78.8  158.8  110.1  178.0    nan    nan    nan   72.4  3.731    nan    nan -104.9
E  -65.2  -33.9  113.8 -176.0  164.3    nan  1.152   98.2  3.759    nan    nan  -85.2
T  -65.2  -52.4  112.1  177.9  -47.3 -163.3  1.128   89.2  3.771  5.626   63.8   86.9
G  -50.4  -57.8  111.0  176.9    nan    nan    nan   96.1  3.752    nan    nan   82.6
V  -56.1  -46.3  113.3  179.3 -175.1  -56.5  1.135   98.5  3.804    nan    nan   74.5
A  -55.5  -21.8  110.9  178.3    nan    nan  1.190  114.7  3.810  5.417   65.9   84.7
G  -70.4  -13.0  114.0  173.9    nan    nan    nan  103.9  3.854    nan    nan   90.0
F  -87.1   46.2  108.6  179.2  -75.5    nan  1.082  105.4  3.863    nan    nan   85.7
T  -40.3  -58.5  120.0 -179.8  -63.7  178.8  1.212   97.1  3.809  6.237 -177.3 -172.8
N  -64.7  -38.5  113.5 -178.4  -54.4    nan  1.107   96.3  3.791  5.149   55.7   70.4
S  -69.5  -35.5  110.4  179.7  -58.3    nan  0.965   95.5  3.837  5.506   72.9   79.7
L  -64.8  -37.2  110.5  178.3  -64.1    nan  1.102   98.5  3.799  5.347   67.6   85.0
R  -69.4  -37.3  109.8 -178.0  174.2    nan  1.016   95.0  3.758  5.342   73.4   81.9
M  -69.9  -34.4  111.8  176.9  -56.5    nan  1.125   94.9  3.757  5.393   56.5   77.8
L  -65.3  -44.1  108.7  179.3  -64.1    nan  1.110   95.6  3.821  5.575   73.6   86.3
Q  -55.9  -40.8  113.9  177.6 -150.8    nan  1.163  101.8  3.763  5.314   66.8   84.7
Q  -81.8    1.2  112.6  177.6  -67.5    nan  0.983   98.7  3.813  5.398   56.6   64.8
K   59.9   34.5  113.7 -178.9  -42.7    nan  1.161  102.5  3.773  5.501 -129.2 -122.7
R  -94.8   81.3  106.7  173.5  -61.1    nan  1.010  105.7  3.835  6.080  117.0  116.3
W  -62.0  -49.2  119.0 -171.5  -41.6    nan  1.263   89.0  3.885  6.260 -169.0 -153.4
D  -61.7  -46.6  111.5  176.4  -76.0    nan  1.159   95.2  3.756  5.348   61.9   76.2
E  -70.0  -34.1  112.9  179.6  -40.9    nan  1.118   94.5  3.776  5.383   54.5   72.3
A  -64.5  -43.7  110.5  178.0    nan    nan  1.023   95.3  3.852  5.552   75.0   86.9
A  -60.2  -39.1  112.3  179.4    nan    nan  1.055  100.3  3.769  5.281   67.5   82.8
V  -67.6  -43.9  108.7  179.2  165.3  -75.6  1.089   93.9  3.816  5.369   62.9   79.9
N  -66.7  -44.7  113.1  179.6 -167.7    nan  0.976   91.6  3.827  5.360   70.3   76.9
L  -52.2  -36.4  110.3  179.7  -79.1    nan  1.033  109.3  3.802  5.341   75.8   90.2
A  -67.8  -20.4  114.8 -176.8    nan    nan  1.177  102.7  3.901  5.369   61.8   86.1
K  -89.5   71.2  108.3  179.2  -58.5    nan  0.972  107.4  3.863  5.683   69.6   76.1
S -154.9  153.9  109.3 -174.9   59.7    nan  0.973  151.0  3.688  5.410   97.9   97.8
R  -59.6  -40.1  106.9  176.0  168.9    nan  0.943  103.0  3.783  5.370  -78.9  -89.8
W  -46.6  -52.4  112.5  179.5  171.1    nan  1.020  101.6  3.865  5.429   87.0   98.2
Y  -66.2  -43.3  111.6 -178.3  178.3    nan  1.014   93.5  3.756  5.044   57.0   72.0
N  -67.9  -31.9  113.3 -178.7  -75.4    nan  1.058   97.2  3.809  5.235   59.8   78.5
Q  -82.4  -42.0  113.0  179.7  -71.0    nan  1.074   80.7  3.847  5.423   55.2   74.1
T -123.9   67.5  108.4  179.2   45.2  -73.9  1.082   91.7  3.809  4.990    0.5   23.2
P  -60.7  -38.8  117.7 -176.2   21.9    nan  1.116   97.3  3.792  6.115 -169.8 -168.5
N  -70.2  -41.7  112.4 -176.7  -66.9    nan  1.077   90.9  3.799  5.438   63.2   83.8
R  -68.0  -43.7  109.0  177.7  169.8    nan  1.064   93.6  3.782  5.389   60.5   76.1
A  -55.7  -43.8  112.1  179.3    nan    nan  1.140  101.0  3.871  5.458   68.1   86.9
K  -59.9  -42.4  111.0 -178.6  -83.8    nan  1.051   99.3  3.780  5.400   72.3   84.8
R  -62.1  -46.9  110.5  179.7  -73.4    nan  1.056   95.3  3.791  5.396   69.1   82.5
V  -64.9  -42.6  110.8 -178.9  173.8  -65.9  1.106   95.4  3.786  5.198   59.1   76.9
I  -62.5  -43.6  113.3  179.2  -70.9  169.4  1.117   95.3  3.824  5.449   64.5   81.9
T  -63.6  -36.0  110.1  176.9  -71.2  166.8  0.998  100.3  3.818  5.399   71.8   78.0
T  -61.6  -42.5  108.9  176.6  -58.1 -171.7  1.084   99.1  3.852  5.415   66.9   85.7
F  -66.3  -41.3  111.9  177.2  -83.6    nan  1.050   94.4  3.840  5.524   64.8   76.2
R  -66.8  -47.4  114.3 -178.9 -156.0    nan  1.146   89.3  3.793  5.252   61.3   81.1
T  -95.8  -26.4  118.0 -178.3   68.8  -51.8  1.107   72.6  3.782  5.083   30.9   51.2
G   75.7   19.0  112.8 -175.0    nan    nan    nan   96.4  3.792    nan    nan -129.7
T -127.4  172.2  107.3  179.0   73.0  -48.2  0.906  129.3  3.844    nan    nan   74.5
W  -95.0   15.1  111.0  178.1  -68.1    nan  0.953   90.5  3.824  5.272 -103.2 -100.3
D  -50.4  -36.8  115.5 -177.3  -65.3    nan  1.114  108.2  3.750  5.901  131.6  150.5
A  -70.3  -17.9  111.3 -176.1    nan    nan  1.112  102.4  3.764  5.334   64.6   84.9
Y -104.3    6.7  112.1 -176.6  -73.7    nan  1.031   78.3  3.712  5.370   50.1   69.4
K -108.3    nan  111.6 -178.0  -65.0    nan  1.121    nan  3.745  5.377   61.0   86.6
