Id   phi    psi    tau  omega    chi    chi2  solid    eta  CA-CA  CB-CB  BA^AB  NA^AC
M    nan  160.2  111.6    nan   28.5    nan  1.057    nan    nan    nan    nan    nan
V -142.1  123.7  111.4 -178.8  174.3  -63.6  1.048  128.7  3.792  5.545 -159.4 -161.3
L  -84.8  148.1  109.6  179.0  -83.2    nan  1.024   95.7  3.786  5.879 -134.9 -145.4
S  -80.9  166.7  106.9  178.0   65.9    nan  0.975   84.9  3.776  5.564 -107.1 -115.6
E  -62.3  -37.1  109.0  178.2  170.7    nan  1.020  101.4  3.827  5.361  -74.2  -75.2
G  -61.9  -37.2  113.2  179.6    nan    nan    nan   99.5  3.822    nan    nan   87.8
E  -69.6  -43.9  109.5  178.0  -71.6    nan  1.056   92.0  3.810    nan    nan   79.0
W  -60.4  -38.8  110.2  177.4  -77.4    nan  1.032  101.4  3.845  5.499   69.8   80.5
Q  -62.2  -39.0  111.3  179.8  -75.0    nan  1.086   99.2  3.803  5.372   69.0   85.9
L  -64.9  -40.1  110.7  178.1  -73.4    nan  1.049   96.8  3.826  5.490   68.7   81.8
V  -65.2  -49.7  111.5  179.4  169.0  -68.5  1.050   91.0  3.822  5.381   67.6   81.5
L  -72.0  -22.6  114.5 -178.1  -61.1    nan  1.127   97.7  3.801  5.131   46.5   69.6
H  -70.6  -46.1  108.3  178.2  178.6    nan  1.028   91.0  3.840  5.690   80.1   91.4
V  -72.0  -33.3  110.8  178.1   70.2 -166.6  1.116   94.2  3.810  5.340   47.1   68.4
W  -63.9  -33.9  111.6  177.8 -160.2    nan  1.069  100.4  3.825  5.630   76.9   88.1
A  -60.0  -33.8  109.7  178.4    nan    nan  1.033  104.6  3.839  5.524   79.8   91.0
K  -71.4  -46.2  108.4  178.5  -54.5    nan  1.022   90.3  3.844  5.479   65.9   79.8
V  -53.7  -42.5  110.6  177.5  165.9  -71.2  1.021  104.2  3.799  5.367   76.0   84.5
E  -64.3  -13.6  115.3 -178.8  -67.2    nan  1.121  109.3  3.836  5.305   61.4   82.7
A  -69.0  -19.9  108.8  177.5    nan    nan  1.028  103.5  3.823  5.767   91.7  100.9
D -150.2   73.3  109.3  179.3  179.8    nan  1.011   84.7  3.823  4.916   -2.3   14.7
V  -62.8  -42.6  113.5 -177.0 -178.3  -59.9  1.130   95.5  3.829  6.276 -174.3 -167.2
A  -63.0  -41.8  112.8 -179.4    nan    nan  1.069   96.3  3.813  5.418   71.3   83.3
G  -66.5  -45.6  111.7  179.5    nan    nan    nan   92.1  3.816    nan    nan   79.5
H  -64.2  -40.8  109.5  178.7  -75.0    nan  1.042   97.7  3.797    nan    nan   76.8
G  -58.9  -44.7  112.2  178.9    nan    nan    nan   98.0  3.812    nan    nan   86.3
Q  -61.8  -49.1  110.1  178.0  -84.1    nan  1.019   94.5  3.830    nan    nan   79.5
D  -57.1  -43.9  113.8 -179.8  -75.5    nan  1.053   99.0  3.810  5.251   70.3   82.0
I  -67.1  -47.0  113.3 -179.0  -69.8  168.9  1.125   89.9  3.810  5.219   56.7   78.7
L  -67.0  -39.9  112.0  179.5  -68.8    nan  1.075   94.5  3.828  5.418   59.5   74.6
I  -66.0  -41.8  110.0  179.8  -74.8  160.1  1.068   95.5  3.799  5.394   65.4   81.4
R  -58.9  -46.2  108.0  178.5  163.5    nan  1.027   99.6  3.825  5.432   71.0   84.1
L  -61.1  -49.9  112.6  178.7  172.8    nan  1.056   93.1  3.834  5.366   62.6   78.7
F  -64.9  -30.4  113.7 -179.5  -63.2    nan  1.090  100.4  3.838  5.234   56.7   74.7
K  -80.2  -44.2  111.7  178.3  -78.4    nan  1.051   82.4  3.812  5.401   60.1   76.2
S  -70.1  -33.6  113.5 -179.3  -64.2    nan  1.050   94.4  3.824  5.270   59.6   75.1
H -139.3   77.9  109.6 -177.9  -51.2    nan  1.011   93.1  3.805  4.761   -1.7   16.0
P  -50.9  -22.7  115.5 -179.6  -31.7    nan  1.008  116.9  3.863  6.022 -148.2 -155.6
E  -67.2  -31.3  111.7 -179.8   62.4    nan  1.086   98.9  3.803  5.497   71.6   97.2
T  -64.9  -29.4  111.7  179.6   63.1  -59.1  1.043  101.8  3.815  5.567   78.4   90.2
L  -65.7  -27.1  111.7  179.0 -178.3    nan  1.073  102.3  3.804  5.476   75.8   91.0
E  -60.9  -24.9  112.8  179.7  -63.9    nan  1.041  107.4  3.840  5.595   86.4   97.9
K  -76.1   -9.7  113.7 -179.0  -70.3    nan  1.059   99.8  3.815  5.406   69.8   87.5
F -108.3   98.3  112.7 -177.7  -64.5    nan  1.045  114.1  3.789  5.302   50.7   71.4
D  -58.7  -28.9  110.9  179.0  -63.3    nan  1.055  108.0  3.800  6.016 -135.2 -145.9
R  -73.8  -31.2  114.4  178.7  -87.5    nan  1.066   91.9  3.816  5.476   67.6   84.1
F -113.6  -10.5  117.7 -176.5  -48.6    nan  1.105   61.8  3.833  4.991   25.0   49.4
K  -41.8  -33.8  115.8 -179.3  -88.9    nan  1.049  117.3  3.837  5.830  126.5  132.7
H  -74.3  -23.0  115.8 -177.4   63.0    nan  1.085   94.8  3.803  5.212   63.1   83.5
L  -56.3  120.6  110.6 -179.8  -56.8    nan  1.066   88.2  3.827  5.633   92.7  106.8
K  -93.9  -32.6  117.0 -177.2  -56.0    nan  1.085   72.5  3.826  5.933 -145.7 -153.3
T -131.8  167.5  112.3 -177.4   64.0  -54.2  1.025  135.4  3.811  4.877    8.8   27.0
E  -64.9  -35.0  110.2  178.4  172.6    nan  1.035   99.7  3.790  5.206  -74.2  -77.4
A  -59.8  -44.1  108.5  178.8    nan    nan  1.012   99.8  3.797  5.447   79.6   90.1
E  -65.5  -39.4  110.9  179.4  -75.0    nan  1.053   96.5  3.815  5.304   61.1   76.9
M  -62.5  -43.4  110.9  178.6  -73.7    nan  1.041   96.7  3.790  5.385   71.4   84.1
K  -64.3  -32.6  113.3  179.5  -81.6    nan  1.060  100.0  3.820  5.335   65.1   80.0
A  -84.0  -12.6  114.2 -178.6    nan    nan  1.081   90.7  3.798  5.214   53.1   73.8
S  -73.7  115.1  112.8 -180.0  162.3    nan  1.061  102.5  3.812  5.647   84.0  100.5
E  -71.0  -31.9  110.1  179.8 -153.8    nan  1.045   96.0  3.796  5.925 -130.2 -140.1
D  -63.0  -43.5  111.6  179.4  -90.5    nan  1.044   95.9  3.811  5.483   77.3   90.9
L  -63.0  -42.8  110.3  179.1 -172.2    nan  1.041   97.0  3.809  5.290   66.1   80.1
K  -62.8  -40.7  111.9  178.8 -179.8    nan  1.061   97.5  3.815  5.363   65.4   80.9
K  -64.5  -41.9  109.3  179.8  -70.1    nan  1.035   97.0  3.808  5.411   69.0   81.8
H  -65.0  -36.1  111.8 -179.3 -164.9    nan  1.083   98.2  3.804  5.370   64.4   81.1
G  -60.8  -38.2  110.2  177.6    nan    nan    nan  101.4  3.804    nan    nan   87.9
V  -66.8  -42.8  109.2  178.2  170.8  -68.1  1.044   94.8  3.834    nan    nan   80.2
T  -58.9  -44.3  111.6  177.5  -61.4  179.0  1.025   98.6  3.837  5.437   73.6   83.1
V  -66.0  -48.0  112.6 -179.9  173.1  -65.0  1.070   90.7  3.839  5.247   60.7   77.8
L  -68.3  -32.2  114.5 -179.5  -71.9    nan  1.143   96.2  3.816  5.292   51.4   74.0
T  -66.5  -42.0  108.3  177.6  -59.4 -179.0  1.007   96.0  3.809  5.572   79.4   86.0
A  -64.9  -45.9  110.5  179.0    nan    nan  1.046   93.9  3.835  5.367   64.2   79.0
L  -64.7  -42.0  110.1  179.7  177.4    nan  1.032   96.3  3.820  5.321   63.6   76.6
G  -59.4  -39.4  112.7  178.9    nan    nan    nan  100.5  3.805    nan    nan   84.9
A  -66.8  -32.1  110.1  179.8    nan    nan  1.048   99.6  3.800    nan    nan   81.1
I  -71.1  -48.3  111.0  179.1  -74.1  164.1  1.070   87.8  3.791  5.399   64.1   82.8
L  -59.8  -40.5  111.3 -179.8  -63.6    nan  1.050  100.3  3.808  5.327   65.7   79.8
K  -64.1  -17.7  115.8 -179.6  -74.4    nan  1.138  107.2  3.817  5.326   62.4   84.3
K  -78.0  -10.2  110.6  177.0  -62.6    nan  1.031   98.2  3.835  5.666   77.7   88.5
K   48.7   48.3  115.2  179.2  -67.8    nan  1.094  101.5  3.847  5.618 -148.0 -145.4
G  101.5  -23.4  115.6  179.2    nan    nan    nan   89.1  3.803    nan    nan  -43.4
H  -96.5   62.4  108.2 -179.4  -54.6    nan  0.981  102.9  3.854    nan    nan   68.2
H -110.6   14.6  116.4 -174.1   54.5    nan  1.076   76.4  3.802  5.881  125.2  139.2
E  -48.2  -48.9  114.2 -179.5   50.5    nan  1.090  102.0  3.817  6.040  137.7  149.1
A  -59.5  -44.1  112.8 -179.5    nan    nan  1.060   97.7  3.839  5.342   67.4   81.0
E  -68.5  -35.3  112.6 -179.5  -71.1    nan  1.047   95.3  3.826  5.270   61.8   76.3
L  -70.3  -34.6  114.5 -178.2 -120.9    nan  1.100   93.2  3.792  5.337   64.9   84.6
K  -49.2  -57.9  116.5 -178.4  -85.8    nan  1.145   93.5  3.810  5.525   88.7  105.1
P  -67.9  -31.5  115.1 -179.9   28.9    nan  1.024   96.6  3.813  5.135   53.0   66.6
L  -67.5  -45.5  110.2 -179.7 -167.4    nan  1.015   92.3  3.817  5.424   69.1   88.4
A  -62.6  -42.8  109.5  178.5    nan    nan  1.021   97.8  3.802  5.232   64.7   77.6
Q  -61.7  -50.2  113.5 -179.8 -177.9    nan  1.115   91.9  3.813  5.393   64.5   83.5
S  -66.5  -40.9  112.4  179.6   69.0    nan  1.084   94.1  3.815  5.310   58.9   72.5
H  -73.4  -26.2  114.5 -179.4  -67.8    nan  1.138   94.6  3.809  5.322   52.9   75.9
A  -85.1  -45.7  111.2  178.9    nan    nan  1.039   78.6  3.789  5.499   61.2   76.3
T  -91.0  -39.5  117.6 -174.7  -43.6 -165.1  1.097   72.1  3.818  4.956   35.2   58.4
K  -91.2  -56.2  112.9 -178.9 -165.2    nan  1.073   70.4  3.781  5.115   38.9   61.5
H  -81.0  -30.7  114.5 -177.0  -45.5    nan  1.072   85.7  3.819  5.012   36.4   56.4
K   62.3   67.8  111.2 -179.9  -99.4    nan  1.053   83.1  3.838  5.472 -151.3 -149.5
I -108.2  111.3  111.1 -177.3  -51.5 -177.3  1.014  115.6  3.789  6.047  141.2  141.7
P  -65.6  150.6  112.5  179.6   22.9    nan  0.994   79.1  3.842  5.875 -127.9 -138.7
I  -54.9  -30.8  111.9  180.0  -68.1  165.5  1.058  109.7  3.820  5.604  -82.6  -87.3
K  -56.5  -39.9  109.4  179.2  176.6    nan  1.004  104.2  3.833  5.527   87.0   97.5
Y  -70.3  -30.2  112.8  179.7  -71.9    nan  1.092   96.2  3.845  5.369   55.9   77.4
L  -71.6  -30.1  106.1  178.2  -65.5    nan  1.025   98.1  3.805  5.489   70.4   82.8
E  -67.3  -42.2  109.5  176.2  -74.4    nan  1.044   94.6  3.815  5.574   70.3   85.4
F  -61.3  -44.3  111.3  178.6  -61.8    nan  1.044   97.0  3.834  5.443   70.6   82.3
I  -69.1  -30.9  111.4  179.3 -164.7   73.0  1.113   97.6  3.824  5.372   55.4   74.7
S  -62.0  -40.3  109.3  178.8  -65.9    nan  1.012   99.7  3.842  5.658   85.7   92.2
E  -63.7  -42.0  109.3  178.3  172.8    nan  0.998   97.5  3.833  5.264   68.7   80.6
A  -64.0  -40.3  111.3  178.3    nan    nan  1.041   97.1  3.826  5.290   63.1   79.5
I  -64.1  -45.5  109.6  179.9  -69.6  169.4  1.032   95.2  3.821  5.369   68.5   82.6
I  -62.9  -40.3  112.4 -179.9  -72.4  165.0  1.105   97.3  3.788  5.259   59.0   79.2
H  -63.9  -43.9  111.5  180.0  175.5    nan  1.020   95.1  3.837  5.483   72.8   83.4
V  -69.1  -40.5  111.6 -178.9  170.2  -67.8  1.103   92.8  3.809  5.205   54.4   76.1
L  -66.6  -37.7  109.1  178.8  -61.1    nan  1.032   97.5  3.832  5.535   67.7   79.1
H  -62.7  -41.6  110.3  179.7  179.4    nan  1.044   97.9  3.801  5.388   72.2   85.7
S  -71.8  -44.5  114.6 -179.4  -45.2    nan  1.065   86.9  3.823  5.334   58.9   75.9
R  -86.1  -22.2  118.1 -177.4  -65.2    nan  1.110   83.5  3.816  5.039   40.9   63.5
H -132.8   53.1  113.5 -175.9  -55.2    nan  1.044   79.9  3.827  4.914   18.3   36.7
P  -55.4  -34.3  115.5 -179.2   27.9    nan  1.049  105.6  3.817  6.104  174.2  178.8
G  -72.8  -23.8  114.6 -179.3    nan    nan    nan   96.3  3.794    nan    nan   82.9
N -112.2   12.9  110.5 -179.5  -70.0    nan  1.021   72.7  3.800    nan    nan   52.7
F -138.8   55.0  110.7 -178.5 -153.3    nan  1.047   76.0  3.778  5.226   37.9   60.0
G  -75.1 -171.5  107.2  177.3    nan    nan    nan   72.8  3.802    nan    nan  157.2
A  -57.2  -47.2  114.6 -177.7    nan    nan  1.115   96.4  3.811    nan    nan  -41.1
D  -61.9  -41.8  111.8 -179.9  -66.1    nan  1.068   97.6  3.813  5.378   66.2   79.8
A  -66.6  -37.3  111.3 -179.7    nan    nan  1.058   96.5  3.800  5.363   64.5   79.9
Q  -68.3  -38.7  109.1 -179.8  179.1    nan  1.042   95.6  3.810  5.434   66.7   81.4
G  -62.3  -42.3  109.2  178.6    nan    nan    nan   98.5  3.782    nan    nan   84.2
A  -65.4  -41.5  111.8  179.4    nan    nan  1.075   95.0  3.811    nan    nan   79.2
M  -65.5  -40.4  110.3  178.7 -174.8    nan  1.040   96.4  3.844  5.420   66.8   79.4
N  -61.7  -42.7  111.0  179.0  177.7    nan  1.040   97.7  3.788  5.402   72.1   84.2
K  -64.2  -38.7  110.5  179.8 -161.1    nan  1.022   98.2  3.808  5.220   67.9   80.0
A  -66.4  -43.0  110.2  179.9    nan    nan  1.045   94.4  3.837  5.383   64.7   81.7
L  -71.8  -31.4  111.6  179.9  -67.4    nan  1.073   94.9  3.809  5.245   55.0   73.1
E  -66.7  -41.0  108.5  176.7  -74.6    nan  1.022   96.1  3.843  5.594   74.5   85.7
L  -60.2  -48.1  108.1  179.1  175.3    nan  0.994   97.5  3.824  5.371   74.6   83.7
F  -53.7  -50.9  110.1  178.0  169.6    nan  1.014   99.1  3.818  5.222   70.5   82.8
R  -62.8  -37.5  113.8  179.4  -62.7    nan  1.094   98.2  3.856  5.244   54.0   74.1
K  -66.5  -45.3  110.1  179.5 -177.4    nan  1.015   93.2  3.822  5.439   72.8   83.0
D  -70.1  -35.2  112.3 -179.9  -72.7    nan  1.110   94.2  3.800  5.175   51.3   72.9
I  -69.2  -39.6  108.7  178.2  -82.1  157.6  1.026   94.8  3.801  5.551   70.0   81.1
A  -60.5  -41.8  110.9  179.6    nan    nan  1.052   99.2  3.812  5.432   72.9   86.0
A  -64.9  -39.8  110.2 -179.4    nan    nan  1.036   97.3  3.812  5.331   67.2   80.9
K  -69.4  -38.5  109.7  179.4  -75.0    nan  1.053   94.5  3.798  5.338   60.6   77.5
Y  -53.4  -46.5  108.6  178.3  -91.2    nan  0.977  103.0  3.824  5.517   86.0   92.2
K  -58.1  -49.2  110.5 -179.4 -168.8    nan  1.029   96.8  3.808  5.161   67.2   82.2
E  -61.6  -31.8  112.4  179.7  -70.9    nan  1.055  103.2  3.798  5.257   61.4   77.0
L  -82.8   -9.2  113.7 -178.5  -65.4    nan  1.090   93.4  3.799  5.246   54.0   75.0
G   93.1   17.1  116.8  177.9    nan    nan    nan   79.4  3.796    nan    nan -104.5
Y -113.8  -54.2  113.4 -179.8  173.5    nan  1.080   57.9  3.787    nan    nan   89.1
Q   38.7   20.4  115.0 -178.3 -126.6    nan  1.119  129.7  3.844  5.540  163.8  167.6
G  -70.2    nan  109.3 -179.6    nan    nan    nan    nan  3.817    nan    nan  132.8
