Id   phi    psi    tau  omega    chi    chi2  solid    eta  CA-CA  CB-CB  BA^AB  NA^AC
P    nan -132.8  108.5    nan   31.4    nan  0.967    nan    nan    nan    nan    nan
Y -111.6  148.2  113.1 -179.6  -54.7    nan  1.041  120.4  3.820  4.907  -73.4  -50.0
T -143.3  123.1  108.0  178.7  -57.5 -178.4  0.987  126.4  3.789  5.632 -171.4 -179.6
V -111.8  122.8  108.2  177.5  -12.9  113.4  1.085  116.4  3.792  5.951 -175.3 -171.3
V -102.7  118.6  105.6  179.4 -174.6  -51.9  0.979  109.6  3.800  5.948 -148.5 -164.0
Y -161.2  169.9  112.2 -177.7 -165.7    nan  1.029  162.4  3.795  5.598  141.2  135.0
F  -74.0  162.2  108.0  178.8  -58.5    nan  0.998   80.1  3.807  5.274  -81.2  -83.4
P  -75.0   57.1  114.5 -179.8   33.9    nan  1.010  118.5  3.836  5.366  -90.5  -89.5
V -142.0  165.1  108.1  179.1  -58.4   65.0  1.007  144.2  3.831  5.764   83.7   92.8
R  -74.7  -56.5  107.7  178.9  -63.0    nan  1.006   84.3  3.808  5.354  -86.1  -89.0
G   34.8 -126.0  117.6  178.6    nan    nan    nan   74.4  3.801    nan    nan  157.7
R  -81.1    7.9  116.5 -179.1  -72.3    nan  1.131  102.4  3.794    nan    nan   -8.0
C -111.1   -9.1  112.7  179.0  -71.3    nan  1.076   65.6  3.810  5.590   65.1   82.6
A  -53.4  -50.8  112.6 -179.6    nan    nan  1.065   97.9  3.808  5.781  110.2  122.3
A  -63.2  -45.5  113.5 -179.5    nan    nan  1.085   93.5  3.810  5.205   57.9   75.6
L  -67.7  -29.3  111.5 -179.6   67.4    nan  1.103   99.5  3.810  5.299   56.2   75.9
R  -71.9  -42.8  109.5  178.1  -75.5    nan  1.026   90.7  3.818  5.557   71.8   83.9
M  -62.3  -38.4  109.6  178.7  -63.6    nan  1.016  100.3  3.817  5.355   69.2   80.5
L  -63.0  -50.7  110.5  179.7 -171.3    nan  1.035   92.7  3.802  5.313   70.8   84.8
L  -61.1  -46.6  111.1  179.9  -72.5    nan  1.045   95.9  3.815  5.234   61.1   75.9
A  -59.7  -52.4  111.4  179.8    nan    nan  1.041   93.4  3.811  5.269   67.8   81.2
D  -62.7  -29.9  113.7 -179.3 -162.2    nan  1.076  102.7  3.809  5.147   57.1   74.4
Q  -87.3    4.6  112.4  179.7  -69.7    nan  1.065   94.4  3.817  5.331   51.4   71.3
G   69.4   31.9  114.2  179.6    nan    nan    nan   95.5  3.795    nan    nan -112.2
Q  -97.9  148.6  111.9 -179.9  -56.9    nan  1.042  108.1  3.805    nan    nan  117.4
S -103.1  143.4  107.5  179.5  -43.3    nan  0.970  110.9  3.806  5.628 -127.9 -137.3
W -151.4  158.9  111.2  178.6   71.7    nan  1.068  151.8  3.791  5.600  167.5  170.0
K -104.4  136.4  109.0 -179.8  165.9    nan  1.004  113.4  3.794  5.497 -120.0 -125.5
E -104.4  120.7  109.3  178.8  -71.6    nan  1.014  113.7  3.792  5.807 -146.3 -150.5
E -106.8   98.8  104.7  178.3  -83.2    nan  0.963  106.5  3.797  5.905 -161.1 -171.5
V  -79.8  129.0  113.2 -178.7 -176.8  -54.7  1.081  100.9  3.780  6.080 -161.5 -159.8
V -114.6  121.6  106.4  179.2  174.3  -63.7  0.983  115.9  3.783  5.832 -157.3 -171.6
T  -85.7  163.8  109.9  179.7   65.0  -55.0  1.022   91.3  3.795  5.922 -139.8 -146.2
V  -61.7  -29.3  110.7  179.5   68.9 -167.4  1.043  105.1  3.814  5.313  -73.3  -77.9
E  -68.3  -54.9  109.7  179.6  -43.4    nan  1.002   87.5  3.821  5.485   77.0   88.2
T  -55.7  -40.9  110.8  179.9  -46.8 -167.0  1.033  103.5  3.808  5.170   64.6   76.8
W  -64.3  -43.8  112.3 -179.8 -173.3    nan  1.059   94.3  3.826  5.304   66.9   82.3
Q  -69.3  -11.6  113.6 -180.0  -68.7    nan  1.099  105.8  3.817  5.264   55.9   75.8
E  -66.5  -28.3  108.0  178.2 -177.0    nan  1.019  102.5  3.810  5.740   94.0  105.1
G  100.5  -37.6  122.4  177.2    nan    nan    nan  100.1  3.816    nan    nan -118.3
S  -54.5  -49.7  117.4 -177.9   60.7    nan  1.142   95.2  3.819    nan    nan  100.0
L  -63.9  -48.2  111.7 -179.7 -146.6    nan  1.049   92.6  3.833  5.332   64.8   76.6
K  -53.5  -43.1  110.8  179.8 -171.5    nan  1.022  103.9  3.826  5.319   75.7   85.5
A  -63.5  -30.8  113.0 -179.6    nan    nan  1.070  101.8  3.805  5.222   64.4   81.4
S  -85.1  -10.5  113.2  179.9   60.1    nan  1.075   90.7  3.815  5.326   52.4   72.8
C  -81.3  130.6  109.1  178.9  -69.8    nan  1.011   98.5  3.823  5.646   80.0   92.9
L  -44.5  -50.7  115.5 -179.1 -177.0    nan  1.105  102.7  3.823  5.633  -87.7  -97.6
Y -108.6   13.4  111.5  179.6  -58.3    nan  1.056   76.7  3.825  4.966   11.2   32.1
G   68.2   26.0  114.2  179.7    nan    nan    nan   99.6  3.810    nan    nan -104.8
Q -142.7  164.9  114.0 -179.3  -64.6    nan  1.062  146.3  3.801    nan    nan   67.3
L -113.4  163.2  105.7  177.6  -65.3    nan  0.984  116.8  3.803  5.447 -127.0 -129.7
P  -67.3  157.7  118.5    0.5   34.9    nan  1.035   79.0  3.022  4.754   94.4   81.1
K -124.2  139.6   99.8  176.6  175.3    nan  0.906  121.3  3.778  5.587 -144.8 -153.8
F -132.9  148.2  110.6 -177.6 -175.1    nan  1.013  135.6  3.796  5.724 -173.6 -170.3
Q -133.5  130.0  111.5  179.0  -72.3    nan  1.066  130.2  3.777  5.661 -168.5 -166.4
D -127.3   94.4  101.3  178.3  178.7    nan  0.921  101.6  3.778  5.781 -168.0  174.9
G   70.5 -127.4  104.9 -177.6    nan    nan    nan   89.4  3.784    nan    nan  -20.7
D  -96.9    5.4  112.5  178.9   72.2    nan  1.106   85.2  3.796    nan    nan  -32.0
L  -84.1  118.8  107.5  178.7 -151.9    nan  0.984  102.3  3.819  5.866   95.7  104.2
T -106.6  125.7  108.0  179.6  -60.8  178.3  1.011  114.1  3.805  5.950 -166.2 -170.4
L -122.4  155.5  113.5 -179.0  -95.8    nan  1.040  128.8  3.810  5.847 -172.3 -177.5
Y -132.2  169.3  104.8  176.7  -65.3    nan  0.985  134.0  3.802  5.592 -157.0 -160.8
Q   76.8  111.2  110.1 -179.2  -63.4    nan  1.052   66.7  3.829  4.802   72.5   59.9
S  -51.2  -44.6  114.5 -178.3   58.8    nan  1.095  102.7  3.815  5.899 -111.5 -123.5
N  -69.4  -29.6  113.6  180.0  -68.1    nan  1.102   97.0  3.823  5.305   56.7   75.6
T  -68.0  -40.3  106.2  177.5  -70.7  169.1  0.991   96.8  3.816  5.590   78.3   86.4
I  -62.7  -45.9  108.8  178.8  -59.9  178.5  1.025   96.6  3.809  5.350   68.6   81.5
L  -59.5  -46.9  111.3  178.7  -80.2    nan  1.051   96.8  3.827  5.356   67.0   80.5
R  -65.2  -35.8  112.4 -179.8  -72.7    nan  1.085   97.9  3.813  5.256   58.9   76.3
H  -64.6  -47.7  110.1  179.3  173.0    nan  1.028   93.4  3.794  5.437   74.1   86.0
L  -65.4  -39.2  110.3  179.2  -96.0    nan  1.033   97.1  3.812  5.219   59.2   73.7
G  -64.4  -35.1  111.1  179.5    nan    nan    nan   99.6  3.805    nan    nan   83.1
R  -74.3  -46.9  112.3 -179.8 -160.1    nan  1.044   85.3  3.787    nan    nan   78.3
T  -75.3  -30.9  114.6 -178.9   55.4  -65.0  1.096   90.6  3.823  5.209   46.6   68.5
L  -94.9   -4.1  114.7 -179.9  -91.2    nan  1.094   83.4  3.820  5.224   43.3   64.2
G   77.3   39.7  115.8  179.3    nan    nan    nan   84.2  3.813    nan    nan -113.7
L -118.3   46.9  108.4  179.3  -45.9    nan  0.988   83.1  3.816    nan    nan  102.0
Y -132.4   35.6  113.5 -177.5 -140.4    nan  1.036   67.9  3.821  5.619   85.4   99.3
G   83.6  165.6  112.7 -179.4    nan    nan    nan   78.3  3.819    nan    nan  -69.4
K  -86.2  -18.8  112.2 -179.4   70.8    nan  1.074   86.6  3.802    nan    nan  -97.7
D -153.3 -176.8  111.8  179.4   56.2    nan  1.085  152.0  3.809  4.934   -7.0   13.0
Q  -61.7  -38.6  113.9 -179.2  -69.5    nan  1.095   98.5  3.823  5.128  -54.7  -52.5
Q  -60.6  -47.5  110.1  179.5  177.6    nan  1.042   96.4  3.794  5.436   76.6   87.8
E  -66.0  -37.4  110.4  179.2  -65.0    nan  1.047   97.4  3.810  5.277   59.2   73.5
A  -59.0  -40.5  109.9  179.2    nan    nan  1.030  101.7  3.814  5.422   77.6   89.1
A  -66.2  -39.8  110.4  179.1    nan    nan  1.038   96.1  3.805  5.307   64.5   79.6
L  -68.1  -37.7  111.7  179.8  -58.4    nan  1.067   94.9  3.821  5.326   61.7   79.4
V  -62.0  -43.5  109.0  178.6  174.0  -64.3  1.021   98.2  3.823  5.469   74.4   85.7
D  -62.8  -43.7  110.5  178.5  -80.3    nan  1.025   96.6  3.828  5.343   67.6   79.3
M  -60.5  -39.3  110.8  179.9 -178.3    nan  1.049  100.6  3.804  5.276   68.3   82.8
V  -68.0  -48.8  109.0  178.6  173.0  -65.5  1.024   91.2  3.808  5.409   65.1   78.4
N  -60.3  -41.5  113.3 -179.7 -155.5    nan  1.091   98.3  3.820  5.290   62.7   79.0
D  -63.6  -35.0  109.1  178.9  -73.3    nan  1.028  101.3  3.817  5.409   70.6   81.4
G  -67.1  -44.1  109.1  178.3    nan    nan    nan   94.0  3.790    nan    nan   82.8
V  -60.5  -45.5  109.4  179.1  172.0  -65.5  1.021   97.9  3.806    nan    nan   81.0
E  -58.7  -40.7  112.6 -179.8  174.2    nan  1.077  100.3  3.825  5.275   66.9   83.0
D  -61.8  -47.4  111.0  178.8  -79.9    nan  1.046   95.0  3.822  5.442   71.2   84.1
L  -68.5  -33.3  110.7  179.6 -177.5    nan  1.066   97.2  3.802  5.235   55.0   71.9
R  -63.4  -39.5  110.4  179.1 -172.6    nan  1.055   98.5  3.815  5.516   75.0   89.1
C  -63.1  -39.2  111.0  178.9  -76.3    nan  1.048   98.6  3.828  5.437   70.6   83.5
K  -66.3  -40.6  108.9  179.1  -65.3    nan  1.014   96.5  3.796  5.351   68.8   80.6
Y  -62.2  -48.6  109.3  179.0  169.0    nan  1.015   95.1  3.811  5.336   69.9   82.6
I  -60.8  -41.0  110.9  179.8  -69.0  168.7  1.055   99.5  3.811  5.235   61.7   77.5
S  -61.5  -41.1  109.7  179.4 -176.9    nan  1.027   99.4  3.801  5.393   71.4   83.8
L  -64.0  -53.4  111.3  179.3  170.5    nan  1.035   89.9  3.811  5.348   67.8   81.4
I  -55.4  -48.8  114.7 -179.3  -62.9  174.7  1.083   96.6  3.817  5.184   65.0   80.3
Y  -91.3  -22.0  117.9 -178.2  -64.4    nan  1.127   78.7  3.811  4.975   29.0   53.9
T  -99.1  -49.5  116.6 -178.2  -64.6  174.2  1.147   63.9  3.821  5.301   44.7   70.9
N -155.7   68.0  113.7 -179.7   66.3    nan  1.107   79.2  3.817  4.758  -34.7  -15.5
Y  -60.8  -56.6  112.8 -180.0 -178.6    nan  1.059   89.2  3.795  6.161 -166.9 -175.2
E  -54.8  -54.6  113.3 -178.8  -69.9    nan  1.064   94.1  3.818  5.188   64.6   78.7
A  -68.7  -51.8  115.3 -178.9    nan    nan  1.097   84.9  3.790  5.045   49.0   68.1
G  -85.0   -3.1  121.6 -177.4    nan    nan    nan   93.3  3.806    nan    nan   59.7
K  -55.2  -40.4  115.7 -178.6 -172.1    nan  1.116  101.8  3.823    nan    nan  128.2
D  -68.2  -48.4  114.8 -179.1  -63.1    nan  1.114   87.5  3.821  5.347   63.0   81.7
D  -62.7  -40.6  111.1  179.5  -70.4    nan  1.043   98.1  3.812  5.329   65.4   77.4
Y  -60.3  -45.7  111.6  179.8 -173.8    nan  1.047   96.7  3.813  5.345   72.0   86.0
V  -66.1  -33.6  111.6  179.8  179.4  -59.6  1.079   98.7  3.817  5.297   58.4   76.1
K  -67.4  -38.2  110.5  178.8  -64.3    nan  1.022   95.8  3.838  5.519   74.0   84.9
A  -81.3  -14.2  113.7 -179.7    nan    nan  1.073   92.9  3.816  5.170   49.4   69.3
L  -48.8  -48.9  117.1 -179.2 -115.5    nan  1.130  100.0  3.815  5.754  107.3  123.3
P  -51.9  -41.7  113.6 -179.8  -33.0    nan  0.992  104.6  3.850  5.296   80.6   88.7
G  -66.6  -33.2  111.2  179.7    nan    nan    nan   98.7  3.792    nan    nan   79.7
Q  -74.0  -32.1  112.5  179.4  -63.0    nan  1.044   92.2  3.806    nan    nan   79.8
L  -85.1  -27.0  115.2 -179.4  -62.8    nan  1.100   83.3  3.813  5.236   49.9   72.7
K  -48.6  -44.9  115.8 -179.9  -89.8    nan  1.133  103.8  3.830  5.660   96.0  111.2
P  -52.0  -38.1  114.4  179.9  -35.1    nan  0.999  106.5  3.837  5.363   84.2   91.9
F  -74.9  -32.4  112.8 -179.4  -55.3    nan  1.099   91.1  3.825  5.224   47.3   76.5
E  -66.5  -39.1  106.8  177.3  178.5    nan  0.977   98.1  3.822  5.528   76.1   84.8
T  -64.8  -48.2  110.9  179.3  -55.7 -176.4  1.024   92.5  3.823  5.320   66.9   81.4
L  -56.7  -44.1  109.5  179.4  -73.8    nan  1.017  101.5  3.809  5.260   70.6   81.7
L  -62.4  -45.9  110.8  179.8 -127.2    nan  1.032   95.5  3.802  5.232   65.3   80.0
S  -62.5  -25.1  113.9 -179.8   69.3    nan  1.097  105.4  3.821  5.300   60.6   80.0
Q  -89.5   -4.7  113.5  179.4  -62.8    nan  1.068   88.6  3.820  5.383   55.1   73.7
N -115.8   96.6  110.2  179.8 -177.8    nan  1.041  111.1  3.807  5.357   46.2   65.9
Q   47.8   39.3  113.5 -179.9  -64.5    nan  1.070  109.5  3.830  5.187  -24.0  -47.0
G   61.7   25.2  116.2  179.4    nan    nan    nan  105.3  3.802    nan    nan  -88.4
G   70.2   22.4  114.3  179.8    nan    nan    nan   99.5  3.800    nan    nan  -92.9
K  -83.2  -22.2  113.9 -179.1  -61.6    nan  1.083   87.6  3.810    nan    nan  124.1
T -113.6 -115.4  115.3 -179.3   51.6  -69.6  1.120   79.6  3.823  5.189   28.9   54.2
F -109.0  177.4  112.6 -178.6  -54.6    nan  1.073  110.0  3.829  4.662  -47.5  -26.3
I  -63.6  -32.7  113.3 -178.0 -164.6   72.1  1.126  100.5  3.812  5.288  -66.1  -60.8
V -140.7  123.6  109.1  179.0  171.7  -66.5  1.011  126.9  3.829  5.050   -0.8   13.2
G   72.9 -161.0  114.7  179.5    nan    nan    nan   81.5  3.801    nan    nan    2.4
D -114.2   15.8  113.6 -179.4   61.8    nan  1.092   72.9  3.804    nan    nan  -82.8
Q -134.3  145.1  106.8  179.0   56.9    nan  1.003  133.7  3.817  5.475   51.2   63.7
I  -65.9  145.5  112.3 -178.9 -158.0   78.9  1.082   81.9  3.818  5.655  -98.0 -101.3
S -130.0  172.3  108.5  180.0   70.3    nan  1.003  132.1  3.819  5.725 -158.7 -166.8
F  -64.1  -26.0  111.6  179.8   68.4    nan  1.089  104.3  3.809  5.298  -73.1  -69.0
A  -65.8  -32.0  110.1  179.3    nan    nan  1.038  100.4  3.815  5.591   81.1   93.6
D  -61.4  -48.1  111.0  179.2  -79.0    nan  1.037   94.8  3.810  5.490   78.7   92.1
Y  -62.7  -40.6  111.1 -179.9  -62.8    nan  1.052   98.1  3.813  5.257   62.4   77.2
N  -69.3  -40.4  111.0 -179.5 -159.9    nan  1.060   93.0  3.797  5.296   61.5   78.2
L  -67.5  -43.1  108.6  179.6  173.6    nan  1.021   94.5  3.814  5.387   65.4   78.7
L  -56.4  -48.1  110.1  179.4 -178.2    nan  1.027   99.0  3.819  5.382   74.5   86.1
D  -59.0  -46.8  110.2  179.1  175.9    nan  1.035   97.8  3.803  5.289   67.0   79.3
L  -56.7  -44.1  110.7  179.8 -172.4    nan  1.044  100.9  3.805  5.309   70.7   83.4
L  -65.3  -45.3  112.2 -180.0  -61.4    nan  1.067   92.8  3.822  5.298   61.7   78.5
L  -59.7  -44.6  113.4  179.5  -65.5    nan  1.079   96.8  3.820  5.339   67.3   82.7
I  -69.6  -22.6  112.2 -179.6   64.6  -58.9  1.109  100.7  3.817  5.356   55.8   75.2
H  -80.9  -27.6  110.4  178.3  -84.1    nan  1.073   88.9  3.808  5.549   66.2   82.2
E  -65.3  -35.9  106.5  177.0  -97.5    nan  0.974  100.8  3.807  5.584   82.5   89.8
V  -72.9  -40.6  110.0  179.2  177.0  -60.7  1.031   90.6  3.805  5.310   60.2   76.6
L  -68.8  -51.8  112.4 -179.9  178.7    nan  1.048   86.8  3.819  5.306   63.2   78.4
A -127.9   85.0  108.5 -179.5    nan    nan  1.004  101.3  3.807  4.736   -8.3   10.0
P  -51.9  128.0  112.3 -180.0  -32.7    nan  0.974   81.7  3.839  5.986 -140.1 -149.6
G   84.6    4.7  115.3  179.9    nan    nan    nan   93.4  3.788    nan    nan   16.6
C  -60.8  -22.0  112.4  179.7   65.0    nan  1.068  109.2  3.819    nan    nan  127.7
L  -89.4   -1.6  114.6  179.5  -93.9    nan  1.077   89.9  3.830  5.405   56.8   76.5
D  -58.3  -41.0  112.5 -179.9  -73.3    nan  1.056  100.6  3.831  5.874  113.7  124.5
A  -73.5   -4.7  114.1 -179.9    nan    nan  1.074  104.6  3.809  5.216   56.5   74.5
F -123.3   86.7  112.4 -178.6  -56.0    nan  1.057  106.7  3.820  5.251   39.2   60.1
P  -52.6  -40.0  116.9 -179.8   23.1    nan  1.050  103.5  3.844  5.996 -140.1 -149.3
L  -71.8  -42.0  112.6  179.9  -91.2    nan  1.077   89.3  3.819  5.306   53.3   77.6
L  -65.1  -41.2  109.9  179.0  -73.6    nan  1.043   96.5  3.813  5.387   66.2   79.6
S  -61.3  -46.8  111.4  179.3  -64.4    nan  1.044   95.4  3.824  5.383   70.8   83.8
A  -65.2  -39.4  109.4  179.5    nan    nan  1.019   97.6  3.800  5.243   62.2   75.1
Y  -58.7  -48.8  109.9  179.7  172.8    nan  1.022   97.1  3.816  5.319   73.9   87.6
V  -61.1  -47.4  111.1  179.1  169.4  -69.2  1.048   95.5  3.821  5.294   61.4   76.8
G  -63.0  -41.0  112.3  180.0    nan    nan    nan   96.9  3.807    nan    nan   77.8
R  -64.1  -49.1  112.2 -179.5 -169.4    nan  1.044   91.7  3.798    nan    nan   82.9
L  -67.9  -40.2  112.1 -179.9  -69.9    nan  1.080   93.6  3.819  5.229   53.0   72.0
S  -63.1  -16.7  111.7  178.9  -62.9    nan  1.024  109.8  3.825  5.412   73.1   83.2
A  -88.6  -10.6  114.3 -179.0    nan    nan  1.091   87.1  3.817  5.369   60.5   83.1
R  -59.5  128.3  107.2  179.4  -62.5    nan  1.010   83.5  3.814  5.786  104.0  113.5
P  -34.7  -68.9  117.6 -179.3  -36.1    nan  1.046   92.9  3.873  5.491  -77.1  -90.9
K  -63.2  -36.7  114.0 -179.4  -60.9    nan  1.089   98.3  3.828  4.995   36.6   61.2
L  -69.7  -40.6  111.5  179.8 -133.1    nan  1.038   92.3  3.818  5.402   67.9   81.5
K  -62.3  -44.4  110.2  179.8 -177.3    nan  1.028   96.8  3.811  5.333   71.3   83.9
A  -61.5  -45.7  109.9  179.0    nan    nan  1.023   96.8  3.813  5.267   67.4   80.2
F  -63.7  -44.7  113.0  179.6  176.4    nan  1.075   93.9  3.818  5.264   60.6   78.1
L  -64.7  -21.6  113.2 -179.5  -67.9    nan  1.078  105.4  3.815  5.323   63.6   79.7
A  -94.0  -13.7  113.4 -179.7    nan    nan  1.072   80.7  3.805  5.334   52.6   73.0
S  -70.7  156.7  114.8 -178.7   75.5    nan  1.078   81.5  3.833  5.629   86.0  103.3
P  -63.5  -32.2  109.9  179.9  -26.6    nan  0.933  102.4  3.858  5.235  -74.6  -89.2
E  -52.7  -40.0  110.9  179.7 -165.3    nan  0.995  106.4  3.815  5.312   81.7  100.0
Y  -94.4  -57.2  111.3  179.8  175.0    nan  1.038   69.7  3.809  5.025   31.5   54.0
V  -54.4  -41.0  117.2 -178.1  175.1  -62.9  1.126  101.2  3.816  5.151   60.1   79.4
N  -84.1    8.8  117.2 -177.9  -64.9    nan  1.158   99.9  3.819  5.179   43.1   68.7
L -103.4  133.6  107.5  178.6 -120.4    nan  0.969  111.9  3.802  5.718   81.4   88.4
P  -70.4  151.6  108.7  179.5   30.9    nan  0.933   81.3  3.824  5.666 -111.2 -119.0
I  -64.8  -50.5  111.3 -179.4  -65.6  173.3  1.062   91.0  3.818  5.710  -96.4  -93.4
N -118.1  162.7  113.5 -179.2  -53.7    nan  1.070  123.7  3.805  4.803    1.0   22.5
G  -72.2   -9.6  117.5 -179.1    nan    nan    nan  103.2  3.795    nan    nan  -87.3
N -110.1   13.2  114.1 -179.9   67.8    nan  1.112   75.7  3.809    nan    nan   69.3
G   72.9    4.4  116.1  179.2    nan    nan    nan  105.2  3.799    nan    nan -102.2
K  -97.6  150.3  109.0  178.8  -63.8    nan  1.037  106.0  3.803    nan    nan   91.2
Q -165.4    nan  111.5 -179.0   51.0    nan  1.029    nan  3.817  5.535  170.1  161.4
