Id   phi    psi    tau  omega    chi    chi2  solid    eta  CA-CA  CB-CB  BA^AB  NA^AC
P    nan -132.7  108.2    nan   31.3    nan  0.963    nan    nan    nan    nan    nan
Y -111.7  148.4  113.0 -179.5  -54.2    nan  1.042  120.4  3.821  4.917  -73.6  -50.0
T -143.4  123.3  108.0  178.7  -57.6 -178.2  0.989  126.5  3.783  5.628 -171.2 -179.4
V -111.9  123.1  108.1  177.3  -12.6  113.5  1.087  116.4  3.796  5.952 -175.3 -171.4
V -103.1  118.6  105.4  179.4 -174.7  -51.8  0.976  109.6  3.797  5.951 -148.3 -164.2
Y -160.9  169.8  112.3 -177.8 -165.1    nan  1.028  162.2  3.797  5.604  141.4  135.3
F  -73.7  162.3  108.0  178.7  -58.8    nan  0.997   79.8  3.804  5.266  -81.1  -83.4
P  -75.0   57.1  114.7 -180.0   33.9    nan  1.009  118.7  3.837  5.368  -90.6  -89.4
V -142.1  165.1  108.0  179.1  -58.2   65.1  1.006  144.2  3.833  5.770   83.6   92.8
R  -74.6  -56.1  108.0  178.9  -62.9    nan  1.007   84.3  3.807  5.353  -86.0  -88.8
G   34.7 -125.9  117.6  178.6    nan    nan    nan   74.4  3.802    nan    nan  158.0
R  -81.2    7.9  116.5 -179.2  -72.6    nan  1.130  102.3  3.791    nan    nan   -7.9
C -111.2   -8.8  112.7  179.1  -71.4    nan  1.075   65.6  3.814  5.595   65.2   82.5
A  -53.6  -50.9  112.7 -179.5    nan    nan  1.068   97.7  3.801  5.786  110.1  122.5
A  -63.0  -45.8  113.5 -179.5    nan    nan  1.083   93.6  3.806  5.203   58.3   75.6
L  -67.6  -29.4  111.6 -179.8   67.5    nan  1.103   99.5  3.811  5.296   56.1   75.7
R  -71.9  -42.8  109.5  177.9  -75.1    nan  1.025   90.8  3.819  5.560   71.8   83.7
M  -62.4  -38.2  109.5  178.9  -63.7    nan  1.013  100.4  3.818  5.355   69.4   80.5
L  -63.2  -50.5  110.5  179.8 -171.7    nan  1.036   92.6  3.802  5.312   70.6   84.9
L  -61.1  -46.4  111.1  179.7  -72.2    nan  1.045   96.0  3.816  5.246   61.2   75.9
A  -60.0  -52.1  111.4  179.9    nan    nan  1.042   93.3  3.811  5.277   67.7   81.1
D  -62.6  -29.8  113.8 -179.4 -162.2    nan  1.079  102.7  3.805  5.160   57.3   74.6
Q  -87.4    4.5  112.4  179.7  -69.7    nan  1.067   94.3  3.818  5.329   51.7   71.3
G   69.5   31.8  114.2  179.5    nan    nan    nan   95.5  3.793    nan    nan -112.2
Q  -98.1  148.5  111.9 -179.9  -57.0    nan  1.040  108.2  3.806    nan    nan  117.3
S -102.7  143.6  107.5  179.3  -43.3    nan  0.969  110.6  3.802  5.625 -127.7 -137.1
W -151.4  159.1  111.1  178.4   71.6    nan  1.067  151.8  3.790  5.596  167.4  170.2
K -104.5  136.4  109.1 -179.9  165.8    nan  1.005  113.6  3.797  5.498 -120.2 -125.4
E -104.5  120.7  109.3  179.0  -71.5    nan  1.014  113.7  3.792  5.810 -146.2 -150.4
E -106.8   99.0  104.6  178.2  -83.2    nan  0.962  106.5  3.795  5.905 -161.0 -171.6
V  -79.7  129.1  113.2 -178.8 -176.6  -54.6  1.082  100.8  3.776  6.079 -161.4 -159.7
V -114.6  121.6  106.5  178.9  174.3  -63.6  0.982  116.0  3.788  5.839 -157.2 -171.6
T  -85.5  163.8  109.9  179.7   64.9  -55.0  1.022   91.0  3.794  5.925 -139.7 -146.0
V  -61.8  -29.3  110.7  179.3   68.9 -167.4  1.042  105.0  3.817  5.313  -73.3  -78.0
E  -68.2  -55.0  109.7  179.5  -43.1    nan  1.002   87.5  3.822  5.483   76.9   88.1
T  -55.6  -40.9  110.8 -180.0  -46.8 -167.0  1.033  103.6  3.812  5.171   64.6   76.9
W  -64.3  -44.0  112.3 -179.7 -173.4    nan  1.059   94.3  3.826  5.304   66.9   82.4
Q  -69.2  -11.4  113.6  180.0  -68.7    nan  1.097  105.9  3.817  5.260   55.9   75.7
E  -66.7  -28.3  108.0  178.2 -177.1    nan  1.020  102.4  3.811  5.741   93.8  105.1
G  100.5  -37.5  122.5  177.3    nan    nan    nan  100.2  3.814    nan    nan -118.3
S  -54.7  -49.5  117.2 -177.9   60.6    nan  1.140   95.3  3.819    nan    nan  100.0
L  -64.0  -48.0  111.7 -179.7 -146.6    nan  1.049   92.7  3.832  5.332   64.8   76.7
K  -53.7  -43.0  110.8  179.9 -171.4    nan  1.022  103.7  3.823  5.313   75.6   85.4
A  -63.6  -31.0  113.0 -179.6    nan    nan  1.069  101.6  3.806  5.223   64.4   81.5
S  -85.0  -10.5  113.2  179.8   60.0    nan  1.075   90.8  3.815  5.326   52.4   72.8
C  -81.3  130.6  109.2  178.9  -69.6    nan  1.012   98.5  3.827  5.651   80.2   93.0
L  -44.6  -50.7  115.3 -178.9 -177.2    nan  1.106  102.6  3.825  5.639  -87.9  -97.6
Y -108.3   13.2  111.6  179.6  -58.9    nan  1.056   76.9  3.824  4.963   11.4   32.3
G   68.6   25.6  114.1  179.7    nan    nan    nan   99.5  3.808    nan    nan -104.6
Q -142.7  165.0  113.9 -179.3  -64.5    nan  1.058  146.3  3.799    nan    nan   67.0
L -113.3  163.2  105.7  177.6  -65.3    nan  0.983  116.8  3.806  5.444 -126.8 -129.4
P  -67.1  157.7  118.5    0.6   34.9    nan  1.036   78.9  3.020  4.755   94.5   81.1
K -124.2  139.7   99.7  176.4  175.4    nan  0.906  121.2  3.780  5.588 -144.8 -153.8
F -132.8  148.4  110.7 -178.0 -175.0    nan  1.012  135.6  3.794  5.721 -173.5 -170.2
Q -133.6  129.7  111.4  178.9  -72.7    nan  1.065  130.0  3.780  5.657 -168.7 -166.2
D -126.6   94.7  101.4  177.9  178.0    nan  0.925  102.0  3.774  5.782 -168.1  175.3
G   70.1 -127.5  104.7 -177.6    nan    nan    nan   89.0  3.787    nan    nan  -20.7
D  -96.6    5.6  112.4  179.1   72.5    nan  1.105   85.6  3.799    nan    nan  -31.9
L  -84.4  118.5  107.5  178.7 -151.9    nan  0.984  102.4  3.821  5.864   95.7  104.2
T -106.4  125.7  108.1  179.7  -60.8  178.4  1.012  114.0  3.806  5.954 -166.2 -170.5
L -122.8  155.2  113.3 -178.6  -95.7    nan  1.039  129.1  3.811  5.849 -172.5 -177.8
Y -131.9  169.0  104.9  177.0  -66.0    nan  0.984  133.8  3.799  5.587 -156.6 -160.9
Q   76.8  111.5  110.0 -179.4  -63.5    nan  1.048   66.8  3.836  4.805   72.3   59.5
S  -51.5  -44.6  114.5 -178.1   58.7    nan  1.098  102.5  3.816  5.903 -111.8 -123.5
N  -69.3  -29.6  113.6  179.9  -68.5    nan  1.101   97.0  3.821  5.303   56.9   75.6
T  -68.1  -40.0  106.2  177.6  -70.8  168.9  0.990   96.9  3.815  5.586   78.2   86.3
I  -62.8  -46.1  108.7  178.8  -60.0  178.4  1.026   96.4  3.810  5.354   68.5   81.7
L  -59.5  -47.0  111.2  178.9  -80.2    nan  1.049   96.8  3.823  5.352   66.9   80.3
R  -65.2  -35.7  112.4 -179.8  -72.5    nan  1.085   98.0  3.814  5.261   58.9   76.3
H  -64.5  -48.0  110.3  179.1  173.2    nan  1.031   93.2  3.796  5.438   74.2   86.1
L  -65.1  -39.4  110.4  178.7  -95.9    nan  1.032   97.2  3.812  5.219   59.3   73.5
G  -64.3  -35.1  111.2  179.4    nan    nan    nan   99.7  3.808    nan    nan   83.1
R  -74.4  -46.9  112.2 -179.9 -160.1    nan  1.043   85.3  3.784    nan    nan   78.2
T  -75.1  -31.1  114.7 -179.0   55.5  -64.9  1.099   90.7  3.824  5.213   46.6   68.7
L  -94.9   -4.0  114.7 -179.6  -91.2    nan  1.093   83.5  3.819  5.224   43.4   64.2
G   77.4   39.4  116.0  179.4    nan    nan    nan   84.1  3.808    nan    nan -113.5
L -118.2   46.7  108.5  179.4  -45.9    nan  0.989   83.1  3.815    nan    nan  101.9
Y -132.2   35.5  113.7 -177.6 -140.3    nan  1.038   68.0  3.823  5.620   85.3   99.2
G   83.9  165.6  112.6 -179.4    nan    nan    nan   78.6  3.817    nan    nan  -69.3
K  -86.2  -18.9  112.1 -179.6   70.7    nan  1.070   86.6  3.804    nan    nan  -97.8
D -153.3 -176.9  111.8  179.4   55.8    nan  1.083  152.0  3.818  4.940   -7.1   12.9
Q  -61.5  -38.6  114.1 -179.1  -69.4    nan  1.095   98.5  3.818  5.117  -54.7  -52.4
Q  -60.4  -47.7  110.0  179.5  177.6    nan  1.042   96.4  3.793  5.434   76.4   87.9
E  -65.8  -37.7  110.3  179.2  -65.4    nan  1.047   97.6  3.813  5.280   59.2   73.5
A  -58.9  -40.5  109.7  179.2    nan    nan  1.025  101.8  3.817  5.424   77.9   88.9
A  -66.3  -39.7  110.5  179.3    nan    nan  1.037   96.0  3.805  5.303   64.3   79.5
L  -68.2  -37.5  111.5  179.8  -58.5    nan  1.063   95.0  3.819  5.324   61.8   79.3
V  -62.1  -43.1  109.1  178.7  173.8  -64.3  1.024   98.2  3.822  5.468   74.0   85.8
D  -63.1  -43.8  110.2  178.8  -81.6    nan  1.021   96.5  3.823  5.341   67.8   79.4
M  -60.7  -39.1  110.8 -179.9 -178.6    nan  1.046  100.7  3.806  5.275   68.1   82.6
V  -67.8  -48.9  109.1  178.4  173.0  -65.5  1.029   91.2  3.809  5.412   65.1   78.7
N  -60.3  -41.5  113.1 -179.6 -155.5    nan  1.092   98.4  3.817  5.288   62.7   78.9
D  -63.7  -34.8  109.2  179.0  -74.1    nan  1.026  101.3  3.813  5.409   70.8   81.4
G  -67.1  -44.7  109.1  178.3    nan    nan    nan   93.7  3.788    nan    nan   82.9
V  -60.0  -45.6  109.7  178.7  172.2  -65.1  1.024   98.1  3.803    nan    nan   80.9
E  -58.7  -40.7  112.6  180.0  174.5    nan  1.075  100.3  3.824  5.276   67.1   82.9
D  -61.9  -47.2  111.0  179.0  -80.2    nan  1.045   95.1  3.826  5.441   71.1   84.1
L  -68.6  -33.3  110.9  179.4 -177.5    nan  1.069   97.0  3.800  5.237   54.9   71.9
R  -63.4  -39.6  110.3  179.0 -172.8    nan  1.054   98.5  3.816  5.519   75.2   89.0
C  -62.9  -39.2  111.0  178.8  -76.0    nan  1.049   98.7  3.831  5.444   70.7   83.5
K  -66.1  -40.7  108.9  179.0  -65.3    nan  1.017   96.5  3.793  5.345   68.7   80.6
Y  -62.0  -49.0  109.2  179.2  169.6    nan  1.014   95.1  3.809  5.337   70.1   82.8
I  -60.5  -41.1  111.0  179.9  -68.7  168.9  1.058   99.5  3.808  5.229   61.6   77.6
S  -61.5  -41.1  109.6  179.4 -177.1    nan  1.024   99.6  3.800  5.393   71.7   83.7
L  -64.1  -53.6  111.2  179.4  170.6    nan  1.033   89.9  3.814  5.349   67.8   81.4
I  -55.4  -48.4  114.8 -179.2  -62.9  174.7  1.083   96.8  3.816  5.184   64.9   80.2
Y  -91.6  -22.1  117.8 -178.3  -65.0    nan  1.125   78.4  3.812  4.970   29.2   53.9
T  -99.1  -49.3  116.7 -178.2  -64.7  174.2  1.146   63.9  3.827  5.305   44.5   70.8
N -155.8   68.0  113.7 -179.8   66.6    nan  1.107   79.1  3.819  4.757  -34.7  -15.5
Y  -60.7  -56.6  112.8  179.8 -178.4    nan  1.058   89.3  3.794  6.161 -166.9 -175.4
E  -54.8  -54.7  113.2 -178.8  -70.1    nan  1.064   94.0  3.818  5.191   64.6   78.7
A  -68.4  -52.1  115.3 -179.0    nan    nan  1.100   85.0  3.788  5.045   49.0   68.2
G  -84.7   -3.2  121.8 -177.5    nan    nan    nan   93.6  3.802    nan    nan   59.8
K  -55.4  -40.3  115.7 -178.4 -172.1    nan  1.115  101.7  3.822    nan    nan  128.1
D  -68.2  -48.4  114.7 -179.1  -63.9    nan  1.112   87.5  3.815  5.343   63.2   81.9
D  -62.7  -40.7  111.1  179.5  -69.9    nan  1.043   98.0  3.811  5.327   65.3   77.4
Y  -60.3  -45.7  111.6  179.8 -173.7    nan  1.048   96.8  3.806  5.340   72.0   85.9
V  -66.1  -33.5  111.6  179.9  179.2  -59.8  1.080   98.7  3.815  5.295   58.4   76.3
K  -67.5  -38.2  110.5  179.0  -64.2    nan  1.022   95.8  3.835  5.515   73.9   85.0
A  -81.3  -14.1  113.6 -179.6    nan    nan  1.073   92.9  3.816  5.174   49.3   69.4
L  -48.8  -48.9  117.2 -179.2 -115.4    nan  1.131  100.0  3.813  5.752  107.5  123.4
P  -52.0  -41.9  113.5 -179.7  -33.1    nan  0.989  104.4  3.850  5.292   80.7   88.7
G  -66.1  -33.2  111.4  179.6    nan    nan    nan   99.0  3.792    nan    nan   80.0
Q  -74.2  -31.8  112.7  179.4  -62.6    nan  1.045   92.1  3.803    nan    nan   79.7
L  -85.0  -27.3  115.2 -179.3  -62.9    nan  1.102   83.2  3.813  5.238   50.2   73.0
K  -48.5  -44.8  115.9 -179.8  -90.0    nan  1.133  103.8  3.828  5.656   95.8  111.1
P  -52.1  -37.9  114.3  179.9  -35.2    nan  0.996  106.6  3.838  5.365   84.2   91.9
F  -75.2  -32.2  112.8 -179.2  -55.4    nan  1.098   90.9  3.825  5.226   47.2   76.5
E  -66.8  -39.2  106.6  177.3  178.5    nan  0.974   98.0  3.818  5.527   76.2   84.7
T  -64.6  -48.2  111.1  179.3  -55.7 -176.4  1.027   92.4  3.824  5.321   66.7   81.5
L  -56.5  -44.3  109.6  179.0  -73.6    nan  1.017  101.5  3.812  5.267   70.8   81.6
L  -62.4  -45.7  110.8  179.6 -127.4    nan  1.030   95.7  3.806  5.230   65.4   79.9
S  -62.7  -25.3  113.9 -179.7   68.9    nan  1.098  105.1  3.826  5.308   60.5   80.1
Q  -89.4   -4.8  113.5  179.6  -62.7    nan  1.068   88.7  3.819  5.379   55.2   73.8
N -115.6   96.6  110.3  179.7 -178.7    nan  1.045  111.2  3.806  5.355   45.8   65.9
Q   47.8   39.3  113.3  180.0  -64.6    nan  1.069  109.5  3.831  5.191  -23.7  -47.1
G   61.8   25.1  116.1  179.4    nan    nan    nan  105.2  3.800    nan    nan  -88.1
G   70.2   22.4  114.4  179.9    nan    nan    nan   99.5  3.799    nan    nan  -92.9
K  -83.4  -22.0  113.9 -179.2  -61.6    nan  1.079   87.5  3.806    nan    nan  123.9
T -113.7 -115.5  115.2 -179.2   51.8  -69.7  1.122   79.7  3.825  5.189   28.7   54.4
F -109.2  177.4  112.3 -178.5  -54.8    nan  1.069  110.2  3.829  4.665  -47.4  -26.6
I  -63.4  -32.7  113.4 -177.9 -164.6   72.1  1.125  100.7  3.812  5.288  -66.1  -60.6
V -140.7  123.6  109.2  179.2  171.9  -66.6  1.013  127.0  3.830  5.048   -0.9   13.3
G   72.7 -161.0  114.6  179.6    nan    nan    nan   81.3  3.801    nan    nan    2.2
D -114.2   16.2  113.7 -179.3   61.3    nan  1.091   73.0  3.804    nan    nan  -82.8
Q -134.7  144.8  106.6  179.1   56.7    nan  0.999  133.8  3.816  5.474   51.4   63.7
I  -65.6  145.6  112.4 -179.2 -157.9   79.0  1.082   81.6  3.818  5.653  -98.0 -101.4
S -130.3  172.4  108.3 -179.9   69.9    nan  1.003  132.2  3.820  5.721 -158.7 -167.0
F  -64.4  -26.0  111.5  179.8   68.2    nan  1.089  104.1  3.808  5.299  -73.2  -69.1
A  -65.9  -31.9  110.2  179.3    nan    nan  1.040  100.4  3.814  5.590   81.1   93.6
D  -61.3  -48.3  111.2  178.9  -78.9    nan  1.039   94.7  3.808  5.489   78.8   92.1
Y  -62.6  -40.3  111.2 -179.9  -62.9    nan  1.053   98.2  3.812  5.254   62.2   77.1
N  -69.5  -40.7  111.1 -179.5 -159.8    nan  1.061   92.7  3.794  5.297   61.4   78.3
L  -67.2  -43.3  108.6  179.7  173.6    nan  1.020   94.6  3.815  5.384   65.6   78.8
L  -56.2  -48.5  110.1  179.2 -178.0    nan  1.028   98.9  3.821  5.381   74.5   86.0
D  -58.8  -47.0  110.3  179.0  175.6    nan  1.037   97.8  3.802  5.294   67.0   79.2
L  -56.7  -44.1  110.5  179.8 -172.8    nan  1.042  101.0  3.805  5.306   71.0   83.2
L  -65.2  -45.4  112.1 -180.0  -61.3    nan  1.068   92.9  3.825  5.308   61.8   78.6
L  -59.7  -44.5  113.5  179.7  -65.7    nan  1.080   96.8  3.820  5.343   67.3   82.8
I  -69.7  -22.6  112.1 -179.6   64.3  -59.2  1.106  100.6  3.814  5.356   56.0   75.2
H  -80.9  -27.2  110.3  178.3  -84.0    nan  1.072   89.0  3.808  5.546   66.2   82.1
E  -65.8  -35.4  106.4  177.3  -97.7    nan  0.973  100.6  3.807  5.584   82.4   89.8
V  -73.4  -40.4  109.9  179.3  176.7  -60.9  1.029   90.4  3.802  5.312   60.3   76.7
L  -69.0  -51.7  112.3 -179.7  178.6    nan  1.049   86.8  3.820  5.306   63.0   78.4
A -127.8   84.8  108.6 -179.6    nan    nan  1.005  101.3  3.809  4.746   -8.2   10.1
P  -51.7  128.1  112.3 -179.9  -32.6    nan  0.973   81.5  3.843  5.992 -140.2 -149.5
G   84.8    4.6  115.3  179.8    nan    nan    nan   93.2  3.787    nan    nan   16.7
C  -60.8  -22.2  112.5  179.7   64.6    nan  1.070  109.0  3.817    nan    nan  127.6
L  -89.0   -1.6  114.6  179.4  -93.8    nan  1.079   90.3  3.831  5.411   57.0   76.7
D  -58.7  -40.6  112.3 -179.6  -73.3    nan  1.053  100.6  3.831  5.873  113.7  124.3
A  -73.7   -4.4  114.3 -180.0    nan    nan  1.074  104.5  3.805  5.212   56.5   74.6
F -123.6   86.5  112.5 -178.7  -56.1    nan  1.057  106.6  3.819  5.248   39.1   59.9
P  -52.6  -40.0  116.8 -179.6   22.8    nan  1.050  103.6  3.845  5.998 -140.1 -149.3
L  -71.6  -42.1  112.5  179.9  -91.2    nan  1.078   89.5  3.821  5.308   53.3   77.8
L  -65.3  -41.2  110.0  179.1  -73.5    nan  1.044   96.3  3.812  5.389   65.9   79.5
S  -61.3  -46.8  111.4  179.3  -64.4    nan  1.043   95.5  3.823  5.384   71.0   83.8
A  -65.3  -39.1  109.3  179.5    nan    nan  1.018   97.7  3.805  5.249   62.2   75.0
Y  -58.8  -48.9  109.9  179.8  172.7    nan  1.020   97.0  3.818  5.325   74.1   87.8
V  -60.9  -47.4  111.1  179.0  169.2  -69.3  1.050   95.6  3.822  5.288   61.3   76.8
G  -62.9  -41.4  112.2  179.8    nan    nan    nan   96.9  3.809    nan    nan   77.7
R  -63.6  -49.1  112.4 -179.6 -169.0    nan  1.048   91.9  3.797    nan    nan   83.0
L  -68.1  -39.9  112.1 -179.9  -70.2    nan  1.077   93.6  3.819  5.227   53.2   71.9
S  -63.2  -16.9  111.5  179.0  -62.9    nan  1.024  109.6  3.821  5.412   73.0   83.4
A  -88.6  -10.3  114.4 -179.0    nan    nan  1.090   87.2  3.817  5.372   60.5   83.1
R  -59.6  128.2  107.2  179.4  -62.7    nan  1.009   83.5  3.812  5.782  104.2  113.6
P  -34.6  -68.8  117.7 -179.4  -36.1    nan  1.048   92.9  3.874  5.491  -77.3  -90.9
K  -63.3  -36.5  114.0 -179.4  -61.0    nan  1.088   98.4  3.828  4.995   36.7   61.2
L  -69.9  -40.6  111.4  179.9 -133.2    nan  1.037   92.2  3.818  5.402   67.8   81.4
K  -62.1  -44.5  110.2  179.8 -177.3    nan  1.030   96.9  3.810  5.332   71.2   84.0
A  -61.6  -45.6  109.9  179.2    nan    nan  1.025   96.8  3.812  5.267   67.3   80.2
F  -63.8  -44.8  112.9  179.7  176.2    nan  1.074   93.8  3.818  5.268   60.6   78.1
L  -64.5  -21.9  113.1 -179.5  -67.9    nan  1.078  105.5  3.818  5.325   63.7   79.8
A  -93.9  -13.8  113.5 -179.7    nan    nan  1.073   80.7  3.804  5.332   52.3   72.9
S  -70.6  156.9  114.6 -178.7   75.1    nan  1.075   81.3  3.834  5.633   86.2  103.3
P  -63.7  -31.8  110.2  179.7  -26.5    nan  0.931  102.3  3.860  5.235  -74.8  -89.2
E  -52.8  -40.0  111.0  179.6 -165.4    nan  0.998  106.2  3.810  5.303   81.4  100.2
Y  -94.4  -57.4  111.4  179.7  174.9    nan  1.037   69.7  3.809  5.026   31.5   53.9
V  -54.1  -41.2  117.1 -178.3  174.9  -63.0  1.126  101.5  3.819  5.153   60.1   79.4
N  -84.1    8.9  117.2 -177.7  -65.0    nan  1.158   99.9  3.816  5.177   43.1   68.7
L -103.5  133.4  107.7  178.6 -120.2    nan  0.970  112.0  3.801  5.713   81.4   88.4
P  -70.2  151.8  108.7  179.5   30.7    nan  0.934   81.0  3.821  5.662 -111.0 -118.9
I  -65.0  -50.5  111.2 -179.4  -65.6  173.2  1.061   90.9  3.822  5.708  -96.4  -93.5
N -118.2  162.7  113.5 -179.3  -53.1    nan  1.074  123.7  3.804  4.799    0.6   22.5
G  -72.4   -9.3  117.5 -179.2    nan    nan    nan  103.1  3.792    nan    nan  -87.5
N -110.2   13.0  113.8 -179.8   67.3    nan  1.107   75.4  3.809    nan    nan   69.5
G   72.8    4.5  116.2  179.3    nan    nan    nan  105.2  3.801    nan    nan -102.2
K  -97.5  150.2  108.9  178.9  -63.9    nan  1.034  105.9  3.802    nan    nan   91.3
Q -165.5    nan  111.3 -179.3   50.6    nan  1.022    nan  3.813  5.531  170.1  161.1
