Id   phi    psi    tau  omega    chi    chi2  solid    eta  CA-CA  CB-CB  BA^AB  NA^AC
M    nan  169.2  111.5    nan   55.5    nan  1.094    nan    nan    nan    nan    nan
I -109.1  153.7  109.8 -178.5 -120.1  109.3  1.023  115.8  3.798  5.336 -114.4 -117.4
E  -92.0  131.7  109.8 -179.9 -141.8    nan  1.034  106.0  3.819  5.696 -117.8 -117.6
I -103.4  125.7  110.6 -179.3  -63.3  174.5  1.045  114.4  3.787  5.836 -149.7 -152.4
K  -88.1  -42.3  112.5  179.6  -91.0    nan  1.089   76.5  3.826  5.951 -141.2 -144.5
D  -86.8   88.6  109.6  179.9 -102.2    nan  0.987  109.6  3.819  5.192   47.5   59.2
K  -73.0   80.2  111.2 -179.9  -60.2    nan  1.102  113.0  3.780  6.083 -171.0 -165.1
Q  -62.1  -18.5  118.4 -178.9  -60.1    nan  1.071  108.1  3.825  6.168 -150.4 -163.1
L -108.2   13.1  115.1 -177.1  -55.9    nan  1.113   77.7  3.796  5.117   40.2   66.7
T  -45.9  135.1  111.1  179.7  -54.3 -173.7  1.047   71.9  3.801  6.080  146.2  148.8
G   86.6  -21.4  118.2  179.0    nan    nan    nan  103.1  3.788    nan    nan   25.0
L  -77.1  163.3  110.2  178.8  -70.0    nan  1.068   83.3  3.818    nan    nan   88.2
R -127.3  147.6  113.3 -178.4  -57.9    nan  1.015  132.8  3.857  5.572 -137.0 -141.1
F -144.6  168.3  114.8  179.8   70.3    nan  1.082  147.9  3.843  5.616 -179.9 -178.3
I -123.1  144.4  109.5  175.6   76.9  -49.7  1.102  127.3  3.822  5.565 -142.4 -133.5
D -105.8   94.3  109.3 -177.6 -153.1    nan  0.976  109.7  3.855  5.693 -128.0 -142.1
L  -95.2  141.2  110.4  179.7  -64.0    nan  1.055  106.7  3.842  6.121  174.5  177.3
F   56.2   59.3  103.2 -176.3  -53.9    nan  0.972   97.0  3.862  4.973   36.1   10.3
A  -58.8  -50.8  120.4 -175.5    nan    nan  1.220   89.5  3.829  6.225  168.2 -172.3
G   64.0 -123.1  106.9 -179.1    nan    nan    nan   88.8  3.789    nan    nan -163.3
L  -83.3  -15.8  116.4 -179.6  -66.7    nan  1.083   89.5  3.839    nan    nan  -12.4
G   95.2   26.5  112.2 -178.3    nan    nan    nan   75.5  3.834    nan    nan -104.3
G  -62.3  -39.2  113.0  179.9    nan    nan    nan   98.2  3.809    nan    nan  147.0
F  -66.7  -24.4  109.7  178.4  -94.2    nan  1.027  103.4  3.806    nan    nan   80.2
R  -83.3  -37.4  114.6  179.9 -162.6    nan  1.102   80.9  3.855  5.464   57.6   80.0
L  -65.4  -46.0  106.5  178.2  -77.1    nan  0.992   95.9  3.830  5.487   75.2   82.5
A  -59.1  -49.8  114.0  179.4    nan    nan  1.076   93.7  3.828  5.268   65.1   81.1
L  -69.5  -28.6  116.6 -179.1  -80.6    nan  1.142   96.1  3.834  5.187   49.7   72.2
E  -77.3  -33.1  111.8  178.0  -73.3    nan  1.051   89.2  3.881  5.590   68.7   80.5
S  -59.1  -17.5  110.1  178.3   66.4    nan  1.043  113.7  3.815  5.475   81.4   92.8
C -100.1   -2.6  114.6  178.2  -59.2    nan  1.069   78.9  3.855  5.418   47.2   69.1
G  108.1   -6.7  121.6  177.8    nan    nan    nan   75.5  3.867    nan    nan  -85.5
A  -74.0  160.7  114.6 -178.9    nan    nan  1.088   82.7  3.835    nan    nan  106.8
E -115.5  135.2  111.6 -178.7 -178.9    nan  1.038  122.7  3.856  5.565 -131.1 -133.3
C  -92.0  125.9  110.9  179.8  177.3    nan  1.040  108.0  3.828  5.825 -133.6 -139.6
V -120.7   16.4  117.4 -179.7  -53.4   70.1  1.138   67.8  3.831  5.910 -177.5 -173.9
Y  178.5  132.9  111.5  179.6  179.3    nan  1.020  132.4  3.859  5.099   12.7   12.7
S -134.9  151.2  108.5  176.9   56.9    nan  1.057  136.6  3.790  5.701  174.0  173.4
N -143.7  135.1  108.1 -178.7 -174.7    nan  0.978  134.5  3.800  5.583 -164.5 -173.6
E -171.8  134.9  106.4 -179.2  160.3    nan  0.995  136.7  3.837  5.595  146.3  136.5
W -102.1   -7.2  120.7 -176.4   77.2    nan  1.175   74.3  3.821  5.869 -151.4 -140.5
D  -81.5  124.0  111.9 -178.7 -177.5    nan  1.075  102.9  3.834  5.679   84.0   98.8
K  -46.4  -55.2  114.2 -179.3 -174.4    nan  1.043   98.6  3.827  5.672  -88.7 -108.5
Y  -65.2  -34.6  117.2 -177.4  -54.0    nan  1.154   96.3  3.795  4.979   46.9   72.8
A  -71.9  -37.1  108.6  178.8    nan    nan  1.025   93.7  3.816  5.476   67.8   80.3
Q  -62.4  -32.3  108.5  177.3  -57.6    nan  1.010  104.0  3.820  5.459   73.2   84.2
E  -67.5  -41.8  111.6  178.7  -84.8    nan  1.077   93.4  3.824  5.465   68.6   85.8
V  -72.4  -40.4  113.5  179.7 -113.9   13.5  1.051   89.1  3.860  5.534   63.1   74.6
Y  -57.7  -48.6  109.0 -179.8 -158.0    nan  0.983   98.5  3.805  5.261   84.0   88.8
E  -64.3  -36.7  111.3 -179.3 -175.6    nan  1.029   98.8  3.829  5.149   58.3   74.9
M  -67.5  -37.1  113.4 -179.9  173.9    nan  1.085   94.8  3.801  5.253   63.1   83.5
N  -91.5  -33.5  113.2  179.5  -67.7    nan  1.045   76.2  3.863  5.321   41.5   60.5
F -106.6  -25.5  116.2 -177.7  -58.0    nan  1.129   63.8  3.837  4.996   26.0   51.5
G   80.9   22.6  119.1  178.6    nan    nan    nan   87.8  3.818    nan    nan -131.5
E -146.6  149.4  105.7  178.9   87.0    nan  1.016  142.6  3.822    nan    nan   56.2
K -106.5  126.9  110.6 -178.0 -158.0    nan  1.023  116.1  3.815  5.690 -133.6 -134.6
P  -70.1  152.1  114.1  179.8  -29.6    nan  0.967   83.0  3.848  5.731 -113.5 -126.4
E  -68.3 -179.5  107.2  177.8  -91.0    nan  0.991   68.2  3.803  5.598  -96.5 -100.2
G -118.9 -175.2  113.1 -178.8    nan    nan    nan  116.9  3.762    nan    nan -110.4
D   11.6  108.9  117.4 -179.4 -159.3    nan  1.111   66.2  3.777    nan    nan   17.1
I  -72.9  -23.3  113.6 -179.0 -165.7   72.5  1.095   96.8  3.787  5.983 -138.5 -148.7
T  -69.9  -17.3  117.7 -178.2   57.3  -62.7  1.164  101.5  3.822  5.597   74.8   97.0
Q -119.8   29.5  113.6  179.6   61.4    nan  1.144   74.8  3.847  5.263   29.1   52.0
V -107.1  131.3  106.5  179.5  165.6  -71.1  0.984  113.5  3.819  5.934  100.0  103.7
N  -75.6  118.5  107.9 -179.2 -173.6    nan  1.000   98.2  3.774  5.810 -119.0 -125.5
E  -54.2  -14.9  114.5 -179.2   67.4    nan  1.086  118.6  3.779  5.833 -109.8 -117.6
K  -85.9   -1.0  114.9 -178.9  -58.0    nan  1.132   93.7  3.797  5.428   64.9   88.6
T  -92.1  -23.6  110.8 -180.0  -22.2 -143.0  1.020   79.8  3.782  5.719   79.6   93.1
I  -61.4  127.9  114.9 -177.6  -68.7  168.1  1.104   89.9  3.827  5.493   84.0  102.9
P  -56.4  151.1  113.1 -179.9  -29.7    nan  0.959   71.0  3.859  5.560  -91.7 -115.7
D  -60.7  149.6  103.2  177.9  -67.4    nan  0.935   71.3  3.788  5.506  -86.1  -95.5
H -161.1  154.7  110.1  179.2   52.3    nan  1.036  154.5  3.833  5.586  165.4  166.9
D  -93.0  -34.3  114.3 -179.9  -60.9    nan  1.044   74.0  3.843  5.611 -114.5 -116.6
I -129.4  130.3  110.7 -177.2  -56.5 -178.9  0.999  128.2  3.783  4.755    9.4   27.1
L -106.5  128.4  106.0  179.0  174.5    nan  0.975  112.6  3.812  5.844 -154.9 -160.3
C -113.9  140.5  111.6 -179.3  -67.9    nan  1.046  121.8  3.844  5.954 -166.2 -164.8
A -160.6  121.9  118.5 -179.9    nan    nan  1.118  129.2  3.855  5.571  160.2  157.0
G -109.4   89.9  102.6  175.4    nan    nan    nan  101.8  3.819    nan    nan -178.3
F  -75.2  160.4  117.8 -177.6   47.4    nan  1.273   84.9  3.837    nan    nan -159.2
P  -51.0  132.6  113.6 -179.8  -34.1    nan  0.996   78.7  3.850  5.042  -49.1  -72.9
C  -99.1  -17.3  116.6 -177.5   87.6    nan  1.029   73.6  3.800  5.872 -142.8 -146.9
Q  -44.1  -40.0  114.7 -176.0  -48.8    nan  1.138  111.3  3.806  5.666  111.5  127.5
A  -84.7   21.5  113.3 -179.6    nan    nan  1.104  103.4  3.783  5.249   47.0   66.3
F -144.2  -25.5  113.5  179.6  -60.7    nan  1.086   33.7  3.855  5.453   46.4   60.4
S  -52.2  155.0  115.9 -179.5 -177.1    nan  1.119   65.8  3.850  5.666   95.0  109.1
I  -85.9   -2.5  109.2 -179.9 -168.6   68.6  1.026   93.3  3.816  5.479 -103.0 -114.0
S  -95.2  -18.7  112.4  179.4 -118.1    nan  1.049   78.0  3.858  5.618   67.7   87.8
G -101.0 -151.4  119.4 -179.3    nan    nan    nan   86.4  3.845    nan    nan   71.3
K  -91.5   -5.1  117.9 -179.5  -72.5    nan  1.144   86.1  3.830    nan    nan  -45.8
Q   55.3   56.9  117.0  177.2  -48.7    nan  1.122   89.9  3.839  5.627 -135.7 -136.3
K  -91.3  -15.9  116.5  179.5  -86.7    nan  1.129   81.7  3.848  6.136  139.9  147.0
G   54.7 -135.5  120.1  178.1    nan    nan    nan   82.8  3.820    nan    nan -147.2
F  -58.5  -18.1  116.4 -178.8  -65.1    nan  1.109  112.2  3.821    nan    nan    4.0
E  -80.9  -16.4  110.3  179.5  -52.9    nan  1.019   93.2  3.801  5.493   73.8   87.4
D  -83.9  132.8  113.5 -179.3 -160.1    nan  1.052  102.6  3.822  5.430   66.1   87.2
S  -52.6  -17.5  114.4  179.7   63.0    nan  1.062  118.7  3.853  5.671  -91.3 -105.9
R -105.9  -13.7  110.9 -179.8  -52.9    nan  1.034   69.7  3.829  5.251   44.5   64.0
G  -93.4   19.4  115.4 -179.0    nan    nan    nan   95.0  3.795    nan    nan   81.9
T -115.4   -2.0  112.3  179.7   70.4  -51.3  1.056   63.9  3.789    nan    nan   89.4
L  -51.0  -28.1  114.5 -177.2  -78.7    nan  1.170  113.8  3.796  5.886  116.0  134.0
F  -48.4  -43.9  115.7  178.1  173.2    nan  1.090  104.7  3.844  5.776  101.0  108.5
F  -67.5   -9.3  114.6  179.3  -66.5    nan  1.158  108.4  3.837  5.284   55.9   77.9
D  -84.6  -29.0  108.2  177.2  -72.1    nan  1.029   86.0  3.838  5.775   78.0   89.6
I  -71.6  -42.1  106.8  177.6  -70.8  163.8  0.980   92.8  3.836  5.528   72.2   82.5
A  -59.4  -34.0  110.7  178.1    nan    nan  1.021  104.6  3.810  5.220   70.3   82.5
R  -69.5  -51.6  107.5  179.1 -158.7    nan  0.965   89.8  3.832  5.370   70.2   81.7
I  -59.7  -40.7  112.2 -179.9  -61.2  179.6  1.082   99.8  3.782  5.138   56.8   76.1
V  -66.1  -37.9  115.4 -180.0  172.7  -67.0  1.128   94.5  3.831  5.419   63.0   82.0
R  -63.1  -34.1  111.8  179.8 -177.1    nan  1.026  100.9  3.818  5.435   77.6   86.8
E  -87.1  -43.7  115.7 -179.1 -104.3    nan  1.081   74.7  3.865  5.279   46.9   68.5
K  -89.8  -24.4  117.3 -179.0  -55.2    nan  1.131   79.2  3.818  5.055   36.1   59.5
K   42.2   66.6  117.4 -179.7  -69.5    nan  1.120   90.6  3.882  5.711 -162.3 -163.2
P  -71.8  170.7  111.4  180.0   35.3    nan  0.952   75.3  3.870  6.094 -176.1  172.9
K  -75.0  -41.8  110.1  179.9  -67.4    nan  1.027   88.3  3.776  5.398  -88.2  -81.8
V -128.7  146.7  113.6 -178.4 -168.6  -44.2  1.051  134.0  3.806  4.831   -1.3   20.2
V -125.2  121.4  107.1  176.4  172.5  -67.3  1.027  120.4  3.870  5.809 -158.3 -164.5
F -122.6  107.5  111.7 -175.2 -167.8    nan  0.999  117.3  3.881  5.891 -169.7  179.0
M -122.8  151.7  114.6 -177.3  -53.3    nan  1.067  130.0  3.853  5.983  163.6  164.9
E -134.1  143.3  112.5  179.3  168.9    nan  1.047  136.2  3.839  5.595 -161.3 -164.3
N -155.5  177.8  109.0  177.0 -154.4    nan  1.055  156.1  3.865  5.682  164.9  163.3
V  -75.7  172.8  116.4 -177.3  -51.7   71.6  1.168   79.0  3.849  5.379  -80.7  -70.1
K  -62.2  -50.7  115.9 -177.7 -175.7    nan  1.119   89.8  3.794  5.139  -61.9  -64.9
N  -53.6  -23.8  113.3 -178.5 -175.1    nan  1.113  114.5  3.833  5.352   69.6   86.2
F  -59.5  -26.6  113.4  179.1 -174.9    nan  1.061  107.4  3.828  5.679   91.2  102.5
A  -75.6  -20.1  113.2  179.5    nan    nan  1.072   95.9  3.839  5.438   66.4   85.4
S -112.8  -26.8  116.0 -178.5  161.2    nan  1.062   58.1  3.834  5.177   35.9   57.2
H  -39.4  138.5  114.6 -178.9  178.4    nan  1.079   66.3  3.802  5.590  108.6  120.4
D   59.5   33.8  110.9  177.8 -159.2    nan  1.044  104.5  3.806  4.709   28.7    3.0
N   61.0   36.2  110.5 -179.7  -74.4    nan  1.031  102.1  3.785  5.450  -86.7  -91.1
G   77.7    5.1  117.9  179.6    nan    nan    nan   99.9  3.786    nan    nan  -76.0
N  -71.6  -43.1  110.8  179.6  -93.2    nan  1.042   90.0  3.811    nan    nan  117.8
T  -53.0  -43.7  110.8  179.9  -54.8 -174.5  1.034  103.9  3.783  5.326   79.7   90.4
L  -65.5  -43.8  109.0  178.7 -177.9    nan  1.061   95.4  3.800  5.333   60.4   77.0
E  -64.8  -22.6  116.3  179.4 -117.5    nan  1.174  103.8  3.834  5.392   57.2   79.7
V  -69.8  -36.8  107.7  175.8  154.1  -84.4  1.040   96.0  3.812  5.734   82.6   90.5
V  -67.6  -46.9  112.6  178.8  164.7  -75.5  1.101   90.0  3.842  5.492   63.5   81.7
K  -58.5  -49.0  113.3  179.0  162.0    nan  1.080   95.1  3.857  5.418   70.0   82.1
N  -64.8  -32.9  114.0  179.1  -68.6    nan  1.123   99.0  3.815  5.219   55.4   74.7
T  -70.6  -49.8  109.7  178.1  -63.0  176.4  1.030   88.4  3.877  5.685   72.8   82.3
M  -59.4  -35.5  109.9  179.4  -63.2    nan  1.063  104.1  3.814  5.281   65.5   77.5
N  -65.3  -48.1  110.3  178.5  -85.4    nan  1.054   92.5  3.825  5.499   71.1   84.6
E  -56.1  -39.2  110.9  179.6 -155.7    nan  1.040  104.2  3.824  5.357   71.3   82.7
L  -72.1   -0.9  112.7  178.5  -75.3    nan  1.064  107.5  3.816  5.291   58.1   75.5
D   78.9   49.2  115.6  178.9 -157.9    nan  1.124   78.8  3.868  5.484 -112.3 -108.7
Y -131.4  155.0  106.9  179.2  -73.9    nan  0.958  133.7  3.855  5.917  101.1   95.9
S  -91.9  173.4  101.7  177.0   66.5    nan  0.895   93.2  3.801  5.495 -111.9 -119.8
F -141.4  122.5  114.2 -178.7 -178.6    nan  1.086  129.5  3.825  5.470 -157.6 -141.2
H -122.1  124.9  110.7  179.6  -55.0    nan  1.032  123.4  3.892  5.982 -173.6  175.0
A -142.1  136.3  112.7 -178.2    nan    nan  1.058  137.3  3.817  5.721  165.0  161.6
K -153.3  155.9  113.1 -179.3 -152.4    nan  1.069  152.6  3.826  5.650  165.9  158.5
V -103.0  126.8  105.8 -179.9  175.5  -63.1  0.959  110.3  3.821  5.591 -118.5 -129.0
L -126.1  141.0  110.0  179.0  -59.6    nan  1.030  129.2  3.769  5.798  179.9  179.0
N -104.4  131.1  107.0  178.4 -167.3    nan  1.011  112.1  3.777  5.694 -141.4 -147.2
A  -60.5  -28.8  115.4 -178.2    nan    nan  1.120  104.6  3.813  5.750 -105.5 -110.6
L  -65.6  -11.7  112.2 -178.9   67.8    nan  1.087  109.5  3.808  5.538   77.8   94.1
D  -93.6   -7.2  112.8  179.7  -71.2    nan  1.043   83.6  3.848  5.587   65.0   81.4
Y -122.1   28.0  113.8 -179.6  -61.2    nan  1.133   72.1  3.870  5.251   32.3   58.8
G   98.5   -9.5  124.5  176.1    nan    nan    nan   87.0  3.805    nan    nan  -70.1
I -107.8  135.5  108.0 -179.6  -69.1  163.5  1.008  115.1  3.818    nan    nan   69.9
P  -86.1   67.9  116.9 -180.0   35.1    nan  1.037  116.3  3.779  5.663 -128.7 -128.0
Q -141.6  132.4  106.2  176.8 -163.6    nan  0.992  131.1  3.791  5.795   97.9  100.9
K  -78.0   68.5  111.3  179.0  172.8    nan  1.003  114.0  3.802  5.693 -119.6 -127.7
R -112.4  102.8  115.7 -177.3 -161.1    nan  1.077  118.4  3.885  5.998  128.2  140.8
E  -93.2  120.1  113.0 -179.3  -61.5    nan  1.052  111.5  3.859  6.045 -164.8 -175.2
R -139.0  156.8  110.9 -178.5  -60.7    nan  1.015  141.8  3.805  5.786  166.0  158.1
I  -97.1  136.3  110.0  178.1 -172.1   63.1  1.088  108.9  3.791  5.611 -126.2 -120.0
Y -121.4  134.6  108.8 -179.0  -61.3    nan  1.025  124.2  3.811  5.778 -157.8 -167.0
M -124.5  117.4  112.8 -178.4  -54.4    nan  1.045  123.0  3.788  5.728 -165.8 -170.8
I -110.4  134.8  106.2  179.6  -39.6 -158.9  0.981  115.5  3.833  6.012 -167.4 -178.7
C -134.6  130.5  112.5 -179.5  -61.8    nan  1.015  131.6  3.878  5.877 -176.4 -179.8
F -114.9  139.4  113.0  179.8  -64.6    nan  1.039  123.4  3.848  5.841 -163.2 -166.2
R  -63.4  140.6  106.9  178.1 -150.3    nan  0.987   79.6  3.847  5.587  -95.9 -110.5
N  -69.1  -18.4  121.7 -176.5  -88.3    nan  1.207  100.6  3.818  5.752 -112.3 -104.1
D  -81.2   -0.5  113.6  179.4   57.4    nan  1.146   98.6  3.804  5.584   70.3   89.3
L  -90.1  -15.3  111.7 -179.6  -60.2    nan  1.059   84.3  3.824  5.730   80.8   95.4
N   56.4   18.9  119.3  177.1 -124.0    nan  1.142  113.0  3.817  5.594 -149.5 -145.5
I  -55.9  125.6  110.5  179.6  -50.8 -174.1  1.011   84.8  3.809  6.046  144.0  143.8
Q -129.8   10.7  115.1 -179.7  -62.1    nan  1.074   55.3  3.876  5.909  175.9  174.7
N -130.6   29.8  118.2 -178.3   60.7    nan  1.121   67.3  3.821  5.220   47.5   69.2
F  -74.6  136.9  109.6  178.9  173.7    nan  1.021   91.5  3.847  6.141  132.0  135.8
Q -142.2  149.6  109.8  177.1   55.1    nan  1.051  141.9  3.769  5.662  171.8  172.3
F  -77.5  141.0  107.1  177.8  -79.4    nan  0.977   90.8  3.770  5.509  -99.7 -111.5
P  -52.3  154.0  111.6 -179.9   19.4    nan  0.974   65.1  3.815  5.431  -84.0  -94.0
K  -95.7  142.4  110.3 -179.3  -54.6    nan  1.032  106.8  3.835  5.726 -124.6 -121.7
P  -67.2  155.5  117.0 -179.5  -19.9    nan  0.998   79.7  3.872  5.459  -93.6 -107.5
F -148.6  171.8  113.0  177.0   53.1    nan  1.145  150.9  3.761  5.510  172.8 -176.6
E  -70.1  140.6  118.0 -178.4  -83.6    nan  1.137   91.1  3.854  5.325  -72.0  -73.5
L  -82.9  127.0  109.3 -179.2 -170.5    nan  1.000  100.8  3.797  5.562 -110.0 -128.9
N -125.4   13.1  115.0  179.8  -88.5    nan  1.108   60.9  3.813  5.826  178.1 -179.5
T -133.9  129.7  107.8  178.3  -67.1  172.7  0.989  127.8  3.834  5.482   50.8   61.2
F -117.6  171.0  111.0 -179.3  -59.1    nan  1.086  120.5  3.812  5.786 -172.1 -167.9
V  -50.8  -42.6  113.4 -178.1 -171.8  -50.1  1.099  104.9  3.830  5.359  -52.9  -56.5
K  -57.0  -18.6  115.9 -179.7   74.9    nan  1.114  113.5  3.838  5.439   75.0   89.2
D  -93.0    1.2  113.2 -178.3  -49.8    nan  1.057   87.5  3.809  5.416   61.2   78.7
L -116.6   -3.9  116.0 -179.1  -58.0    nan  1.095   61.7  3.820  5.388   50.0   73.7
L  -76.6  154.2  117.0 -177.3  -52.6    nan  1.101   89.0  3.815  5.685   91.2  109.3
L  -84.5  162.7  110.0  176.8  -62.4    nan  1.015   90.5  3.818  5.472 -104.7 -114.2
P  -58.4  151.2  109.6  179.9  -29.4    nan  0.929   71.3  3.858  5.102  -66.1  -76.6
D  -58.1  -28.0  114.0 -178.8  -53.2    nan  1.060  107.7  3.803  5.537  -88.5  -88.3
S  -69.6  -16.2  113.6 -179.8   63.6    nan  1.068  103.3  3.819  5.448   72.6   90.3
E -102.7   -7.2  115.7 -179.5  -70.6    nan  1.111   74.3  3.823  5.322   45.4   71.2
V -124.4   19.2  114.7 -177.8  -49.8   72.7  1.058   65.1  3.830  5.260   39.1   57.6
E  -63.5  -34.5  113.1 -178.2 -150.7    nan  1.069   99.8  3.828  5.987  127.4  139.8
H  -70.7   -6.5  114.2  179.3   63.6    nan  1.115  106.5  3.799  5.415   61.9   82.7
L -103.8    3.8  112.7 -179.0  -60.8    nan  1.052   77.7  3.801  5.467   61.0   78.1
V  -76.0  135.7  110.9 -179.1 -174.8  -54.3  1.052   93.9  3.793  5.759   96.2  113.0
I -128.3  113.3  116.9 -179.0  -56.9  179.5  1.082  124.8  3.836  5.803 -169.2 -172.7
D  -96.6   98.8  108.1  178.7 -171.0    nan  1.016  108.8  3.848  5.964 -158.7 -170.9
R -103.9  146.4  107.3  179.1 -125.0    nan  1.022  111.1  3.817  6.093  175.0  172.8
K  -89.3  -12.0  116.0 -178.3  -71.8    nan  1.181   85.4  3.773  5.702 -129.1 -119.2
D  -95.1   22.8  112.9  177.7   48.4    nan  1.135   94.0  3.791  5.596   58.0   79.3
L  -69.3  120.8  108.2  179.4  175.3    nan  0.989   94.0  3.835  6.122  134.1  134.6
V -121.6   95.0  109.5 -179.3 -160.5  -37.0  1.004  109.2  3.765  5.854 -177.3  177.0
M  -69.4  122.0  109.6  179.2  -64.1    nan  1.037   94.5  3.806  6.096 -152.1 -157.3
T -114.0   11.0  117.9 -179.3   58.7  -61.5  1.098   71.5  3.846  5.929 -168.5 -172.5
N -161.5  161.1  108.4  179.9 -108.5    nan  0.986  158.3  3.891  5.165   24.2   30.4
Q -102.5  150.9  112.9 -179.8 -149.5    nan  1.121  112.0  3.820  5.635 -130.9 -116.2
E  -55.6  140.2  108.0 -179.7  172.1    nan  1.004   74.3  3.817  5.408  -70.1  -88.4
I  -87.9  162.2  111.8 -178.5   52.5  -71.6  1.115   94.5  3.786  5.805 -131.0 -126.8
E  -93.9  -36.1  115.8 -178.5    3.6    nan  1.113   71.9  3.812  5.514 -107.7 -108.1
Q -119.2  153.8  113.2 -179.9  -62.5    nan  1.101  126.1  3.798  4.950   11.7   35.3
T  -65.7  133.3  114.9 -178.9   56.8  -62.5  1.068   89.8  3.816  5.412  -82.4  -93.5
T -132.6  142.7  109.8  178.6   19.3 -105.6  1.000  133.6  3.815  5.845 -174.5  176.2
P  -87.5   62.7  108.6  179.2   35.9    nan  0.927  107.7  3.825  5.500 -117.5 -127.0
K -159.3  155.1  109.2  178.7   55.6    nan  1.046  153.8  3.800  5.497   66.2   80.7
T  -79.5  118.9  108.2  179.4   47.1  -73.0  0.991  100.4  3.802  5.507  -96.8 -105.2
V -108.8  109.1  109.6 -179.2  178.5  -57.9  1.009  113.9  3.823  5.942 -167.2 -171.1
R  -79.3  134.0  113.0 -179.0 -163.5    nan  1.083   98.5  3.814  6.046 -149.4 -151.0
L -108.2  -30.5  117.6 -179.9  -59.2    nan  1.114   60.5  3.837  5.806 -151.4 -155.5
G -166.3 -171.6  116.7 -178.6    nan    nan    nan  161.0  3.839    nan    nan   -9.8
I -148.0  159.4  115.2 -177.6  -98.5  131.7  1.072  150.8  3.842    nan    nan -131.6
V -134.9  146.6  103.6  175.9  -75.4   48.6  0.988  132.9  3.890  5.791 -154.9 -159.6
G   66.1 -122.9  113.8 -179.7    nan    nan    nan   95.1  3.801    nan    nan   23.1
K -106.3   -1.7  111.3  179.5  -75.4    nan  1.037   73.1  3.822    nan    nan  -33.5
G   76.4   33.3  120.0  178.5    nan    nan    nan   86.0  3.813    nan    nan -114.3
G  -90.2 -170.6  109.7  178.3    nan    nan    nan   87.0  3.803    nan    nan  123.0
Q  -55.2  124.6  110.7 -179.6  -67.0    nan  1.021   85.1  3.794    nan    nan  -39.9
G   99.7    0.8  114.9  177.7    nan    nan    nan   80.0  3.800    nan    nan   26.8
E -127.8    9.6  111.5 -178.3  -41.3    nan  1.026   56.2  3.782    nan    nan   59.5
R -100.1  136.9  109.0 -179.7  -55.0    nan  1.050  110.3  3.808  5.605   71.6   94.8
I -113.8  126.5  111.1 -178.0  -64.2  173.3  1.039  120.3  3.862  5.871 -151.0 -157.9
Y -114.5  161.8  116.2 -176.3  -55.2    nan  1.079  121.3  3.829  5.838 -163.8 -167.6
S  -82.2  144.7  112.5  179.6  161.2    nan  1.019   96.3  3.851  5.431  -94.4 -100.8
T  -86.9    7.2  112.5  178.0   67.8  -54.6  1.079   95.8  3.820  5.762 -124.0 -124.0
R  -98.2    9.4  109.7  179.7 -131.2    nan  1.037   85.1  3.831  5.674   80.4   94.1
G -126.6 -138.4  110.6  178.9    nan    nan    nan  105.0  3.808    nan    nan   66.7
I -123.8  160.8  110.5  179.9   66.7  -53.5  1.040  128.4  3.801    nan    nan  -68.6
A  -81.0  152.9  114.0 -179.6    nan    nan  1.035   92.5  3.806  5.324  -94.1  -99.1
I  -81.9  169.9  108.4  176.6   44.2  -80.6  0.972   85.2  3.816  5.541 -101.8 -113.7
T  -65.3  129.7  113.1 -179.9  -59.6  179.1  1.028   90.4  3.805  5.128  -72.2  -72.8
L  -76.5  149.3  104.0  178.2  -87.8    nan  0.907   85.4  3.819  5.721 -115.1 -135.0
S -131.9  165.2  109.2  178.8   54.0    nan  1.051  135.1  3.804  5.709 -171.9 -161.1
A  -94.8  -28.9  116.5 -179.2    nan    nan  1.090   73.3  3.822  5.416 -107.1 -105.6
Y -122.3   16.5  113.0 -178.0  -66.9    nan  1.065   65.3  3.802  4.973   17.9   40.5
G  -65.2  163.8  118.3 -178.0    nan    nan    nan   73.6  3.806    nan    nan  138.0
G -135.5 -175.3  114.6 -179.3    nan    nan    nan  133.4  3.803    nan    nan -149.4
G  116.7  178.9  109.2  179.8    nan    nan    nan  116.4  3.794    nan    nan  116.3
I  -71.5  -32.5  111.4 -179.7 -168.1   65.2  1.127   94.7  3.761    nan    nan  -67.3
F -107.6   43.4  109.5  178.5  -53.7    nan  1.005   89.9  3.847  5.314   31.2   46.8
A  -38.6  136.0  119.1 -178.0    nan    nan  1.148   69.4  3.821  6.129  176.4 -172.8
K   68.3  -36.5  122.9  176.5  -64.9    nan  1.220  126.7  3.817  4.739   29.7    2.2
T -100.3  -37.3  115.0 -178.7   59.6  -60.1  1.094   66.8  3.809  5.196   38.0   57.2
G  107.3  167.6  105.7 -177.0    nan    nan    nan  103.6  3.817    nan    nan -108.3
G -107.4  147.5  109.0  178.0    nan    nan    nan  114.8  3.816    nan    nan -116.3
Y -133.4  142.4  111.3 -179.1  -62.9    nan  1.046  134.9  3.842    nan    nan -165.6
L  -85.1  101.9  109.1  178.7 -146.5    nan  1.025  107.5  3.825  5.746 -119.4 -125.0
V -112.5  125.7  113.9 -179.7 -170.9  -48.1  1.063  121.8  3.857  6.082  172.0  168.4
N   39.0   42.9  116.0  179.0  -71.1    nan  1.118  112.4  3.875  4.994   -5.0  -29.0
G   99.1  -19.2  118.1  178.9    nan    nan    nan   90.2  3.794    nan    nan  -52.1
K -128.3  148.8  115.3  179.8  -25.8    nan  1.093  134.7  3.828    nan    nan   42.2
T  -87.4  132.5  112.1 -180.0   61.2  -57.6  1.036  104.3  3.818  5.526 -112.2 -121.3
R -154.0  171.0  110.6 -179.9   70.6    nan  1.013  155.8  3.856  5.733  162.1  154.5
K  -99.5  179.5  109.7  178.8   64.5    nan  1.110   99.7  3.774  5.427 -117.8 -104.5
L  -88.1  149.9  114.4 -177.9  -61.0    nan  1.102  100.3  3.798  5.295  -85.7  -80.8
H  -86.0  156.4  106.8 -179.8  176.7    nan  0.976   93.0  3.814  5.519 -106.3 -120.3
P  -52.7  -44.4  114.2  179.3  -41.9    nan  1.005  101.8  3.806  5.323  -72.8  -75.7
R  -60.2  -35.6  112.3 -179.3  179.3    nan  1.058  102.3  3.840  5.291   62.2   84.3
E  -71.1  -32.2  109.0  177.9  -54.1    nan  1.054   96.3  3.785  5.313   61.7   78.6
C  -66.2  -40.9  106.7  178.7  -77.8    nan  0.987   97.6  3.833  5.569   74.9   85.8
A  -56.6  -50.6  109.9  178.8    nan    nan  1.008   97.5  3.823  5.341   76.5   87.0
R  -58.1  -45.1  115.5 -179.5  -67.0    nan  1.137   96.5  3.744  5.069   58.2   80.3
V  -69.4   -5.6  112.6  179.8  -67.2   56.8  1.114  108.4  3.853  5.535   57.6   75.0
M -107.7   -5.0  107.5  177.8  -68.8    nan  1.017   70.8  3.826  5.598   60.4   70.8
G   89.2   17.3  116.2  178.0    nan    nan    nan   83.2  3.799    nan    nan -105.1
Y  -85.4  137.4  113.2  179.9  -79.2    nan  1.071  101.9  3.786    nan    nan  116.6
P  -67.0  151.8  110.9 -179.9   31.8    nan  0.968   79.0  3.866  5.596  -99.8 -113.1
D  -60.3  -14.9  113.6 -178.9  -64.3    nan  1.086  112.9  3.822  5.633  -90.7  -89.1
S  -87.7   -4.6  114.6  179.9   51.2    nan  1.091   90.4  3.800  5.480   64.2   85.5
Y  -72.7  129.8  103.1  177.7 -171.5    nan  0.942   88.6  3.805  5.822   99.3  104.4
K  -84.8  120.9  110.5 -179.7  -57.4    nan  0.997  104.7  3.812  5.815 -131.4 -135.0
V  -82.9  160.3  114.6  179.7  -53.5   70.6  1.094   91.3  3.831  5.980 -144.1 -142.7
H  -67.6  140.5  109.5 -179.4 -163.1    nan  1.033   84.4  3.830  5.313  -80.1  -88.1
P  -61.0  -22.5  117.7 -179.6   19.0    nan  1.081  106.9  3.838  5.574  -97.0 -101.1
S  -89.2  115.0  109.0  177.4  160.7    nan  1.028  106.8  3.798  5.488   52.9   74.0
T  -53.9  -45.5  110.0  179.5  -60.6  178.3  1.032  102.5  3.765  5.765 -110.1 -124.6
S  -58.6  -44.5  114.0 -178.9 -163.1    nan  1.069   97.4  3.814  5.308   66.8   84.5
Q  -71.1  -31.8  111.9 -179.6  -64.8    nan  1.095   95.1  3.798  5.197   51.9   73.8
A  -66.7  -44.9  112.7  178.1    nan    nan  1.067   91.7  3.824  5.523   71.6   87.3
Y  -58.7  -42.8  111.6  179.2  -78.5    nan  1.028   99.6  3.855  5.415   73.0   83.5
K  -60.1  -49.7  108.7  178.9 -177.1    nan  0.994   96.4  3.794  5.238   72.2   82.8
Q  -57.0  -42.7  113.5 -179.9  -73.4    nan  1.084  100.1  3.811  5.161   61.7   80.7
F  -74.9  -21.0  112.6  178.7  -78.7    nan  1.106   96.3  3.803  5.381   49.5   71.2
G  -67.9  -39.3  113.8  178.2    nan    nan    nan   93.1  3.773    nan    nan   96.4
N  -84.5   -9.8  112.9 -179.8  -88.0    nan  0.981   91.6  3.852    nan    nan   65.3
S  -84.8  176.3  119.0 -173.3 -166.2    nan  1.174   86.6  3.844  5.334   68.5   99.8
V -109.3  154.4  110.2 -178.9  -72.9   49.5  1.012  116.0  3.792  5.322 -104.2 -108.2
V  -78.8  109.6  107.4  178.5  178.3  -59.8  0.957  102.2  3.838  5.452  -95.8 -107.5
I  -47.3  -52.7  115.8 -178.2  -44.6 -167.5  1.085   99.0  3.822  5.930 -112.2 -119.3
N  -48.0  -44.5  115.9 -175.9  -56.5    nan  1.113  104.5  3.819  5.211   77.0   92.3
V  -65.7  -36.3  111.6  179.8  176.5  -63.3  1.041   97.7  3.832  5.345   65.9   78.6
L  -69.6  -36.6  108.5  179.4 -106.8    nan  1.004   95.9  3.812  5.365   68.1   80.3
Q  -63.3  -45.1  110.1  178.9  -66.4    nan  1.034   95.7  3.810  5.402   71.6   85.4
Y  -60.3  -40.6  112.6 -179.8  -70.9    nan  1.104   99.1  3.817  5.381   65.2   82.5
I  -70.6  -37.0  114.2 -179.1  -60.4  177.8  1.110   91.8  3.839  5.404   60.5   78.3
A  -66.5  -31.3  115.0 -178.8    nan    nan  1.121   98.0  3.802  5.383   67.5   86.5
Y  -66.0  -41.7  109.4  178.8 -171.6    nan  1.007   95.9  3.847  5.512   77.3   88.3
N  -66.0  -41.4  111.8  178.3  -71.2    nan  1.095   94.7  3.824  5.307   57.2   78.2
I  -56.4  -46.9  106.2  177.7  -73.7  165.2  0.998  102.1  3.823  5.568   80.3   86.3
G  -61.7  -48.4  114.0  177.9    nan    nan    nan   92.7  3.805    nan    nan   76.7
S  -53.0  -41.9  113.8  179.6  -57.1    nan  1.072  103.4  3.834    nan    nan   86.8
S  -73.8  -31.2  113.2  179.9  -58.7    nan  1.057   92.5  3.840  5.275   58.6   73.3
L  -74.4  -28.7  109.9  179.6  -69.9    nan  1.074   94.5  3.802  5.410   63.3   81.6
N  -87.3    4.5  116.1 -179.4  -67.2    nan  1.109   94.6  3.820  5.358   51.3   73.5
F  -97.2   92.6  109.6  179.7 -170.9    nan  1.015  109.8  3.842  5.683   78.8   92.5
K -128.3   72.9  111.4 -179.6  -44.7    nan  1.028   95.2  3.832  5.989  145.9  142.7
P  -74.3  172.0  112.6  179.7   33.8    nan  0.959   77.5  3.855  6.055 -176.5  178.2
Y  -89.8    nan  112.2  178.2  -70.2    nan  1.045    nan  3.863  5.548 -104.9  -94.4
