Id   phi    psi    tau  omega    chi    chi2  solid    eta  CA-CA  CB-CB  BA^AB  NA^AC
M    nan  149.6  106.9    nan  172.3    nan  0.976    nan    nan    nan    nan    nan
N -151.8  176.0  105.9  179.9   55.3    nan  1.038  152.6  3.804  5.734  173.6  176.0
I  -54.5  -40.6  113.2 -177.5 -174.5   64.4  1.149  103.5  3.839  5.226  -57.9  -54.0
F  -65.6  -49.6  111.6  178.9  -69.5    nan  1.066   90.7  3.824  5.471   68.4   80.9
E  -64.6  -35.3  111.0  179.0  -54.6    nan  1.061   99.4  3.821  5.368   59.7   73.4
M  -62.1  -56.7  110.7  179.3 -172.6    nan  1.003   89.8  3.796  5.403   80.0   88.5
L  -63.4  -29.9  114.5  178.1  -80.9    nan  1.098  101.7  3.805  5.084   47.1   68.0
R  -68.2  -30.3  110.5  176.5  168.8    nan  1.019   99.0  3.830  5.569   76.3   86.3
I  -73.5  -42.1  110.6  175.8  -79.9  155.7  1.066   89.1  3.839  5.442   62.9   79.9
D  -68.4  -39.9  114.3 -178.5  -75.6    nan  1.152   92.1  3.830  5.291   56.4   78.8
E  -98.5  -25.5  118.1 -176.7  -56.7    nan  1.067   70.5  3.784  5.089   38.0   56.0
G   76.6 -172.0  109.6 -177.0    nan    nan    nan   79.3  3.782    nan    nan -128.5
L -141.4  127.9  108.7  178.2  161.1    nan  1.020  129.6  3.772    nan    nan -127.5
R -138.2  130.5  107.4 -179.9  -61.5    nan  1.067  129.4  3.837  5.813  170.0  165.4
L  -99.4    5.9  113.9 -176.0  -57.8    nan  1.067   83.0  3.711  5.767 -139.5 -147.2
K -127.8  146.0  105.6 -179.6  163.9    nan  1.004  128.8  3.778  5.244   45.4   62.5
I  -51.2  136.9  110.8 -178.8  -68.3  172.0  1.124   74.4  3.902  5.879  -84.2  -85.0
Y -141.2  171.3  108.7  179.2   67.0    nan  1.080  143.2  3.842  5.817  178.9  173.3
K -102.7  137.5  108.7  176.6  -74.3    nan  1.009  112.0  3.736  5.391 -108.9 -108.3
D  -77.0 -173.1  110.3  179.3   72.6    nan  1.191   74.7  3.814  5.806 -129.2 -121.6
T  -62.4  -21.7  110.9 -178.5   69.9  -46.7  1.045  108.3  3.832  5.135  -40.1  -49.2
E  -95.6   -2.1  113.8  179.7  -61.8    nan  1.098   83.6  3.854  5.383   49.7   70.9
G   92.8    9.6  112.0  180.0    nan    nan    nan   83.6  3.778    nan    nan  -94.8
Y  -93.4  143.8  115.5 -178.2  -54.0    nan  1.085  107.6  3.821    nan    nan  105.5
Y  -61.5  126.2  110.8  177.9  -72.3    nan  1.044   88.3  3.780  5.392  -90.4 -104.7
T -141.7  164.6  108.7 -175.4  -57.9 -179.0  0.977  144.1  3.802  5.756  176.6  159.4
I -153.4  162.8  108.1  174.7 -164.9   74.5  1.044  153.5  3.751  5.561 -178.0 -170.2
G   66.8 -128.6  111.8  174.3    nan    nan    nan   91.2  3.867    nan    nan   38.5
I -101.9   73.7  112.1  179.3  -54.3 -174.5  1.076  107.2  3.787    nan    nan  -35.5
G   72.1   18.9  117.1  178.0    nan    nan    nan   98.7  3.743    nan    nan  -49.4
H  -83.0  100.0  112.3  179.9 -173.0    nan  1.063  110.5  3.810    nan    nan  119.9
L  -62.5  124.8  109.3  178.9  176.1    nan  1.025   88.7  3.853  6.064 -132.9 -149.2
L  -89.6  -50.9  112.5 -178.9  -70.1    nan  1.150   73.0  3.781  5.923 -147.4 -146.4
T -162.9  156.8  110.4 -179.2  176.2   52.6  1.027  156.8  3.798  4.763  -35.5  -26.5
K  -93.7   -8.0  109.2  174.8  -81.5    nan  1.030   83.7  3.743  5.509 -117.9 -118.8
S  -69.3  145.9  113.0  178.0  151.2    nan  1.076   85.0  3.784  5.711   93.1  106.9
P  -72.5   -9.2  112.7  179.7  -10.5    nan  0.980  103.7  3.790  5.368  -94.3 -110.3
S  -83.7  120.9  115.5 -177.9  167.2    nan  1.086  108.1  3.733  5.402   69.2   97.5
L  -64.1  -22.2  109.0  176.8  173.8    nan  1.076  107.1  3.763  5.849 -117.9 -132.5
N  -81.2  -35.2  111.5 -179.6  -82.0    nan  1.083   85.2  3.743  5.540   66.7   84.8
A  -61.6  -33.3  107.3  176.2    nan    nan  0.995  104.8  3.733  5.429   80.6   86.1
A  -70.4  -46.8  111.4  178.8    nan    nan  1.089   88.8  3.883  5.413   62.5   81.4
K  -59.7  -38.2  111.4  177.4  -82.7    nan  1.067  101.6  3.823  5.463   68.4   79.2
L  -65.9  -45.0  111.0 -180.0  -94.1    nan  1.022   93.3  3.823  5.450   74.7   83.2
E  -59.3  -40.1  108.7  177.9  -79.0    nan  1.011  102.3  3.830  5.356   73.8   80.7
L  -62.5  -46.1  113.6  179.2 -179.5    nan  1.096   93.7  3.784  5.267   68.4   84.0
D  -65.6  -38.8  110.1 -178.9  -72.9    nan  1.042   97.3  3.808  5.313   64.0   77.6
K  -65.4  -36.4  111.4  177.6  172.0    nan  0.966   97.9  3.711  5.207   71.1   80.9
A  -70.6  -38.5  113.3 -179.9    nan    nan  1.164   91.6  3.822  5.268   50.1   81.3
I  -89.4  -27.2  115.1 -177.0  -63.6  176.5  1.076   79.3  3.839  5.191   47.6   63.5
G   84.8   24.7  113.1  178.4    nan    nan    nan   85.3  3.792    nan    nan -127.9
R -160.0  163.5  110.6  177.6   81.3    nan  1.072  159.2  3.770    nan    nan   44.6
N  -77.3  105.9  107.1  179.4 -130.3    nan  0.948  102.5  3.753  5.310  -81.1  -93.4
T  -97.7  -20.2  116.5 -174.8   69.1  -53.9  1.050   73.8  3.715  5.906 -171.4 -164.7
N   57.5   37.1  112.9 -176.0 -154.5    nan  1.145  103.4  3.721  5.401 -144.8 -142.4
G   80.5    1.2  118.3  175.4    nan    nan    nan   98.9  3.808    nan    nan  -76.8
V -132.8  140.2  111.3  179.6  176.4  -63.5  1.019  133.8  3.730    nan    nan   55.4
I -128.2  170.2  109.1 -178.2   61.5  -63.6  1.055  130.8  3.790  5.717 -168.0 -170.3
T  -96.5  172.5  108.8  179.0   66.6  -54.5  0.990   98.9  3.765  5.385 -101.9 -103.3
K  -61.2  -42.6  112.1  178.4 -175.4    nan  1.107   97.6  3.814  5.212  -72.6  -67.3
D  -58.8  -43.2  111.7  176.9  -80.0    nan  0.980   99.3  3.833  5.484   79.8   83.5
E  -64.1  -42.3  110.8 -180.0  -77.2    nan  1.093   96.2  3.873  5.209   61.4   80.1
A  -62.5  -43.9  110.6  176.8    nan    nan  1.037   96.6  3.838  5.408   69.5   79.4
E  -69.3  -29.5  112.3  179.0  -82.7    nan  1.129   97.6  3.769  5.239   52.2   74.2
K  -71.1  -42.3  111.0  176.7 -176.2    nan  1.050   90.7  3.757  5.550   74.2   84.1
L  -63.2  -36.6  110.6  175.9  -67.8    nan  0.992  100.1  3.788  5.446   74.8   78.9
F  -62.9  -48.4  110.9 -178.8 -173.2    nan  1.042   93.7  3.783  5.204   73.4   88.1
N  -56.7  -42.1  110.2  177.4  -79.1    nan  1.004  102.4  3.789  5.330   69.3   80.1
Q  -64.2  -41.9  113.3  178.5  -58.3    nan  1.102   95.0  3.810  5.367   62.2   80.4
D  -70.3  -35.0  112.9 -177.6  -66.0    nan  1.060   93.8  3.793  5.321   65.5   78.9
V  -66.6  -47.9  108.6  178.5  171.9  -66.5  1.089   92.8  3.795  5.494   66.9   84.2
D  -59.3  -42.3  108.4  179.3 -174.9    nan  1.020  101.2  3.805  5.390   69.7   78.6
A  -63.4  -42.0  111.1 -179.1    nan    nan  1.026   96.8  3.772  5.380   68.1   82.2
A  -59.6  -52.6  109.9  179.3    nan    nan  1.024   94.2  3.845  5.327   72.4   84.5
V  -55.2  -50.3  112.3  176.7  178.5  -61.3  1.055   97.2  3.821  5.304   64.9   77.4
R  -59.5  -38.1  111.5 -179.9  -95.1    nan  1.152  101.8  3.865  5.289   56.4   78.5
G  -65.7  -38.6  111.2  177.7    nan    nan    nan   96.6  3.792    nan    nan   81.7
I  -63.6  -46.6  108.6  177.7  -80.5  158.7  0.988   95.6  3.828    nan    nan   82.5
L  -69.3  -19.3  116.2 -175.8  -50.7    nan  1.203  101.4  3.843  5.187   47.5   76.2
R  -93.8  -15.7  110.0  178.5  -93.4    nan  0.935   81.0  3.769  5.514   72.8   72.9
N  -86.3  125.3  112.7 -176.9 -170.0    nan  1.081  106.1  3.692  5.112   61.0   88.1
A  -61.8  -26.5  114.3  178.9    nan    nan  1.014  105.2  3.874  5.825 -102.8 -121.2
K  -88.4  -32.2  114.0  179.6  -84.4    nan  1.044   78.9  3.766  5.181   54.9   74.1
L  -88.6  -41.9  112.8 -176.6  -61.5    nan  1.068   76.1  3.762  5.140   49.0   71.1
K  -49.6  -47.8  115.1 -175.8 -167.4    nan  1.101  101.3  3.738  5.358   83.5   99.8
P  -65.8  -33.4  112.1 -178.1  -11.8    nan  0.975   98.8  3.751  5.281   68.5   77.7
V  -63.4  -51.1  109.7  178.1 -176.3  -53.1  1.064   92.7  3.786  5.394   68.8   88.5
Y  -51.7  -48.4  111.9  179.5 -172.9    nan  1.081  101.1  3.768  5.208   69.1   83.8
D  -60.7  -32.1  110.3 -177.7  -81.1    nan  0.988  104.7  3.882  5.412   70.3   80.4
S  -74.8  -21.6  116.0 -178.7   84.4    nan  1.122   95.1  3.733  5.162   57.5   82.5
L  -90.1  162.1  115.4 -173.3  -64.0    nan  1.014   97.7  3.809  5.340   66.9   83.8
D  -77.9  176.6  107.5  172.7   55.0    nan  0.976   79.0  3.805  5.421  -96.3 -100.2
A  -61.4  -38.7  117.0 -175.6    nan    nan  1.242   97.1  3.874  5.353  -75.5  -57.3
V  -66.4  -49.7  112.8  179.6 -178.2  -58.6  1.146   89.3  3.790  5.543   67.5   83.7
R  -65.4  -30.1  111.5 -178.7  -65.6    nan  1.130  101.1  3.753  5.256   55.6   74.6
R  -61.1  -40.7  109.5  176.2  -82.7    nan  1.008  100.1  3.785  5.646   85.6   91.7
A  -62.9  -36.8  111.5  176.3    nan    nan  1.045   99.7  3.773  5.285   68.0   80.7
A  -67.3  -33.1  110.7 -179.9    nan    nan  1.085   98.3  3.830  5.469   65.7   83.5
L  -73.2  -36.5  109.5  178.2 -176.6    nan  1.048   92.4  3.793  5.499   65.6   79.3
I  -63.2  -41.8  108.1  178.9  -60.4  175.0  1.014   98.7  3.760  5.482   73.7   85.4
N  -54.4  -52.2  111.0  179.3 -165.7    nan  1.049   97.3  3.824  5.394   75.1   89.3
M  -58.2  -41.6  112.1  178.8  -69.6    nan  1.047  100.5  3.802  5.353   65.9   76.9
V  -67.5  -37.2  108.6 -178.3  166.9  -72.3  1.093   97.2  3.842  5.383   63.7   79.6
F  -62.4  -38.3  111.5  179.2 -175.4    nan  1.032   99.3  3.796  5.485   78.5   86.4
Q  -78.5  -49.6  112.8 -178.5 -173.3    nan  1.037   80.8  3.832  5.275   55.4   72.6
M -110.7    4.2  118.9 -174.9   59.8    nan  1.223   71.3  3.725  4.657    0.4   38.2
G   79.0  155.8  111.2  178.7    nan    nan    nan   71.4  3.738    nan    nan -104.1
E  -58.0  -39.9  112.2 -178.6 -158.7    nan  1.005  101.6  3.806    nan    nan  -84.5
T  -64.8  -47.8  113.5 -180.0  -47.5 -167.6  1.089   91.1  3.734  5.304   60.7   84.0
G  -55.7  -54.5  110.8  179.6    nan    nan    nan   95.1  3.802    nan    nan   84.1
V  -55.3  -51.6  111.6 -179.4 -174.3  -58.6  1.144   96.7  3.783    nan    nan   78.8
A  -52.8  -21.4  109.9 -178.5    nan    nan  1.146  117.6  3.779  5.392   69.7   84.3
G  -74.8   -2.6  114.1  176.7    nan    nan    nan  104.1  3.825    nan    nan   88.2
F  -98.2   41.2  107.3  179.4  -83.7    nan  1.015   95.0  3.823    nan    nan   84.1
T  -41.9  -53.6  117.3 -176.3  -60.6 -179.5  1.234  101.2  3.803  6.242  164.7 -176.6
N  -63.8  -40.7  115.5  179.8  -60.5    nan  1.106   94.7  3.766  5.306   63.5   74.0
S  -66.3  -40.0  108.8 -179.6  -42.7    nan  1.009   96.8  3.834  5.465   71.7   81.2
L  -60.7  -36.3  110.8  179.0  -60.2    nan  1.073  102.1  3.809  5.381   71.8   84.8
R  -71.7  -36.9  109.3 -179.1  169.8    nan  1.077   93.6  3.778  5.344   62.7   79.7
M  -68.5  -38.4  110.7  177.1  -70.6    nan  1.099   94.8  3.763  5.561   62.0   79.4
L  -67.3  -43.1  108.8  178.7  -65.8    nan  1.022   94.5  3.800  5.530   73.5   80.4
Q  -56.3  -36.0  110.9  178.7 -166.6    nan  1.063  105.9  3.787  5.396   72.7   86.3
Q  -83.6    2.7  114.5  179.3  -58.9    nan  1.051   97.5  3.788  5.365   52.1   69.5
K   61.2   36.1  115.6 -179.6  -44.8    nan  1.199   99.5  3.811  5.580 -124.9 -120.8
R  -99.4   77.6  105.3  177.3  -60.0    nan  0.986  102.6  3.813  6.004  119.2  114.9
W  -56.5  -53.5  117.1 -173.2  -41.2    nan  1.290   91.3  3.782  6.219 -172.1 -153.7
D  -61.6  -43.4  112.4 -179.5  -74.3    nan  1.164   96.7  3.750  5.345   60.6   75.7
E  -65.3  -44.9  113.1  177.9  -56.2    nan  1.108   92.6  3.744  5.459   62.7   78.3
A  -61.3  -38.0  110.0 -179.5    nan    nan  0.992  101.2  3.731  5.284   73.4   82.3
A  -60.6  -40.0  110.2 -178.0    nan    nan  1.135  100.6  3.862  5.393   63.0   89.3
V  -69.9  -43.2  111.1  179.2  164.3  -71.1  1.099   91.1  3.781  5.440   60.6   76.9
N  -64.8  -40.3  112.7  177.9 -171.5    nan  1.041   95.6  3.830  5.451   67.2   78.2
L  -60.9  -33.6  111.8  179.6  -78.2    nan  1.024  103.0  3.793  5.401   74.7   86.2
A  -70.7  -19.6  113.7 -178.0    nan    nan  1.128  100.6  3.865  5.348   61.5   85.1
K  -87.9   70.9  107.6  178.6  -51.9    nan  1.000  107.4  3.856  5.681   66.6   78.1
S -153.2  153.9  111.4 -173.9   58.9    nan  0.996  150.9  3.754  5.525  101.6  100.1
R  -58.1  -41.5  108.5  174.6  176.9    nan  0.972  102.5  3.748  5.291  -79.9  -89.5
W  -48.8  -53.4  109.8  180.0  169.0    nan  1.019  100.8  3.858  5.386   81.8   94.8
Y  -63.3  -41.0  113.8  179.2  177.8    nan  1.055   95.8  3.787  5.127   56.7   71.6
N  -72.7  -32.4  114.1 -177.8  -75.9    nan  1.078   92.4  3.770  5.170   57.2   77.6
Q  -80.0  -43.0  113.7  179.8  -64.4    nan  1.085   81.8  3.810  5.369   56.0   76.3
T -125.9   68.5  109.2  178.7   49.8  -68.8  1.054   91.9  3.865  5.085   -0.6   19.4
P  -57.8  -43.0  118.0 -178.0   13.7    nan  1.114   96.8  3.829  6.150 -166.0 -167.3
N  -66.3  -41.4  111.8 -175.6  -67.2    nan  1.065   94.4  3.823  5.389   66.1   84.3
R  -70.4  -44.8  109.5 -179.9  168.9    nan  1.058   91.0  3.796  5.327   59.1   75.8
A  -58.2  -44.8  110.2  177.6    nan    nan  1.088   99.7  3.826  5.415   67.5   81.9
K  -59.9  -37.8  112.2 -179.9  -64.2    nan  1.090  101.3  3.842  5.504   69.5   83.1
R  -65.7  -43.4  110.4 -178.9  -72.4    nan  1.065   94.6  3.824  5.460   72.1   84.7
V  -67.3  -44.1  111.5  179.0  174.7  -64.8  1.099   92.4  3.833  5.274   59.2   76.1
I  -60.3  -43.3  110.8  177.1  -68.2  170.6  1.102   98.6  3.858  5.501   64.6   80.5
T  -63.2  -31.9  111.4  178.3  -64.4  175.6  1.044  102.2  3.852  5.525   71.8   79.8
T  -67.3  -42.3  109.3  179.3  -58.2 -174.3  1.108   94.6  3.787  5.348   66.9   86.6
F  -65.5  -41.0  111.3  177.6  -85.9    nan  1.035   95.5  3.828  5.512   65.3   77.2
R  -69.9  -42.5  111.9 -177.1 -156.5    nan  1.112   91.0  3.765  5.199   57.2   79.3
T -101.1  -23.4  117.6 -174.9   67.0  -54.6  1.098   69.1  3.777  5.105   29.2   52.9
G   72.0   21.3  111.8 -176.3    nan    nan    nan   99.1  3.726    nan    nan -131.4
T -129.6  172.3  109.3  176.8   68.5  -52.2  0.919  131.7  3.815    nan    nan   74.0
W  -94.9   19.0  111.3  178.1  -64.8    nan  0.970   92.1  3.794  5.233 -105.4  -98.8
D  -51.8  -36.0  117.0 -176.9  -65.5    nan  1.156  106.9  3.766  5.960  132.5  153.5
A  -72.1  -12.3  112.6 -177.5    nan    nan  1.072  102.9  3.825  5.407   70.4   83.2
Y -109.7    3.7  110.8 -178.9  -72.0    nan  1.041   71.7  3.760  5.365   46.3   66.4
K -103.6    nan  111.3  179.8  -66.1    nan  1.146    nan  3.797  5.557   60.5   86.2
