Id   phi    psi    tau  omega    chi    chi2  solid    eta  CA-CA  CB-CB  BA^AB  NA^AC
M    nan  158.6  111.1    nan   40.3    nan  1.047    nan    nan    nan    nan    nan
V -138.2  127.8  113.4 -178.8  170.1  -68.6  1.077  131.7  3.807  5.594 -159.4 -158.2
L  -89.1  152.1  108.8  178.2  -78.7    nan  1.009   97.9  3.801  5.855 -134.1 -146.7
S  -85.3  167.4  106.9  177.7   62.8    nan  0.973   89.0  3.779  5.521 -109.1 -115.2
E  -59.6  -40.7  109.4  178.5  175.3    nan  1.019  101.4  3.825  5.303  -69.6  -72.0
G  -59.2  -39.1  112.6  179.6    nan    nan    nan  100.9  3.815    nan    nan   86.7
E  -69.3  -42.7  109.7  178.5  -73.6    nan  1.056   92.7  3.817    nan    nan   78.0
W  -60.5  -38.2  109.8  177.8  -78.8    nan  1.039  101.8  3.850  5.503   69.5   81.7
Q  -62.9  -39.3  112.5  179.6  -71.3    nan  1.085   97.8  3.802  5.380   69.0   85.7
L  -66.6  -37.9  109.6  178.6  -71.2    nan  1.027   97.1  3.814  5.442   68.1   80.3
V  -66.7  -51.5  110.8 -179.6  170.8  -65.8  1.043   89.5  3.816  5.388   67.8   82.4
L  -69.9  -22.7  113.7 -178.3  -60.6    nan  1.109   99.8  3.801  5.109   48.0   69.2
H  -70.3  -47.5  109.1  178.0  179.1    nan  1.044   90.1  3.824  5.666   77.9   91.6
V  -71.1  -31.1  111.0  178.2   65.6 -171.1  1.091   95.9  3.812  5.334   49.7   68.2
W  -66.7  -32.0  112.0  178.9 -161.1    nan  1.084   98.8  3.828  5.583   73.5   88.5
A  -61.9  -31.9  110.3  178.4    nan    nan  1.032  103.8  3.844  5.536   80.2   91.2
K  -73.8  -44.9  108.2  178.2  -54.1    nan  1.011   89.2  3.841  5.428   64.9   78.9
V  -55.7  -41.3  110.0  177.3  170.2  -68.4  1.020  103.7  3.822  5.403   74.1   83.4
E  -63.6  -15.5  115.6  179.8  -69.2    nan  1.152  108.9  3.834  5.301   60.8   83.0
A  -67.8  -22.3  108.9  176.6    nan    nan  1.013  103.6  3.819  5.767   92.7   99.5
D -150.8   73.6  109.4  179.4  176.2    nan  1.016   84.7  3.827  4.877   -6.5   11.9
V  -61.9  -43.4  114.4 -177.8 -179.6  -59.4  1.127   95.3  3.814  6.249 -172.2 -166.5
A  -61.6  -43.1  113.0 -179.3    nan    nan  1.075   96.5  3.815  5.394   71.1   84.2
G  -66.7  -43.6  111.7 -179.9    nan    nan    nan   93.0  3.805    nan    nan   78.7
H  -64.7  -40.7  110.5  178.2  -75.4    nan  1.047   96.8  3.797    nan    nan   78.0
G  -60.9  -41.4  111.6  179.8    nan    nan    nan   98.8  3.835    nan    nan   85.4
Q  -61.0  -54.8  110.0  178.6 -138.3    nan  0.986   92.0  3.800    nan    nan   83.4
D  -54.6  -45.0  113.2 -179.6  -74.2    nan  1.045  100.5  3.813  5.132   64.8   79.0
I  -65.9  -47.0  114.3 -179.9  -69.6  167.6  1.100   90.2  3.811  5.215   58.9   78.2
L  -66.5  -38.9  111.5 -179.5  -67.4    nan  1.064   95.7  3.824  5.343   60.4   75.9
I  -66.7  -40.8  109.2 -180.0  -72.4  164.0  1.065   95.8  3.796  5.374   64.5   81.4
R  -60.4  -45.3  108.3  178.4  168.2    nan  1.028   98.8  3.818  5.449   70.3   83.4
L  -59.4  -52.2  111.8  179.2  175.7    nan  1.036   93.4  3.827  5.364   67.7   81.4
F  -64.7  -32.2  114.0 -179.2  -61.6    nan  1.075   99.5  3.825  5.123   55.4   72.9
K  -79.0  -40.7  111.5  179.1  -72.8    nan  1.060   84.8  3.797  5.392   58.5   76.6
S  -74.4  -35.2  114.3 -179.2  -69.7    nan  1.065   89.5  3.810  5.252   57.7   74.4
H -137.7   77.0  107.7 -178.7  -54.8    nan  0.997   91.9  3.796  4.819   -1.5   15.7
P  -51.5  -26.6  114.7 -179.9  -31.3    nan  0.999  114.2  3.847  6.019 -149.6 -156.4
E  -62.7  -28.3  111.3  179.6   62.2    nan  1.087  104.6  3.813  5.506   72.5   97.2
T  -67.1  -31.1  111.9  179.5   60.7  -61.0  1.075   98.9  3.816  5.611   76.5   91.0
L  -61.5  -27.9  111.6  179.9 -175.6    nan  1.054  105.6  3.828  5.540   81.7   94.0
E  -63.2  -21.5  114.1  179.9  -76.1    nan  1.082  106.6  3.822  5.510   78.9   95.7
K  -76.9  -16.0  112.8  179.8  -71.9    nan  1.063   96.6  3.816  5.512   72.2   89.0
F -101.0  102.5  112.9 -179.0  -61.9    nan  1.057  114.4  3.797  5.333   51.2   71.8
D  -59.5  -34.2  111.1  179.4  -65.3    nan  1.044  104.2  3.810  5.986 -129.1 -142.7
R  -73.9  -23.4  116.3 -179.7  -77.1    nan  1.081   94.9  3.806  5.320   62.3   80.6
F -118.9   -6.8  114.4 -177.1  -50.5    nan  1.051   58.5  3.836  5.066   29.6   49.6
K  -46.2  -29.1  115.9 -178.4 -159.2    nan  1.064  116.8  3.802  5.736  120.0  132.5
H  -83.7  -16.2  116.3 -177.7   63.4    nan  1.070   89.0  3.836  5.299   57.3   78.6
L  -60.3  123.3  108.2 -179.2  -59.3    nan  1.029   87.4  3.815  5.654   96.6  109.1
K  -98.3  -27.9  116.5 -177.0  -57.9    nan  1.084   70.5  3.806  5.923 -150.0 -153.4
T -134.6  166.4  112.4 -177.2   65.4  -55.0  1.019  138.2  3.806  4.895   11.4   28.4
E  -62.9  -38.3  110.3  178.1  176.1    nan  1.042   99.6  3.781  5.215  -73.9  -76.9
A  -57.9  -43.4  109.0  178.8    nan    nan  1.016  101.3  3.802  5.413   78.8   88.9
E  -65.9  -37.3  111.2  179.4  -73.4    nan  1.058   97.2  3.797  5.289   60.8   77.5
M  -65.2  -42.0  110.3  178.6  -76.8    nan  1.031   95.8  3.782  5.358   70.1   83.3
K  -64.6  -32.6  113.1  179.8  -81.7    nan  1.056   99.8  3.811  5.326   65.3   81.0
A  -83.2  -13.2  114.3 -178.2    nan    nan  1.085   91.2  3.794  5.202   53.3   74.6
S  -73.2  114.6  113.7 -179.1  175.7    nan  1.087  103.2  3.792  5.613   82.6  101.2
E  -69.5  -35.8  108.2  178.9 -146.5    nan  1.012   96.4  3.802  5.891 -124.8 -142.1
D  -64.1  -42.0  112.7  178.8  -83.6    nan  1.076   95.3  3.820  5.416   68.6   85.8
L  -64.2  -43.0  109.8  178.8 -175.6    nan  1.043   96.4  3.839  5.420   68.0   80.4
K  -62.3  -39.7  111.4  178.8  175.7    nan  1.056   98.7  3.801  5.355   67.1   80.9
K  -66.8  -37.5  110.0 -179.9  -65.6    nan  1.059   97.0  3.816  5.383   65.1   80.9
H  -68.9  -36.6  111.1 -179.9 -173.3    nan  1.055   95.1  3.788  5.399   65.4   81.0
G  -61.9  -36.8  109.7  179.6    nan    nan    nan  101.5  3.792    nan    nan   87.8
V  -66.2  -44.1  109.5  179.3  171.4  -68.5  1.050   94.5  3.802    nan    nan   82.9
T  -58.8  -45.3  111.2  178.7  -66.6  172.8  1.036   98.3  3.817  5.353   71.3   82.8
V  -63.9  -49.1  112.9  178.9  174.0  -63.7  1.073   91.4  3.824  5.290   60.9   77.9
L  -67.0  -32.1  113.4 -179.1  -72.3    nan  1.105   97.9  3.823  5.284   55.2   74.1
T  -67.8  -41.8  108.5  178.2  -62.0  177.5  1.016   94.9  3.775  5.479   75.6   85.4
A  -65.8  -43.5  110.7  179.2    nan    nan  1.045   94.3  3.815  5.339   63.2   78.7
L  -65.2  -41.2  109.6  179.5  178.9    nan  1.027   96.6  3.832  5.334   64.8   77.9
G  -59.3  -42.3  112.4  178.9    nan    nan    nan   99.0  3.805    nan    nan   85.7
A  -62.4  -37.5  111.0  180.0    nan    nan  1.046  100.0  3.811    nan    nan   82.9
I  -68.2  -47.7  110.6  179.7  -73.3  162.7  1.050   90.5  3.809  5.352   64.4   81.1
L  -60.3  -39.4  112.4 -179.7  -65.0    nan  1.073   99.9  3.822  5.325   64.0   80.2
K  -67.0  -15.4  113.7 -179.8  -70.3    nan  1.097  106.2  3.834  5.356   63.3   81.9
K  -78.4  -14.3  110.5  177.3  -66.2    nan  1.043   96.4  3.836  5.664   76.0   90.4
K   51.9   47.0  113.9  178.6  -63.3    nan  1.106  100.8  3.829  5.630 -151.1 -146.3
G  100.8  -23.2  115.7  179.3    nan    nan    nan   89.7  3.782    nan    nan  -44.8
H  -92.3   60.8  108.7 -179.4  -60.3    nan  0.996  105.1  3.830    nan    nan   72.4
H -112.2   17.0  116.6 -175.2   52.2    nan  1.072   76.1  3.798  5.878  122.4  135.6
E  -48.2  -46.5  113.0  179.9   53.1    nan  1.093  104.3  3.798  6.030  140.2  150.6
A  -64.0  -44.9  113.6 -179.0    nan    nan  1.086   93.2  3.837  5.354   63.2   79.4
E  -68.0  -31.0  112.0 -179.3  -68.9    nan  1.038   98.2  3.811  5.299   63.7   76.4
L  -72.0  -32.9  115.3 -178.0 -128.5    nan  1.086   92.2  3.796  5.324   67.7   87.0
K  -54.0  -58.0  117.4 -178.0  -77.8    nan  1.147   89.7  3.820  5.499   83.5  102.9
P  -65.7  -30.0  113.2 -179.6   28.9    nan  0.993  100.2  3.819  5.119   57.2   68.4
L  -69.6  -44.8  111.1 -179.0 -167.8    nan  1.030   90.5  3.781  5.306   64.8   88.3
A  -66.8  -40.1  109.7  179.6    nan    nan  1.016   95.8  3.796  5.235   60.4   75.6
Q  -62.8  -47.7  112.9 -179.3 -178.3    nan  1.103   93.0  3.807  5.363   65.3   85.2
S  -67.6  -39.1  112.4  179.5   70.7    nan  1.091   94.2  3.796  5.311   57.3   73.6
H  -74.9  -24.9  114.6 -178.8  -70.9    nan  1.136   93.8  3.827  5.350   53.4   76.5
A  -86.6  -47.5  111.3  179.0    nan    nan  1.032   76.9  3.784  5.449   61.3   76.1
T  -89.0  -42.3  117.6 -174.7  -41.6 -161.6  1.104   72.6  3.819  4.914   34.1   58.4
K  -89.0  -59.2  112.9 -179.5 -164.0    nan  1.053   71.0  3.798  5.126   40.2   60.2
H  -80.9  -28.0  115.6 -177.1  -43.3    nan  1.091   86.5  3.827  4.976   32.0   54.2
K   60.9   65.4  112.5  179.7 -106.5    nan  1.064   84.2  3.842  5.505 -149.4 -148.7
I -104.2  112.2  112.5 -177.8  -50.1 -175.3  1.035  115.9  3.783  6.037  141.7  143.1
P  -67.5  152.4  112.6  179.6   27.5    nan  0.988   80.0  3.814  5.828 -128.3 -139.3
I  -53.5  -35.0  111.1  179.9  -68.3  169.5  1.060  108.8  3.830  5.595  -80.0  -84.1
K  -51.8  -43.3  110.4  178.8  177.8    nan  1.019  105.2  3.814  5.514   89.0   98.0
Y  -68.4  -29.6  112.6  179.8  -71.3    nan  1.077   98.2  3.831  5.292   57.1   76.2
L  -71.1  -29.1  107.0  177.9  -64.4    nan  1.028   98.6  3.805  5.489   70.4   83.8
E  -69.9  -41.1  108.7  177.1  -72.5    nan  1.030   93.5  3.815  5.551   69.8   84.4
F  -59.6  -43.3  112.5  178.8  -64.9    nan  1.048   98.2  3.827  5.411   72.7   85.1
I  -71.8  -29.1  110.9 -179.9 -161.4   75.2  1.117   96.2  3.816  5.320   51.9   73.6
S  -63.5  -42.0  108.4  178.5  -66.6    nan  1.019   98.2  3.823  5.672   83.5   91.9
E  -63.8  -38.8  110.5  178.7  174.8    nan  1.009   98.5  3.822  5.277   67.4   79.4
A  -68.0  -37.2  110.5  178.7    nan    nan  1.050   95.8  3.818  5.338   62.2   79.3
I  -66.0  -46.2  109.3  179.8  -70.2  168.2  1.035   93.7  3.822  5.458   70.1   83.3
I  -62.2  -40.9  111.0  180.0  -68.0  170.4  1.088   98.3  3.783  5.273   60.9   78.8
H  -61.1  -46.6  112.3  179.6  174.2    nan  1.050   95.2  3.816  5.470   72.5   85.1
V  -67.2  -40.9  112.7 -179.2  173.2  -64.6  1.110   93.4  3.819  5.233   54.9   75.6
L  -65.4  -38.5  109.1  179.2  -57.1    nan  1.029   98.1  3.846  5.540   69.5   80.4
H  -62.9  -41.8  111.1  178.7  178.8    nan  1.039   97.2  3.780  5.340   71.0   84.2
S  -71.3  -44.9  113.1 -179.8  -56.1    nan  1.033   88.0  3.847  5.376   61.5   75.4
R  -84.8  -24.8  118.4 -176.9  -66.5    nan  1.135   83.3  3.794  4.959   39.9   64.5
H -131.5   54.2  113.6 -177.0  -53.2    nan  1.051   81.7  3.819  4.958   16.8   35.1
P  -53.8  -40.0  115.3 -179.8   28.1    nan  1.027  103.3  3.830  6.108  179.7 -179.3
G  -68.9  -22.0  114.8 -179.6    nan    nan    nan  100.8  3.803    nan    nan   81.2
N -114.7   13.4  110.5 -179.8  -70.0    nan  1.034   70.6  3.811    nan    nan   51.8
F -138.6   54.0  110.6 -179.4 -154.4    nan  1.052   75.4  3.788  5.271   39.9   60.2
G  -74.6 -172.9  108.2  177.1    nan    nan    nan   72.4  3.788    nan    nan  157.1
A  -54.8  -47.7  114.7 -178.3    nan    nan  1.108   97.8  3.819    nan    nan  -40.8
D  -63.7  -43.5  112.2 -179.6  -67.7    nan  1.071   95.1  3.808  5.324   63.6   78.1
A  -63.8  -39.4  110.8  179.8    nan    nan  1.049   98.0  3.798  5.327   66.3   80.3
Q  -67.9  -38.0  110.0  179.6  178.8    nan  1.044   95.8  3.818  5.401   64.1   79.6
G  -61.9  -43.7  109.6  178.5    nan    nan    nan   97.8  3.788    nan    nan   85.3
A  -63.9  -41.5  111.3  179.0    nan    nan  1.052   96.5  3.806    nan    nan   78.8
M  -66.0  -41.6  110.0  179.2 -178.9    nan  1.043   95.5  3.833  5.389   64.8   79.2
N  -61.2  -41.2  110.6  179.1  178.4    nan  1.028   99.1  3.809  5.408   71.9   83.3
K  -65.2  -39.1  109.9  179.2 -160.1    nan  1.030   97.5  3.818  5.266   65.9   79.8
A  -64.6  -42.8  111.0  178.7    nan    nan  1.041   95.5  3.841  5.433   67.1   82.2
L  -73.4  -31.4  111.4 -179.5  -63.9    nan  1.071   93.5  3.817  5.230   53.7   72.4
E  -67.4  -40.3  109.2  177.6  -70.9    nan  1.011   95.6  3.822  5.563   75.3   85.8
L  -61.1  -48.6  107.1  178.5  173.7    nan  0.988   97.2  3.832  5.365   73.7   82.9
F  -53.7  -50.9  111.2  178.0  167.7    nan  1.032   98.5  3.819  5.245   69.7   82.3
R  -63.1  -40.3  113.4  179.2  -62.5    nan  1.090   96.6  3.845  5.256   55.4   73.9
K  -63.8  -43.9  110.5  178.9 -178.0    nan  1.033   95.7  3.818  5.412   71.4   82.7
D  -69.7  -33.2  112.0  179.9  -75.6    nan  1.093   95.6  3.811  5.262   54.0   74.6
I  -70.3  -42.5  108.8  178.6  -81.1  158.5  1.011   92.5  3.827  5.590   72.1   82.2
A  -59.5  -40.1  110.6  179.5    nan    nan  1.031  101.1  3.824  5.318   72.8   84.0
A  -66.7  -37.5  110.3  179.4    nan    nan  1.052   96.8  3.821  5.299   62.8   79.7
K  -69.9  -39.2  109.1  177.8 -109.2    nan  1.021   94.1  3.825  5.411   63.7   77.6
Y  -55.2  -46.7  109.4  178.9  -90.7    nan  0.996  101.1  3.835  5.460   81.7   90.4
K  -59.4  -46.5  110.7  179.7 -176.6    nan  1.043   97.4  3.811  5.200   65.7   80.4
E  -62.4  -33.1  111.7  178.8  -64.7    nan  1.048  102.1  3.822  5.334   63.9   77.9
L  -82.7   -7.8  113.1 -179.6  -62.1    nan  1.072   94.1  3.823  5.286   53.2   72.9
G   92.8   18.2  117.0  178.4    nan    nan    nan   79.1  3.809    nan    nan -103.5
Y -114.0  -59.3  113.3 -179.2  175.5    nan  1.072   58.8  3.772    nan    nan   90.3
Q   40.6   25.9  113.0 -178.0 -129.6    nan  1.082  124.9  3.822  5.465  163.0  165.4
G  -74.8    nan  111.0 -179.5    nan    nan    nan    nan  3.802    nan    nan  134.3
