Id   phi    psi    tau  omega    chi    chi2  solid    eta  CA-CA  CB-CB  BA^AB  NA^AC
M    nan  147.6  108.2    nan  176.3    nan  1.018    nan    nan    nan    nan    nan
N -152.3  175.7  107.6  178.7   58.7    nan  1.050  153.3  3.814  5.699  172.3  172.5
I  -53.2  -38.4  114.1 -178.0 -174.5   65.4  1.212  105.4  3.844  5.383  -61.9  -53.1
F  -67.9  -47.2  113.2 -179.8  -69.7    nan  1.094   89.3  3.783  5.549   70.9   82.4
E  -65.6  -36.9  110.9  179.0  -62.0    nan  1.013   97.8  3.799  5.325   66.6   75.0
M  -64.9  -52.4  109.8 -179.3  179.8    nan  0.972   90.9  3.804  5.295   75.7   85.3
L  -62.1  -33.1  112.2  177.4  -81.6    nan  1.075  102.1  3.838  5.184   52.5   71.6
R  -64.5  -33.9  111.9  179.8  166.3    nan  1.113   99.7  3.803  5.474   70.4   89.5
I  -71.1  -46.0  109.4  177.6  -77.7  159.6  1.041   89.9  3.790  5.456   67.6   79.9
D  -72.0  -30.1  115.8 -177.3  -78.8    nan  1.051   93.5  3.814  5.206   56.7   73.3
E -102.6  -21.7  114.1 -175.8  -59.4    nan  1.064   69.5  3.799  5.077   37.1   61.0
G   69.4 -168.5  110.0 -175.4    nan    nan    nan   73.7  3.793    nan    nan -130.9
L -140.7  129.2  110.2  176.1  163.3    nan  1.005  131.2  3.788    nan    nan -122.8
R -138.5  129.4  107.9  178.7  -61.0    nan  1.082  129.3  3.815  5.784  164.6  167.0
L  -90.2    3.8  115.3 -177.6  -58.8    nan  1.063   91.4  3.818  5.835 -129.6 -140.5
K -129.5  144.3  108.3 -179.5  176.7    nan  0.990  131.2  3.812  5.149   43.0   59.5
I  -50.9  135.3  109.5 -178.8  -65.1  173.1  1.011   74.5  3.836  5.712  -78.7  -88.1
Y -140.3  166.6  108.7  179.0   66.5    nan  1.062  142.7  3.787  5.750  172.8  171.8
K  -97.8  136.1  109.9  175.7  -77.6    nan  1.021  109.4  3.753  5.432 -110.9 -109.0
D  -78.4 -175.1  111.7  179.9   76.2    nan  1.176   76.6  3.837  5.841 -128.3 -124.8
T  -62.8  -22.5  111.2 -175.9   69.4  -48.4  1.076  107.3  3.803  5.142  -45.6  -50.4
E  -93.7   -0.9  113.1  179.8  -58.4    nan  1.109   86.0  3.831  5.400   50.4   71.8
G   88.8   13.2  113.4 -179.1    nan    nan    nan   86.0  3.792    nan    nan  -97.4
Y  -99.7  144.2  112.6 -177.5  -54.4    nan  1.025  111.0  3.858    nan    nan  102.0
Y  -61.2  124.3  111.4 -179.1  -72.1    nan  1.067   89.6  3.769  5.386  -92.8 -101.5
T -140.8  166.6  108.0 -175.3  -58.4  178.2  0.925  143.1  3.831  5.797  180.0  159.4
I -154.1  169.0  107.1  175.0 -163.3   71.4  1.002  155.2  3.824  5.593 -177.9 -168.6
G   65.8 -131.3  114.0  174.9    nan    nan    nan   90.4  3.769    nan    nan   44.7
I -104.8   71.6  110.5  179.9  -59.2 -178.2  1.082  103.9  3.812    nan    nan  -40.5
G   68.0   30.5  115.3 -180.0    nan    nan    nan   97.0  3.766    nan    nan  -51.9
H  -86.7  103.1  110.5  178.4 -175.4    nan  1.019  109.1  3.805    nan    nan  125.8
L  -63.0  129.5  110.5 -179.6  171.5    nan  0.997   87.2  3.826  6.037 -131.5 -143.3
L  -93.4  -48.1  112.7  179.1  -68.8    nan  1.118   70.9  3.781  5.925 -151.1 -144.0
T -166.2  154.3  111.2 -179.6  174.7   49.7  1.028  155.8  3.758  4.712  -37.1  -27.7
K  -89.3   -6.4  112.2  176.7  -65.7    nan  1.150   88.3  3.767  5.512 -122.5 -116.8
S  -74.7  147.2  111.6  178.2  133.9    nan  1.099   88.3  3.761  5.753   88.8  103.0
P  -74.6   -5.6  113.0 -178.1   -3.9    nan  0.941  103.2  3.785  5.321  -87.3 -110.8
S  -88.1  119.1  114.8 -176.9  171.2    nan  1.103  110.5  3.683  5.194   64.6   96.4
L  -65.0  -23.9  110.9  176.3  177.5    nan  1.076  104.8  3.828  5.993 -119.4 -133.9
N  -75.1  -44.8  109.0  179.4  -82.1    nan  1.089   87.7  3.792  5.572   70.0   86.6
A  -57.3  -34.4  110.4  175.1    nan    nan  1.040  106.2  3.747  5.363   72.8   80.7
A  -73.2  -41.6  113.9  178.7    nan    nan  1.133   87.6  3.884  5.442   56.4   79.2
K  -66.2  -29.4  110.1  177.5  -91.5    nan  1.057  101.4  3.838  5.485   68.5   78.2
N  -70.3  -42.1  110.4  177.3  -74.6    nan  1.054   91.7  3.846  5.573   72.5   84.3
E  -68.1  -38.0  107.1  178.7  -83.8    nan  0.966   97.2  3.782  5.325   69.7   75.2
L  -61.8  -45.4  113.7 -179.8 -179.9    nan  1.135   94.6  3.813  5.356   65.4   87.4
D  -66.3  -37.3  112.0 -179.5  -74.4    nan  0.977   96.4  3.860  5.328   71.0   77.2
K  -63.3  -47.1  108.9  177.2  175.8    nan  1.043   95.4  3.767  5.174   63.7   83.4
A  -65.4  -38.1  114.3  179.3    nan    nan  1.063   95.5  3.851  5.302   58.4   74.9
I  -93.1  -20.8  113.7 -178.8  -58.4  175.8  1.059   78.9  3.817  5.106   38.6   59.9
G   76.7   33.3  114.9  179.1    nan    nan    nan   88.1  3.811    nan    nan -130.0
R -164.4  163.9  109.8  176.5   84.2    nan  1.077  161.9  3.841    nan    nan   45.6
N  -79.6  110.0  104.6  177.9 -135.4    nan  0.898   99.8  3.706  5.122  -81.8  -97.1
T  -96.0  -30.0  115.9 -173.5   66.0  -56.2  1.079   72.1  3.803  6.069 -170.4 -158.8
N   67.7   31.1  111.2 -176.1 -159.3    nan  1.152   98.7  3.750  5.434 -146.1 -140.5
G   74.5   17.3  116.9  178.5    nan    nan    nan   97.2  3.847    nan    nan  -83.9
V -135.3  137.4  111.0  178.9  177.4  -62.8  0.963  133.9  3.798    nan    nan   64.8
I -130.0  167.3  108.0 -179.9   64.7  -59.7  1.017  132.8  3.811  5.768 -176.3 -175.4
T  -95.4  173.3  107.2  179.3   66.7  -55.1  0.966   97.3  3.787  5.490 -102.9 -105.8
K  -60.1  -42.7  112.1  178.8 -174.0    nan  1.095   98.4  3.782  5.094  -68.7  -65.0
D  -60.2  -44.0  112.6  178.1  -72.5    nan  0.994   97.2  3.842  5.473   78.9   83.3
E  -63.3  -42.3  110.3  177.5  -74.6    nan  1.020   97.1  3.797  5.154   66.3   78.3
A  -58.6  -44.9  110.7  177.4    nan    nan  1.080   99.0  3.864  5.428   67.8   83.7
E  -66.7  -30.1  113.0  178.4  -74.7    nan  1.144   99.3  3.785  5.285   54.8   75.5
K  -70.6  -41.5  111.4  177.9 -169.1    nan  1.098   91.2  3.751  5.552   69.9   85.4
L  -61.3  -37.1  109.4  177.3  -66.1    nan  1.031  102.0  3.790  5.497   75.2   82.2
F  -64.0  -51.3  111.1 -177.7 -175.8    nan  1.153   91.2  3.783  5.264   63.7   87.1
N  -54.6  -41.9  110.0  174.9  -72.3    nan  1.064  104.2  3.798  5.547   69.0   77.3
Q  -66.2  -39.6  114.4 -179.8  -62.4    nan  1.066   94.0  3.770  5.373   67.0   80.7
D  -68.2  -34.1  114.0 -178.3  -67.6    nan  1.124   95.4  3.730  5.208   60.6   82.5
V  -71.6  -44.2  109.5  178.8  172.5  -62.8  1.093   90.3  3.811  5.478   63.1   80.8
D  -59.6  -45.0  109.2  178.2 -170.5    nan  1.058   99.1  3.805  5.431   66.8   81.1
A  -64.1  -40.3  113.5  179.5    nan    nan  1.088   95.8  3.744  5.339   60.9   78.7
A  -60.5  -49.1  108.4  179.0    nan    nan  1.072   96.6  3.839  5.480   71.5   85.3
V  -59.4  -46.1  111.1  179.1  174.7  -61.8  1.134   97.5  3.798  5.360   61.2   78.1
R  -65.1  -34.2  112.3 -179.7  -73.1    nan  1.170   98.9  3.856  5.398   55.7   77.2
G  -62.8  -45.4  111.9  174.9    nan    nan    nan   94.8  3.815    nan    nan   86.0
I  -58.3  -50.6  109.9  178.7  -80.8  160.1  1.024   96.3  3.850    nan    nan   82.4
L  -62.5  -26.5  114.2 -176.8  -56.5    nan  1.181  104.5  3.836  5.224   51.5   77.8
R  -92.5  -12.2  111.9  179.4  -76.4    nan  0.973   83.0  3.831  5.523   64.8   68.7
N  -90.0  123.9  112.4 -177.3 -173.4    nan  1.042  108.5  3.808  5.232   66.1   87.6
A  -64.9  -22.6  112.8 -176.7    nan    nan  1.107  104.9  3.853  5.979 -118.5 -122.0
K  -87.3  -32.5  112.4  178.6  -92.2    nan  0.962   80.5  3.738  5.484   71.3   77.6
L  -88.6  -36.6  114.6 -174.1  -63.5    nan  1.076   76.8  3.684  4.898   48.9   73.7
K  -50.6  -50.3  116.4 -175.7 -168.1    nan  1.134   98.1  3.767  5.366   84.2  104.3
P  -62.7  -33.6  110.9 -179.1   -4.0    nan  0.963  101.9  3.797  5.268   69.1   77.1
V  -67.1  -49.1  110.6  177.2 -176.3  -57.5  1.084   90.5  3.772  5.356   61.5   84.2
Y  -58.5  -43.6  111.3  179.5 -173.2    nan  1.016   99.5  3.771  5.252   69.2   79.5
D  -62.5  -30.9  111.6 -179.2  -75.6    nan  1.054  103.2  3.799  5.354   65.3   82.2
S  -76.7  -24.6  115.3 -178.1   78.4    nan  1.143   92.1  3.762  5.284   59.5   82.6
L  -80.5  158.0  118.3 -176.5  -56.7    nan  1.110   91.2  3.800  5.444   68.6   87.4
D  -78.8  171.3  108.8  171.0   56.8    nan  1.007   81.7  3.808  5.372  -97.4 -107.7
A  -56.1  -47.1  116.2 -176.4    nan    nan  1.234   96.4  3.829  5.290  -72.4  -59.9
V  -60.7  -49.4  112.5 -179.6  177.4  -62.1  1.120   93.7  3.803  5.503   68.9   81.9
R  -66.6  -30.2  112.7 -178.0  -71.7    nan  1.116   99.5  3.731  5.182   55.3   74.8
R  -61.2  -37.2  108.4  175.9  -88.1    nan  0.945  102.5  3.802  5.600   88.9   91.2
A  -60.8  -39.2  112.3  177.8    nan    nan  1.077   99.7  3.812  5.251   66.6   86.8
A  -63.2  -38.1  112.1  177.2    nan    nan  1.064   98.5  3.839  5.482   67.8   82.9
L  -68.0  -37.3  110.2  179.0 -170.0    nan  1.013   96.0  3.811  5.384   67.8   80.6
I  -64.2  -44.1  108.9 -180.0  -65.8  171.3  1.050   96.3  3.796  5.387   66.9   84.8
N  -58.2  -45.5  110.3  179.3 -170.9    nan  0.997   99.1  3.821  5.324   73.6   83.5
M  -61.0  -44.9  111.4  177.4  -77.1    nan  1.035   96.7  3.755  5.324   64.1   79.1
V  -63.4  -36.6  111.2 -178.8  169.4  -69.6  1.106   99.6  3.852  5.335   62.3   80.6
F  -65.6  -39.1  110.6 -179.5 -173.4    nan  0.948   96.9  3.822  5.457   80.1   85.2
Q  -77.3  -45.3  112.9 -178.2 -178.5    nan  1.017   83.4  3.792  5.148   53.6   73.4
M -112.6    0.3  119.8 -174.8   74.7    nan  1.277   67.5  3.716  4.597   -1.1   40.5
G   80.9  160.2  110.5  179.3    nan    nan    nan   74.6  3.752    nan    nan -104.6
E  -57.8  -43.0  114.0 -177.4 -149.0    nan  1.019   98.9  3.779    nan    nan  -77.7
T  -66.8  -46.3  109.9 -179.7  -57.3 -175.6  1.067   92.6  3.729  5.130   55.8   78.4
G  -52.2  -52.5  111.7  178.3    nan    nan    nan   98.1  3.783    nan    nan   87.1
V  -63.8  -47.0  112.6 -177.5  179.7  -60.2  1.129   92.7  3.851    nan    nan   74.5
A  -53.3  -17.1  109.9  179.0    nan    nan  1.132  119.4  3.764  5.348   69.9   86.1
G  -83.5    0.6  115.5  176.8    nan    nan    nan   96.8  3.842    nan    nan   84.7
F  -99.3   43.3  108.5  178.4  -82.3    nan  0.985   95.6  3.785    nan    nan   85.8
T  -38.2  -57.6  116.4 -178.7  -54.5 -172.9  1.077  100.9  3.804  6.141 -178.5 -173.5
N  -61.2  -40.7  113.9 -178.5  -57.3    nan  1.144   97.7  3.770  5.019   51.4   73.3
S  -67.1  -39.1  111.2  178.8  -55.0    nan  1.016   95.3  3.788  5.536   70.9   79.5
L  -61.8  -44.0  109.6 -178.0  -63.4    nan  1.087   97.7  3.781  5.307   70.7   87.2
R  -58.4  -42.7  112.5  177.3  172.5    nan  1.081   99.5  3.774  5.417   70.2   82.8
M  -66.6  -38.5  111.0 -179.6  -65.6    nan  1.084   96.1  3.789  5.345   62.3   79.1
L  -63.9  -46.3  108.3  178.9  -69.1    nan  1.041   95.7  3.840  5.520   71.5   83.3
Q  -56.2  -37.3  110.7 -179.2 -160.9    nan  1.038  105.3  3.743  5.279   71.5   84.8
Q  -80.8   -5.1  112.6 -177.1  -77.4    nan  1.059   97.2  3.785  5.225   51.0   72.2
K   66.3   31.8  114.1  179.1  -47.4    nan  1.183   98.3  3.763  5.566 -128.7 -124.1
R  -96.3   75.9  106.2  176.4  -74.8    nan  0.984  104.0  3.821  6.021  118.4  114.0
W  -55.8  -52.2  117.9 -174.4  -40.9    nan  1.238   92.2  3.788  6.149 -169.6 -155.2
D  -62.4  -40.3  111.7  179.6  -71.8    nan  1.152   98.1  3.790  5.361   59.2   75.5
E  -67.6  -41.5  112.8  178.7  -57.1    nan  1.100   92.8  3.751  5.504   64.6   79.6
A  -61.4  -41.5  110.9  178.4    nan    nan  1.083   98.6  3.790  5.392   69.3   83.6
A  -59.9  -41.2  111.2 -179.9    nan    nan  1.065   99.8  3.808  5.429   70.8   85.7
V  -63.4  -49.8  111.7  179.1  163.0  -76.9  1.123   92.1  3.791  5.372   61.8   82.1
N  -63.4  -40.7  113.3 -179.8 -169.7    nan  1.056   96.3  3.788  5.278   62.4   75.6
L  -59.5  -33.1  109.7 -179.5  -77.4    nan  1.004  105.5  3.874  5.563   76.6   87.4
A  -69.6  -19.8  114.2 -178.5    nan    nan  1.159  101.4  3.881  5.418   62.2   85.9
K  -89.3   70.4  108.4  178.1  -50.3    nan  1.013  107.6  3.859  5.670   67.0   76.0
S -155.7  154.2  108.2 -173.4   60.0    nan  0.963  151.2  3.743  5.510  100.6   96.6
R  -61.0  -36.8  109.2  175.6  171.9    nan  0.945  102.5  3.792  5.376  -79.5  -90.2
W  -49.7  -51.1  110.4  179.0  168.8    nan  1.022  101.5  3.814  5.334   85.5   97.9
Y  -66.3  -39.9  112.6 -179.4 -179.5    nan  1.008   94.7  3.772  5.109   59.0   71.8
N  -70.4  -33.5  111.8 -177.3  -75.7    nan  1.074   94.9  3.806  5.202   57.0   80.2
Q  -81.8  -39.2  113.8 -179.5  -57.3    nan  1.159   81.9  3.814  5.425   46.8   73.8
T -131.8   69.3  107.1 -179.1   50.0  -68.9  1.031   88.3  3.792  5.020    2.7   18.9
P  -56.9  -42.3  117.3 -177.3   11.9    nan  1.070   98.4  3.763  6.128 -163.7 -165.0
N  -68.7  -41.5  112.9 -175.7  -67.9    nan  1.142   91.9  3.842  5.322   54.5   82.8
R  -67.7  -46.5  110.5  177.7 -179.0    nan  1.027   91.5  3.739  5.411   66.9   77.1
A  -58.7  -41.1  110.7  179.7    nan    nan  1.130  101.2  3.796  5.277   61.9   82.1
K  -60.9  -37.6  111.7  179.3  -66.5    nan  1.055  100.8  3.841  5.625   75.7   84.9
R  -65.0  -42.5  110.9 -178.6  -64.4    nan  1.105   95.4  3.792  5.435   69.5   86.1
V  -68.4  -45.2  111.2 -178.9  167.4  -65.7  1.090   91.2  3.783  5.302   62.9   77.8
I  -58.1  -43.3  111.0  177.4  -73.5  168.2  1.065  100.1  3.851  5.432   68.9   81.7
T  -62.2  -34.7  111.9  177.6  -63.8 -179.6  1.058  101.3  3.830  5.429   68.0   80.2
T  -65.1  -46.1  109.7  177.8  -60.6 -177.4  1.070   94.1  3.770  5.369   69.7   85.0
F  -66.2  -37.2  110.6  176.2  -81.5    nan  0.996   97.3  3.821  5.442   64.6   72.5
R  -65.2  -48.4  113.4 -179.2 -146.4    nan  1.099   90.5  3.825  5.361   67.5   86.0
T  -96.8  -20.8  118.1 -174.2   67.1  -55.2  1.086   73.9  3.766  4.895   30.9   52.7
G   69.3   22.6  110.7 -175.5    nan    nan    nan  101.5  3.770    nan    nan -130.3
T -128.2  172.1  110.5  176.1   72.2  -51.2  1.001  130.6  3.800    nan    nan   76.2
W  -96.5   16.3  110.4  179.2  -65.7    nan  0.987   89.3  3.816  5.306 -100.9 -101.1
D  -50.3  -37.4  117.4 -178.5  -65.7    nan  1.140  107.0  3.780  5.918  135.4  151.4
A  -67.0  -17.2  111.5 -176.4    nan    nan  1.070  105.9  3.861  5.485   72.7   87.2
Y -105.7    3.3  109.4 -176.3  -69.9    nan  1.103   75.4  3.729  5.258   42.2   66.9
K  -99.0    nan  113.9  177.4  -58.0    nan  1.372    nan  3.736  5.600   49.4   90.4
