Id   phi    psi    tau  omega    chi    chi2  solid    eta  CA-CA  CB-CB  BA^AB  NA^AC
M    nan  153.2  112.2    nan   50.6    nan  1.053    nan    nan    nan    nan    nan
V -137.6  131.3  112.0 -179.5  174.9  -62.7  1.051  132.6  3.800  5.624 -162.7 -164.9
L  -91.0  150.8  108.6  178.4  -81.5    nan  1.012   99.8  3.789  5.828 -135.0 -143.3
S  -84.0  165.0  106.6  178.5   71.4    nan  0.971   88.4  3.790  5.546 -107.8 -115.2
E  -61.2  -35.3  109.5  178.3  174.1    nan  1.021  103.0  3.804  5.331  -73.9  -76.0
G  -60.4  -44.2  111.0  179.3    nan    nan    nan   97.8  3.820    nan    nan   89.9
E  -66.4  -43.2  111.0  178.2  -67.0    nan  1.074   93.9  3.801    nan    nan   75.6
W  -61.4  -36.6  109.7  177.6  -77.4    nan  1.043  101.9  3.845  5.532   69.2   80.6
Q  -64.0  -35.3  112.3 -180.0  -73.4    nan  1.072   99.2  3.819  5.441   71.6   86.6
L  -68.1  -40.5  109.3  178.9  -75.5    nan  1.027   94.8  3.819  5.428   69.7   82.6
V  -66.9  -50.1  110.3 -179.8  166.4  -69.9  1.028   90.4  3.796  5.311   65.5   79.4
L  -71.4  -23.3  113.6 -178.2  -63.1    nan  1.106   98.2  3.804  5.131   47.4   69.1
H  -69.6  -46.4  110.0  178.4  179.3    nan  1.040   90.5  3.813  5.639   79.9   92.3
V  -72.3  -31.9  110.1  179.2   74.5 -162.8  1.077   94.9  3.821  5.306   50.8   68.7
W  -65.8  -31.2  111.3  178.7 -161.6    nan  1.068  100.3  3.807  5.562   74.5   88.1
A  -63.4  -32.0  110.1  178.7    nan    nan  1.035  102.5  3.819  5.503   78.9   90.6
K  -71.8  -43.4  108.0  178.4  -57.0    nan  1.007   91.4  3.840  5.457   67.8   80.9
V  -57.2  -40.2  110.3  178.0  168.5  -69.5  1.030  103.1  3.793  5.328   72.4   84.0
E  -68.1  -10.6  115.8  180.0  -64.6    nan  1.137  107.1  3.819  5.296   57.5   80.4
A  -70.7  -20.5  108.1  176.6    nan    nan  1.014  101.9  3.817  5.771   93.2  101.1
D -151.8   74.2  109.4  179.0  177.7    nan  1.022   84.9  3.846  4.908   -6.6   12.0
V  -60.3  -47.1  113.0 -178.0  180.0  -58.7  1.091   95.0  3.811  6.232 -167.0 -165.3
A  -58.7  -46.7  113.7 -179.0    nan    nan  1.088   96.1  3.834  5.331   68.8   83.6
G  -62.9  -43.7  112.7  178.9    nan    nan    nan   95.3  3.800    nan    nan   78.5
H  -66.3  -39.7  110.7  179.4  -74.7    nan  1.038   95.9  3.813    nan    nan   77.6
G  -61.4  -39.7  110.6  179.8    nan    nan    nan   99.9  3.824    nan    nan   85.6
Q  -63.4  -53.9  109.5  178.6 -142.5    nan  1.002   91.3  3.795    nan    nan   82.4
D  -54.2  -44.3  113.9  179.7  -73.8    nan  1.053  100.9  3.824  5.236   65.9   79.7
I  -66.0  -49.3  113.8 -179.7  -69.8  167.4  1.103   89.2  3.796  5.189   59.7   78.9
L  -61.9  -42.3  111.6 -180.0  -72.0    nan  1.049   97.5  3.838  5.370   64.8   77.6
I  -66.0  -42.4  109.6 -179.8  -71.1  164.1  1.044   95.4  3.806  5.307   64.2   79.1
R  -60.2  -43.6  108.6  178.7  158.4    nan  1.032   99.8  3.803  5.367   68.4   82.7
L  -61.5  -52.1  111.6  180.0  173.6    nan  1.034   92.2  3.826  5.385   67.2   81.7
F  -62.1  -35.8  113.9 -179.1  -65.3    nan  1.076   99.8  3.824  5.105   58.2   75.3
K  -77.3  -40.8  111.6  179.1  -62.4    nan  1.055   86.1  3.795  5.365   57.4   75.0
S  -73.6  -33.3  113.5 -179.0  -62.0    nan  1.063   91.5  3.809  5.269   58.5   75.1
H -138.4   76.3  109.1 -178.7  -56.3    nan  1.012   92.0  3.801  4.827   -0.7   16.8
P  -48.8  -28.7  115.6 -179.6  -32.1    nan  1.012  115.0  3.853  6.005 -147.8 -154.8
E  -62.2  -32.2  111.6  179.3   65.1    nan  1.044  102.8  3.822  5.479   74.7   95.6
T  -63.0  -30.8  111.3 -179.9   64.4  -57.1  1.085  102.9  3.799  5.487   74.3   91.6
L  -63.0  -29.8  112.6  179.8 -174.7    nan  1.061  102.9  3.826  5.552   79.5   92.7
E  -62.5  -24.4  112.8 -179.8  -61.4    nan  1.053  106.2  3.825  5.495   80.3   94.7
K  -72.4  -16.9  113.8 -179.5  -76.4    nan  1.062  100.2  3.819  5.462   74.1   91.0
F -103.9  100.4  111.3 -179.1  -62.1    nan  1.020  113.0  3.784  5.269   49.1   67.5
D  -62.8  -23.1  110.0  179.0  -56.7    nan  1.046  107.6  3.795  6.019 -138.9 -147.2
R  -75.5  -28.9  114.8  178.8 -102.5    nan  1.083   91.3  3.813  5.507   69.2   87.9
F -118.1   -5.0  115.4 -177.6  -48.9    nan  1.066   59.9  3.852  5.055   24.2   44.9
K  -43.5  -36.0  114.8 -179.2 -153.1    nan  1.032  114.7  3.816  5.779  126.8  135.8
H  -77.3  -18.9  116.6 -177.7   65.9    nan  1.074   93.8  3.834  5.213   55.8   78.1
L  -58.4  120.1  109.5 -179.0  -58.6    nan  1.044   89.0  3.833  5.647   96.0  109.0
K  -94.3  -33.2  116.6 -176.9  -55.8    nan  1.086   72.1  3.811  5.927 -147.7 -153.8
T -130.8  164.6  113.3 -177.8   66.2  -54.8  1.028  135.1  3.790  4.871    9.1   27.6
E  -61.1  -35.2  110.4  177.6  179.7    nan  1.035  102.6  3.788  5.192  -73.3  -78.2
A  -62.9  -41.2  108.9 -179.7    nan    nan  1.022   98.8  3.811  5.423   75.3   88.2
E  -65.9  -38.3  110.6  179.3  -74.4    nan  1.041   97.0  3.789  5.307   64.3   79.3
M  -64.4  -47.4  110.5  178.7  -73.3    nan  1.030   93.5  3.811  5.350   69.5   83.0
K  -59.4  -35.6  111.0  179.7  -75.8    nan  1.041  103.5  3.804  5.290   66.6   80.4
A  -78.7  -14.4  114.4 -178.6    nan    nan  1.070   95.1  3.787  5.213   56.2   75.5
S  -73.8  116.2  114.0 -178.2  175.7    nan  1.087  103.1  3.791  5.558   80.7  100.4
E  -70.9  -37.3  109.0  178.8 -156.2    nan  1.014   94.2  3.787  5.857 -124.9 -142.0
D  -63.7  -42.9  111.1  178.9  -86.4    nan  1.053   96.0  3.807  5.415   69.1   84.7
L  -60.5  -43.8  110.5  179.3 -177.6    nan  1.052   98.3  3.816  5.375   70.0   83.2
K  -62.6  -40.5  110.6  179.6  179.6    nan  1.052   98.5  3.811  5.364   66.5   80.6
K  -64.2  -41.5  110.4  179.9  -63.2    nan  1.074   96.7  3.797  5.361   65.7   82.3
H  -69.6  -29.3  111.8  179.4 -163.2    nan  1.074   97.7  3.794  5.406   60.0   76.5
G  -65.1  -38.7  109.3  178.8    nan    nan    nan   98.1  3.809    nan    nan   90.9
V  -66.3  -42.3  109.5  179.4  170.8  -68.2  1.023   95.2  3.806    nan    nan   80.9
T  -60.7  -45.4  111.8  179.9  -62.2  176.8  1.035   96.5  3.814  5.315   70.9   83.9
V  -67.3  -47.3  112.1  179.8  175.9  -61.5  1.047   90.4  3.808  5.231   59.7   75.3
L  -66.3  -32.1  112.1 -179.2  -75.4    nan  1.102   99.0  3.809  5.280   56.9   75.7
T  -69.1  -39.0  109.6  178.6  -63.5  176.2  1.026   94.7  3.777  5.484   74.6   84.5
A  -67.7  -43.4  110.1  178.6    nan    nan  1.036   93.3  3.825  5.367   64.7   79.1
L  -65.1  -41.4  110.2  179.5 -176.8    nan  1.039   96.3  3.812  5.317   63.9   78.3
G  -60.8  -40.7  111.7  179.5    nan    nan    nan   99.2  3.792    nan    nan   84.5
A  -64.4  -36.3  109.9 -179.7    nan    nan  1.035   99.6  3.820    nan    nan   82.2
I  -68.5  -50.4  110.8  178.9  -73.1  164.9  1.064   88.7  3.797  5.374   63.3   81.2
L  -57.5  -39.9  113.3 -179.8  -65.0    nan  1.072  101.4  3.826  5.329   65.9   80.4
K  -66.4  -14.9  114.0  179.9  -71.2    nan  1.102  107.0  3.830  5.336   63.6   82.2
K  -79.0  -14.0  110.4  177.2  -66.4    nan  1.025   95.9  3.843  5.670   77.9   89.9
K   50.2   47.0  114.6  178.6  -56.2    nan  1.089  101.7  3.826  5.584 -151.5 -147.9
G  101.5  -22.6  115.2  179.6    nan    nan    nan   88.6  3.783    nan    nan  -44.0
H  -94.6   63.5  107.8  179.8  -58.5    nan  0.989  103.7  3.827    nan    nan   70.1
H -112.9   11.3  115.5 -174.8   53.9    nan  1.057   72.3  3.773  5.848  125.3  137.4
E  -46.0  -43.3  114.3 -179.5   43.1    nan  1.087  107.6  3.803  5.968  135.6  148.2
A  -68.0  -40.7  113.3 -178.7    nan    nan  1.082   92.6  3.819  5.331   61.0   79.0
E  -69.5  -31.6  111.6  179.9  -70.5    nan  1.038   96.7  3.790  5.295   64.6   77.9
L  -71.2  -33.1  116.2 -179.0 -114.6    nan  1.093   92.4  3.808  5.355   67.1   86.4
K  -54.6  -59.1  117.0 -178.5  -73.5    nan  1.147   88.8  3.823  5.474   82.8  101.7
P  -63.3  -31.7  112.6 -180.0   25.1    nan  0.979  101.7  3.826  5.147   59.6   68.9
L  -67.8  -46.1  111.7 -178.9 -160.4    nan  1.024   90.9  3.799  5.283   66.0   88.2
A  -67.7  -37.8  110.7  180.0    nan    nan  1.037   95.7  3.800  5.194   57.6   74.2
Q  -65.5  -47.0  113.0 -179.2 -174.6    nan  1.101   91.2  3.804  5.394   66.1   85.1
S  -67.5  -39.7  112.4  179.5   70.4    nan  1.086   93.9  3.800  5.301   59.2   74.2
H  -74.1  -28.0  114.4 -179.5  -69.6    nan  1.117   93.2  3.799  5.329   55.2   76.1
A  -85.8  -45.7  111.1 -179.9    nan    nan  1.044   78.1  3.790  5.408   58.6   74.8
T  -90.5  -39.3  117.5 -175.6  -43.4 -163.8  1.119   72.6  3.796  4.955   33.4   58.0
K  -90.7  -58.5  112.5  179.4 -162.1    nan  1.063   70.6  3.798  5.208   41.1   60.7
H  -81.3  -22.3  115.9 -177.8  -43.2    nan  1.101   88.6  3.821  4.968   32.1   53.7
K   54.2   67.5  112.8 -179.5  -99.3    nan  1.073   86.2  3.834  5.556 -149.5 -149.5
I -106.5  116.6  111.3 -178.2  -52.1 -177.8  1.022  116.0  3.777  6.025  142.8  142.2
P  -69.6  150.6  112.6  179.4   21.8    nan  0.989   82.7  3.809  5.824 -127.0 -135.9
I  -53.0  -33.9  110.2  179.3  -68.1  168.6  1.038  110.3  3.830  5.592  -79.8  -86.4
K  -48.8  -43.4  109.5  179.0  177.7    nan  0.996  107.8  3.808  5.495   93.2  101.4
Y  -67.5  -29.6  114.1 -179.3  -70.6    nan  1.103   98.4  3.792  5.200   55.1   77.8
L  -68.3  -29.8  109.2  178.9  -60.4    nan  1.055   99.8  3.814  5.534   73.4   87.9
E  -70.3  -41.0  109.3  177.1  -72.5    nan  1.025   92.9  3.811  5.531   71.0   83.9
F  -59.0  -45.3  111.1  179.0  -66.2    nan  1.033   98.2  3.836  5.420   74.6   85.7
I  -70.6  -27.7  112.0  179.4 -168.5   69.0  1.124   97.5  3.798  5.270   51.3   72.4
S  -63.7  -43.5  108.2  178.3  -69.4    nan  0.995   97.4  3.826  5.659   87.1   92.8
E  -63.6  -40.0  110.1  179.4  173.1    nan  1.004   98.2  3.813  5.190   65.7   78.6
A  -65.7  -41.1  110.9 -180.0    nan    nan  1.040   95.6  3.828  5.301   64.5   81.3
I  -63.5  -47.2  109.7  180.0  -72.2  167.2  1.048   94.7  3.803  5.336   67.3   82.3
I  -62.6  -40.3  110.8  179.8  -70.7  165.8  1.065   98.5  3.775  5.282   61.9   77.5
H  -60.6  -49.4  111.4 -179.5  172.0    nan  1.038   94.5  3.803  5.428   74.2   86.7
V  -63.6  -44.3  113.2 -179.1  173.0  -65.3  1.103   94.1  3.800  5.172   56.5   76.1
L  -64.2  -41.4  109.5  179.4  -61.0    nan  1.040   97.4  3.821  5.451   66.5   78.9
H  -60.0  -41.1  110.2  178.9  174.6    nan  1.047  100.4  3.789  5.366   70.6   84.3
S  -69.2  -49.7  113.7 -180.0  -52.6    nan  1.041   86.7  3.849  5.454   64.2   78.1
R  -81.7  -23.1  117.7 -175.9  -60.5    nan  1.116   87.2  3.807  4.933   40.9   63.7
H -131.7   52.4  114.0 -177.1  -53.0    nan  1.043   80.4  3.809  4.927   17.6   36.2
P  -52.5  -40.2  114.9 -179.6   27.6    nan  1.019  104.4  3.831  6.105  178.4 -179.8
G  -70.5  -21.3  116.3 -179.0    nan    nan    nan   99.2  3.798    nan    nan   80.3
N -113.6   12.8  108.7  179.8  -70.5    nan  1.006   71.0  3.812    nan    nan   52.8
F -137.4   54.7  111.8 -179.3 -154.2    nan  1.067   77.3  3.795  5.267   39.2   61.0
G  -73.8 -176.2  107.8  177.3    nan    nan    nan   72.6  3.803    nan    nan  158.0
A  -54.8  -45.3  113.5 -178.5    nan    nan  1.089  100.0  3.812    nan    nan  -45.2
D  -63.9  -45.2  111.8  179.7  -66.1    nan  1.063   94.2  3.831  5.363   64.4   79.1
A  -64.7  -34.9  110.7  179.0    nan    nan  1.057   99.7  3.814  5.330   62.4   77.1
Q  -69.8  -36.4  110.1  178.8 -172.9    nan  1.047   94.9  3.830  5.507   66.8   81.3
G  -65.8  -40.4  110.2  179.3    nan    nan    nan   96.2  3.784    nan    nan   84.0
A  -62.9  -46.3  110.6  179.0    nan    nan  1.039   95.1  3.809    nan    nan   82.7
M  -62.4  -44.6  111.0  179.1 -174.9    nan  1.056   96.1  3.832  5.306   62.5   78.0
N  -60.9  -41.0  110.6  179.1  176.9    nan  1.043   99.6  3.803  5.376   68.4   81.1
K  -63.4  -42.3  109.6  178.8 -154.1    nan  1.019   97.5  3.809  5.314   69.2   81.5
A  -64.6  -40.3  111.7  179.6    nan    nan  1.069   96.3  3.844  5.377   61.8   80.1
L  -70.3  -37.6  111.0  178.9  -65.7    nan  1.068   93.5  3.820  5.336   59.7   76.3
E  -64.7  -40.3  108.9  177.8  -69.9    nan  1.024   97.8  3.833  5.513   71.1   82.5
L  -60.1  -47.4  108.1  178.1  171.3    nan  1.000   98.0  3.841  5.429   75.1   83.8
F  -56.0  -47.0  110.6  177.8  172.4    nan  1.033   99.7  3.825  5.244   68.6   81.1
R  -66.7  -39.1  114.0 -179.7  -63.3    nan  1.095   94.1  3.829  5.273   55.6   75.2
K  -64.4  -43.5  110.0  179.4  179.7    nan  1.035   95.8  3.799  5.388   72.1   83.6
D  -69.0  -38.2  112.6  179.2  -75.0    nan  1.084   93.4  3.830  5.284   56.3   74.9
I  -66.7  -41.5  108.9  177.6  -77.6  163.1  1.022   95.7  3.807  5.481   69.7   80.4
A  -61.0  -42.1  110.3 -180.0    nan    nan  1.031   99.0  3.832  5.359   72.2   84.0
A  -63.2  -41.0  110.7  179.6    nan    nan  1.039   97.7  3.808  5.303   66.6   81.4
K  -66.7  -39.5  110.0  179.9  -80.5    nan  1.020   96.1  3.827  5.347   65.5   79.3
Y  -55.2  -46.1  109.1  179.1  -94.5    nan  0.994  101.6  3.785  5.367   81.0   90.4
K  -62.6  -44.0  111.6 -179.8 -176.1    nan  1.074   95.9  3.812  5.214   60.1   78.6
E  -61.7  -36.0  110.0  178.1  -63.8    nan  1.013  101.9  3.807  5.415   70.5   80.1
L  -78.2   -7.2  113.5 -178.6  -63.4    nan  1.085   98.9  3.816  5.226   54.1   75.1
G   87.2   26.2  115.0  178.3    nan    nan    nan   81.8  3.789    nan    nan -107.4
Y -120.7  -76.6  112.7 -179.3  176.0    nan  1.064   63.9  3.765    nan    nan   90.4
Q   53.9   74.7  109.7 -177.5 -120.9    nan  1.042   83.8  3.827  5.315  160.9  162.9
G  -75.8    nan  115.6 -178.4    nan    nan    nan    nan  3.810    nan    nan -179.5
