Id   phi    psi    tau  omega    chi    chi2  solid    eta  CA-CA  CB-CB  BA^AB  NA^AC
M    nan  143.7  108.6    nan  174.9    nan  1.001    nan    nan    nan    nan    nan
N -143.7  177.3  109.2  176.7   58.6    nan  1.044  144.5  3.799  5.670  176.5  175.8
I  -54.4  -41.9  112.9 -179.0 -173.8   64.5  1.195  102.9  3.859  5.322  -62.7  -53.2
F  -62.5  -50.1  113.4  179.2  -65.9    nan  1.154   91.5  3.804  5.597   66.8   83.3
E  -67.2  -31.0  109.0  179.0  -62.7    nan  0.957  100.2  3.817  5.381   68.0   70.3
M  -67.4  -50.8  111.4  179.7 -179.1    nan  1.032   89.0  3.814  5.345   70.9   88.1
L  -66.0  -31.7  112.9  177.5  -79.4    nan  1.078   99.2  3.853  5.227   52.3   69.9
R  -65.0  -31.6  111.9  178.0  163.6    nan  1.101  100.5  3.820  5.468   71.8   88.7
I  -77.8  -39.9  109.6  175.7  -79.9  155.6  1.014   87.2  3.799  5.418   62.8   74.0
D  -73.8  -32.5  115.5 -179.0  -78.3    nan  1.094   90.8  3.820  5.274   54.7   75.9
E -104.0  -22.2  114.0 -174.6  -55.7    nan  1.060   68.1  3.793  5.081   37.1   57.7
G   70.5 -170.4  110.6 -176.6    nan    nan    nan   74.1  3.809    nan    nan -131.8
L -140.7  125.0  110.6  179.6  166.6    nan  1.006  128.8  3.806    nan    nan -124.3
R -135.2  129.5  108.0 -179.6  -60.1    nan  1.049  128.2  3.799  5.755  167.2  166.7
L  -90.4    5.1  115.4 -178.3  -59.0    nan  1.121   91.8  3.721  5.814 -138.0 -140.6
K -134.0  147.5  107.8 -178.2  173.1    nan  0.998  134.8  3.755  5.139   43.3   57.2
I  -50.2  134.0  109.2 -176.5  -56.7  178.6  1.097   74.7  3.815  5.749  -79.0  -82.9
Y -140.5  173.3  106.8  179.5   64.1    nan  1.055  142.0  3.805  5.832  176.8  171.7
K -104.3  136.4  109.2  176.1  -70.9    nan  1.026  113.5  3.695  5.316 -110.4 -107.8
D  -77.0 -174.6  111.2  180.0   77.5    nan  1.165   75.1  3.816  5.782 -125.9 -122.6
T  -62.2  -22.6  114.2 -178.4   70.7  -46.5  1.090  107.0  3.832  5.193  -46.6  -49.6
E  -94.5   -6.7  111.7 -177.9  -68.9    nan  0.984   83.1  3.878  5.396   61.5   72.1
G   94.4   12.4  114.1 -178.2    nan    nan    nan   80.7  3.804    nan    nan  -96.3
Y  -93.0  151.6  114.4  178.9  -52.8    nan  1.046  104.0  3.825    nan    nan  106.2
Y  -64.5  122.1  110.4  177.8  -72.8    nan  1.075   92.1  3.736  5.216  -91.1  -99.5
T -139.8  162.5  109.2 -176.1  -54.3  179.7  0.974  142.4  3.814  5.798  176.1  158.2
I -149.5  162.0  110.1  175.5 -159.1   79.9  1.100  150.8  3.814  5.633 -179.1 -168.1
G   64.6 -132.6  114.0  175.7    nan    nan    nan   88.9  3.896    nan    nan   35.6
I  -96.9   70.6  112.8 -179.8  -55.8 -173.8  1.180  108.9  3.820    nan    nan  -33.1
G   69.7   23.5  115.8  179.5    nan    nan    nan   98.9  3.841    nan    nan  -52.8
H  -84.4  101.8  110.8  179.3 -176.5    nan  1.014  109.1  3.828    nan    nan  122.3
L  -61.0  129.2  113.4  178.2  175.6    nan  1.087   87.9  3.826  5.995 -137.6 -143.9
L  -94.9  -45.0  113.4 -179.7  -70.7    nan  1.083   70.2  3.771  5.835 -143.9 -145.5
T -167.8  147.7  112.6 -176.4 -179.4   59.4  1.074  150.4  3.796  4.675  -38.2  -25.0
K  -88.1   -7.6  110.6  175.5  -47.8    nan  1.088   89.3  3.759  5.599 -121.1 -123.9
S  -70.1  146.9  113.6  177.8  135.7    nan  1.136   85.4  3.771  5.719   89.4  107.0
P  -69.8  -22.9  115.2 -180.0  -14.7    nan  1.060   99.3  3.819  5.413  -91.9 -106.4
S  -80.1  131.5  114.9 -178.0  166.4    nan  1.141  101.3  3.757  5.418   58.5   88.3
L  -67.1  -13.2  106.7  175.0 -178.0    nan  1.009  108.6  3.772  5.638 -104.6 -126.4
N  -88.8  -18.9  114.4 -178.6  -82.6    nan  1.232   83.5  3.785  5.442   50.2   85.4
A  -89.3  -21.7  106.6  172.4    nan    nan  1.012   84.6  3.679  5.571   65.5   72.2
A  -82.9  -39.8  114.6 -178.6    nan    nan  1.082   80.2  3.921  5.543   62.8   83.1
K  -59.9  -44.8  114.3  179.6 -101.4    nan  1.170   96.0  3.754  5.294   67.5   88.7
P  -64.9  -40.3  112.5  179.5   -4.4    nan  1.070   95.7  3.820  5.384   65.4   78.6
E  -60.3  -41.7  108.5  177.1  -72.2    nan  0.965  100.8  3.837  5.530   77.2   83.7
L  -61.4  -43.0  112.8  177.7  176.0    nan  1.102   96.8  3.815  5.290   64.6   82.2
D  -67.8  -37.9  111.5 -177.7  -70.4    nan  1.047   95.1  3.831  5.387   66.9   79.4
K  -66.7  -36.8  110.5  178.1  170.2    nan  0.983   97.1  3.741  5.206   70.2   80.8
A  -69.0  -36.5  113.0  179.5    nan    nan  1.145   94.1  3.819  5.305   53.5   81.6
I  -91.9  -26.9  114.7 -177.9  -60.5  175.7  1.079   77.3  3.855  5.239   44.2   62.0
G   88.3   20.4  111.3  178.8    nan    nan    nan   84.4  3.768    nan    nan -123.8
R -158.1  168.9  111.9  178.8   78.6    nan  1.131  159.6  3.755    nan    nan   44.1
N  -79.4  104.7  107.8  177.2 -125.2    nan  0.919  104.1  3.780  5.181  -73.7  -90.8
T -100.1  -17.3  116.3 -174.2   71.5  -52.1  1.041   72.7  3.684  5.866 -179.1 -166.6
N   57.6   38.3  113.0 -174.7 -143.4    nan  1.175  102.4  3.732  5.443 -142.0 -138.8
G   71.4    5.8  118.2  175.5    nan    nan    nan  105.8  3.906    nan    nan  -83.6
V -129.3  141.1  111.2  178.5  170.9  -68.2  1.009  132.0  3.762    nan    nan   61.9
I -132.0  169.4  110.5  178.4   60.1  -60.9  1.030  134.8  3.807  5.745 -173.0 -172.6
T  -90.8  170.3  109.9  178.9   72.5  -46.1  0.995   94.1  3.826  5.377  -98.1  -99.1
K  -60.9  -41.8  112.2  179.4 -167.0    nan  1.088   98.2  3.794  5.221  -71.5  -69.3
D  -60.0  -43.9  111.6  178.7  -77.5    nan  0.958   98.0  3.799  5.424   81.9   84.6
E  -64.2  -39.5  109.7 -179.6  -78.9    nan  1.047   98.2  3.803  5.075   62.3   79.5
A  -62.6  -42.1  111.1  177.9    nan    nan  1.024   97.3  3.795  5.421   72.3   83.2
E  -71.1  -29.8  111.9 -178.1  -80.1    nan  1.099   96.1  3.769  5.129   55.3   76.4
K  -68.2  -42.6  112.1  176.1  176.9    nan  1.094   92.1  3.735  5.471   68.8   86.3
L  -62.2  -41.3  109.6  175.8  -63.5    nan  1.062   99.0  3.859  5.558   68.3   79.0
F  -58.9  -48.9  112.6  178.1 -170.3    nan  1.066   95.3  3.808  5.362   74.0   85.3
N  -58.7  -40.4  110.1  178.9  -72.9    nan  1.050  101.8  3.849  5.483   67.1   79.4
Q  -64.9  -42.6  112.0  179.5  -67.3    nan  1.029   94.7  3.814  5.456   73.0   81.9
D  -66.4  -36.3  113.1 -177.0  -69.4    nan  1.121   96.3  3.774  5.184   61.5   81.7
V  -69.4  -47.4  108.2  178.3  177.3  -63.6  1.100   91.3  3.842  5.566   64.3   80.0
D  -55.0  -49.7  110.2  177.8 -172.3    nan  1.093   98.9  3.813  5.400   68.5   82.1
A  -61.0  -39.2  113.0  177.6    nan    nan  1.066   99.2  3.839  5.428   61.0   75.5
A  -59.4  -51.2  110.9  177.8    nan    nan  1.069   94.6  3.882  5.529   74.1   86.9
V  -54.8  -53.2  110.0  179.3  178.9  -58.5  1.113   97.0  3.875  5.395   66.2   80.7
R  -61.5  -33.8  111.8 -177.6  -77.3    nan  1.215  102.4  3.854  5.283   51.4   75.2
G  -67.7  -46.5  110.4  175.4    nan    nan    nan   91.6  3.796    nan    nan   82.1
I  -54.9  -46.2  109.7  176.8  -77.7  162.4  1.007  101.4  3.838    nan    nan   82.7
L  -69.6  -20.7  114.5 -176.4  -51.9    nan  1.199  100.9  3.792  5.192   47.4   76.1
R  -94.7   -7.6  111.2  179.2  -90.6    nan  0.908   82.6  3.808  5.547   74.2   71.9
N  -90.5  127.5  112.0 -177.8 -172.4    nan  1.114  107.6  3.744  5.136   60.0   90.5
A  -70.5  -23.4  113.3 -176.5    nan    nan  1.060   99.1  3.800  5.834 -110.9 -123.3
K  -87.5  -30.5  112.2  177.0  -90.0    nan  1.008   81.1  3.800  5.431   62.0   74.9
L  -87.8  -37.6  114.9 -175.7  -65.0    nan  1.075   76.9  3.796  5.108   52.3   74.3
K  -54.3  -47.9  114.7 -175.3  176.9    nan  1.206   98.1  3.713  5.253   72.1  100.1
P  -63.5  -33.4  112.0 -179.6    5.8    nan  1.016  100.8  3.786  5.394   69.0   78.1
V  -67.1  -49.6  112.4  175.5 -173.0  -47.0  1.088   89.1  3.798  5.432   62.7   83.7
Y  -54.2  -49.5  110.6  178.5 -170.9    nan  1.036   99.4  3.762  5.222   70.8   82.5
D  -59.4  -33.4  112.6 -178.9  -77.6    nan  1.019  104.0  3.872  5.393   67.7   80.0
S  -74.8  -16.2  116.6  179.7   82.5    nan  1.136   97.5  3.736  5.188   57.9   81.3
L  -90.2  158.2  116.4 -171.7  -69.8    nan  1.041   99.7  3.809  5.416   72.5   89.3
D  -76.6  174.0  110.2  173.5   59.4    nan  1.060   78.7  3.825  5.454 -102.1 -103.5
A  -65.4  -36.1  116.1 -175.4    nan    nan  1.201   95.8  3.860  5.461  -75.7  -63.4
V  -66.9  -50.1  112.9  179.6 -179.5  -60.5  1.138   88.7  3.803  5.496   68.0   85.4
R  -63.4  -32.3  112.1 -180.0  -63.2    nan  1.129  101.5  3.788  5.373   56.5   75.3
R  -59.7  -40.6  108.1  176.0  -74.0    nan  1.028  102.0  3.841  5.722   87.1   90.6
A  -59.7  -37.5  111.7  176.3    nan    nan  1.039  101.9  3.808  5.348   73.8   83.3
A  -64.6  -37.6  112.6  178.9    nan    nan  1.053   97.4  3.838  5.449   68.6   84.6
L  -71.5  -38.8  109.1  179.2 -171.8    nan  1.017   93.1  3.826  5.383   65.0   77.6
I  -63.9  -38.3  108.1 -179.6  -66.6  173.5  1.018   99.9  3.781  5.425   71.9   83.8
N  -60.9  -48.3  109.7  179.9 -171.4    nan  1.043   95.9  3.840  5.377   72.6   86.6
M  -57.5  -45.6  110.4  178.0  -67.8    nan  1.063   99.6  3.813  5.459   66.2   79.6
V  -63.0  -41.8  112.3 -177.4  171.5  -68.2  1.182   96.5  3.831  5.348   59.0   81.5
F  -59.3  -39.5  111.9  178.2 -174.8    nan  1.007  100.9  3.821  5.498   79.9   84.7
Q  -79.4  -45.4  112.2 -177.3 -171.3    nan  0.982   82.2  3.846  5.274   57.0   71.5
M -113.4   -2.4  119.0 -173.6   68.8    nan  1.296   65.5  3.719  4.523   -3.2   39.3
G   83.7  155.3  109.2  177.6    nan    nan    nan   76.3  3.712    nan    nan -105.8
E  -62.4  -37.3  112.5 -176.0  165.8    nan  1.079   99.4  3.769    nan    nan  -87.5
T  -65.3  -45.9  112.5 -179.7  -55.6 -174.3  1.109   92.3  3.729  5.441   63.8   85.7
G  -57.5  -52.4  111.4  179.3    nan    nan    nan   94.8  3.728    nan    nan   84.0
V  -58.9  -49.2  112.0 -178.2 -174.7  -56.1  1.201   95.5  3.807    nan    nan   78.5
A  -53.8  -22.0  110.5  177.8    nan    nan  1.094  116.3  3.815  5.520   72.2   82.9
G  -72.4  -18.3  115.6  177.8    nan    nan    nan   99.0  3.798    nan    nan   91.5
F  -83.3   55.9  110.3 -179.9  -75.1    nan  0.997  110.5  3.848    nan    nan   85.6
T  -40.5  -57.0  117.5 -177.9  -47.1 -167.3  1.097   99.4  3.835  6.182 -166.5 -163.9
N  -66.0  -41.0  116.5 -178.4  -53.3    nan  1.165   92.2  3.793  5.065   47.0   70.6
S  -65.5  -40.8  109.1 -179.5  -60.1    nan  0.968   96.9  3.823  5.518   78.4   82.2
L  -59.4  -43.5  109.6 -179.9  -67.1    nan  1.065   99.8  3.827  5.299   71.6   85.9
R  -64.3  -41.1  111.1  179.0  177.0    nan  1.067   96.5  3.811  5.331   65.7   78.5
M  -65.9  -39.7  111.7  176.6  -71.8    nan  1.089   95.7  3.810  5.433   62.4   77.9
L  -64.7  -45.4  108.5  178.3  -76.5    nan  1.007   95.5  3.796  5.446   72.9   81.2
Q  -59.7  -32.9  110.6 -178.7 -165.0    nan  1.126  105.0  3.779  5.271   59.5   82.7
Q  -86.7    0.2  111.7 -179.0  -57.5    nan  1.035   93.4  3.769  5.477   54.4   70.0
K   63.7   35.4  114.6 -179.4  -43.7    nan  1.169   98.4  3.762  5.501 -122.0 -120.7
R  -97.6   77.7  106.7  175.3  -65.5    nan  0.999  104.5  3.814  6.034  118.3  115.8
W  -56.3  -53.2  118.3 -172.5  -38.7    nan  1.262   91.0  3.838  6.238 -167.3 -152.7
D  -61.0  -41.1  111.5  178.6  -71.8    nan  1.117   98.9  3.748  5.344   65.3   75.3
E  -70.9  -33.0  113.8  179.0  -44.0    nan  1.122   93.8  3.811  5.473   57.5   76.4
A  -67.7  -37.8  110.2  178.7    nan    nan  0.999   95.9  3.756  5.501   77.6   85.9
A  -62.8  -41.8  110.2 -179.7    nan    nan  1.059   97.9  3.857  5.370   69.1   86.1
V  -64.5  -42.6  110.9  177.9  169.1  -68.9  1.109   95.6  3.822  5.466   62.3   79.3
N  -73.1  -37.0  111.3 -178.0  178.3    nan  1.038   91.4  3.828  5.335   61.7   74.0
L  -61.3  -29.4  110.2  179.2  -77.7    nan  1.019  105.7  3.826  5.576   75.7   88.0
A  -71.1  -19.7  113.3 -175.1    nan    nan  1.233  100.3  3.855  5.366   57.9   90.6
K  -88.5   68.7  108.5 -178.1  -61.9    nan  0.950  107.8  3.797  5.686   75.0   79.8
S -152.7  157.3  109.8 -176.2   57.3    nan  0.964  151.6  3.713  5.342   93.5   97.9
R  -57.1  -42.2  109.5  173.7 -175.9    nan  0.984  102.4  3.758  5.326  -78.5  -84.5
W  -47.0  -51.4  111.5  179.2  167.2    nan  1.033  102.5  3.879  5.389   82.4   95.8
Y  -69.0  -36.6  111.7 -179.4 -177.5    nan  0.976   94.7  3.789  5.084   57.5   69.0
N  -74.7  -33.2  112.8 -177.6  -78.4    nan  1.069   90.9  3.809  5.169   54.5   79.1
Q  -79.8  -40.9  112.7 -179.9  -61.3    nan  1.100   83.4  3.786  5.389   52.6   75.5
T -127.3   65.6  108.9  179.1   48.6  -70.0  1.030   89.1  3.881  5.092    2.9   20.4
P  -55.6  -40.7  118.8 -177.5   12.1    nan  1.088   99.7  3.799  6.113 -167.2 -167.1
N  -70.9  -42.2  111.1 -176.4  -68.1    nan  1.066   90.8  3.824  5.332   61.7   81.1
R  -69.6  -42.9  111.1  178.7  159.1    nan  1.046   91.5  3.769  5.332   61.9   75.4
A  -56.4  -46.3  110.0  177.6    nan    nan  1.092  100.1  3.861  5.372   69.7   85.4
K  -60.0  -39.4  111.7  179.5  -78.3    nan  1.040  100.6  3.872  5.518   72.1   80.7
R  -62.0  -49.1  109.7  176.8  -71.8    nan  1.058   94.8  3.802  5.376   72.3   83.2
V  -61.1  -44.8  112.1 -178.9  173.9  -64.5  1.127   96.3  3.853  5.258   58.2   78.5
I  -60.0  -42.2  111.7  178.1  -73.2  168.4  1.148   98.9  3.813  5.483   62.1   81.2
T  -64.0  -37.1  111.8  179.7  -73.3  169.7  1.117   98.5  3.790  5.453   67.2   81.3
T  -64.1  -40.0  109.1  177.4  -54.5 -169.6  1.062   98.4  3.789  5.472   70.1   83.3
F  -69.8  -40.3  111.4  177.4  -82.6    nan  1.054   92.4  3.857  5.513   61.1   75.8
R  -64.9  -44.5  113.2 -179.4 -149.9    nan  1.099   93.0  3.861  5.430   66.8   83.0
T  -98.9  -29.2  118.2 -175.6   76.7  -48.7  1.141   68.8  3.832  5.041   28.3   51.9
G   73.1   20.4  112.2 -177.2    nan    nan    nan   98.5  3.704    nan    nan -136.4
T -127.0  171.5  107.7  175.8   68.3  -51.5  0.914  129.1  3.835    nan    nan   74.3
W  -93.2   15.8  112.6  179.4  -64.5    nan  1.023   92.9  3.862  5.354 -104.9  -98.1
D  -51.6  -43.7  117.1 -175.3  -64.4    nan  1.148  101.7  3.803  5.962  134.9  151.9
A  -62.8  -18.7  109.5 -176.0    nan    nan  1.070  109.7  3.872  5.385   70.7   85.1
Y -105.6    3.1  111.1 -179.5  -71.0    nan  1.061   75.5  3.733  5.380   41.8   63.9
K -104.2    nan  112.0 -179.2  -64.2    nan  1.198    nan  3.780  5.484   57.5   87.1
