Id   phi    psi    tau  omega    chi    chi2  solid    eta  CA-CA  CB-CB  BA^AB  NA^AC
M    nan  148.0  111.8    nan   54.5    nan  1.053    nan    nan    nan    nan    nan
V -137.4  129.6  112.0 -179.8 -179.5  -56.6  1.039  131.6  3.808  5.676 -166.0 -171.0
L  -86.6  152.3  109.5  178.3  -76.3    nan  1.006   95.9  3.806  5.805 -130.8 -142.1
S  -85.3  163.1  107.8  178.3   64.3    nan  1.002   90.6  3.794  5.561 -111.0 -114.6
E  -58.6  -40.4  109.9  179.0  176.1    nan  1.021  102.0  3.816  5.314  -70.2  -75.9
G  -60.3  -39.9  111.8  179.7    nan    nan    nan   99.9  3.805    nan    nan   86.0
E  -69.0  -37.6  109.7  178.9  -65.0    nan  1.037   95.3  3.803    nan    nan   77.5
W  -64.8  -38.4  109.4  178.1  -84.2    nan  1.035   98.4  3.817  5.442   68.6   82.5
Q  -62.6  -43.3  111.1  178.9  -73.7    nan  1.055   96.7  3.811  5.393   70.4   84.7
L  -61.4  -39.3  110.2  178.6  -68.6    nan  1.041  100.2  3.806  5.367   68.4   81.2
V  -67.2  -51.4  110.4  179.5  165.0  -72.5  1.030   89.4  3.821  5.384   66.6   79.9
L  -68.4  -24.8  114.0 -179.4  -65.0    nan  1.108  100.1  3.797  5.128   49.3   69.9
H  -68.0  -47.7  109.9  179.6  179.4    nan  1.042   91.1  3.807  5.602   80.6   93.5
V  -73.9  -28.3  111.1  179.4   60.6 -176.4  1.095   94.7  3.799  5.245   46.3   66.4
W  -69.2  -27.7  110.7  179.0 -167.3    nan  1.054   99.3  3.820  5.611   75.7   88.4
A  -63.8  -37.8  107.6  178.6    nan    nan  1.001  100.5  3.810  5.525   82.8   92.6
K  -67.3  -38.2  109.1  178.6  -58.8    nan  1.015   96.6  3.813  5.375   66.2   79.7
V  -61.3  -39.9  111.0  179.3  174.0  -63.5  1.044   99.6  3.811  5.383   72.9   86.3
E  -68.3  -11.0  115.0 -179.8  -65.4    nan  1.120  106.7  3.812  5.299   59.6   80.5
A  -70.3  -21.8  108.6  178.3    nan    nan  1.018  101.6  3.814  5.753   92.6  102.5
D -155.9   71.5  110.3  179.5  178.5    nan  1.032   81.1  3.822  4.889  -11.3    6.4
V  -60.2  -43.7  113.2 -178.7 -178.1  -57.1  1.091   97.1  3.813  6.206 -168.6 -168.9
A  -59.8  -46.5  112.0  179.9    nan    nan  1.060   96.4  3.810  5.358   71.8   84.4
G  -66.6  -40.5  113.4  179.9    nan    nan    nan   93.7  3.804    nan    nan   75.7
H  -67.8  -37.6  110.7  179.1  -79.7    nan  1.035   95.7  3.806    nan    nan   78.9
G  -65.5  -39.0  111.9  179.7    nan    nan    nan   96.2  3.798    nan    nan   83.9
Q  -63.3  -51.2  109.5  179.0 -110.2    nan  1.019   92.8  3.795    nan    nan   83.8
D  -53.6  -50.8  112.5  179.5  -77.8    nan  1.039   97.8  3.806  5.231   70.6   82.1
I  -61.2  -48.2  114.0 -179.2  -65.4  171.9  1.096   93.2  3.807  5.161   59.3   77.6
L  -65.2  -39.5  112.8 -179.5  -67.3    nan  1.082   95.8  3.824  5.319   60.3   76.2
I  -69.7  -39.2  110.0  180.0  -67.2  170.5  1.063   93.8  3.798  5.343   62.8   78.5
R  -60.1  -46.1  108.1  178.1  150.9    nan  1.027   98.7  3.809  5.438   72.7   85.1
L  -61.3  -47.9  113.3  179.3  171.5    nan  1.053   93.7  3.837  5.338   64.1   79.2
F  -65.6  -30.4  114.4 -179.1  -66.1    nan  1.086   99.5  3.831  5.191   58.6   76.5
K  -82.7  -43.3  111.2  178.9  -62.9    nan  1.054   81.1  3.813  5.373   56.8   74.3
S  -67.7  -35.6  111.9  179.8  -63.1    nan  1.032   96.2  3.816  5.305   63.7   76.8
H -139.1   77.0  110.1 -178.8  -52.0    nan  1.018   92.8  3.806  4.771   -4.8   13.5
P  -50.4  -28.7  115.6 -179.8  -32.0    nan  1.007  113.5  3.859  6.017 -148.1 -156.0
E  -61.5  -30.8  111.6 -179.7   67.9    nan  1.070  104.1  3.814  5.466   74.2   97.1
T  -62.2  -31.2  110.3  179.5   62.3  -58.6  1.044  103.9  3.807  5.568   80.7   92.8
L  -62.3  -28.8  112.2  180.0 -171.8    nan  1.066  104.2  3.812  5.472   78.3   92.9
E  -61.5  -25.1  113.2  179.6  -66.3    nan  1.064  106.5  3.832  5.551   81.7   96.0
K  -71.7  -15.3  112.5  179.8  -74.6    nan  1.055  101.9  3.808  5.470   74.3   90.2
F -107.5  101.5  113.0 -178.9  -59.7    nan  1.053  115.2  3.809  5.281   44.8   66.0
D  -63.1  -27.9  109.8  179.1  -68.2    nan  1.033  105.0  3.803  6.002 -134.2 -147.6
R  -74.4  -33.5  112.6  179.5  -93.4    nan  1.056   91.1  3.795  5.418   67.4   84.3
F -104.6   -6.6  117.3 -178.0  -52.4    nan  1.114   72.4  3.814  5.049   28.9   54.4
K  -50.3  -36.9  114.5 -179.5  -87.1    nan  1.069  108.6  3.833  5.863  119.2  128.3
H  -70.4  -13.1  114.8 -178.8   71.4    nan  1.068  103.7  3.826  5.299   65.6   82.4
L  -72.3  107.2  110.1 -179.9  -61.7    nan  1.051  102.9  3.812  5.614   84.4  100.5
K  -82.4  -38.6  116.2 -178.3  -57.7    nan  1.085   80.3  3.808  6.005 -148.6 -156.5
T -128.1  168.7  115.5 -178.2   62.4  -58.4  1.073  132.2  3.812  4.854    3.9   25.9
E  -61.7  -38.4  110.6  179.3 -177.2    nan  1.027  100.3  3.806  5.111  -66.5  -73.3
A  -61.7  -41.3  109.3  179.4    nan    nan  1.024   99.4  3.802  5.354   72.6   85.8
E  -67.2  -38.8  110.5  179.2  -68.1    nan  1.047   95.8  3.803  5.301   61.8   77.9
M  -65.2  -42.1  110.2  178.4  -70.5    nan  1.028   95.8  3.797  5.368   68.5   81.6
K  -65.7  -31.0  113.2 -179.7  -77.3    nan  1.059   99.7  3.819  5.283   64.2   80.1
A  -88.5   -7.4  113.0 -179.8    nan    nan  1.063   88.6  3.805  5.225   49.5   69.4
S  -76.8  122.8  111.7 -179.6  171.5    nan  1.055  100.3  3.811  5.662   85.1  102.1
E  -77.9  -33.3  109.5  179.9 -151.2    nan  1.025   89.7  3.791  5.842 -128.1 -139.9
D  -67.7  -37.6  111.4  179.2  -85.9    nan  1.058   95.4  3.810  5.424   68.1   85.0
L  -65.5  -46.5  109.1  178.9 -175.0    nan  1.032   94.0  3.801  5.402   69.7   82.8
K  -60.5  -43.7  111.5  179.4  172.4    nan  1.044   97.8  3.813  5.302   66.0   79.6
K  -63.3  -39.7  111.8 -179.8  -67.7    nan  1.072   97.7  3.805  5.293   64.3   81.0
H  -71.7  -27.4  111.0  179.4 -166.2    nan  1.051   97.0  3.802  5.347   60.6   76.1
G  -66.7  -39.4  108.6  178.8    nan    nan    nan   96.8  3.802    nan    nan   90.8
V  -65.4  -40.9  108.6  178.9  176.5  -61.7  1.012   97.2  3.798    nan    nan   80.3
T  -63.6  -42.3  111.7  179.6  -60.1  179.6  1.047   96.1  3.818  5.339   67.5   82.0
V  -66.1  -50.3  110.7  179.3  175.3  -61.8  1.023   90.6  3.821  5.338   66.4   78.5
L  -66.2  -32.5  113.8 -178.7  -67.9    nan  1.115   98.2  3.809  5.161   52.7   73.5
T  -69.9  -39.4  109.0  178.5  -57.4 -177.8  1.018   94.1  3.799  5.496   72.8   83.3
A  -68.0  -46.6  110.2  178.8    nan    nan  1.035   91.4  3.823  5.344   63.6   78.4
L  -66.4  -38.1  109.9  179.4  175.6    nan  1.031   97.0  3.823  5.280   60.2   73.9
G  -61.8  -40.5  111.0  179.1    nan    nan    nan   98.9  3.788    nan    nan   86.1
A  -66.0  -26.2  111.2  179.7    nan    nan  1.046  102.7  3.806    nan    nan   80.6
I  -78.0  -48.4  111.1  179.7  -70.2  167.6  1.056   82.8  3.811  5.427   64.0   82.4
L  -59.9  -40.8  110.9  179.6  -60.0    nan  1.030  100.3  3.813  5.285   67.0   79.1
K  -65.4  -14.7  113.2  179.6  -69.0    nan  1.075  108.1  3.810  5.302   63.7   81.4
K  -80.4  -13.2  109.7  178.4  -66.2    nan  1.046   94.9  3.821  5.611   73.6   89.7
K   50.3   50.6  115.1  178.3  -63.5    nan  1.117   98.8  3.816  5.636 -152.1 -147.3
G  101.0  -30.6  115.4  179.4    nan    nan    nan   92.9  3.794    nan    nan  -41.6
H  -89.9   59.5  109.4 -179.6  -59.2    nan  1.011  106.7  3.814    nan    nan   68.0
H -109.7   19.9  117.0 -176.7   53.1    nan  1.082   80.1  3.797  5.906  123.0  135.2
E  -53.2  -51.1  113.6 -179.9   47.0    nan  1.092   97.3  3.815  6.044  138.9  148.8
A  -59.7  -38.3  112.1 -179.8    nan    nan  1.055  101.2  3.818  5.268   65.0   78.2
E  -74.0  -21.7  111.6  179.8  -69.5    nan  1.045   97.2  3.805  5.303   59.6   75.6
L  -82.9  -35.3  115.4 -179.2 -111.9    nan  1.098   81.7  3.801  5.388   62.6   84.3
K  -48.2  -59.4  116.4 -179.0  -83.0    nan  1.124   93.1  3.829  5.541   89.9  104.9
P  -69.9  -26.7  113.5 -179.7   33.8    nan  0.993   98.0  3.837  5.030   50.5   62.9
L  -71.7  -40.8  111.6  180.0 -167.6    nan  1.040   90.5  3.802  5.378   64.9   88.7
A  -73.2  -39.8  110.3  179.9    nan    nan  1.038   90.5  3.812  5.267   56.6   73.6
Q  -61.4  -49.4  111.9 -179.6 -177.9    nan  1.081   93.6  3.802  5.402   69.7   86.3
S  -65.6  -43.0  112.6 -179.8   63.9    nan  1.082   93.7  3.795  5.263   58.4   74.1
H  -72.9  -23.8  115.1 -179.6  -71.7    nan  1.151   96.0  3.808  5.281   50.4   74.3
A  -88.2  -59.3  110.2  178.2    nan    nan  1.029   73.7  3.809  5.493   60.8   74.4
T  -73.6  -47.8  116.3 -178.0  -45.6 -166.4  1.091   82.8  3.819  4.993   39.5   59.3
K  -80.4  -67.0  114.5 -178.6 -159.7    nan  1.095   71.9  3.798  5.085   43.5   64.5
H  -79.2  -31.0  115.7 -178.0  -39.3    nan  1.087   86.6  3.825  4.936   28.6   48.5
K   61.3   69.8  110.6 -179.3  -93.9    nan  1.060   82.9  3.830  5.475 -151.1 -149.9
I -102.9  112.7  110.5 -178.9  -53.6 -178.8  1.008  113.6  3.794  6.085  150.4  147.2
P  -66.0  153.8  112.0  179.7   27.2    nan  0.980   77.6  3.814  5.829 -126.9 -136.5
I  -56.6  -32.8  110.8  179.3  -70.9  167.5  1.044  107.6  3.827  5.575  -81.4  -85.6
K  -54.5  -41.8  111.0  179.9 -175.0    nan  1.042  103.8  3.813  5.496   86.6   98.4
Y  -68.6  -33.4  110.8  179.4  -70.4    nan  1.046   97.0  3.812  5.311   60.7   76.7
L  -66.7  -30.3  108.6  178.6  -65.9    nan  1.031  101.2  3.799  5.447   71.5   85.2
E  -71.8  -35.9  107.7  178.5  -64.2    nan  1.004   94.8  3.812  5.474   69.6   82.4
F  -62.9  -46.5  112.4  179.6  -71.3    nan  1.052   93.9  3.819  5.405   72.6   87.1
I  -71.2  -33.0  111.7  180.0 -166.1   72.4  1.105   94.6  3.812  5.285   51.9   71.3
S  -61.3  -35.7  107.4  178.0  -72.2    nan  0.986  103.7  3.814  5.578   85.2   89.9
E  -66.6  -43.8  108.7  179.5  179.8    nan  0.980   94.8  3.800  5.228   69.6   82.3
A  -65.8  -37.5  111.7  179.6    nan    nan  1.047   96.9  3.818  5.218   58.1   77.2
I  -63.8  -50.3  109.7  179.9  -70.6  168.0  1.049   92.8  3.806  5.397   69.7   85.3
I  -58.9  -44.3  111.5  179.5  -72.5  163.7  1.050   98.7  3.802  5.288   64.7   77.9
H  -61.1  -46.6  113.0 -179.3 -176.3    nan  1.078   94.8  3.812  5.325   67.0   83.2
V  -65.6  -42.2  112.5  179.8  170.0  -67.8  1.085   94.1  3.806  5.262   59.3   76.4
L  -65.6  -36.8  110.1  179.3  -62.4    nan  1.032   98.2  3.829  5.435   67.3   79.3
H  -63.1  -44.5  109.4  179.1  179.1    nan  1.024   96.6  3.795  5.365   73.0   85.7
S  -67.8  -51.6  114.6 -179.7  -52.9    nan  1.060   86.1  3.827  5.293   59.7   76.3
R  -79.5  -24.9  116.7 -177.3  -58.3    nan  1.093   88.8  3.813  4.980   41.9   62.7
H -132.3   57.4  113.8 -178.2  -50.0    nan  1.062   83.7  3.799  4.907   12.6   33.4
P  -58.8  -38.7  112.7 -179.9   29.9    nan  0.985  101.4  3.828  6.083 -179.1  178.0
G  -65.6  -26.7  114.2 -179.8    nan    nan    nan  101.6  3.810    nan    nan   84.3
N -111.3    9.2  112.2  180.0  -67.0    nan  1.056   72.4  3.802    nan    nan   51.2
F -133.6   58.6  111.9 -178.9 -150.7    nan  1.050   82.7  3.811  5.306   42.6   61.4
G  -77.0 -173.7  108.0  178.0    nan    nan    nan   75.1  3.788    nan    nan  159.5
A  -55.5  -42.4  112.8 -179.6    nan    nan  1.073  101.7  3.817    nan    nan  -43.6
D  -66.1  -45.3  112.1 -179.9  -70.6    nan  1.072   92.3  3.805  5.335   63.6   79.9
A  -64.0  -39.0  111.3  179.9    nan    nan  1.049   97.8  3.816  5.310   64.9   78.6
Q  -68.3  -33.8  111.0  179.2  179.7    nan  1.054   97.0  3.811  5.370   64.1   79.5
G  -66.8  -41.2  109.4  179.5    nan    nan    nan   95.4  3.787    nan    nan   85.5
A  -67.0  -40.9  110.5  179.4    nan    nan  1.041   94.9  3.797    nan    nan   78.1
M  -64.3  -40.2  109.2  179.1 -175.6    nan  1.037   98.0  3.819  5.390   66.6   80.9
N  -63.1  -41.4  111.8  178.9  175.5    nan  1.055   96.9  3.816  5.385   68.5   82.7
K  -63.9  -41.5  110.2  178.5  -85.6    nan  1.023   97.2  3.822  5.382   69.8   80.8
A  -63.5  -41.5  111.2 -179.7    nan    nan  1.047   96.9  3.815  5.290   67.7   82.3
L  -73.6  -31.9  111.3  179.7  -68.2    nan  1.072   93.1  3.804  5.237   53.8   72.7
E  -69.5  -42.1  109.8  178.3  -79.9    nan  1.017   92.7  3.821  5.509   72.1   83.9
L  -61.9  -37.4  108.4  178.8  170.1    nan  0.989  101.9  3.830  5.328   72.1   81.2
F  -65.5  -48.1  110.3  179.3  169.4    nan  1.038   92.4  3.795  5.269   66.8   82.7
R  -65.1  -34.7  113.4  179.9  -62.1    nan  1.075   98.1  3.824  5.272   57.7   75.0
K  -67.5  -46.9  110.6  180.0 -177.8    nan  1.032   91.4  3.809  5.389   72.0   85.0
D  -68.0  -35.6  111.2  179.0  -67.2    nan  1.063   96.2  3.811  5.222   54.8   72.3
I  -66.5  -41.2  108.0  178.2  -70.6  167.8  1.009   96.5  3.815  5.513   72.0   82.8
A  -63.2  -44.9  110.5  180.0    nan    nan  1.040   95.7  3.812  5.307   68.2   81.9
A  -60.1  -42.1  109.8  179.3    nan    nan  1.027  100.0  3.801  5.294   68.8   81.4
K  -67.2  -35.7  110.9  179.4 -107.5    nan  1.049   97.0  3.822  5.298   61.1   77.4
Y  -57.6  -48.7  109.1  179.1  -93.5    nan  0.997   98.4  3.807  5.459   82.6   91.8
K  -54.9  -48.0  111.5  179.8 -174.0    nan  1.030   99.4  3.815  5.210   70.3   83.1
E  -61.3  -34.5  113.0 -179.6  -58.8    nan  1.059  101.6  3.811  5.220   63.6   79.3
L  -80.8   -6.1  111.3 -179.5  -61.5    nan  1.060   97.0  3.803  5.254   53.9   73.3
G   85.3   34.1  114.2  179.5    nan    nan    nan   80.7  3.799    nan    nan -107.2
Y -124.8  -80.5  114.3 -179.5  178.8    nan  1.088   64.7  3.791    nan    nan   93.7
Q   55.3   81.8  111.3 -177.7  178.4    nan  1.080   77.6  3.832  5.294  158.0  161.3
G  -93.6    nan  112.9 -179.4    nan    nan    nan    nan  3.790    nan    nan  168.0
