Id   phi    psi    tau  omega    chi    chi2  solid    eta  CA-CA  CB-CB  BA^AB  NA^AC
M    nan  148.5  106.6    nan  166.6    nan  0.977    nan    nan    nan    nan    nan
N -145.4  174.8  110.7 -179.9   58.2    nan  1.058  147.0  3.829  5.783 -179.4 -178.2
I  -51.6  -42.9  114.1 -178.6 -172.3   64.7  1.232  103.7  3.854  5.299  -62.9  -53.2
F  -62.3  -47.9  114.1  179.4  -63.6    nan  1.191   92.5  3.820  5.620   66.5   83.0
E  -69.0  -35.3  110.6  178.9  -55.1    nan  1.024   95.9  3.761  5.375   66.7   71.2
M  -63.9  -49.5  109.7  179.6 -173.7    nan  0.974   93.2  3.809  5.402   79.5   86.9
L  -68.0  -29.1  113.0 -179.6  -78.3    nan  1.137   98.7  3.852  5.177   46.6   71.6
R  -69.5  -32.3  109.8  179.2  162.8    nan  1.109   97.3  3.785  5.507   70.0   87.5
I  -72.5  -41.0  109.4  176.4  -76.6  154.6  1.062   91.1  3.771  5.564   64.3   78.9
D  -74.1  -32.8  116.5 -177.9  -77.1    nan  1.122   89.9  3.863  5.334   55.9   75.9
E -101.7  -26.6  115.0 -175.4  -60.0    nan  1.056   68.5  3.766  5.034   39.6   59.7
G   78.2 -174.4  110.1 -176.9    nan    nan    nan   80.2  3.821    nan    nan -128.7
L -138.3  125.1  110.2  177.8  168.2    nan  1.038  128.1  3.761    nan    nan -127.2
R -135.7  127.9  110.0  179.1  -56.6    nan  1.121  128.9  3.827  5.762  164.9  165.8
L  -88.1   -0.2  116.9 -178.2  -52.0    nan  1.206   91.9  3.771  5.893 -138.0 -140.6
K -129.9  147.7  108.6  178.0  -42.3    nan  1.100  132.3  3.826  5.474   39.3   53.6
I  -48.6  136.4  108.7 -179.3  -57.3  179.1  1.045   71.8  3.808  5.455  -67.1  -84.0
Y -142.9  172.0  106.9  178.4   65.3    nan  1.066  144.5  3.799  5.803  172.2  170.5
K -103.2  139.4  108.0  176.5  -59.1    nan  1.052  111.6  3.709  5.410 -112.5 -107.8
D  -78.1 -173.9  110.2  179.3   77.7    nan  1.169   76.1  3.763  5.647 -122.4 -121.3
T  -65.2  -26.3  112.5 -176.3   74.6  -43.0  1.098  102.8  3.816  5.241  -49.1  -51.0
E  -87.0  -10.1  112.2 -179.2  -70.7    nan  1.010   89.1  3.842  5.387   63.6   74.9
G   96.1   10.7  115.5 -178.6    nan    nan    nan   79.4  3.814    nan    nan  -97.9
Y  -90.3  147.6  113.6 -179.4  -50.1    nan  1.082  102.6  3.859    nan    nan  107.1
Y  -65.4  123.3  110.2  179.8  -74.7    nan  1.055   92.0  3.740  5.300  -90.9 -103.7
T -140.1  164.0  108.6 -173.7  -53.1 -179.9  0.993  142.5  3.825  5.838  176.1  159.9
I -152.7  166.5  110.0  176.3 -159.8   76.9  1.052  154.2  3.786  5.608 -174.3 -169.7
G   65.5 -134.1  114.5  173.7    nan    nan    nan   89.0  3.888    nan    nan   40.4
I -102.5   72.1  112.3  179.9  -62.7 -178.5  1.140  106.7  3.815    nan    nan  -40.1
G   70.0   26.6  114.2 -179.6    nan    nan    nan   97.7  3.792    nan    nan  -49.7
H  -84.0  102.8  111.6 -179.7 -173.4    nan  1.044  109.5  3.821    nan    nan  126.8
L  -64.1  127.1  110.7  179.7  174.7    nan  1.033   89.5  3.841  6.054 -133.4 -145.8
L  -93.5  -45.7  113.3 -179.1  -68.7    nan  1.100   71.0  3.791  5.892 -147.8 -145.5
T -169.2  155.6  110.8 -177.8 -176.3   63.9  1.023  157.2  3.842  4.791  -37.3  -28.2
K  -96.0   -2.7  109.9  176.0  -56.8    nan  1.024   83.1  3.781  5.477 -119.6 -122.5
S  -73.4  147.2  111.8  179.4  139.9    nan  1.148   87.2  3.759  5.642   84.9  108.9
P  -71.2  -14.4  113.1 -178.1  -22.2    nan  1.008  102.7  3.821  5.446  -87.9 -105.4
S  -75.5  116.1  116.9 -177.4  172.9    nan  1.185  106.4  3.711  5.409   66.7  100.3
L  -61.3  -23.9  109.0  175.3  171.3    nan  1.082  108.9  3.736  5.818 -113.3 -136.2
N  -82.5  -35.5  111.5  180.0  -73.4    nan  1.155   84.0  3.773  5.507   57.5   80.9
A  -61.8  -32.5  106.9  176.9    nan    nan  1.024  105.2  3.718  5.558   80.6   86.5
A  -68.4  -42.4  114.4  178.7    nan    nan  1.116   90.7  3.958  5.586   65.3   84.3
K  -68.1  -32.6  109.6  177.9  -80.6    nan  1.059   98.5  3.802  5.387   65.0   76.1
R  -66.2  -45.2  111.8  177.2  -83.9    nan  1.114   92.5  3.786  5.475   69.1   85.8
E  -62.2  -42.1  107.4  179.9  -77.1    nan  1.018   99.7  3.817  5.441   71.4   79.4
L  -58.6  -44.8  114.0 -178.8 -177.6    nan  1.159   97.2  3.773  5.319   65.9   86.9
D  -68.1  -40.7  110.7 -178.4  -65.2    nan  1.061   93.9  3.797  5.466   66.0   77.1
K  -57.8  -45.2  110.5  177.2  178.7    nan  1.035   99.5  3.753  5.268   75.6   85.7
A  -64.8  -37.4  114.5  178.3    nan    nan  1.138   96.3  3.891  5.330   54.2   77.0
I  -93.1  -21.6  114.3 -177.6  -60.7  178.0  1.108   78.3  3.838  5.203   40.4   60.7
G   75.2   30.1  112.9  178.6    nan    nan    nan   91.8  3.778    nan    nan -132.0
R -162.1  167.7  112.1  177.3   91.1    nan  1.139  162.6  3.819    nan    nan   46.8
N  -84.8  107.6  106.7  179.4 -128.3    nan  0.998  104.2  3.757  5.320  -87.5  -95.5
T  -96.4  -28.7  114.5 -174.3   66.2  -56.8  1.040   72.8  3.706  5.957 -164.6 -162.1
N   63.0   46.0  108.8 -175.5 -152.8    nan  1.042   96.3  3.710  5.294 -143.9 -143.5
G   61.6   14.3  118.6  179.3    nan    nan    nan  110.9  3.842    nan    nan  -81.4
V -132.3  134.8  109.9  179.6  173.8  -65.4  1.065  130.8  3.789    nan    nan   66.8
I -127.7  170.8  108.6  179.5   66.6  -56.4  1.039  130.1  3.806  5.817 -169.9 -175.5
T -100.3  167.6  109.1  178.9   68.0  -52.3  0.928  104.1  3.820  5.393  -99.6 -106.9
K  -50.1  -49.4  113.6  177.0 -166.2    nan  1.127  100.6  3.806  5.151  -70.3  -63.6
D  -54.9  -44.7  114.0  178.7  -71.4    nan  1.050  100.1  3.847  5.464   75.9   83.2
E  -64.4  -41.3  109.0  178.2  -74.3    nan  1.048   97.6  3.809  5.181   64.8   77.3
A  -62.5  -40.2  110.2  177.6    nan    nan  1.052   98.9  3.761  5.401   67.6   81.0
E  -71.5  -31.0  112.8  179.8  -78.4    nan  1.130   94.8  3.772  5.273   54.5   76.4
K  -68.5  -41.0  112.0  177.3 -177.6    nan  1.080   92.8  3.710  5.453   72.3   86.3
L  -63.5  -39.4  111.1  176.1  -66.0    nan  1.027   98.1  3.839  5.517   71.7   79.8
F  -60.8  -51.4  110.8  177.6 -169.6    nan  1.050   93.6  3.809  5.327   73.2   84.6
N  -53.0  -47.3  112.8  175.3  -75.0    nan  1.082  100.4  3.878  5.449   67.6   79.7
Q  -57.1  -43.7  113.8  177.6  -65.2    nan  1.081   99.2  3.837  5.444   70.8   82.1
D  -67.6  -38.4  115.0 -177.3  -67.3    nan  1.166   93.3  3.790  5.233   58.7   80.4
V  -68.6  -46.3  107.9  178.2  175.9  -59.6  1.089   92.6  3.804  5.554   66.3   79.2
D  -56.0  -46.4  110.4  178.6 -173.4    nan  1.097  100.1  3.804  5.407   69.0   82.8
A  -62.2  -38.8  112.2  178.7    nan    nan  1.042   98.9  3.811  5.415   65.8   78.3
A  -61.0  -55.1  109.9  179.7    nan    nan  1.082   91.9  3.834  5.430   70.2   86.9
V  -52.9  -50.1  112.2  178.7  178.7  -61.9  1.100   99.0  3.823  5.329   66.3   78.8
R  -63.2  -37.1  111.4 -179.1  -89.1    nan  1.156   99.4  3.895  5.360   55.9   75.6
G  -65.1  -43.2  112.2  175.5    nan    nan    nan   94.2  3.779    nan    nan   81.8
I  -57.8  -48.8  110.4  175.9  -75.7  166.2  1.003   97.4  3.840    nan    nan   82.9
L  -66.3  -19.7  114.2 -176.9  -52.8    nan  1.207  104.6  3.841  5.182   48.7   76.1
R  -97.6   -7.7  112.4 -180.0  -99.2    nan  0.947   79.5  3.812  5.509   69.1   70.5
N  -95.1  125.9  111.8 -177.1 -174.2    nan  1.063  110.6  3.762  5.170   59.9   86.4
A  -64.1  -27.6  114.5 -178.5    nan    nan  1.088  102.4  3.844  5.910 -110.5 -120.3
K  -88.6  -26.2  112.9  177.4  -41.4    nan  1.089   81.3  3.798  5.439   53.6   71.4
L  -87.2  -39.9  114.4 -176.7  -62.0    nan  1.142   76.8  3.801  5.297   56.6   78.2
K  -52.2  -46.0  116.6 -175.7 -166.9    nan  1.183   99.9  3.772  5.392   78.4   99.9
P  -63.0  -38.7  111.4 -179.4  -14.8    nan  0.959   98.7  3.834  5.419   74.6   80.4
V  -61.5  -52.2  112.8  175.5 -171.3  -48.8  1.109   91.3  3.739  5.230   61.0   83.9
Y  -56.8  -47.3  110.2  180.0 -170.3    nan  1.041   99.1  3.809  5.262   68.2   78.9
D  -60.0  -33.9  111.2 -179.7  -74.0    nan  1.025  103.9  3.825  5.356   68.7   80.5
S  -74.5  -18.5  116.4 -179.2   81.8    nan  1.144   96.7  3.736  5.275   56.7   81.9
L  -89.0  160.8  117.2 -172.8  -62.1    nan  1.050   97.7  3.799  5.475   72.2   88.6
D  -77.6  169.6  109.7  171.4   58.0    nan  1.020   81.3  3.812  5.357  -96.9 -102.0
A  -57.2  -39.1  116.8 -176.3    nan    nan  1.239  100.5  3.857  5.313  -74.4  -62.7
V  -66.9  -50.4  111.7  178.8 -179.3  -60.4  1.124   89.3  3.828  5.605   68.0   82.0
R  -65.3  -28.2  111.7 -177.9  -63.0    nan  1.118  102.1  3.789  5.319   56.4   74.5
R  -59.9  -43.3  110.1  174.8  -84.8    nan  1.055   99.3  3.796  5.665   85.7   93.7
A  -59.5  -39.5  111.8  175.5    nan    nan  1.049  100.8  3.813  5.368   70.4   80.8
A  -63.7  -35.7  112.2  179.1    nan    nan  1.062   99.4  3.864  5.479   68.9   83.9
L  -71.2  -40.3  110.4  177.4 -171.8    nan  1.072   91.9  3.828  5.448   62.6   78.6
I  -60.9  -41.2  108.6  179.4  -68.6  169.6  1.022  100.6  3.850  5.553   75.1   84.8
N  -57.5  -49.5  111.8  179.1 -169.6    nan  1.057   96.4  3.844  5.383   72.9   87.1
M  -58.6  -43.5  110.7  178.5  -77.0    nan  1.045   99.8  3.839  5.408   66.1   78.5
V  -64.7  -41.3  111.8  179.6  168.6  -68.5  1.138   95.7  3.816  5.335   59.7   79.2
F  -60.5  -38.2  111.8  179.6 -176.2    nan  1.011  100.8  3.808  5.462   78.6   85.3
Q  -79.4  -44.7  113.5 -177.3 -177.3    nan  1.031   81.7  3.837  5.234   54.9   72.8
M -117.6    2.9  118.8 -172.6   79.3    nan  1.279   63.8  3.736  4.539   -3.0   36.3
G   78.6  161.1  112.1  179.0    nan    nan    nan   72.1  3.723    nan    nan -105.4
E  -64.0  -39.0  112.5 -177.1 -178.3    nan  1.089   97.1  3.752    nan    nan  -83.2
T  -64.9  -45.6  112.3  178.5  -54.8 -172.4  1.175   92.9  3.752  5.411   55.3   82.7
G  -54.6  -56.1  111.9  177.3    nan    nan    nan   94.0  3.808    nan    nan   85.1
V  -58.4  -47.0  111.9 -178.4 -174.5  -55.7  1.149   97.2  3.790    nan    nan   75.6
A  -58.9  -16.8  110.7  179.6    nan    nan  1.223  114.1  3.793  5.448   58.2   81.7
G  -74.5   -4.8  114.1  173.4    nan    nan    nan  103.5  3.840    nan    nan   90.4
F -100.3   45.0  108.5  179.2  -76.4    nan  1.029   95.4  3.842    nan    nan   80.6
T  -43.1  -51.1  115.7  179.9  -62.3  177.5  1.066  103.2  3.814  6.151 -178.4 -177.8
N  -67.4  -41.4  115.4 -177.0  -52.5    nan  1.183   91.5  3.715  5.083   46.4   75.3
S  -67.6  -38.3  109.0  179.7  -48.0    nan  0.978   96.5  3.780  5.504   74.1   79.0
L  -59.5  -38.0  110.0 -178.9  -63.9    nan  1.075  102.6  3.851  5.439   73.6   89.0
R  -68.4  -36.2  110.5 -179.7  167.1    nan  1.114   96.1  3.800  5.344   64.0   80.5
M  -70.4  -35.9  111.9  176.5  -66.9    nan  1.115   93.7  3.786  5.516   61.4   78.0
L  -66.4  -44.2  108.0  179.5  -71.3    nan  1.037   95.1  3.784  5.519   74.2   83.9
Q  -58.7  -36.1  112.6 -179.3 -163.7    nan  1.131  103.0  3.822  5.334   64.5   84.5
Q  -83.5    3.1  111.7  178.3  -62.8    nan  1.019   97.7  3.768  5.394   54.5   67.7
K   57.3   36.4  114.6 -179.8  -44.0    nan  1.164  103.1  3.766  5.553 -127.1 -124.4
R  -97.0   78.3  106.2  173.8  -63.5    nan  1.034  104.3  3.861  6.133  116.8  115.7
W  -54.8  -52.6  118.4 -173.7  -39.0    nan  1.289   92.4  3.845  6.253 -162.7 -151.9
D  -64.5  -42.4  111.4  178.3  -67.6    nan  1.146   95.4  3.818  5.450   61.1   72.1
E  -66.2  -38.9  113.0  179.4  -46.3    nan  1.155   95.1  3.790  5.438   61.0   79.3
A  -65.3  -39.4  113.1  177.5    nan    nan  1.070   95.6  3.777  5.473   69.4   82.1
A  -63.8  -41.3  109.2 -178.9    nan    nan  1.091   97.8  3.867  5.453   66.6   84.7
V  -62.9  -48.0  110.2  176.4  163.2  -73.4  1.105   94.4  3.809  5.521   65.8   79.6
N  -67.8  -37.0  113.2 -178.8 -175.2    nan  1.075   94.8  3.806  5.304   59.9   74.0
L  -58.4  -35.1  111.6  179.8  -81.7    nan  1.022  104.4  3.823  5.576   80.5   91.6
A  -68.0  -17.6  115.2 -177.6    nan    nan  1.221  103.8  3.887  5.352   57.4   86.6
K  -89.1   66.1  107.4  178.8  -66.7    nan  0.945  106.3  3.857  5.709   76.8   78.2
S -151.5  156.7  108.4 -175.3   55.2    nan  0.977  150.1  3.716  5.443   91.5   97.3
R  -59.3  -41.7  109.2  174.7  174.8    nan  1.011  101.2  3.733  5.278  -80.8  -86.7
W  -46.7  -53.6  111.2  179.4  169.0    nan  1.045  101.2  3.878  5.451   83.4   96.5
Y  -65.1  -39.8  110.4 -179.1 -178.3    nan  0.960   96.9  3.811  5.125   60.9   70.4
N  -69.1  -36.8  114.2 -178.9  -78.2    nan  1.103   93.2  3.829  5.189   54.2   80.3
Q  -78.9  -42.6  114.3  178.9  -56.2    nan  1.167   82.4  3.786  5.339   46.8   72.8
T -127.0   67.7  109.4  178.6   52.2  -67.1  1.022   91.0  3.869  5.153    4.5   19.1
P  -53.9  -40.8  118.8 -179.1   16.5    nan  1.133  101.1  3.803  6.110 -167.6 -165.7
N  -71.7  -41.9  112.6 -177.0  -64.6    nan  1.129   89.4  3.864  5.437   57.5   80.2
R  -69.8  -46.0  109.9  177.0  169.2    nan  1.071   90.6  3.718  5.360   61.7   74.1
A  -56.2  -44.6  109.8  179.2    nan    nan  1.080  101.4  3.851  5.422   70.1   84.0
K  -56.0  -42.5  113.3  179.2  -84.1    nan  1.095  101.0  3.873  5.513   71.4   86.0
R  -63.6  -45.2  110.0  179.8  -70.4    nan  1.052   95.5  3.794  5.388   70.0   81.5
V  -64.4  -43.7  112.4 -179.1  172.4  -66.3  1.143   94.3  3.810  5.257   57.7   78.9
I  -64.6  -40.0  112.6  178.7  -72.8  166.5  1.108   96.0  3.798  5.438   63.8   78.6
T  -66.0  -34.3  110.4  178.6  -70.4  167.9  1.027   99.0  3.812  5.436   71.2   80.5
T  -64.6  -37.0  108.1  178.7  -58.4 -173.1  1.039  100.0  3.787  5.404   69.9   86.0
F  -71.5  -42.6  110.9  179.4  -83.2    nan  1.066   90.2  3.863  5.524   60.2   78.1
R  -62.6  -44.8  113.4 -179.6 -151.2    nan  1.132   94.5  3.828  5.334   64.4   82.6
T  -97.6  -29.5  118.1 -177.3   76.0  -49.0  1.156   69.8  3.827  5.100   27.3   51.7
G   74.1   18.0  113.4 -174.3    nan    nan    nan   98.2  3.775    nan    nan -133.9
T -125.1  174.3  109.1  175.1   75.3  -44.7  0.952  126.8  3.869    nan    nan   73.2
W  -96.4   14.4  109.9 -179.5  -66.4    nan  1.007   88.7  3.846  5.303 -102.9  -98.6
D  -48.1  -44.5  117.3 -176.1  -64.4    nan  1.190  103.7  3.774  5.996  131.9  153.3
A  -67.5  -16.8  111.4 -174.8    nan    nan  1.073  105.5  3.846  5.386   68.1   81.7
Y -104.1    2.9  111.3 -179.0  -73.7    nan  1.041   76.9  3.734  5.361   47.5   67.8
K -106.1    nan  111.7 -179.1  -67.0    nan  1.175    nan  3.748  5.390   55.2   85.2
