Id   phi    psi    tau  omega    chi    chi2  solid    eta  CA-CA  CB-CB  BA^AB  NA^AC
M    nan  153.2  105.8    nan  173.3    nan  0.939    nan    nan    nan    nan    nan
N -152.4  177.3  107.1  177.2   54.1    nan  1.030  153.0  3.824  5.722  173.3  178.4
I  -53.5  -41.7  114.9 -178.2 -173.6   64.5  1.227  102.7  3.810  5.255  -63.0  -51.5
F  -64.0  -49.5  112.0  179.9  -70.9    nan  1.066   91.7  3.815  5.584   73.1   82.7
E  -65.7  -37.0  109.9  179.6  -60.4    nan  1.020   98.2  3.844  5.311   61.5   72.7
M  -61.7  -53.3  110.9  178.1 -172.4    nan  1.005   91.8  3.780  5.350   76.3   86.4
L  -67.7  -27.4  112.7  179.7  -76.5    nan  1.112  100.0  3.828  5.152   45.3   68.0
R  -67.8  -34.0  111.7  177.5  165.6    nan  1.060   97.0  3.780  5.582   77.6   90.1
I  -70.0  -43.9  110.1  176.7  -82.3  152.8  1.027   91.3  3.816  5.403   67.4   80.4
D  -70.0  -36.1  116.2 -178.5  -75.6    nan  1.141   91.9  3.848  5.241   52.8   76.2
E  -98.5  -25.6  115.4 -177.2  -57.1    nan  1.062   71.5  3.798  5.123   40.7   58.3
G   73.1 -172.1  109.7 -177.0    nan    nan    nan   75.9  3.835    nan    nan -131.8
L -135.6  127.3  109.1  176.9  164.8    nan  1.003  128.0  3.817    nan    nan -121.6
R -134.9  130.3  108.3  177.5  -60.9    nan  1.063  128.7  3.835  5.799  168.6  168.1
L  -95.2    1.4  116.2 -177.6  -55.5    nan  1.141   85.5  3.774  5.840 -141.3 -144.2
K -124.0  150.6  105.6  176.4  -53.5    nan  0.998  126.7  3.866  5.546   49.4   59.3
I  -52.2  136.1  110.4  178.6  -66.5  173.4  1.062   75.5  3.852  5.526  -76.3  -83.3
Y -140.9  170.3  107.3  179.2   65.6    nan  1.056  142.8  3.829  5.770  174.9  172.7
K -100.6  134.6  109.8  175.4  -67.0    nan  1.036  111.5  3.770  5.458 -110.8 -108.0
D  -75.3 -169.4  111.3  179.8   73.3    nan  1.151   71.7  3.796  5.755 -124.1 -123.2
T  -65.2  -23.5  112.5 -176.8   67.5  -48.0  1.097  104.3  3.843  5.163  -46.4  -45.8
E  -95.7    1.2  112.7 -179.3  -57.2    nan  1.080   84.8  3.843  5.346   50.9   69.4
G   86.5   14.3  112.7 -179.0    nan    nan    nan   87.9  3.784    nan    nan  -97.0
Y  -92.1  146.8  114.5  179.2  -56.1    nan  1.077  104.9  3.826    nan    nan  108.9
Y  -64.3  126.4  109.9  177.2  -75.2    nan  1.007   89.4  3.784  5.312  -89.2 -104.2
T -141.8  166.2  108.7 -176.9  -54.4  177.9  0.970  144.1  3.841  5.768  172.8  159.5
I -153.3  162.2  109.2  174.6 -162.9   73.3  1.092  153.6  3.751  5.588  179.9 -168.2
G   69.1 -129.8  113.0  172.9    nan    nan    nan   92.9  3.857    nan    nan   38.8
I -102.6   75.5  110.3  179.2  -54.4 -175.6  1.088  105.9  3.773    nan    nan  -37.6
G   67.7   26.8  115.2  178.7    nan    nan    nan   99.3  3.780    nan    nan  -49.7
H  -85.7  104.5  111.0 -179.9 -177.3    nan  1.054  109.1  3.799    nan    nan  124.9
L  -68.9  130.4  111.5 -179.0  166.2    nan  1.007   91.6  3.823  6.020 -134.8 -146.5
L  -92.6  -51.0  112.8 -179.2  -67.2    nan  1.118   70.8  3.757  5.874 -147.1 -142.7
T -161.5  155.5  110.4 -178.1 -174.8   61.9  1.020  155.3  3.782  4.677  -35.0  -24.4
K  -94.1   -5.5  107.6  175.9  -70.0    nan  0.997   84.3  3.748  5.511 -117.1 -121.4
S  -71.9  145.8  113.4  179.5  145.5    nan  1.152   87.4  3.738  5.657   83.9  108.5
P  -70.3  -11.5  113.3 -178.4  -13.0    nan  0.994  104.8  3.769  5.324  -87.4 -107.1
S  -83.6  122.7  117.0 -176.6  172.1    nan  1.098  108.6  3.727  5.341   66.7   96.3
L  -63.5  -27.2  108.7  176.9  176.0    nan  1.090  105.4  3.774  5.862 -117.5 -129.8
N  -74.8  -36.4  111.9 -178.6  -74.6    nan  1.086   89.9  3.747  5.570   70.3   86.7
A  -64.0  -32.2  108.7  178.0    nan    nan  1.095  102.5  3.709  5.334   69.8   84.8
A  -66.4  -45.3  112.5  176.0    nan    nan  1.065   91.8  3.875  5.633   72.0   84.6
K  -66.8  -33.7  110.8  178.8  -72.9    nan  1.073   98.4  3.858  5.352   60.6   75.2
T  -64.1  -45.2  112.1  176.1  -66.2 -177.8  1.096   93.9  3.780  5.459   70.7   86.1
E  -65.3  -42.1  108.8  178.7  -70.8    nan  0.984   96.6  3.859  5.452   68.6   75.9
L  -59.5  -46.7  113.4  179.9  177.6    nan  1.072   95.7  3.799  5.258   69.2   85.6
D  -64.2  -40.3  110.7  180.0  -74.9    nan  1.020   97.2  3.822  5.316   65.2   77.5
K  -66.1  -35.8  111.1  178.4  160.8    nan  0.976   97.8  3.759  5.188   67.4   80.0
A  -71.8  -34.0  113.4 -179.5    nan    nan  1.084   92.8  3.835  5.309   55.1   81.2
I  -89.8  -27.4  114.6 -178.9  -62.3  174.1  1.119   79.2  3.868  5.278   42.9   66.1
G   85.8   23.2  113.1  178.9    nan    nan    nan   85.0  3.768    nan    nan -126.6
R -157.2  165.5  110.1  178.1   83.3    nan  1.112  157.8  3.798    nan    nan   46.3
N  -80.9  107.9  106.2  179.2 -130.0    nan  0.938  102.4  3.761  5.269  -80.3  -95.2
T  -97.0  -23.6  117.0 -173.8   68.9  -56.2  1.084   73.0  3.719  5.964 -170.5 -161.5
N   57.8   34.7  111.7 -173.1 -155.0    nan  1.119  105.1  3.745  5.428 -141.2 -142.1
G   76.8    6.4  118.4  175.6    nan    nan    nan  100.1  3.828    nan    nan  -81.9
V -127.4  140.1  110.1  176.8  168.4  -71.7  1.041  129.9  3.748    nan    nan   63.0
I -127.7  170.1  109.3  179.5   62.8  -60.4  1.070  130.4  3.845  5.784 -168.3 -170.2
T  -95.3  169.0  108.5  178.9   65.4  -56.6  0.962   98.7  3.801  5.409  -95.7 -103.2
K  -61.5  -42.0  112.8  178.2 -174.0    nan  1.129   97.3  3.780  5.237  -78.9  -71.4
D  -60.0  -41.8  112.0  176.1  -70.9    nan  0.995   99.0  3.846  5.570   80.4   82.5
E  -64.3  -41.1  109.6  177.9  -75.4    nan  1.043   97.3  3.867  5.271   67.6   79.4
A  -62.1  -44.9  111.5  177.3    nan    nan  1.047   95.9  3.873  5.449   70.3   81.7
E  -68.6  -28.6  111.9  179.5  -76.8    nan  1.077   98.8  3.781  5.243   56.8   74.6
K  -70.5  -41.1  110.1  177.4 -177.9    nan  0.982   92.2  3.750  5.531   78.4   86.0
L  -62.3  -35.8  109.7  176.8  -64.7    nan  1.011  101.6  3.856  5.455   72.3   80.8
F  -65.8  -47.7  109.9 -179.6 -172.7    nan  1.023   92.6  3.807  5.276   73.6   85.0
N  -58.1  -40.2  112.0  177.9  -82.2    nan  1.003  101.5  3.775  5.312   68.7   80.2
Q  -67.8  -39.3  112.8  179.3  -66.1    nan  1.011   93.7  3.773  5.357   66.9   80.1
D  -68.9  -35.8  113.0 -178.8  -68.7    nan  1.063   94.5  3.791  5.224   64.8   81.3
V  -67.1  -46.1  108.9  176.8  175.5  -65.6  1.061   93.1  3.841  5.527   67.0   81.6
D  -57.1  -45.8  110.5  177.3 -173.6    nan  1.077   99.6  3.810  5.412   67.6   81.4
A  -62.1  -42.1  111.8 -179.9    nan    nan  1.023   97.3  3.756  5.398   69.6   80.1
A  -60.4  -49.6  109.6 -179.4    nan    nan  1.028   95.6  3.837  5.360   73.4   85.1
V  -55.0  -49.8  111.6  177.3  176.4  -60.6  1.113   98.0  3.820  5.328   64.0   80.6
R  -60.8  -37.5  112.8  179.2  -83.9    nan  1.186  100.4  3.902  5.447   55.2   77.1
G  -66.3  -38.1  111.0  176.8    nan    nan    nan   96.5  3.820    nan    nan   81.4
I  -62.1  -48.2  108.6  177.1  -82.7  158.9  0.983   95.9  3.838    nan    nan   83.8
L  -65.7  -23.7  113.8 -176.3  -56.4    nan  1.220  103.2  3.826  5.187   47.3   77.0
R  -93.2  -13.8  112.4  178.5  -86.6    nan  0.963   81.7  3.754  5.525   68.8   70.6
N  -87.3  123.2  110.8 -174.9 -176.3    nan  1.085  105.7  3.748  5.189   62.5   90.2
A  -58.3  -27.8  113.0 -179.5    nan    nan  1.045  108.0  3.870  5.913 -101.4 -118.9
K  -86.9  -33.9  113.5  179.4  -84.2    nan  1.050   79.8  3.832  5.392   58.2   73.8
L  -84.3  -42.7  114.2 -177.4  -63.2    nan  1.089   78.2  3.778  5.119   54.2   73.3
K  -49.1  -48.6  116.3 -176.2 -173.9    nan  1.142  100.5  3.759  5.337   80.0   99.8
P  -64.7  -34.3  111.2 -177.4   -1.4    nan  1.012   99.7  3.794  5.278   65.4   78.3
V  -65.8  -50.7  110.2  177.5 -177.6  -53.8  1.065   90.9  3.782  5.455   65.4   85.0
Y  -53.2  -48.3  110.9  179.2 -172.1    nan  1.060  100.7  3.797  5.271   70.6   82.5
D  -60.0  -32.0  111.4 -178.7  -78.3    nan  1.023  104.8  3.868  5.406   69.5   80.5
S  -76.4  -24.2  115.4 -178.6   82.5    nan  1.117   92.5  3.759  5.196   58.5   81.3
L  -85.2  160.4  118.0 -175.3  -62.2    nan  1.059   94.5  3.806  5.378   66.1   84.9
D  -78.5  171.6  108.9  174.4   53.3    nan  1.007   81.3  3.852  5.481  -96.2 -102.6
A  -53.7  -46.1  117.8 -177.4    nan    nan  1.291   98.1  3.879  5.401  -72.7  -56.8
V  -62.9  -49.8  112.5 -179.8 -175.9  -57.9  1.127   92.0  3.779  5.491   71.0   81.1
R  -65.3  -29.7  112.0 -178.7  -62.4    nan  1.126  101.2  3.811  5.328   56.4   74.7
R  -59.7  -41.7  109.0  176.1  -81.6    nan  1.015  100.9  3.789  5.677   88.5   93.2
A  -58.3  -40.1  111.8  176.6    nan    nan  1.129  101.4  3.832  5.362   66.9   83.8
A  -65.0  -39.5  111.9  179.2    nan    nan  1.069   96.3  3.795  5.498   71.0   82.1
L  -69.0  -36.3  110.0  179.7 -174.7    nan  1.026   95.8  3.758  5.339   66.1   79.2
I  -61.9  -42.9  109.5  178.6  -61.6  173.0  1.085   98.3  3.780  5.486   68.8   87.2
N  -57.6  -46.4  111.2 -179.6 -173.1    nan  1.054   98.6  3.786  5.336   73.3   86.5
M  -63.1  -42.4  110.5  178.8  -70.0    nan  1.010   97.1  3.828  5.470   66.3   77.3
V  -64.8  -36.8  110.6 -179.0  169.2  -72.0  1.091   98.7  3.807  5.296   63.9   81.1
F  -63.7  -41.2  109.2 -179.1 -176.7    nan  0.994   98.0  3.810  5.476   78.6   86.5
Q  -75.7  -48.6  114.7 -178.6  179.5    nan  1.115   81.9  3.791  5.164   48.8   72.7
M -112.7    5.1  118.8 -174.6   62.9    nan  1.278   69.8  3.753  4.730   -0.8   37.7
G   79.4  155.8  112.1  179.7    nan    nan    nan   71.4  3.759    nan    nan -101.5
E  -56.8  -41.5  113.2 -179.1  168.3    nan  1.087  101.0  3.809    nan    nan  -83.1
T  -64.0  -42.3  111.9  179.5  -53.4 -172.8  1.048   95.7  3.804  5.531   66.6   82.4
G  -58.8  -54.3  111.8  179.7    nan    nan    nan   92.5  3.769    nan    nan   86.2
V  -61.5  -40.9  112.6 -179.7 -176.5  -53.3  1.098   98.0  3.797    nan    nan   73.4
A  -63.1  -14.2  110.0 -178.7    nan    nan  1.059  111.4  3.822  5.417   71.1   84.5
G  -78.7  -12.7  113.4  177.5    nan    nan    nan   96.1  3.788    nan    nan   92.3
F  -85.9   58.4  109.4  179.7  -73.5    nan  1.034  108.6  3.816    nan    nan   87.8
T  -48.7  -50.2  116.7 -175.5  -60.6  179.6  1.135   99.4  3.808  6.196 -172.6 -166.7
N  -66.8  -43.8  115.0 -178.7  -53.2    nan  1.142   90.8  3.781  5.245   53.7   75.0
S  -64.0  -38.7  109.5 -179.0  -55.9    nan  1.017   98.9  3.822  5.473   72.6   81.2
L  -61.9  -38.9  110.9 -179.7  -64.1    nan  1.087   99.7  3.819  5.409   71.2   86.2
R  -68.5  -38.8  110.3 -179.0  179.6    nan  1.039   94.8  3.755  5.281   68.4   80.4
M  -67.4  -38.3  110.6  177.2  -74.2    nan  1.088   95.8  3.761  5.385   60.4   78.7
L  -66.1  -43.3  110.3  178.9  -71.9    nan  1.055   94.4  3.812  5.514   70.4   82.1
Q  -61.1  -31.5  110.8 -179.1 -171.0    nan  1.046  104.5  3.747  5.273   68.3   83.6
Q  -84.0   -4.5  112.5 -179.7  -70.1    nan  1.056   94.3  3.783  5.368   51.8   73.1
K   67.8   32.5  113.8  180.0  -47.9    nan  1.193   96.8  3.786  5.539 -126.1 -121.7
R  -98.3   78.1  105.0  176.3  -68.7    nan  0.963  102.7  3.808  6.001  117.1  112.7
W  -58.3  -50.7  116.7 -173.1  -44.7    nan  1.203   92.1  3.812  6.217 -169.3 -154.7
D  -62.5  -41.8  112.4  178.8  -74.3    nan  1.146   96.9  3.786  5.318   58.0   75.9
E  -68.2  -41.0  114.8  178.0  -46.2    nan  1.136   91.4  3.773  5.474   58.4   77.6
A  -64.3  -37.2  109.9  177.6    nan    nan  0.991   99.2  3.801  5.407   74.4   80.7
A  -64.7  -39.5  111.2 -179.2    nan    nan  1.086   97.0  3.821  5.337   64.1   85.8
V  -65.3  -43.4  110.7  177.6  166.4  -74.8  1.070   94.8  3.817  5.477   66.6   80.6
N  -66.9  -40.8  113.5 -179.5 -166.6    nan  1.056   93.3  3.814  5.283   64.4   78.1
L  -61.6  -31.4  111.0 -179.9  -79.8    nan  1.017  104.0  3.786  5.372   73.1   85.5
A  -73.8  -16.3  114.6 -177.9    nan    nan  1.128   99.0  3.856  5.372   60.0   84.6
K  -87.5   68.3  108.2  177.4  -55.8    nan  0.989  107.8  3.814  5.656   71.6   80.8
S -152.1  159.3  110.1 -174.9   55.3    nan  0.968  152.1  3.732  5.466   98.7   99.0
R  -62.2  -37.0  109.2  174.6  178.7    nan  0.948  101.5  3.779  5.293  -77.7  -85.7
W  -50.8  -51.2  110.4 -179.9  170.2    nan  1.011  100.7  3.841  5.360   84.8   97.7
Y  -66.2  -41.3  110.4 -179.5 -179.0    nan  0.975   95.3  3.788  5.101   60.1   71.2
N  -69.4  -31.4  116.2 -178.4  -73.4    nan  1.141   94.9  3.790  5.125   52.6   79.9
Q  -84.7  -39.6  114.4 -179.9  -63.6    nan  1.093   79.0  3.811  5.411   54.1   73.4
T -127.8   69.4  108.0  178.0   49.9  -65.2  1.034   90.8  3.859  5.066    1.4   20.0
P  -62.4  -38.3  116.2 -178.0   17.3    nan  1.054   97.0  3.810  6.152 -168.4 -170.6
N  -67.8  -41.8  112.7 -178.5  -63.6    nan  1.137   92.6  3.812  5.421   59.0   84.7
R  -70.2  -44.9  110.9  180.0  162.5    nan  1.034   90.2  3.775  5.377   65.9   76.2
A  -57.5  -45.2  110.8  177.4    nan    nan  1.068   99.6  3.787  5.342   69.5   82.9
K  -58.5  -37.2  112.4  180.0  -80.0    nan  1.040  102.7  3.873  5.446   74.4   83.8
R  -66.6  -43.9  109.6  179.5  -75.0    nan  1.050   94.2  3.795  5.361   68.6   82.8
V  -68.3  -43.8  111.4  179.0  171.4  -63.8  1.071   91.8  3.810  5.261   58.1   74.9
I  -60.2  -43.1  112.0  178.5  -69.9  169.2  1.092   98.1  3.817  5.396   64.4   82.3
T  -61.3  -34.2  111.1  176.6  -64.2  174.6  1.051  102.7  3.857  5.514   69.9   80.5
T  -66.1  -41.9  108.5  179.7  -56.9 -173.1  1.064   96.2  3.811  5.438   69.4   85.7
F  -66.8  -40.4  111.8  176.8  -82.5    nan  1.043   94.5  3.825  5.492   63.9   76.1
R  -64.8  -46.2  113.0 -179.3 -155.3    nan  1.138   92.3  3.821  5.330   63.2   83.3
T  -97.8  -27.1  118.1 -175.5   68.0  -53.5  1.103   70.6  3.788  5.061   31.8   52.0
G   73.8   21.5  111.3 -175.8    nan    nan    nan   97.6  3.752    nan    nan -132.2
T -129.6  172.3  107.2  177.9   71.5  -47.6  0.912  131.4  3.846    nan    nan   74.2
W  -95.9   16.6  110.9  179.4  -63.9    nan  0.984   90.2  3.833  5.319 -105.2 -100.2
D  -50.5  -38.9  117.2 -177.9  -67.5    nan  1.154  105.8  3.788  5.983  132.3  151.8
A  -67.3  -15.7  111.2 -176.9    nan    nan  1.063  106.3  3.851  5.476   72.4   84.9
Y -106.3   -5.0  112.9 -177.5  -72.8    nan  1.078   71.8  3.751  5.311   46.7   68.1
K -104.3    nan  109.8 -179.2  -62.5    nan  1.084    nan  3.762  5.429   57.9   78.0
