Id   phi    psi    tau  omega    chi    chi2  solid    eta  CA-CA  CB-CB  BA^AB  NA^AC
T    nan  129.9  110.9    nan  -52.8 -174.1  1.020    nan    nan    nan    nan    nan
Y  -99.4  129.8  112.9  180.0  -70.2    nan  1.052  113.6  3.790  5.787 -146.8 -151.9
T -132.6  179.2  106.6  178.2   55.1  -65.6  0.980  132.9  3.799  5.780 -177.5  170.2
T -121.7  149.6  112.8 -179.8   58.4  -62.3  1.033  128.4  3.806  5.403 -124.4 -115.6
R -122.1  115.6  106.4  177.2  177.2    nan  0.988  116.5  3.803  5.628 -151.4 -156.2
Q -105.7  130.3  114.6 -179.1  171.4    nan  1.075  118.7  3.810  5.944 -169.6 -168.9
I -110.5  131.1  107.1  178.5  -54.9 -179.9  0.967  116.0  3.805  5.829 -151.2 -167.2
G   73.8 -176.8  115.0  179.1    nan    nan    nan   75.1  3.804    nan    nan   11.4
A  -99.1  140.6  111.1 -179.9    nan    nan  1.032  110.4  3.805    nan    nan  -89.1
K  -58.7  152.5  109.9  179.9  179.5    nan  1.031   71.0  3.790  5.573  -90.9 -102.0
N   74.2   29.3  113.1  179.9  -50.2    nan  1.077   93.1  3.807  4.740   54.5   35.4
T -136.0  164.5  107.8  178.2   72.4  -49.5  1.006  138.5  3.820  5.647   64.4   74.2
L  -74.3  -21.2  112.2 -179.5  -74.5    nan  1.054   97.0  3.811  5.358  -87.3  -87.3
E  -84.4  -15.1  112.6 -179.6  -58.3    nan  1.040   89.7  3.823  5.445   64.6   82.2
Y  -57.0  129.7  113.9 -178.7  172.2    nan  1.075   85.0  3.825  5.664   98.8  114.4
K -144.7  142.1  110.6  179.3  -62.5    nan  1.023  140.3  3.801  5.742  170.4  159.1
V -132.2  113.2  109.0  177.3  174.3  -64.2  1.031  119.1  3.790  5.737 -170.6 -173.8
Y -101.4  150.2  106.9  177.8  -65.5    nan  0.975  108.2  3.800  5.978 -160.8 -173.1
I  -99.6  131.8  105.8  178.6  -73.1  164.5  0.985  108.1  3.780  5.627 -128.9 -130.7
E -108.5  148.7  110.3 -179.6  -70.0    nan  1.009  116.2  3.806  5.874 -152.6 -157.3
K -122.4  106.2  102.8  177.3  177.4    nan  0.942  109.2  3.800  5.668 -150.9 -158.3
D   61.7   44.5  109.5 -178.4  -56.3    nan  1.027   97.6  3.808  5.004   -2.9  -20.0
G   76.2   -5.7  114.8  179.6    nan    nan    nan  106.1  3.806    nan    nan  -68.7
K -102.7  117.7  112.4 -179.9   22.1    nan  1.058  115.6  3.806    nan    nan   79.1
P  -58.6  136.5  112.3  179.9  -21.1    nan  0.998   81.1  3.831  5.778 -111.7 -125.2
V -130.1  169.8  108.1  179.3  -62.2   60.7  1.011  132.5  3.815  5.876 -174.8 -177.9
S  -76.8  123.2  108.2  179.4  163.9    nan  1.011   97.5  3.809  5.383  -84.1  -84.5
A  -68.9  -16.8  109.9  179.9    nan    nan  1.021  104.7  3.797  5.801 -118.4 -129.6
F  -90.3  -51.9  111.9 -179.1 -165.2    nan  1.035   72.7  3.813  5.397   60.4   80.3
H -102.7  -29.8  119.8 -176.6  -35.4    nan  1.120   64.4  3.811  4.831   13.5   41.5
D  -81.1  -18.8  120.0 -175.9  -68.9    nan  1.158   89.3  3.812  5.253   58.1   84.6
I  -90.0  127.0  108.7  179.1  -47.9 -169.5  1.021  104.8  3.810  5.566   64.7   78.3
P  -62.1  135.8  112.9 -179.6   -9.4    nan  1.009   84.5  3.838  5.692 -106.7 -117.7
L  -61.0  -46.8  109.8  179.1  162.2    nan  1.013   96.7  3.796  5.717  -99.5 -111.4
Y  -94.0  131.8  113.9 -179.0  -59.1    nan  1.049  110.3  3.793  4.985   29.4   49.9
A  -86.8  -42.8  106.0  172.7    nan    nan  1.013   81.6  3.787  5.733 -135.1 -145.5
D -145.4   93.8  107.3  174.9 -177.0    nan  1.024  102.9  3.771  4.901  -26.2   -6.1
K  -50.2  -59.1  117.8 -177.8 -171.5    nan  1.117   91.3  3.794  6.017 -130.3 -136.7
E  -68.6  -12.6  115.4 -177.9  -70.9    nan  1.117  105.6  3.809  5.069   45.8   66.7
N -103.3    2.1  108.0  177.8  -86.0    nan  1.011   77.4  3.793  5.446   53.3   69.3
N   61.3   41.3  113.5  179.4  -63.8    nan  1.070   97.5  3.808  5.526 -125.0 -121.7
I -104.3  124.1  106.9  178.3  -52.4 -173.6  0.997  111.8  3.820  6.001  111.2  117.2
F -108.6  162.9  114.9 -178.2  -56.3    nan  1.076  115.0  3.797  5.872 -163.1 -162.9
N -101.8  117.0  104.4  176.9  -81.2    nan  0.951  108.0  3.788  5.428 -113.6 -121.5
M -108.1  137.5  109.6  179.6  159.2    nan  1.017  116.4  3.789  5.947 -170.2 -171.9
V -100.6  116.9  104.5  177.6  174.4  -63.4  0.964  107.6  3.766  5.736 -138.3 -148.2
V  -80.0  133.2  107.9  179.0  177.0  -60.7  0.993   95.8  3.784  5.961 -137.7 -145.5
E -110.8  -48.9  110.6  179.1  -74.2    nan  1.017   61.2  3.804  5.811 -155.6 -159.2
I -123.4  120.0  113.9 -178.3  -60.5  175.8  1.047  124.6  3.816  4.766   -1.8   18.8
P  -70.4  152.4  111.1  179.4  -12.5    nan  0.978   81.9  3.833  5.793 -123.2 -134.7
R  -56.2  141.8  110.9  179.2 -174.6    nan  1.029   75.3  3.806  5.538  -81.4  -86.4
W   68.5   26.9  117.7  178.1  -61.5    nan  1.123   97.5  3.831  4.739   36.0   15.3
T -118.6  170.5  105.6  177.4   55.0  -66.0  1.012  120.7  3.814  5.754   79.6   88.4
N -116.9  -28.9  117.2 -177.7  -50.3    nan  1.084   53.6  3.842  5.513 -125.6 -118.9
A  -58.1  117.7  110.0 -178.3    nan    nan  1.031   90.7  3.819  5.505   89.4  101.1
K  -77.0   81.2  111.3 -179.9 -145.0    nan  1.040  112.6  3.797  5.915 -133.5 -142.4
L  -88.9  146.7  109.6  179.7  -49.8    nan  1.021   99.7  3.808  6.112  174.5  170.0
E -162.8  157.3  113.8 -179.1   77.6    nan  1.040  158.0  3.799  5.538  167.6  160.9
I  -66.2  114.6  103.5  176.9  -76.5  160.2  0.931   91.5  3.789  5.312  -79.3  -94.4
T  -79.8  138.7  109.5 -179.8 -152.8   86.3  1.059   94.8  3.805  6.030 -148.2 -145.0
K  -88.3  -19.5  117.4 -177.2  -36.1    nan  1.111   82.8  3.799  5.730 -124.7 -128.4
E -108.4   29.5  115.9 -178.5  -56.2    nan  1.108   86.0  3.813  5.236   38.6   64.0
E -131.5  141.3  106.4  177.9  -81.7    nan  1.004  130.5  3.805  5.612   69.6   78.3
T  -58.6  129.8  112.6 -178.4  -47.6 -168.6  1.072   85.3  3.814  5.640  -91.5  -98.1
L   72.8    5.2  110.6 -179.6  -67.1    nan  1.108  105.3  3.792  4.834   31.1    8.5
N   49.1   56.7  115.1  166.7  -47.9    nan  1.083   95.3  3.806  5.641 -138.6 -140.8
P  -67.2  157.3  109.0  177.4   25.0    nan  0.955   76.0  3.816  6.075  171.0  165.8
I  -81.7  126.2  108.4  177.0  -64.7  172.1  1.021   99.6  3.775  5.594 -108.1 -106.7
I -134.4  173.5  108.6  179.4   67.7  -56.1  1.014  136.1  3.798  5.872  175.3  168.7
Q  -88.2  132.3  109.2  179.4 -179.9    nan  1.020  102.8  3.785  5.300  -93.4  -91.0
D  -68.0  156.7  108.5  178.7 -164.2    nan  1.000   76.8  3.789  5.678 -107.8 -120.9
T -133.6  157.7  111.8 -179.9   47.1  -73.8  1.027  137.8  3.816  5.637 -156.0 -156.0
K -138.3  122.0  106.7  178.6  -76.4    nan  0.986  124.0  3.799  5.515 -159.0 -163.0
K   53.0   44.0  110.5 -179.6  -56.3    nan  1.035  103.8  3.809  4.929    6.1  -15.2
G   74.1    2.9  116.7  178.6    nan    nan    nan  104.5  3.796    nan    nan  -72.6
K -112.7  144.2  113.5 -179.5   22.2    nan  1.071  121.9  3.809    nan    nan   77.5
L  -54.4  139.0  108.4  179.2  -73.4    nan  1.008   74.3  3.827  5.489  -79.3  -96.3
R -102.8  129.0  114.4 -178.7  173.5    nan  1.079  116.9  3.772  5.753 -143.7 -142.4
F -126.7  126.5  106.5  178.2  -67.2    nan  0.968  122.6  3.795  5.811 -169.8  174.9
V  -74.2  130.4  106.8  177.9  178.2  -59.6  0.997   92.0  3.806  5.862 -123.9 -131.6
R  -71.4  157.4  114.6 -178.6  -53.6    nan  1.078   81.7  3.820  5.788 -116.0 -121.9
N  -83.7  122.7  109.6  179.1  -63.3    nan  1.021  102.8  3.819  5.472 -101.2 -108.2
C -116.8  114.8  108.7 -179.7  -53.5    nan  1.013  116.7  3.801  5.882 -171.0 -176.6
F  -51.2  137.2  112.3 -179.0 -176.6    nan  1.054   75.0  3.803  5.865 -108.2 -120.3
P  -92.7   22.6  113.6    0.3   32.1    nan  0.986   96.3  2.909  4.714   38.8   20.9
H  -89.4  152.2  116.8 -177.0  -41.5    nan  1.111  101.6  3.801  5.754   91.9  121.1
H -119.8  100.1  108.0  179.3 -179.1    nan  0.997  110.6  3.806  5.611 -141.4 -151.5
G   61.4 -143.3  108.7 -178.7    nan    nan    nan   77.5  3.786    nan    nan  -28.2
Y  -75.8  138.4  109.2  178.8  -79.9    nan  1.018   91.6  3.803    nan    nan  -28.8
I  -95.1    7.0  113.0 -179.6   58.9  -62.9  1.096   87.7  3.810  5.830 -138.2 -136.4
H -142.1  161.2  109.4  177.2  -34.9    nan  0.992  144.4  3.822  5.442   36.8   46.9
N  -71.9  112.8  104.1  169.9  -73.2    nan  0.993   95.3  3.762  5.297  -93.6  -96.2
Y -100.4  140.6  114.3 -173.8 -165.0    nan  1.065  113.3  3.800  6.014 -164.2 -160.9
G -168.6 -149.5  113.0 -179.9    nan    nan    nan  143.7  3.787    nan    nan  145.1
A -153.6  165.6  113.1 -178.5    nan    nan  1.047  155.7  3.806    nan    nan -111.5
F  -98.3  129.1  104.4  177.6  -81.8    nan  0.959  106.4  3.789  5.431 -109.4 -113.6
P  -75.4  165.9  108.2  179.8   30.2    nan  0.934   80.2  3.807  5.729 -119.7 -127.5
Q   60.7   37.8  111.8  179.2  -58.5    nan  1.059  100.8  3.801  4.720   46.8   39.1
T -138.5  156.5  107.6  177.9   60.1  -61.5  1.019  140.1  3.793  5.661   69.5   79.2
W -154.6  128.0  111.4 -179.3 -166.8    nan  1.030  132.8  3.764  5.484 -175.2 -178.4
E  -86.7   95.3  103.4  176.9  -70.5    nan  0.951  103.0  3.792  5.839 -132.6 -146.1
D  -54.2  113.5  114.7 -178.4 -160.2    nan  1.078   94.4  3.824  6.057 -135.2 -139.1
P  -82.3  -14.8  111.7 -179.9   34.2    nan  0.966   92.0  3.838  5.835 -137.8 -154.4
N  -83.6   -9.3  117.1 -177.8  -57.7    nan  1.134   92.1  3.795  5.324   57.6   91.6
V -133.0  142.8  110.9  177.7   75.1 -163.3  1.040  134.5  3.811  5.299   25.5   43.2
S  -80.6  114.5  108.4  179.1  179.7    nan  1.004  102.4  3.798  5.615 -111.2 -121.0
H  -69.4  123.0  111.2 -179.3  -53.4    nan  1.058   95.3  3.794  5.913 -132.1 -137.1
P  -50.4  -53.5  118.6 -179.4   17.8    nan  1.078   94.8  3.866  5.698  -98.8 -111.9
E  -61.3  -22.3  113.8 -178.5   36.7    nan  1.074  108.1  3.816  5.235   57.0   77.6
T -117.8  -13.9  112.0 -178.2   54.9  -65.5  1.037   57.8  3.799  5.103   30.4   49.7
K   56.2   43.1  111.0 -179.3 -100.4    nan  1.043  101.7  3.798  5.516 -141.5 -139.7
A -155.5  152.3  110.0  178.5    nan    nan  1.034  150.7  3.810  5.443   58.7   66.9
V  -70.3  158.2  110.4  178.8  -65.4   56.9  1.026   79.0  3.793  5.496  -91.8 -100.1
G  -70.0  163.6  111.5  179.7    nan    nan    nan   76.6  3.810    nan    nan  -91.7
D  -89.3   17.2  115.4 -178.8   87.1    nan  1.130   98.0  3.800    nan    nan -101.2
N   63.6   24.7  119.3  176.1 -157.9    nan  1.127  102.8  3.816  5.488 -104.5 -110.2
E -144.4  165.1  110.2  178.2   68.9    nan  1.052  146.9  3.797  5.354   50.2   61.6
P  -51.8  153.9  111.6  179.9  -23.9    nan  0.986   64.6  3.823  5.155  -58.1  -66.1
I  -58.8  147.1  108.8  179.3 -166.5   71.1  1.020   73.5  3.817  5.588  -82.7  -87.4
D  -91.2  143.2  115.4 -178.8  -60.2    nan  1.079  105.9  3.832  5.681 -121.5 -122.8
V -126.5  131.2  114.3 -178.8 -176.4  -54.2  1.068  129.8  3.796  5.681 -159.7 -165.6
L -108.8  109.6  107.0  178.5  -47.7    nan  0.987  111.6  3.798  5.791 -151.0 -164.9
E  -98.7  113.9  109.5  179.9 -157.9    nan  1.042  111.3  3.805  6.009 -169.5 -170.7
I  -89.0    5.1  119.5 -176.3   80.5  -41.0  1.118   93.5  3.804  5.949 -149.0 -154.4
G  -55.7  165.6  115.3 -179.8    nan    nan    nan   62.8  3.830    nan    nan  133.8
E  -71.3  -40.4  114.1 -179.0   65.6    nan  1.078   89.6  3.812    nan    nan  -83.7
T  -74.2  140.0  113.6 -178.8  -51.3 -171.9  1.054   92.2  3.812  5.307   60.1   75.7
I  -81.8  127.1  108.1  178.6  -63.0  173.8  1.003   99.1  3.793  5.650 -115.3 -127.0
A  -81.4  177.1  112.1 -179.0    nan    nan  1.041   82.5  3.818  5.832 -129.0 -136.0
Y -128.1  154.1  109.2  177.8   60.5    nan  1.032  131.9  3.796  5.410 -134.1 -127.2
T  -64.1  134.5  112.4 -179.3  -67.8  171.2  1.057   86.4  3.792  5.400  -83.9  -90.8
G   92.1  -11.0  111.0 -179.6    nan    nan    nan   91.9  3.784    nan    nan   32.1
Q  -66.8  136.8  114.2 -179.2 -174.8    nan  1.074   88.3  3.795    nan    nan  108.9
V -113.6  104.3  104.9  177.7 -178.5  -56.5  0.975  109.1  3.788  5.787 -151.5 -163.0
K -114.6  158.9  110.1  179.6   52.7    nan  1.042  120.1  3.790  5.982  168.7  169.7
Q  -96.8  125.6  108.1  179.8  -68.8    nan  1.014  108.6  3.802  5.545 -115.0 -117.6
V -129.8  161.5  111.6 -179.2  -43.8   78.0  1.026  134.1  3.787  5.864 -179.3  174.0
K -117.8  136.5  104.8  176.7   56.3    nan  0.983  119.6  3.795  5.537 -137.0 -138.0
A  -80.3  142.4  108.9  179.8    nan    nan  1.014   93.5  3.818  5.781 -118.9 -125.4
L -122.6  -17.6  111.1 -179.0  -47.0    nan  1.025   52.7  3.803  5.732 -157.2 -160.8
G  179.4 -175.8  111.7 -179.4    nan    nan    nan  175.9  3.786    nan    nan  -16.9
I -157.7  145.9  111.4 -179.0 -157.9   77.4  1.049  147.5  3.798    nan    nan -148.9
M -123.5  133.3  109.5  179.3  -66.6    nan  1.017  125.6  3.828  5.743 -154.1 -160.3
A  -85.3   89.6  113.5 -179.2    nan    nan  1.071  113.4  3.815  5.813 -129.8 -132.6
L  -85.3  138.9  111.2  179.2  171.5    nan  1.044  100.1  3.790  6.114 -172.3 -178.4
L -111.1   94.3  102.4  177.5  -85.6    nan  0.944  103.1  3.770  5.696 -147.5 -158.0
D  -89.9  111.3  110.9 -178.5 -171.4    nan  1.042  109.3  3.776  6.077 -177.1 -173.3
E   49.3   50.9  107.6 -178.1  -64.4    nan  1.012  103.5  3.794  5.044   -3.6  -29.7
G   69.5   17.9  118.5  178.7    nan    nan    nan  101.3  3.782    nan    nan  -70.1
E -125.2  142.0  113.1 -179.5  -61.3    nan  1.051  130.7  3.814    nan    nan   78.2
T  -59.3  115.6  108.8  179.8  -69.1  170.6  1.016   91.7  3.821  5.572  -88.3 -102.5
D -138.1   65.4  112.4 -177.0 -160.8    nan  1.024   85.6  3.782  5.744  163.3  156.4
W  -54.9  136.3  114.0 -178.8  -65.5    nan  1.049   79.3  3.828  6.198 -168.5 -170.4
K -117.2  115.6  108.5  177.7  -51.6    nan  1.013  116.9  3.795  5.735 -159.5 -165.9
V  -84.9  134.6  110.0  179.7  178.5  -59.7  1.024  100.4  3.811  6.007 -143.9 -152.3
I  -94.7  107.3  106.8  178.9  -47.9 -171.0  0.982  107.4  3.821  5.827 -134.1 -144.1
A -122.9  167.1  115.5 -177.9    nan    nan  1.085  127.6  3.807  5.885  163.4  166.9
I -142.1  130.7  110.7  178.7  176.5   56.5  1.039  132.8  3.814  5.523 -154.0 -154.4
D  -53.1  132.8  107.3  178.0 -169.0    nan  0.972   76.5  3.809  5.592  -90.1 -109.7
I  -68.2  -19.6  111.0  179.4   64.4  -59.3  1.043  103.7  3.832  5.844 -112.3 -117.7
N  -85.2   -1.5  111.1  179.4  -72.7    nan  1.034   94.3  3.820  5.473   66.0   81.6
D  -71.0  139.3  111.4  179.3 -166.9    nan  1.049   88.8  3.806  5.796   97.7  112.2
P  -54.6  -28.2  112.4  179.9  -23.2    nan  0.993  111.4  3.827  5.438  -85.3  -99.1
L  -92.7   -0.6  115.6 -178.8 -102.2    nan  1.072   87.1  3.827  5.212   41.2   69.3
A  -56.1  -50.7  116.0 -178.4    nan    nan  1.108   94.1  3.822  5.837  114.3  129.6
P  -58.3  -16.8  115.2 -179.6  -20.4    nan  1.038  113.5  3.841  5.232   67.7   81.6
K  -97.0   -2.9  112.9 -179.9  -68.6    nan  1.060   81.9  3.820  5.376   48.1   74.6
L -115.1  120.0  110.2  179.6  -57.9    nan  1.026  118.9  3.808  5.383   49.1   68.0
N -135.7  -20.5  113.4 -179.9  -79.2    nan  1.093   39.8  3.787  5.751  162.2  163.0
D -146.2  165.0  108.7  177.3 -149.1    nan  1.043  148.1  3.822  5.093   -1.9   17.6
I  -46.3  -43.7  118.2 -177.1 -159.0   77.1  1.143  105.2  3.796  5.183  -56.4  -59.1
E  -62.1  -24.2  112.2 -179.2  -35.3    nan  1.061  106.9  3.825  5.436   71.5   84.4
D  -63.6  -38.6  108.7  178.8  -70.3    nan  1.004   99.7  3.805  5.592   86.8   96.8
V  -54.5  -46.5  113.1 -179.6  177.9  -59.5  1.065   99.7  3.815  5.413   78.9   93.5
E  -69.4  -28.0  109.0  179.6 -179.7    nan  1.014   99.7  3.818  5.271   59.4   72.0
K  -66.8  -49.7  111.8 -180.0  167.4    nan  1.034   89.7  3.802  5.431   76.0   91.3
Y  -94.3  -26.6  114.6 -179.4  -67.0    nan  1.086   75.3  3.811  4.931   23.0   47.4
F -122.7   59.7  110.7  179.9  -54.0    nan  1.032   89.1  3.821  5.097   18.6   39.5
P  -51.9  128.9  114.2 -179.5   16.9    nan  1.026   82.1  3.847  6.119 -172.1 -172.3
G   91.6  -17.7  115.6  179.6    nan    nan    nan   96.0  3.808    nan    nan   23.2
L  -62.7  -48.3  114.6 -178.9 -175.7    nan  1.084   91.7  3.810    nan    nan  107.1
L  -62.8  -39.5  110.9 -179.7  -69.2    nan  1.060   98.6  3.807  5.272   62.7   78.0
R  -66.5  -43.7  109.1  178.8  -17.1    nan  1.017   94.7  3.829  5.433   67.2   79.9
A  -64.4  -36.6  109.5  179.8    nan    nan  1.022   99.6  3.802  5.271   64.9   78.5
T  -62.6  -44.0  109.7  179.8  -68.4  170.7  1.018   97.1  3.810  5.395   73.8   86.7
N  -59.6  -54.0  108.8  179.2  174.3    nan  0.995   94.2  3.802  5.285   71.5   82.1
E  -56.4  -43.9  112.7 -179.9 -176.0    nan  1.060  100.1  3.801  5.146   61.3   77.3
W  -56.2  -55.2  113.3 -178.9 -162.4    nan  1.064   92.8  3.826  5.369   74.6   88.7
F  -70.9   -9.5  113.3 -179.3  -75.5    nan  1.086  105.1  3.795  5.057   45.2   64.8
R  -85.7  -37.6  110.2  178.2  -92.5    nan  1.018   81.3  3.784  5.608   74.5   89.5
I -116.7    0.0  117.0 -173.4   69.6  -53.2  1.061   63.3  3.837  4.917   18.5   40.9
Y  -63.3  -24.3  114.8 -175.1   74.9    nan  1.135  104.8  3.856  5.813  107.8  126.8
K -100.8    6.1  114.6 -179.6  -74.5    nan  1.095   81.8  3.819  5.341   44.2   65.4
I  -67.8  -36.9  110.4  178.2  -68.6  169.2  1.062   96.2  3.783  5.899  109.1  120.9
P  -68.9   -9.8  111.1  179.5  -13.9    nan  0.981  107.3  3.858  5.397   68.8   81.4
D  -89.6  -13.4  108.3  179.1  -66.7    nan  0.979   86.2  3.814  5.516   64.8   85.1
G  102.1   -8.0  110.3 -179.2    nan    nan    nan   80.8  3.791    nan    nan  -96.1
K  -76.3  155.4  110.6  179.9  -52.1    nan  1.033   85.8  3.789    nan    nan  101.1
P  -68.2  166.8  111.0  179.8   -8.2    nan  0.968   73.4  3.840  5.349  -84.5  -94.1
E  -73.1  139.1  107.3  178.8  170.9    nan  0.987   88.1  3.809  5.424  -86.7  -86.3
N  -81.1  172.2  108.8  179.6  -80.3    nan  1.010   83.7  3.819  5.769 -118.4 -123.7
Q -135.7  158.1  111.3 -179.4    5.8    nan  1.043  139.3  3.803  5.443 -145.0 -139.4
F -118.2  149.7  111.1  179.9  -84.9    nan  1.009  124.6  3.801  5.567 -136.0 -139.8
A  -89.2  167.0  105.7  177.6    nan    nan  0.977   92.7  3.798  5.584 -117.5 -122.9
F   56.8   29.3  109.7 -179.6  -41.5    nan  1.011  109.9  3.823  4.740   53.5   38.2
S   56.0   40.9  110.1 -179.2  -50.2    nan  1.015  103.6  3.800  5.460  -95.2  -99.3
G   67.5    9.6  114.9 -179.5    nan    nan    nan  108.1  3.795    nan    nan  -79.7
E  -60.4  140.4  111.9 -179.6 -174.1    nan  1.042   80.0  3.818    nan    nan  133.0
A  -94.1  110.9  107.1  178.3    nan    nan  0.993  107.4  3.792  5.674 -129.6 -137.6
K  -74.0  152.1  110.0  179.9  -57.6    nan  1.020   84.8  3.820  5.973 -137.6 -146.2
N  -67.1  175.4  117.4 -178.2   61.0    nan  1.144   69.3  3.816  5.557  -95.3  -93.7
K  -53.1  -48.3  113.8 -179.1  166.3    nan  1.068   99.1  3.794  4.915  -48.7  -55.5
K  -58.2  -47.8  109.7  179.9 -174.7    nan  1.025   98.2  3.820  5.347   69.0   81.4
Y  -55.7  -45.7  107.3  179.1 -159.6    nan  0.997  102.6  3.806  5.306   72.1   81.9
A  -55.3  -49.2  111.1  179.2    nan    nan  1.037   98.5  3.820  5.313   71.0   84.4
L  -58.8  -43.8  110.8  179.6  -62.6    nan  1.037   99.4  3.812  5.267   65.7   79.3
D  -56.9  -45.4  112.0  180.0  -63.9    nan  1.046   99.2  3.822  5.372   73.0   86.5
I  -68.4  -44.9  110.7 -179.7  -66.0  173.0  1.039   91.7  3.812  5.277   59.7   74.5
I  -56.6  -45.6  110.7  179.8  -67.6  170.6  1.018  100.0  3.815  5.396   76.6   85.3
K  -66.7  -35.1  111.0 -179.1  -82.4    nan  1.056   97.7  3.790  5.167   60.1   76.2
E  -63.5  -47.4  110.2  178.9  -72.8    nan  1.035   94.3  3.794  5.477   73.8   87.3
T  -66.6  -21.6  111.0 -179.6   64.4  -56.4  1.065  104.3  3.808  5.284   57.6   74.2
H  -71.1  -45.2  107.2  178.2 -175.8    nan  0.990   91.6  3.815  5.588   80.3   91.0
D  -62.8  -37.2  110.0  178.5  -70.0    nan  1.020  100.4  3.832  5.297   62.7   77.1
S  -60.8  -42.7  108.0  178.6  -62.9    nan  0.998  100.1  3.816  5.427   75.6   86.7
W  -68.8  -32.5  110.2  179.5  168.2    nan  1.027   97.6  3.797  5.250   59.7   75.0
K  -62.0  -40.8  109.3  179.6  -88.7    nan  1.028   99.5  3.811  5.469   77.4   91.2
Q  -67.6  -44.6  109.5  179.2 -154.9    nan  0.999   93.1  3.797  5.284   65.1   77.6
L  -61.2  -53.5  113.3 -179.0  171.9    nan  1.056   90.4  3.815  5.216   65.6   82.3
I  -64.0  -30.2  111.6 -179.2 -159.2   77.3  1.061  102.3  3.811  5.156   55.9   72.4
A  -72.5   -9.3  109.3  178.8    nan    nan  1.013  104.2  3.821  5.476   69.7   82.8
G   79.3   24.1  112.1 -179.4    nan    nan    nan   91.1  3.799    nan    nan -114.5
K -107.5   15.8  116.9 -177.9  -70.6    nan  1.089   80.2  3.802    nan    nan  104.3
S  -84.0  153.7  107.7  178.9  158.1    nan  1.006   92.3  3.795  5.880  104.7  114.6
S  -75.8  -14.4  109.8  179.3   42.1    nan  1.001   99.0  3.789  5.471  -96.4 -102.9
D -170.5   98.6  109.6 -179.6 -164.1    nan  1.018  101.7  3.800  4.788  -17.9   -2.4
S  -82.1    1.4  111.8 -179.6   50.0    nan  1.041   98.5  3.794  6.045 -159.6 -165.8
K   54.3   33.3  116.8  178.6  -44.8    nan  1.100  106.6  3.830  5.600 -132.3 -130.1
G   72.4   14.6  115.6  179.2    nan    nan    nan  100.9  3.806    nan    nan  -84.9
I  -67.0  131.8  108.6  178.4  -77.6  160.2  0.989   87.6  3.812    nan    nan  128.7
D  -74.2  110.0  109.0  179.1 -157.5    nan  1.024  101.6  3.807  5.791 -119.1 -125.4
L  -93.1   13.0  112.9 -179.3  -54.4    nan  1.063   92.0  3.804  5.978 -159.5 -165.1
T  -61.5  137.4  107.0  178.5  -55.2 -176.0  0.981   79.8  3.801  6.035  128.1  132.4
N -147.9  162.0  106.5  179.1   65.4    nan  0.988  148.4  3.807  5.674  171.1  166.1
V -123.4    7.3  113.3 -179.2  -50.6   71.3  1.073   59.7  3.797  5.615 -144.4 -137.1
T -125.9   -2.9  114.4 -179.0   73.6  -47.7  1.080   52.9  3.809  5.422   49.2   69.1
L -114.5   86.4  110.6 -179.8  -40.7    nan  1.041  107.0  3.805  5.359   51.5   69.5
P  -67.5  -11.9  116.8 -179.5   28.0    nan  1.048  106.8  3.863  6.069 -156.5 -162.6
D  -93.4   -5.8  112.4  179.7  -74.2    nan  1.044   84.4  3.811  5.484   58.5   82.4
T  -93.8  148.2  110.3 -179.7   72.0  -49.0  1.033  103.8  3.804  5.541   69.1   86.7
P  -63.5  -23.2  117.0 -179.8   19.5    nan  1.063  104.4  3.835  5.434  -90.7  -95.9
T -103.5   25.2  113.9 -178.8   49.9  -70.2  1.064   87.5  3.834  5.275   37.5   64.1
Y  -75.2  132.9  108.2  179.5  167.1    nan  0.989   92.7  3.799  5.953  124.9  131.3
S -157.3   94.2  111.9  179.5  169.2    nan  1.045  102.2  3.823  5.671  155.1  152.1
K  -53.2  -39.3  111.1 -180.0   40.4    nan  1.039  106.3  3.804  6.007 -131.0 -143.8
A  -57.5  -25.9  115.2 -179.8    nan    nan  1.082  109.1  3.832  5.361   74.4   90.8
A  -57.9  -23.2  112.4 -179.5    nan    nan  1.056  111.2  3.817  5.583   90.1  103.3
S  -72.0  -49.7  113.6 -179.0 -164.1    nan  1.067   84.8  3.804  5.493   75.2   93.0
D  -66.2  -21.0  112.5 -179.4  -66.9    nan  1.056  104.5  3.802  5.182   58.0   73.9
A  -72.9  -10.6  111.7  179.2    nan    nan  1.047  102.9  3.806  5.531   76.0   92.1
I  -77.7  127.0  109.9 -179.8  -55.3 -176.0  1.023   97.9  3.816  5.693   83.2   97.5
P  -61.8  164.3  111.5  179.9   17.8    nan  0.997   68.5  3.805  5.678 -107.6 -117.5
P  -74.5  163.7  110.8  179.9   27.5    nan  0.971   80.7  3.828  5.397  -88.3  -88.6
A  -57.2  141.5  110.8  179.8    nan    nan  1.029   76.3  3.804  5.404  -72.9  -73.4
S -139.5   45.6  106.9  178.3   41.4    nan  0.995   66.6  3.833  5.734 -175.6  177.3
L  -55.3  120.3  114.6 -178.7 -174.5    nan  1.074   90.5  3.805  6.155  164.8  173.0
K -119.0  160.5  108.7  179.4  -93.8    nan  1.005  123.3  3.815  5.890 -173.4  176.0
A  -62.6  150.6  110.4  179.7    nan    nan  1.026   75.6  3.815  5.373  -77.4  -82.0
D  -53.9  134.3  110.2  179.7  -68.6    nan  1.000   77.7  3.821  5.423  -72.3  -86.4
A  -81.8  155.3  105.3  177.9    nan    nan  0.975   88.8  3.795  5.730 -123.7 -132.4
P  -68.6  152.2  113.4  179.9   23.5    nan  1.002   81.4  3.830  5.424  -89.5  -91.5
I -109.3  135.1  108.6  178.8  -57.2 -178.4  1.007  116.5  3.813  5.779 -138.8 -138.8
D  -47.9  135.5  111.5  179.4 -175.8    nan  1.033   73.3  3.797  5.524  -83.2  -97.4
K  -55.4  -22.3  115.6 -178.7  -88.0    nan  1.095  113.0  3.800  5.609  -93.9 -102.9
S  -61.8  -23.8  113.5 -179.4   64.3    nan  1.079  106.9  3.809  5.620   88.7  103.4
I  -69.3  -12.9  112.4  179.7  -53.5 -173.7  1.074  105.4  3.830  5.607   77.9   93.9
D  -66.0  -37.6  109.6  178.9  -70.1    nan  0.980   97.7  3.850  5.812   99.5  105.0
K  -43.0  126.8  118.5 -177.0 -166.7    nan  1.135   79.8  3.802  5.339   91.1  108.2
W  -97.7  119.3  106.3  177.8 -139.7    nan  0.975  107.9  3.775  5.763 -140.6 -161.0
F  -92.1  135.8  109.5  179.5  -72.6    nan  1.020  105.0  3.820  5.985 -151.3 -154.4
F -108.6   76.6  107.7  179.4  -69.7    nan  1.007  101.9  3.803  5.786 -150.7 -155.6
I -123.3    nan  115.0 -177.4   41.6  -78.2  1.064    nan  3.809  5.948  131.6  136.1
