Id   phi    psi    tau  omega    chi    chi2  solid    eta  CA-CA  CB-CB  BA^AB  NA^AC
T    nan  134.4  112.7    nan  -27.9 -149.9  1.037    nan    nan    nan    nan    nan
Y -102.4  136.6  109.9  179.0  -74.9    nan  1.023  112.6  3.813  5.778 -144.5 -152.4
T -141.8  177.5  106.1  178.3   64.0  -57.2  0.998  142.4  3.797  5.752  177.8  169.3
T -122.2  146.4  111.8 -179.5   57.5  -63.5  1.034  128.1  3.807  5.441 -125.1 -118.5
R -117.3  115.1  102.7  177.4  169.8    nan  0.943  111.7  3.800  5.678 -146.9 -155.7
Q  -98.8  136.4  113.4 -178.7 -174.3    nan  1.063  112.4  3.786  5.965 -164.4 -161.2
I -111.2  126.9  106.9  178.8  -57.6  179.3  0.975  115.7  3.799  5.789 -147.1 -160.9
G   67.0 -162.9  116.8  179.3    nan    nan    nan   75.5  3.792    nan    nan    0.3
A -106.3  140.2  111.0 -179.0    nan    nan  1.028  115.9  3.788    nan    nan  -77.4
K  -60.2  146.4  107.8  178.3 -169.3    nan  0.989   74.5  3.799  5.562  -91.1 -106.0
N   75.8   31.3  112.3  179.9  -50.2    nan  1.069   91.1  3.817  4.780   48.5   30.8
T -136.9  160.7  108.8  177.8   73.7  -47.9  1.024  139.6  3.822  5.652   64.6   75.1
L  -69.1  -20.1  112.7 -179.4  -71.2    nan  1.058  102.2  3.817  5.383  -84.2  -87.0
E  -90.4   -7.4  113.6 -179.1  -61.7    nan  1.054   86.6  3.824  5.396   58.6   78.0
Y  -60.8  134.4  113.4 -179.2  177.8    nan  1.049   84.7  3.813  5.708  103.7  117.5
K -152.5  141.8  109.6  179.4  -73.7    nan  0.999  142.5  3.816  5.687  166.9  155.6
V -130.5  112.7  110.5  178.3  179.0  -60.4  1.040  119.8  3.809  5.751 -170.6 -170.3
Y  -99.5  152.1  108.4  178.8  -69.0    nan  0.992  106.9  3.798  5.963 -159.9 -171.1
I -105.7  130.3  107.9  178.8  -66.7  171.7  1.011  113.6  3.789  5.645 -134.3 -133.9
E -110.6  147.6  113.8 -179.3  -42.6    nan  1.063  120.0  3.804  5.870 -158.4 -159.8
K -114.8  116.8  103.4  177.2 -169.3    nan  0.949  112.2  3.776  5.604 -141.9 -153.4
D   51.8   40.2  112.3 -179.0  -54.7    nan  1.053  106.3  3.810  4.988   -1.8  -20.1
G   90.7  -17.7  117.4  178.5    nan    nan    nan   97.4  3.819    nan    nan  -61.4
K -105.1  131.9  113.3 -179.1   26.5    nan  1.066  117.3  3.809    nan    nan   66.9
P  -60.2  138.9  113.7  179.8  -20.2    nan  1.015   81.7  3.851  5.639  -99.6 -112.8
V -132.6  162.7  107.2  179.3  -69.3   52.4  0.990  135.3  3.808  5.818 -172.7 -179.0
S  -70.7  119.8  110.9  180.0  164.6    nan  1.034   97.4  3.807  5.452  -85.2  -85.9
A  -63.1  -19.2  110.5  178.9    nan    nan  1.024  108.9  3.821  5.801 -114.7 -129.6
F  -90.3  -47.5  113.1 -179.5 -167.4    nan  1.043   73.0  3.809  5.340   58.0   78.2
H -112.5  -25.3  117.4 -172.6  -35.8    nan  1.081   58.2  3.843  4.848   12.2   38.5
D  -85.8  -16.7  114.7 -175.2  -67.0    nan  1.087   87.2  3.856  5.341   61.2   83.0
I  -83.6  114.6  109.4  179.5  -58.1  179.4  1.021  104.7  3.806  5.544   71.7   85.9
P  -54.9  141.0  110.4 -179.8  -20.8    nan  0.979   74.5  3.819  5.803 -111.4 -124.0
L  -68.3  -34.5  109.7 -179.7  166.8    nan  1.021   97.3  3.802  5.749 -105.0 -110.2
Y -103.2  133.5  113.6 -178.9  -72.5    nan  1.047  116.1  3.794  5.072   30.6   52.3
A  -89.0  -39.0  102.5  176.2    nan    nan  0.939   82.9  3.788  5.736 -129.7 -143.6
D -145.9   95.3  106.6  179.4  177.7    nan  0.977  103.6  3.818  4.803  -18.6   -1.2
K  -62.1  -35.5  115.8 -178.2 -158.8    nan  1.100   99.0  3.799  6.070 -145.7 -146.3
E  -65.0  -32.6  110.2 -179.5  -38.5    nan  1.026  100.9  3.812  5.452   75.7   87.6
N -105.4   10.7  113.6 -179.1  -69.5    nan  1.069   79.1  3.787  5.017   28.2   51.9
N   50.5   45.3  113.9  179.4  -65.9    nan  1.072  103.0  3.798  5.592 -123.5 -124.0
I  -97.3  118.5  104.8  177.6  -55.6 -178.6  0.960  106.5  3.808  6.071  126.2  126.2
F  -95.2  158.4  115.2 -178.7  -58.2    nan  1.074  103.9  3.785  5.913 -156.2 -154.7
N  -98.6  122.8  102.4  177.2  -92.9    nan  0.912  105.0  3.779  5.419 -111.1 -125.2
M -113.4  136.3  107.9  178.8  165.4    nan  1.000  118.8  3.779  5.887 -173.5 -170.7
V  -98.0  111.0  105.9  178.1  169.3  -68.9  0.976  107.6  3.792  5.821 -137.5 -145.4
V  -77.5  131.0  110.4 -179.8  170.6  -67.6  1.040   96.6  3.807  6.050 -143.2 -147.5
E -108.2  -47.0  111.1  179.3  -78.6    nan  1.008   62.4  3.786  5.782 -151.1 -159.7
I -125.8  118.8  114.2 -177.2  -61.3  174.5  1.057  125.0  3.787  4.667   -2.7   19.2
P  -71.2  144.3  111.8  179.5  -12.2    nan  0.985   86.7  3.830  5.797 -124.0 -138.0
R  -51.0  141.2  110.2  179.5 -179.5    nan  1.022   71.2  3.807  5.582  -82.2  -91.4
W   69.9   20.2  117.2  179.4  -62.0    nan  1.142  100.1  3.828  4.799   36.2   17.0
T -112.9  164.7  107.0  176.9   59.1  -62.4  1.009  116.5  3.829  5.827   80.2   88.3
N -113.4  -23.3  115.9 -178.3  -56.0    nan  1.084   58.4  3.816  5.504 -129.0 -122.8
A  -56.9  117.1  113.4 -179.0    nan    nan  1.073   92.8  3.818  5.586   92.9  107.2
K  -76.7   81.8  110.7  179.8  172.4    nan  1.041  111.9  3.828  5.944 -132.5 -144.8
L  -97.2  146.2  110.8  179.7  -53.1    nan  1.022  107.4  3.804  6.092  167.2  163.0
E -165.1  157.1  114.8  178.1   54.5    nan  1.096  158.8  3.785  5.486  158.5  157.0
I  -55.7  121.7  105.0  178.7  -72.8  164.8  0.963   83.5  3.792  5.229  -66.2  -84.1
T  -81.7  118.8  110.4 -179.3  -43.4 -163.9  1.027  103.5  3.824  6.011 -136.6 -140.7
K  -72.2  -30.2  114.2 -179.1  -63.8    nan  1.073   93.9  3.778  5.828 -128.4 -136.0
E  -97.0   12.1  117.9 -177.4  -58.0    nan  1.117   88.7  3.823  5.174   39.9   65.7
E -119.5  137.2  109.3  178.4  -91.9    nan  1.036  123.8  3.816  5.532   61.7   76.5
T  -57.7  130.6  111.3 -179.1  -39.9 -160.9  1.066   83.4  3.782  5.651  -92.8 -103.3
L   76.7   -1.5  110.4 -178.8  -68.6    nan  1.100  103.8  3.808  4.824   37.0   14.3
N   50.3   54.0  114.0  167.1  -46.4    nan  1.068   97.1  3.807  5.626 -144.3 -145.4
P  -64.3  150.2  109.0  176.1   25.0    nan  0.956   76.7  3.819  6.082  169.5  165.4
I  -72.0  127.6  108.3  177.2  -70.2  166.0  1.005   92.8  3.771  5.623 -103.6 -105.0
I -136.7  151.0  110.6 -178.7  -67.2  171.1  1.032  138.9  3.829  5.858  173.2  169.1
Q  -80.7  134.1  110.0  179.8 -167.8    nan  1.032   97.5  3.812  5.624 -105.9 -110.6
D  -67.0  151.5  109.0  179.5 -163.0    nan  0.993   78.5  3.793  5.641 -103.3 -117.7
T -110.6  166.0  109.3  178.4   69.9  -51.5  1.036  114.5  3.802  5.728 -142.7 -138.4
K -149.2  104.4  106.1 -178.4  178.4    nan  0.964  110.5  3.778  5.399 -157.2 -162.9
K   57.8   46.0  112.6 -179.5  -68.6    nan  1.063   97.9  3.798  5.077  -10.4  -28.3
G   84.8  -15.5  115.6  179.5    nan    nan    nan  101.7  3.793    nan    nan  -60.7
K -107.8  159.3  111.8 -179.8   25.3    nan  1.042  114.3  3.814    nan    nan   64.9
L  -64.0  144.6  107.8  179.5  -66.4    nan  1.000   78.6  3.820  5.383  -78.2  -86.1
R -101.3  128.6  114.6 -179.1  171.7    nan  1.078  116.2  3.807  5.734 -137.6 -134.6
F -123.3  143.9  110.9  179.6  -60.0    nan  1.008  128.3  3.821  5.840 -167.4 -179.9
V  -84.8  134.4  104.2  177.0  165.3  -73.2  0.960   96.4  3.802  5.660 -116.9 -126.0
R  -76.8  157.5  115.4 -179.5  -48.4    nan  1.088   87.1  3.837  5.847 -121.7 -121.3
N  -79.8  121.1  108.8  178.9  -59.2    nan  1.005  100.4  3.814  5.406  -95.4 -105.0
C -114.4  110.2  109.1 -179.5  -65.4    nan  1.014  115.0  3.802  5.893 -170.1 -176.0
F  -47.0  137.6  112.4 -179.1  178.9    nan  1.054   71.6  3.801  5.877 -108.2 -121.0
P  -93.3   23.1  113.1    0.2   33.0    nan  0.979   95.8  2.964  4.756   40.0   21.0
H  -93.9  152.1  115.2 -178.2  -38.6    nan  1.085  105.1  3.809  5.750   88.5  115.9
H -117.1  101.0  108.8  179.1  177.7    nan  1.006  111.7  3.809  5.611 -140.9 -148.0
G   61.3 -141.4  109.1 -179.0    nan    nan    nan   78.7  3.800    nan    nan  -27.9
Y  -78.5  140.9  108.5  178.8  -81.7    nan  1.005   92.4  3.812    nan    nan  -29.4
I  -98.1    1.3  113.5 -179.8   67.6  -54.8  1.108   82.4  3.798  5.794 -140.8 -136.1
H -134.6  158.5  111.0  177.5  -32.7    nan  1.008  138.3  3.840  5.497   38.6   50.4
N  -69.7  107.8  104.3  170.4  -78.5    nan  0.995   96.6  3.757  5.255  -92.9  -97.6
Y  -99.1  136.6  115.3 -172.6 -167.0    nan  1.073  113.9  3.783  6.019 -167.5 -163.8
G -166.3 -149.8  113.5  179.4    nan    nan    nan  142.4  3.802    nan    nan  142.8
A -150.9  171.3  111.5 -179.4    nan    nan  1.030  152.9  3.790    nan    nan -109.1
F -102.4  126.0  106.0  177.1  -83.8    nan  0.968  110.2  3.797  5.397 -109.1 -109.9
P  -69.6  162.7  110.2  179.7   26.5    nan  0.961   76.3  3.826  5.734 -117.5 -125.3
Q   61.4   36.7  113.5  179.4  -49.1    nan  1.075  100.0  3.821  4.759   45.8   35.3
T -140.4  158.0  106.7  177.7   65.7  -57.2  1.002  141.5  3.817  5.678   69.0   75.4
W -157.4  130.4  110.6 -179.0 -171.6    nan  1.014  134.5  3.791  5.465 -176.3 -179.8
E  -84.8   99.1  103.5  176.9  -68.5    nan  0.950  102.4  3.808  5.862 -128.6 -141.2
D  -55.3  113.2  114.5 -178.7 -165.1    nan  1.074   95.1  3.824  6.036 -132.3 -136.3
P  -83.0  -16.5  112.3  179.7   32.7    nan  0.971   90.6  3.846  5.840 -139.5 -155.4
N  -80.4   -9.3  113.8 -178.3  -55.8    nan  1.064   95.8  3.810  5.413   64.5   91.7
V -140.7  155.9  111.6 -178.3   69.1 -168.4  1.044  143.3  3.772  4.983   17.9   37.7
S  -87.5  133.2  111.6  179.4 -178.6    nan  1.034  103.8  3.807  5.560 -108.1 -111.8
H  -84.6  125.3  107.6  179.1  -63.4    nan  1.002  101.0  3.798  5.750 -126.9 -135.9
P  -52.2  -54.4  117.9 -179.6   15.5    nan  1.074   93.2  3.848  5.703 -101.5 -109.5
E  -59.3  -21.3  114.2 -178.5  -30.2    nan  1.072  110.3  3.825  5.270   58.9   78.5
T -121.8  -12.4  114.1 -177.7   45.7  -74.3  1.055   53.9  3.793  5.044   27.3   47.6
K   55.2   53.9  112.0  179.9  -59.6    nan  1.049   95.0  3.804  5.495 -140.3 -140.2
A -164.5  154.0  109.7  179.4    nan    nan  1.024  154.9  3.805  5.398   64.4   66.9
V  -72.1  156.6  109.3  179.2  -59.9   63.1  1.011   80.9  3.795  5.523  -91.8  -99.4
G  -71.1  164.5  108.3  179.0    nan    nan    nan   76.5  3.789    nan    nan  -95.6
D  -87.8   22.1  115.1 -179.0   77.4    nan  1.105  101.3  3.793    nan    nan  -98.6
N   60.5   38.4  118.6  176.2 -157.8    nan  1.105   97.3  3.832  5.486 -102.5 -108.3
E -161.4  166.4  110.8  179.9   73.6    nan  1.034  161.4  3.816  5.273   51.0   55.9
P  -49.8  149.9  112.7 -179.7  -24.8    nan  0.994   65.8  3.823  5.087  -55.7  -62.6
I  -62.4  139.9  107.4  178.8 -165.1   71.0  1.012   79.4  3.798  5.616  -90.6  -96.5
D  -81.9  153.8  115.2 -178.9  -50.8    nan  1.101   93.4  3.820  5.769 -120.7 -121.1
V -137.2  133.8  112.3 -178.7 -178.9  -56.6  1.044  133.9  3.786  5.571 -157.4 -165.5
L -115.0  108.3  105.8  179.1  -42.0    nan  0.963  111.5  3.793  5.769 -154.2 -167.3
E  -93.7  114.1  108.7 -179.9 -161.9    nan  1.033  108.5  3.796  6.004 -166.7 -166.6
I  -88.1   13.6  118.5 -176.4   76.8  -44.3  1.110   98.3  3.815  5.989 -147.9 -153.3
G  -66.0  170.2  112.3 -179.9    nan    nan    nan   70.0  3.807    nan    nan  131.2
E  -76.4  -47.1  115.2 -179.5   63.7    nan  1.091   81.8  3.810    nan    nan  -82.1
T  -64.0  134.1  111.8 -179.2  -53.2 -173.7  1.044   86.2  3.815  5.331   66.2   78.7
I  -76.7  131.7  106.6  178.6  -63.0  175.9  1.001   93.1  3.803  5.780 -115.9 -127.4
A  -84.4  176.5  112.6 -178.7    nan    nan  1.052   85.7  3.807  5.799 -128.3 -133.0
Y -125.9  152.2  110.9  178.3   61.3    nan  1.057  130.8  3.813  5.426 -133.2 -124.7
T  -61.5  126.5  114.4 -179.2  -58.6 -179.1  1.077   90.4  3.819  5.467  -82.1  -90.4
G   95.5   -6.6  111.9 -179.8    nan    nan    nan   86.9  3.788    nan    nan   25.8
Q  -70.7  135.2  112.6  179.6  171.9    nan  1.048   91.2  3.798    nan    nan  108.1
V -108.2  110.6  105.0  177.8  169.1  -68.6  0.964  109.9  3.805  5.812 -146.9 -159.0
K -121.3  148.8  111.5 -179.4   52.7    nan  1.058  127.3  3.784  5.877  167.2  170.4
Q  -88.8  129.5  108.2 -179.6  -63.0    nan  1.013  103.2  3.788  5.605 -114.8 -121.8
V -135.9  160.3  114.3 -177.0  -46.4   73.9  1.050  140.6  3.796  5.797  178.8  173.1
K -105.3  141.0  106.8  177.3  -46.0    nan  0.979  112.3  3.806  5.514 -122.5 -126.9
A  -84.8  133.4  107.6  178.5    nan    nan  0.998   99.1  3.812  5.726 -121.4 -126.0
L -111.1  -35.4  111.1 -179.8  -58.3    nan  1.031   60.8  3.800  5.805 -156.3 -158.0
G -172.3 -170.2  111.1 -179.7    nan    nan    nan  165.6  3.785    nan    nan  -23.8
I -154.5  147.8  111.1 -178.7 -165.1   72.9  1.040  147.9  3.798    nan    nan -138.4
M -123.7  136.3  108.6  178.5  -69.1    nan  1.016  125.8  3.811  5.716 -154.8 -158.0
A  -91.7   83.2  111.6 -178.9    nan    nan  1.043  111.2  3.791  5.760 -131.6 -136.1
L  -86.5  135.4  111.5  179.1  165.7    nan  1.037  102.3  3.797  6.124  178.6  174.8
L -105.2  101.4  103.2  177.2  -88.5    nan  0.957  105.6  3.796  5.770 -145.5 -156.1
D  -93.3  112.1  108.8 -179.1 -170.4    nan  1.007  108.6  3.778  6.035 -169.2 -171.8
E   51.9   43.9  109.4 -179.8  -53.4    nan  1.032  105.2  3.792  5.000   -4.6  -27.0
G   76.2   15.3  117.1  178.8    nan    nan    nan   96.5  3.804    nan    nan  -70.2
E -123.3  146.8  113.2 -179.0  -72.2    nan  1.067  129.8  3.793    nan    nan   78.9
T  -60.3  118.5  107.5  179.3  -61.6  178.7  1.014   89.6  3.805  5.496  -84.2  -99.0
D -143.0   62.3  113.2 -177.3 -161.0    nan  1.047   80.7  3.776  5.725  160.0  154.7
W  -50.0  148.3  113.5 -179.4  -61.8    nan  1.056   67.3  3.813  6.187 -166.0 -169.3
K -129.1  112.7  108.2  178.2  -54.9    nan  1.011  117.9  3.793  5.642 -159.3 -164.1
V  -83.8  132.7  110.4  179.0  178.8  -58.9  1.031  100.5  3.771  5.979 -146.2 -154.1
I  -93.7  116.2  105.5  178.1  -50.5 -172.7  0.971  105.5  3.791  5.795 -134.3 -146.5
A -133.2  166.6  114.5 -179.4    nan    nan  1.082  137.4  3.812  5.834  161.2  163.6
I -138.1  135.3  111.7  179.4 -179.0   60.0  1.047  134.6  3.815  5.530 -150.0 -150.5
D  -58.9  130.2  107.2  178.5 -167.7    nan  0.978   82.0  3.802  5.583  -92.4 -110.3
I  -62.5  -17.2  110.8  180.0   63.5  -59.6  1.038  110.4  3.828  5.831 -106.9 -115.0
N  -90.0    1.2  112.3 -179.6  -72.2    nan  1.042   90.5  3.812  5.445   63.3   80.3
D  -75.6  140.3  110.6 -179.9 -170.3    nan  1.031   91.5  3.802  5.777   97.4  110.8
P  -52.2  -32.6  111.9  179.4  -27.3    nan  0.989  111.0  3.817  5.425  -83.3  -95.4
L  -89.3    1.1  115.1 -180.0  -84.5    nan  1.087   91.1  3.813  5.207   38.0   67.8
A  -52.0  -48.5  113.6 -179.8    nan    nan  1.072   99.9  3.833  5.923  123.0  133.2
P  -56.0  -38.7  115.3 -179.7  -21.8    nan  1.034  102.4  3.834  5.245   71.1   85.1
K  -79.3  -12.1  116.0 -178.5  -84.7    nan  1.095   95.2  3.821  5.197   46.4   73.5
L -105.6  116.1  109.3  179.7  -64.3    nan  0.998  113.8  3.826  5.406   53.8   68.8
N -133.9  -22.9  112.8 -179.2  -64.9    nan  1.065   41.7  3.786  5.749  160.9  161.1
D -144.7  166.0  109.9  178.0 -149.4    nan  1.053  147.1  3.800  5.005   -3.9   17.7
I  -45.6  -45.2  117.7 -177.4 -158.2   76.6  1.151  104.9  3.800  5.200  -55.9  -57.3
E  -55.8  -26.4  114.3 -179.7  -57.2    nan  1.071  110.7  3.841  5.467   77.3   88.8
D  -72.2  -19.4  112.4 -179.2  -61.2    nan  1.044   99.7  3.833  5.479   74.4   89.5
V  -69.3  -42.8  109.4  179.3  174.1  -64.6  1.028   92.8  3.792  5.578   82.6   96.6
E  -73.0  -29.0  110.0  179.8 -174.9    nan  1.020   95.6  3.818  5.249   56.0   71.4
K  -69.6  -37.8  113.0 -179.5 -170.4    nan  1.051   93.0  3.812  5.395   70.2   88.5
Y -110.5  -20.6  114.8 -178.4  -62.3    nan  1.080   62.2  3.827  4.980   18.9   43.5
F -126.8   59.4  106.8  179.4  -56.8    nan  0.980   83.9  3.807  5.121   22.8   38.8
P  -55.9  129.3  114.2 -179.7   19.7    nan  1.022   84.7  3.824  6.107 -179.0 -175.0
G   96.5  -26.5  113.9  179.1    nan    nan    nan   94.5  3.806    nan    nan   28.5
L  -53.9  -46.4  115.4 -179.1 -176.4    nan  1.096   98.9  3.805    nan    nan  107.1
L  -64.1  -39.4  112.3 -179.4  -72.0    nan  1.053   97.0  3.817  5.287   65.4   79.1
R  -69.6  -39.2  108.9  179.5 -174.7    nan  1.017   94.5  3.807  5.321   63.9   77.9
A  -65.9  -36.8  109.5  179.0    nan    nan  1.013   98.3  3.813  5.329   66.6   80.4
T  -65.3  -44.9  109.2  179.9  -60.4  178.9  1.011   94.9  3.831  5.394   70.8   83.8
N  -57.8  -51.2  110.1  179.2  169.8    nan  1.019   96.2  3.798  5.310   72.4   83.2
E  -62.2  -41.5  112.7 -179.6  152.7    nan  1.049   97.0  3.800  5.134   59.9   75.0
W  -55.6  -54.6  113.3 -179.5 -161.8    nan  1.058   93.5  3.807  5.354   76.6   90.9
F  -71.1  -13.5  113.0 -178.8  -74.7    nan  1.087  103.2  3.807  5.067   44.8   65.5
R  -82.4  -32.5  112.5  178.9 -154.0    nan  1.031   84.7  3.782  5.555   73.8   89.9
I -120.3   -7.9  118.6 -176.3   62.8  -57.7  1.091   56.2  3.826  4.913   15.8   40.6
Y  -55.4  -25.3  117.5 -176.7   85.0    nan  1.155  110.6  3.797  5.726  106.8  125.9
K -101.8   -0.3  113.1 -179.7  -68.8    nan  1.081   78.1  3.809  5.318   42.1   63.4
I  -56.8  -42.3  112.0  178.9  -74.6  164.1  1.085  101.2  3.808  5.918  112.5  126.1
P  -63.1  -11.6  111.9  179.5  -18.8    nan  0.985  112.1  3.864  5.397   71.1   82.2
D  -96.0    4.3  111.3  179.4  -62.0    nan  1.040   85.5  3.819  5.418   52.5   78.6
G   86.9   11.5  112.9  179.8    nan    nan    nan   88.6  3.797    nan    nan  -95.8
K  -91.7  153.6  111.6 -179.8  -98.2    nan  1.038  101.0  3.795    nan    nan  105.5
P  -69.4  152.1  109.7  179.4   23.0    nan  0.959   80.6  3.831  5.379  -88.3  -97.3
E  -61.0  144.4  107.3  179.1 -177.8    nan  0.992   76.0  3.824  5.598  -87.1  -91.5
N  -85.3  172.3  111.2 -179.6  -77.8    nan  1.053   88.2  3.810  5.727 -120.5 -120.5
Q -136.7  157.3  111.9 -179.3    6.8    nan  1.054  140.3  3.803  5.426 -144.1 -140.8
F -119.4  148.0  111.3 -179.0  -83.1    nan  1.003  125.7  3.825  5.604 -135.8 -141.7
A  -84.5  163.5  105.2  176.8    nan    nan  0.972   89.0  3.796  5.570 -114.4 -120.8
F   59.1   28.8  113.4  179.3  -45.0    nan  1.058  106.7  3.827  4.720   49.4   34.9
S   59.6   30.0  111.7  179.9  -54.3    nan  1.044  106.2  3.804  5.424  -92.3  -98.2
G   78.5    5.4  113.8  179.4    nan    nan    nan   99.3  3.788    nan    nan  -80.4
E  -58.8  137.2  111.2 -179.6  174.5    nan  1.029   80.2  3.795    nan    nan  130.5
A  -93.0  110.7  106.7  177.9    nan    nan  0.989  106.7  3.791  5.757 -132.6 -140.0
K  -69.5  156.5  109.3  179.8  -59.1    nan  1.012   78.6  3.823  5.993 -132.2 -142.0
N  -76.0  178.6  116.2 -178.1   72.0    nan  1.123   76.6  3.804  5.489 -100.1  -97.1
K  -53.9  -52.9  114.3 -178.7 -175.9    nan  1.075   95.1  3.810  5.006  -47.3  -51.3
K  -50.9  -52.0  110.3 -180.0  163.7    nan  1.028  100.2  3.806  5.293   74.7   84.5
Y  -55.5  -47.8  110.2  179.3 -168.0    nan  1.021   99.8  3.810  5.226   68.2   79.1
A  -59.6  -40.4  112.4 -179.7    nan    nan  1.061  100.0  3.831  5.248   64.9   80.5
L  -62.0  -38.3  109.6  179.4  -67.1    nan  1.023  100.7  3.797  5.365   72.1   84.3
D  -64.8  -48.4  111.4  179.7  -76.2    nan  1.050   92.1  3.801  5.380   68.1   83.9
I  -59.1  -49.0  111.0  179.7  -60.5  178.3  1.050   96.0  3.803  5.322   66.9   80.1
I  -55.0  -44.6  110.2  179.8  -65.0  174.3  1.031  102.1  3.833  5.369   72.7   83.1
K  -59.6  -39.6  110.8  179.5  155.8    nan  1.032  101.3  3.812  5.304   69.7   82.4
E  -63.6  -48.1  110.4  179.4  -43.3    nan  1.030   93.7  3.801  5.343   69.2   83.3
T  -65.3  -28.6  112.2 -179.7   63.9  -56.6  1.065  101.6  3.819  5.275   58.4   75.0
H  -71.4  -39.1  108.5  178.8 -179.6    nan  0.999   93.3  3.826  5.472   73.9   85.1
D  -65.3  -34.2  108.2  178.7  -79.4    nan  0.996  100.7  3.813  5.324   67.5   80.3
S  -67.1  -42.4  110.2  179.4  -67.9    nan  1.038   94.2  3.793  5.355   68.0   84.4
W  -66.1  -34.0  110.8  179.1  166.5    nan  1.045   98.8  3.804  5.333   63.2   78.1
K  -63.0  -38.9  109.5  179.0  -72.9    nan  1.021   99.6  3.820  5.481   76.6   88.5
Q  -69.5  -36.5  108.8  179.1  170.2    nan  1.009   95.8  3.814  5.324   63.8   77.4
L  -71.8  -48.8  112.2 -179.5  168.8    nan  1.053   86.3  3.807  5.291   61.1   79.2
I  -66.2  -27.8  112.2 -179.3 -157.8   78.6  1.061  101.3  3.798  5.257   58.3   74.4
A  -81.4   -2.0  109.4  179.2    nan    nan  1.020   97.9  3.810  5.387   62.5   77.2
G   70.3   25.1  113.1  179.7    nan    nan    nan   98.6  3.796    nan    nan -117.2
K -106.2   16.2  114.0 -179.3  -65.1    nan  1.076   80.9  3.797    nan    nan  104.6
S  -85.0  153.7  105.5  177.5  153.2    nan  0.977   92.3  3.786  5.879  103.7  112.1
S  -73.6  -16.1  110.1  179.9   56.9    nan  1.009  100.4  3.815  5.546  -95.6  -99.7
D -169.1  109.1  109.7 -178.4 -168.3    nan  1.006  112.4  3.809  4.759  -16.0   -1.9
S  -86.2    3.7  113.3 -179.7   46.5    nan  1.060   95.3  3.800  5.999 -155.1 -159.2
K   52.3   41.2  115.7  179.3  -52.5    nan  1.091  103.5  3.846  5.641 -129.5 -129.1
G   62.1   24.6  117.3  179.2    nan    nan    nan  104.9  3.811    nan    nan  -87.4
I  -77.4  137.5  108.9  179.2  -65.7  172.2  0.995   93.0  3.814    nan    nan  128.4
D  -77.3  111.4  107.3  178.4 -163.9    nan  0.993  100.9  3.823  5.740 -115.6 -123.2
L  -94.4   15.1  113.8 -179.2  -56.8    nan  1.074   91.8  3.811  5.983 -162.1 -163.1
T  -62.8  128.3  109.6  179.4  -52.5 -173.2  1.011   87.1  3.804  6.046  128.3  134.5
N -136.3  167.1  106.9  178.6   62.4    nan  0.999  138.6  3.799  5.775  173.0  168.3
V -128.2   11.0  113.0 -179.6  -53.1   68.7  1.067   56.8  3.797  5.556 -143.9 -136.2
T -132.5    2.1  114.5 -179.4   76.3  -44.9  1.088   48.4  3.807  5.372   45.5   65.1
L -117.4   83.2  108.7  179.8  -40.9    nan  1.016  103.2  3.806  5.416   54.5   70.1
P  -57.4  -20.7  115.2 -179.2   22.0    nan  1.029  112.1  3.865  6.061 -149.2 -156.2
D  -96.4    8.3  115.9 -178.3  -77.2    nan  1.104   87.3  3.776  5.214   43.3   74.0
T -102.4  145.6  109.7  179.5   59.8  -61.4  1.031  111.3  3.796  5.679   75.1   90.7
P  -60.4  -19.6  115.9 -179.9   19.2    nan  1.047  109.7  3.816  5.467  -89.3  -95.3
T -103.6   16.1  113.9 -178.8   41.8  -78.9  1.067   83.3  3.820  5.306   39.9   67.4
Y  -66.8  128.3  110.7  179.4  172.8    nan  1.018   90.6  3.801  5.928  123.6  131.6
S -159.7   95.3  112.3 -180.0  172.6    nan  1.047  102.6  3.825  5.636  150.4  143.3
K  -53.7  -35.3  114.4 -179.6  -97.0    nan  1.064  106.9  3.822  6.025 -130.7 -142.6
A  -60.7  -20.0  114.2 -178.8    nan    nan  1.077  109.7  3.816  5.396   76.6   92.9
A  -58.9  -33.4  109.1 -180.0    nan    nan  1.016  106.1  3.824  5.669   95.9  106.4
S  -62.4  -45.3  111.3  179.8 -160.4    nan  1.018   95.6  3.806  5.383   76.1   90.1
D  -74.1  -14.7  114.2 -179.0  -51.1    nan  1.064   99.5  3.816  5.124   50.4   70.4
A  -77.3  -20.1  111.5 -179.6    nan    nan  1.043   94.8  3.801  5.548   78.4   94.9
I  -71.5  128.5  112.7 -178.4  -46.9 -169.5  1.060   95.1  3.796  5.541   78.9   96.3
P  -63.7  158.7  110.1  179.7   21.6    nan  0.974   72.5  3.832  5.666 -105.4 -120.3
P  -67.7  162.9  111.2 -179.9   27.1    nan  0.974   74.7  3.845  5.452  -87.1  -88.8
A  -56.1  149.8  109.3  179.0    nan    nan  1.016   69.9  3.796  5.398  -72.0  -74.1
S -147.7   54.6  106.6  178.3   61.3    nan  1.010   68.6  3.809  5.629 -178.4  179.2
L  -56.4  135.7  113.6 -179.7 -145.0    nan  1.056   80.6  3.785  6.161  176.5  179.3
K -139.7  155.1  105.8  178.5  -44.2    nan  0.980  140.0  3.807  5.723 -179.5  169.1
A  -61.7  146.8  112.2 -179.0    nan    nan  1.052   77.5  3.818  5.470  -82.6  -85.8
D  -50.8  140.9  109.7  179.4  -63.1    nan  1.013   71.0  3.814  5.442  -73.0  -88.7
A  -90.1  151.7  107.8  179.0    nan    nan  1.001   98.4  3.801  5.696 -125.4 -132.4
P  -66.2  152.8  111.2  179.9   20.7    nan  0.986   78.0  3.797  5.436  -89.6  -94.1
I -107.5  138.0  108.8  179.7  -70.8  167.5  0.999  115.4  3.814  5.756 -134.9 -135.9
D  -47.7  136.0  110.9  179.9 -170.2    nan  1.036   72.5  3.805  5.564  -81.5  -93.2
K  -60.8  -19.2  114.2 -178.8  -74.7    nan  1.063  110.1  3.816  5.632  -96.7 -107.8
S  -69.7  -17.6  113.0 -179.2   79.7    nan  1.087  102.7  3.797  5.536   80.2   98.7
I  -74.6  -11.6  108.1  178.3  -57.1 -179.5  1.014  101.5  3.813  5.674   79.8   92.2
D  -62.3  -39.3  109.7  178.6  -79.2    nan  0.977   99.8  3.846  5.788  101.6  109.1
K  -41.1  130.2  120.1 -177.0 -170.5    nan  1.155   76.4  3.808  5.295   89.8  108.6
W -103.4  114.6  109.3  178.8 -139.3    nan  1.014  112.9  3.792  5.748 -143.7 -162.1
F  -91.0  139.0  112.5 -179.5  -69.1    nan  1.058  105.3  3.801  5.953 -154.2 -158.3
F -112.3   94.8  108.7  179.8  -65.2    nan  1.011  109.1  3.820  5.766 -148.8 -157.2
I -129.3    nan  112.3 -178.6   65.7  -57.9  1.024    nan  3.810  5.927  148.6  144.9
