Id   phi    psi    tau  omega    chi    chi2  solid    eta  CA-CA  CB-CB  BA^AB  NA^AC
M    nan  152.3  106.6    nan  177.4    nan  0.925    nan    nan    nan    nan    nan
N -151.3  176.5  107.1  177.8   55.3    nan  1.045  152.2  3.752  5.665  171.4  178.6
I  -55.5  -39.0  113.5 -178.3 -174.0   63.5  1.177  103.5  3.812  5.226  -61.4  -54.6
F  -66.5  -48.4  110.7 -179.4  -71.0    nan  1.050   91.3  3.830  5.574   71.4   82.8
E  -63.0  -40.4  110.0  179.3  -69.3    nan  0.998   98.5  3.780  5.297   66.2   75.6
M  -59.6  -54.3  110.7  179.6 -173.1    nan  1.000   92.7  3.778  5.263   75.7   86.4
L  -63.3  -31.7  114.3  179.5  -80.4    nan  1.108  100.9  3.803  5.069   49.0   71.3
R  -65.3  -33.6  111.1  177.6  166.8    nan  1.103   99.6  3.821  5.523   70.7   88.3
I  -72.3  -44.5  110.3  175.8  -76.6  157.4  1.034   89.1  3.801  5.450   65.2   78.0
D  -70.6  -33.0  115.3 -178.5  -75.6    nan  1.106   93.4  3.813  5.250   53.5   75.3
E -100.6  -24.3  116.2 -176.4  -57.9    nan  1.087   69.8  3.770  5.100   38.2   60.7
G   75.7 -171.1  109.9 -176.8    nan    nan    nan   78.9  3.835    nan    nan -128.3
L -141.9  126.5  107.4  177.4  162.3    nan  0.976  128.1  3.768    nan    nan -127.2
R -136.8  132.7  106.5  179.6  -67.9    nan  1.009  129.6  3.821  5.788  168.7  166.7
L  -96.0   -3.0  114.1 -174.9  -62.0    nan  1.075   82.7  3.775  5.810 -137.9 -141.3
K -120.2  145.9  108.9  176.5  -60.1    nan  1.029  125.0  3.823  5.388   41.4   60.1
I  -48.6  134.8  110.2  179.5  -67.8  171.6  1.057   73.7  3.871  5.627  -74.6  -85.4
Y -140.2  174.8  107.6  178.1   61.7    nan  1.048  141.5  3.831  5.800  173.9  172.5
K -103.5  132.2  109.7  176.6  -68.0    nan  1.072  113.5  3.728  5.356 -112.4 -104.5
D  -72.3 -174.5  111.5  179.1   76.6    nan  1.158   70.4  3.795  5.747 -120.1 -124.0
T  -65.3  -19.8  112.9 -176.9   69.6  -46.1  1.076  105.9  3.827  5.195  -49.2  -51.9
E  -94.3   -1.2  113.5  179.1  -57.1    nan  1.089   85.2  3.847  5.384   53.7   73.2
G   89.8   13.4  112.7 -179.0    nan    nan    nan   85.1  3.814    nan    nan  -96.3
Y  -96.0  142.2  114.6 -179.6  -55.1    nan  1.092  109.6  3.841    nan    nan  104.5
Y  -62.0  124.0  111.3  178.2  -75.2    nan  1.024   90.2  3.768  5.327  -90.3 -107.2
T -138.9  163.7  110.3 -175.7  -55.5 -177.2  0.981  141.9  3.810  5.817  175.6  159.8
I -151.1  162.5  108.9  173.6 -165.3   71.5  1.073  151.9  3.750  5.587 -179.9 -168.6
G   71.6 -132.2  112.7  170.1    nan    nan    nan   93.4  3.825    nan    nan   39.9
I -102.5   73.6  109.4  179.1  -60.5 -178.7  1.048  104.5  3.769    nan    nan  -40.5
G   72.3   23.4  115.9  177.4    nan    nan    nan   96.5  3.764    nan    nan  -48.1
H  -85.5  103.7  111.6 -179.1 -178.5    nan  1.040  109.7  3.795    nan    nan  122.8
L  -64.6  131.1  110.3 -179.6  174.3    nan  1.025   87.4  3.845  6.046 -133.8 -144.6
L  -93.7  -48.0  112.6 -180.0  -69.1    nan  1.102   70.8  3.767  5.877 -145.1 -142.6
T -164.4  155.6  109.9 -178.5 -178.7   55.6  0.988  156.2  3.809  4.709  -33.5  -25.3
K  -93.1   -4.9  111.0  174.0  -66.6    nan  1.082   85.2  3.786  5.562 -124.3 -120.2
S  -72.0  144.4  111.8  178.3  152.3    nan  1.092   87.4  3.786  5.755   91.9  107.0
P  -72.3  -10.1  114.0 -178.3   -9.3    nan  1.009  103.3  3.759  5.418  -94.8 -109.7
S  -85.3  124.0  115.6 -177.1  166.4    nan  1.104  108.2  3.738  5.445   67.1   95.6
L  -62.8  -28.1  109.5  175.3 -178.1    nan  1.051  105.3  3.787  5.751 -111.0 -128.9
N  -73.0  -40.0  110.2 -179.9  -83.7    nan  1.043   90.7  3.741  5.486   71.0   85.8
A  -61.2  -32.7  109.9  177.0    nan    nan  1.112  104.1  3.735  5.370   66.8   83.3
A  -71.9  -40.7  112.3  178.7    nan    nan  1.080   90.0  3.893  5.571   67.7   81.4
K  -67.0  -33.5  110.1  178.7  -82.2    nan  1.035   98.7  3.813  5.455   67.9   79.0
S  -68.5  -41.9  110.6  179.0  170.6    nan  1.117   93.1  3.749  5.319   64.6   84.0
E  -65.7  -39.7  107.3  177.6  -73.9    nan  0.988   98.3  3.866  5.590   72.1   76.9
L  -59.8  -48.2  113.6  179.7 -178.0    nan  1.088   94.4  3.775  5.312   72.2   87.3
D  -61.9  -40.1  111.9 -179.6  -72.3    nan  1.041   98.5  3.825  5.268   66.4   78.8
K  -65.4  -39.9  110.6  177.3  163.3    nan  1.010   96.6  3.751  5.232   65.7   79.8
A  -67.7  -37.9  112.4 -178.6    nan    nan  1.112   94.7  3.858  5.364   56.6   81.5
I  -88.7  -26.4  115.3 -177.1  -64.3  173.1  1.130   80.3  3.817  5.162   41.5   65.1
G   82.3   26.6  112.7  179.8    nan    nan    nan   87.1  3.780    nan    nan -127.9
R -159.5  166.6  109.4  177.6   84.5    nan  1.081  159.8  3.820    nan    nan   46.7
N  -82.3  105.0  106.1  179.9 -136.3    nan  0.964  103.3  3.787  5.313  -84.2  -94.9
T  -98.3  -18.2  115.2 -172.0   67.9  -55.9  1.023   74.4  3.704  5.955 -168.2 -164.8
N   56.9   31.2  112.2 -175.6 -162.3    nan  1.132  107.6  3.740  5.456 -143.9 -140.4
G   81.1    6.9  116.7  176.9    nan    nan    nan   95.8  3.828    nan    nan  -79.5
V -129.0  140.5  109.7  179.7  167.4  -73.3  1.065  130.7  3.767    nan    nan   64.0
I -129.4  170.3  109.3 -179.2   62.0  -63.5  1.068  132.0  3.818  5.787 -167.5 -169.7
T  -96.1  168.2  108.5  178.6   62.2  -61.3  0.944   99.7  3.795  5.419  -96.1 -103.0
K  -55.2  -44.1  113.1  176.1 -166.5    nan  1.164  100.7  3.802  5.234  -76.9  -67.7
D  -59.2  -43.6  112.4  178.0  -73.2    nan  1.015   98.3  3.855  5.542   78.9   82.8
E  -64.0  -42.1  109.9  178.1  -74.6    nan  1.055   96.9  3.805  5.216   64.0   78.5
A  -61.2  -44.7  110.1  177.8    nan    nan  1.030   97.5  3.842  5.414   71.2   81.7
E  -66.6  -29.0  113.8  179.1  -77.0    nan  1.130   99.7  3.763  5.183   54.0   76.5
K  -71.0  -44.4  111.3  178.5 -174.4    nan  1.039   89.6  3.739  5.505   74.3   86.4
L  -61.8  -36.6  109.1  176.4  -63.0    nan  0.992  102.0  3.774  5.365   72.3   78.2
F  -64.2  -46.1  111.1 -178.6 -175.1    nan  1.051   93.9  3.780  5.229   70.8   86.9
N  -59.1  -41.6  110.3  177.7  -80.1    nan  1.001  100.7  3.763  5.341   68.9   80.3
Q  -64.3  -41.2  112.4 -179.5  -63.1    nan  1.033   95.7  3.786  5.359   67.7   82.4
D  -67.1  -38.3  113.7 -178.0  -72.4    nan  1.066   94.3  3.774  5.204   65.2   81.8
V  -66.3  -48.2  108.8  177.8  172.5  -72.0  1.024   92.7  3.838  5.449   68.7   81.0
D  -55.9  -48.3  108.8  177.2 -172.2    nan  1.048  100.0  3.794  5.259   65.9   80.0
A  -61.0  -40.7  112.9  178.5    nan    nan  1.030   98.4  3.778  5.392   65.7   77.5
A  -60.2  -47.6  109.7 -179.9    nan    nan  1.019   96.8  3.810  5.338   74.1   86.4
V  -58.9  -49.2  110.8 -179.7  175.9  -63.0  1.095   96.1  3.809  5.289   61.9   81.0
R  -61.2  -36.6  112.5 -179.9  -84.3    nan  1.170  100.8  3.821  5.343   55.4   78.0
G  -62.9  -43.0  110.6  176.5    nan    nan    nan   96.9  3.840    nan    nan   84.6
I  -61.5  -45.4  109.9  177.4  -78.9  160.6  0.987   97.1  3.829    nan    nan   80.3
L  -67.3  -22.4  113.9 -176.4  -53.8    nan  1.221  102.3  3.836  5.214   48.2   78.5
R  -92.6  -13.4  112.1  179.2  -81.5    nan  0.976   82.4  3.772  5.505   68.2   72.1
N  -88.2  121.4  112.9 -176.8 -170.5    nan  1.152  108.4  3.789  5.284   55.9   88.3
A  -60.5  -26.4  112.3 -177.8    nan    nan  1.045  107.1  3.819  5.850 -102.0 -122.6
K  -88.6  -31.7  113.6 -179.0  -90.8    nan  1.012   79.1  3.809  5.391   60.1   74.4
L  -90.7  -37.7  112.9 -176.1  -63.8    nan  1.055   75.7  3.696  4.930   50.2   70.2
K  -50.6  -50.0  115.3 -176.2 -173.3    nan  1.128   98.9  3.727  5.367   82.3  102.5
P  -61.8  -35.0  111.3 -177.2   -5.8    nan  1.003  101.7  3.779  5.253   68.8   79.8
V  -66.8  -50.6  111.1  177.9 -179.8  -53.7  1.038   89.7  3.779  5.400   66.0   84.1
Y  -52.9  -47.5  109.8  178.8 -172.5    nan  0.997  102.1  3.836  5.239   72.0   82.5
D  -62.3  -32.1  111.4 -178.1  -82.0    nan  1.008  102.9  3.841  5.336   65.2   79.4
S  -77.1  -19.2  114.9 -179.0   79.1    nan  1.088   94.4  3.778  5.227   59.4   80.6
L  -86.7  158.1  117.0 -174.8  -59.5    nan  1.054   96.6  3.832  5.416   68.7   87.9
D  -75.6  169.1  108.5  172.1   58.8    nan  1.025   79.3  3.800  5.410  -97.5 -104.2
A  -56.0  -42.8  117.3 -175.7    nan    nan  1.253   98.7  3.883  5.389  -73.1  -61.5
V  -63.3  -49.6  111.8  179.5  179.2  -62.7  1.122   92.2  3.749  5.462   70.0   82.7
R  -69.1  -28.1  111.9 -176.9  -64.3    nan  1.098   98.7  3.775  5.259   54.0   72.8
R  -60.6  -40.5  109.4  174.6  -79.6    nan  1.017  100.7  3.795  5.678   85.8   92.9
A  -61.9  -35.4  110.2  177.7    nan    nan  1.029  102.0  3.823  5.402   71.0   82.6
A  -63.0  -41.8  110.6  178.7    nan    nan  1.071   97.5  3.827  5.572   72.9   87.3
L  -68.1  -35.1  111.5 -179.7 -172.8    nan  1.040   96.3  3.737  5.301   67.5   78.4
I  -65.0  -41.2  108.3 -179.5  -60.6  168.8  1.063   97.5  3.814  5.460   69.4   86.7
N  -57.8  -48.4  110.3 -179.8 -170.5    nan  1.028   97.7  3.794  5.385   75.0   87.2
M  -61.3  -40.8  110.1 -179.8  -72.8    nan  1.006   99.6  3.779  5.371   65.9   78.0
V  -66.2  -39.5  110.9 -178.3  172.2  -69.8  1.101   96.0  3.836  5.363   62.2   81.9
F  -60.0  -41.6  109.3 -179.8 -177.7    nan  0.989  100.6  3.816  5.433   79.0   87.0
Q  -72.2  -52.2  114.2 -179.4 -169.6    nan  1.112   83.0  3.843  5.248   49.7   74.4
M -115.2    7.1  117.7 -173.9   62.4    nan  1.206   68.3  3.720  4.652   -1.1   31.5
G   78.1  157.6  111.1  178.2    nan    nan    nan   71.1  3.760    nan    nan -102.4
E  -59.7  -42.8  114.1 -176.2  173.0    nan  1.117   97.5  3.770    nan    nan  -82.6
T  -61.1  -47.4  111.9  178.1  -49.8 -168.9  1.030   95.0  3.774  5.472   69.2   83.0
G  -57.7  -48.7  112.5 -179.1    nan    nan    nan   96.3  3.787    nan    nan   83.7
V  -67.7  -39.1  111.2 -179.8  179.0  -58.7  1.060   94.8  3.811    nan    nan   72.4
A  -60.5  -20.3  109.9  179.9    nan    nan  1.088  111.1  3.823  5.450   69.5   87.1
G  -71.9  -17.8  115.3  176.1    nan    nan    nan   99.9  3.803    nan    nan   91.9
F  -81.4   50.0  110.0 -179.9  -76.3    nan  1.029  110.8  3.866    nan    nan   87.6
T  -40.2  -53.9  118.2 -178.3  -60.4 -177.9  1.111  101.7  3.798  6.157 -171.0 -168.9
N  -68.3  -39.5  113.4 -178.1  -54.0    nan  1.130   92.9  3.788  5.094   49.8   71.0
S  -67.8  -38.7  109.5  180.0  -55.9    nan  0.988   95.9  3.798  5.505   73.8   80.4
L  -60.7  -39.6  111.3  178.5  -63.2    nan  1.100  100.2  3.802  5.400   70.1   86.2
R  -66.2  -41.4  111.4  179.1 -178.7    nan  1.035   94.7  3.741  5.317   71.7   80.9
M  -67.2  -38.4  111.2  178.6  -72.9    nan  1.087   95.5  3.766  5.332   59.8   78.1
L  -65.3  -42.3  109.0  179.4  -71.0    nan  1.001   96.3  3.802  5.481   75.8   82.9
Q  -62.3  -30.4  111.9 -178.8 -174.0    nan  1.071  103.6  3.799  5.242   64.9   83.5
Q  -86.2   -2.9  111.7  179.9  -71.5    nan  1.007   92.7  3.783  5.360   55.6   71.6
K   65.8   32.8  116.0 -179.6  -46.9    nan  1.238   97.4  3.774  5.534 -131.2 -122.4
R  -98.1   76.2  106.3  175.4  -64.5    nan  0.961  103.6  3.837  6.031  120.9  111.8
W  -56.2  -50.6  115.9 -174.0  -44.0    nan  1.209   94.2  3.789  6.198 -170.7 -155.8
D  -61.0  -46.3  112.3  179.5  -75.1    nan  1.157   95.5  3.773  5.363   60.8   77.7
E  -65.9  -40.2  112.8  179.4  -57.6    nan  1.086   94.8  3.758  5.410   62.9   76.3
A  -62.5  -39.9  109.9  179.1    nan    nan  1.011   99.3  3.799  5.439   75.2   84.1
S  -62.4  -38.8  111.1 -178.5  -67.6    nan  1.070   99.3  3.765  5.244   67.6   85.8
V  -67.6  -44.5  111.9  178.1  171.0  -69.5  1.105   91.7  3.767  5.430   60.5   80.2
N  -66.4  -38.2  112.2 -179.0 -176.3    nan  1.044   95.8  3.817  5.339   65.7   78.1
L  -60.2  -34.5  110.1  179.5  -79.7    nan  1.009  103.9  3.842  5.547   77.9   88.2
A  -72.9  -13.7  112.9 -176.4    nan    nan  1.100  101.4  3.854  5.358   62.0   83.5
K  -90.5   69.4  107.3  179.7  -54.2    nan  0.997  105.9  3.814  5.642   69.3   81.8
S -152.8  157.8  109.8 -175.6   55.4    nan  0.976  151.9  3.721  5.490   99.5   98.9
R  -58.9  -39.9  109.3  175.1  176.5    nan  0.965  102.4  3.785  5.309  -75.0  -84.5
W  -47.8  -52.8  111.2  178.6  172.2    nan  0.982  101.1  3.874  5.375   88.6   96.6
Y  -65.4  -42.0  110.5 -178.8 -179.6    nan  1.016   95.6  3.775  5.015   55.0   71.1
N  -72.1  -30.5  113.9 -177.2  -75.1    nan  1.084   94.0  3.800  5.220   54.7   77.3
Q  -83.0  -40.7  113.2 -179.2  -66.5    nan  1.091   80.6  3.791  5.388   54.2   75.9
T -128.4   72.7  106.5  179.6   45.7  -71.4  1.023   91.5  3.817  5.012    0.7   19.4
P  -64.7  -36.4  116.6 -175.7   20.3    nan  1.086   95.9  3.794  6.160 -170.1 -167.0
N  -69.7  -43.3  112.9 -178.0  -66.4    nan  1.108   90.1  3.810  5.399   61.8   85.0
R  -65.5  -45.7  111.5  176.0 -178.8    nan  1.045   92.9  3.782  5.377   64.8   76.2
A  -55.5  -46.8  110.5  178.2    nan    nan  1.115  100.2  3.880  5.439   68.3   84.5
K  -58.1  -41.3  111.8  179.4  -72.0    nan  1.062  100.9  3.853  5.497   74.0   82.2
R  -62.6  -45.6  110.3  179.7  -70.4    nan  1.073   95.8  3.820  5.427   70.2   83.1
V  -67.1  -46.0  110.3 -179.5  170.5  -66.4  1.054   92.3  3.808  5.257   61.1   75.4
I  -58.6  -43.3  111.4  180.0  -70.6  167.8  1.066   99.6  3.817  5.399   66.2   82.7
T  -64.0  -33.3  111.0  179.0  -67.4  169.5  1.018  101.0  3.866  5.437   68.9   79.6
T  -64.5  -41.9  108.5  177.1  -58.8 -174.2  1.037   97.4  3.820  5.428   71.5   85.9
F  -67.5  -41.5  111.9  177.1  -80.3    nan  1.050   93.3  3.873  5.487   62.2   75.7
R  -63.6  -44.7  114.1  179.8 -157.1    nan  1.094   93.4  3.813  5.308   67.5   82.9
T  -98.6  -24.2  117.9 -175.0   70.3  -52.9  1.136   71.0  3.804  4.968   28.1   52.7
G   70.1   20.5  110.1 -175.4    nan    nan    nan  101.9  3.750    nan    nan -132.5
T -128.1  171.6  108.5  178.7   71.8  -48.6  0.939  130.3  3.866    nan    nan   75.9
W  -96.2   16.5  110.3  178.1  -67.2    nan  0.959   89.7  3.820  5.328 -104.1 -101.8
D  -50.5  -36.4  116.5 -177.8  -66.1    nan  1.112  107.9  3.785  5.949  135.0  151.6
A  -70.6  -13.3  111.0 -176.6    nan    nan  1.043  104.2  3.865  5.460   71.4   84.4
Y -104.6   -6.7  114.0 -178.8  -70.2    nan  1.142   72.8  3.759  5.303   43.9   71.2
K -104.1    nan  108.1  177.6  -52.2    nan  1.044    nan  3.768  5.540   59.3   74.1
