Id   phi    psi    tau  omega    chi    chi2  solid    eta  CA-CA  CB-CB  BA^AB  NA^AC
M    nan  150.1  105.0    nan  166.5    nan  0.949    nan    nan    nan    nan    nan
N -148.0  178.2  107.4  179.3   55.2    nan  1.035  148.5  3.841  5.747  177.4 -179.5
I  -55.1  -44.6  113.3 -178.7 -173.3   62.6  1.207  100.4  3.848  5.315  -62.8  -52.6
F  -59.1  -50.1  114.7  179.2  -67.5    nan  1.164   93.1  3.831  5.581   68.5   84.3
E  -66.2  -37.0  110.4  176.8  -58.5    nan  1.024   97.5  3.856  5.432   64.5   70.1
M  -63.0  -51.6  110.0  179.2 -172.5    nan  0.981   92.4  3.802  5.398   78.7   85.9
L  -66.0  -35.4  110.6 -177.8  -80.7    nan  1.111   98.3  3.863  5.166   48.7   72.2
R  -60.0  -34.6  111.8  176.8  166.9    nan  1.125  103.2  3.818  5.565   73.0   88.6
I  -75.3  -42.0  111.2  177.8  -77.5  157.0  1.051   87.4  3.793  5.423   63.0   76.1
D  -70.3  -34.5  114.8 -179.8  -80.8    nan  1.079   93.2  3.830  5.285   57.8   76.7
E -100.1  -27.4  116.7 -174.8  -58.2    nan  1.112   68.9  3.791  5.064   34.0   60.8
G   76.1 -172.4  110.5 -174.9    nan    nan    nan   78.9  3.825    nan    nan -128.9
L -139.2  129.0  107.7  177.3  166.8    nan  0.965  129.1  3.812    nan    nan -126.2
R -137.5  127.4  108.4  178.5  -57.7    nan  1.090  128.1  3.820  5.770  163.7  168.0
L  -88.8    2.3  117.0 -178.8  -55.4    nan  1.140   92.3  3.781  5.859 -136.8 -141.1
K -126.7  141.3  108.7 -179.6  176.2    nan  0.982  128.8  3.859  5.380   49.2   60.2
I  -49.1  135.5  109.0 -179.4  -61.8  173.1  1.033   72.9  3.864  5.697  -81.8  -90.6
Y -140.9  174.2  106.7  179.5   65.9    nan  1.060  142.2  3.795  5.770  173.0  172.3
K -104.1  136.2  110.3  176.2  -72.5    nan  1.045  114.1  3.740  5.370 -111.0 -106.0
D  -76.4 -173.9  112.2  179.7   74.6    nan  1.173   74.1  3.817  5.808 -125.2 -122.0
T  -62.8  -21.3  112.2 -178.7   71.8  -45.5  1.063  107.7  3.845  5.202  -43.9  -50.1
E  -95.3   -2.6  111.7 -178.5  -60.2    nan  1.035   83.7  3.860  5.389   57.8   72.7
G   88.9   12.9  113.6 -177.3    nan    nan    nan   86.0  3.763    nan    nan  -97.0
Y  -92.5  147.8  113.4  179.8  -53.4    nan  1.082  104.4  3.838    nan    nan  107.1
Y  -63.2  122.6  111.3  178.5  -74.1    nan  1.074   91.7  3.790  5.376  -89.4 -101.0
T -137.9  161.7  111.2 -176.5  -53.4 -178.9  1.004  141.3  3.850  5.832  176.9  160.4
I -148.4  161.8  109.5  175.4 -158.3   78.2  1.107  149.7  3.795  5.613 -178.3 -168.2
G   64.5 -130.0  114.6  176.7    nan    nan    nan   90.6  3.894    nan    nan   35.8
I  -97.7   70.8  112.1  178.6  -55.5 -172.6  1.117  107.9  3.804    nan    nan  -31.5
G   70.9   21.7  115.2  179.6    nan    nan    nan   98.9  3.799    nan    nan  -51.0
H  -81.2  104.1  111.7 -179.6 -177.5    nan  1.032  108.5  3.824    nan    nan  125.6
L  -62.0  130.2  112.0  178.8  173.6    nan  1.087   87.1  3.864  6.084 -136.4 -142.1
L  -94.4  -50.7  111.9  179.7  -65.6    nan  1.118   70.4  3.815  5.941 -145.2 -144.3
T -161.9  152.7  110.7 -177.2  179.9   58.8  1.029  153.5  3.808  4.738  -33.0  -24.4
K  -93.0   -6.7  108.9  174.2  -57.5    nan  1.075   84.8  3.741  5.533 -124.3 -123.6
S  -69.6  146.7  113.1  178.4  135.0    nan  1.191   84.9  3.770  5.736   86.1  108.4
P  -70.8  -10.8  114.8 -177.9  -24.0    nan  0.999  104.3  3.835  5.389  -83.3 -105.8
S  -84.1  122.4  116.4 -176.4  171.6    nan  1.129  108.6  3.693  5.256   64.5   96.6
L  -63.9  -26.9  109.2  176.5  178.5    nan  1.103  105.0  3.796  5.923 -115.7 -131.4
N  -78.4  -36.8  110.2  179.2  -77.4    nan  1.101   87.6  3.781  5.574   63.7   80.9
A  -62.7  -33.3  108.7  175.9    nan    nan  1.061  103.1  3.728  5.508   73.9   83.9
A  -65.9  -45.3  113.0  178.6    nan    nan  1.075   91.9  3.954  5.630   72.4   86.1
K  -64.7  -35.9  110.5  179.4  -77.8    nan  1.060   99.3  3.791  5.285   65.1   77.6
S  -67.5  -43.7  112.0  178.6  160.2    nan  1.132   92.1  3.732  5.258   61.3   82.7
E  -64.9  -39.4  108.6  177.5  -76.3    nan  0.990   98.3  3.848  5.563   69.3   76.5
L  -60.7  -47.0  112.9  179.4 -176.8    nan  1.076   94.9  3.801  5.346   70.7   86.4
D  -61.3  -39.4  110.9 -179.1  -75.5    nan  1.023   99.9  3.812  5.282   68.8   80.5
K  -63.1  -42.4  111.2  177.9  179.0    nan  1.012   96.7  3.794  5.282   69.1   82.6
A  -66.7  -38.9  112.8 -179.9    nan    nan  1.124   94.9  3.851  5.225   55.2   78.8
I  -90.6  -26.4  115.8 -178.4  -57.2  177.4  1.094   78.3  3.852  5.255   41.3   61.4
G   83.8   26.5  112.9  178.6    nan    nan    nan   85.7  3.781    nan    nan -127.9
R -161.3  167.1  110.1  178.6   71.7    nan  1.107  161.4  3.839    nan    nan   44.7
N  -81.6  101.6  108.5  179.8 -122.3    nan  0.975  106.2  3.805  5.264  -81.7  -93.1
T  -92.4  -19.9  116.3 -173.1   67.7  -55.2  1.055   79.0  3.688  5.938 -169.6 -163.2
N   54.4   36.0  112.2 -173.6 -150.8    nan  1.159  106.8  3.735  5.501 -146.5 -142.5
G   76.7    5.8  115.6  176.0    nan    nan    nan  100.7  3.874    nan    nan  -79.7
V -128.0  135.4  113.2  177.7  171.3  -67.7  1.064  131.0  3.744    nan    nan   64.5
I -124.7  162.8  111.5  179.6   64.6  -59.4  1.095  129.2  3.858  5.882 -170.4 -172.1
T  -90.6  169.3  107.5  178.2   65.1  -55.8  0.938   93.8  3.831  5.417  -95.9 -108.2
K  -59.2  -43.1  112.4  178.9 -178.3    nan  1.141   98.7  3.863  5.331  -77.5  -69.1
D  -58.3  -44.1  111.6  176.5  -72.8    nan  1.017   99.2  3.813  5.542   79.9   83.5
E  -62.5  -41.4  111.2 -179.6  -73.8    nan  1.091   97.7  3.820  5.209   63.4   81.4
A  -59.2  -44.8  111.1  176.4    nan    nan  1.061   98.4  3.842  5.490   71.4   83.4
E  -67.6  -34.9  113.4 -179.3  -77.6    nan  1.138   95.9  3.798  5.229   55.2   76.8
K  -62.5  -48.0  112.4  176.4 -175.9    nan  1.048   93.3  3.726  5.435   77.0   87.4
L  -58.9  -40.4  109.3  177.0  -66.8    nan  1.034  102.1  3.832  5.364   67.5   78.2
F  -63.6  -46.1  111.8 -177.7 -173.0    nan  1.025   94.0  3.791  5.276   71.4   84.7
N  -59.3  -42.6  109.3  177.7  -83.2    nan  0.974  100.6  3.843  5.370   69.7   80.1
Q  -62.4  -41.6  112.2  177.7  -64.1    nan  1.046   97.1  3.858  5.406   66.3   80.5
D  -66.9  -40.6  114.8 -177.9  -68.1    nan  1.152   92.7  3.772  5.224   60.5   82.2
V  -67.2  -45.8  107.1  179.2  174.8  -65.6  1.047   94.4  3.817  5.519   67.4   79.0
D  -54.0  -49.2  111.4  177.7 -167.6    nan  1.106   99.2  3.843  5.434   67.9   84.6
A  -60.4  -38.5  112.0  179.0    nan    nan  1.017  100.6  3.833  5.415   67.8   77.6
A  -61.0  -53.4  110.1  179.8    nan    nan  1.050   92.7  3.871  5.382   71.9   87.2
V  -53.1  -54.7  111.9  177.5  179.4  -59.9  1.125   96.0  3.864  5.359   62.1   79.0
R  -57.8  -37.4  111.9  178.9  -81.3    nan  1.169  103.4  3.866  5.298   55.7   74.9
G  -65.4  -42.7  111.4  175.7    nan    nan    nan   94.7  3.835    nan    nan   81.5
I  -58.4  -47.0  109.4  177.1  -79.4  160.0  0.986   98.6  3.827    nan    nan   83.4
L  -67.8  -25.6  112.5 -174.7  -55.6    nan  1.192  100.8  3.831  5.226   48.8   77.6
R  -90.8   -8.0  112.1 -179.8  -82.0    nan  0.954   86.2  3.809  5.564   70.9   71.9
N  -93.3  125.4  112.5 -175.6 -177.2    nan  1.116  110.2  3.715  5.102   60.3   89.6
A  -62.8  -26.7  114.6 -176.7    nan    nan  1.120  104.0  3.822  5.921 -108.5 -118.4
K  -87.1  -30.8  113.7  179.3  -77.7    nan  1.040   80.7  3.794  5.424   61.6   74.7
L  -87.3  -43.2  113.7 -176.5  -60.0    nan  1.115   76.1  3.778  5.140   50.0   73.7
K  -47.6  -52.2  114.9 -177.2 -173.9    nan  1.202   99.6  3.742  5.387   77.7   99.4
P  -60.3  -32.8  113.1 -179.7   -3.6    nan  1.029  103.4  3.818  5.407   70.0   77.4
V  -67.4  -50.9  111.7  176.7 -173.2  -51.0  1.078   88.7  3.789  5.418   65.4   84.8
Y  -56.6  -46.0  112.1  179.3 -172.1    nan  1.052   99.0  3.767  5.163   66.5   79.9
D  -62.0  -32.7  111.3 -179.4  -75.2    nan  1.052  102.8  3.868  5.416   64.2   80.3
S  -74.7  -18.5  117.8  179.2   78.6    nan  1.152   96.2  3.775  5.350   58.8   81.7
L  -91.1  158.2  115.0 -172.3  -63.4    nan  1.027  100.1  3.862  5.478   71.5   85.8
D  -76.7  171.1  109.3  173.1   57.8    nan  0.989   79.8  3.825  5.388  -96.3 -104.3
A  -57.8  -42.9  117.5 -175.3    nan    nan  1.279   97.2  3.839  5.370  -78.6  -60.3
V  -64.9  -53.7  111.8 -179.8  178.9  -61.2  1.086   88.8  3.795  5.517   72.0   81.7
R  -60.0  -32.0  110.6  179.7  -61.5    nan  1.112  105.2  3.812  5.302   55.4   74.3
R  -58.1  -40.8  109.9  174.9  -78.7    nan  1.071  102.2  3.842  5.765   84.1   91.8
A  -62.4  -36.5  110.6  179.7    nan    nan  1.022  100.8  3.855  5.400   74.2   83.4
A  -62.8  -41.5  111.4  178.3    nan    nan  1.054   97.3  3.834  5.478   69.7   86.3
L  -69.6  -36.2  110.4 -179.6 -173.7    nan  1.096   95.1  3.772  5.335   58.3   77.0
I  -64.4  -39.6  109.5  179.2  -67.1  169.0  1.056   98.0  3.777  5.562   74.0   85.4
N  -60.4  -45.8  110.3  179.8 -169.7    nan  1.031   97.4  3.838  5.409   75.1   86.1
M  -61.6  -41.0  111.7  178.9  -70.5    nan  1.041   98.4  3.829  5.461   66.5   79.5
V  -65.0  -41.5  111.3 -178.5  168.6  -70.1  1.130   95.6  3.835  5.323   62.3   82.9
F  -60.6  -38.6  111.6  179.8  179.4    nan  1.010  100.6  3.817  5.450   75.6   84.9
Q  -77.7  -48.3  112.1 -176.7 -172.8    nan  1.023   82.4  3.841  5.279   55.9   74.0
M -108.2   -7.3  121.2 -172.8   82.5    nan  1.416   68.1  3.757  4.557   -5.2   41.6
G   81.4  155.5  111.5 -177.7    nan    nan    nan   73.3  3.749    nan    nan -108.4
E  -59.6  -41.0  113.2 -178.0  171.0    nan  1.101   99.2  3.792    nan    nan  -85.9
T  -62.7  -44.6  113.7  178.9  -55.0 -173.5  1.113   94.4  3.759  5.464   63.3   83.9
G  -62.0  -49.9  112.3 -180.0    nan    nan    nan   92.6  3.762    nan    nan   81.9
V  -62.1  -42.7  112.2 -179.9 -178.0  -58.0  1.160   96.7  3.792    nan    nan   76.8
A  -59.1  -17.0  110.2  179.0    nan    nan  1.118  113.9  3.838  5.552   69.2   84.8
G  -78.4  -12.1  114.4  178.1    nan    nan    nan   96.4  3.813    nan    nan   90.6
F  -83.9   52.8  110.3  179.0  -75.8    nan  1.032  109.8  3.830    nan    nan   89.7
T  -42.1  -58.2  118.1 -176.1  -48.3 -167.7  1.157   97.1  3.846  6.240 -173.5 -166.3
N  -59.4  -43.0  115.4  179.4  -52.3    nan  1.173   97.0  3.773  5.146   54.6   73.7
S  -67.1  -39.8  109.8 -179.2  -51.9    nan  1.009   95.7  3.846  5.541   72.5   79.0
L  -62.2  -40.9  110.3 -179.4  -64.2    nan  1.112   98.7  3.855  5.402   68.1   84.9
R  -64.0  -43.8  111.3  177.5 -176.8    nan  1.018   95.2  3.778  5.415   74.7   80.1
M  -65.0  -39.9  112.0  177.7  -72.0    nan  1.141   96.2  3.803  5.288   56.2   77.4
L  -62.5  -48.0  108.4 -179.9  -70.4    nan  1.034   95.7  3.800  5.542   76.4   84.5
Q  -54.5  -40.4  111.4 -178.1 -171.5    nan  1.065  104.5  3.848  5.323   70.2   85.5
Q  -77.7   -4.5  112.4  178.6  -59.5    nan  1.058  100.6  3.790  5.318   51.6   69.2
K   63.8   35.7  114.4 -179.8  -50.5    nan  1.184   98.2  3.828  5.574 -127.0 -125.5
R  -98.7   77.0  106.5  175.3  -69.2    nan  1.003  103.9  3.801  6.040  117.8  114.6
W  -56.2  -52.7  117.4 -172.5  -43.3    nan  1.246   91.9  3.854  6.263 -166.8 -153.9
D  -63.7  -42.6  111.8  178.8  -68.0    nan  1.124   95.8  3.761  5.390   60.6   73.1
E  -63.8  -40.8  112.5 -179.7  -53.0    nan  1.115   96.3  3.784  5.404   65.0   81.9
A  -64.4  -40.0  111.5  179.3    nan    nan  0.990   96.8  3.726  5.329   73.6   82.2
A  -61.9  -43.4  110.1 -178.4    nan    nan  1.052   97.6  3.862  5.301   67.3   86.2
V  -62.5  -51.3  110.4  177.1  170.4  -68.5  1.106   92.8  3.824  5.446   61.9   78.9
N  -61.7  -37.8  112.5 -179.0 -179.0    nan  1.116   99.7  3.862  5.390   60.7   76.2
L  -61.2  -33.0  110.7  179.1  -79.1    nan  1.029  103.6  3.883  5.693   78.7   87.3
S  -71.9  -18.5  114.9 -177.7   74.6    nan  1.207   99.6  3.848  5.329   57.1   84.8
K  -90.7   69.8  109.6  177.8  -62.1    nan  0.937  108.1  3.828  5.636   73.6   76.1
S -152.5  157.4  109.4 -175.7   56.8    nan  0.971  151.4  3.769  5.477   94.2   97.9
R  -57.0  -42.1  109.4  173.8  177.0    nan  1.017  102.5  3.721  5.290  -79.3  -84.4
W  -48.7  -50.0  112.1 -178.8  169.4    nan  1.017  102.0  3.881  5.414   84.2   96.0
Y  -67.6  -41.2  110.6 -178.8 -178.3    nan  0.993   94.2  3.795  5.099   57.2   71.9
N  -69.9  -32.8  114.2 -178.6  -75.0    nan  1.115   94.6  3.819  5.204   53.4   78.7
Q  -82.9  -41.6  112.3 -179.1  -67.4    nan  1.060   80.9  3.816  5.436   56.4   73.7
T -127.3   68.4  107.9 -179.1   46.3  -72.0  1.015   90.3  3.875  4.971    2.7   20.5
P  -60.2  -40.5  117.6 -176.7   18.6    nan  1.102   96.7  3.788  6.119 -172.5 -168.1
N  -67.4  -42.3  112.9 -178.6  -65.8    nan  1.102   92.5  3.852  5.475   62.1   83.1
R  -68.6  -45.9  110.6  178.5  171.7    nan  1.043   91.0  3.790  5.389   64.1   76.1
A  -57.1  -42.0  110.3  178.8    nan    nan  1.099  102.1  3.844  5.351   66.7   83.2
K  -59.7  -42.2  110.9  178.8  -71.9    nan  1.074   99.6  3.886  5.624   72.8   84.2
R  -60.0  -47.7  111.5  179.2  -73.6    nan  1.110   95.9  3.774  5.365   70.4   84.5
V  -64.8  -43.1  111.6 -179.1  170.8  -64.3  1.087   94.7  3.849  5.299   60.1   76.4
I  -63.8  -41.7  111.8  179.8  -72.6  166.6  1.101   96.2  3.758  5.324   61.3   80.6
T  -63.7  -37.4  110.3  178.7  -69.5  168.1  1.018   99.5  3.789  5.440   71.2   81.0
T  -59.5  -40.7  108.4  178.3  -58.0 -172.9  1.084  101.9  3.797  5.415   69.4   87.5
F  -71.2  -37.3  111.0 -178.8  -85.9    nan  1.052   92.9  3.860  5.467   61.6   76.3
R  -67.8  -42.2  113.5 -179.0 -145.8    nan  1.094   91.8  3.792  5.363   65.5   83.5
T -101.6  -29.4  117.4 -173.1   71.0  -53.7  1.120   66.7  3.805  4.983   29.6   53.3
G   72.5   26.1  112.3 -175.5    nan    nan    nan   96.4  3.720    nan    nan -135.6
T -132.4  174.3  107.1  176.3   70.6  -46.8  0.903  133.8  3.844    nan    nan   74.0
W  -97.5   20.0  112.0  179.8  -66.1    nan  0.994   90.2  3.840  5.350 -106.6  -98.3
D  -51.8  -39.5  117.5 -176.0  -63.9    nan  1.175  104.3  3.746  5.917  133.4  155.2
A  -68.4  -19.3  109.8 -175.3    nan    nan  1.079  104.1  3.842  5.427   68.6   84.4
Y  -99.6   -0.7  111.6 -178.1  -72.0    nan  1.128   80.1  3.698  5.328   43.4   70.5
K -102.7    nan  110.3  177.4  -54.3    nan  1.150    nan  3.748  5.631   58.4   82.5
