Id   phi    psi    tau  omega    chi    chi2  solid    eta  CA-CA  CB-CB  BA^AB  NA^AC
A    nan -157.7  108.8    nan    nan    nan  1.021    nan    nan    nan    nan    nan
Y -104.2  -31.9  108.1  167.7  166.7    nan  1.020   68.4  3.790  5.163  -93.3  -77.9
I  -83.9  -35.7  111.2 -179.7  -68.9  169.0  1.068   82.9  3.784  5.287   50.5   71.6
A  -59.5  -53.7  110.2  172.9    nan    nan  1.023   93.5  3.801  5.498   76.4   85.8
K  -51.6  -42.4  112.6  175.3 -157.9    nan  1.036  104.8  3.815  5.174   67.2   78.4
Q  -70.2  -36.2  114.1 -178.1  -80.4    nan  1.072   92.7  3.798  5.198   58.4   77.9
R  -83.1   -7.6  108.9 -178.3  -38.0    nan  1.031   94.4  3.818  5.296   53.0   70.2
Q  -91.4  -44.6  110.1  176.3  -88.8    nan  1.028   75.0  3.801  5.582   67.5   84.1
I  -53.5  -42.9  110.4  177.2  -78.0  160.2  1.031  104.2  3.797  5.365   75.7   86.2
S  -71.4  -40.0  113.4 -174.5  -75.8    nan  1.071   90.2  3.805  5.160   58.8   78.4
F  -59.0  -44.9  111.8  174.1 -177.1    nan  1.047   98.0  3.800  5.386   71.6   83.7
V  -64.5  -50.5  112.4  173.7 -168.8  -48.4  1.067   90.5  3.800  5.316   58.4   73.8
K  -58.7  -35.6  112.0 -178.2  -89.2    nan  1.079  103.6  3.821  5.307   64.4   80.8
S  -81.6  -47.9  112.8 -177.4  -68.2    nan  1.045   79.3  3.818  5.316   56.1   73.5
H  -53.2  -54.0  110.9 -176.5 -178.0    nan  1.032   97.0  3.802  5.248   77.0   89.3
F  -72.1  -31.0  110.4 -178.5 -176.7    nan  1.035   95.3  3.792  5.068   47.5   63.9
S  -57.1  -25.7  111.3  174.5  -99.6    nan  1.042  110.9  3.803  5.535   82.5   93.5
R  -93.2  -16.9  112.1  176.2  111.3    nan  1.094   80.6  3.793  5.306   43.2   66.7
Q  -69.5  -36.4  109.6  177.3  -74.2    nan  1.008   95.4  3.844  5.753   87.3   96.9
L  -70.9  -28.6  110.8 -177.7  -71.2    nan  1.023   97.3  3.781  5.248   66.1   81.3
E  -72.1  -54.0  111.7  177.3  -54.9    nan  1.043   84.1  3.807  5.408   67.9   84.1
E  -68.2  -41.7  111.9 -177.6   43.0    nan  1.032   92.7  3.825  5.100   53.1   68.7
R  -87.4   -7.7  113.3 -171.8  -72.7    nan  1.086   89.5  3.796  5.011   41.3   66.9
L -145.4    1.9  115.3 -178.8  -98.0    nan  1.089   35.4  3.820  5.075   13.9   34.0
G   60.0   32.2  113.5  177.5    nan    nan    nan  103.9  3.806    nan    nan -125.2
L  -97.2  117.0  108.8  178.8  -79.7    nan  0.994  110.0  3.800    nan    nan  116.5
I  -87.8  158.6  111.3  173.2   63.0  -57.9  1.019   95.5  3.815  5.941 -148.6 -158.4
E  -87.0  122.0  108.9 -176.7 -139.3    nan  1.013  104.3  3.809  5.453 -104.2 -106.8
V -111.6  151.9  110.0  175.9  157.6  -80.3  1.028  118.3  3.809  5.920 -168.6 -175.2
Q  -70.2  137.0  112.2  176.9  -55.7    nan  1.047   89.7  3.835  5.567  -94.6 -100.7
A -103.5  142.8  112.7 -178.4    nan    nan  1.058  114.3  3.801  5.710 -142.5 -148.5
P  -54.2  170.7  112.6  156.9  -29.0    nan  0.979   58.2  3.805  5.262  -92.7 -109.9
I -132.8  -13.9  108.0  161.6  179.0   56.3  1.016   44.4  3.776  5.568 -160.9 -146.1
L -113.1  165.4  111.7  177.5  -49.5    nan  1.038  117.7  3.793  5.287   37.3   58.1
S -153.5  139.2  108.3  171.1   83.9    nan  1.014  140.3  3.815  5.493 -173.7 -171.3
R  -74.2  122.8  110.8  178.1  135.3    nan  1.061   98.0  3.798  5.736 -113.1 -117.8
V  -58.2  103.7  107.4  171.0 -173.9  -50.9  0.995   97.0  3.785  5.756 -105.6 -126.9
G  141.7  -32.8  111.9  179.4    nan    nan    nan   57.7  3.781    nan    nan   52.6
D  -79.1   11.5  114.4 -173.0   63.9    nan  1.117  105.5  3.799    nan    nan   82.4
G   67.6  -10.4  117.2  178.1    nan    nan    nan  116.9  3.806    nan    nan -109.7
T  -94.9   16.0  116.9 -162.8  -30.9 -151.5  1.080   92.5  3.807    nan    nan   97.3
Q -107.9  121.9  112.4 -174.2  148.0    nan  1.047  118.1  3.830  5.567   80.9   97.0
D  -55.3  115.7  111.1  176.5 -172.6    nan  1.047   91.2  3.817  5.805 -106.8 -121.2
N  -92.6  -13.6  111.7 -171.6  -26.3    nan  1.044   82.5  3.802  5.959 -147.3 -154.6
L   67.1 -139.1  112.3  173.7  -98.8    nan  1.063   86.3  3.827  5.490 -136.6 -135.1
S  -56.2  -32.9  113.4  171.6  140.7    nan  1.073  106.7  3.818  4.700  -19.2   -8.0
G  120.4  -32.6  113.5  177.5    nan    nan    nan   76.1  3.796    nan    nan  -98.5
A  -97.9    0.6  113.7 -173.1    nan    nan  1.079   82.4  3.802    nan    nan   64.6
E  -81.1  137.1  108.7  174.9  -61.6    nan  1.001   95.8  3.822  5.815   90.7  100.1
K  -96.4  160.5  108.7  167.1 -121.3    nan  1.011  102.3  3.775  5.720 -144.0 -148.1
A -117.2  162.4  111.1 -179.5    nan    nan  1.055  122.2  3.793  5.567 -138.0 -134.5
V  -63.5  100.0  109.6 -179.7  173.3  -64.3  1.029  102.6  3.764  5.255  -74.1  -81.8
Q  -52.8  138.5  110.5  165.5  -55.1    nan  1.018   74.5  3.778  5.935 -127.5 -148.0
V -116.0  140.8  105.8  156.3  -28.8   96.0  1.026  119.6  3.757  5.800 -173.3 -172.1
K -104.0  102.6  108.4  164.1 -142.3    nan  1.017  110.6  3.766  5.775 -147.5 -152.1
V  -70.8  117.4  108.3  170.6  170.9  -69.2  1.028   96.4  3.755  5.987 -144.7 -159.3
K  -49.2  -63.7  111.7 -178.0  -92.1    nan  1.011   92.2  3.791  5.741  -97.4 -116.0
A  -55.9  -38.4  113.4 -174.0    nan    nan  1.061  103.6  3.792  4.918   56.9   74.9
L -107.5   76.9  108.3 -173.1  -42.7    nan  1.009  102.9  3.796  4.927   28.0   48.0
P  -86.2  -33.5  111.2 -152.7    6.7    nan  0.991   81.7  3.762  5.976 -179.5 -167.6
D  -76.2    0.5  114.1  174.2  -95.0    nan  1.076  104.0  3.806  5.354   48.6   74.3
A -108.6  123.7  112.0  179.5    nan    nan  1.054  118.2  3.815  5.496   58.1   78.4
Q  -82.3  145.6  108.7  169.7  -45.5    nan  1.003   94.0  3.804  5.857 -135.2 -149.7
F -129.8 -178.0  108.3  177.3  -69.6    nan  1.008  129.2  3.806  5.686 -164.2 -167.3
E -161.8  162.3  109.4 -178.0  -93.5    nan  0.997  159.5  3.790  5.307 -157.1 -156.4
V  -89.2  105.5  108.8  161.0 -173.7  -53.5  1.049  107.8  3.737  5.430 -118.9 -114.6
V   -5.9  118.1  115.9  142.4  152.6  -80.8  1.088   64.6  3.670  5.171  -86.4 -120.3
H  -86.0  -34.2  110.5  166.7  -58.9    nan  1.008   82.0  3.834  5.963 -145.4 -162.5
S -163.5  166.7  108.0  165.1   82.8    nan  1.004  162.4  3.779  4.968  -40.8  -21.3
L  -91.3   33.0  111.4  179.4  -59.8    nan  1.034  100.3  3.813  5.413 -104.1 -102.0
A  -48.5  -53.8  113.4 -175.8    nan    nan  1.070   98.7  3.844  6.144  159.1  168.9
K  -93.2  -16.9  111.5 -172.7  -73.4    nan  1.061   80.8  3.804  4.878   27.1   49.6
W  -62.5  -44.6  111.9  173.3  179.2    nan  1.044   95.6  3.776  5.643   88.6  100.8
K  -66.7  -32.1  113.3 -171.0  -67.7    nan  1.062   98.2  3.822  5.227   65.5   84.7
R  -75.1  -37.9  112.8  177.2 -148.5    nan  1.066   88.4  3.826  5.378   62.4   78.6
Q  -66.4  -20.0  111.9  174.5 -138.6    nan  1.049  105.1  3.827  5.406   65.7   79.0
T  -87.8  -43.7  112.4 -173.6  -60.1 -179.9  1.067   76.4  3.824  5.374   62.5   84.5
L  -66.1  -26.7  108.1  174.6  -45.9    nan  1.001  103.6  3.800  5.367   63.5   73.4
G  -75.3  -45.8  111.6  179.3    nan    nan    nan   85.5  3.795    nan    nan   84.0
Q  -58.6  -33.2  112.2  175.9 -129.8    nan  1.038  105.0  3.799    nan    nan   79.9
H -114.8   14.8  113.2 -171.6  -64.6    nan  1.076   71.6  3.815  4.893   22.2   47.6
D   47.8   64.0  113.8  176.7  -67.0    nan  1.078   91.5  3.800  5.632 -123.3 -124.8
F  -79.4  133.0  107.8  173.3  -90.9    nan  1.001   95.5  3.772  6.128  165.2  157.4
S  -85.4  163.8  112.8 -174.6  -59.8    nan  1.062   91.7  3.788  5.795 -127.8 -130.3
A  -54.5  129.2  112.3  179.4    nan    nan  1.058   82.7  3.811  5.246  -65.0  -71.3
G   90.9    1.9  114.6 -177.9    nan    nan    nan   88.3  3.798    nan    nan   25.2
E -125.7  141.2  110.8  178.8  -55.2    nan  1.031  129.4  3.818    nan    nan   61.3
G -160.8 -169.9  113.5 -179.3    nan    nan    nan  155.0  3.786    nan    nan  156.7
L -120.5  172.1  114.6 -175.6   73.3    nan  1.095  123.5  3.790    nan    nan  -98.8
Y -143.9 -170.3  108.4  156.6   73.5    nan  1.041  139.9  3.764  5.425 -169.3 -155.6
T -176.7  159.0  108.9 -177.3 -171.9   66.3  1.036  159.9  3.789  5.265 -164.8 -163.9
H  -91.7  102.1  109.9  172.5  -58.8    nan  1.040  109.8  3.787  5.567 -115.0 -114.8
M  -88.4  136.6  108.0 -173.8 -155.5    nan  0.986  101.1  3.768  5.985 -155.2 -165.8
K -121.1  131.1  107.6  165.9  -38.2    nan  0.993  122.3  3.782  5.780 -170.9 -174.6
A -137.0  148.6  109.6  178.9    nan    nan  1.013  138.0  3.784  5.697  175.8  171.0
L -109.1  117.5  108.9  173.1  -85.3    nan  1.031  115.0  3.787  5.679 -145.3 -144.0
R -108.9   83.7  112.9  176.2  -80.1    nan  1.059  109.3  3.800  5.919 -170.2 -175.9
P  -80.3   25.4  114.5 -173.2   32.9    nan  0.999  109.1  3.829  6.015 -168.6 -173.0
D -128.0   12.3  114.7  179.9  -71.3    nan  1.088   57.9  3.804  5.472   55.7   82.5
E  -51.1  115.6  108.7  166.6  -82.6    nan  1.020   87.4  3.781  6.033  134.3  132.6
D  -64.3  -44.4  108.2 -179.4  -48.3    nan  1.004   96.5  3.768  5.837 -120.3 -133.0
R -134.7  116.3  106.4 -179.4  -61.7    nan  0.976  119.4  3.802  4.813  -10.2    7.8
L  -82.8  117.9  107.4  174.4  -44.6    nan  0.996  101.8  3.799  5.963 -143.9 -153.7
S -110.1 -175.6  111.1 -175.0   82.0    nan  1.033  108.4  3.793  5.886 -167.8 -170.6
P  -52.8  -19.9  114.5  161.9    2.5    nan  1.023  117.2  3.820  4.934  -54.6  -51.6
L  -99.0  -40.3  113.7 -178.3  -67.8    nan  1.048   68.0  3.842  5.331   45.3   70.8
H  -96.4  142.9  110.7 -169.5  -55.7    nan  1.017  107.5  3.795  4.903   41.2   60.8
S -151.0  143.8  109.9  174.9  170.8    nan  1.017  143.5  3.800  5.635  170.3  166.5
V  -52.9  -37.5  111.2  172.5   52.8  175.5  1.062  107.6  3.794  5.469  -87.2  -97.4
Y  -80.8  132.2  109.5  171.9 -168.9    nan  1.005   97.9  3.823  5.385   50.2   63.0
V -135.7  115.8  110.7 -174.9  158.3  -80.3  1.033  122.3  3.840  5.829 -178.5  175.9
D -118.2  148.4  112.7  180.0   46.3    nan  1.095  125.6  3.824  5.962  175.5  176.4
Q -149.5  141.7  114.5 -167.3 -100.5    nan  1.068  143.8  3.783  5.548 -167.2 -179.0
W  -79.9   94.5  105.9  155.0  -74.7    nan  0.993  104.7  3.740  5.552 -123.8 -136.2
D  -95.0  111.1  108.6 -177.4 -134.2    nan  0.999  109.2  3.803  6.089 -175.3  179.9
W -127.4  161.3  113.3 -169.4   67.0    nan  1.066  132.5  3.791  5.847  169.0  168.8
E -158.1  129.7  109.1  177.6 -159.3    nan  1.010  133.3  3.806  5.481 -175.0 -179.1
R -118.2  137.6  111.2 -179.9 -176.5    nan  1.047  124.3  3.784  5.788 -168.3 -169.7
V  -75.0  138.7  111.7 -179.3 -177.9  -55.1  1.049   92.4  3.826  5.746 -111.2 -120.2
M -106.7  139.2  115.0 -174.1  -77.4    nan  1.071  118.8  3.843  5.782 -141.1 -146.3
G  -88.9 -160.8  118.0  173.4    nan    nan    nan   80.1  3.835    nan    nan -135.6
D  -84.1  134.3  112.8 -173.9 -152.5    nan  1.059  101.8  3.819    nan    nan  -50.3
G   68.5   29.6  111.7 -178.4    nan    nan    nan   98.6  3.806    nan    nan   10.3
E -106.1  -14.9  111.2 -178.2 -108.0    nan  1.056   69.1  3.781    nan    nan  109.3
R  -79.2   53.0  109.9 -178.4 -136.3    nan  1.030  112.4  3.774  5.535   76.8   93.3
Q -102.2  164.2  106.1  171.3  -51.8    nan  0.967  106.1  3.817  6.100  126.2  124.8
F  -59.2  -42.2  108.2  170.1  152.0    nan  1.020  101.5  3.796  5.273  -76.0  -79.6
S  -48.0  -27.3  116.0 -175.3   18.7    nan  1.087  116.4  3.801  5.345   84.9  100.1
T  -77.8  -37.2  110.8 -178.2   25.6  -95.3  1.035   87.6  3.833  5.455   68.8   84.3
L  -58.9  -59.7  110.8  171.3  174.2    nan  1.032   89.9  3.811  5.381   73.0   83.4
K  -44.7  -41.3  113.6  177.0  165.1    nan  1.067  110.3  3.823  5.197   67.9   81.1
S  -77.2  -45.5  109.8 -176.4 -147.2    nan  1.025   85.4  3.804  5.218   55.2   72.8
T  -56.7  -39.4  110.7  175.8  -79.3  160.1  1.053  103.8  3.807  5.367   68.1   81.4
V  -64.5  -37.9  111.7  176.9  170.2  -67.1  1.040   97.7  3.816  5.413   69.1   80.8
E  -68.0  -26.2  113.4  178.0  -65.6    nan  1.056  100.0  3.798  5.278   65.5   80.4
A  -79.9  -53.2  109.7 -178.5    nan    nan  1.028   80.7  3.827  5.390   64.9   82.0
I  -43.5  -39.7  111.9  167.1  -67.3  169.1  1.044  113.2  3.805  5.300   72.8   79.8
W  -77.3  -20.3  113.3 -176.9 -175.9    nan  1.078   94.2  3.836  5.214   54.4   74.0
A  -90.5  -14.7  109.6  173.5    nan    nan  1.033   84.7  3.797  5.474   55.0   71.5
G  -72.3  -54.0  110.8  167.9    nan    nan    nan   84.6  3.807    nan    nan   89.3
I  -48.1  -52.8  112.9  171.5  -72.0  166.0  1.053  100.0  3.791    nan    nan   78.7
K  -68.3  -22.1  111.9 -173.8  -67.1    nan  1.062  102.2  3.813  5.144   55.0   73.5
A  -80.1  -37.3  111.1  179.2    nan    nan  1.046   85.6  3.800  5.455   67.6   84.1
T  -62.6  -44.5  110.1  169.8  -69.2  170.4  1.023   96.6  3.796  5.477   70.0   78.7
E  -61.5  -27.7  114.2 -178.5 -179.5    nan  1.072  104.8  3.811  5.266   68.3   83.2
A  -88.9   -3.9  111.3 -177.0    nan    nan  1.040   89.7  3.798  5.245   55.4   74.1
A -107.1  -41.1  110.1 -177.1    nan    nan  1.034   64.0  3.811  5.388   56.3   77.0
V  -54.1  -54.8  106.5  165.7  172.0  -65.7  0.977   98.6  3.795  5.525   76.9   79.3
S  -43.9  -39.0  113.8 -178.4  158.0    nan  1.056  112.6  3.781  5.151   78.6   88.8
E  -99.9  -23.3  110.5 -166.7   88.1    nan  1.055   72.9  3.777  4.873   36.5   60.9
E  -80.6  -42.6  113.6  174.6  -71.4    nan  1.055   81.5  3.804  5.484   62.4   79.2
F -119.4   18.0  112.5 -166.6  -54.0    nan  1.053   68.7  3.811  4.654   15.4   37.6
G   72.6   -9.9  116.0  172.8    nan    nan    nan  111.5  3.807    nan    nan -102.9
L  -67.3  141.0  111.1  179.3  -79.5    nan  1.051   84.8  3.799    nan    nan  107.8
A  -91.8  138.3  112.0 -179.3    nan    nan  1.053  105.9  3.803  5.711 -127.3 -131.7
P  -49.5  167.5  111.7  167.0  -26.3    nan  0.974   55.0  3.842  5.360  -86.7 -104.6
F -174.5  -23.6  111.5 -173.8   71.3    nan  1.049   22.2  3.783  5.423  173.0  172.0
L  -69.8  139.8  110.6  176.4  -87.6    nan  1.038   87.2  3.798  5.538   76.1   89.9
P  -53.1  117.9  113.6  167.7    9.2    nan  1.000   90.1  3.867  5.368  -90.1 -106.7
D  -76.4   40.4  113.4 -177.0   53.0    nan  1.102  115.4  3.814  6.029 -140.3 -140.9
Q  178.9  122.2  107.7 -174.3 -141.5    nan  1.002  121.8  3.827  5.288   40.8   38.6
I -103.9  137.0  111.3 -176.8 -178.0   60.0  1.046  114.6  3.816  5.931 -157.2 -161.8
H -106.1  154.1  111.9 -172.1  -59.6    nan  1.041  113.9  3.816  5.775 -141.2 -146.1
F -114.5  113.7  111.7 -174.9  -62.8    nan  1.046  118.4  3.799  5.596 -136.8 -137.5
V -125.3  126.3  108.5  179.7 -176.9  -54.7  1.006  123.4  3.806  5.940  172.7  164.3
H  -68.8  145.6  110.9  172.8 -164.9    nan  1.047   83.7  3.802  5.823 -121.3 -130.2
S  -60.6  -30.7  112.2 -177.6   75.8    nan  1.064  104.7  3.823  5.587  -87.5  -96.2
Q  -75.1  -35.3  110.3 -175.4  166.3    nan  1.033   90.9  3.803  5.326   67.8   84.7
E  -82.0  -12.5  111.4  176.6  123.5    nan  1.111   93.3  3.803  5.291   42.7   68.2
L  -65.0  -49.7  109.1  162.9 -127.0    nan  0.987   92.7  3.826  5.927   91.2   94.1
L  -58.0  -34.6  108.4 -173.2  176.6    nan  0.997  106.5  3.788  5.097   70.8   84.1
S  -66.4  -46.2  110.4  177.3  -59.8    nan  1.022   92.7  3.774  5.327   68.3   83.0
R  -72.0  -52.1  113.1 -171.3  -60.5    nan  1.087   84.0  3.799  5.098   54.0   77.5
Y -109.5   78.7  105.2  172.6  -41.2    nan  0.975  100.2  3.814  5.122    6.8   22.5
P  -81.8   -9.3  113.2 -165.1   28.2    nan  1.002   94.5  3.783  6.004 -177.9 -169.7
D -114.0  -11.1  109.7 -172.5   58.8    nan  1.009   62.7  3.801  5.175   42.6   68.2
L  -82.1  151.9  111.7  173.5  -69.4    nan  1.035   92.9  3.809  5.572   71.0   87.8
D  -76.2  165.6  108.8  171.5   55.3    nan  1.025   81.2  3.821  5.543 -104.4 -110.6
A  -51.6  -41.6  112.9 -175.0    nan    nan  1.080  105.1  3.804  5.259  -59.2  -62.6
K  -65.7  -39.6  111.5  178.2  -63.1    nan  1.056   96.0  3.827  5.428   66.0   79.5
G  -60.4  -46.9  113.7  173.2    nan    nan    nan   94.7  3.783    nan    nan   82.3
R  -64.5  -33.8  110.9 -179.5  -60.8    nan  1.049  100.3  3.803    nan    nan   77.5
E  -60.1  -47.5  113.8  174.9  -94.3    nan  1.071   94.5  3.825  5.485   74.0   88.9
R  -77.4  -32.0  111.9 -176.8  103.1    nan  1.082   89.5  3.788  5.103   45.3   67.6
A  -61.6  -46.2  109.9  173.8    nan    nan  1.031   96.5  3.842  5.601   76.6   87.7
I  -70.3  -35.1  113.6  175.6 -178.5   61.3  1.112   93.4  3.790  5.238   48.7   68.7
A  -72.9  -32.6  108.5 -179.1    nan    nan  1.021   94.8  3.812  5.483   67.8   80.1
K  -77.1  -20.8  110.9  179.6 -168.2    nan  1.029   94.9  3.802  5.290   60.0   76.6
D  -83.8  -52.6  113.5  179.3  -78.1    nan  1.061   75.6  3.843  5.464   61.6   82.2
L -101.3  -16.9  113.5 -170.7  -57.8    nan  1.081   72.5  3.844  4.849   20.4   45.0
G   90.6  -53.2  114.1  176.1    nan    nan    nan  108.7  3.804    nan    nan -115.0
A -140.9  106.2  107.3  174.3    nan    nan  1.003  113.4  3.785    nan    nan   -8.2
V -109.2  170.6  113.9  178.0  -52.1   71.5  1.100  112.7  3.809  6.041  173.4  176.3
F -132.7   92.8  109.5  170.9 -175.5    nan  1.049  106.1  3.785  5.429 -147.1 -142.3
L  -71.7  124.1  110.4 -176.4 -153.2    nan  1.026   95.6  3.783  6.035 -149.5 -159.9
V -105.0  152.3  109.5 -169.4  179.4  -58.2  1.003  112.3  3.814  5.937 -149.0 -158.1
G   76.8   47.1  114.1  170.1    nan    nan    nan   82.2  3.791    nan    nan   31.9
I  -92.2  120.2  109.7  179.5  -38.1 -160.6  1.017  108.1  3.801    nan    nan  135.4
G  126.0  -43.3  111.6 -179.4    nan    nan    nan   77.1  3.776    nan    nan   51.9
G  -70.7  153.0  111.7  173.5    nan    nan    nan   82.1  3.784    nan    nan   69.2
K  -81.6  124.6  111.4 -175.4 -112.1    nan  1.055  102.3  3.801    nan    nan -106.5
L  -79.6  168.0  111.7  180.0  -90.7    nan  1.050   84.2  3.799  5.818 -128.6 -139.5
S  -51.4  -11.0  115.8 -166.7   77.7    nan  1.109  123.2  3.833  5.324  -52.8  -54.7
D  -93.1 -152.7  110.9  165.9   44.4    nan  1.086   83.3  3.801  5.651   56.3   72.2
G  -98.5   21.0  110.1 -178.4    nan    nan    nan   89.1  3.797    nan    nan  -58.4
H -129.6  128.2  113.3 -169.6  -53.8    nan  1.065  129.4  3.774    nan    nan   83.2
R  -60.2  150.9  106.4  161.1  -26.0    nan  0.994   71.7  3.745  5.585 -107.3 -132.0
H  -58.4  -58.0  110.2  175.8  175.6    nan  1.013   91.6  3.798  5.402  -81.4  -91.4
D -144.3  149.3  105.9  166.0  169.1    nan  0.986  141.2  3.767  4.859  -42.3  -22.8
V  -51.7  150.8  113.4 -179.1  178.5  -58.2  1.063   67.1  3.820  5.485  -76.6  -83.8
R -152.6  158.1  113.7  174.1 -151.2    nan  1.096  153.2  3.808  5.587  172.9  174.6
A  -83.3  133.4  112.6 -179.6    nan    nan  1.051  101.4  3.806  5.410  -98.7 -105.6
P  -68.2  -17.9  114.7 -171.5   29.3    nan  1.011  103.6  3.820  5.583 -101.8 -113.1
D -113.8   15.4  119.8 -159.0   51.2    nan  1.174   74.5  3.787  4.829   35.5   75.8
Y -146.5  -13.8  112.9  172.4   51.7    nan  1.090   30.6  3.822  5.410   36.0   48.0
D -118.1  136.3  111.0 -179.1 -112.0    nan  1.033  124.0  3.796  5.230   38.0   55.8
D  -98.8  101.8  109.3  177.7 -170.1    nan  1.012  110.5  3.785  5.757 -139.8 -146.3
W -115.9   28.2  110.2  178.0   33.1    nan  1.021   76.2  3.783  5.944  166.7  162.6
S -131.6  -14.5  117.8 -177.9   31.0    nan  1.128   43.1  3.808  5.444   60.6   83.5
T  -82.1  122.1  112.7  175.2  -59.6 -179.6  1.043  104.5  3.867  5.706   75.3   87.1
P  -63.0  135.7  112.6 -178.5  -28.2    nan  0.986   85.1  3.854  5.703 -111.0 -124.3
S -105.5  172.3  111.8 -176.4   38.6    nan  1.042  108.2  3.794  5.862 -150.1 -150.5
E  -67.7    8.0  110.6  171.8   38.2    nan  1.043  114.9  3.803  5.184  -76.2  -77.0
L  -87.7  -28.5  108.3  176.5 -124.6    nan  0.982   83.4  3.821  5.793   90.2  101.6
G  129.9  -59.3  113.1 -174.2    nan    nan    nan   86.1  3.778    nan    nan  -80.3
H -106.2 -179.0  113.5 -173.1  -33.9    nan  1.065  105.8  3.807    nan    nan   32.3
A  -74.1  148.3  113.8 -171.4    nan    nan  1.075   88.3  3.786  5.070  -67.5  -63.4
G  118.4  133.8  115.5  174.6    nan    nan    nan   93.2  3.799    nan    nan   69.1
L -121.0   61.7  111.9  166.7  -93.1    nan  1.039   92.1  3.789    nan    nan -179.4
N -165.9 -175.5  109.9 -174.2   80.8    nan  1.052  163.9  3.828  5.408   73.5   75.6
G  155.1 -173.5  114.1  174.7    nan    nan    nan  157.0  3.794    nan    nan  154.8
D -117.4  147.3  110.8 -179.3  -53.4    nan  1.018  123.9  3.799    nan    nan -102.7
I  -80.2  127.1  109.2  161.5  -43.8 -166.3  1.023   98.9  3.763  5.573 -117.6 -124.6
L -128.0  130.2  106.1  174.7  -79.2    nan  0.969  124.4  3.786  5.807 -177.4  172.1
V -115.6  164.6  111.4  166.1  -69.9   52.4  1.052  120.3  3.782  5.831 -175.3 -173.4
W  -83.9  127.8  109.1  164.4 -170.9    nan  1.024  101.1  3.781  5.380 -104.1 -104.9
N  -99.9  112.3  109.5  174.1 -155.4    nan  1.029  111.7  3.802  5.879 -151.5 -158.0
P  -57.5  -36.3  114.9  173.9  -28.9    nan  1.023  102.8  3.837  5.741 -119.1 -135.1
V  -78.0  -42.2  110.7  178.3 -176.3  -53.9  1.031   85.5  3.823  5.329   50.8   72.8
L  -76.0  -13.3  112.2  177.3  -93.2    nan  1.054   98.7  3.813  5.233   50.9   68.1
E   48.1   34.6  110.0 -175.7  -47.2    nan  1.047  114.0  3.829  5.640 -146.3 -143.7
D -144.5  176.1  108.8 -179.5 -148.0    nan  0.999  145.6  3.807  5.511   62.4   71.8
A  -60.4 -178.4  109.9  164.9    nan    nan  1.030   59.9  3.808  5.117  -68.8  -69.0
F -159.5   99.8  111.7 -178.9 -163.0    nan  1.055  106.7  3.788  5.319 -158.9 -154.2
E  -66.9  131.1  109.8  174.1 -153.4    nan  1.033   88.7  3.784  6.011 -141.7 -156.2
L -136.2  -19.2  115.4 -167.9 -142.9    nan  1.083   38.8  3.804  5.717 -175.7  178.9
S -163.2  161.1  112.2  178.3  174.7    nan  1.047  160.3  3.842  4.906  -14.6    1.2
S -140.5   95.8  112.4 -179.1  -93.5    nan  1.054  108.6  3.823  5.526 -158.2 -158.6
M -122.4  159.2  115.2 -175.8   32.9    nan  1.090  129.0  3.800  5.884  155.6  154.7
G -161.2  165.7  113.0  171.1    nan    nan    nan  161.5  3.790    nan    nan  173.8
I  -74.6  118.9  106.4  160.8  -69.4  168.4  0.989   96.4  3.758    nan    nan  -97.7
R  -73.7  142.7  111.0 -163.7  -36.7    nan  1.071   89.2  3.768  5.980 -126.8 -124.6
V  -37.6  148.9  112.8  177.5  105.6 -129.5  1.061   56.2  3.793  5.301  -64.9  -82.7
D -118.2 -172.6  111.7  169.9   75.2    nan  1.118  115.2  3.817  5.768 -161.6 -152.8
A  -59.5  -28.9  113.4 -169.3    nan    nan  1.078  106.2  3.814  5.098  -40.4  -40.2
D  -96.4  -38.1  111.6 -173.7  -82.6    nan  1.034   71.8  3.808  5.166   48.7   67.8
T  -69.9  -34.3  109.2  176.9  -46.8 -166.3  1.027   96.3  3.782  5.317   62.4   76.6
L  -58.7  -62.7  110.3  173.2 -151.9    nan  1.031   88.5  3.815  5.501   77.0   87.5
K  -55.2  -24.3  111.7 -179.0  -65.1    nan  1.046  113.3  3.820  5.137   58.8   71.5
H  -78.9  -58.2  112.4  175.9 -176.0    nan  1.078   77.5  3.811  5.474   62.8   81.2
Q  -62.3  -44.7  109.7 -173.8  -74.7    nan  1.018   96.9  3.816  5.130   60.4   73.3
L  -52.5  -36.6  111.0  175.7 -129.1    nan  1.033  108.6  3.802  5.323   74.6   85.8
A  -67.6  -37.2  110.7  176.0    nan    nan  1.045   96.1  3.802  5.361   64.6   79.7
L  -71.5  -52.9  114.5  179.7  -58.9    nan  1.074   83.0  3.814  5.317   61.2   79.0
T  -69.2  -14.4  111.0  173.7   65.2  -56.5  1.063  105.1  3.828  5.314   49.4   62.7
G   82.0   37.8  112.9  172.7    nan    nan    nan   82.7  3.812    nan    nan -123.2
D -124.4   42.3  111.0 -172.2  -64.8    nan  1.032   77.4  3.791    nan    nan  100.8
E  -74.5   15.9  111.4 -180.0  -33.4    nan  1.039  110.7  3.792  6.086  142.0  149.7
D  -85.1  -26.3  111.2  171.0   44.5    nan  1.079   85.2  3.806  5.905   93.2  108.5
R  -65.3   -9.0  112.6  176.0  -65.5    nan  1.073  110.9  3.823  5.618   77.9   92.0
L  -56.9  -31.2  112.5  169.7 -102.5    nan  1.068  107.5  3.769  5.788  101.1  110.9
E  -76.6  -38.9  113.0  179.0    3.2    nan  1.083   86.7  3.862  5.523   60.7   79.8
L  -48.7  148.5  112.9 -179.2  -71.3    nan  1.056   65.8  3.822  5.471   90.1   99.9
E  -57.2  -47.3  111.9 -177.4  152.6    nan  1.041   97.9  3.832  5.473  -78.9  -91.1
W  -59.3  -35.5  111.5 -170.2 -171.8    nan  1.046  103.4  3.807  5.212   72.4   89.3
H  -83.3  -29.1  111.8 -173.1  -52.0    nan  1.071   85.5  3.789  5.130   52.0   74.9
Q  -64.0  -49.3  108.3  167.5  -52.0    nan  0.994   94.1  3.798  5.612   75.8   83.0
A  -52.0  -44.9  110.6 -179.8    nan    nan  1.040  103.9  3.806  5.261   72.9   85.3
L  -64.8  -51.9  112.9  177.3 -166.8    nan  1.045   89.2  3.806  5.284   62.9   76.1
L  -58.5  -34.8  110.7 -180.0 -103.4    nan  1.028  104.9  3.804  5.147   65.6   77.9
R  -85.1   -2.3  113.1 -178.7  -56.1    nan  1.068   93.9  3.840  5.237   48.1   69.4
G   91.6    6.0  116.5  171.2    nan    nan    nan   85.7  3.804    nan    nan -105.1
E  -76.1  -12.1  115.1 -169.3  -51.7    nan  1.091   98.6  3.804    nan    nan  124.0
M -110.6  156.9  110.8  176.2  -76.7    nan  1.028  117.0  3.841  5.403   44.4   61.8
P  -78.4 -167.8  113.6  179.0   30.8    nan  1.001   73.8  3.826  5.447  -98.3  -99.7
Q -108.2  130.6  103.7  167.3  165.3    nan  0.965  112.0  3.784  5.277 -107.7  -93.5
T -139.6  168.6  109.5 -164.8   42.2  -78.1  0.995  142.1  3.755  5.732 -174.2  176.6
I -131.2  121.2  109.2  170.2  177.6   54.5  1.015  123.5  3.776  5.441 -151.0 -143.7
G -135.7  176.7  114.5 -178.8    nan    nan    nan  137.0  3.768    nan    nan  165.9
G  174.1 -173.6  107.5  168.9    nan    nan    nan  172.7  3.752    nan    nan  167.3
G -132.8  139.8  110.4  177.0    nan    nan    nan  133.2  3.767    nan    nan -120.1
I -105.1  127.6  110.4  165.3  -46.6 -167.5  1.027  115.2  3.766    nan    nan -155.5
G  -61.9  121.8  112.2  173.7    nan    nan    nan   92.0  3.807    nan    nan -122.4
Q  -66.5  -48.4  110.3  176.4  -43.5    nan  1.034   91.6  3.813    nan    nan -132.2
S  -69.2  -34.3  113.1  179.0  -78.5    nan  1.062   95.0  3.839  5.225   54.3   70.1
R  -74.8  -24.6  112.0  177.8 -108.9    nan  1.064   95.1  3.806  5.331   60.5   77.3
L  -83.5  -38.3  111.7  172.6 -179.2    nan  1.066   82.0  3.819  5.503   55.8   73.8
T  -60.6  -46.9  109.4  176.6  -14.4 -132.4  1.060   97.1  3.829  5.589   73.5   85.0
M  -69.3  -34.7  111.8 -172.8  110.7    nan  1.063   95.4  3.819  5.242   61.7   77.7
L  -69.4  -38.4  108.0 -177.6 -174.6    nan  0.998   95.5  3.801  5.355   70.8   84.1
L  -88.7  -23.8  113.6 -175.2 -110.9    nan  1.063   81.9  3.813  5.103   41.5   64.9
L  -91.5    0.0  110.2  173.9  -70.5    nan  1.044   88.5  3.809  5.391   49.4   67.7
Q   62.0   38.2  112.2  174.2 -104.5    nan  1.058   99.4  3.812  5.533 -128.0 -126.8
L  -98.0  129.6  114.5 -177.2  -64.9    nan  1.086  113.9  3.820  5.928  110.7  126.1
P  -65.9   -6.8  116.4 -171.1   21.4    nan  1.039  110.9  3.847  5.633 -101.9 -115.5
H -154.6  128.2  111.8 -172.5 -148.1    nan  1.040  133.1  3.825  4.882    6.5   27.2
I  -55.5  -34.5  111.1  177.7 -172.1   65.2  1.034  107.4  3.822  5.710  -98.6 -114.7
G  -54.7  -26.0  114.5  178.8    nan    nan    nan  111.8  3.782    nan    nan   96.6
Q  -81.1  -16.7  113.3 -176.3  -65.3    nan  1.056   92.1  3.817    nan    nan   84.2
V -109.1   -6.7  111.2  174.5  -66.4   56.6  1.048   68.6  3.806  5.346   39.3   58.2
Q -138.4  128.6  110.4 -170.5 -174.2    nan  1.018  130.4  3.791  4.926   29.7   45.9
A  -82.2   89.3  112.1 -178.7    nan    nan  1.058  112.0  3.818  5.858 -130.7 -135.4
G -124.8 -171.7  112.7 -176.2    nan    nan    nan  121.2  3.802    nan    nan  145.9
V -110.6  125.7  113.3 -179.7  -58.4   63.5  1.116  120.4  3.808    nan    nan  -92.6
W -116.8  163.2  113.3 -176.4  -55.7    nan  1.059  122.2  3.790  5.795 -160.9 -173.3
P  -75.7  158.3  115.0  167.0  -25.5    nan  1.018   85.5  3.819  5.284  -95.3  -96.4
A  -53.5  -43.4  114.0 -178.1    nan    nan  1.069  102.0  3.802  5.384  -72.0  -76.5
A  -59.7  -33.6  112.0 -177.2    nan    nan  1.057  103.9  3.820  5.316   72.2   87.4
V  -89.9  -30.9  110.4 -179.2   23.2  147.7  1.089   79.8  3.801  5.269   42.2   65.4
R  -60.9  -23.1  107.5  172.4 -107.2    nan  0.983  110.1  3.781  5.596   81.8   87.6
E  -94.6  -31.5  112.0 -173.8  -82.4    nan  1.038   74.7  3.822  5.231   51.5   73.6
S -100.5  -20.5  112.5 -169.1  -64.4    nan  1.058   72.4  3.800  5.001   41.9   65.1
V -113.6  131.5  110.5  174.0 -168.4  -45.5  1.017  120.4  3.811  5.305   31.7   49.3
P  -95.9  146.8  114.9  170.6   37.9    nan  0.994  108.4  3.853  5.694 -143.4 -152.4
S   85.6   27.8  115.1  172.8  -58.4    nan  1.116   82.6  3.822  4.733   47.6   33.4
L  -69.9  121.3  108.8  178.5  -62.5    nan  1.018   94.6  3.802  6.085  135.3  138.2
L  131.1    nan  112.4  166.8  -99.5    nan  1.086    nan  3.828  5.046   69.2   51.1
