Id   phi    psi    tau  omega    chi    chi2  solid    eta  CA-CA  CB-CB  BA^AB  NA^AC
K    nan  147.7  108.4    nan  173.5    nan  1.042    nan    nan    nan    nan    nan
E  -76.3  137.8  105.5  175.8  177.4    nan  0.948   89.9  3.819  5.588 -101.6 -112.5
S  -74.9  157.3  108.3 -177.9   67.6    nan  1.018   82.9  3.807  5.837 -119.2 -114.5
A  -57.4  -27.8  111.9  175.5    nan    nan  1.036  109.2  3.795  5.350  -75.4  -83.3
A  -75.4  -44.0  110.9 -179.0    nan    nan  1.013   86.7  3.794  5.434   70.3   85.1
A  -67.5  -39.3  107.6 -177.6    nan    nan  0.991   96.8  3.816  5.245   65.4   77.3
K  -58.2  -36.2  112.2  175.8  176.9    nan  1.104  103.6  3.797  5.279   68.3   85.0
F  -70.8  -38.9  111.3  176.7  169.2    nan  1.067   92.2  3.803  5.503   64.1   78.4
E  -65.6  -42.7  109.3 -179.7  -74.1    nan  0.999   95.6  3.816  5.438   73.8   82.5
R  -58.3  -48.3  109.7  176.1  177.6    nan  1.014   97.8  3.806  5.344   73.6   82.2
Q  -84.9  -11.8  116.9 -175.3  -60.1    nan  1.117   89.7  3.800  5.050   37.7   61.8
H -140.8   -8.6  114.6 -172.0  -64.0    nan  1.029   36.3  3.797  4.893   27.9   42.1
M -104.5  129.0  110.8 -175.9  -72.8    nan  1.006  115.1  3.758  5.268   57.5   78.3
D -148.8   77.6  108.4  169.3 -179.0    nan  1.036   88.6  3.795  5.653  152.4  150.3
S  -76.7  133.9  112.8 -172.1  -34.1    nan  1.035   96.4  3.787  6.178 -171.6 -173.8
G  154.8  166.1  113.9 -175.8    nan    nan    nan  146.7  3.799    nan    nan   96.9
N  -72.6  -44.4  115.7 -175.6 -150.1    nan  1.061   85.6  3.797    nan    nan  -83.5
S -147.5   76.6  112.8  179.7  -69.1    nan  1.049   90.4  3.850  4.813  -22.6   -2.7
P  -67.2  -20.3  117.0 -177.4   25.2    nan  1.044  102.6  3.823  6.027 -166.0 -170.3
S  -91.5   17.8  111.6  178.9   72.0    nan  1.115   95.0  3.830  5.444   45.8   76.0
S  -75.3  135.6  114.8  178.4 -175.0    nan  1.091   95.9  3.822  5.999  116.0  125.5
S  -40.3  -42.8  113.0  178.1   55.7    nan  0.996  112.8  3.793  5.314  -67.1  -95.8
S  -60.6  -16.9  112.9 -176.8  -39.1    nan  1.012  111.8  3.784  5.183   74.2   87.5
N  -86.7   -2.3  116.2  178.6  -90.9    nan  1.026   92.3  3.803  5.374   65.6   84.1
Y  -50.6  -51.4  113.5 -176.9  176.3    nan  1.089   99.0  3.813  5.818  115.9  133.9
C  -65.8  -40.7  111.8 -175.0  -78.0    nan  1.018   95.2  3.802  5.249   61.8   76.4
N  -54.8  -51.2  109.9  179.2  -76.7    nan  1.016   98.3  3.783  5.319   76.8   90.5
L  -71.8  -34.7  113.8  179.7  -73.7    nan  1.064   92.2  3.794  5.212   47.9   66.4
M  -76.1  -39.6  111.1 -174.8  -99.7    nan  1.026   87.8  3.813  5.345   66.9   82.1
M  -59.5  -38.1  107.3  178.6  -71.8    nan  1.048  104.0  3.751  5.278   70.4   86.0
C  -70.1  -51.8  110.4  178.5  174.1    nan  1.009   87.3  3.817  5.410   63.4   77.0
C  -56.4  -42.8  113.4 -179.8  168.2    nan  1.042  100.5  3.809  5.206   65.4   80.2
R  -85.8    6.4  114.0 -174.7  -61.1    nan  1.110   96.7  3.811  5.111   38.4   66.1
K   72.4   35.3  116.2  170.4  -54.5    nan  1.109   90.2  3.789  5.435 -112.5 -115.7
M -108.1   16.0  110.9  177.1  -78.5    nan  1.019   78.2  3.791  5.866  100.7  107.9
T -114.6   14.7  111.5  173.4   56.3  -66.7  1.072   71.5  3.811  5.667   62.0   81.3
Q  -99.3  118.1  112.5 -177.2  -57.2    nan  1.007  114.2  3.853  5.843   93.9  102.8
G   91.6  -36.0  107.9  176.2    nan    nan    nan   99.1  3.791    nan    nan   13.2
K -166.5  162.7  109.6  177.8 -174.2    nan  0.996  162.1  3.800    nan    nan  -19.6
C  -89.4  123.8  108.0  175.0  -54.8    nan  1.014  104.6  3.824  5.573 -110.2 -106.7
K  -70.0  124.9  106.8  173.9 -171.7    nan  0.978   91.6  3.856  5.832 -119.4 -132.6
P  -61.5  -45.5  115.0 -175.8   -0.2    nan  1.046   94.0  3.787  5.705 -111.5 -115.0
V -135.4  130.2  109.8 -171.1 -173.4  -55.8  0.991  129.9  3.818  4.758   -6.1   14.8
N -154.4  135.4  109.9  175.8 -168.1    nan  1.039  138.2  3.803  5.599  152.1  150.9
T -108.0  134.8  110.7 -179.5  -54.4 -169.1  1.020  117.2  3.819  5.800 -147.4 -153.5
F -105.3  140.5  107.6  173.7  -72.5    nan  1.022  112.9  3.778  5.829 -153.8 -155.0
V -108.1  129.6  111.8  178.4 -174.3  -58.0  0.990  118.0  3.849  5.718 -141.7 -149.0
H -100.0    1.1  117.0 -176.1  -47.8    nan  1.099   80.6  3.824  5.925 -151.7 -148.1
E  -74.9  161.0  109.1  174.1  -60.4    nan  0.982   81.7  3.828  5.811  100.8  105.2
S  -57.7  157.2  113.9  175.5   63.9    nan  1.046   68.9  3.808  5.389  -75.3  -77.8
L  -61.4  -33.3  110.7  177.5  175.5    nan  0.976  103.3  3.808  5.208  -75.8  -87.9
A  -68.7  -40.9  110.6 -178.8    nan    nan  1.012   93.5  3.788  5.238   67.0   85.7
D  -63.2  -34.6  113.0  175.1  -74.3    nan  1.088  100.0  3.808  5.397   61.7   79.7
V  -79.6  -34.3  108.8 -176.8  172.7  -66.9  1.031   88.3  3.796  5.299   58.8   76.3
K  -68.3  -27.6  109.8 -179.8  -62.0    nan  1.054  100.5  3.789  5.482   65.5   84.6
A  -68.7  -28.2  112.5 -177.2    nan    nan  1.044   98.7  3.806  5.477   77.3   92.8
V  -51.0  -29.9  112.5  176.2 -179.5  -59.7  1.057  113.4  3.809  5.614   92.5  103.7
C  -64.9   -3.2  113.6  178.7  -71.6    nan  1.020  113.8  3.808  5.493   80.3   91.6
S -115.8    8.7  112.0  176.7  -85.2    nan  0.946   67.7  3.835  5.418   53.0   64.9
Q -105.3 -137.1  112.3 -173.4  -58.9    nan  1.116   86.8  3.786  5.282   64.5   94.8
K  -77.6  114.6  115.7 -169.5 -173.9    nan  1.051  107.2  3.787  4.896  -27.2  -13.8
K  -69.6  125.6  113.4  178.8 -164.6    nan  1.030   95.8  3.811  5.898 -128.3 -140.8
V -134.2  164.8  108.7  180.0  -64.1   56.5  1.058  137.1  3.827  5.803  170.1  167.0
T  -84.4  142.5  108.3  177.5  -52.0 -167.8  0.988   96.5  3.836  5.451  -92.4  -98.7
C  -73.2  154.3  112.4  178.2  -52.5    nan  1.027   84.1  3.808  5.594 -107.0 -112.7
K  -50.6  -35.3  112.3  175.1  -62.4    nan  1.012  110.4  3.839  5.399  -68.0  -80.1
N  -88.5    7.9  112.9 -176.1   61.7    nan  1.056   94.5  3.839  5.068   47.8   68.5
G   92.4   -1.8  114.9  170.7    nan    nan    nan   88.4  3.803    nan    nan  -94.1
Q  -75.5  164.5  108.0  176.5  -76.9    nan  1.033   80.7  3.787    nan    nan  104.3
T -118.1    9.2  114.0 -168.1   47.2  -72.9  1.090   65.9  3.780  5.440 -129.3 -123.2
N  -96.0   32.9  113.3  179.5   59.5    nan  1.076   97.2  3.800  5.682   77.6   98.8
C -104.0  150.7  110.5  178.0  -73.7    nan  1.027  112.1  3.800  5.893   99.1  111.7
Y -133.4  133.4  110.7 -176.4  -63.1    nan  1.001  131.2  3.802  5.595 -154.5 -164.2
Q  -97.1  145.1  109.7  177.2  177.9    nan  0.993  107.0  3.782  5.763 -142.1 -147.9
S  -79.2  144.0  111.9 -179.3   73.4    nan  1.089   93.7  3.813  5.740 -116.2 -114.4
K  -68.7  -41.1  110.1  179.9  -58.4    nan  0.990   93.6  3.820  5.573  -89.9 -108.1
S -104.5  159.6  110.2 -176.9  -54.1    nan  0.983  110.5  3.773  4.866   29.4   45.3
T  -76.0  139.7  108.8  173.4   69.5  -52.3  1.044   91.0  3.813  5.447  -96.8 -100.7
M -118.7  155.4  110.9 -179.6  -59.7    nan  1.010  124.5  3.811  5.617 -154.0 -157.8
R  -78.2  117.1  109.0  171.8  -87.4    nan  1.014  101.0  3.797  5.505 -104.1 -108.0
I -132.1  163.3  111.6 -179.8   55.6  -66.2  1.004  136.1  3.815  5.898  171.8  161.7
T -127.8  130.3  109.8  169.9  -62.1  178.7  1.013  126.8  3.803  5.483 -151.2 -146.1
D  -96.0  128.1  110.4  178.2  -90.8    nan  1.021  109.7  3.794  5.812 -140.5 -149.8
C -114.1  107.7  108.9  176.4  -58.7    nan  1.066  113.9  3.817  5.793 -167.5 -172.0
R -117.6  128.4  111.1 -179.4  -64.6    nan  1.016  122.6  3.796  5.962 -178.7  167.1
E  -60.9  132.9  111.2 -178.0 -161.8    nan  0.985   84.2  3.807  5.600 -100.5 -116.2
T  -84.1  178.6  113.4 -176.2   70.9  -49.0  1.076   84.6  3.799  5.836 -131.1 -130.4
G  -60.1  -53.2  113.7  178.6    nan    nan    nan   91.2  3.811    nan    nan  -58.4
S  -67.2   -3.8  116.0  178.9   49.2    nan  1.022  111.1  3.812    nan    nan   68.3
S  -77.4  132.9  110.8 -172.3  179.6    nan  1.050   96.0  3.826  5.631   90.4  110.8
K -150.4  116.6  109.4 -174.7 -156.3    nan  0.959  122.4  3.794  5.622  176.0  159.5
Y  -51.6  137.8  108.6 -179.8 -171.3    nan  1.044   73.0  3.816  5.934 -113.4 -118.4
P -100.0   27.4  112.6   -2.8   30.6    nan  1.017   91.1  2.813  4.463   21.0   20.6
N  -92.8   77.4  105.9  171.3  -68.1    nan  1.013  104.9  3.803  6.004   97.4  110.7
C  -77.9  120.0  112.1 -179.1  -68.7    nan  0.988  102.3  3.834  6.104 -171.2 -179.5
A -126.8  148.0  110.4 -178.2    nan    nan  1.024  131.0  3.799  5.852  172.9  172.1
Y -140.3  145.0  110.9 -170.3  -70.5    nan  0.945  139.5  3.765  5.540 -156.6 -170.2
K  -88.2  139.8  106.2  170.8  174.0    nan  0.975   99.0  3.776  5.575 -130.5 -130.1
T -101.1  118.6  110.1  178.9  -71.7  169.0  1.024  112.8  3.826  5.822 -141.1 -143.1
T -123.4  116.2  111.8  175.9  -52.9 -174.4  1.027  121.5  3.825  5.981  176.0  171.5
Q  -98.5  124.0  109.0  175.6  -42.2    nan  1.011  110.5  3.828  5.902 -158.9 -168.8
V -140.7  162.6  111.7  178.0  -93.8   31.2  1.033  143.9  3.809  5.849  170.3  155.9
E -114.4  113.9  109.2  171.2 -139.0    nan  1.000  116.2  3.812  5.304 -134.7 -134.7
K -147.8  171.4  111.2 -175.0  -67.7    nan  0.997  149.9  3.810  5.831  151.2  146.8
H  -78.9  146.1  106.2  173.8  -64.7    nan  0.957   89.7  3.796  5.287  -86.5  -87.5
I -109.2  153.8  109.8  177.6   62.4  -59.4  1.010  115.9  3.816  5.773 -145.2 -142.9
I -120.7  128.8  108.0  170.5  -59.7 -179.8  1.004  121.8  3.783  5.580 -152.8 -151.3
V -125.2  155.4  107.2 -178.4  -62.1   58.0  1.023  128.7  3.814  5.922 -175.0 -177.5
A  -94.7  151.5  105.4  166.8    nan    nan  1.019  101.5  3.796  5.606 -126.2 -124.9
C -128.2  152.1  109.9 -177.9  -63.2    nan  0.998  132.2  3.828  5.657 -150.0 -154.3
G -171.8  169.3  109.5 -173.2    nan    nan    nan  168.9  3.784    nan    nan  158.6
G   85.4 -177.0  111.8 -175.5    nan    nan    nan   86.5  3.780    nan    nan   69.2
K -137.5  106.1  106.8  178.1  178.3    nan  0.967  113.1  3.816    nan    nan -130.4
P  -77.9  151.4  118.7    1.9   36.9    nan  0.958   92.4  2.832  5.467   54.7   25.2
S  -58.7  110.8  115.7 -178.1 -162.9    nan  1.024   99.3  3.798  5.411  -87.2  -90.6
V -129.1  170.1  111.2  177.3  -59.6   58.2  1.071  132.1  3.845  5.914  156.3  155.4
P  -65.8  135.6  110.0 -176.7  -18.4    nan  0.994   85.7  3.827  5.158  -67.2  -72.0
V -132.9    1.8  111.3 -179.5  -69.5   55.3  1.039   47.8  3.781  5.848 -177.6 -179.0
H -171.1  134.8  108.7 -173.7  156.0    nan  1.020  137.0  3.796  4.782    6.0   15.1
F  -93.3  116.6  108.3  172.5 -163.2    nan  1.004  107.8  3.809  5.805 -136.4 -145.8
D  -92.4  -38.8  115.9 -178.6 -152.3    nan  1.066   72.2  3.832  5.914 -153.2 -154.2
A  178.0  174.7  111.2 -174.3    nan    nan  0.967  173.8  3.799  4.531  -39.3  -34.5
S -135.4  148.8  107.3  176.6   68.0    nan  1.063  135.8  3.802  5.386 -151.3 -139.3
V -136.8    nan  111.0 -178.1  -59.3   56.5  1.011    nan  3.829  5.683 -159.9 -166.2
