Id   phi    psi    tau  omega    chi    chi2  solid    eta  CA-CA  CB-CB  BA^AB  NA^AC
K    nan  120.5  110.0    nan  146.1    nan  1.060    nan    nan    nan    nan    nan
E  -73.2  129.0  112.7 -174.6 -144.2    nan  1.004   96.1  3.814  5.833 -117.2 -132.9
S  -71.1  153.2  108.1  179.8   67.8    nan  1.054   81.0  3.801  5.793 -122.3 -127.3
A  -57.4  -34.2  110.9  176.9    nan    nan  1.016  106.1  3.804  5.371  -73.6  -88.2
A  -69.2  -49.9  113.2  178.8    nan    nan  1.038   87.0  3.803  5.333   68.7   83.3
A  -60.2  -40.1  111.9  177.4    nan    nan  0.965   99.9  3.801  5.185   68.8   76.6
K  -55.9  -46.2  112.0  174.7 -177.3    nan  1.041   99.4  3.792  5.260   70.1   87.0
F  -58.4  -44.1  111.5  177.7  175.8    nan  1.077   99.1  3.798  5.373   65.8   81.5
E  -61.1  -48.4  112.2  178.0  -68.0    nan  1.021   94.2  3.805  5.362   71.4   80.9
R  -55.5  -48.0  113.1  174.0  177.3    nan  1.009   97.9  3.800  5.342   71.2   79.8
Q  -78.8  -22.6  117.3 -178.5  -53.7    nan  1.161   90.4  3.809  5.042   38.7   66.0
H -134.1   -4.5  117.3 -173.7  -63.1    nan  0.990   43.9  3.811  4.968   27.3   40.6
M -101.0  118.9  114.4 -177.8  -67.3    nan  1.045  116.6  3.788  5.329   61.5   84.6
D -139.3   67.7  108.8  171.6 -174.5    nan  1.085   84.7  3.772  5.742  151.9  149.4
S  -60.8  129.5  111.4 -175.4  -57.0    nan  1.020   86.4  3.805  6.169 -162.7 -171.1
G  160.0  173.6  110.9  178.8    nan    nan    nan  156.9  3.775    nan    nan   97.4
N  -96.8  -36.6  113.7 -172.5 -103.2    nan  1.069   70.5  3.762    nan    nan  -93.8
S -135.7   75.4  109.0  175.6   30.7    nan  1.086   92.2  3.784  4.907  -10.0   14.6
P  -63.5  -24.6  116.0 -178.7   -1.6    nan  1.068  104.0  3.795  6.015 -163.1 -167.8
S -105.0   19.9  113.4 -179.0   67.0    nan  1.029   83.6  3.854  5.370   36.1   61.9
S  -63.6  129.6  109.9  178.0 -174.4    nan  0.984   87.2  3.828  5.990  131.2  136.5
S  -44.1  -35.4  111.4  175.2   80.4    nan  1.001  116.0  3.816  5.542  -87.3 -103.5
S  -65.9   -6.9  113.8 -179.9   82.2    nan  1.098  111.2  3.805  5.352   65.2   87.0
N  -95.2    1.2  113.0  174.8  -84.8    nan  1.023   85.2  3.815  5.673   68.7   80.7
Y  -45.9  -52.6  112.2  177.8  178.7    nan  1.039  101.9  3.831  5.887  130.0  136.7
C  -67.4  -38.2  113.3 -175.8  -72.9    nan  1.103   94.4  3.819  5.209   51.0   73.1
N  -64.6  -36.3  110.0 -178.4  -64.8    nan  1.033   99.4  3.800  5.458   74.6   86.2
L  -76.3  -46.3  111.8 -177.6  -69.6    nan  1.020   84.4  3.790  5.316   61.9   77.2
M  -62.0  -51.6  110.7 -179.7  -93.7    nan  1.051   92.7  3.831  5.149   64.4   79.3
M  -56.4  -29.6  113.1  177.1  -62.1    nan  1.090  108.7  3.801  5.321   63.4   77.7
C  -80.5  -48.5  108.4  178.9  175.1    nan  1.004   82.9  3.812  5.458   64.9   76.2
C  -55.2  -45.9  111.3 -179.7  175.8    nan  1.036  100.5  3.796  5.227   70.3   83.5
R  -83.1   11.7  114.2 -172.9  -57.0    nan  1.137  101.5  3.841  5.064   37.8   66.5
K   67.5   32.3  114.8  171.3  -50.6    nan  1.109   96.7  3.760  5.441 -112.0 -113.7
M -103.8   19.9  114.5  178.4  -73.3    nan  1.075   85.0  3.808  5.918   98.6  111.7
T -127.4   27.9  112.2  178.3   61.4  -59.1  1.080   66.7  3.830  5.548   59.3   74.8
Q -103.4  123.5  112.7  177.8  -51.0    nan  0.960  116.2  3.826  5.928  104.1  106.6
G   86.2  -38.6  111.1  177.3    nan    nan    nan  106.0  3.829    nan    nan   14.0
K -161.2  163.8  105.7 -176.0 -144.1    nan  0.906  159.0  3.798    nan    nan  -12.6
C  -98.1  120.5  109.4  174.0  -50.9    nan  1.011  110.8  3.800  5.517 -122.2 -114.0
K  -66.6  126.3  107.7  177.2 -162.5    nan  0.985   89.4  3.835  5.818 -117.7 -131.9
P  -71.8  -42.4  115.6 -170.5  -17.3    nan  1.005   87.3  3.792  5.727 -113.4 -120.4
V -130.5  141.1  109.0 -179.4 -163.8  -44.0  1.008  131.4  3.806  4.788   -6.8   16.8
N -163.4  127.0  108.7  176.7 -173.6    nan  1.079  130.5  3.796  5.531  152.1  153.5
T -108.2  136.0  111.4 -176.8  -45.3 -166.0  1.038  117.8  3.793  5.838 -152.9 -159.5
F -107.3  139.9  106.7  177.4  -69.8    nan  1.034  113.8  3.780  5.845 -151.2 -155.9
V -110.9  131.5  109.2 -177.4 -176.4  -57.9  1.022  117.8  3.794  5.737 -144.7 -149.9
H -100.0   -3.5  113.3 -173.3  -57.1    nan  1.064   78.6  3.786  5.863 -145.1 -143.2
E  -70.4  166.9  110.6  173.9  -56.0    nan  0.990   75.5  3.821  5.806   98.1  106.1
S  -71.0  163.6  110.7 -178.7   65.7    nan  1.003   77.4  3.813  5.395  -80.7  -81.0
L  -62.8  -38.0  113.0 -178.4 -164.9    nan  1.032   98.4  3.791  5.250  -74.6  -77.4
A  -63.8  -40.7  110.4  179.5    nan    nan  1.026   97.5  3.803  5.343   70.6   85.2
D  -64.3  -30.7  110.4  177.9  -71.4    nan  1.081  102.3  3.801  5.392   64.6   80.5
V  -81.7  -39.4  111.5  179.3  178.4  -62.2  1.067   83.2  3.805  5.357   58.5   75.1
K  -61.5  -35.9  110.7 -179.3  -81.9    nan  0.964  101.8  3.848  5.436   78.2   86.6
A  -59.4  -23.7  113.2  176.8    nan    nan  0.989  109.3  3.782  5.187   76.3   88.4
V  -66.0  -21.1  109.2 -177.3  171.2  -69.8  1.034  105.8  3.807  5.472   79.6   98.7
C  -71.9   -1.9  112.2 -177.9  -69.9    nan  1.026  107.4  3.791  5.511   78.9   95.1
S -118.8   15.0  111.5  177.4  -54.2    nan  0.948   67.5  3.843  5.407   52.0   62.4
Q -107.0 -144.8  113.2 -179.6  -65.8    nan  1.129   91.3  3.820  5.409   64.7   94.6
K  -68.1  113.8  115.3 -175.2 -172.0    nan  1.073  102.3  3.841  4.939  -28.2  -17.7
K  -74.6  132.9  109.0  179.0 -151.6    nan  1.024   92.8  3.807  5.991 -132.8 -147.9
V -142.2  163.8  107.9 -176.0  -68.4   52.6  1.051  144.2  3.824  5.764  175.0  169.4
T  -84.3  145.1  107.9 -178.4  -40.9 -157.6  1.062   95.3  3.796  5.485  -98.8  -97.1
C  -77.3  161.9  109.3  178.2  -55.2    nan  0.995   83.7  3.798  5.599 -103.3 -113.6
K  -67.0  -25.2  110.4  179.9  -72.8    nan  1.072  102.6  3.807  5.497  -87.0  -83.2
N  -88.4   10.5  112.9  179.3   59.4    nan  1.083   95.6  3.823  5.443   53.3   75.1
G   94.5   -8.7  115.8  177.1    nan    nan    nan   89.3  3.830    nan    nan  -85.5
Q  -68.3  162.8  109.7  176.1  -71.4    nan  1.093   74.9  3.823    nan    nan  104.9
T -117.0    1.1  113.2 -169.7   36.5  -80.9  1.105   63.5  3.796  5.528 -129.3 -124.6
N  -87.9   35.4  117.1 -179.9   62.6    nan  1.090  107.1  3.768  5.697   80.7  100.7
C -107.8  148.3  110.7 -178.5  -73.9    nan  1.054  115.9  3.817  5.805  100.7  111.4
Y -136.1  143.0  108.2 -175.4  -64.2    nan  0.978  134.9  3.773  5.623 -156.4 -169.4
Q -111.8  127.1  110.5 -178.5  176.4    nan  0.987  118.9  3.791  5.664 -144.4 -149.7
S  -57.4  145.4  111.6  177.2   65.1    nan  1.072   74.5  3.793  5.793 -109.6 -116.2
K  -75.6  -35.1  109.3 -177.2 -156.1    nan  0.899   91.2  3.799  5.433  -89.1 -113.3
S -108.6  160.1  111.9 -179.9  -55.4    nan  0.963  114.9  3.770  4.732   26.0   43.4
T  -75.9  154.4  108.1  174.7   55.0  -67.8  1.007   84.8  3.799  5.480  -96.4  -98.6
M -132.7  147.9  113.1  178.6  -70.6    nan  1.004  136.7  3.792  5.509 -154.7 -157.4
R  -71.5  113.0  113.2  172.2  -77.0    nan  1.022  102.7  3.805  5.476 -101.6 -111.9
I -139.6  165.7  111.4 -178.6   52.1  -69.6  0.967  142.8  3.761  5.785  162.5  148.5
T -129.8  125.3  109.0  177.0  -63.4  175.1  0.974  125.0  3.796  5.466 -145.2 -144.4
D  -93.2  130.1  110.3  177.4  -86.7    nan  1.021  107.5  3.795  5.835 -146.9 -152.0
C -112.1  110.8  108.3  176.2  -58.7    nan  0.997  113.9  3.826  5.863 -159.0 -167.1
R -120.3  132.7  108.7 -179.4  -35.6    nan  1.005  123.0  3.776  5.801  171.5  170.6
E  -55.2  139.7  110.9  178.8 -132.8    nan  0.955   75.8  3.792  5.589  -89.4 -107.0
T  -87.1  169.9  110.6  176.9   57.0  -61.3  1.023   90.7  3.824  5.742 -130.8 -130.8
G  -63.0  -33.4  113.6  177.7    nan    nan    nan  100.5  3.824    nan    nan  -71.7
S  -70.3  -20.7  113.1 -179.4  -18.1    nan  0.965  100.6  3.801    nan    nan   84.1
S  -66.6  129.6  111.7 -173.9 -170.0    nan  1.022   90.5  3.799  5.313   83.1  103.6
K -153.8  117.0  110.2  176.7  -76.2    nan  1.032  122.9  3.822  5.778  155.5  148.8
Y  -53.1  140.2  107.8 -174.1  179.9    nan  0.973   72.3  3.819  5.770 -101.7 -116.9
P  -83.7    9.6  114.3    3.4   -8.8    nan  0.970  100.2  2.897  4.963   55.5   39.7
N  -97.6   63.7  110.9 -175.1  -53.3    nan  1.024  105.0  3.780  5.452   75.7  100.9
C  -72.3  137.9  107.7 -175.1  -53.9    nan  0.976   88.2  3.808  6.222  174.1  173.6
A -143.1  137.9  110.0  176.9    nan    nan  0.981  137.0  3.799  5.594  173.6  173.7
Y -124.5  148.0  114.9 -173.6  -68.1    nan  0.982  131.6  3.801  5.801 -159.3 -162.2
K  -87.6  136.3  106.2  167.4 -160.2    nan  0.964   99.3  3.757  5.579 -122.2 -128.8
T  -98.0  120.5  109.3  175.3  -55.0 -175.5  0.947  110.7  3.831  5.660 -135.6 -147.4
T -127.8  127.0  112.0  173.7  -52.2 -175.0  1.005  127.2  3.826  5.893  167.4  167.8
Q -102.6  120.3  111.4 -179.9  -77.2    nan  0.989  114.7  3.831  5.846 -148.6 -159.8
V -135.4  172.6  110.6  178.8  -83.6   40.9  1.029  137.6  3.796  5.786  164.5  160.6
E -124.9  105.6  107.8  172.6  -86.4    nan  1.025  113.3  3.804  5.363 -137.1 -133.2
K -141.7  163.3  112.5 -173.8  -85.1    nan  0.990  145.1  3.801  5.829  157.0  143.6
H  -75.8  139.7  108.5  172.5  -70.7    nan  0.920   90.7  3.810  5.300  -88.9  -95.1
I -103.1  157.3  110.2  179.5   66.3  -50.8  1.067  109.8  3.806  5.855 -153.8 -142.3
I -126.2  112.8  109.1  173.3  -60.0  178.8  1.016  118.2  3.797  5.549 -148.7 -152.3
V -112.4  157.8  111.3  177.7  -69.2   50.3  1.018  118.6  3.803  5.983 -177.3  177.7
A  -92.2  138.3  106.8  166.9    nan    nan  0.952  102.8  3.827  5.536 -113.6 -120.7
C -114.3  145.6  111.3  179.3  -66.8    nan  1.036  121.8  3.853  5.674 -159.1 -155.0
G -154.2  174.0  111.6 -178.2    nan    nan    nan  155.8  3.802    nan    nan  170.2
G   74.6 -169.0  113.0 -178.3    nan    nan    nan   79.2  3.804    nan    nan   63.1
K -144.4  113.5  108.7 -179.5 -164.4    nan  0.930  119.7  3.821    nan    nan -126.5
P  -60.4  163.6  112.7   -2.0    8.0    nan  0.986   67.8  2.867  5.580   81.5   28.4
S  -81.4  116.1  107.3 -177.0 -165.9    nan  0.960  101.4  3.790  5.396  -92.4  -97.3
V -131.0  164.0  111.5  178.9  -60.1   61.2  1.086  135.0  3.817  5.848  159.9  162.3
P  -63.9  132.5  111.6 -177.9  -16.8    nan  1.015   86.9  3.840  5.255  -73.3  -77.9
V -125.4  -10.1  114.5  178.6  -66.7   55.3  1.051   51.0  3.829  6.010 -173.5 -174.8
H -153.5  144.2  109.9 -177.4  151.1    nan  1.025  144.5  3.829  4.823    9.6   22.0
F -100.4  125.8  104.8  176.8 -171.4    nan  1.005  108.0  3.827  5.782 -138.5 -138.7
D -102.8  -35.9  114.4 -171.7 -157.4    nan  1.079   65.5  3.788  5.925 -154.3 -147.3
A  179.9  169.2  108.8 -175.8    nan    nan  0.998  169.1  3.829  4.696  -36.4  -30.5
S -131.6  149.5  105.3  172.2   46.3    nan  0.964  132.2  3.800  5.491 -146.6 -142.3
V -138.5    nan  113.9 -178.2  -89.5   29.5  1.077    nan  3.796  5.651 -170.0 -166.3
