Id   phi    psi    tau  omega    chi    chi2  solid    eta  CA-CA  CB-CB  BA^AB  NA^AC
K    nan  169.4  107.0    nan -163.1    nan  1.004    nan    nan    nan    nan    nan
E  -93.0  124.8  105.9  178.0 -173.5    nan  0.967  104.8  3.852  5.447 -101.4 -102.6
S  -70.1  164.1  110.6 -178.3   57.9    nan  1.012   76.3  3.816  5.872 -120.3 -125.4
A  -62.0  -37.3  109.4  179.2    nan    nan  1.032  101.3  3.832  5.324  -74.3  -77.9
A  -67.1  -47.0  111.9  179.3    nan    nan  1.069   90.8  3.818  5.353   65.7   82.0
A  -65.2  -35.6  109.9 -179.6    nan    nan  1.028   99.3  3.788  5.304   63.1   76.1
K  -66.1  -38.3  110.5 -180.0  174.8    nan  1.069   96.8  3.795  5.401   67.3   84.9
F  -64.2  -43.4  107.5  178.9  174.7    nan  1.010   97.5  3.806  5.465   72.8   82.8
E  -60.8  -44.4  112.1  178.6  -66.1    nan  1.064   96.9  3.800  5.345   67.1   81.5
R  -64.0  -44.0  113.0  179.8  166.0    nan  1.052   94.1  3.789  5.326   66.9   80.0
Q  -78.1  -28.2  115.9 -177.3  -63.2    nan  1.062   88.8  3.786  5.144   52.7   70.7
H -123.2  -10.9  120.5 -172.0  -57.5    nan  1.109   51.8  3.730  4.694   21.0   46.9
M -103.2  128.9  115.1 -175.6  -68.0    nan  1.119  117.7  3.793  5.326   53.1   79.5
D -149.5   70.0  105.0  177.3 -168.1    nan  0.993   80.1  3.800  5.708  166.3  150.2
S  -69.1  146.3  111.5 -177.6  -51.0    nan  1.023   83.9  3.818  6.175 -176.3 -177.2
G   54.0   36.5  114.3  178.7    nan    nan    nan  105.9  3.744    nan    nan    8.1
N -148.0  158.3  105.6  178.4 -163.5    nan  1.015  147.2  3.730    nan    nan   68.8
S -145.0  152.0  111.8 -178.1  169.5    nan  1.007  145.4  3.739  5.461 -161.3 -165.1
P  -60.0  -30.1  111.3  178.9  -33.9    nan  0.959  106.0  3.839  5.377  -81.6  -90.5
S  -81.4    1.6  114.4 -178.7   55.9    nan  1.093   99.3  3.805  5.275   47.8   78.7
S  -80.9   89.3  116.4 -179.9  170.4    nan  1.116  116.2  3.791  5.684   87.7  107.3
S  -57.6  -33.6  114.3  177.6  -70.9    nan  1.074  104.7  3.828  6.073 -139.7 -156.5
S  -67.2  -17.2  111.8 -178.4   65.0    nan  1.055  105.6  3.804  5.464   73.2   88.6
N  -85.5   -3.7  113.6  179.3 -162.1    nan  1.084   93.0  3.788  5.416   63.9   84.3
Y  -50.1  -48.5  114.3  179.9  173.4    nan  1.075  100.9  3.850  5.923  119.3  130.3
C  -62.4  -40.6  112.5 -178.8  -77.0    nan  1.096   97.5  3.841  5.303   61.6   79.2
N  -58.1  -47.5  111.5  179.0  -77.1    nan  1.060   97.3  3.765  5.391   75.8   87.8
L  -66.3  -43.1  114.0  179.5  -63.6    nan  1.043   92.3  3.843  5.258   60.6   74.6
M  -70.7  -45.4  113.3 -178.1  -76.4    nan  1.068   88.1  3.846  5.253   58.8   76.6
M  -61.4  -36.9  109.7  179.7  -68.3    nan  1.051  101.8  3.784  5.294   68.0   80.9
C  -70.0  -58.4  109.8  178.1  171.6    nan  0.995   84.7  3.846  5.392   66.9   77.9
C  -55.9  -43.3  113.2 -180.0  168.6    nan  1.069  100.7  3.800  5.108   58.4   74.2
R  -82.2   17.4  113.7 -178.7  -61.5    nan  1.116  104.4  3.825  5.165   42.1   65.4
K   56.3   40.4  117.0  176.9  -35.9    nan  1.122  100.3  3.866  5.654 -111.3 -115.1
M -105.8   12.3  111.0  178.4  -78.9    nan  1.098   78.9  3.803  5.884  104.0  116.6
T -123.2   27.3  109.1  177.4   68.2  -53.1  1.078   68.9  3.779  5.555   52.7   72.1
Q  -89.6  108.7  112.8 -179.8 -142.4    nan  1.037  111.4  3.828  5.996  111.4  122.8
G   77.2  -13.0  114.5  178.6    nan    nan    nan  107.9  3.790    nan    nan  -10.6
K -165.5  164.6  107.7  179.1   71.3    nan  1.005  162.5  3.824    nan    nan    3.9
C -103.2  114.3  109.3  178.9  -57.9    nan  0.984  112.8  3.826  5.525 -115.0 -116.4
K  -61.9  127.2  104.8  176.8 -173.4    nan  0.987   83.9  3.812  5.888 -123.3 -134.2
P  -59.3  -50.8  118.3 -179.1  -17.6    nan  1.045   90.4  3.887  5.738 -104.6 -112.3
V -139.7  140.7  110.4 -178.6 -171.1  -52.2  0.999  137.2  3.834  4.753  -20.7    1.1
N -154.9  138.2  108.9  178.8 -172.0    nan  0.977  140.1  3.805  5.603  168.1  162.7
T -112.6  133.4  112.2  179.4  -58.9  179.2  1.005  121.1  3.775  5.671 -152.7 -154.7
F -106.0  136.4  107.8  176.8  -71.2    nan  1.011  113.7  3.815  5.791 -153.3 -158.6
V -106.9  132.5  107.0 -177.5 -179.5  -54.0  1.004  113.7  3.829  5.820 -146.4 -151.0
H -101.4    6.6  116.3 -177.9  -50.9    nan  1.153   81.5  3.779  5.871 -153.9 -145.2
E  -79.8  172.9  107.8  178.4  -59.9    nan  0.992   82.1  3.808  5.888  103.1  109.0
S  -76.2  152.8  109.0  179.4   90.5    nan  1.060   86.2  3.787  5.411  -86.8  -79.6
L  -55.8  -36.5  113.0  179.4  179.6    nan  1.060  105.1  3.765  5.293  -75.0  -85.7
A  -61.6  -38.7  109.5  179.3    nan    nan  1.020  100.8  3.790  5.438   74.9   88.3
D  -69.8  -35.9  112.6 -179.9  -74.5    nan  1.072   93.9  3.796  5.329   60.2   79.2
V  -71.6  -39.6  110.2  179.2  175.0  -62.9  1.061   92.0  3.819  5.439   63.0   79.5
K  -63.5  -33.1  111.6  179.6  -76.8    nan  1.028  101.2  3.798  5.393   71.0   83.7
A  -63.4  -22.1  112.3 -179.7    nan    nan  1.042  106.7  3.791  5.358   74.6   90.4
V  -62.2  -27.2  111.8 -179.6  177.3  -62.7  1.089  105.3  3.787  5.565   84.1  102.2
C  -64.0   -9.1  113.6  179.8  -67.0    nan  1.096  112.0  3.842  5.612   79.5   95.7
S -117.6   21.0  110.4  177.7   55.2    nan  1.029   71.3  3.785  5.338   41.7   58.8
Q -103.6 -137.8  114.3 -179.3  -75.7    nan  1.181   84.6  3.791  5.637   75.7  104.3
K  -72.3  114.0  114.8 -176.8 -161.9    nan  1.089  104.0  3.846  4.860  -25.2  -13.5
K  -71.4  130.0  106.9  178.2 -139.8    nan  0.961   90.3  3.819  5.931 -124.4 -144.9
V -139.6  165.0  109.2  178.2  -65.3   58.7  1.043  142.3  3.796  5.811  166.8  167.9
T  -75.3  140.9  103.3  177.1  -63.6  173.0  0.930   86.7  3.776  5.266  -80.7  -92.1
C  -68.3  148.0  109.5  177.2  -58.6    nan  1.003   81.4  3.792  5.703 -104.3 -109.4
K  -83.0  -36.1  108.0  177.1  -52.5    nan  1.048   85.3  3.804  5.622 -116.2 -118.3
N  -94.1  165.4  103.2  177.0  -59.2    nan  0.969   97.3  3.840  5.353   40.6   53.4
G  -67.5   94.4  119.3 -176.7    nan    nan    nan  115.0  3.812    nan    nan  -75.1
Q -177.0 -177.4  111.2  179.8   46.9    nan  1.040  175.4  3.804    nan    nan   85.9
T -132.1 -177.8  109.5  179.8   48.1  -74.2  0.999  131.3  3.799  5.375 -128.6 -123.5
N   64.0   42.6  111.4  178.1  -73.4    nan  1.091   95.7  3.778  4.576   67.7   61.6
C  -99.6  148.3  110.3  178.5  -77.6    nan  1.019  108.8  3.805  6.038  118.8  124.6
Y -133.7  143.1  108.0  178.9  -68.9    nan  0.995  133.4  3.780  5.610 -162.6 -168.9
Q -106.3  134.5  111.0  178.7 -178.0    nan  1.021  116.2  3.835  5.731 -142.2 -144.6
S  -64.7  137.7  110.3 -179.7   63.1    nan  1.062   84.0  3.813  5.777 -107.2 -113.2
K  -66.3  -31.0  111.8  178.4   65.6    nan  1.085   99.8  3.810  5.712 -104.1 -112.1
S -113.5  173.8  109.6  179.0  -56.5    nan  1.008  115.4  3.834  5.186   26.2   43.4
T  -83.3  157.6  105.2  178.0   59.0  -62.3  0.935   89.5  3.788  5.265  -83.1  -88.3
M -136.6  151.2  108.3  178.8  -60.4    nan  0.976  137.7  3.771  5.521 -160.7 -157.8
R  -76.7  125.4  106.4  178.3  -73.4    nan  0.972   95.1  3.763  5.502 -101.2 -108.3
I -138.7  163.9  109.0 -179.1   63.5  -57.0  1.013  141.4  3.812  5.823  169.3  164.3
T -128.6  124.2  102.9  176.2  -65.6  175.1  0.924  119.7  3.791  5.539 -140.7 -146.4
D  -96.3  129.4  107.0  179.0 -178.0    nan  0.979  107.1  3.760  5.771 -150.1 -154.2
C -117.0  124.0  106.5 -179.7  -63.5    nan  0.987  117.6  3.836  5.924 -164.8 -170.2
R -133.8  136.1  108.2 -177.2 -134.6    nan  0.956  130.9  3.788  5.767  177.6  169.9
E  -59.0  141.0  110.3  179.7 -111.3    nan  0.991   77.7  3.786  5.619  -96.6 -106.2
T  -79.6  165.1  106.8  177.2   66.0  -56.5  1.002   84.2  3.791  5.721 -118.0 -122.0
G  -60.6  -28.5  112.7  179.6    nan    nan    nan  105.7  3.843    nan    nan  -74.0
S  -89.0    0.3  114.0  179.2   61.4    nan  1.066   91.1  3.805    nan    nan   70.9
S  -63.9  132.4  109.8 -178.6 -172.3    nan  1.030   85.9  3.812  5.843  109.0  121.6
K -158.5  119.3  108.3  177.7 -149.4    nan  1.049  123.8  3.791  5.642  152.6  148.9
Y  -52.0  140.2  110.6 -178.9 -177.1    nan  1.027   72.8  3.763  5.725 -100.1 -116.8
P  -80.0    4.9  113.8    0.1   38.0    nan  0.988  102.0  3.062  5.008   61.5   34.8
N  -99.7   72.8  112.5  178.9  -57.9    nan  1.074  108.1  3.801  5.506   61.3   90.9
C  -75.6  142.7  109.1 -179.2  -58.6    nan  0.985   89.6  3.843  6.190 -175.6  175.4
A -142.5  138.4  108.2  180.0    nan    nan  1.002  136.0  3.796  5.647  179.5  179.2
Y -129.0  145.4  115.2 -177.4  -64.1    nan  1.061  134.9  3.774  5.695 -168.1 -169.1
K  -98.1  130.1  103.1  177.3  171.3    nan  0.933  105.2  3.805  5.574 -124.9 -141.4
T  -99.4  132.6  110.7 -178.6  -56.1 -178.0  0.984  111.6  3.847  5.915 -143.2 -149.7
T -140.2  118.0  109.5  178.2  -61.5  178.0  1.000  123.3  3.794  5.742  172.3  168.6
Q  -95.0  141.5  107.6  178.6  -69.6    nan  0.976  104.8  3.818  5.916 -152.5 -160.6
V -165.0  168.0  106.2 -179.4   62.6 -171.9  1.013  163.7  3.780  5.525  155.5  153.0
E -121.1  120.0  106.7  178.1  -64.5    nan  1.035  118.1  3.805  5.613 -136.9 -131.2
K -146.0  169.8  110.2 -179.3  -70.4    nan  0.991  148.2  3.799  5.801  163.6  150.7
H  -80.5  147.7  103.5  174.5  -63.8    nan  0.902   89.0  3.815  5.284  -84.3  -92.5
I -114.4  149.5  108.5  179.0   70.2  -53.5  1.040  120.1  3.810  5.728 -153.5 -145.4
I -121.0  120.1  103.7  177.9  -58.1 -178.2  0.958  115.7  3.785  5.655 -146.2 -154.7
V -122.7  150.0  108.3 -179.9  -67.6   58.5  0.993  126.8  3.843  6.006 -179.4  176.6
A  -93.5  125.8  105.8  176.1    nan    nan  0.979  104.9  3.820  5.585 -121.8 -127.3
C -106.5  153.5  112.7 -178.5  -57.1    nan  1.032  114.8  3.851  5.876 -158.0 -159.8
G -163.0  177.0  108.0 -179.8    nan    nan    nan  163.7  3.816    nan    nan  167.0
G   89.0 -178.6  108.3  180.0    nan    nan    nan   89.5  3.777    nan    nan   80.2
K -148.7  106.7  107.0  179.0 -145.2    nan  0.972  113.0  3.805    nan    nan -144.3
P  -57.1  150.9  113.1    0.1  -20.4    nan  0.952   71.7  3.096  5.758   97.1   32.8
S  -68.5  124.4  111.4  179.4 -161.2    nan  1.027   94.3  3.822  5.578  -99.9  -99.7
V -136.2  159.6  110.6 -178.9  -64.9   57.6  1.035  139.6  3.855  5.838  171.0  164.9
P  -65.6  127.4  113.5 -179.8  -23.7    nan  0.995   92.1  3.835  5.276  -79.6  -84.6
V -120.5  -20.1  112.8  179.1  -64.4   57.6  1.153   53.8  3.832  5.981  174.6 -175.5
H -142.4  149.1  109.7  177.2  -65.1    nan  1.037  141.7  3.812  5.186    8.4   22.5
F  -98.8  123.9  103.5  176.1 -171.4    nan  0.963  106.1  3.773  5.638 -126.2 -133.3
D  -93.9  -53.8  114.7 -177.4 -168.7    nan  1.086   67.8  3.755  5.806 -149.1 -147.3
A -175.4  168.2  110.8 -178.9    nan    nan  1.010  169.0  3.810  4.663  -54.4  -42.6
S -119.5  140.6  103.3  175.9   59.1    nan  0.976  120.5  3.820  5.496 -134.4 -131.9
V -130.5    nan  108.1 -178.8   43.7  164.7  1.071    nan  3.746  5.697 -173.1 -169.1
