Id   phi    psi    tau  omega    chi    chi2  solid    eta  CA-CA  CB-CB  BA^AB  NA^AC
K    nan  176.2  107.1    nan  -57.8    nan  1.016    nan    nan    nan    nan    nan
E -113.8  126.9  107.2 -179.1  170.1    nan  0.981  117.3  3.827  5.487 -117.1 -111.9
S  -71.5  162.0  110.5  179.3   58.5    nan  1.066   78.4  3.793  5.904 -124.2 -126.5
A  -62.8  -35.4  110.3  179.6    nan    nan  1.052  101.2  3.804  5.260  -74.7  -81.8
A  -70.2  -35.8  110.2  177.9    nan    nan  1.033   94.8  3.840  5.433   65.4   79.6
A  -73.5  -36.6  108.7 -179.9    nan    nan  1.036   92.5  3.808  5.355   61.3   77.6
K  -65.0  -40.9  111.5  179.8  174.4    nan  1.090   95.9  3.810  5.404   66.3   85.0
F  -59.5  -42.8  106.4  177.8  174.7    nan  0.984  101.9  3.830  5.484   75.8   83.8
E  -62.9  -42.7  111.6 -179.7  -70.4    nan  1.052   96.5  3.820  5.330   65.0   81.1
R  -64.5  -45.2  112.8 -179.3  174.3    nan  1.050   93.2  3.748  5.273   67.3   81.5
Q  -80.4  -23.3  116.6 -176.7  -55.0    nan  1.061   88.7  3.748  5.072   49.4   68.2
H -127.5   -7.8  118.2 -172.9  -54.9    nan  1.104   49.1  3.766  4.750   20.3   45.8
M -103.3  126.9  115.0 -176.4  -73.6    nan  1.101  117.8  3.740  5.382   56.4   82.0
D -148.2   70.1  108.6  172.7 -170.9    nan  1.071   82.5  3.811  5.714  155.7  149.7
S  -62.3  137.1  110.1 -178.3  -40.7    nan  1.014   82.3  3.862  6.211 -163.6 -172.0
G  164.3  152.5  107.1 -179.5    nan    nan    nan  144.8  3.784    nan    nan  112.4
N  -87.0  -17.2  116.0 -179.4  -67.2    nan  1.153   85.5  3.790    nan    nan -111.3
S -149.2   71.5  104.9  175.7   39.3    nan  1.014   81.5  3.841  5.187    1.7   15.5
P  -52.7  -35.4  115.5 -179.4   26.6    nan  1.042  107.2  3.806  6.032 -158.2 -160.8
S  -95.8    9.6  115.6 -178.4   80.5    nan  1.137   88.4  3.816  5.141   26.8   61.2
S  -54.6  147.4  109.9  177.5  164.4    nan  0.981   70.2  3.818  5.995  134.1  135.2
S  -63.8  -21.8  111.3  179.8   66.8    nan  1.047  106.8  3.826  5.579  -94.5  -98.7
S  -69.9  -16.1  111.9 -180.0   64.6    nan  1.096  103.5  3.777  5.497   74.3   95.0
N  -91.4   -7.2  114.2  177.6  -61.9    nan  1.030   85.6  3.843  5.580   63.1   79.1
Y  -48.4  -56.0  114.6 -177.3  176.8    nan  1.110   96.5  3.833  5.776  114.5  131.1
C  -56.6  -44.3  113.1 -178.0  -74.1    nan  1.094   99.5  3.814  5.258   63.2   78.8
N  -56.8  -46.6  110.8  178.6  -74.8    nan  1.037   99.3  3.780  5.390   75.6   85.4
L  -72.5  -41.3  113.0 -177.9  -57.6    nan  1.111   88.9  3.789  5.134   49.1   71.5
M  -68.5  -44.2  114.0  180.0  -90.1    nan  1.081   90.0  3.802  5.424   63.3   79.0
M  -61.6  -35.2  109.3 -179.9  -68.1    nan  1.026  102.7  3.844  5.347   71.6   81.9
C  -71.0  -54.3  109.1  178.4  168.8    nan  0.981   86.6  3.795  5.300   66.7   78.7
C  -56.2  -46.0  114.1 -179.1  168.8    nan  1.086   98.1  3.801  5.100   58.8   78.3
R  -82.9   12.7  113.7 -178.1  -62.2    nan  1.092  102.0  3.835  5.130   40.9   62.7
K   57.4   46.4  119.0  176.7  -61.0    nan  1.141   94.4  3.834  5.602 -119.3 -118.9
M -107.4   14.5  110.5  179.3  -74.7    nan  1.080   78.1  3.829  5.960  112.0  119.4
T -124.9   38.5  109.1  178.2   64.2  -55.4  1.076   73.7  3.775  5.554   53.2   72.5
Q  -98.9  105.5  112.3 -179.3  -72.3    nan  1.079  113.8  3.842  5.995  110.6  124.1
G   77.9  -10.0  113.4 -178.0    nan    nan    nan  105.8  3.773    nan    nan  -10.2
K -171.6  167.6  107.5 -179.0   80.5    nan  0.993  167.3  3.851    nan    nan    0.9
C -105.2  121.3  107.2  179.0  -49.0    nan  0.956  112.4  3.781  5.478 -114.3 -114.8
K  -63.8  125.2  102.0  176.3  177.5    nan  0.951   84.1  3.788  5.790 -117.7 -129.8
P  -63.5  -36.8  119.4 -178.8   38.0    nan  1.081   95.4  3.846  5.782 -116.7 -115.5
V -147.3  141.4  108.8 -179.5 -173.7  -50.5  0.981  140.0  3.837  4.938  -14.7    4.8
N -157.1  137.8  109.9  179.7 -170.8    nan  0.985  140.4  3.774  5.549  168.0  160.4
T -111.0  134.6  112.9  178.0  -59.2  178.8  1.037  120.7  3.782  5.757 -155.4 -154.3
F -104.4  138.6  105.9  175.8  -68.8    nan  1.013  111.2  3.884  5.884 -149.6 -157.1
V -112.4  129.8  104.1 -177.9 -174.4  -52.8  0.970  114.6  3.836  5.802 -146.2 -155.1
H -104.0   28.5  112.5 -177.5  -50.9    nan  1.067   88.0  3.776  5.830 -154.2 -151.5
E -102.3  163.5  108.1  178.4  -56.6    nan  1.018  106.9  3.811  5.855   96.0  107.9
S  -64.6  149.8  109.8  179.6   70.3    nan  1.030   77.5  3.842  5.456  -76.3  -79.9
L  -56.6  -31.8  110.5 -179.5 -175.5    nan  1.042  108.2  3.788  5.396  -80.1  -89.3
A  -63.9  -40.2  111.0 -179.3    nan    nan  1.048   97.4  3.819  5.476   74.9   91.1
D  -69.6  -39.5  111.4  179.9  -71.4    nan  1.056   93.0  3.773  5.328   61.1   78.1
V  -68.4  -42.9  109.8 -179.6  179.5  -58.4  1.065   93.1  3.815  5.334   61.8   79.5
K  -61.3  -35.6  111.4  178.2  -83.4    nan  1.036  101.8  3.816  5.499   69.6   81.7
A  -63.7  -17.9  112.8 -179.2    nan    nan  1.074  108.3  3.820  5.363   71.7   88.5
V  -64.0  -30.5  108.5  179.8  173.6  -66.1  1.033  103.4  3.791  5.737   91.4  103.0
C  -61.1  -13.5  114.1 -179.9  -65.7    nan  1.106  112.7  3.763  5.488   78.0   95.5
S -112.8   20.5  111.0  178.6   48.1    nan  1.088   75.7  3.828  5.367   37.6   60.6
Q -103.9 -142.3  112.9  179.6  -65.7    nan  1.143   87.6  3.811  5.748   78.9  101.9
K  -65.7  117.1  115.6 -178.6  178.7    nan  1.099   99.4  3.828  4.892  -24.4  -13.8
K  -81.2  125.8  108.6 -179.2 -168.3    nan  0.974   99.6  3.773  5.783 -132.3 -149.8
V -133.5  172.6  111.1 -179.4  -71.0   52.8  1.006  135.7  3.813  5.866  174.9  170.0
T  -88.3  138.5  108.6  179.9  -68.0  170.3  1.038  100.9  3.776  5.215  -97.9  -92.9
C  -79.2  161.5  108.6  179.7  -55.3    nan  0.986   85.5  3.806  5.781 -111.2 -123.4
K  -56.2  -30.0  110.4  178.5  -90.9    nan  1.043  109.7  3.819  5.288  -72.2  -76.1
N  -88.1    6.7  118.5 -178.6   84.9    nan  1.182   95.1  3.872  5.269   43.3   71.9
G   97.4  -28.3  113.7  179.3    nan    nan    nan   94.3  3.824    nan    nan  -84.7
Q  -66.5  152.4  110.8  179.5  -76.4    nan  1.088   78.3  3.780    nan    nan   91.8
T -108.7   24.0  115.7 -178.8   39.0  -82.6  1.072   82.8  3.821  5.677 -131.6 -133.4
N  -98.7   31.7  112.7  178.7   68.6    nan  1.114   94.2  3.835  5.822   90.5  108.8
C -105.2  149.5  110.4  178.8  -79.3    nan  1.046  113.4  3.831  5.921  100.3  108.6
Y -134.5  140.8  110.4 -177.5  -73.0    nan  0.999  134.4  3.774  5.594 -156.9 -166.1
Q -110.5  135.8  111.3  178.4  166.2    nan  1.043  119.2  3.783  5.713 -151.6 -151.6
S  -66.0  141.0  112.9 -178.8   66.0    nan  1.087   84.7  3.831  5.758 -105.5 -112.5
K  -68.4  -37.9  110.2  178.6   60.6    nan  1.113   95.3  3.792  5.676 -105.9 -111.7
S -103.0  168.0  111.0  178.4  -35.5    nan  0.990  107.0  3.870  5.331   34.7   46.5
T  -84.2  161.3  103.0  177.8   47.8  -73.3  0.928   88.6  3.789  5.300  -91.3  -97.0
M -138.3  154.6  109.4  179.7  -58.7    nan  0.997  140.3  3.802  5.542 -157.7 -155.6
R  -81.1  119.4  105.3  178.7  -54.6    nan  0.929   98.7  3.787  5.453  -98.5 -109.1
I -135.8  156.5  109.8 -179.1   62.4  -54.8  1.035  138.7  3.785  5.820  160.7  162.8
T -122.3  120.2  106.0  178.2  -57.8 -176.9  0.991  118.0  3.835  5.694 -143.3 -147.1
D  -90.6  132.4  105.7  177.6  177.6    nan  0.971  102.0  3.794  5.899 -143.7 -155.5
C -122.7  119.8  103.7 -179.2  -68.4    nan  0.927  116.2  3.820  5.833 -162.7 -173.2
R -134.4  130.8  107.4 -176.2 -167.9    nan  0.979  128.2  3.754  5.717  167.6  166.1
E  -52.8  138.9  110.9  178.7  -99.5    nan  0.978   74.4  3.830  5.718  -90.8 -107.1
T  -81.2  171.6  110.8  178.7   65.7  -55.0  1.015   84.2  3.827  5.686 -120.8 -124.6
G  -54.7  -41.0  115.9 -179.6    nan    nan    nan  101.7  3.832    nan    nan  -59.5
S  -90.5    4.2  115.4 -178.6   39.4    nan  1.060   91.3  3.783    nan    nan   60.7
S  -59.5  124.2  109.4  179.6 -176.0    nan  0.984   87.2  3.807  5.911  120.8  127.8
K -151.3  120.8  112.2  176.5 -138.5    nan  1.103  127.3  3.801  5.628  145.0  149.1
Y  -50.4  135.4  110.8 -179.3 -169.4    nan  1.040   74.8  3.812  5.749  -94.3 -115.8
P  -83.7   11.4  115.5   -0.1   38.3    nan  1.015  101.1  3.031  4.958   50.3   29.4
N -102.6   68.2  110.2  177.8  -61.9    nan  1.062  103.5  3.819  5.633   65.5   92.3
C  -70.7  137.3  109.1  179.2  -59.1    nan  0.988   88.1  3.836  6.195 -176.6  175.3
A -135.3  141.0  106.9 -178.3    nan    nan  0.974  133.0  3.794  5.693 -175.3 -179.6
Y -134.1  147.8  114.8 -177.1  -65.8    nan  1.060  138.5  3.805  5.787 -172.8 -170.6
K  -99.6  137.7  103.3  176.0 -170.8    nan  0.969  106.0  3.763  5.603 -129.2 -137.9
T -104.0  126.5  108.4 -179.7  -60.5  177.9  0.946  113.0  3.827  5.799 -137.2 -147.0
T -128.1  120.6  107.4  178.7  -57.6 -178.0  0.975  121.1  3.813  5.857  178.2  175.0
Q  -98.7  122.1  109.0  180.0  -54.7    nan  1.010  110.7  3.803  5.880 -157.0 -159.4
V -138.9  173.0  110.7 -179.2  -62.7   58.7  1.072  140.9  3.796  5.768  160.8  162.3
E -126.9  104.5  106.4  178.5  -57.4    nan  0.985  111.6  3.831  5.485 -130.6 -131.8
K -143.1  173.0  111.7 -175.8  -71.7    nan  1.016  145.1  3.812  5.779  145.5  143.0
H  -82.4  145.2  104.5  176.9  -65.2    nan  0.937   91.9  3.786  5.255  -84.7  -89.0
I -108.8  146.6  111.2  178.7   64.4  -64.5  1.077  117.3  3.818  5.837 -150.2 -141.8
I -118.5  119.9  105.6  176.3  -60.2  176.2  0.989  116.3  3.773  5.636 -148.1 -156.0
V -123.2  157.1  108.4  179.7  -71.6   50.7  0.996  127.4  3.825  5.945 -180.0  175.3
A  -97.6  132.7  102.8  177.4    nan    nan  0.946  104.6  3.812  5.540 -117.7 -123.1
C -110.9  143.5  113.0 -179.6  -60.7    nan  1.095  120.3  3.831  5.860 -162.3 -157.0
G -152.4  167.9  109.7 -179.6    nan    nan    nan  154.1  3.789    nan    nan  168.5
G   85.6  177.9  112.4  179.6    nan    nan    nan   84.8  3.759    nan    nan   64.3
K -144.7  115.8  109.7  179.5  175.2    nan  1.057  122.1  3.747    nan    nan -143.6
P  -62.9  154.3  113.3   -0.3   26.5    nan  0.983   75.0  2.944  5.409   84.7   28.8
S  -64.7  122.2  117.2 -178.9 -153.9    nan  1.095   97.0  3.827  5.540  -92.5  -90.2
V -136.0  157.6  108.8 -179.7  -69.5   54.2  1.004  138.6  3.887  5.896  171.4  161.4
P  -61.5  134.8  112.3  179.8  -26.8    nan  0.987   84.2  3.907  5.350  -78.1  -83.7
V -128.7   -7.4  111.8 -178.9  -70.7   51.4  1.073   48.9  3.809  5.889 -179.7 -174.6
H -161.8  142.2  108.2  179.7  142.3    nan  1.043  144.2  3.814  4.975   -2.1   13.6
F  -94.4  121.8  105.9  176.2 -172.3    nan  0.989  105.8  3.799  5.787 -128.0 -136.2
D  -92.8  -52.0  114.6 -177.2 -152.5    nan  1.053   69.1  3.794  5.852 -147.3 -148.9
A -175.5 -177.9  109.2 -178.3    nan    nan  0.990  174.4  3.821  4.646  -53.7  -40.9
S -140.0  146.0  106.9  178.5   60.3    nan  1.028  137.7  3.827  5.388 -142.9 -134.3
V -140.3    nan  109.0 -177.2   54.4  177.0  1.010    nan  3.746  5.588 -167.6 -175.0
