Id   phi    psi    tau  omega    chi    chi2  solid    eta  CA-CA  CB-CB  BA^AB  NA^AC
P    nan -133.3  104.1    nan   34.1    nan  0.909    nan    nan    nan    nan    nan
Y -108.8  153.9  111.6 -179.6  -54.5    nan  1.013  116.2  3.788  4.928  -72.0  -49.4
T -148.8  122.9  107.6  179.1  -60.5  178.1  0.985  126.6  3.751  5.495 -172.9 -178.0
V -108.9  126.8  108.2  177.5   -8.5  117.9  1.096  115.5  3.781  5.964 -173.9 -168.6
V -107.9  118.4  107.0 -179.3 -177.6  -53.7  0.976  113.0  3.785  5.860 -147.6 -164.5
Y -161.5  179.0  109.3 -177.1 -165.1    nan  0.960  161.7  3.771  5.551  143.7  134.0
F  -81.9  168.1  107.8  178.1  -54.4    nan  0.969   85.6  3.784  5.181  -82.6  -79.8
P  -82.4   66.2  112.5 -179.8   36.7    nan  0.986  113.6  3.810  5.285  -94.3  -89.7
V -148.3  159.3  105.6  178.9  -50.4   71.7  0.972  147.8  3.832  5.785   89.7   93.9
R  -72.6  -60.9  107.6  179.6  -58.5    nan  1.019   83.8  3.798  5.439  -92.2  -92.8
G   36.9 -129.9  114.9  178.6    nan    nan    nan   71.4  3.787    nan    nan  155.9
R  -75.9    7.1  116.6 -177.2  -68.6    nan  1.129  107.2  3.795    nan    nan   -7.2
C -110.1  -14.9  111.7  179.1  -66.7    nan  1.052   65.1  3.794  5.587   66.0   82.8
A  -50.1  -52.1  113.2 -178.2    nan    nan  1.081   99.0  3.799  5.701  106.4  121.1
A  -59.1  -56.8  112.9 -179.1    nan    nan  1.080   90.1  3.790  5.229   62.6   78.6
L  -59.4  -27.8  111.9 -177.5   64.7    nan  1.085  107.5  3.794  5.160   58.5   75.1
R  -72.5  -42.5  107.8  178.4  -74.5    nan  0.999   91.4  3.797  5.517   72.9   84.5
M  -58.4  -43.9  108.6  179.1  -64.2    nan  1.017  100.9  3.791  5.348   71.8   84.2
L  -56.9  -59.6  110.9 -179.5 -173.0    nan  1.051   91.1  3.800  5.308   71.8   85.9
L  -50.9  -51.6  111.7 -179.2  -71.8    nan  1.031   99.6  3.802  5.163   67.5   78.4
A  -56.8  -54.7  110.1 -180.0    nan    nan  1.027   94.7  3.791  5.168   65.9   79.2
D  -58.9  -34.3  111.7 -178.9 -157.3    nan  1.066  104.4  3.795  5.187   59.5   75.4
Q  -84.3    4.5  113.1 -179.2  -69.0    nan  1.096   97.5  3.800  5.273   49.4   71.0
G   71.1   24.1  112.3  178.4    nan    nan    nan   98.6  3.784    nan    nan -111.1
Q  -89.7  152.3  111.9 -179.2  -59.8    nan  1.056   99.7  3.772    nan    nan  119.3
S -107.8  141.2  109.9  179.4  -72.8    nan  1.008  116.2  3.808  5.645 -131.5 -136.2
W -149.9  157.0  113.2  178.9   73.7    nan  1.086  150.9  3.794  5.610  168.0  169.2
K -101.6  140.1  108.0 -180.0  154.4    nan  0.987  110.4  3.786  5.487 -117.7 -125.7
E -106.6  113.7  111.6  179.6  -73.5    nan  1.034  116.0  3.784  5.776 -145.9 -147.5
E  -98.6  104.3  105.6  177.0  -81.3    nan  0.976  107.2  3.797  5.946 -160.5 -171.6
V  -83.8  129.3  110.6 -179.0 -179.3  -56.6  1.026  101.7  3.795  6.039 -155.3 -160.3
V -113.6  126.8  107.5 -179.9  178.1  -59.6  0.995  117.5  3.792  5.833 -159.9 -168.0
T  -95.3  162.3  111.4  179.5   50.3  -71.1  1.035  101.5  3.798  5.914 -145.7 -150.0
V  -54.9  -36.4  111.0 -179.8   73.4 -162.3  1.075  106.8  3.788  5.252  -68.6  -73.4
E  -65.4  -50.1  110.5  179.6  -57.8    nan  1.039   91.3  3.814  5.466   72.1   84.7
T  -59.2  -36.0  111.2  179.9  -50.8 -172.0  1.036  103.4  3.804  5.233   65.6   78.2
W  -73.6  -47.1  110.6 -179.8 -169.4    nan  1.025   86.8  3.799  5.316   62.6   78.0
Q  -66.0   -2.8  112.9 -178.7  -67.8    nan  1.108  112.8  3.794  5.173   55.0   76.3
E  -79.9  -20.9  108.4  177.9 -169.8    nan  1.019   93.0  3.794  5.754   87.7  100.4
G   86.5  -27.0  119.5  177.7    nan    nan    nan  106.1  3.814    nan    nan -123.0
S  -53.6  -55.3  115.6 -178.6   51.5    nan  1.086   92.9  3.811    nan    nan  108.3
L  -67.6  -40.0  110.6 -179.3 -157.5    nan  1.052   94.8  3.811  5.130   51.3   67.8
K  -55.6  -44.4  110.9  179.8 -171.1    nan  1.042  101.5  3.805  5.447   78.5   90.8
A  -65.6  -33.9  112.8 -179.4    nan    nan  1.071   98.4  3.808  5.246   61.7   78.5
S  -77.3  -10.6  113.0 -179.4   56.2    nan  1.068   98.4  3.797  5.325   58.7   77.8
C  -84.1  132.2  109.8  179.7  -69.3    nan  1.023  100.4  3.811  5.600   75.2   91.0
L  -45.4  -50.3  115.5 -179.1 -173.4    nan  1.097  102.3  3.816  5.613  -86.0  -96.9
Y -110.6   26.9  110.3  178.3  -56.2    nan  1.039   80.4  3.810  4.897    8.9   28.9
G   54.3   29.2  114.6  180.0    nan    nan    nan  110.1  3.860    nan    nan -104.8
Q -144.6  162.5  114.6 -178.2  -68.3    nan  1.066  148.2  3.789    nan    nan   68.8
L -110.9  166.7  103.7  177.6  -61.8    nan  0.944  113.4  3.821  5.464 -123.6 -130.8
P  -66.3  152.3  116.6   -1.0   33.2    nan  1.001   80.5  2.985  4.698   96.6   87.1
K -118.1  144.8  101.2  176.7  167.5    nan  0.924  118.9  3.782  5.685 -146.1 -153.0
F -135.8  145.6  111.1 -177.1 -166.1    nan  1.004  137.1  3.814  5.704 -169.0 -167.9
Q -131.6  130.9  109.8  179.2  -65.0    nan  1.038  128.7  3.777  5.649 -168.9 -167.3
D -131.5   91.3  102.7  178.2 -176.1    nan  0.942  100.4  3.780  5.790 -174.2  173.2
G   73.2 -135.3  102.1 -177.5    nan    nan    nan   86.3  3.772    nan    nan  -20.6
D  -91.3    8.7  112.6  179.7   64.6    nan  1.084   92.0  3.807    nan    nan  -35.4
L  -88.2  114.5  107.4  179.2 -154.1    nan  0.977  105.1  3.804  5.811   94.0  103.8
T -102.0  129.9  107.2  178.3  -59.4 -179.4  1.000  110.8  3.800  6.004 -166.8 -170.8
L -125.5  156.8  112.7  179.9  -70.1    nan  1.040  131.1  3.807  5.818 -173.0 -176.6
Y -134.4  165.7  104.5  178.0  -63.7    nan  0.996  136.3  3.757  5.503 -158.6 -160.6
Q   78.4  110.0  111.1 -178.7  -60.7    nan  1.074   66.4  3.850  4.892   70.4   57.6
S  -48.4  -43.2  114.6 -178.1   53.4    nan  1.090  105.7  3.819  5.890 -107.9 -122.2
N  -69.8  -24.4  112.7 -179.7  -62.5    nan  1.102   99.5  3.812  5.308   57.0   76.6
T  -72.9  -37.9  105.7  177.6  -68.9  171.1  0.977   94.2  3.791  5.610   78.3   86.2
I  -66.7  -48.2  107.9  179.2  -58.9  179.9  1.016   93.1  3.785  5.346   65.9   80.2
L  -55.2  -51.4  110.8  178.7  -79.8    nan  1.031   97.3  3.801  5.273   70.1   81.9
R  -62.4  -43.8  111.1  179.7  -74.3    nan  1.063   96.5  3.792  5.215   57.8   74.1
H  -56.5  -50.1  111.5  179.8  175.5    nan  1.043   96.9  3.784  5.372   75.2   86.7
L  -63.0  -40.0  109.6 -179.6 -101.8    nan  1.004   99.0  3.816  5.210   63.4   74.9
G  -65.9  -35.2  112.5 -179.6    nan    nan    nan   97.7  3.788    nan    nan   81.9
R  -72.0  -50.3  110.2 -179.8 -160.8    nan  1.016   86.8  3.770    nan    nan   80.3
T  -74.2  -23.7  115.6 -178.5   54.9  -65.1  1.089   94.7  3.799  5.101   44.0   66.6
L -101.6   -3.7  114.0 -179.7  -87.1    nan  1.088   76.9  3.818  5.266   42.3   64.5
G   77.8   38.4  114.7  179.6    nan    nan    nan   84.9  3.781    nan    nan -112.4
L -117.5   42.2  107.2  178.5  -40.0    nan  0.982   80.5  3.798    nan    nan  101.3
Y -127.9   33.1  113.3 -178.0 -143.0    nan  1.056   69.8  3.861  5.704   82.1  100.0
G   86.5  163.7  113.2  179.9    nan    nan    nan   80.3  3.845    nan    nan  -70.1
K  -89.2  -14.8  112.6 -177.7   74.7    nan  1.087   85.1  3.789    nan    nan -101.7
D -156.6 -178.6  110.5  179.4   56.3    nan  1.075  156.1  3.775  4.955   -5.7   12.9
Q  -60.1  -36.6  112.2 -178.3  -68.5    nan  1.074  101.9  3.781  5.058  -53.5  -53.3
Q  -61.2  -55.7  110.1  179.4  179.0    nan  1.033   91.3  3.780  5.398   75.6   88.5
E  -59.7  -38.1  109.8  179.8  -65.8    nan  1.047  102.5  3.816  5.231   57.8   72.2
A  -56.2  -42.3  110.2  179.0    nan    nan  1.032  102.6  3.813  5.438   80.4   91.0
A  -66.7  -42.1  109.4  179.9    nan    nan  1.025   95.1  3.808  5.306   63.5   77.9
L  -63.9  -36.4  109.8 -179.5  -62.7    nan  1.048  100.0  3.797  5.290   64.5   81.1
V  -64.0  -42.6  109.7  179.0  171.3  -68.3  1.031   96.8  3.800  5.462   71.3   85.1
D  -63.4  -47.0  108.2 -179.5  -80.5    nan  0.991   95.8  3.810  5.363   70.8   80.8
M  -53.9  -43.1  111.3 -178.7 -168.9    nan  1.051  103.3  3.785  5.186   72.0   86.4
V  -68.0  -49.3  109.1  178.7  168.9  -69.5  1.000   90.9  3.801  5.373   64.2   75.2
N  -58.4  -41.4  112.5 -178.7 -161.7    nan  1.087  100.3  3.788  5.217   65.2   81.0
D  -61.5  -39.4  110.2  179.5  -70.2    nan  1.042  100.1  3.816  5.417   73.0   84.0
G  -66.2  -40.2  109.7  179.1    nan    nan    nan   96.2  3.786    nan    nan   80.6
V  -61.2  -45.3  107.5  179.0  175.4  -63.9  1.011   98.7  3.801    nan    nan   83.7
E  -59.3  -44.4  111.0 -179.2  175.0    nan  1.053   98.5  3.814  5.305   67.9   82.3
D  -58.0  -47.1  110.5  179.4  -81.3    nan  1.007   98.3  3.795  5.366   74.9   84.2
L  -69.9  -33.4  111.5 -179.0 -170.9    nan  1.086   95.6  3.785  5.128   51.2   72.2
R  -66.5  -34.9  110.8  179.3 -174.7    nan  1.050   98.0  3.802  5.519   72.6   86.5
C  -65.4  -40.6  110.7  179.0  -67.8    nan  1.041   96.2  3.810  5.448   72.8   85.6
K  -66.8  -42.1  108.7  178.6  -64.7    nan  1.004   95.5  3.803  5.331   67.5   78.4
Y  -60.3  -52.1  108.1  178.9  169.5    nan  0.978   95.3  3.821  5.309   72.6   82.6
I  -56.3  -46.7  109.6 -179.7  -71.8  165.6  1.037  100.3  3.790  5.151   62.7   78.5
S  -55.7  -45.9  110.5  179.8 -171.5    nan  1.025  100.6  3.790  5.315   71.8   84.2
L  -59.8  -58.3  109.9  179.7  173.4    nan  1.013   90.8  3.810  5.331   69.6   81.2
I  -48.3  -40.1  115.2 -178.4  -60.3  176.6  1.079  107.6  3.785  5.111   69.0   82.9
Y -106.2  -22.2  116.5 -177.5  -63.3    nan  1.111   65.2  3.807  4.919   22.2   47.4
T  -97.1  -43.6  116.4 -177.6  -71.9  167.2  1.144   66.8  3.852  5.347   45.7   72.9
N -162.1   69.9  112.7  179.0   61.2    nan  1.119   77.6  3.772  4.775  -38.1  -18.4
Y  -61.2  -53.9  112.9  180.0 -172.6    nan  1.058   90.5  3.775  6.139 -163.1 -173.7
E  -62.9  -47.1  114.6 -177.8  -66.3    nan  1.086   92.2  3.826  5.180   57.3   74.8
A  -73.9  -41.0  114.9 -178.7    nan    nan  1.102   86.8  3.794  5.139   50.4   70.6
G  -95.4   -4.8  121.1 -177.6    nan    nan    nan   82.1  3.794    nan    nan   59.6
K  -55.0  -46.2  113.0 -177.9 -162.8    nan  1.085   99.5  3.807    nan    nan  126.8
D  -59.2  -50.9  111.9 -179.4  -64.9    nan  1.053   94.2  3.819  5.388   70.8   83.3
D  -62.2  -35.9  111.9 -179.8  -71.9    nan  1.065  100.6  3.761  5.147   59.8   75.6
Y  -66.4  -47.8  110.3 -179.4 -170.9    nan  1.030   91.9  3.785  5.370   70.3   85.1
V  -65.3  -33.6  110.5 -179.0  171.3  -66.1  1.070   99.8  3.794  5.207   56.4   75.2
K  -66.8  -38.5  109.3  178.4  -74.9    nan  1.017   96.9  3.802  5.510   73.0   84.8
A  -80.2  -19.0  114.4 -179.6    nan    nan  1.089   91.6  3.802  5.195   48.5   70.4
L  -46.0  -53.9  117.7 -178.4 -109.8    nan  1.157   97.9  3.819  5.756  105.5  122.4
P  -42.4  -48.6  113.7  180.0  -33.6    nan  0.993  106.6  3.828  5.308   87.9   93.0
G  -65.6  -29.6  113.9  179.8    nan    nan    nan  100.2  3.789    nan    nan   75.1
Q  -78.8  -27.1  111.3 -179.9  -60.7    nan  1.031   90.6  3.802    nan    nan   79.5
L  -88.5  -32.2  111.5 -179.3  -63.3    nan  1.043   80.0  3.797  5.282   53.1   72.6
K  -41.6  -45.0  115.0  179.2 -121.6    nan  1.082  109.3  3.809  5.529   98.6  111.1
P  -56.6  -35.3  115.1  179.7  -32.1    nan  1.003  104.2  3.852  5.307   75.7   87.5
F  -76.0  -31.2  112.6 -178.8  -54.6    nan  1.099   90.8  3.824  5.237   48.9   78.5
E  -69.0  -43.8  106.5  178.0  178.4    nan  0.996   94.3  3.801  5.497   71.8   84.1
T  -59.9  -47.6  110.3  179.5  -56.0 -176.9  1.031   96.7  3.832  5.356   66.9   81.7
L  -53.9  -44.7  109.2  178.7  -82.5    nan  0.987  103.4  3.808  5.296   76.1   84.0
L  -61.8  -46.3  111.7  180.0 -123.1    nan  1.045   95.2  3.775  5.139   63.7   80.4
S  -63.7  -20.3  112.8 -179.7   68.1    nan  1.068  107.2  3.819  5.320   61.9   78.7
Q  -91.1   -4.3  113.2 -179.6  -61.9    nan  1.081   87.2  3.804  5.374   55.9   77.4
N -122.2   90.6  111.2 -179.5 -179.0    nan  1.042  108.2  3.787  5.266   40.9   60.6
Q   53.7   38.5  113.8  179.5  -64.1    nan  1.083  105.2  3.820  5.225  -26.3  -48.1
G   63.8   25.3  114.5  178.4    nan    nan    nan  103.9  3.778    nan    nan  -87.7
G   69.3   18.8  114.0  178.9    nan    nan    nan  102.2  3.780    nan    nan  -94.1
K  -78.8  -29.9  115.1 -179.2 -114.5    nan  1.094   87.8  3.789    nan    nan  125.5
T -104.2  -97.9  116.3 -178.4   56.5  -63.5  1.147   67.0  3.801  5.144   30.1   58.5
F -125.1  178.6  112.4 -178.3  -58.4    nan  1.072  125.6  3.824  4.674  -46.4  -25.3
I  -64.5  -28.5  113.4 -178.1 -165.6   71.9  1.141  101.9  3.796  5.294  -67.4  -60.0
V -145.8  127.0  108.4  178.8  169.2  -68.6  0.993  129.7  3.822  5.063    0.3   11.2
G   69.5 -163.6  113.7  179.1    nan    nan    nan   76.8  3.789    nan    nan    2.9
D -109.2    6.8  115.1 -179.2   52.3    nan  1.107   73.8  3.793    nan    nan  -80.4
Q -122.3  150.0  105.7  179.2   48.0    nan  0.983  125.3  3.799  5.486   55.1   67.9
I  -70.5  152.4  112.1 -178.5 -154.5   82.7  1.066   82.4  3.808  5.605  -98.1  -99.5
S -139.6  166.6  109.8 -179.4   69.9    nan  1.010  142.3  3.829  5.638 -162.5 -167.9
F  -58.2  -27.3  111.6 -179.3   66.3    nan  1.077  109.0  3.812  5.332  -69.8  -69.7
A  -64.1  -32.7  109.5  179.7    nan    nan  1.033  101.8  3.785  5.536   82.4   94.4
D  -61.0  -52.8  111.1 -179.9  -77.0    nan  1.023   92.4  3.810  5.485   80.8   92.6
Y  -59.8  -37.4  110.9 -179.3  -63.2    nan  1.053  102.2  3.820  5.142   60.9   75.9
N  -71.0  -46.2  110.0  179.2 -153.9    nan  1.036   89.6  3.799  5.376   62.9   78.1
L  -64.2  -40.1  109.5  178.9  174.0    nan  1.025   98.0  3.822  5.322   63.4   75.8
L  -58.2  -49.7  108.6  179.9  175.2    nan  1.011   97.7  3.812  5.412   77.2   87.6
D  -59.8  -45.1  111.3  179.9 -178.6    nan  1.053   97.6  3.791  5.250   64.1   77.8
L  -53.8  -50.1  107.6  179.6 -172.6    nan  0.978  101.0  3.784  5.352   80.8   87.0
L  -58.2  -51.3  110.9 -179.5  -63.4    nan  1.054   95.3  3.791  5.148   62.2   78.8
L  -53.8  -51.3  113.1  179.3  -69.0    nan  1.073   97.0  3.779  5.303   68.6   82.3
I  -64.4  -26.6  112.1 -177.7   64.8  -59.6  1.106  103.5  3.805  5.294   57.1   75.5
H  -74.8  -31.5  113.0  178.8  -81.9    nan  1.146   91.5  3.755  5.454   64.7   85.8
E  -63.4  -34.1  109.1  179.0  -85.0    nan  1.029  102.0  3.791  5.638   81.8   90.8
V  -72.5  -40.8  108.7  179.3  172.9  -64.8  1.012   91.6  3.794  5.372   66.0   79.0
L  -66.6  -48.2  111.5 -179.7 -179.4    nan  1.029   90.8  3.785  5.250   65.5   79.9
A -132.4   83.2  107.8 -179.7    nan    nan  0.989   98.3  3.795  4.725  -10.2    7.9
P  -48.1  128.1  111.4  179.9  -30.5    nan  0.960   78.6  3.820  5.966 -138.4 -147.4
G   86.9    1.9  117.9  179.2    nan    nan    nan   92.2  3.796    nan    nan   17.9
C  -59.9  -13.5  111.8  179.5   54.1    nan  1.032  114.3  3.815    nan    nan  125.6
L  -96.1   -4.1  113.1  179.7 -106.0    nan  1.078   82.3  3.803  5.371   54.3   78.1
D  -58.5  -37.2  112.5  179.8  -69.6    nan  1.059  102.7  3.812  5.856  109.9  121.8
A  -79.4    0.1  112.2 -180.0    nan    nan  1.055  100.6  3.806  5.246   54.2   72.0
F -130.1   82.2  112.1 -177.8  -53.9    nan  1.045  101.3  3.812  5.200   37.4   57.4
P  -53.1  -44.3  115.1 -179.7   22.8    nan  1.016  101.1  3.834  6.002 -144.7 -154.4
L  -62.9  -45.1  110.6  179.5  -90.6    nan  1.064   95.7  3.803  5.284   57.7   80.8
L  -62.8  -46.7  109.9  179.7  -73.4    nan  1.039   95.3  3.826  5.396   65.8   79.1
S  -56.0  -52.6  110.6  179.2  -64.1    nan  1.033   96.2  3.798  5.322   72.7   83.5
A  -63.0  -35.4  110.6 -179.8    nan    nan  1.057  100.9  3.789  5.178   57.2   72.8
Y  -61.1  -51.5  108.7  179.5  171.5    nan  1.010   94.7  3.815  5.409   76.9   88.9
V  -56.7  -51.0  110.4  179.7  169.7  -68.8  1.052   96.8  3.798  5.289   63.2   78.5
G  -58.5  -49.4  111.6  180.0    nan    nan    nan   95.8  3.806    nan    nan   78.3
R  -56.0  -54.1  111.8 -178.9 -171.8    nan  1.034   94.5  3.790    nan    nan   83.2
L  -62.6  -43.2  111.4 -179.4  -76.3    nan  1.051   96.5  3.798  5.151   56.0   72.6
S  -61.6  -21.9  111.6  179.7  -59.6    nan  1.035  108.7  3.787  5.280   68.6   82.4
A  -82.7  -14.7  113.9 -179.6    nan    nan  1.091   91.2  3.805  5.384   60.3   83.5
R  -55.9  120.3  108.1  179.2  -65.5    nan  1.027   86.5  3.813  5.765  103.0  113.1
P  -30.6  -68.3  118.1 -179.0  -35.9    nan  1.070   95.5  3.864  5.576  -81.3  -94.9
K  -59.8  -38.5  112.4 -179.0  -67.1    nan  1.074  100.9  3.822  5.083   43.3   65.0
L  -67.6  -47.4  110.1  179.7 -131.6    nan  1.025   91.4  3.812  5.408   69.2   81.0
K  -54.2  -54.2  109.3 -179.6 -176.7    nan  1.012   97.2  3.811  5.271   75.4   85.2
A  -56.1  -41.9  110.5  179.6    nan    nan  1.044  102.7  3.797  5.172   62.5   76.7
F  -64.6  -50.6  110.0 -179.9  174.2    nan  1.016   92.0  3.818  5.381   68.4   80.7
L  -59.5  -28.0  113.5 -178.0  -70.1    nan  1.064  106.7  3.771  5.154   64.1   79.8
A  -90.1  -11.4  111.3 -179.5    nan    nan  1.051   85.8  3.769  5.228   50.4   70.6
S  -73.6  151.2  113.2 -178.1   82.2    nan  1.080   86.3  3.804  5.637   82.9  103.0
P  -57.6  -31.8  111.2  179.9  -29.4    nan  0.945  107.1  3.856  5.255  -72.7  -90.3
E  -56.2  -31.7  111.4  179.7 -169.3    nan  0.995  108.3  3.803  5.270   78.6   97.4
Y -102.7  -57.3  109.4  178.8  173.0    nan  1.000   66.9  3.810  5.093   31.6   52.4
V  -52.0  -38.0  116.6 -178.3  175.8  -62.6  1.114  105.6  3.802  5.122   62.5   80.7
N  -88.2   11.0  116.4 -178.1  -63.1    nan  1.164   96.6  3.780  5.125   39.8   67.4
L -103.8  132.2  107.3  179.0 -123.1    nan  0.962  111.9  3.793  5.751   83.6   90.4
P  -70.7  152.7  107.2  179.1   31.6    nan  0.908   80.4  3.794  5.667 -112.6 -120.6
I  -63.1  -46.3  110.4 -179.6  -64.5  173.6  1.040   95.0  3.808  5.646  -93.5  -90.8
N -121.4  166.9  110.8  180.0  -54.7    nan  1.041  125.2  3.793  4.828    1.0   21.5
G  -85.4   -8.6  116.9 -179.5    nan    nan    nan   90.7  3.787    nan    nan  -94.3
N -103.9    7.4  111.9  179.7   69.6    nan  1.081   79.0  3.798    nan    nan   75.9
G   78.5    7.5  115.0  179.3    nan    nan    nan   98.3  3.783    nan    nan -101.8
K -104.6  143.1  108.2  178.9  -65.1    nan  1.025  112.6  3.803    nan    nan   87.1
Q -160.4    nan  108.3 -179.0   55.0    nan  0.985    nan  3.807  5.608  169.5  159.1
