Id   phi    psi    tau  omega    chi    chi2  solid    eta  CA-CA  CB-CB  BA^AB  NA^AC
P    nan -133.5  104.4    nan   34.7    nan  0.915    nan    nan    nan    nan    nan
Y -108.8  153.4  111.5 -179.4  -53.6    nan  1.021  116.3  3.791  4.937  -72.7  -49.6
T -148.0  122.7  108.0  179.1  -60.2  178.8  0.987  126.5  3.746  5.494 -172.0 -177.7
V -108.6  126.8  108.3  177.6   -9.2  117.9  1.100  115.4  3.777  5.958 -174.4 -168.5
V -108.2  117.9  106.8 -179.0 -177.4  -53.2  0.977  112.9  3.790  5.868 -147.6 -164.5
Y -160.7  178.2  109.7 -177.0 -164.2    nan  0.975  161.2  3.769  5.564  143.3  134.5
F  -80.8  168.4  107.7  177.4  -54.2    nan  0.971   84.5  3.791  5.190  -82.1  -80.2
P  -82.9   65.0  112.7 -179.8   36.9    nan  0.990  113.6  3.812  5.298  -94.6  -89.7
V -147.4  159.0  105.6  179.2  -50.5   72.0  0.970  147.0  3.835  5.803   89.7   94.0
R  -72.2  -60.7  107.7  179.2  -58.4    nan  1.019   84.1  3.798  5.427  -92.0  -93.0
G   37.0 -130.4  114.9  178.7    nan    nan    nan   71.0  3.793    nan    nan  156.2
R  -75.4    6.9  116.8 -177.7  -68.4    nan  1.133  107.6  3.786    nan    nan   -7.4
C -110.0  -15.2  112.0  179.0  -67.0    nan  1.059   65.1  3.799  5.583   65.9   82.8
A  -50.1  -52.2  113.2 -178.2    nan    nan  1.071   98.9  3.799  5.695  107.7  120.9
A  -59.4  -56.5  112.5 -179.1    nan    nan  1.073   90.4  3.795  5.216   62.7   78.2
L  -59.5  -27.7  111.8 -177.0   64.3    nan  1.087  107.6  3.802  5.181   58.7   75.6
R  -72.4  -42.1  107.4  178.5  -73.7    nan  0.999   91.9  3.803  5.529   73.5   84.7
M  -58.5  -44.6  108.3  179.7  -64.4    nan  1.019  100.6  3.787  5.354   72.3   84.8
L  -56.9  -59.0  110.8 -178.8 -173.9    nan  1.054   91.5  3.788  5.291   71.3   85.7
L  -51.6  -51.4  111.4 -179.0  -70.7    nan  1.035   99.4  3.805  5.180   66.9   78.3
A  -57.0  -54.3  110.4 -179.6    nan    nan  1.029   94.6  3.785  5.172   66.1   79.6
D  -59.0  -34.1  111.7 -179.5 -157.8    nan  1.055  104.4  3.794  5.178   60.5   75.2
Q  -84.6    5.5  112.8 -179.4  -68.8    nan  1.096   97.6  3.812  5.265   48.8   70.7
G   69.8   24.0  112.9  179.2    nan    nan    nan   99.6  3.786    nan    nan -110.9
Q  -89.3  152.6  112.2 -179.4  -59.7    nan  1.063   99.4  3.778    nan    nan  119.4
S -108.5  140.9  109.7  179.9  -72.9    nan  1.004  116.6  3.808  5.645 -130.8 -136.3
W -150.0  156.5  113.3  179.1   73.9    nan  1.095  150.8  3.790  5.607  166.8  169.0
K -101.1  140.3  108.2 -179.9  154.5    nan  0.987  110.1  3.787  5.489 -117.1 -125.8
E -107.1  114.0  111.4  179.8  -73.3    nan  1.034  116.0  3.787  5.778 -146.4 -147.7
E  -98.7  104.8  105.5  177.2  -81.2    nan  0.976  107.1  3.794  5.943 -160.2 -171.3
V  -84.5  128.9  110.5 -178.7 -179.2  -56.7  1.029  102.2  3.791  6.045 -155.9 -160.3
V -112.5  126.7  107.8  179.9  178.6  -59.4  1.007  117.0  3.796  5.845 -159.5 -167.4
T  -95.9  162.5  111.2  179.5   50.1  -71.4  1.024  101.9  3.804  5.917 -145.2 -150.7
V  -55.4  -35.9  111.0 -179.4   73.0 -162.0  1.074  106.6  3.791  5.255  -69.4  -73.2
E  -65.6  -50.0  110.4  179.7  -57.9    nan  1.036   91.3  3.804  5.462   72.6   85.0
T  -59.2  -36.2  111.1  179.8  -50.9 -171.7  1.032  103.3  3.807  5.237   66.4   78.3
W  -73.5  -46.9  110.7 -179.7 -169.3    nan  1.029   87.0  3.797  5.304   62.5   78.0
Q  -66.2   -2.2  112.9 -178.8  -67.8    nan  1.109  112.9  3.797  5.180   55.1   76.3
E  -80.4  -20.7  108.4  177.9 -170.1    nan  1.017   92.7  3.790  5.757   88.1  100.6
G   86.1  -26.9  119.8  178.0    nan    nan    nan  106.6  3.805    nan    nan -123.1
S  -53.6  -55.4  115.6 -178.9   51.7    nan  1.086   92.9  3.808    nan    nan  108.3
L  -67.5  -39.9  110.7 -179.3 -157.5    nan  1.054   94.8  3.803  5.129   51.5   67.8
K  -55.9  -44.1  110.9  180.0 -171.3    nan  1.037  101.4  3.802  5.443   79.1   90.7
A  -65.4  -34.0  112.8 -179.8    nan    nan  1.068   98.6  3.817  5.260   62.3   78.8
S  -77.1  -10.5  112.9 -179.4   56.3    nan  1.072   98.7  3.799  5.326   58.8   78.0
C  -84.4  131.7  110.1  179.6  -69.0    nan  1.023  101.0  3.816  5.608   75.6   90.8
L  -45.0  -49.4  115.5 -178.5 -173.4    nan  1.100  103.3  3.822  5.617  -85.8  -96.8
Y -111.5   25.9  110.3  178.7  -57.8    nan  1.038   79.1  3.815  4.876    9.5   29.1
G   55.1   28.7  114.8 -180.0    nan    nan    nan  109.7  3.845    nan    nan -105.1
Q -144.6  162.5  114.8 -178.1  -67.8    nan  1.063  148.3  3.789    nan    nan   68.3
L -110.9  166.6  103.9  177.4  -61.2    nan  0.947  113.5  3.816  5.462 -124.4 -131.1
P  -66.9  152.5  116.3   -0.2   33.2    nan  0.992   80.9  2.988  4.692   98.2   87.1
K -117.9  144.8  100.5  176.6  167.2    nan  0.921  118.4  3.786  5.697 -146.7 -152.6
F -134.9  145.7  111.2 -177.9 -166.3    nan  1.003  136.6  3.821  5.711 -168.4 -167.3
Q -131.1  131.2  109.9  178.4  -64.5    nan  1.043  128.7  3.776  5.656 -169.3 -167.0
D -131.3   91.5  102.5  177.8 -176.3    nan  0.935  100.4  3.787  5.794 -172.9  173.5
G   73.0 -135.1  102.1 -177.8    nan    nan    nan   86.3  3.775    nan    nan  -20.8
D  -91.6    9.1  112.2  179.9   64.2    nan  1.079   91.9  3.809    nan    nan  -35.4
L  -89.1  114.3  107.2  179.7 -154.4    nan  0.976  105.3  3.801  5.810   93.6  103.7
T -101.8  128.7  107.9  178.4  -59.0 -178.9  1.002  111.2  3.799  5.994 -166.2 -170.5
L -124.6  156.6  112.6 -179.8  -69.8    nan  1.040  130.3  3.807  5.828 -173.4 -176.8
Y -133.9  165.6  104.8  177.0  -61.1    nan  1.004  135.8  3.767  5.530 -159.0 -160.5
Q   79.3  110.3  110.9 -178.9  -61.3    nan  1.074   66.8  3.845  4.891   71.7   58.1
S  -49.3  -43.0  114.4 -177.8   54.2    nan  1.088  105.3  3.816  5.891 -108.2 -122.4
N  -70.0  -24.4  112.4 -179.5  -62.7    nan  1.095   99.4  3.804  5.310   57.7   76.6
T  -72.7  -38.5  105.5  177.6  -68.8  170.8  0.976   94.3  3.794  5.598   78.5   86.4
I  -65.4  -48.8  108.3  178.8  -58.2 -179.5  1.022   93.5  3.782  5.341   66.4   80.7
L  -55.1  -51.4  111.1  178.8  -79.5    nan  1.034   97.3  3.795  5.268   69.9   81.8
R  -62.4  -44.0  110.9 -180.0  -74.0    nan  1.066   96.6  3.791  5.227   58.2   74.5
H  -56.3  -50.0  111.5  179.6  175.6    nan  1.045   97.1  3.784  5.380   75.8   86.6
L  -63.0  -39.4  109.7  180.0 -101.7    nan  1.004   99.2  3.819  5.218   63.8   74.8
G  -66.6  -34.1  112.6 -179.4    nan    nan    nan   97.5  3.785    nan    nan   82.0
R  -72.9  -50.0  109.8 -179.5 -160.7    nan  1.012   86.6  3.767    nan    nan   80.6
T  -74.5  -24.0  115.8 -178.1   55.0  -65.0  1.100   94.2  3.784  5.098   43.5   67.0
L -101.3   -3.5  113.9 -179.7  -87.1    nan  1.085   77.3  3.813  5.265   43.3   64.5
G   77.1   39.1  115.0  179.9    nan    nan    nan   85.0  3.790    nan    nan -112.7
L -117.7   41.5  107.4  178.5  -39.8    nan  0.985   80.1  3.792    nan    nan  101.6
Y -127.4   32.3  113.6 -177.8 -141.2    nan  1.049   69.9  3.862  5.716   83.1   99.8
G   87.2  163.4  113.4  180.0    nan    nan    nan   80.8  3.834    nan    nan  -70.2
K  -88.8  -15.0  112.7 -177.9   74.8    nan  1.093   85.4  3.796    nan    nan -101.8
D -156.5 -178.4  110.4  178.9   55.4    nan  1.067  155.9  3.783  4.968   -5.3   12.6
Q  -59.6  -37.1  112.8 -178.6  -67.7    nan  1.081  101.7  3.771  5.037  -54.1  -52.6
Q  -60.6  -56.0  109.9  179.3  178.4    nan  1.033   91.6  3.779  5.403   75.4   88.6
E  -59.3  -38.1  110.0  179.9  -64.9    nan  1.055  102.7  3.831  5.240   57.1   72.3
A  -56.4  -42.9  110.4  178.8    nan    nan  1.032  102.0  3.813  5.448   80.0   90.6
A  -66.1  -42.9  109.4  179.2    nan    nan  1.024   95.2  3.813  5.311   63.2   77.4
L  -63.0  -36.9  109.9  179.9  -62.8    nan  1.047  100.4  3.817  5.291   64.4   80.7
V  -63.9  -42.5  109.9  179.0  171.2  -68.0  1.034   96.7  3.806  5.466   70.1   84.8
D  -63.1  -47.2  108.1 -179.7  -80.2    nan  0.989   96.0  3.820  5.374   70.9   80.9
M  -53.8  -42.5  111.6 -178.8 -167.6    nan  1.046  103.6  3.790  5.195   72.3   86.3
V  -68.8  -49.3  108.9  178.9  169.1  -69.4  0.998   90.4  3.797  5.353   63.7   75.2
N  -58.5  -41.9  112.5 -178.5 -161.7    nan  1.082   99.9  3.782  5.211   65.0   81.0
D  -60.5  -39.5  110.8  178.7  -69.7    nan  1.041  100.6  3.807  5.406   73.2   84.0
G  -66.2  -39.9  109.9  178.6    nan    nan    nan   96.3  3.790    nan    nan   80.3
V  -61.4  -46.7  107.4  179.0  175.4  -63.9  1.012   97.9  3.807    nan    nan   83.8
E  -57.1  -46.1  111.8  179.4  176.6    nan  1.062   98.7  3.815  5.308   68.0   82.1
D  -57.2  -46.5  110.6  178.9  -80.5    nan  1.004   99.1  3.810  5.363   74.4   83.2
L  -71.3  -32.5  111.4 -178.9 -171.1    nan  1.078   94.9  3.791  5.135   50.6   71.5
R  -66.8  -34.8  110.5  179.1 -174.6    nan  1.046   98.0  3.808  5.522   73.0   86.8
C  -65.8  -40.6  110.3  179.6  -67.8    nan  1.039   96.0  3.812  5.446   72.3   85.7
K  -67.0  -42.2  108.5  179.0  -64.1    nan  0.999   95.4  3.803  5.328   67.3   78.3
Y  -59.4  -52.9  108.3  178.7  169.9    nan  0.993   95.3  3.805  5.308   71.8   83.2
I  -56.1  -46.3  109.7 -179.3  -70.9  165.7  1.039  100.6  3.785  5.163   62.5   78.3
S  -56.1  -46.1  110.1 -179.8 -171.7    nan  1.026  100.4  3.784  5.324   71.5   84.4
L  -59.7  -58.8  110.1  179.7  173.7    nan  1.012   90.5  3.804  5.323   69.4   81.0
I  -47.5  -40.8  115.3 -179.1  -59.9  176.8  1.077  107.7  3.790  5.119   68.9   82.7
Y -105.5  -22.7  116.4 -177.9  -62.8    nan  1.111   65.7  3.817  4.925   22.0   47.2
T  -96.8  -43.9  116.2 -176.9  -72.3  166.9  1.142   67.1  3.863  5.359   45.9   73.0
N -161.8   70.1  112.4  179.0   61.5    nan  1.118   77.8  3.775  4.769  -38.4  -18.4
Y  -61.9  -53.2  113.2  179.8 -172.8    nan  1.055   90.2  3.776  6.141 -163.8 -174.1
E  -62.6  -47.6  114.8 -178.3  -66.5    nan  1.087   92.0  3.827  5.184   57.9   75.4
A  -73.6  -41.0  115.0 -179.3    nan    nan  1.103   87.0  3.796  5.131   50.2   70.0
G  -95.4   -5.1  121.0 -177.3    nan    nan    nan   82.0  3.796    nan    nan   59.6
K  -55.0  -46.3  113.2 -178.0 -163.1    nan  1.091   99.3  3.804    nan    nan  126.6
D  -58.9  -50.9  112.2 -179.8  -64.4    nan  1.055   94.3  3.815  5.392   71.2   83.2
D  -62.4  -35.5  111.7 -179.7  -72.0    nan  1.061  100.8  3.758  5.148   60.2   75.6
Y  -66.6  -48.4  110.3 -179.2 -171.3    nan  1.034   91.5  3.784  5.376   70.2   85.4
V  -64.4  -33.4  110.9 -179.4  171.8  -66.1  1.075  100.6  3.790  5.207   57.0   75.4
K  -67.3  -37.8  109.4  178.4  -75.0    nan  1.020   96.7  3.797  5.500   72.8   84.6
A  -80.6  -19.7  114.4 -179.4    nan    nan  1.094   90.9  3.804  5.213   48.8   70.8
L  -45.4  -54.2  117.9 -178.7 -109.1    nan  1.160   98.1  3.811  5.758  106.4  122.1
P  -42.7  -48.6  113.2 -179.7  -33.6    nan  0.989  106.6  3.827  5.302   88.2   92.6
G  -65.6  -29.6  113.9  180.0    nan    nan    nan  100.2  3.799    nan    nan   75.2
Q  -78.5  -27.1  111.6  179.6  -60.2    nan  1.033   90.7  3.807    nan    nan   79.4
L  -88.0  -32.3  111.5 -179.7  -63.6    nan  1.045   80.5  3.806  5.294   53.5   72.9
K  -42.1  -44.6  115.1  179.9 -121.0    nan  1.086  109.2  3.801  5.529   98.7  111.3
P  -56.8  -35.5  114.9  180.0  -32.7    nan  1.006  103.9  3.837  5.286   76.2   87.8
F  -75.8  -31.4  112.5 -179.0  -55.0    nan  1.096   90.9  3.827  5.249   49.4   78.4
E  -68.4  -44.0  106.9  177.6  178.8    nan  1.000   94.4  3.802  5.492   72.0   84.2
T  -60.0  -48.1  110.6  179.1  -55.6 -176.6  1.033   96.1  3.831  5.355   66.9   81.2
L  -53.1  -45.6  108.9  178.3  -83.1    nan  0.979  103.6  3.810  5.294   77.2   83.9
L  -60.9  -45.9  112.3  179.9 -122.8    nan  1.049   95.7  3.784  5.135   63.5   80.4
S  -64.1  -20.6  112.8 -179.9   67.9    nan  1.065  106.6  3.823  5.326   62.1   78.7
Q  -90.3   -4.5  113.3 -180.0  -62.6    nan  1.078   87.9  3.810  5.372   56.6   77.6
N -121.9   90.7  111.3 -179.4 -178.7    nan  1.046  108.4  3.796  5.269   40.6   60.7
Q   53.4   38.8  113.9  179.5  -63.7    nan  1.091  105.1  3.816  5.229  -26.4  -48.3
G   63.3   25.6  114.7  178.8    nan    nan    nan  104.1  3.772    nan    nan  -87.7
G   69.0   18.5  114.2  179.2    nan    nan    nan  102.7  3.775    nan    nan  -94.0
K  -78.7  -29.6  115.2 -179.4 -114.7    nan  1.092   88.0  3.790    nan    nan  125.1
T -104.5  -97.9  115.9 -177.9   56.6  -63.3  1.148   67.4  3.809  5.146   30.0   58.7
F -125.2  178.5  111.9 -177.9  -58.8    nan  1.069  125.7  3.831  4.675  -46.1  -25.4
I  -64.7  -28.5  113.4 -178.3 -165.7   71.6  1.140  101.7  3.792  5.297  -67.9  -60.4
V -145.9  127.2  108.3  178.7  169.2  -68.7  0.990  129.8  3.815  5.070    0.1   11.1
G   69.7 -163.1  113.6  179.0    nan    nan    nan   77.2  3.795    nan    nan    3.2
D -109.3    7.0  115.2 -179.6   51.9    nan  1.104   73.8  3.791    nan    nan  -80.0
Q -122.4  149.5  105.8  179.4   48.2    nan  0.985  125.3  3.799  5.470   55.3   68.2
I  -69.8  153.1  112.3 -179.0 -154.0   82.9  1.065   81.6  3.807  5.604  -97.9  -99.5
S -140.4  166.7  109.7 -179.4   70.3    nan  1.015  143.1  3.834  5.641 -163.3 -168.3
F  -58.4  -27.7  111.2 -178.7   66.4    nan  1.079  108.8  3.796  5.312  -69.7  -69.7
A  -64.0  -32.5  109.5 -179.9    nan    nan  1.031  102.1  3.790  5.549   82.6   94.4
D  -61.4  -53.1  110.9  180.0  -77.5    nan  1.019   92.1  3.805  5.469   81.1   92.2
Y  -60.1  -36.6  111.0 -178.9  -61.3    nan  1.064  102.5  3.825  5.143   59.7   75.7
N  -71.3  -46.2  110.0  179.1 -154.5    nan  1.038   89.4  3.813  5.397   63.8   78.6
L  -64.5  -40.1  109.7  178.7  174.1    nan  1.025   97.7  3.819  5.318   63.1   75.5
L  -58.0  -49.8  108.9  179.5  175.7    nan  1.013   97.5  3.813  5.407   77.1   87.5
D  -59.3  -45.6  111.0  179.8 -178.4    nan  1.056   97.8  3.783  5.242   63.6   77.9
L  -53.7  -49.8  107.8  179.9 -172.7    nan  0.984  101.2  3.784  5.352   80.1   86.9
L  -58.9  -50.9  110.4 -179.2  -63.6    nan  1.051   95.5  3.791  5.163   62.0   78.6
L  -54.2  -51.0  113.0  179.8  -69.1    nan  1.072   97.0  3.782  5.311   68.6   82.5
I  -65.0  -26.2  111.7 -177.4   64.8  -59.5  1.098  103.4  3.799  5.293   57.2   75.4
H  -75.6  -30.9  112.5  179.6  -82.5    nan  1.136   91.3  3.756  5.459   64.6   85.8
E  -63.6  -34.6  108.9  179.1  -85.2    nan  1.028  101.6  3.799  5.635   81.5   91.1
V  -71.8  -41.7  109.0  178.9  172.9  -64.8  1.015   91.6  3.793  5.367   65.7   78.9
L  -65.7  -49.1  111.3  180.0 -178.9    nan  1.028   91.1  3.791  5.251   65.4   79.6
A -132.0   83.8  107.6 -179.7    nan    nan  0.987   98.7  3.799  4.732  -10.7    7.6
P  -48.3  127.9  111.2  180.0  -30.0    nan  0.963   78.7  3.819  5.965 -138.3 -146.9
G   87.2    2.1  118.1  179.0    nan    nan    nan   91.8  3.794    nan    nan   17.9
C  -60.6  -13.1  111.3 -180.0   52.8    nan  1.025  114.0  3.811    nan    nan  125.5
L  -96.1   -3.6  112.9 -180.0 -106.6    nan  1.083   82.5  3.804  5.374   54.1   78.6
D  -59.5  -36.3  112.5 -179.8  -69.7    nan  1.060  102.4  3.807  5.861  109.7  121.7
A  -80.2    0.5  112.5  179.9    nan    nan  1.054  100.0  3.800  5.245   54.5   72.0
F -130.6   82.0  112.4 -178.5  -53.9    nan  1.043  101.3  3.808  5.195   37.4   56.9
P  -52.8  -43.6  115.1 -179.8   22.0    nan  1.014  101.8  3.837  6.008 -144.9 -154.3
L  -63.8  -45.2  109.9 -179.8  -90.9    nan  1.060   95.4  3.809  5.291   57.8   81.1
L  -62.4  -47.0  110.5  179.3  -73.0    nan  1.045   95.1  3.823  5.395   65.7   79.0
S  -55.6  -53.4  110.6  178.8  -65.6    nan  1.025   96.0  3.800  5.319   73.9   83.4
A  -61.9  -36.0  110.4 -179.7    nan    nan  1.049  101.6  3.789  5.156   58.0   73.1
Y  -61.2  -50.9  108.8 -179.7  171.2    nan  1.013   94.9  3.818  5.397   75.9   88.8
V  -57.0  -50.0  110.8  179.1  169.9  -68.3  1.051   97.0  3.799  5.289   63.3   78.6
G  -59.1  -49.5  111.8  179.9    nan    nan    nan   95.2  3.796    nan    nan   78.8
R  -56.0  -54.6  111.6 -179.0 -171.9    nan  1.032   94.4  3.788    nan    nan   83.1
L  -62.3  -42.7  111.5 -179.4  -75.9    nan  1.055   97.0  3.796  5.151   56.1   72.4
S  -62.0  -21.6  111.8  179.6  -58.7    nan  1.038  108.4  3.789  5.289   68.9   82.4
A  -83.1  -14.4  113.8 -179.6    nan    nan  1.090   91.0  3.797  5.390   60.8   83.4
R  -56.0  120.2  107.9  179.3  -66.1    nan  1.028   86.5  3.812  5.772  103.4  113.3
P  -30.2  -69.1  117.9 -179.3  -36.0    nan  1.069   95.1  3.870  5.570  -80.7  -94.8
K  -59.0  -38.5  112.5 -179.2  -66.2    nan  1.083  101.5  3.825  5.080   42.4   64.9
L  -67.9  -47.5  110.2 -179.6 -132.7    nan  1.033   91.0  3.809  5.409   68.3   81.2
K  -53.9  -54.1  109.4  179.9 -175.7    nan  1.008   97.4  3.812  5.279   75.5   85.0
A  -56.3  -42.6  110.6  179.7    nan    nan  1.041  102.1  3.795  5.173   62.6   76.7
F  -63.5  -51.0  110.3  179.8  174.3    nan  1.026   92.3  3.815  5.377   68.1   80.9
L  -59.0  -27.8  113.6 -178.1  -70.2    nan  1.066  107.1  3.779  5.153   64.2   79.9
A  -91.1  -11.4  110.8 -179.0    nan    nan  1.042   84.9  3.770  5.233   50.2   70.0
S  -73.3  150.7  113.2 -178.4   82.4    nan  1.083   86.2  3.809  5.640   82.7  102.9
P  -57.2  -31.9  110.8  179.9  -29.8    nan  0.932  107.5  3.857  5.251  -71.6  -90.6
E  -56.0  -31.6  111.6  179.8 -169.8    nan  1.004  108.5  3.807  5.257   77.8   97.6
Y -103.0  -56.8  109.3  179.1  173.2    nan  1.005   66.9  3.802  5.089   31.5   52.5
V  -52.9  -37.1  116.3 -177.7  175.0  -63.6  1.106  105.6  3.804  5.136   62.8   80.7
N  -89.0   11.1  116.3 -177.9  -63.9    nan  1.153   95.8  3.775  5.106   40.3   67.4
L -103.6  132.6  107.8  178.5 -122.5    nan  0.968  112.2  3.786  5.734   82.6   90.4
P  -70.7  152.1  107.0  179.3   31.5    nan  0.909   80.6  3.792  5.660 -111.5 -120.3
I  -62.7  -46.6  110.7  180.0  -64.6  173.6  1.049   95.0  3.812  5.640  -93.9  -91.3
N -120.9  167.6  111.0  179.6  -54.7    nan  1.047  124.6  3.788  4.823    1.1   21.5
G  -86.3   -7.6  116.6 -179.7    nan    nan    nan   90.2  3.793    nan    nan  -94.4
N -104.0    7.6  112.0  179.7   70.1    nan  1.089   79.0  3.803    nan    nan   76.5
G   77.8    7.6  115.1  179.7    nan    nan    nan   98.9  3.778    nan    nan -102.0
K -104.9  143.3  107.9  179.3  -65.5    nan  1.018  112.6  3.801    nan    nan   87.3
Q -160.6    nan  107.8 -179.2   54.7    nan  0.981    nan  3.808  5.606  169.1  159.0
