Id   phi    psi    tau  omega    chi    chi2  solid    eta  CA-CA  CB-CB  BA^AB  NA^AC
M    nan  148.5  104.8    nan  166.7    nan  0.922    nan    nan    nan    nan    nan
N -142.2  176.3  107.5  176.3   55.0    nan  1.049  143.2  3.814  5.767  176.5 -176.9
I  -52.6  -39.9  113.6  179.4 -172.8   65.1  1.222  105.2  3.829  5.294  -61.8  -53.6
F  -65.1  -48.6  113.9 -179.1  -70.3    nan  1.159   90.1  3.830  5.563   68.6   84.2
E  -68.2  -34.1  109.0  179.0  -65.2    nan  0.980   97.9  3.801  5.306   64.3   70.6
M  -65.9  -50.8  108.5  179.7 -172.4    nan  0.987   91.9  3.842  5.445   73.2   85.5
L  -66.1  -30.1  114.5  178.5  -80.4    nan  1.136   99.3  3.853  5.230   49.1   70.8
R  -66.0  -33.8  110.9  177.2  161.3    nan  1.166   99.0  3.867  5.598   69.6   88.7
I  -74.6  -37.2  112.1  176.7  -74.3  159.9  1.030   89.5  3.826  5.542   67.4   76.5
D  -73.3  -36.3  116.5  178.7  -79.1    nan  1.166   88.7  3.836  5.281   51.4   76.9
E -102.4  -24.5  115.3 -175.3  -60.8    nan  1.031   68.3  3.799  5.139   41.3   56.3
G   74.2 -171.4  109.9 -175.6    nan    nan    nan   77.3  3.828    nan    nan -128.4
L -135.6  126.5  110.4  177.1  168.6    nan  1.018  128.4  3.777    nan    nan -120.5
R -136.3  133.1  109.4  177.9  -54.1    nan  1.109  131.4  3.854  5.788  164.4  165.7
L  -97.2    1.7  116.0 -176.9  -49.6    nan  1.178   83.6  3.762  5.811 -141.5 -142.5
K -128.0  146.8  105.6 -180.0  166.0    nan  1.020  129.2  3.773  5.361   45.8   58.0
I  -51.8  137.0  109.8 -177.5  -63.4  170.4  1.026   74.3  3.859  5.656  -74.4  -85.2
Y -142.6  169.5  107.8  180.0   66.1    nan  1.076  144.6  3.823  5.787  171.3  172.2
K -100.1  132.2  109.3  177.1  -72.8    nan  1.097  111.0  3.741  5.446 -113.2 -108.3
D  -75.0 -176.0  111.9 -179.0   77.4    nan  1.192   73.6  3.828  5.811 -122.7 -125.5
T  -64.5  -19.6  113.0 -176.3   65.4  -50.4  1.051  106.7  3.808  5.236  -46.8  -52.6
E  -93.4   -4.8  112.6  178.9  -61.0    nan  1.053   84.8  3.872  5.444   54.8   73.8
G   94.0   12.0  113.2 -178.7    nan    nan    nan   81.3  3.758    nan    nan  -95.9
Y  -96.9  151.3  114.7 -179.7  -47.2    nan  1.114  107.8  3.834    nan    nan  103.4
Y  -66.4  120.8  111.1 -179.8  -73.5    nan  1.079   94.4  3.778  5.296  -88.2  -99.5
T -136.9  162.0  111.5 -175.6  -57.2  177.6  0.996  140.5  3.855  5.838  177.3  160.3
I -149.0  159.5  109.3  176.6 -163.5   72.4  1.094  149.6  3.803  5.648 -178.5 -167.2
G   64.6 -130.5  114.2  176.1    nan    nan    nan   90.2  3.874    nan    nan   32.8
I  -97.9   73.4  113.3 -180.0  -55.9 -173.7  1.111  109.7  3.796    nan    nan  -31.5
G   66.4   29.6  113.7 -179.9    nan    nan    nan   99.6  3.869    nan    nan  -52.2
H  -87.4   97.4  111.4  177.1 -176.8    nan  1.032  110.8  3.871    nan    nan  124.1
L  -56.4  135.3  112.3  179.5  175.5    nan  1.047   80.1  3.851  5.990 -132.6 -142.6
L  -96.7  -49.1  113.5  180.0  -73.0    nan  1.114   68.0  3.778  5.794 -145.4 -140.5
T -164.5  152.1  110.9 -178.2  179.4   56.8  1.074  153.7  3.790  4.805  -40.0  -26.1
K  -89.0   -8.4  110.0  173.8  -59.8    nan  1.111   88.1  3.760  5.541 -119.6 -120.9
S  -65.0  154.2  114.3  176.9  153.8    nan  1.142   77.4  3.761  5.783   95.9  110.2
P  -86.8   -5.1  113.6 -177.3  -14.8    nan  0.987   91.1  3.817  5.361  -97.4 -111.9
S  -86.8  125.8  114.5 -177.7  163.9    nan  1.105  107.6  3.753  5.411   67.8   97.5
L  -67.2  -26.9  110.3 -179.9 -177.7    nan  1.123  101.6  3.759  5.881 -119.3 -125.3
N  -73.9  -37.4  108.9 -176.4  -79.0    nan  1.029   91.8  3.740  5.577   76.8   88.2
S  -64.2  -36.3  109.4  178.4  158.0    nan  1.143  100.0  3.664  5.239   61.5   84.0
A  -66.9  -36.3  112.0  178.1    nan    nan  1.095   96.5  3.920  5.698   66.6   82.1
K  -70.9  -33.1  108.7 -179.8  -83.2    nan  1.037   96.2  3.786  5.498   69.0   80.1
S  -65.6  -43.3  111.5  178.4  163.0    nan  1.109   94.1  3.755  5.370   69.7   86.4
E  -66.7  -40.4  110.2  178.5  -66.7    nan  0.996   95.5  3.820  5.456   69.2   76.3
L  -58.0  -48.5  113.7  178.5  177.8    nan  1.112   95.5  3.749  5.248   69.0   87.9
D  -64.6  -34.5  112.4  179.4  -66.4    nan  1.040   99.1  3.799  5.370   64.3   75.7
K  -63.8  -44.8  108.9  177.0 -174.7    nan  0.924   96.2  3.796  5.409   82.5   85.9
A  -63.7  -37.8  112.8 -179.7    nan    nan  1.016   97.9  3.858  5.141   62.9   79.0
I  -92.8  -28.7  116.0 -178.4  -65.0  174.5  1.115   75.3  3.778  4.982   34.4   61.1
G   86.0   19.9  115.4 -179.9    nan    nan    nan   85.4  3.825    nan    nan -127.8
R -150.9  162.7  109.4  176.8   69.9    nan  1.126  151.9  3.842    nan    nan   48.6
N  -75.6  104.2  107.8  177.7 -111.2    nan  0.867  103.1  3.766  5.144  -69.7  -94.2
T  -98.9  -15.3  117.3 -172.2   67.1  -58.5  1.034   74.4  3.691  5.845  178.6 -163.0
N   51.1   36.6  113.4 -172.9 -152.3    nan  1.206  108.7  3.729  5.507 -147.2 -140.9
G   77.7    3.5  118.8  177.2    nan    nan    nan  100.6  3.879    nan    nan  -78.7
V -125.8  133.4  113.2  178.6  175.9  -64.2  1.096  129.3  3.789    nan    nan   64.0
I -125.3  164.2  109.0  179.9   65.3  -59.6  1.066  128.9  3.830  5.856 -169.2 -175.4
T  -92.8  170.0  109.7  178.2   75.6  -45.8  1.022   96.1  3.821  5.445 -103.5 -108.3
K  -58.1  -42.4  114.4 -178.9 -169.2    nan  1.185   98.8  3.859  5.393  -72.3  -65.3
D  -63.8  -38.9  113.1  179.6  -85.4    nan  0.927   97.0  3.774  5.392   84.7   81.9
E  -66.7  -40.9  107.4 -178.2  -74.6    nan  1.059   96.8  3.810  5.124   59.6   82.7
A  -60.3  -44.2  113.1  177.5    nan    nan  1.064   96.7  3.822  5.423   70.2   83.2
E  -69.0  -32.9  110.7  179.5  -84.0    nan  1.089   97.0  3.830  5.259   55.5   74.4
K  -66.6  -48.1  111.8  176.0  174.7    nan  1.128   90.7  3.758  5.466   66.4   84.3
L  -61.6  -34.6  109.5  175.8  -67.0    nan  0.974  103.0  3.833  5.494   73.4   74.7
F  -64.4  -49.3  111.0 -178.1 -173.9    nan  1.062   92.1  3.830  5.329   70.5   88.9
N  -59.0  -38.0  109.7  178.2  -81.2    nan  0.959  103.1  3.822  5.383   71.9   77.6
Q  -65.0  -40.8  110.7  179.9  -68.3    nan  1.012   96.3  3.829  5.392   70.4   84.0
D  -68.9  -36.1  114.1 -177.3  -68.6    nan  1.135   93.8  3.796  5.183   58.7   80.7
V  -71.0  -43.1  108.6  179.4  170.9  -69.0  1.033   91.8  3.831  5.529   68.7   79.8
D  -54.8  -53.0  108.6  175.7 -173.1    nan  1.125   98.0  3.833  5.461   66.4   84.6
A  -56.6  -40.6  113.1  177.4    nan    nan  1.077  101.8  3.891  5.572   66.6   76.0
A  -61.0  -51.3  112.1  179.2    nan    nan  1.064   92.6  3.817  5.415   72.9   85.7
V  -52.0  -51.1  111.4  179.2  174.5  -67.1  1.108   99.4  3.844  5.359   67.7   83.9
R  -65.1  -34.9  112.9  179.8  -57.8    nan  1.254   98.3  3.821  5.224   44.1   72.4
G  -61.7  -43.5  109.7  175.6    nan    nan    nan   98.0  3.749    nan    nan   87.1
I  -58.6  -48.6  110.7  178.1  -72.7  163.7  1.020   96.9  3.856    nan    nan   83.1
L  -67.1  -19.3  114.4 -176.9  -46.3    nan  1.237  103.9  3.837  5.228   44.8   75.9
R  -95.0  -15.7  111.9  179.5  -93.0    nan  0.951   79.4  3.824  5.634   72.8   72.6
N  -87.2  129.6  112.1 -176.6 -176.0    nan  1.077  105.0  3.765  5.151   61.3   87.4
A  -71.5  -16.8  114.7 -176.0    nan    nan  1.183  100.9  3.805  5.899 -123.9 -120.3
K  -91.5  -30.5  113.9  176.6  -87.0    nan  1.038   76.8  3.791  5.618   66.7   77.4
L  -89.6  -38.0  113.0 -175.3  -57.4    nan  1.089   76.4  3.779  5.112   49.9   72.7
K  -51.7  -50.9  115.6 -177.0  179.0    nan  1.188   97.4  3.734  5.368   77.4  100.7
P  -60.8  -36.8  112.1 -179.7    2.2    nan  1.021  101.1  3.777  5.381   68.9   78.1
V  -64.8  -49.5  110.5  177.2 -172.3  -50.0  1.020   92.1  3.841  5.453   68.6   83.5
Y  -52.1  -51.5  111.4  178.4 -169.9    nan  1.068   99.1  3.762  5.189   68.4   84.3
D  -55.4  -37.8  114.4 -179.7  -77.7    nan  1.130  103.9  3.842  5.341   63.3   81.7
S  -72.4  -20.0  117.2  178.1   86.9    nan  1.103   97.7  3.766  5.243   62.0   77.9
L  -88.6  158.5  116.6 -174.5  -57.4    nan  1.077   98.1  3.883  5.513   64.1   85.7
D  -75.6  172.2  110.3  172.0   57.1    nan  1.035   78.4  3.827  5.320  -95.0 -103.5
A  -63.1  -39.3  117.0 -174.9    nan    nan  1.351   95.4  3.850  5.462  -86.9  -63.2
V  -62.4  -53.3  112.0  179.4 -178.1  -60.0  1.118   90.6  3.798  5.689   80.5   86.5
R  -59.3  -35.0  113.2  179.1  -71.6    nan  1.126  102.9  3.804  5.225   58.0   75.4
R  -56.8  -45.2  109.4  175.6  -84.8    nan  1.057  100.9  3.811  5.589   80.5   91.0
A  -57.0  -40.1  111.4  176.5    nan    nan  1.060  102.7  3.877  5.383   68.3   81.7
A  -65.4  -36.5  111.9  179.8    nan    nan  1.004   97.7  3.842  5.433   69.4   81.9
L  -69.5  -38.8  109.8  177.8 -171.2    nan  1.070   94.2  3.816  5.357   59.9   79.5
I  -64.1  -35.5  109.8  179.9  -66.1  173.1  1.040  100.3  3.786  5.504   71.1   84.0
N  -63.7  -48.5  108.2 -178.0 -173.8    nan  1.042   94.8  3.799  5.320   72.0   88.2
M  -56.0  -45.3  112.1  179.1  -73.6    nan  1.068   99.9  3.795  5.449   66.9   81.8
V  -64.2  -40.3  114.3 -178.7  173.7  -64.9  1.127   95.3  3.817  5.269   61.9   80.5
F  -58.8  -42.9  111.0  177.6 -176.6    nan  0.966   99.8  3.804  5.438   81.6   86.3
Q  -74.9  -46.9  112.4 -177.7  175.4    nan  1.048   84.8  3.828  5.182   51.3   72.1
M -113.2    0.4  121.7 -172.6   73.8    nan  1.333   67.0  3.788  4.657   -1.7   38.7
G   80.8  154.1  112.0  179.3    nan    nan    nan   72.2  3.736    nan    nan -105.3
E  -59.9  -41.1  114.4 -179.4  126.5    nan  1.155   98.2  3.774    nan    nan  -87.2
T  -58.4  -50.3  111.9 -179.7  -57.0 -176.4  1.047   95.1  3.811  5.570   78.5   88.5
G  -54.1  -54.6  112.1  179.3    nan    nan    nan   95.2  3.700    nan    nan   82.9
V  -60.6  -44.5  111.5 -178.2  179.3  -59.9  1.121   97.2  3.808    nan    nan   75.0
A  -54.2  -24.1  110.2  179.8    nan    nan  1.111  114.9  3.791  5.404   71.4   87.9
G  -74.5  -11.8  115.8  178.1    nan    nan    nan  100.1  3.814    nan    nan   87.9
F  -85.1   60.5  110.4  179.3  -75.1    nan  1.040  110.1  3.809    nan    nan   89.4
T  -49.5  -52.7  117.2 -174.7  -56.0 -173.6  1.112   96.7  3.824  6.220 -168.2 -165.0
N  -65.3  -39.8  114.8 -178.9  -66.0    nan  1.107   94.5  3.748  5.075   54.6   74.3
S  -66.2  -44.0  110.9 -179.8  -80.6    nan  1.007   93.7  3.882  5.452   70.3   82.1
L  -59.7  -40.4  111.7  178.2  -65.6    nan  1.076  100.2  3.803  5.289   66.4   82.2
R  -66.1  -39.7  110.9  179.5  179.8    nan  1.068   95.9  3.802  5.458   68.1   80.6
M  -67.5  -40.1  111.8  177.2  -68.7    nan  1.127   94.1  3.755  5.392   62.4   78.6
L  -60.7  -42.5  109.0  178.6  -67.6    nan  1.023   99.8  3.862  5.626   80.0   84.9
Q  -58.5  -37.3  112.7 -178.2 -140.5    nan  1.103  102.5  3.806  5.321   69.8   87.4
Q  -81.5   -9.8  112.3 -177.5  -61.7    nan  1.118   94.7  3.811  5.266   49.5   71.1
K   67.8   35.2  113.2 -178.6  -57.1    nan  1.148   95.7  3.803  5.560 -127.0 -125.1
R  -99.2   77.5  106.1  177.0  -64.5    nan  1.040  103.4  3.783  5.989  110.1  115.4
W  -57.6  -47.9  118.4 -174.8  -39.1    nan  1.260   93.6  3.829  6.272 -165.5 -156.0
D  -70.3  -36.3  110.1 -179.9  -69.5    nan  1.095   94.6  3.741  5.438   61.3   72.2
E  -70.0  -33.1  113.0  179.7  -31.7    nan  1.175   95.0  3.784  5.468   57.9   81.9
A  -66.4  -42.3  111.2  178.6    nan    nan  1.059   94.2  3.841  5.605   74.8   86.6
A  -58.1  -44.6  110.2  178.2    nan    nan  0.993   99.8  3.885  5.467   75.6   84.7
V  -63.9  -45.0  112.6  179.6  165.8  -73.8  1.131   93.8  3.785  5.246   57.9   79.1
N  -72.3  -32.6  111.1 -179.0 -179.6    nan  1.038   94.1  3.816  5.299   60.2   72.2
L  -62.3  -33.2  111.3  178.7  -83.9    nan  1.058  102.3  3.791  5.535   73.6   90.8
A  -72.8  -18.1  113.9 -176.6    nan    nan  1.199   99.2  3.877  5.360   55.9   84.6
K  -88.6   67.8  108.3  179.7  -62.6    nan  0.926  107.5  3.825  5.687   75.8   79.5
S -148.3  161.9  110.2 -176.8   61.6    nan  1.011  149.9  3.756  5.416   91.6  101.5
R  -64.8  -35.8  108.7  173.8 -178.4    nan  0.950  100.1  3.783  5.339  -76.7  -85.7
W  -47.7  -55.9  112.6  179.2  167.3    nan  1.088   98.1  3.879  5.405   82.7  101.1
Y  -63.8  -42.8  111.7 -180.0 -177.9    nan  1.024   95.7  3.796  5.128   55.8   69.3
N  -69.0  -33.7  113.7 -179.8  -72.7    nan  1.115   95.2  3.848  5.320   53.7   77.3
Q  -82.7  -35.9  114.5  178.9  -58.9    nan  1.092   82.1  3.852  5.504   54.7   71.9
T -130.9   63.8  107.5  179.3   47.4  -73.3  1.019   85.1  3.883  5.056    6.4   21.3
P  -58.9  -38.5  117.8 -175.5   23.7    nan  1.110   98.9  3.767  6.099 -175.9 -169.6
N  -70.5  -41.1  112.1 -177.7  -64.1    nan  1.118   91.1  3.855  5.528   59.3   82.6
R  -65.1  -48.4  110.4  177.4  166.2    nan  1.071   92.4  3.782  5.452   67.7   79.3
A  -53.2  -51.4  109.1  178.1    nan    nan  1.061   99.7  3.891  5.436   73.1   83.5
K  -53.9  -40.1  112.4  178.1  -95.8    nan  0.998  104.6  3.875  5.376   74.0   80.1
R  -61.6  -46.5  111.2  178.1  -71.9    nan  1.140   95.6  3.813  5.393   61.9   84.6
V  -64.6  -47.6  110.9 -178.3  171.5  -62.4  1.096   93.0  3.885  5.385   63.4   77.9
I  -58.8  -40.0  111.2  178.5  -72.5  166.5  1.103  101.4  3.735  5.333   64.3   79.9
T  -67.7  -35.3  110.7 -178.9  -64.1  174.4  1.048   97.0  3.875  5.537   69.7   80.8
T  -61.9  -43.8  109.4  177.8  -52.8 -171.8  1.092   97.9  3.795  5.423   71.2   87.0
F  -68.1  -37.9  110.6  177.8  -84.6    nan  1.014   95.4  3.842  5.482   65.2   73.9
R  -66.8  -43.0  116.1 -178.1 -158.4    nan  1.155   90.7  3.832  5.337   61.6   85.4
T -101.0  -28.5  115.5 -174.4   76.1  -49.4  1.097   68.3  3.814  5.007   32.1   51.8
G   74.7   20.7  115.3 -176.0    nan    nan    nan   95.8  3.711    nan    nan -134.6
T -126.3  176.9  108.6  176.6   72.7  -44.6  0.918  127.2  3.848    nan    nan   75.3
W  -97.2   15.8  113.6  177.7  -63.9    nan  1.036   89.3  3.863  5.325 -107.3  -96.1
D  -48.4  -45.9  116.1 -177.6  -62.0    nan  1.137  103.1  3.817  6.030  137.4  152.2
A  -60.1  -21.9  110.6 -177.8    nan    nan  1.107  110.5  3.829  5.336   68.8   84.4
Y -104.7   -0.6  111.5 -176.6  -72.2    nan  1.061   75.1  3.732  5.307   42.5   64.4
K -104.0    nan  110.0 -178.5  -77.4    nan  1.089    nan  3.802  5.497   60.2   83.8
