Id   phi    psi    tau  omega    chi    chi2  solid    eta  CA-CA  CB-CB  BA^AB  NA^AC
M    nan  154.7  104.9    nan  169.5    nan  0.927    nan    nan    nan    nan    nan
N -152.3  177.6  106.1  178.0   55.5    nan  1.009  152.9  3.807  5.708  175.2 -179.3
I  -54.8  -37.6  114.5 -178.0 -172.5   62.8  1.214  104.4  3.818  5.281  -64.3  -52.3
F  -66.2  -50.9  111.6  180.0  -70.5    nan  1.091   89.6  3.825  5.619   71.3   84.1
E  -62.3  -40.6  110.5  178.9  -62.8    nan  1.031   98.7  3.772  5.271   63.7   74.0
M  -59.3  -56.6  110.6  179.5 -170.8    nan  1.006   91.6  3.779  5.312   75.7   86.3
L  -62.7  -30.8  113.7  179.1  -79.3    nan  1.101  102.2  3.800  5.108   49.4   69.3
R  -66.1  -34.5  111.1  178.4  166.7    nan  1.097   98.5  3.827  5.542   73.4   89.2
I  -70.3  -43.5  110.2  177.1  -78.6  158.2  1.027   91.3  3.815  5.445   68.0   79.9
D  -70.7  -35.6  115.4 -178.3  -74.5    nan  1.125   91.9  3.835  5.281   52.4   76.2
E  -98.7  -26.2  115.2 -175.3  -57.1    nan  1.081   71.3  3.752  5.081   39.4   60.5
G   75.8 -175.0  109.0 -177.1    nan    nan    nan   77.5  3.827    nan    nan -130.1
L -137.3  128.5  107.9  177.2  166.3    nan  0.959  128.3  3.793    nan    nan -127.4
R -138.0  130.7  107.7  178.5  -67.1    nan  1.031  129.7  3.797  5.713  166.5  166.6
L  -93.9   -0.0  115.3 -175.3  -58.5    nan  1.123   86.1  3.744  5.816 -139.5 -141.5
K -125.5  150.1  107.7  177.3  -55.2    nan  1.027  128.8  3.835  5.471   44.3   57.8
I  -50.0  136.2  110.4  179.8  -70.0  170.4  1.080   73.8  3.836  5.507  -73.8  -81.6
Y -142.8  168.4  106.9  178.7   65.4    nan  1.072  144.6  3.847  5.830  172.8  170.9
K  -98.5  134.7  109.4  175.6  -73.5    nan  1.016  109.7  3.747  5.375 -107.6 -108.2
D  -75.6 -172.5  110.5  179.3   74.4    nan  1.133   73.1  3.822  5.803 -124.8 -124.0
T  -62.3  -23.7  113.5 -177.4   67.3  -49.7  1.074  106.5  3.836  5.187  -44.5  -46.9
E  -92.9   -2.3  112.9 -178.3  -59.1    nan  1.086   86.2  3.840  5.318   54.1   72.5
G   88.7   14.4  112.7 -179.7    nan    nan    nan   85.8  3.785    nan    nan  -98.8
Y  -96.2  144.5  113.5 -179.2  -56.2    nan  1.058  108.6  3.839    nan    nan  105.4
Y  -63.0  126.9  109.7 -179.8  -75.6    nan  1.009   88.1  3.754  5.310  -89.8 -104.1
T -140.6  166.0  110.0 -176.6  -55.9  177.9  0.987  143.3  3.801  5.792  174.4  161.6
I -153.6  161.2  108.8  174.1 -165.5   72.0  1.035  153.4  3.792  5.640 -176.0 -168.8
G   71.4 -133.5  113.1  172.8    nan    nan    nan   92.8  3.809    nan    nan   39.7
I  -99.4   72.4  109.8  177.5  -55.6 -175.0  1.066  105.6  3.793    nan    nan  -39.2
G   70.9   25.9  116.2  176.9    nan    nan    nan   96.5  3.775    nan    nan  -51.1
H  -86.2  105.4  110.3 -178.5 -179.7    nan  1.002  108.4  3.796    nan    nan  124.6
L  -66.8  131.3  110.8 -179.5  170.6    nan  1.017   89.1  3.826  6.019 -136.6 -143.9
L  -92.4  -49.0  113.3 -179.7  -68.2    nan  1.101   70.9  3.796  5.875 -143.3 -141.7
T -164.1  153.0  109.8 -177.3 -174.5   61.4  1.013  154.1  3.795  4.659  -35.3  -25.0
K  -92.8   -4.8  110.2  174.2  -66.0    nan  1.070   85.5  3.768  5.596 -123.6 -123.3
S  -72.5  146.6  112.5  177.6  147.4    nan  1.124   87.1  3.760  5.703   88.5  106.5
P  -71.5  -14.1  114.0 -178.4  -11.3    nan  0.981  102.3  3.791  5.399  -87.4 -106.7
S  -80.6  121.6  116.8 -177.5  174.6    nan  1.099  107.0  3.732  5.352   68.6   96.0
L  -64.1  -25.8  108.7  176.7 -179.3    nan  1.015  105.6  3.756  5.750 -113.1 -132.2
N  -76.1  -37.4  110.2 -178.3  -82.4    nan  1.057   89.3  3.777  5.520   67.7   86.4
A  -62.8  -34.1  108.5  177.3    nan    nan  1.077  102.7  3.731  5.361   70.2   84.0
A  -70.6  -41.0  111.7  178.6    nan    nan  1.058   91.3  3.888  5.568   66.7   80.9
K  -66.0  -35.9  110.2  179.1  -79.6    nan  1.045   98.3  3.824  5.424   67.3   79.9
S  -68.0  -37.1  112.0  179.0  162.2    nan  1.119   95.2  3.750  5.292   62.7   82.7
E  -70.1  -38.8  106.6  178.3  -74.4    nan  0.987   95.6  3.847  5.593   70.2   77.9
L  -60.4  -48.1  112.8 -179.6  178.4    nan  1.082   94.5  3.757  5.324   71.3   87.8
D  -61.2  -39.8  111.6 -178.9  -73.3    nan  1.035   99.4  3.829  5.300   67.4   79.8
K  -65.4  -39.4  111.6  177.5  163.0    nan  1.020   96.2  3.752  5.197   65.0   80.2
A  -70.3  -36.2  112.6 -178.9    nan    nan  1.061   93.4  3.815  5.322   57.6   79.6
I  -87.4  -27.4  115.9 -178.9  -62.6  174.9  1.115   80.7  3.864  5.202   42.3   66.5
G   81.1   31.8  112.6 -179.9    nan    nan    nan   86.1  3.819    nan    nan -129.0
R -161.5  166.1  109.3  178.3   78.1    nan  1.103  161.1  3.810    nan    nan   49.3
N  -83.0  106.2  106.3  179.7 -127.2    nan  0.951  103.5  3.801  5.315  -82.8  -96.2
T  -96.9  -19.8  115.7 -172.0   65.5  -59.5  1.050   75.0  3.697  5.965 -168.6 -162.2
N   55.3   31.5  113.1 -172.6 -153.6    nan  1.161  108.5  3.770  5.519 -144.6 -141.0
G   80.2    8.6  117.3  176.6    nan    nan    nan   95.8  3.905    nan    nan  -80.5
V -131.5  139.4  110.1  178.9  168.7  -70.7  1.010  132.1  3.754    nan    nan   62.0
I -129.2  168.8  107.8 -178.6   63.2  -61.0  1.053  131.7  3.851  5.818 -170.7 -171.6
T  -95.2  169.4  108.9  178.7   67.3  -54.0  0.977   98.5  3.773  5.394  -99.5 -104.0
K  -55.9  -46.1  112.9  177.6 -164.9    nan  1.145   99.0  3.802  5.265  -72.7  -66.3
D  -57.8  -42.8  112.6  177.8  -74.0    nan  1.007   99.7  3.867  5.501   78.8   82.1
E  -67.4  -40.2  108.3  179.1  -72.8    nan  1.009   96.1  3.822  5.198   64.2   76.6
A  -60.1  -46.4  109.8  178.1    nan    nan  1.031   97.5  3.896  5.488   72.0   84.3
E  -64.7  -32.1  113.0  179.3  -74.8    nan  1.159  100.0  3.766  5.206   53.3   76.5
K  -68.1  -45.5  111.1  178.5 -179.3    nan  1.041   91.3  3.745  5.498   75.8   86.0
L  -61.2  -38.0  108.8  176.8  -66.3    nan  0.971  101.8  3.858  5.460   71.5   77.8
F  -62.0  -49.6  111.9 -179.7 -173.2    nan  1.041   93.1  3.796  5.210   70.8   87.0
N  -57.4  -39.9  110.5  178.4  -79.0    nan  0.987  103.0  3.814  5.337   68.4   79.5
Q  -66.2  -40.8  111.2 -179.8  -63.6    nan  1.031   95.1  3.820  5.423   66.8   81.6
D  -67.6  -37.8  113.5 -178.3  -69.7    nan  1.075   94.3  3.775  5.234   65.9   81.4
V  -66.4  -47.0  109.4  176.8  173.3  -67.8  1.042   92.9  3.830  5.457   68.2   80.6
D  -57.0  -44.9  109.6  178.4 -169.7    nan  1.053  100.8  3.785  5.310   68.0   81.3
S  -64.2  -42.0  112.7  179.2  -63.0    nan  1.039   95.1  3.752  5.418   66.4   78.4
A  -57.6  -51.2  108.7 -179.7    nan    nan  1.036   97.1  3.817  5.342   76.5   87.5
V  -55.8  -51.9  112.1  179.2  175.3  -63.1  1.103   95.8  3.817  5.329   62.7   79.8
R  -59.9  -36.7  112.2 -179.8  -89.4    nan  1.173  101.9  3.852  5.345   54.6   77.0
G  -64.1  -45.4  110.5  176.8    nan    nan    nan   94.7  3.845    nan    nan   83.8
I  -56.0  -47.1  109.9  176.4  -79.4  162.7  0.984  100.0  3.849    nan    nan   82.4
L  -67.3  -20.6  113.1 -176.0  -52.5    nan  1.197  103.5  3.835  5.216   48.2   77.1
R  -93.7  -13.7  111.9 -180.0  -88.5    nan  0.951   81.3  3.782  5.505   71.0   73.3
N  -88.4  124.9  111.5 -175.3 -171.1    nan  1.080  106.5  3.715  5.149   59.1   89.0
A  -61.9  -26.0  113.2  179.6    nan    nan  1.043  105.7  3.835  5.870 -106.7 -120.6
K  -87.2  -33.9  113.6  178.8  -82.6    nan  1.017   79.5  3.819  5.414   60.0   74.7
L  -86.5  -38.4  113.8 -176.8  -61.8    nan  1.061   78.3  3.722  4.995   52.2   72.3
K  -49.5  -48.5  114.9 -175.2 -178.8    nan  1.176  101.0  3.726  5.349   79.6  103.7
P  -65.7  -32.0  111.6 -176.9    0.2    nan  1.004   99.9  3.779  5.315   68.7   77.7
V  -67.7  -50.1  109.3  177.8 -179.0  -54.0  1.040   90.5  3.783  5.419   66.8   85.3
Y  -53.9  -47.8  110.2  179.1 -170.7    nan  1.021  100.9  3.826  5.280   70.7   82.0
D  -61.4  -31.5  111.8 -177.1  -77.4    nan  1.055  103.8  3.824  5.352   64.4   80.9
S  -78.5  -18.0  116.4 -179.4   80.4    nan  1.096   93.2  3.771  5.251   60.6   80.0
L  -87.7  158.8  115.7 -174.5  -62.7    nan  1.046   96.9  3.840  5.430   68.7   87.7
D  -79.2  173.2  108.2  174.0   55.0    nan  0.992   81.4  3.800  5.416  -98.3 -105.3
A  -58.6  -41.2  117.5 -174.6    nan    nan  1.261   97.6  3.873  5.413  -75.1  -57.7
V  -66.0  -47.7  111.1 -179.4  179.9  -61.7  1.135   91.8  3.756  5.509   68.7   82.4
R  -67.8  -28.5  112.9 -177.4  -61.2    nan  1.134   99.3  3.745  5.307   55.7   75.7
R  -60.2  -42.6  108.5  176.1  -78.3    nan  0.998  100.3  3.826  5.702   88.5   93.8
A  -58.4  -40.0  111.0  176.1    nan    nan  1.033  101.9  3.829  5.335   70.3   82.4
A  -63.2  -40.5  110.7  178.2    nan    nan  1.025   98.0  3.840  5.502   70.8   82.7
L  -67.3  -36.8  110.9  179.6 -173.3    nan  1.044   96.4  3.755  5.312   65.6   79.6
I  -64.2  -40.8  109.0  179.8  -61.0  169.7  1.055   98.0  3.803  5.445   69.9   85.5
N  -57.0  -49.3  110.4 -179.9 -169.6    nan  1.027   97.7  3.802  5.406   76.4   88.4
M  -60.2  -41.9  110.9  179.8  -71.5    nan  1.023   99.4  3.815  5.394   66.6   78.2
V  -65.4  -40.0  110.2 -178.6  172.6  -71.6  1.092   96.7  3.838  5.337   63.5   81.2
F  -61.3  -39.8  109.8 -179.8 -178.2    nan  0.984  100.3  3.803  5.416   77.9   85.4
Q  -74.0  -51.8  114.8 -179.4 -178.1    nan  1.119   81.6  3.859  5.258   50.0   74.8
M -112.9    2.8  117.5 -174.2   57.6    nan  1.213   68.4  3.721  4.684    1.4   33.6
G   82.4  155.5  111.7  178.7    nan    nan    nan   74.2  3.745    nan    nan -102.5
E  -61.2  -39.1  113.3 -177.2  164.7    nan  1.169   99.0  3.761    nan    nan  -86.9
T  -63.8  -46.1  112.0  179.0  -54.0 -171.1  1.080   93.7  3.755  5.550   67.5   84.3
G  -60.5  -49.5  111.7 -179.6    nan    nan    nan   94.3  3.761    nan    nan   81.8
V  -62.4  -42.1  112.6 -179.5 -179.0  -58.0  1.103   96.6  3.808    nan    nan   77.1
A  -59.6  -22.5  109.3 -179.5    nan    nan  1.032  111.1  3.804  5.438   74.1   85.7
G  -71.3  -14.1  115.2  176.3    nan    nan    nan  102.3  3.798    nan    nan   90.6
F  -84.4   54.6  108.5  179.9  -75.3    nan  1.024  108.3  3.846    nan    nan   87.6
T  -44.8  -53.0  117.5 -177.0  -55.9 -174.6  1.104   99.7  3.810  6.174 -169.3 -167.3
N  -66.9  -43.0  114.3 -178.9  -52.7    nan  1.172   91.6  3.798  5.139   48.9   72.3
S  -64.3  -37.7  110.8  179.2  -53.9    nan  1.012   98.5  3.815  5.547   75.1   80.4
L  -61.7  -42.3  110.5  178.9  -65.0    nan  1.080   98.2  3.846  5.442   72.0   86.3
R  -65.9  -38.4  109.7 -179.5  176.5    nan  1.050   97.4  3.774  5.311   66.8   79.4
M  -67.5  -40.0  111.5  179.2  -72.3    nan  1.119   94.3  3.764  5.471   60.1   81.0
L  -63.9  -42.8  110.0  179.1  -69.4    nan  1.035   96.5  3.792  5.504   74.6   82.8
Q  -60.1  -31.9  111.6 -178.6 -173.1    nan  1.072  104.7  3.761  5.287   67.8   85.4
Q  -86.7   -3.5  111.9 -179.4  -71.2    nan  1.017   92.0  3.762  5.330   53.6   70.1
K   66.2   30.7  116.5  179.1  -45.0    nan  1.241   98.0  3.796  5.543 -130.8 -123.8
R  -95.8   76.5  106.5  174.4  -62.0    nan  0.969  104.5  3.821  5.993  120.3  111.4
W  -56.4  -50.8  116.3 -172.7  -44.8    nan  1.210   93.7  3.797  6.214 -170.3 -154.5
D  -61.6  -43.6  112.3  179.4  -74.4    nan  1.135   96.6  3.775  5.346   61.8   77.0
E  -66.8  -38.5  112.9  178.2  -49.8    nan  1.100   94.9  3.756  5.413   61.1   77.1
A  -65.5  -39.1  109.4 -179.8    nan    nan  0.986   97.5  3.808  5.471   75.2   83.6
A  -62.1  -39.3  111.5 -179.0    nan    nan  1.068   99.1  3.818  5.293   67.6   86.5
V  -66.7  -43.8  109.7  178.2  169.9  -68.4  1.074   94.1  3.791  5.451   63.0   79.9
N  -68.1  -38.8  111.5 -177.7 -174.6    nan  1.029   94.4  3.812  5.345   64.9   77.6
L  -59.1  -33.0  111.5  179.6  -79.2    nan  1.033  105.0  3.815  5.477   75.6   89.0
A  -74.8  -14.5  112.9 -175.8    nan    nan  1.105   99.2  3.865  5.343   60.4   83.5
K  -90.6   70.1  108.2  178.5  -56.9    nan  0.975  106.9  3.800  5.669   69.1   80.4
S -153.2  155.3  109.8 -174.4   59.4    nan  0.972  151.0  3.735  5.448   98.8   99.3
R  -58.9  -35.6  109.6  175.1  179.3    nan  0.922  104.6  3.787  5.329  -74.8  -86.9
W  -49.8  -53.5  111.2  178.5  172.2    nan  1.031   99.3  3.844  5.322   83.6   98.8
Y  -66.0  -40.1  110.1 -177.5  179.6    nan  0.967   96.3  3.752  5.082   60.2   70.9
N  -69.8  -34.6  114.4 -177.7  -80.0    nan  1.080   93.7  3.783  5.141   57.8   80.4
Q  -80.9  -40.9  113.2 -178.2  -69.2    nan  1.078   82.3  3.795  5.292   54.4   74.8
T -127.8   72.1  107.7  178.8   48.3  -68.8  1.044   92.3  3.822  5.039   -1.6   19.4
P  -64.6  -38.2  116.2 -176.7   19.9    nan  1.064   95.1  3.790  6.147 -167.8 -168.7
N  -68.3  -41.3  112.6 -178.4  -68.8    nan  1.068   92.4  3.841  5.411   63.9   84.1
R  -68.8  -44.2  111.6  177.4  174.7    nan  1.043   91.2  3.788  5.346   61.8   76.3
A  -55.8  -47.1  108.9  179.0    nan    nan  1.087  100.7  3.863  5.405   70.1   85.8
K  -57.7  -42.3  112.4 -179.4  -77.1    nan  1.094  100.2  3.852  5.473   69.8   82.8
R  -62.1  -45.5  110.0  179.0  -73.4    nan  1.071   96.5  3.810  5.421   70.6   82.2
V  -66.8  -44.8  111.6 -179.9  173.2  -64.6  1.075   92.3  3.798  5.263   59.6   75.9
I  -60.6  -41.1  111.0 -179.2  -71.3  167.1  1.067   99.5  3.793  5.349   65.2   82.8
T  -64.8  -33.8  109.0 -179.6  -70.1  169.9  1.011  100.9  3.835  5.456   69.9   81.4
T  -65.7  -40.9  108.4  179.6  -58.7 -173.4  1.040   97.0  3.826  5.440   70.6   85.9
F  -68.2  -39.6  111.2  178.2  -82.9    nan  1.036   94.2  3.850  5.476   63.7   76.7
R  -64.7  -45.7  113.9 -179.4 -155.7    nan  1.112   92.0  3.790  5.290   66.2   84.0
T  -99.3  -25.5  117.3 -175.0   74.2  -49.3  1.118   70.1  3.783  4.958   28.6   50.6
G   71.7   20.7  111.9 -176.1    nan    nan    nan   99.7  3.756    nan    nan -133.7
T -129.7  171.0  107.2  178.3   69.7  -51.2  0.935  131.8  3.829    nan    nan   73.5
W  -94.9   13.9  110.3  178.7  -65.3    nan  0.969   90.0  3.828  5.320 -103.0 -101.3
D  -48.7  -38.4  117.1 -177.7  -68.8    nan  1.117  107.8  3.750  5.913  134.2  151.2
A  -66.3  -16.5  111.0 -177.1    nan    nan  1.060  107.0  3.875  5.510   72.5   86.1
Y -105.9   -2.1  112.0 -176.3  -69.7    nan  1.113   73.3  3.770  5.308   44.4   68.3
K -102.7    nan  110.4  177.3  -56.8    nan  1.134    nan  3.745  5.537   58.5   80.2
