Id   phi    psi    tau  omega    chi    chi2  solid    eta  CA-CA  CB-CB  BA^AB  NA^AC
M    nan  148.7  106.4    nan  176.4    nan  0.962    nan    nan    nan    nan    nan
N -151.9  175.0  105.7  177.9   54.1    nan  1.040  152.8  3.795  5.731  170.1  174.0
I  -52.9  -41.1  113.5 -179.3 -174.0   65.7  1.188  104.2  3.821  5.282  -60.6  -54.7
F  -65.6  -46.6  111.4  179.4  -69.2    nan  1.059   92.4  3.830  5.598   71.2   81.0
E  -68.4  -32.3  110.3 -179.6  -60.3    nan  1.000   98.0  3.827  5.348   63.6   73.4
M  -66.1  -53.5  109.2  179.6 -171.6    nan  0.967   90.0  3.783  5.355   78.5   87.5
L  -64.1  -32.8  113.1  179.7  -78.5    nan  1.123  100.1  3.799  5.111   47.4   70.7
R  -64.4  -35.3  109.7  177.8  170.4    nan  1.029  100.2  3.803  5.542   79.2   87.7
I  -70.2  -44.7  110.5  177.4  -80.6  155.5  1.033   90.5  3.834  5.420   65.1   79.4
D  -67.8  -37.7  115.3 -179.1  -77.6    nan  1.137   93.3  3.815  5.193   54.6   76.7
E  -97.9  -25.2  115.7 -177.2  -58.7    nan  1.085   72.1  3.813  5.161   37.5   57.9
G   75.3 -169.8  109.0 -175.3    nan    nan    nan   78.8  3.823    nan    nan -128.2
L -143.3  124.9  107.3  177.6  163.3    nan  0.932  127.2  3.819    nan    nan -127.6
R -131.9  133.1  107.3  178.6  -63.4    nan  1.035  128.2  3.801  5.766  167.1  169.4
L  -99.1    0.7  115.1 -176.6  -56.1    nan  1.107   81.2  3.741  5.797 -143.6 -142.6
K -121.4  148.2  107.9  177.4  161.6    nan  0.998  125.5  3.804  5.330   48.9   62.6
I  -51.6  140.2  109.5 -177.1  -68.1  170.0  1.063   71.9  3.910  5.754  -78.9  -82.7
Y -144.0  173.6  108.5  177.3   66.9    nan  1.086  145.5  3.853  5.777  172.6  174.5
K -104.1  136.0  108.6  177.6  -65.5    nan  1.014  113.0  3.751  5.409 -108.2 -106.0
D  -74.3 -172.8  110.8 -179.8   72.8    nan  1.166   71.9  3.788  5.760 -124.3 -119.9
T  -60.8  -23.8  111.4 -178.8   65.2  -50.2  1.096  108.5  3.840  5.184  -44.4  -47.3
E  -95.6   -0.7  113.5 -178.6  -61.0    nan  1.083   84.1  3.890  5.431   51.8   69.6
G   90.5   12.0  111.8  178.3    nan    nan    nan   85.1  3.770    nan    nan  -97.2
Y  -95.3  144.3  114.5  179.9  -54.1    nan  1.086  108.4  3.815    nan    nan  104.1
Y  -61.8  127.2  110.4  178.6  -74.1    nan  1.037   87.6  3.763  5.374  -88.1 -104.2
T -141.2  164.7  109.0 -176.6  -58.3  178.5  0.988  143.7  3.805  5.763  176.0  160.9
I -151.4  160.6  109.0  175.4 -165.4   72.3  1.088  151.6  3.758  5.597 -177.2 -167.9
G   69.4 -132.0  113.2  173.2    nan    nan    nan   92.2  3.851    nan    nan   37.2
I  -98.9   71.6  110.9  178.7  -58.9 -176.7  1.062  106.6  3.748    nan    nan  -36.0
G   74.3   20.2  115.9  177.8    nan    nan    nan   96.3  3.757    nan    nan  -48.5
H  -83.9  102.7  112.2 -179.6 -176.2    nan  1.064  110.1  3.840    nan    nan  120.9
L  -66.9  130.3  111.0 -176.8  169.7    nan  1.031   89.9  3.819  6.037 -135.7 -145.5
L  -91.8  -52.3  113.4 -179.4  -70.0    nan  1.116   70.5  3.768  5.897 -145.0 -140.8
T -159.8  154.6  109.3 -178.5 -172.5   64.3  0.989  153.7  3.794  4.672  -33.1  -23.9
K  -95.6   -3.3  107.8  174.2  -70.2    nan  0.978   83.4  3.785  5.582 -121.2 -123.7
S  -72.9  145.2  112.5  178.0  137.2    nan  1.137   88.1  3.740  5.653   84.5  108.3
P  -67.5   -9.5  113.3 -179.2  -14.7    nan  1.007  108.4  3.759  5.322  -86.5 -105.9
S  -86.2  126.6  116.5 -176.4  172.0    nan  1.150  108.5  3.742  5.424   62.6   96.6
L  -68.7  -27.1  108.9  177.2  177.0    nan  1.081  100.7  3.771  5.783 -114.0 -130.5
N  -75.4  -33.4  111.1  179.9  -80.5    nan  1.051   91.1  3.732  5.518   71.4   84.9
A  -66.7  -28.9  109.3  178.7    nan    nan  1.021  101.5  3.727  5.334   73.6   85.4
A  -75.6  -42.4  111.3  178.5    nan    nan  1.075   86.9  3.844  5.427   61.4   80.8
K  -63.0  -36.0  110.0  177.2  -80.7    nan  1.042  100.8  3.849  5.453   69.0   79.6
S  -69.4  -40.5  111.4  178.0  167.4    nan  1.124   92.6  3.765  5.327   60.2   80.1
E  -65.7  -41.3  107.2  178.1  -80.9    nan  0.979   97.5  3.879  5.583   74.5   78.8
L  -59.4  -46.6  114.3  178.5  179.0    nan  1.090   95.3  3.791  5.273   68.6   84.9
D  -66.9  -35.1  111.4 -178.8  -71.5    nan  1.006   97.4  3.825  5.276   65.3   76.6
K  -67.3  -37.6  110.4  178.6  162.0    nan  1.008   96.2  3.759  5.244   67.2   83.2
A  -69.2  -39.4  111.7 -180.0    nan    nan  1.116   93.2  3.829  5.353   56.5   80.5
I  -88.5  -30.1  116.9 -177.4  -63.7  173.9  1.167   78.2  3.837  5.166   39.3   64.2
G   88.4   22.4  114.1  178.3    nan    nan    nan   82.6  3.765    nan    nan -127.1
R -155.6  168.3  110.0  177.3   78.9    nan  1.094  157.0  3.812    nan    nan   46.4
N  -82.7  110.8  106.1  178.5 -137.1    nan  0.955  102.2  3.746  5.275  -83.7  -93.3
T  -98.4  -19.0  117.2 -174.0   67.5  -56.5  1.087   73.4  3.733  5.986 -168.4 -159.4
N   54.6   33.2  112.7 -175.3 -159.5    nan  1.161  108.2  3.701  5.422 -142.8 -143.0
G   78.3    6.6  118.4  175.5    nan    nan    nan   98.5  3.863    nan    nan  -81.7
V -128.1  139.0  110.3  178.5  168.8  -72.9  1.025  130.1  3.789    nan    nan   63.0
I -128.7  169.1  107.6  179.2   61.2  -64.1  1.028  131.2  3.806  5.736 -169.4 -172.6
T  -93.7  169.9  110.2  177.3   68.2  -55.2  0.977   97.1  3.778  5.373  -99.2 -103.2
K  -56.9  -47.0  113.7  177.5 -171.6    nan  1.177   97.3  3.812  5.246  -76.6  -66.5
D  -57.2  -44.3  111.9  176.7  -75.8    nan  1.012   99.8  3.820  5.452   76.9   81.1
E  -65.3  -40.5  110.3  179.0  -73.2    nan  1.052   96.5  3.821  5.255   62.1   77.5
A  -61.7  -46.0  110.5  178.0    nan    nan  1.026   96.1  3.896  5.498   72.8   83.0
E  -65.5  -29.6  111.7  179.3  -85.4    nan  1.101  101.2  3.764  5.165   55.8   75.7
K  -72.5  -41.4  110.3  179.2  172.6    nan  1.030   90.4  3.743  5.522   72.0   84.7
L  -62.7  -35.8  109.4  176.9  -67.8    nan  0.978  101.5  3.791  5.388   74.9   80.3
F  -65.2  -45.5  110.3 -178.3 -174.8    nan  1.056   94.0  3.801  5.227   68.8   86.6
N  -60.7  -40.5  110.7  177.8  -79.6    nan  1.005   99.9  3.741  5.354   68.5   79.5
Q  -66.0  -39.3  113.0  179.7  -64.8    nan  1.030   95.1  3.810  5.381   67.6   81.5
D  -67.7  -37.8  113.6 -178.6  -69.0    nan  1.090   94.2  3.788  5.246   64.2   82.7
V  -65.6  -48.8  108.2  178.0  172.9  -68.6  1.079   93.3  3.811  5.510   68.1   81.9
D  -57.8  -46.6  109.7  178.3 -173.2    nan  1.062   99.2  3.809  5.350   68.9   78.6
A  -63.5  -40.3  112.6  178.2    nan    nan  1.150   96.8  3.748  5.330   55.3   76.7
A  -59.3  -50.0  109.9  179.2    nan    nan  1.065   95.9  3.859  5.649   77.2   86.8
V  -53.9  -54.2  112.0  178.4  175.3  -64.1  1.148   95.7  3.854  5.367   64.5   82.0
R  -57.7  -41.4  112.3  177.8  -85.8    nan  1.174  100.8  3.830  5.334   56.2   74.8
G  -65.0  -36.2  111.7  177.2    nan    nan    nan   98.3  3.809    nan    nan   79.5
I  -64.4  -45.1  108.4  177.4  -81.3  158.8  0.983   96.0  3.854    nan    nan   83.9
L  -70.9  -19.3  114.7 -176.8  -50.0    nan  1.161  100.3  3.816  5.221   48.2   75.6
R  -93.2  -10.9  109.5  178.5  -94.0    nan  0.954   83.3  3.769  5.474   68.9   73.5
N  -88.5  121.8  111.0 -175.8 -174.9    nan  1.142  106.9  3.754  5.284   57.7   90.7
S  -60.4  -26.0  115.1 -178.2  120.5    nan  1.111  106.4  3.781  5.829 -106.6 -120.4
K  -88.0  -36.2  113.7  179.7  -91.0    nan  1.030   77.9  3.833  5.460   61.2   74.5
L  -83.6  -39.8  113.8 -178.2  -59.4    nan  1.076   80.2  3.715  4.997   51.2   71.3
K  -48.9  -52.6  115.1 -177.2 -168.7    nan  1.127   98.4  3.747  5.413   83.3  101.5
P  -61.8  -32.5  111.3 -177.5   -2.9    nan  1.022  103.1  3.833  5.322   66.0   77.0
V  -65.7  -53.9  110.9  176.5 -175.4  -52.1  1.097   88.8  3.784  5.494   66.4   86.3
Y  -50.6  -46.8  112.0  178.2 -172.9    nan  1.056  102.9  3.828  5.251   70.8   81.5
D  -63.0  -32.1  112.0 -179.3  -78.2    nan  1.046  102.0  3.834  5.370   63.6   78.9
S  -76.7  -20.6  115.1 -179.6   80.9    nan  1.115   94.0  3.763  5.238   58.8   80.4
L  -87.9  158.3  116.8 -175.5  -61.3    nan  1.040   97.6  3.821  5.437   67.9   84.9
D  -76.5  172.4  108.5  173.9   54.1    nan  1.004   79.0  3.828  5.417  -97.2 -103.9
A  -56.3  -43.3  117.1 -175.8    nan    nan  1.262   98.2  3.880  5.408  -73.0  -57.6
V  -63.6  -50.7  113.0  179.8 -178.2  -57.0  1.183   90.6  3.762  5.481   65.7   82.4
R  -66.4  -27.9  112.5 -179.4  -60.6    nan  1.144  100.9  3.766  5.359   55.2   72.8
R  -63.2  -41.0  107.9  176.9  -82.8    nan  0.986   99.2  3.800  5.676   88.3   92.1
A  -61.0  -36.5  111.6  176.3    nan    nan  1.024  101.4  3.811  5.372   70.3   81.9
A  -61.5  -42.0  110.0  178.4    nan    nan  1.064   98.8  3.846  5.489   73.3   87.4
L  -69.3  -37.0  112.2  179.8 -175.9    nan  1.076   94.0  3.781  5.290   60.0   76.5
I  -63.6  -42.0  108.2  178.5  -64.1  169.0  1.006   98.2  3.824  5.548   73.1   84.8
N  -57.3  -48.6  110.5  179.4 -170.3    nan  0.999   97.9  3.836  5.373   75.6   86.3
M  -61.8  -39.7  110.2  180.0  -68.0    nan  1.040   99.7  3.840  5.386   63.2   77.3
V  -67.9  -37.4  109.8 -178.7  170.6  -67.7  1.098   96.2  3.864  5.411   63.5   80.6
F  -64.1  -38.3  109.7 -178.8 -177.6    nan  1.000   98.9  3.805  5.467   76.9   85.8
Q  -74.7  -49.9  114.1 -179.9 -176.9    nan  1.101   82.5  3.799  5.273   52.5   75.0
M -112.4    0.2  118.9 -174.0   58.5    nan  1.251   67.7  3.759  4.694    1.5   36.2
G   84.3  151.7  110.5  179.7    nan    nan    nan   75.4  3.751    nan    nan -101.8
E  -61.1  -36.2  113.9 -177.6  171.6    nan  1.096  100.5  3.762    nan    nan  -90.5
T  -65.0  -46.3  112.1  178.5  -51.8 -170.3  1.024   92.6  3.764  5.517   70.9   85.8
G  -58.0  -50.5  110.9  179.9    nan    nan    nan   95.9  3.795    nan    nan   83.2
V  -61.8  -41.5  112.1 -178.9 -178.7  -58.4  1.128   97.7  3.806    nan    nan   77.0
A  -62.5  -14.0  109.4 -178.3    nan    nan  1.080  112.1  3.819  5.417   70.7   84.4
G  -81.0   -9.8  114.2  176.3    nan    nan    nan   94.9  3.803    nan    nan   89.3
F  -89.5   57.5  108.7  179.3  -77.0    nan  0.994  106.0  3.822    nan    nan   86.5
T  -45.1  -52.6  118.0 -176.7  -61.1  178.4  1.108   99.5  3.817  6.186 -170.6 -165.0
N  -69.1  -38.5  114.1 -177.8  -54.6    nan  1.137   92.4  3.801  5.092   49.4   71.6
S  -68.2  -37.1  109.6  179.3  -54.7    nan  0.986   96.3  3.809  5.524   73.8   80.5
L  -65.7  -39.5  110.1 -179.8  -59.8    nan  1.075   96.8  3.816  5.347   67.3   84.0
R  -64.2  -40.6  110.1  179.8 -170.6    nan  0.987   97.4  3.760  5.341   75.4   82.8
M  -66.6  -42.2  111.0  178.1  -73.9    nan  1.099   94.2  3.753  5.269   57.5   78.5
L  -61.6  -47.8  109.8  179.4  -72.3    nan  1.034   95.6  3.772  5.463   74.6   83.0
Q  -56.5  -33.9  110.4 -179.7 -169.3    nan  1.031  107.2  3.776  5.265   70.5   83.0
Q  -82.1   -5.7  113.3 -179.6  -65.6    nan  1.074   95.6  3.791  5.318   50.7   73.1
K   68.2   31.5  114.2  179.8  -51.2    nan  1.210   96.8  3.768  5.530 -127.5 -122.7
R  -96.6   75.9  106.8  175.0  -66.8    nan  0.991  104.5  3.797  5.979  117.3  112.7
W  -56.7  -52.0  116.3 -173.7  -42.4    nan  1.214   92.6  3.817  6.205 -169.8 -156.5
D  -63.5  -40.7  112.9  178.9  -66.3    nan  1.171   96.4  3.744  5.340   55.0   74.0
E  -68.5  -39.0  112.8  178.4  -53.1    nan  1.062   93.3  3.727  5.470   66.7   78.5
A  -61.5  -40.7  110.6  179.4    nan    nan  1.064   99.2  3.778  5.402   71.0   86.6
A  -61.1  -38.8  111.1 -178.5    nan    nan  1.124  100.3  3.829  5.390   65.6   86.5
V  -69.0  -43.4  109.2 -179.7  166.6  -72.1  1.078   92.8  3.774  5.508   63.5   79.6
N  -66.8  -40.6  112.6 -178.7 -172.5    nan  1.042   94.0  3.821  5.366   66.1   78.7
L  -57.0  -36.6  111.9  179.5  -72.2    nan  1.060  104.5  3.847  5.473   74.6   89.4
A  -70.3  -17.5  113.5 -178.0    nan    nan  1.130  102.0  3.864  5.379   60.7   82.9
K  -88.5   71.2  107.0  178.4  -57.4    nan  0.976  106.6  3.825  5.670   69.8   78.9
S -156.7  156.0  110.6 -176.5   60.0    nan  0.986  153.6  3.744  5.462   95.9   95.3
R  -56.7  -44.3  109.1  174.7 -179.0    nan  0.976  101.7  3.778  5.285  -74.5  -85.8
W  -46.4  -52.0  112.1  178.6  170.5    nan  1.030  102.1  3.843  5.289   83.0   93.9
Y  -68.2  -40.1  110.6 -179.5  176.8    nan  0.972   94.3  3.789  5.083   58.0   69.1
N  -70.2  -34.3  114.5 -179.4  -79.4    nan  1.072   93.4  3.789  5.148   56.6   79.0
Q  -80.2  -39.6  114.5 -179.7  -74.2    nan  1.067   82.6  3.815  5.326   55.6   75.1
T -128.7   70.3  108.0  179.7   47.9  -68.5  1.051   91.0  3.853  4.985   -0.7   20.3
P  -64.0  -36.2  117.4 -176.2   18.5    nan  1.107   96.3  3.802  6.170 -171.6 -169.2
N  -71.5  -39.7  112.3 -176.7  -68.5    nan  1.089   90.9  3.783  5.407   63.3   84.9
R  -69.7  -45.5  110.5  178.9  169.4    nan  1.065   90.5  3.779  5.350   61.4   77.6
A  -54.9  -49.2  110.1  177.6    nan    nan  1.093   99.3  3.811  5.371   69.1   84.3
K  -56.9  -40.2  111.0  179.8  -79.6    nan  1.049  102.9  3.883  5.504   71.8   81.1
R  -64.9  -43.8  111.4  179.4  -68.9    nan  1.064   94.4  3.809  5.396   69.4   82.0
V  -67.0  -44.7  111.6  179.1  169.6  -66.8  1.070   92.3  3.784  5.228   61.0   76.5
I  -59.8  -41.7  110.6  178.2  -69.4  164.0  1.105  100.0  3.803  5.387   63.7   81.4
T  -65.4  -32.7  110.4  179.7  -71.5  167.2  1.018  100.3  3.872  5.543   72.2   79.9
T  -66.2  -40.5  109.8  178.3  -55.9 -176.2  1.082   96.1  3.793  5.377   68.4   86.1
F  -69.5  -37.8  110.6  177.5  -84.1    nan  1.006   94.3  3.825  5.487   65.7   75.4
R  -68.2  -39.7  114.8 -179.3 -155.7    nan  1.152   92.2  3.779  5.267   59.4   82.9
T -103.2  -24.3  116.7 -174.4   68.1  -54.4  1.120   67.2  3.782  5.080   32.0   53.4
G   68.1   26.8  110.0 -175.8    nan    nan    nan  101.0  3.782    nan    nan -134.5
T -131.0  169.4  107.6  178.1   74.5  -46.4  0.949  133.3  3.830    nan    nan   77.7
W  -96.0   16.2  110.4  179.0  -66.6    nan  0.960   89.8  3.840  5.337 -103.9 -104.1
D  -47.1  -41.3  117.5 -178.7  -71.2    nan  1.157  106.8  3.742  5.907  133.6  153.8
A  -70.3  -12.3  112.3 -176.2    nan    nan  1.055  104.7  3.831  5.379   67.9   81.0
Y -106.1    0.2  111.7 -178.5  -71.8    nan  1.082   73.9  3.761  5.352   47.4   70.4
K -110.3    nan  110.3  179.8  -49.7    nan  1.109    nan  3.752  5.446   54.5   76.7
