Id   phi    psi    tau  omega    chi    chi2  solid    eta  CA-CA  CB-CB  BA^AB  NA^AC
M    nan  148.1  103.3    nan  165.1    nan  0.936    nan    nan    nan    nan    nan
N -151.7  177.9  106.4 -179.6   54.2    nan  1.033  152.2  3.735  5.689  172.5  175.1
I  -54.7  -39.8  113.6 -177.8 -173.2   65.8  1.211  103.6  3.820  5.217  -61.9  -52.2
F  -65.6  -50.6  111.7  179.6  -71.2    nan  1.062   90.1  3.805  5.581   71.9   82.3
E  -64.6  -36.9  109.6  178.7  -62.6    nan  0.982   99.3  3.771  5.224   63.0   71.8
M  -62.6  -54.7  111.3  178.7 -171.0    nan  0.994   90.2  3.808  5.350   74.4   86.2
L  -62.6  -34.1  112.9  177.8  -75.6    nan  1.088  100.8  3.800  5.126   50.8   70.1
R  -62.2  -33.8  112.4  177.0  166.8    nan  1.116  101.6  3.835  5.534   71.8   89.0
I  -72.4  -44.3  110.5  177.1  -80.3  151.8  1.051   89.0  3.837  5.489   64.9   79.0
D  -67.6  -38.1  113.4 -179.0  -73.6    nan  1.121   94.2  3.826  5.316   55.7   77.0
E  -94.8  -27.4  116.9 -176.7  -55.6    nan  1.152   73.6  3.772  5.115   35.9   60.9
G   76.3 -171.5  108.0 -175.2    nan    nan    nan   79.0  3.813    nan    nan -128.9
L -143.4  123.5  108.3  177.3  164.4    nan  0.960  126.8  3.797    nan    nan -129.8
R -132.1  133.4  106.0  178.1  -62.2    nan  1.051  127.5  3.767  5.754  163.6  168.3
L  -94.9    0.6  113.7 -177.5  -63.0    nan  1.042   85.4  3.750  5.754 -132.6 -139.8
K -124.4  142.3  109.3  179.5  177.2    nan  1.000  127.9  3.770  5.165   42.5   61.8
I  -45.5  137.5  111.2 -178.4  -63.0  175.6  1.110   70.0  3.882  5.778  -80.8  -84.6
Y -144.2  169.8  107.6 -179.7   64.4    nan  1.057  146.1  3.833  5.772  177.3  171.4
K -101.4  135.7  109.0  177.4  -71.7    nan  1.048  111.4  3.709  5.396 -113.1 -108.0
D  -76.1 -172.4  112.1 -179.7   75.1    nan  1.156   73.4  3.843  5.820 -123.0 -121.8
T  -61.4  -24.3  112.7 -178.8   69.5  -46.2  1.125  107.2  3.841  5.242  -48.5  -46.7
E  -93.4    1.1  114.7 -179.5  -57.3    nan  1.095   87.1  3.861  5.398   53.5   71.3
G   87.5   13.8  112.9 -179.2    nan    nan    nan   87.1  3.798    nan    nan  -96.2
Y  -97.0  142.8  112.7 -178.0  -54.5    nan  1.055  109.2  3.843    nan    nan  105.0
Y  -60.7  122.9  109.8  177.8  -72.8    nan  1.020   89.0  3.774  5.310  -89.5 -105.9
T -141.9  165.4  108.3 -174.0  -61.2  174.5  0.931  144.1  3.817  5.774  175.4  157.4
I -152.3  165.2  108.9  176.3 -162.4   73.8  1.030  153.4  3.773  5.573 -178.0 -166.8
G   66.8 -131.5  112.0  171.9    nan    nan    nan   89.8  3.859    nan    nan   39.7
I -100.7   74.9  110.6  178.5  -59.3  179.1  1.069  106.6  3.768    nan    nan  -38.1
G   72.0   23.1  116.6  178.8    nan    nan    nan   96.7  3.759    nan    nan  -46.7
H  -85.5  107.3  111.2 -178.9 -179.1    nan  1.062  108.7  3.790    nan    nan  122.7
L  -67.5  130.6  111.4 -179.0  169.2    nan  1.055   90.4  3.814  6.011 -133.9 -142.8
L  -93.2  -49.6  112.2 -179.3  -69.8    nan  1.089   71.2  3.780  5.912 -142.8 -142.3
T -163.9  156.9  110.9 -177.4 -176.5   60.7  1.013  157.3  3.799  4.661  -35.8  -25.7
K  -97.7    0.2  109.4  176.6  -72.8    nan  1.062   82.3  3.758  5.562 -124.3 -122.2
S  -78.4  145.2  111.8  178.6  140.8    nan  1.115   92.4  3.706  5.641   87.4  106.5
P  -66.3  -19.5  113.2 -179.4  -14.5    nan  0.941  105.0  3.796  5.371  -80.7 -104.2
S  -73.5  120.7  115.6 -176.2  175.8    nan  1.122  102.3  3.724  5.244   67.9   97.9
L  -66.6  -27.3  110.1  175.9  179.3    nan  1.070  102.0  3.780  5.818 -118.2 -135.6
N  -76.8  -33.4  110.7  179.2  -80.3    nan  1.051   90.1  3.767  5.512   68.0   82.6
A  -65.0  -34.7  109.0  176.3    nan    nan  1.109  100.3  3.713  5.385   67.8   85.2
A  -70.6  -40.8  111.8  178.3    nan    nan  1.064   91.3  3.880  5.586   67.1   80.2
K  -65.7  -34.9  109.8  178.6  -86.8    nan  1.040   99.3  3.845  5.454   67.8   79.7
S  -66.3  -43.7  111.3  178.2 -179.6    nan  1.107   93.4  3.770  5.357   66.0   84.3
E  -64.7  -40.1  108.4  179.4  -76.2    nan  1.014   98.3  3.841  5.459   68.9   77.9
L  -61.8  -47.8  113.4  179.5  178.8    nan  1.050   93.3  3.755  5.292   71.7   84.9
D  -63.6  -35.0  111.1 -178.7  -72.1    nan  1.024  100.3  3.813  5.199   63.5   78.1
K  -68.5  -38.4  111.1  178.3  165.6    nan  1.046   94.5  3.769  5.273   63.7   81.9
A  -72.2  -36.5  111.6  179.2    nan    nan  1.071   92.1  3.843  5.388   57.3   76.6
I  -84.3  -33.1  116.0 -178.3  -60.7  178.9  1.165   81.1  3.856  5.229   43.5   69.5
G   87.1   25.2  112.3 -179.8    nan    nan    nan   83.4  3.786    nan    nan -129.0
R -161.4  167.4  110.4  178.0   85.5    nan  1.105  161.7  3.811    nan    nan   43.3
N  -81.1  102.1  107.6  177.8 -127.8    nan  0.974  105.1  3.777  5.196  -81.2  -94.3
T  -95.7  -16.3  114.9 -173.5   63.7  -55.6  1.037   77.7  3.725  5.966 -169.9 -167.1
N   51.7   37.9  111.8 -173.8 -161.3    nan  1.131  108.1  3.758  5.532 -145.9 -142.2
G   77.0    5.0  118.6  177.4    nan    nan    nan  100.5  3.885    nan    nan  -77.1
V -128.8  142.6  109.9  179.6  178.1  -62.8  1.001  131.2  3.842    nan    nan   61.7
I -130.7  168.1  108.8 -179.4   63.0  -69.4  1.034  133.5  3.788  5.692 -167.9 -170.5
T  -96.0  168.2  107.7  179.6   65.8  -54.8  0.940   99.5  3.773  5.410  -99.3 -105.6
K  -56.0  -42.9  112.5  177.7 -165.1    nan  1.114  101.1  3.813  5.217  -73.7  -67.9
D  -61.6  -44.0  111.2  178.9  -77.0    nan  1.007   97.0  3.861  5.469   75.0   82.0
E  -64.1  -41.3  110.1  177.8  -75.4    nan  1.061   97.1  3.773  5.208   62.2   77.5
A  -62.3  -43.7  110.2  178.1    nan    nan  1.044   97.2  3.858  5.435   69.6   81.7
E  -66.2  -29.6  113.5  178.8  -79.5    nan  1.126   99.9  3.775  5.252   55.5   77.4
K  -68.2  -46.7  112.2  176.9 -173.6    nan  1.072   90.0  3.756  5.517   73.1   87.3
L  -60.0  -38.4  109.1  176.7  -66.3    nan  1.004  102.5  3.824  5.420   71.1   77.9
F  -62.0  -51.7  110.1 -179.7 -174.3    nan  1.085   92.9  3.764  5.246   68.8   86.0
N  -56.2  -41.0  110.7  177.9  -75.4    nan  1.033  103.1  3.786  5.383   67.8   77.8
Q  -64.3  -44.3  113.7  179.0  -63.0    nan  1.053   93.3  3.813  5.407   68.6   82.1
D  -63.9  -39.4  113.9  179.4  -64.3    nan  1.117   96.3  3.783  5.244   62.4   80.3
V  -64.7  -48.9  108.6  177.3  174.3  -68.0  1.085   93.6  3.857  5.552   68.6   81.1
D  -53.4  -48.3  111.0  176.6 -163.9    nan  1.090  100.5  3.837  5.418   70.2   81.6
A  -63.7  -38.6  112.7  178.3    nan    nan  1.079   97.4  3.759  5.267   59.8   75.0
A  -61.7  -49.0  108.3  179.4    nan    nan  1.055   95.9  3.849  5.515   71.1   86.0
V  -57.0  -51.5  112.6  179.0  176.8  -61.0  1.135   94.9  3.845  5.392   61.3   80.3
R  -59.3  -38.0  112.5  179.3  -84.6    nan  1.228  101.5  3.810  5.325   51.8   77.4
G  -66.2  -37.2  112.6  177.1    nan    nan    nan   96.3  3.833    nan    nan   81.6
I  -63.1  -45.6  108.6  175.8  -80.1  156.5  0.992   96.5  3.842    nan    nan   83.0
L  -69.1  -22.0  113.5 -176.4  -50.5    nan  1.169  101.0  3.828  5.269   50.0   76.4
R  -91.3  -15.5  110.7 -179.7  -85.9    nan  0.968   83.3  3.725  5.387   69.2   74.7
N  -85.5  122.3  112.8 -176.4 -173.1    nan  1.132  106.6  3.794  5.258   57.0   89.3
A  -60.7  -27.1  113.9 -179.0    nan    nan  1.071  105.9  3.830  5.917 -106.3 -121.0
K  -87.3  -29.3  113.8  179.7  -83.2    nan  1.010   81.0  3.806  5.404   61.0   74.8
L  -88.4  -38.4  113.2 -176.5  -60.9    nan  1.059   77.1  3.751  5.090   53.6   74.3
K  -52.8  -47.6  115.0 -175.4 -176.4    nan  1.153   99.1  3.712  5.283   78.8  100.3
P  -64.4  -33.3  111.4 -178.7   -8.0    nan  1.016  100.4  3.785  5.341   68.1   78.3
V  -64.5  -54.4  111.2  177.0 -176.6  -52.9  1.072   89.2  3.786  5.479   68.4   86.9
Y  -51.6  -47.6  110.2  179.7 -173.1    nan  0.989  102.6  3.778  5.149   73.5   81.1
D  -60.1  -33.6  110.7 -177.4  -79.2    nan  1.071  104.2  3.857  5.343   62.2   81.6
S  -75.5  -23.8  116.9 -179.4   78.0    nan  1.143   93.0  3.765  5.281   59.5   80.4
L  -82.5  157.6  115.9 -176.0  -58.4    nan  1.052   92.6  3.843  5.454   70.8   86.1
D  -77.7  174.1  108.0  172.4   55.0    nan  0.999   79.5  3.800  5.402  -97.7 -106.7
A  -61.1  -41.9  117.0 -173.8    nan    nan  1.261   95.4  3.831  5.328  -76.2  -58.9
V  -63.8  -49.3  111.5  179.1  180.0  -61.2  1.159   92.2  3.744  5.529   67.9   82.5
R  -67.9  -27.4  112.0 -176.9  -62.5    nan  1.109  100.0  3.796  5.368   58.4   74.2
R  -62.4  -38.0  108.8  177.4  -83.0    nan  0.974  100.9  3.774  5.630   89.8   94.0
A  -60.8  -35.7  110.4  178.7    nan    nan  1.054  102.6  3.807  5.332   70.2   86.6
S  -64.1  -41.3  111.1  179.7 -103.3    nan  1.056   96.5  3.786  5.457   72.5   86.6
L  -68.5  -35.7  110.9  179.2 -172.9    nan  1.079   96.0  3.743  5.299   60.8   77.4
I  -65.4  -41.5  108.7  179.8  -62.6  171.5  1.035   96.8  3.804  5.531   72.3   85.3
N  -57.3  -49.3  109.7  179.8 -168.0    nan  1.011   97.9  3.817  5.383   75.6   87.1
M  -59.5  -42.6  112.0  178.2  -66.6    nan  1.052   98.9  3.820  5.375   63.5   77.6
V  -65.2  -38.1  111.3 -179.8  171.5  -67.6  1.114   97.3  3.832  5.355   62.2   80.5
F  -62.3  -37.9  110.3 -179.7 -177.4    nan  1.005  100.3  3.793  5.454   77.6   86.7
Q  -76.7  -51.6  113.7 -177.4 -171.2    nan  1.059   80.6  3.799  5.209   54.6   75.4
M -114.3    6.9  117.8 -174.8   61.6    nan  1.237   69.0  3.720  4.621   -5.5   32.1
G   82.2  154.4  111.3  179.0    nan    nan    nan   73.9  3.749    nan    nan  -98.7
E  -59.3  -41.1  113.0 -179.1  179.4    nan  1.060   99.4  3.788    nan    nan  -88.6
T  -64.7  -45.8  112.5  179.6  -55.1 -173.0  1.081   92.9  3.771  5.384   61.0   82.2
G  -60.8  -48.0  111.0 -179.0    nan    nan    nan   95.4  3.745    nan    nan   82.0
V  -65.4  -43.0  111.1 -179.3  178.5  -61.9  1.110   94.7  3.802    nan    nan   75.4
A  -58.2  -19.3  109.5 -179.3    nan    nan  1.066  113.8  3.793  5.448   72.7   86.2
G  -74.4  -13.9  114.8  177.9    nan    nan    nan   99.5  3.806    nan    nan   91.9
F  -85.1   55.2  109.6 -178.6  -78.1    nan  1.025  108.9  3.831    nan    nan   88.3
T  -42.8  -57.4  117.7 -176.5  -56.8 -177.0  1.178   97.4  3.778  6.160 -176.0 -165.4
N  -67.4  -38.7  114.2 -178.3  -51.2    nan  1.148   93.7  3.806  5.154   46.9   68.3
S  -66.1  -38.5  111.4  177.9  -57.6    nan  1.009   96.3  3.808  5.535   73.5   81.7
L  -65.2  -39.5  109.9 -179.1  -65.9    nan  1.038   97.3  3.844  5.346   69.2   83.8
R  -65.9  -39.6  109.5  179.1 -175.6    nan  0.997   96.9  3.767  5.297   69.6   80.5
M  -66.8  -43.8  112.3  178.9  -76.4    nan  1.121   92.4  3.764  5.305   57.3   80.3
L  -62.4  -43.9  110.2  177.8  -67.9    nan  0.992   97.0  3.784  5.455   74.9   79.9
Q  -59.9  -30.5  111.4 -179.4 -173.4    nan  1.005  105.8  3.769  5.239   70.3   84.2
Q  -85.0   -2.0  111.7 -179.1  -65.3    nan  1.017   94.2  3.786  5.339   54.0   73.5
K   66.2   30.8  116.8 -178.3  -51.3    nan  1.231   97.8  3.780  5.477 -126.4 -120.4
R  -97.6   73.7  106.2  177.7  -66.6    nan  0.974  103.2  3.837  6.008  117.9  112.1
W  -57.1  -49.9  116.2 -173.1  -40.1    nan  1.187   93.8  3.796  6.202 -171.7 -157.9
D  -61.4  -43.0  112.2  179.3  -75.9    nan  1.110   97.1  3.763  5.333   63.8   77.8
E  -66.2  -38.9  114.6  177.8  -55.9    nan  1.086   94.2  3.776  5.411   62.7   78.2
A  -62.6  -42.2  110.4  178.3    nan    nan  1.053   97.6  3.771  5.386   71.5   85.0
A  -59.7  -41.1  111.2 -179.9    nan    nan  1.065  100.1  3.819  5.396   70.8   85.1
V  -67.3  -44.5  110.5  178.6  171.3  -72.1  1.091   92.8  3.784  5.392   61.8   78.1
N  -68.1  -37.2  112.6 -179.1 -177.8    nan  1.094   94.6  3.808  5.343   60.2   76.4
L  -60.4  -35.5  112.4  178.9  -74.1    nan  1.033  102.1  3.855  5.621   79.3   89.1
A  -69.7  -19.2  114.6 -178.3    nan    nan  1.142  101.5  3.841  5.353   62.1   84.6
K  -87.4   70.9  106.8  178.5  -57.1    nan  0.954  106.7  3.807  5.607   73.4   78.8
S -153.5  155.8  109.4 -175.5   56.3    nan  0.996  151.3  3.750  5.461   94.9   99.6
R  -58.4  -41.1  108.5  175.5  171.7    nan  0.974  102.5  3.763  5.358  -75.2  -86.3
W  -49.0  -49.5  111.2  179.9  169.4    nan  0.985  102.7  3.839  5.332   87.3   95.3
Y  -67.6  -42.1  111.3 -179.5  178.8    nan  1.026   93.2  3.769  5.067   54.8   71.8
N  -70.7  -29.0  114.1 -177.4  -76.9    nan  1.068   95.9  3.785  5.207   58.1   78.3
Q  -84.1  -39.4  113.1 -179.4  -73.4    nan  1.058   80.3  3.796  5.354   56.8   76.1
T -130.0   71.5  106.6  179.8   49.8  -70.1  1.020   90.2  3.786  4.973   -0.6   18.8
P  -60.2  -43.9  117.5 -178.2   14.1    nan  1.074   94.6  3.774  6.127 -164.7 -165.8
N  -63.8  -44.0  112.1 -176.3  -62.3    nan  1.117   94.8  3.862  5.377   62.5   84.9
R  -68.3  -42.1  111.2  178.2  175.5    nan  1.032   92.8  3.762  5.343   64.4   74.6
A  -60.2  -45.4  109.5 -179.3    nan    nan  1.130   98.2  3.836  5.377   63.8   85.1
K  -59.1  -39.6  112.1  179.5  -70.7    nan  1.068  101.0  3.831  5.529   73.1   82.4
R  -64.5  -42.9  110.3 -179.8  -72.6    nan  1.061   95.9  3.822  5.449   70.9   83.5
V  -66.1  -46.2  111.8  179.6  171.6  -66.3  1.091   92.0  3.820  5.298   61.7   78.2
I  -62.4  -41.9  110.3  179.4  -71.6  168.8  1.065   98.0  3.837  5.381   63.8   78.4
T  -64.2  -34.8  110.8  178.5  -68.6  172.3  1.010  100.1  3.842  5.465   71.2   80.2
T  -65.8  -38.7  109.3  178.2  -56.9 -174.4  1.049   97.5  3.805  5.346   68.1   84.3
F  -67.1  -41.0  111.7  177.8  -89.4    nan  1.033   94.1  3.820  5.508   67.9   79.7
R  -68.3  -42.8  113.7 -179.9 -154.1    nan  1.071   91.0  3.823  5.228   64.3   78.8
T  -99.4  -23.0  116.5 -175.5   67.8  -52.7  1.077   71.2  3.791  5.026   30.7   54.0
G   69.8   24.4  110.8 -176.2    nan    nan    nan  100.2  3.769    nan    nan -132.9
T -132.1  172.0  107.5  177.2   71.9  -48.6  0.942  134.0  3.829    nan    nan   74.1
W  -98.2   16.0  111.2 -179.6  -67.0    nan  0.990   87.8  3.799  5.340 -106.1 -101.8
D  -49.7  -40.0  116.9 -178.9  -65.3    nan  1.142  105.9  3.746  5.922  133.9  151.2
A  -65.9  -16.4  112.3 -176.9    nan    nan  1.084  107.1  3.859  5.474   70.7   85.6
Y -104.2   -5.1  113.1 -178.4  -72.9    nan  1.112   73.8  3.786  5.349   45.4   68.4
K -102.6    nan  108.0  175.7  -57.8    nan  1.074    nan  3.785  5.573   57.8   75.2
