Id   phi    psi    tau  omega    chi    chi2  solid    eta  CA-CA  CB-CB  BA^AB  NA^AC
M    nan  147.3  106.5    nan  173.3    nan  0.989    nan    nan    nan    nan    nan
N -150.1  176.3  107.0  178.7   56.8    nan  1.074  151.0  3.755  5.705  171.3  174.6
I  -53.1  -41.6  113.6  179.1 -173.8   63.9  1.195  103.6  3.816  5.303  -59.6  -54.1
F  -64.6  -50.1  112.2 -179.3  -69.0    nan  1.097   90.8  3.823  5.574   70.2   82.8
E  -64.2  -35.8  110.5  179.6  -65.1    nan  0.986   99.7  3.780  5.255   67.3   73.7
M  -62.9  -54.1  111.0  178.8 -173.0    nan  1.030   90.5  3.792  5.260   72.0   86.9
L  -66.4  -31.1  113.1  179.5  -83.4    nan  1.053   99.0  3.791  5.131   51.1   68.4
R  -65.9  -34.5  111.2  178.5  163.8    nan  1.088   98.6  3.799  5.460   69.9   89.2
I  -68.6  -44.0  108.7  176.3  -81.2  156.8  0.995   93.2  3.799  5.484   71.0   80.6
D  -70.1  -35.7  116.9 -177.3  -75.8    nan  1.130   91.6  3.798  5.218   53.2   77.3
E  -98.0  -29.0  113.3 -174.5  -63.0    nan  1.024   71.8  3.797  5.044   45.1   61.2
G   79.1 -166.6  108.3 -177.4    nan    nan    nan   83.5  3.811    nan    nan -129.3
L -140.3  123.8  108.7  177.8  165.2    nan  0.974  126.7  3.815    nan    nan -120.1
R -133.3  128.3  107.9  179.1  -67.2    nan  1.095  126.9  3.787  5.726  163.1  167.3
L  -90.0   -4.4  116.4 -176.2  -62.2    nan  1.122   88.0  3.786  5.818 -132.6 -140.7
K -121.8  147.5  109.9 -179.7  175.4    nan  1.031  126.9  3.798  5.261   43.5   59.4
I  -52.6  136.8  109.6 -179.2  -70.6  167.1  1.052   75.0  3.839  5.654  -78.6  -86.4
Y -141.2  170.9  107.8  178.7   68.0    nan  1.090  143.1  3.798  5.719  172.1  173.5
K -102.7  136.3  109.0  178.3  -81.9    nan  1.048  112.3  3.768  5.456 -110.3 -108.0
D  -78.7 -173.6  111.1 -178.6   74.1    nan  1.132   76.4  3.761  5.715 -123.9 -122.4
T  -61.7  -22.7  112.2 -179.4   77.4  -39.2  1.079  108.0  3.815  5.199  -47.2  -49.2
E  -93.0    0.9  112.1  178.5  -56.0    nan  1.113   87.4  3.864  5.441   50.5   71.6
G   86.7   17.4  111.9 -179.2    nan    nan    nan   86.8  3.765    nan    nan  -97.4
Y  -97.9  148.2  112.9 -179.9  -56.1    nan  1.077  108.7  3.835    nan    nan  106.3
Y  -66.5  128.7  110.9  179.4  -73.2    nan  1.036   90.4  3.732  5.278  -90.4 -102.5
T -143.4  166.1  109.1 -175.7  -56.8 -178.9  0.948  145.7  3.772  5.719  178.3  160.2
I -152.5  163.5  108.9  174.0 -164.1   74.7  1.043  153.3  3.773  5.589 -178.3 -167.5
G   67.4 -127.8  112.3  172.6    nan    nan    nan   92.4  3.852    nan    nan   38.7
I -103.8   74.5  110.9 -179.3  -56.8 -175.9  1.095  105.7  3.759    nan    nan  -35.9
G   67.2   28.9  114.4  179.2    nan    nan    nan   98.9  3.817    nan    nan  -50.7
H  -88.4  102.6  110.7 -179.6 -178.8    nan  1.031  109.8  3.797    nan    nan  124.9
L  -64.3  132.2  110.7 -179.3  171.1    nan  1.015   86.9  3.799  5.990 -133.2 -144.3
L  -93.0  -53.3  112.2  179.4  -69.6    nan  1.115   70.5  3.786  5.851 -143.8 -143.2
T -163.2  157.4  109.8 -177.7 -177.9   57.5  0.999  157.1  3.804  4.703  -36.3  -28.4
K  -95.9   -8.1  109.3  175.6  -65.2    nan  1.074   81.5  3.738  5.499 -124.8 -120.0
S  -67.7  145.8  112.0  178.9  146.7    nan  1.053   83.2  3.723  5.731   96.7  108.8
P  -72.8   -5.4  114.0 -179.1   -9.7    nan  1.022  105.0  3.749  5.356  -97.9 -109.8
S  -89.3  125.7  115.3 -178.3  174.6    nan  1.076  109.8  3.735  5.464   69.3   95.4
L  -65.9  -27.6  108.0  177.0  175.8    nan  1.054  103.3  3.730  5.745 -114.9 -128.9
N  -75.9  -34.5  110.9 -179.2  -74.0    nan  1.077   90.3  3.713  5.498   67.1   84.5
A  -64.7  -27.6  108.4  178.3    nan    nan  1.067  104.3  3.713  5.367   72.8   85.8
A  -73.3  -43.9  111.9  179.4    nan    nan  1.121   87.7  3.867  5.575   64.0   84.7
K  -64.9  -36.9  110.0  178.1  -81.2    nan  1.015   98.8  3.816  5.411   69.9   77.3
S  -63.0  -48.8  111.7  178.0 -174.5    nan  1.085   92.9  3.752  5.297   67.3   85.4
E  -61.5  -40.0  107.8  178.2  -75.6    nan  0.980  101.1  3.800  5.360   69.5   75.5
L  -61.3  -48.4  112.8 -179.1 -179.0    nan  1.067   93.7  3.781  5.336   70.8   86.4
D  -62.6  -37.9  110.4 -178.0  -71.3    nan  1.001  100.0  3.814  5.253   69.1   78.8
K  -63.2  -43.1  110.9  177.4  170.0    nan  0.996   96.4  3.750  5.216   70.0   83.7
A  -65.9  -36.6  113.1 -178.6    nan    nan  1.050   96.5  3.828  5.218   59.9   80.1
I  -91.9  -25.9  114.4 -176.2  -63.3  176.4  1.103   77.9  3.819  5.102   38.8   63.7
G   82.3   27.5  112.7  179.9    nan    nan    nan   86.7  3.794    nan    nan -127.3
R -161.8  165.3  108.4  179.1   73.5    nan  1.066  160.7  3.787    nan    nan   45.7
N  -80.8  103.7  107.5  179.5 -122.1    nan  0.941  104.5  3.779  5.289  -82.5  -94.7
T  -93.3  -22.0  115.9 -173.9   66.0  -53.0  1.056   77.5  3.711  5.971 -169.8 -163.2
N   57.2   35.0  111.2 -173.5 -152.6    nan  1.146  105.7  3.730  5.473 -143.6 -141.7
G   74.0    9.9  116.3  175.5    nan    nan    nan  101.4  3.833    nan    nan  -83.5
V -128.1  140.3  110.2  177.5  167.7  -74.4  1.066  130.4  3.744    nan    nan   66.3
I -131.0  168.8  108.3 -179.6   63.8  -64.6  1.054  133.6  3.817  5.751 -169.3 -171.8
T  -95.1  168.1  108.8  178.8   69.2  -50.8  0.994   98.8  3.780  5.433 -100.8 -104.0
K  -57.9  -43.8  112.4  179.1 -171.8    nan  1.088   99.2  3.798  5.222  -70.2  -69.0
D  -57.3  -43.8  110.9  178.1  -76.0    nan  1.006  100.4  3.855  5.459   77.7   84.6
E  -65.5  -42.5  109.0 -179.3  -79.0    nan  1.011   96.1  3.812  5.159   65.1   78.3
A  -59.7  -45.2  111.0  177.4    nan    nan  1.063   97.8  3.821  5.386   66.1   82.4
E  -67.5  -29.7  112.3 -179.9  -80.0    nan  1.127   99.1  3.775  5.247   54.5   75.8
K  -69.1  -44.3  111.8  178.0 -176.2    nan  1.052   90.7  3.723  5.527   74.3   87.1
L  -61.9  -36.5  109.6  176.9  -68.0    nan  0.958  101.7  3.832  5.414   74.5   78.7
F  -63.8  -46.5  110.2 -178.4 -173.7    nan  1.035   94.6  3.792  5.193   70.0   87.3
N  -61.1  -38.4  111.0  179.3  -80.4    nan  1.020  100.5  3.745  5.330   66.8   79.4
Q  -66.1  -40.1  111.2  179.5  -64.5    nan  0.997   95.5  3.786  5.397   72.8   82.6
D  -67.5  -36.9  113.0 -176.5  -71.7    nan  1.091   95.2  3.751  5.116   62.8   83.3
V  -69.4  -46.3  108.3  179.2  173.8  -66.1  1.044   91.8  3.794  5.424   65.4   80.2
D  -56.5  -45.9  110.5  179.1 -171.1    nan  1.086  100.0  3.768  5.301   65.5   83.1
A  -62.1  -41.0  112.0  178.9    nan    nan  1.023   97.9  3.808  5.414   66.9   78.8
A  -59.9  -52.3  108.4  179.5    nan    nan  1.018   95.2  3.839  5.370   73.1   85.4
V  -54.6  -50.7  112.6  178.4  174.9  -62.3  1.116   97.2  3.791  5.282   62.3   79.3
R  -62.7  -35.9  111.4  180.0  -62.3    nan  1.057  100.4  3.851  5.385   64.3   75.2
G  -64.0  -43.8  112.3  177.0    nan    nan    nan   94.7  3.789    nan    nan   85.5
I  -56.7  -48.9  109.8  176.7  -77.9  159.9  1.008   98.5  3.823    nan    nan   83.8
L  -65.9  -23.0  114.3 -176.0  -55.6    nan  1.217  103.3  3.832  5.212   47.6   77.1
R  -91.9  -15.0  111.3  179.9  -89.0    nan  0.957   82.8  3.779  5.538   71.0   72.6
N  -88.5  124.0  111.4 -175.1 -171.5    nan  1.088  106.7  3.739  5.148   59.6   87.4
A  -60.1  -32.1  113.1 -178.6    nan    nan  1.068  103.9  3.818  5.869 -104.7 -119.6
K  -81.8  -37.2  114.5  179.7  -83.7    nan  1.027   82.3  3.830  5.391   62.7   74.9
L  -83.1  -39.2  115.4 -177.0  -59.1    nan  1.093   79.9  3.739  4.957   51.7   72.1
K  -53.5  -49.2  115.6 -176.7  177.2    nan  1.117   97.3  3.720  5.327   79.7   98.7
P  -62.6  -33.0  111.2 -177.9    3.3    nan  0.998  102.1  3.779  5.271   67.4   79.2
V  -65.4  -52.0  111.1  177.5 -177.3  -55.6  1.110   90.0  3.823  5.463   63.4   86.5
Y  -54.7  -46.4  111.8  178.8 -173.4    nan  1.005  100.3  3.762  5.218   72.8   80.0
D  -61.7  -33.1  111.1 -178.6  -76.5    nan  1.027  102.9  3.853  5.358   64.7   80.8
S  -75.5  -19.1  114.3 -179.5   77.8    nan  1.092   96.1  3.790  5.280   60.4   80.1
L  -89.9  162.5  116.8 -174.3  -62.6    nan  1.048   97.7  3.783  5.403   66.4   86.0
D  -78.5  170.2  108.9  173.7   58.9    nan  1.034   81.8  3.797  5.340  -97.0 -100.5
A  -61.7  -37.2  115.9 -172.5    nan    nan  1.193   98.3  3.858  5.374  -73.5  -63.5
V  -67.4  -49.3  111.8  179.6 -178.7  -59.1  1.115   89.5  3.734  5.464   67.1   83.8
R  -66.3  -28.8  110.5 -178.3  -67.1    nan  1.076  101.4  3.742  5.262   57.1   74.3
R  -57.8  -41.6  109.9  176.9  -77.2    nan  1.061  102.0  3.846  5.723   84.2   96.6
A  -61.4  -38.2  111.6  177.5    nan    nan  1.071  100.1  3.782  5.324   68.6   82.0
A  -65.2  -38.6  110.5  178.0    nan    nan  1.030   97.5  3.809  5.471   70.0   82.4
L  -67.8  -38.4  110.2  179.4 -173.8    nan  1.039   95.6  3.750  5.371   64.9   80.6
I  -62.7  -41.8  109.3  179.7  -59.6  175.7  1.061   98.4  3.795  5.439   68.9   85.3
N  -57.9  -46.6  109.8 -179.8 -168.8    nan  1.015   99.0  3.816  5.397   74.8   86.7
M  -62.9  -40.7  110.9  179.8  -83.8    nan  1.010   97.9  3.800  5.395   65.4   78.0
V  -66.1  -39.4  109.8 -178.5  167.1  -73.5  1.068   96.7  3.776  5.243   64.4   81.7
F  -60.1  -42.0  110.1  179.0 -176.4    nan  0.973   99.9  3.800  5.410   78.3   86.2
Q  -71.4  -47.2  116.5 -178.7 -173.3    nan  1.129   84.7  3.783  5.147   49.8   76.6
M -118.8    5.0  116.4 -172.2   74.2    nan  1.187   63.5  3.723  4.633    2.6   33.3
G   77.4  156.0  112.0  177.9    nan    nan    nan   69.6  3.716    nan    nan -105.4
E  -58.2  -39.9  116.2 -175.3  144.1    nan  1.291   99.4  3.735    nan    nan  -82.2
T  -65.2  -44.2  111.1  178.1  -63.0  177.6  1.034   94.2  3.756  5.573   74.9   81.7
G  -54.6  -56.0  109.4  178.1    nan    nan    nan   95.7  3.756    nan    nan   86.3
V  -59.4  -45.1  115.0 -177.8 -175.4  -53.5  1.242   95.8  3.817    nan    nan   75.2
A  -57.1  -23.6  111.0  179.1    nan    nan  1.068  112.2  3.814  5.551   76.5   85.1
G  -73.5  -11.3  114.9  176.4    nan    nan    nan  101.5  3.814    nan    nan   87.8
F  -87.4   53.0  108.3 -179.8  -76.5    nan  1.031  106.1  3.851    nan    nan   87.5
T  -43.2  -53.2  117.2 -178.3  -62.6  178.9  1.046  100.8  3.777  6.130 -165.2 -168.6
N  -66.2  -42.4  113.6 -178.3  -54.7    nan  1.174   93.0  3.768  4.991   46.0   73.1
S  -61.4  -47.1  110.6  177.9  -65.5    nan  1.025   95.7  3.818  5.534   75.0   82.2
L  -57.3  -41.3  112.2 -179.9  -61.9    nan  1.094  101.3  3.818  5.295   67.0   83.0
R  -65.2  -41.3  110.4  179.9  176.0    nan  1.032   96.1  3.772  5.280   69.2   80.9
M  -67.2  -39.5  110.7  178.1  -71.8    nan  1.094   95.2  3.754  5.346   57.4   77.3
L  -65.0  -44.4  109.3  179.4  -69.6    nan  1.015   95.3  3.765  5.472   74.4   82.3
Q  -57.3  -34.2  110.2 -178.2 -164.0    nan  1.053  106.5  3.763  5.275   70.2   86.2
Q  -83.1   -3.9  113.2 -179.8  -65.9    nan  1.098   95.3  3.742  5.309   49.5   71.4
K   66.1   32.6  112.8  179.4  -53.8    nan  1.147   98.6  3.768  5.476 -121.2 -123.0
R  -98.3   78.1  106.0  175.6  -67.6    nan  1.001  103.7  3.795  5.966  111.2  113.1
W  -57.2  -52.4  117.4 -172.4  -43.2    nan  1.222   91.4  3.780  6.187 -166.0 -152.9
D  -62.1  -39.7  111.1  179.6  -66.0    nan  1.108   99.1  3.771  5.351   62.1   75.3
E  -67.9  -40.7  113.7  179.7  -51.4    nan  1.099   92.5  3.765  5.453   63.3   80.9
A  -63.1  -40.2  109.0  179.8    nan    nan  0.990   99.2  3.741  5.318   74.5   83.5
A  -62.4  -39.0  110.8 -178.1    nan    nan  1.065   99.3  3.802  5.287   65.5   85.6
V  -65.8  -46.9  111.7  177.5  165.0  -77.0  1.102   91.9  3.766  5.439   62.5   80.8
N  -65.8  -37.5  112.8 -178.9 -174.1    nan  1.042   96.3  3.793  5.277   64.6   76.7
L  -59.7  -35.3  111.0 -179.7  -78.0    nan  1.059  103.5  3.816  5.463   73.2   90.2
A  -71.3  -19.5  114.4 -177.2    nan    nan  1.150   99.8  3.849  5.338   59.7   83.6
K  -88.0   69.8  108.2  178.8  -54.0    nan  0.975  107.8  3.831  5.597   68.8   78.2
S -154.2  154.8  110.9 -175.6   59.8    nan  0.986  151.7  3.753  5.454   95.0   97.1
R  -57.0  -38.2  108.8  175.9  173.6    nan  0.993  105.1  3.764  5.361  -77.8  -86.4
W  -51.0  -53.5  111.7  179.6  170.8    nan  1.025   98.2  3.853  5.392   83.9   96.0
Y  -66.1  -42.7  110.0 -179.1  179.6    nan  0.968   95.0  3.771  5.097   58.1   69.8
N  -65.8  -35.0  114.3 -178.2  -79.0    nan  1.098   97.0  3.804  5.128   56.9   81.3
Q  -80.4  -41.5  114.3 -179.8  -63.8    nan  1.128   81.7  3.762  5.358   49.7   74.4
T -129.2   70.2  108.2 -179.7   51.4  -65.4  1.003   90.9  3.869  5.029    4.2   18.6
P  -61.7  -41.6  118.0 -176.2   11.9    nan  1.059   94.6  3.756  6.067 -169.1 -167.5
N  -64.9  -44.6  111.7 -177.4  -65.9    nan  1.095   93.9  3.808  5.306   62.5   85.2
R  -70.8  -43.4  110.8  179.2  158.1    nan  0.982   90.5  3.766  5.247   62.7   72.2
A  -56.6  -44.7  110.2  176.3    nan    nan  1.066  100.9  3.837  5.335   66.4   83.9
K  -59.7  -39.2  112.2  179.8  -64.0    nan  1.050  100.7  3.870  5.490   71.4   82.9
R  -62.3  -44.3  110.8  177.7  -71.6    nan  1.080   96.5  3.795  5.382   69.9   84.2
T  -67.9  -43.7  111.4  178.3  -60.6  177.3  1.024   92.2  3.808  5.315   62.7   74.6
I  -58.4  -45.6  111.4  179.1  -70.5  169.2  1.122   98.3  3.787  5.342   62.9   84.7
T  -61.5  -36.8  111.9  179.6  -68.4  171.8  1.039  100.7  3.820  5.470   71.1   80.5
T  -61.9  -43.8  110.0  178.1  -56.2 -172.7  1.077   97.5  3.774  5.357   69.2   86.5
F  -63.7  -42.1  111.3  176.0  -87.0    nan  1.018   96.3  3.819  5.465   66.8   76.7
R  -66.8  -42.1  114.5 -178.7 -159.9    nan  1.098   92.1  3.789  5.209   61.5   80.8
T -100.9  -22.9  116.6 -173.8   72.2  -51.3  1.113   69.8  3.790  4.994   29.1   53.5
G   69.1   18.9  113.1 -176.0    nan    nan    nan  102.7  3.691    nan    nan -134.3
T -127.3  172.8  107.6  176.2   71.3  -48.9  0.912  129.2  3.816    nan    nan   72.9
W  -94.0   15.2  112.6  177.5  -65.3    nan  0.989   91.9  3.848  5.285 -103.9  -98.6
D  -48.5  -40.0  115.3 -177.8  -65.0    nan  1.124  107.6  3.830  6.004  135.0  151.4
A  -67.6  -15.3  113.0 -177.5    nan    nan  1.100  105.8  3.806  5.359   67.7   83.5
Y -106.9    3.5  112.3 -177.2  -72.8    nan  1.066   74.5  3.750  5.318   48.2   68.1
K -112.5    nan  111.9 -179.6  -55.6    nan  1.159    nan  3.751  5.375   51.1   78.5
