Id   phi    psi    tau  omega    chi    chi2  solid    eta  CA-CA  CB-CB  BA^AB  NA^AC
M    nan  156.3  106.4    nan  171.7    nan  0.972    nan    nan    nan    nan    nan
N -155.8  175.5  107.7  176.2   57.1    nan  1.054  156.8  3.747  5.584  172.9  177.8
I  -52.9  -39.1  113.2 -178.0 -172.4   66.1  1.155  105.7  3.858  5.352  -57.0  -53.1
F  -64.0  -52.6  114.1  179.9  -70.6    nan  1.117   88.6  3.790  5.493   69.9   85.2
E  -64.7  -34.3  110.1  178.6  -57.9    nan  0.994  100.3  3.749  5.232   63.6   70.7
M  -63.7  -49.1  110.3 -179.6 -172.4    nan  0.984   93.1  3.859  5.417   78.6   88.8
L  -66.5  -36.6  111.7  179.2  -78.7    nan  1.097   96.7  3.811  5.157   51.5   72.0
R  -59.4  -35.1  112.4  178.0  167.1    nan  1.143  103.2  3.769  5.487   72.3   89.9
I  -70.8  -45.5  112.0  178.6  -77.9  157.0  1.081   88.8  3.765  5.454   66.9   80.7
D  -72.4  -32.6  115.7 -179.3  -78.4    nan  1.054   91.8  3.756  5.187   57.6   72.7
E  -98.1  -24.2  114.8 -174.5  -56.5    nan  1.117   72.6  3.805  5.103   36.1   64.3
G   77.3 -171.3  109.6 -177.5    nan    nan    nan   80.4  3.786    nan    nan -127.4
L -141.2  121.4  109.0  176.8  163.8    nan  1.019  125.4  3.769    nan    nan -126.6
R -134.1  131.3  107.6  178.6  -66.1    nan  1.038  128.5  3.798  5.824  165.5  164.4
L  -90.5   -6.2  116.8 -177.7  -55.0    nan  1.131   86.7  3.800  5.808 -136.8 -137.9
K -116.3  148.0  109.5  178.1    3.3    nan  1.097  122.3  3.802  5.394   41.9   62.2
I  -54.2  136.0  109.0 -178.2  -69.5  168.1  0.988   76.3  3.821  5.536  -70.0  -86.6
Y -137.9  175.0  106.8  176.6   62.8    nan  1.026  139.1  3.812  5.823  172.9  175.4
K -101.6  134.4  110.9  175.1  -57.0    nan  1.127  113.0  3.787  5.427 -115.1 -103.6
D  -77.5 -175.8  112.2 -179.6   79.0    nan  1.133   76.0  3.783  5.655 -118.4 -125.9
T  -62.8  -22.5  111.1 -177.1   68.8  -46.2  1.065  107.4  3.815  5.246  -48.6  -51.7
E  -91.6   -2.8  112.9  178.8  -55.8    nan  1.103   87.3  3.797  5.376   53.8   73.7
G   94.9    8.5  112.9 -179.0    nan    nan    nan   81.8  3.837    nan    nan  -93.3
Y  -95.0  145.7  113.2 -177.6  -51.8    nan  1.075  107.0  3.893    nan    nan  101.8
Y  -66.2  123.3  109.6 -179.2  -73.2    nan  1.019   92.0  3.734  5.276  -89.7 -105.8
T -138.1  167.3  108.2 -175.2  -58.1 -179.0  0.942  140.5  3.758  5.758  177.6  161.9
I -154.8  162.8  108.1  175.1 -163.2   71.8  1.035  154.6  3.798  5.622 -178.5 -167.8
G   69.6 -132.8  112.1  173.0    nan    nan    nan   91.3  3.794    nan    nan   40.2
I -102.4   73.1  110.1  179.1  -54.1 -174.6  1.089  105.0  3.776    nan    nan  -41.0
G   68.1   28.3  115.9  177.6    nan    nan    nan   97.8  3.809    nan    nan  -52.4
H  -83.7   99.5  110.4  177.9 -176.2    nan  1.041  108.9  3.800    nan    nan  125.5
L  -62.5  134.6  109.6 -179.7  172.3    nan  0.962   83.5  3.799  5.972 -130.4 -146.5
L  -96.0  -43.7  113.7  179.3  -63.1    nan  1.133   69.4  3.776  5.877 -151.8 -140.8
T -173.2  152.4  110.2 -175.2 -179.3   60.2  0.954  154.0  3.801  4.630  -31.4  -29.5
K  -92.3   -0.5  112.4  177.1  -58.9    nan  1.146   87.5  3.762  5.601 -132.4 -121.1
S  -72.2  142.0  110.5  177.8  140.3    nan  1.098   87.9  3.751  5.793   96.4  109.8
P  -76.1   -2.3  113.8 -178.3   -5.9    nan  1.003  103.0  3.782  5.546  -99.5 -115.7
S  -92.1  125.2  113.3 -177.3  158.5    nan  1.054  110.1  3.723  5.439   70.4   94.6
L  -65.8  -29.2  109.9  177.9 -178.5    nan  1.052  101.9  3.765  5.745 -114.2 -128.7
N  -72.6  -40.6  110.8  179.0  -78.1    nan  1.150   90.4  3.748  5.458   61.3   84.1
A  -61.9  -37.2  108.3  175.2    nan    nan  1.093  102.0  3.744  5.512   70.1   80.4
A  -67.4  -43.4  113.6  179.4    nan    nan  1.129   91.4  3.870  5.530   63.2   82.3
K  -63.2  -34.7  111.2  178.8  -91.2    nan  1.052  100.8  3.837  5.520   71.1   80.6
S  -68.9  -43.5  110.2  179.7  171.5    nan  1.090   92.2  3.732  5.235   65.7   83.1
E  -64.8  -34.5  107.0  179.3  -78.5    nan  0.958  101.6  3.851  5.517   71.0   77.6
L  -63.7  -46.3  112.6 -178.7  176.7    nan  1.110   93.3  3.807  5.357   68.1   89.4
D  -63.9  -36.8  111.1 -179.1  -70.9    nan  1.042   99.1  3.823  5.310   66.4   78.4
K  -68.2  -41.4  110.4  178.2  161.3    nan  1.056   93.6  3.788  5.268   62.0   80.4
A  -65.3  -41.2  112.9  178.5    nan    nan  1.063   94.7  3.853  5.413   61.9   79.5
I  -85.4  -30.5  115.2 -179.2  -53.3 -172.6  1.153   81.6  3.883  5.190   37.9   63.3
G   82.4   30.5  112.4 -179.7    nan    nan    nan   85.6  3.857    nan    nan -131.7
R -167.4  163.6  110.1  178.5   80.8    nan  1.061  163.2  3.854    nan    nan   41.5
N  -76.0  105.0  107.7  175.6 -116.6    nan  0.977  102.8  3.777  5.272  -84.3  -94.9
T  -92.9  -27.0  114.4 -175.4   66.4  -55.7  1.030   76.6  3.763  6.010 -163.7 -164.0
N   59.3   40.7  108.7 -173.9 -163.1    nan  1.064  102.0  3.766  5.438 -147.4 -143.9
G   68.7   12.3  119.1  178.1    nan    nan    nan  105.0  3.869    nan    nan  -81.2
V -132.0  136.8  111.5  178.5  175.8  -65.2  1.080  132.4  3.765    nan    nan   64.0
I -128.8  169.3  109.3 -179.2   64.3  -61.1  1.039  131.6  3.852  5.874 -167.1 -174.2
T  -94.2  171.1  108.0  178.6   69.3  -51.1  0.985   96.9  3.764  5.352 -100.5 -103.1
K  -63.3  -37.5  112.5  179.1 -171.1    nan  1.133   98.5  3.738  5.177  -77.4  -70.6
D  -63.3  -43.0  111.2  178.8  -69.8    nan  1.012   96.2  3.861  5.579   78.0   85.4
E  -64.0  -41.5  111.4  177.6  -69.0    nan  1.032   96.4  3.820  5.184   64.9   78.4
A  -63.1  -42.8  108.9  176.9    nan    nan  0.981   97.8  3.849  5.442   71.4   79.7
E  -66.0  -35.5  112.8  179.2  -84.4    nan  1.153   97.2  3.766  5.163   54.4   78.4
K  -67.6  -43.4  111.3  178.8 -178.9    nan  1.058   92.6  3.734  5.475   71.9   83.5
L  -60.7  -40.1  110.8  176.6  -68.2    nan  1.048  100.0  3.810  5.442   70.0   80.6
F  -63.8  -48.4  110.6 -179.0 -179.4    nan  1.059   93.2  3.777  5.214   67.8   83.9
N  -54.9  -44.6  109.4  177.2  -79.8    nan  1.033  102.6  3.808  5.477   68.9   81.4
Q  -62.0  -43.7  113.6  179.4  -68.1    nan  1.000   95.4  3.829  5.375   72.2   80.8
D  -66.5  -35.5  113.7 -179.0  -70.4    nan  1.081   96.4  3.759  5.118   59.9   79.6
V  -69.2  -45.1  109.8  177.9  171.0  -67.5  1.093   91.5  3.831  5.465   63.6   81.2
D  -57.6  -51.0  109.8  178.9 -168.4    nan  1.009   96.6  3.753  5.333   72.7   83.1
A  -60.3  -42.8  111.1 -179.9    nan    nan  1.097   98.7  3.772  5.211   55.3   76.3
A  -58.8  -49.3  110.8  177.5    nan    nan  1.066   96.2  3.823  5.515   73.3   83.7
T  -62.1  -47.9  113.0 -177.2  -48.1 -167.9  1.128   93.3  3.792  5.208   58.9   79.2
R  -62.1  -35.4  110.9  179.9 -170.8    nan  1.085  101.5  3.787  5.294   60.5   78.3
G  -65.1  -37.8  110.7  178.6    nan    nan    nan   97.8  3.846    nan    nan   85.2
I  -60.3  -46.3  110.1  176.1  -81.6  161.1  0.993   97.3  3.762    nan    nan   85.5
L  -64.3  -26.5  112.8 -178.9  -64.1    nan  1.054  103.5  3.851  5.283   62.5   78.5
R  -88.3   -9.9  112.9 -180.0  -63.1    nan  1.022   87.8  3.789  5.329   58.6   73.4
N  -94.3  118.0  111.0 -178.7 -177.8    nan  1.058  110.5  3.770  5.304   62.3   84.3
A  -56.7  -26.5  116.6 -178.5    nan    nan  1.151  109.0  3.834  5.960 -116.0 -120.3
K  -87.2  -28.9  112.2  179.7 -110.1    nan  0.948   82.0  3.810  5.399   68.2   75.0
L  -90.7  -37.9  115.2 -179.6  -59.7    nan  1.098   74.2  3.749  5.069   41.4   70.6
K  -49.5  -46.5  116.2 -176.7 -176.9    nan  1.121  101.8  3.746  5.377   87.0  103.6
P  -66.2  -31.3  112.8 -177.0   -6.8    nan  1.028   99.3  3.772  5.286   64.9   79.6
V  -68.8  -48.2  110.5  178.0  179.2  -59.3  1.045   89.8  3.744  5.370   67.7   85.6
Y  -57.8  -46.0  112.2  179.9 -174.1    nan  0.966   98.0  3.756  5.153   71.7   81.5
D  -62.1  -33.4  111.0 -178.9  -80.7    nan  1.080  102.5  3.804  5.159   55.8   80.7
S  -73.4  -19.6  114.5  179.2   75.7    nan  1.072   97.8  3.820  5.488   64.0   81.2
L  -82.8  156.0  116.9 -176.3  -58.2    nan  1.107   93.9  3.830  5.425   67.8   89.7
D  -77.6  169.3  109.0  171.5   59.5    nan  1.027   81.3  3.744  5.332  -98.2 -109.2
A  -57.4  -41.3  116.1 -174.0    nan    nan  1.188   99.2  3.820  5.260  -69.8  -62.1
V  -64.1  -48.1  112.0  179.8 -178.8  -59.8  1.140   92.3  3.752  5.423   65.2   83.4
R  -69.7  -28.8  111.3 -176.8  -63.7    nan  1.121   98.0  3.775  5.316   54.7   73.7
R  -59.6  -39.5  108.5  176.5  -83.2    nan  0.988  102.5  3.758  5.644   91.3   94.6
A  -62.9  -38.3  109.7  179.6    nan    nan  1.059   99.9  3.765  5.278   67.2   83.6
A  -61.2  -41.2  113.6  178.8    nan    nan  1.065   97.5  3.818  5.491   73.4   86.9
L  -69.0  -36.6  110.0  179.9 -172.9    nan  1.004   95.6  3.788  5.256   66.2   77.7
I  -65.5  -40.5  108.0  178.3  -63.4  172.2  0.992   97.6  3.806  5.439   71.1   82.9
N  -58.0  -50.1  108.8 -180.0 -169.6    nan  0.994   97.5  3.829  5.371   76.0   87.2
M  -60.3  -40.0  111.5 -180.0  -67.8    nan  1.004  100.1  3.797  5.346   65.5   77.4
V  -65.5  -38.6  109.9 -178.4  173.1  -68.5  1.092   97.5  3.869  5.360   63.3   83.1
F  -61.5  -39.0  111.2  179.0 -172.9    nan  1.004   99.8  3.805  5.447   77.3   85.9
Q  -80.2  -44.3  112.5 -177.3  179.2    nan  1.000   81.9  3.802  5.202   53.9   71.5
M -111.6   -1.7  120.0 -173.3   71.2    nan  1.384   67.6  3.690  4.574   -6.8   42.5
G   84.1  153.3  108.9  178.9    nan    nan    nan   76.3  3.712    nan    nan -103.9
E  -65.5  -35.2  111.7 -175.6 -173.3    nan  1.006   98.3  3.756    nan    nan  -92.5
T  -67.9  -43.5  110.5 -178.9  -58.3 -177.3  1.080   92.9  3.661  5.305   60.0   85.2
G  -58.0  -48.5  111.6 -178.0    nan    nan    nan   96.8  3.744    nan    nan   87.1
V  -65.9  -46.6  111.6 -179.1 -175.1  -55.9  1.145   92.1  3.805    nan    nan   74.5
A  -53.7  -19.9  112.2 -179.9    nan    nan  1.095  117.0  3.780  5.427   74.8   87.3
G  -81.1  -12.6  115.1 -179.8    nan    nan    nan   93.4  3.871    nan    nan   86.7
F  -81.7   47.1  107.9  178.8  -76.2    nan  1.001  108.7  3.844    nan    nan   90.3
T  -40.4  -54.1  116.8 -178.0  -47.3 -165.4  1.062  102.1  3.812  6.140 -173.1 -171.0
N  -61.1  -43.6  113.5 -179.1  -52.4    nan  1.183   96.2  3.808  5.123   49.6   76.1
S  -66.7  -42.2  110.6 -179.9  -53.3    nan  1.023   94.4  3.841  5.596   71.2   78.0
L  -59.6  -41.7  110.0  179.1  -67.9    nan  1.005  100.5  3.805  5.330   76.3   84.2
R  -63.2  -43.7  111.3  178.9  179.1    nan  1.070   95.8  3.754  5.223   64.0   81.4
M  -67.1  -35.6  111.2  178.1  -66.9    nan  1.069   97.0  3.809  5.419   60.5   75.8
L  -64.8  -45.9  109.0  178.9  -71.9    nan  1.024   94.9  3.766  5.456   75.0   85.6
Q  -61.3  -30.0  111.3 -177.6 -178.5    nan  1.045  104.8  3.791  5.300   65.8   81.9
Q  -85.8   -4.8  109.6 -178.3  -65.5    nan  1.039   92.6  3.790  5.394   53.5   73.0
K   63.9   35.9  115.0 -178.5  -43.9    nan  1.170   97.7  3.772  5.569 -126.5 -124.9
R  -96.7   77.8  105.1  173.8  -72.2    nan  0.953  103.2  3.775  5.950  122.6  115.1
W  -57.4  -47.1  118.5 -173.8  -38.7    nan  1.247   94.2  3.792  6.161 -172.6 -153.7
D  -67.7  -40.1  111.8 -178.5  -81.2    nan  1.046   93.9  3.791  5.364   67.6   76.8
E  -65.8  -40.4  111.6  178.1  -62.0    nan  1.030   95.4  3.790  5.372   65.4   80.3
A  -65.4  -37.6  109.6  179.0    nan    nan  1.020   98.2  3.754  5.293   67.1   80.7
A  -60.8  -41.0  111.9 -179.8    nan    nan  1.119   98.9  3.827  5.440   67.7   88.5
V  -66.3  -50.2  110.6  177.7  172.3  -74.2  1.046   90.5  3.738  5.327   66.7   78.3
N  -61.6  -41.3  112.1  179.3 -169.0    nan  1.073   98.0  3.789  5.267   59.0   75.9
L  -58.9  -32.6  111.8 -176.7  -81.4    nan  1.009  105.3  3.834  5.515   79.1   90.1
A  -72.5  -17.3  114.1 -174.7    nan    nan  1.215   99.8  3.770  5.211   54.0   87.1
K  -87.6   74.0  107.6  176.9  -48.3    nan  1.033  107.6  3.807  5.753   70.3   79.2
S -157.1  158.2  109.6 -175.2   62.1    nan  0.994  154.7  3.734  5.484  101.9   98.4
R  -60.6  -39.2  109.6  175.8  174.5    nan  1.013  101.3  3.753  5.371  -78.9  -85.3
W  -49.2  -51.5  112.1  179.7  170.2    nan  1.035  100.6  3.777  5.324   85.8   97.2
Y  -67.3  -40.3  111.2 -178.4  179.1    nan  1.040   94.5  3.763  5.086   54.0   71.3
N  -69.4  -33.6  113.6 -179.1  -71.8    nan  1.108   95.0  3.814  5.358   57.7   79.7
Q  -80.6  -41.9  112.1 -178.7  -66.0    nan  1.075   82.8  3.811  5.396   57.9   75.4
T -128.9   72.8  108.2  179.9   48.1  -70.6  1.037   92.7  3.808  4.985   -1.7   18.3
P  -60.7  -44.8  115.5 -176.4    9.1    nan  1.057   94.7  3.768  6.116 -161.8 -165.3
N  -62.5  -45.9  114.3 -177.8  -64.0    nan  1.143   93.4  3.834  5.332   60.1   84.2
R  -68.2  -46.1  109.5  179.3 -178.5    nan  0.993   92.0  3.764  5.351   67.2   73.8
A  -58.0  -42.2  112.3  178.7    nan    nan  1.141  100.2  3.821  5.292   61.9   82.4
K  -60.8  -38.3  111.6  178.7  -70.8    nan  1.013  100.6  3.792  5.508   79.0   83.9
R  -62.8  -43.1  110.8 -179.8  -75.2    nan  1.034   96.8  3.737  5.303   73.2   86.5
V  -69.7  -41.9  109.6 -177.8  173.8  -64.2  1.052   92.7  3.801  5.205   58.7   76.4
I  -60.5  -44.8  111.7  177.7  -73.4  167.4  1.108   97.0  3.798  5.413   64.1   82.7
T  -63.5  -30.4  110.7  179.9  -65.0  170.6  0.995  103.0  3.784  5.385   71.7   79.6
T  -65.7  -44.8  110.5  178.9  -54.2 -170.7  1.099   93.8  3.775  5.393   67.0   89.4
F  -67.6  -39.3  109.9  178.1  -86.1    nan  0.947   95.4  3.773  5.392   69.4   73.8
R  -60.8  -47.2  114.9  179.5 -153.0    nan  1.084   93.6  3.807  5.270   68.2   87.2
T  -98.2  -22.8  116.8 -172.5   69.9  -53.1  1.107   72.2  3.803  4.901   29.8   52.7
G   69.1   20.6  112.2 -176.5    nan    nan    nan  102.2  3.743    nan    nan -133.8
T -128.7  171.2  109.3  178.7   70.3  -52.4  0.943  131.1  3.812    nan    nan   74.9
W  -96.6   20.8  111.5  178.4  -65.4    nan  0.970   91.2  3.760  5.289 -105.5 -101.4
D  -52.4  -38.0  117.8 -176.0  -73.0    nan  1.132  104.7  3.692  5.860  137.0  155.8
A  -68.3  -13.4  112.4 -176.6    nan    nan  1.135  106.1  3.811  5.344   64.1   85.6
Y -104.5   -3.1  111.3 -179.1  -72.7    nan  1.105   74.4  3.752  5.461   47.5   70.4
K  -97.0    nan  110.7  175.7  -71.2    nan  1.143    nan  3.751  5.571   60.3   83.2
