Id   phi    psi    tau  omega    chi    chi2  solid    eta  CA-CA  CB-CB  BA^AB  NA^AC
M    nan  145.5  106.2    nan  176.9    nan  0.978    nan    nan    nan    nan    nan
N -147.9  175.2  108.0  177.2   53.9    nan  1.068  149.1  3.816  5.724  172.8  173.6
I  -51.8  -41.1  114.4 -179.9 -172.5   64.1  1.209  104.6  3.848  5.267  -60.0  -53.5
F  -66.0  -46.8  112.2 -178.9  -68.0    nan  1.118   91.6  3.795  5.538   67.1   82.2
E  -68.0  -35.7  109.2  179.4  -65.0    nan  0.993   97.3  3.795  5.413   66.2   72.8
M  -62.2  -51.8  111.2 -178.9 -170.6    nan  0.979   92.2  3.818  5.365   79.8   89.4
L  -65.7  -31.1  110.9  179.9  -83.9    nan  1.089  100.6  3.818  5.032   48.5   70.7
R  -69.6  -29.6  110.8  179.1  165.1    nan  1.129   98.0  3.832  5.520   63.5   85.7
I  -74.3  -45.5  110.3  177.1  -82.5  154.3  1.063   87.2  3.823  5.584   65.3   80.5
D  -68.6  -34.9  117.7 -179.9  -75.3    nan  1.126   93.0  3.832  5.278   55.7   75.4
E  -99.3  -32.8  115.1 -174.5  -62.1    nan  1.072   68.7  3.810  5.114   41.1   60.4
G   76.8 -171.4  109.8 -177.6    nan    nan    nan   79.9  3.812    nan    nan -135.2
L -138.7  123.1  111.6 -179.5  169.7    nan  0.981  127.8  3.797    nan    nan -122.5
R -131.9  131.4  108.5  179.0  -53.5    nan  1.146  128.2  3.854  5.863  159.1  166.9
L  -96.8    4.6  112.9 -176.3  -59.2    nan  1.033   85.0  3.755  5.769 -129.3 -144.0
K -128.0  145.5  108.8  180.0  170.8    nan  0.999  130.6  3.779  5.217   43.2   61.7
I  -50.5  133.6  110.8 -178.6  -66.9  170.5  1.090   76.1  3.863  5.707  -81.4  -86.3
Y -141.7  172.5  109.0  179.1   67.2    nan  1.073  143.6  3.841  5.804  173.8  169.0
K -104.3  139.4  110.5  176.6  -63.4    nan  1.074  114.1  3.740  5.426 -114.2 -108.1
D  -77.9 -171.9  112.8  179.9   75.6    nan  1.206   74.9  3.798  5.720 -123.6 -120.2
T  -66.1  -21.9  113.0 -179.6   72.4  -44.4  1.110  104.0  3.805  5.232  -48.9  -50.5
E  -90.0   -7.0  111.8  179.8  -66.4    nan  1.058   87.4  3.864  5.474   61.6   75.4
G   91.3   12.8  113.3 -177.6    nan    nan    nan   83.7  3.749    nan    nan  -99.5
Y  -94.0  148.6  114.5  178.2  -51.9    nan  1.064  106.0  3.860    nan    nan  104.6
Y  -63.3  121.1  111.9  178.3  -71.9    nan  1.119   93.0  3.795  5.348  -93.9 -101.0
T -135.3  161.8  111.3 -175.4  -54.1 -178.5  0.999  139.0  3.854  5.846 -177.4  161.5
I -148.3  161.3  109.0  173.5 -163.3   74.7  1.097  149.4  3.781  5.634 -179.8 -168.1
G   68.4 -130.1  114.5  174.0    nan    nan    nan   93.3  3.893    nan    nan   37.2
I -100.4   70.9  111.5  179.0  -57.0 -173.9  1.125  106.4  3.766    nan    nan  -34.0
G   69.6   26.5  114.6  179.8    nan    nan    nan   97.9  3.780    nan    nan  -51.5
H  -83.8  102.3  110.6  179.8 -176.0    nan  1.043  108.6  3.854    nan    nan  126.3
L  -63.0  128.3  110.7  179.8  173.3    nan  1.104   88.1  3.885  6.136 -138.9 -144.2
L  -92.4  -52.7  112.9  179.9  -69.0    nan  1.119   70.4  3.774  5.886 -142.0 -144.5
T -160.7  152.3  110.0 -178.0 -178.6   59.3  1.016  152.7  3.822  4.708  -35.1  -25.2
K  -92.4   -7.8  109.3  176.4  -53.5    nan  1.042   85.1  3.827  5.631 -121.1 -122.7
S  -67.3  141.5  112.7  177.3  160.5    nan  1.034   85.4  3.789  5.685   95.8  107.8
P  -72.9    0.3  113.7  179.5   -8.9    nan  0.982  107.2  3.845  5.563 -101.3 -114.9
S  -92.1  123.4  114.4 -177.6  172.6    nan  1.098  111.4  3.752  5.460   69.6   98.3
L  -65.2  -21.6  109.2  176.2  177.7    nan  1.118  106.3  3.719  5.771 -120.9 -130.2
N  -79.4  -38.0  112.2  179.6  -77.5    nan  1.135   85.2  3.797  5.718   64.7   86.4
A  -62.3  -32.6  108.0  176.9    nan    nan  1.034  104.1  3.706  5.438   78.2   84.0
A  -66.8  -44.6  112.3  179.4    nan    nan  1.090   92.0  3.893  5.552   70.1   86.3
K  -67.3  -35.6  110.5  179.9  -88.9    nan  1.055   97.2  3.802  5.347   65.1   76.0
S  -65.2  -45.0  111.7  178.3 -177.2    nan  1.123   93.4  3.737  5.315   66.8   85.1
E  -60.6  -41.8  110.5  177.3  -71.6    nan  1.009   99.4  3.862  5.546   73.1   79.6
L  -60.8  -44.5  112.6 -179.5  179.1    nan  1.093   96.5  3.747  5.209   67.4   85.2
D  -66.3  -36.4  110.9 -179.6  -72.3    nan  1.053   97.4  3.781  5.374   63.9   77.8
K  -60.9  -47.0  109.8  175.6 -174.1    nan  1.041   96.6  3.799  5.391   73.3   85.2
A  -63.9  -38.4  114.4  179.8    nan    nan  1.162   96.5  3.837  5.338   54.1   77.1
I  -92.0  -25.8  114.4 -176.9  -61.9  177.5  1.111   77.8  3.799  5.174   42.7   62.1
G   81.1   29.1  112.9  179.5    nan    nan    nan   87.1  3.774    nan    nan -129.5
R -160.8  166.6  110.7  177.9   86.7    nan  1.089  161.0  3.779    nan    nan   47.7
N  -82.7  105.9  108.6  179.5 -125.5    nan  1.001  105.6  3.787  5.382  -88.9  -93.9
T  -95.4  -25.2  117.6 -173.6   73.4  -51.4  1.099   73.7  3.739  6.001 -168.4 -162.3
N   55.8   38.0  112.1 -172.9 -150.7    nan  1.127  104.6  3.756  5.478 -144.2 -145.1
G   74.7    8.4  118.0  176.2    nan    nan    nan  101.2  3.882    nan    nan  -79.9
V -127.0  138.7  111.0  178.8  168.8  -70.9  1.087  129.9  3.761    nan    nan   66.9
I -129.7  166.0  109.3  179.1   63.5  -62.4  1.064  132.9  3.800  5.781 -168.4 -173.8
T  -95.8  167.6  108.6  179.0   69.7  -53.5  0.977   99.6  3.788  5.423 -102.4 -108.1
K  -53.0  -45.1  115.0  178.3 -164.8    nan  1.194  100.7  3.862  5.342  -73.5  -65.1
D  -61.2  -41.9  112.1  178.5  -73.4    nan  0.954   98.0  3.857  5.511   82.6   80.9
E  -66.1  -40.6  107.2 -179.3  -80.5    nan  1.055   97.5  3.774  5.086   61.0   79.3
A  -63.8  -39.4  110.8  177.9    nan    nan  1.042   98.0  3.822  5.504   70.7   80.6
E  -69.0  -31.3  113.3 -179.8  -81.7    nan  1.152   96.6  3.776  5.246   57.7   79.9
K  -70.4  -41.0  112.5  178.7 -178.9    nan  1.059   91.0  3.743  5.491   73.6   85.5
L  -61.7  -40.4  109.0  176.8  -75.3    nan  1.010  100.1  3.821  5.411   72.7   81.7
F  -62.3  -44.8  110.3  179.7 -172.6    nan  1.050   96.6  3.775  5.232   67.8   83.4
N  -58.5  -44.6  112.1  177.5  -75.0    nan  1.080   98.4  3.873  5.541   66.8   82.2
Q  -60.2  -43.9  112.8  178.7  -67.7    nan  1.034   97.2  3.810  5.367   72.7   82.1
D  -65.0  -41.6  112.2 -177.1  -65.5    nan  1.170   95.1  3.817  5.241   56.4   81.8
V  -66.2  -48.1  108.2  179.0  178.9  -59.4  1.096   93.3  3.787  5.541   65.7   78.7
D  -56.3  -49.0  110.3  178.4 -170.2    nan  1.081   98.5  3.819  5.391   67.8   81.0
A  -56.6  -42.2  113.0  178.3    nan    nan  1.063  100.9  3.834  5.452   65.9   80.9
A  -58.5  -55.4  112.5 -179.2    nan    nan  1.131   91.6  3.829  5.394   67.9   87.7
V  -52.3  -51.6  111.2  178.5  176.2  -62.0  1.060   98.9  3.865  5.338   70.3   79.3
R  -60.2  -43.6  113.3  178.1  -93.5    nan  1.124   97.1  3.802  5.135   54.8   74.8
G  -60.6  -40.5  109.8  175.3    nan    nan    nan  100.5  3.741    nan    nan   80.0
I  -58.1  -45.5  112.5  177.1  -77.8  159.9  1.044   98.0  3.856    nan    nan   86.1
L  -69.0  -18.5  115.0 -178.2  -53.6    nan  1.221  102.4  3.847  5.263   47.6   76.1
R  -99.9   -4.3  110.4  179.7  -89.3    nan  0.933   78.6  3.838  5.610   69.3   69.0
N  -97.3  122.3  115.1 -177.7 -173.4    nan  1.144  115.1  3.775  5.225   56.7   87.9
A  -59.0  -31.0  113.2 -178.8    nan    nan  1.088  105.5  3.836  5.858 -103.4 -122.3
K  -85.5  -27.2  116.2  178.1  -66.5    nan  1.162   82.5  3.830  5.411   48.4   72.8
L  -90.0  -41.6  115.8 -178.5  -56.7    nan  1.138   73.2  3.676  5.191   54.0   74.8
K  -50.5  -45.4  116.6 -174.7 -178.0    nan  1.170  101.6  3.724  5.305   80.1  101.3
P  -62.3  -37.5  112.8 -179.4   -6.6    nan  1.037   99.3  3.792  5.424   70.4   82.2
T  -66.8  -48.7  111.0  176.8  -55.0 -176.5  1.088   90.7  3.783  5.401   62.0   80.8
Y  -54.0  -51.3  111.5  178.1 -171.9    nan  1.026   97.8  3.806  5.361   74.6   83.1
D  -57.5  -30.9  113.1 -178.5  -76.0    nan  1.057  106.9  3.852  5.294   65.1   80.8
S  -75.2  -24.2  117.3 -178.5   78.0    nan  1.183   92.9  3.786  5.283   57.8   84.4
L  -86.0  157.4  116.9 -174.2  -63.1    nan  1.025   96.2  3.807  5.416   72.1   84.2
D  -73.6  176.1  111.0  171.5   57.5    nan  1.034   75.0  3.747  5.360  -99.5 -101.8
A  -64.3  -38.1  116.8 -176.4    nan    nan  1.201   95.2  3.868  5.320  -74.1  -61.3
V  -69.7  -45.8  111.3  179.5  177.2  -61.7  1.082   89.9  3.745  5.456   67.1   80.9
R  -66.3  -27.2  111.0 -178.8  -66.3    nan  1.096  102.0  3.773  5.301   57.8   76.9
R  -63.0  -39.2  109.7  175.6  -74.2    nan  1.030   99.4  3.822  5.705   83.7   92.2
A  -61.2  -37.3  109.8  176.9    nan    nan  1.042  101.8  3.856  5.423   72.0   83.5
A  -64.6  -38.7  112.1  178.5    nan    nan  1.060   97.0  3.882  5.517   70.0   83.9
L  -72.1  -35.6  110.4  179.3 -176.9    nan  1.048   93.2  3.763  5.307   61.3   76.7
I  -65.8  -36.5  107.4 -179.6  -66.4  170.4  1.019   99.7  3.838  5.553   71.9   85.0
N  -61.0  -47.1  110.9  179.5 -172.1    nan  1.112   95.8  3.799  5.389   68.6   87.9
M  -61.8  -41.8  112.0  179.0  -63.5    nan  1.045   97.6  3.811  5.525   67.8   78.4
V  -65.9  -39.4  110.7 -179.1  170.1  -67.5  1.084   96.4  3.823  5.326   63.9   80.7
F  -61.3  -39.1  109.9  178.5 -178.5    nan  1.008  100.6  3.830  5.481   75.9   84.8
Q  -77.8  -44.1  114.7 -178.7 -176.0    nan  1.091   82.4  3.851  5.308   50.6   72.7
M -117.0    3.1  119.6 -175.0   64.4    nan  1.251   64.6  3.761  4.716    1.5   36.8
G   77.1  161.5  112.1  179.7    nan    nan    nan   70.9  3.761    nan    nan -105.6
E  -60.7  -38.4  113.7 -176.2  171.7    nan  1.146   99.6  3.717    nan    nan  -78.6
T  -65.4  -48.7  113.0  179.6  -44.0 -162.2  1.159   90.4  3.743  5.480   58.5   84.4
G  -53.1  -54.7  110.4  178.2    nan    nan    nan   96.9  3.767    nan    nan   84.4
V  -58.7  -47.2  112.2 -179.2 -177.4  -56.6  1.204   96.7  3.825    nan    nan   75.6
A  -55.1  -22.2  111.6  178.6    nan    nan  1.136  114.6  3.833  5.573   70.5   84.3
G  -74.6   -9.0  116.3  175.9    nan    nan    nan  101.3  3.856    nan    nan   88.0
F  -91.5   51.5  108.2  179.6  -75.7    nan  1.035  103.2  3.873    nan    nan   85.3
T  -44.7  -57.2  118.0 -178.3  -56.7 -174.4  1.121   96.2  3.848  6.240 -173.7 -171.2
N  -60.1  -39.9  113.9  179.8  -56.5    nan  1.123   99.1  3.798  5.075   56.3   73.9
S  -67.7  -41.8  110.8 -179.6  -53.3    nan  1.027   93.7  3.866  5.559   69.6   80.7
L  -62.8  -41.2  109.8  178.9  -56.6    nan  1.078   98.4  3.850  5.394   68.7   81.3
R  -64.0  -40.9  107.8  179.5  176.3    nan  1.081   98.6  3.781  5.362   66.7   80.5
M  -67.7  -37.6  113.1  176.8  -66.8    nan  1.204   94.5  3.809  5.525   51.5   76.6
L  -64.8  -45.1  109.1  177.8  -66.4    nan  1.059   95.2  3.848  5.677   76.6   82.9
Q  -56.1  -36.0  112.5  179.2  -77.1    nan  1.043  105.3  3.850  5.520   76.1   85.3
Q  -81.4   -5.5  110.1 -179.3  -58.4    nan  1.057   96.7  3.775  5.233   53.6   71.3
K   65.0   32.4  114.6 -179.4  -51.0    nan  1.189   99.0  3.808  5.543 -127.5 -125.4
R  -97.0   76.2  104.3  176.6  -66.4    nan  0.967  102.0  3.850  6.037  116.7  113.9
W  -53.8  -51.6  117.3 -173.3  -42.1    nan  1.241   94.4  3.856  6.287 -168.9 -151.7
D  -61.8  -43.9  112.3  179.8  -67.6    nan  1.132   96.2  3.790  5.390   63.8   76.6
E  -64.1  -41.6  111.9  178.8  -49.9    nan  1.131   96.0  3.773  5.362   61.9   79.2
A  -64.2  -42.0  111.0  179.3    nan    nan  1.103   96.1  3.790  5.461   65.4   81.4
A  -58.7  -45.1  111.9  179.2    nan    nan  1.060   98.1  3.818  5.431   74.2   85.7
V  -62.6  -42.9  111.3  176.4  168.5  -70.8  1.081   96.7  3.844  5.452   63.0   77.2
N  -69.5  -37.5  112.4 -178.9 -173.8    nan  1.071   93.5  3.851  5.377   62.7   76.9
L  -61.9  -32.5  110.9  179.7  -79.0    nan  1.037  103.2  3.837  5.536   75.5   87.5
A  -72.6  -17.8  114.2 -177.9    nan    nan  1.179   99.5  3.887  5.394   57.1   84.6
K  -87.9   69.8  107.8  178.7  -71.3    nan  0.899  107.4  3.833  5.697   78.1   79.6
S -153.9  156.6  109.4 -175.1   57.7    nan  0.973  151.9  3.770  5.429   91.2   97.7
R  -58.2  -40.4  109.7  174.5  177.3    nan  0.977  102.4  3.751  5.269  -77.3  -86.1
W  -50.4  -50.2  111.2 -178.6  164.9    nan  1.045  101.2  3.840  5.310   80.1   95.9
Y  -66.1  -41.6  111.7 -179.7 -177.1    nan  1.038   94.5  3.823  5.179   56.7   72.1
N  -70.3  -35.4  113.6 -179.9  -75.5    nan  1.086   93.2  3.839  5.253   56.4   76.7
Q  -79.4  -44.0  115.2  179.0  -56.5    nan  1.124   80.9  3.785  5.382   51.4   74.2
T -125.6   63.9  108.1 -179.5   45.1  -73.6  1.004   88.3  3.911  5.056    6.4   20.4
P  -58.7  -38.1  116.8 -176.2   20.2    nan  1.079   99.8  3.791  6.115 -174.9 -170.8
N  -67.2  -44.1  112.3 -179.4  -65.1    nan  1.068   92.0  3.881  5.568   67.4   84.3
R  -67.8  -44.1  109.8  178.4  164.7    nan  1.021   93.0  3.794  5.316   65.9   74.7
A  -54.8  -46.4  111.1  177.5    nan    nan  1.139  100.6  3.875  5.414   67.8   85.8
K  -57.7  -41.4  112.5 -179.9  -81.5    nan  1.033  100.8  3.900  5.520   76.4   83.6
R  -60.1  -47.2  111.0  178.5  -76.4    nan  1.077   96.4  3.783  5.303   68.5   84.7
V  -65.8  -44.0  110.9 -178.4  172.0  -63.8  1.103   93.9  3.857  5.290   57.8   75.9
I  -63.7  -41.6  109.4  179.5  -73.4  168.1  1.079   97.7  3.796  5.376   63.3   78.7
T  -63.5  -36.8  110.4  180.0  -70.9  167.9  1.081   99.8  3.813  5.464   66.7   81.8
T  -63.1  -39.8  109.9  179.5  -55.3 -169.4  1.081   98.8  3.766  5.434   70.0   86.2
F  -71.1  -37.4  109.7 -179.1  -85.2    nan  1.014   93.6  3.823  5.494   65.1   77.1
R  -65.9  -45.2  114.4 -178.7 -151.0    nan  1.118   91.2  3.789  5.310   66.0   85.4
T  -96.1  -28.3  118.2 -175.2   76.1  -50.4  1.130   71.5  3.801  5.017   32.5   54.3
G   68.6   25.2  110.9 -174.6    nan    nan    nan  100.8  3.751    nan    nan -136.8
T -130.9  169.5  108.9  175.1   69.4  -50.6  0.939  133.5  3.858    nan    nan   74.9
W  -92.5   22.4  112.3  178.5  -62.7    nan  0.991   96.0  3.862  5.381 -103.4  -99.7
D  -53.7  -42.2  116.3 -175.1  -70.0    nan  1.136  101.4  3.797  5.985  138.6  155.9
A  -65.6  -15.0  112.1 -177.8    nan    nan  1.091  108.1  3.848  5.391   68.3   82.9
Y -107.5    1.1  111.2 -178.2  -73.6    nan  1.051   72.9  3.739  5.313   47.1   66.9
K -105.5    nan  109.5  179.5  -57.9    nan  1.110    nan  3.786  5.507   56.8   81.6
