Id   phi    psi    tau  omega    chi    chi2  solid    eta  CA-CA  CB-CB  BA^AB  NA^AC
A    nan  157.9  110.5    nan    nan    nan  1.031    nan    nan    nan    nan    nan
Y  -41.6  -56.8  112.3  167.2 -177.8    nan  1.047  101.4  3.812  5.144  -62.1  -73.1
I  -55.5  -51.1  110.9 -178.7  -39.6 -161.1  1.040   97.3  3.821  5.229   65.2   77.2
A  -54.4  -58.3  112.0  179.3    nan    nan  1.045   92.6  3.826  5.225   69.9   81.4
K  -54.3  -39.3  114.5  175.6 -146.9    nan  1.073  103.8  3.812  5.129   59.4   72.9
Q  -61.4  -33.5  111.3 -179.9  -84.6    nan  1.020  102.9  3.833  5.414   76.3   87.2
R  -86.1  -32.3  111.2 -175.7  -50.6    nan  1.040   82.2  3.772  5.072   51.2   71.4
Q  -52.9  -57.3  112.1  163.8  -91.0    nan  1.048   94.2  3.783  5.544   78.4   88.1
I  -53.8  -50.5  112.1 -177.6  -60.1  178.1  1.046   98.2  3.822  5.235   67.4   79.5
S  -55.7  -41.7  114.8  179.7  -92.2    nan  1.078  101.0  3.826  5.219   68.2   82.1
F  -64.6  -44.9  111.2 -179.6  171.6    nan  1.030   94.2  3.850  5.351   69.1   82.2
V  -61.1  -54.2  112.2  179.3  176.8  -61.7  1.049   90.8  3.803  5.282   66.8   81.1
K  -62.5  -29.9  109.6 -175.2  -70.6    nan  1.003  104.6  3.809  5.145   63.6   75.6
S  -80.5  -53.6  109.9 -175.5 -146.5    nan  1.033   80.1  3.780  5.220   60.0   79.7
H  -53.4  -50.3  111.4 -179.5 -177.8    nan  1.049   98.9  3.825  5.278   67.7   80.8
F  -67.3  -28.8  112.0 -179.4 -173.9    nan  1.050   99.9  3.802  5.171   56.7   71.4
S  -57.8  -42.9  109.3  172.2  -80.5    nan  1.021  101.5  3.793  5.580   84.7   92.9
R  -70.4  -32.9  111.4  176.2  105.7    nan  1.074   95.4  3.808  5.277   53.8   71.2
Q  -59.1  -34.3  111.9  174.7  -75.6    nan  1.047  104.1  3.812  5.570   80.3   90.4
L  -75.1  -35.7  111.6 -177.2 -100.9    nan  1.029   90.1  3.808  5.308   65.3   80.6
E  -74.7  -37.6  111.4 -174.5  -54.0    nan  1.034   89.7  3.790  5.225   64.0   81.6
E  -87.6  -40.5  110.7 -172.0  -55.3    nan  1.060   78.6  3.786  5.071   46.7   69.5
R  -75.4  -28.9  113.6  178.5  -63.3    nan  1.071   91.9  3.793  5.304   53.8   71.5
L -123.5    0.3  114.5 -175.7  -87.1    nan  1.110   56.6  3.797  4.907   15.2   40.9
G   61.8   44.3  113.4  174.4    nan    nan    nan   95.4  3.796    nan    nan -127.3
L -104.2  137.6  111.3  178.7  -74.6    nan  1.017  114.7  3.799    nan    nan  120.9
I -102.2  152.9  111.0  171.4   68.3  -55.8  1.053  110.3  3.789  5.770 -149.7 -150.6
E  -76.6  134.1  111.1  176.9 -152.5    nan  1.058   95.2  3.787  5.511 -101.0 -106.0
V -124.3  155.1  107.8  178.1  143.0  -94.7  1.006  128.2  3.769  5.727 -165.9 -175.9
Q  -73.8  129.1  114.2  178.5  -73.3    nan  1.076   97.4  3.833  5.591  -97.8  -98.6
A  -87.0  137.6  111.5 -174.1    nan    nan  1.040  102.0  3.788  5.772 -128.4 -139.0
P  -63.3  164.0  114.1  155.1  -33.4    nan  1.000   70.6  3.786  5.459 -110.1 -123.9
I -128.7  -27.9  108.2  170.7  175.7   54.8  1.025   48.2  3.776  5.626 -155.4 -147.5
L -106.8  165.0  109.2  175.6  -56.5    nan  1.014  111.1  3.793  5.253   31.8   49.5
S -148.5  151.0  106.3  169.8   79.2    nan  0.991  144.8  3.796  5.501 -169.7 -167.1
R  -81.0  137.0  109.6 -179.6 -163.6    nan  1.017   96.4  3.784  5.588 -106.0 -109.6
V  -70.7  132.4  107.4  174.6  176.4  -62.5  1.007   89.2  3.764  5.641 -109.6 -120.9
G  107.3   -8.5  116.2  173.6    nan    nan    nan   76.6  3.782    nan    nan   40.7
D -106.1   14.2  115.6 -170.2   78.9    nan  1.143   80.4  3.801    nan    nan   81.5
G   71.2   -8.7  118.5  173.2    nan    nan    nan  112.7  3.822    nan    nan -108.6
T  -95.3   14.3  114.1 -173.1  -36.2 -154.2  1.078   90.7  3.817    nan    nan   89.6
Q -101.8  132.4  110.4  177.6  158.7    nan  1.041  113.0  3.826  5.730   80.2   95.4
D  -72.7  108.5  111.2  173.5  178.8    nan  1.050  103.5  3.798  5.774 -117.7 -127.7
N  -89.3   -8.5  113.0 -170.6  -51.7    nan  1.063   87.4  3.800  5.995 -152.8 -156.8
L   64.6 -130.2  111.3  175.4  -96.3    nan  1.046   88.5  3.807  5.480 -132.8 -131.1
S  -65.7  -13.1  114.2  176.0 -169.7    nan  1.068  108.4  3.836  4.759  -19.8   -5.2
G   82.1    0.7  114.6 -171.2    nan    nan    nan   97.7  3.823    nan    nan -109.6
A -102.3  -16.2  112.7 -178.4    nan    nan  1.054   71.9  3.811    nan    nan   85.8
E  -97.2  113.9  112.7 -167.0  -61.4    nan  1.055  113.6  3.823  5.284   61.1   83.9
K  -70.1  135.4  109.8  170.7 -139.1    nan  1.020   89.0  3.802  5.875 -131.5 -148.5
A  -95.3  173.5  108.2 -178.9    nan    nan  1.017   97.3  3.815  5.841 -137.2 -141.0
V  -71.1  114.5  108.9  177.3  177.2  -61.8  1.031   98.3  3.771  5.260  -76.5  -76.0
Q  -77.3  128.7  111.6  173.1  -57.0    nan  1.024   98.3  3.808  5.957 -137.9 -150.5
V -113.0  137.0  110.3  162.7  -20.1  103.3  1.093  120.2  3.786  5.901 -179.1 -175.8
K  -99.0  117.4  107.2  167.2 -140.2    nan  0.995  109.3  3.777  5.782 -139.2 -152.5
V  -88.0  120.7  107.8  172.3  179.8  -58.6  1.010  104.2  3.778  5.952 -149.3 -159.1
K  -77.6  -24.1  112.5 -171.3 -170.7    nan  1.049   92.5  3.795  5.900 -127.5 -133.7
A  -73.5  -23.3  110.6  173.1    nan    nan  1.028   97.3  3.802  5.525   69.6   83.9
L -123.1   64.9  111.5 -173.9  -60.8    nan  1.053   92.7  3.815  4.939   22.2   45.1
P  -72.8  -19.7  113.1 -154.9   10.4    nan  0.997   98.8  3.799  6.058 -178.1 -167.8
D -107.8   22.9  113.7 -179.0  -80.6    nan  1.083   82.4  3.800  5.143   31.3   61.9
A -120.2  155.6  108.6  169.9    nan    nan  1.006  124.9  3.800  5.726   68.3   79.2
Q -113.4  143.5  108.4  174.3  -60.3    nan  1.026  119.5  3.825  5.691 -142.2 -139.4
F -135.0  152.5  110.8 -176.7  -68.1    nan  1.042  138.0  3.783  5.664 -166.5 -171.7
E -136.4  155.6  107.1 -178.4  -87.3    nan  0.981  138.0  3.766  5.568 -157.8 -165.4
V  -83.1  144.9  107.0  168.3  179.6  -58.4  0.991   93.9  3.750  5.475 -110.1 -114.2
V  -79.2  148.3  111.2 -170.8 -151.9  -32.9  1.074   91.6  3.762  5.696 -109.6 -109.2
H  -83.3  -33.4  108.5  169.1  -67.1    nan  0.998   85.6  3.780  5.529 -111.6 -123.7
S  176.6  164.1  108.6  171.4   75.7    nan  1.014  162.7  3.808  4.938  -55.3  -39.6
L  -90.2   21.1  113.4 -170.8  -64.9    nan  1.067   98.1  3.802  5.409 -100.7  -98.7
A  -36.5  -50.2  116.3 -174.9    nan    nan  1.102  108.2  3.841  6.088  158.9  170.0
K  -92.4  -35.8  110.9 -176.6  -38.2    nan  1.015   75.9  3.828  4.997   34.2   50.8
W  -51.8  -36.0  112.1  177.3  177.1    nan  1.049  109.1  3.793  5.393   83.9   96.3
K  -73.1  -36.7  113.4 -175.5  -49.5    nan  1.067   90.4  3.829  5.311   63.6   82.7
R  -73.1  -37.7  110.6  176.6 -160.9    nan  1.063   91.4  3.820  5.394   59.6   75.5
Q  -63.2  -41.6  109.6  175.4 -167.9    nan  1.023   98.0  3.813  5.440   71.7   81.9
T  -66.0  -35.8  112.0 -179.4  -58.7 -179.8  1.059   97.4  3.801  5.309   63.8   80.3
L  -71.9  -40.7  111.1  179.7  -65.3    nan  1.039   90.7  3.828  5.384   65.2   79.6
G  -64.2  -40.3  112.6  176.9    nan    nan    nan   96.2  3.784    nan    nan   80.4
Q  -67.5  -43.0  112.2 -177.4  -74.8    nan  1.055   92.4  3.789    nan    nan   82.4
H  -95.0   12.5  112.9  178.6  -65.2    nan  1.077   89.9  3.784  5.021   28.3   50.9
D   61.6   48.7  109.1  157.8 -171.6    nan  1.016   95.6  3.746  5.392 -124.6 -128.2
F  -68.2  146.1  111.0  177.1  -87.1    nan  1.036   82.9  3.809  6.178  152.6  159.1
S  -94.8  179.7  110.4 -178.9  -55.1    nan  1.031   94.9  3.820  5.698 -125.3 -129.4
A  -84.5  133.0  110.9 -172.5    nan    nan  1.046  101.2  3.793  5.233  -81.3  -75.5
G   96.1    0.8  111.8 -176.3    nan    nan    nan   83.6  3.760    nan    nan   36.4
E -117.9  135.9  110.3 -176.7  -86.1    nan  0.996  123.4  3.798    nan    nan   70.7
G -147.2  175.8  117.7 -177.8    nan    nan    nan  149.0  3.785    nan    nan  167.9
L -123.9  158.8  111.7  178.1   79.9    nan  1.055  129.1  3.807    nan    nan -123.9
Y -143.0  153.6  109.4  167.4   80.9    nan  1.027  143.5  3.783  5.547 -172.2 -168.3
T -126.8  162.8  108.6  177.4   47.5  -73.5  0.998  130.4  3.810  5.679 -151.3 -154.8
H  -90.1   89.7  107.5  160.1  -58.4    nan  1.001  107.5  3.794  5.448 -116.6 -115.4
M  -75.3  132.3  108.5 -175.6 -164.5    nan  0.987   93.2  3.820  6.119 -157.7 -164.5
K -112.8  139.4  107.6  168.1  -46.8    nan  0.989  118.4  3.807  5.863 -164.3 -169.7
A -150.4  155.7  112.8  178.5    nan    nan  1.068  150.6  3.764  5.559  166.9  166.8
L -111.4  131.1  108.6  176.7  -76.2    nan  1.016  117.6  3.781  5.576 -134.6 -137.9
R -126.6   80.9  107.4 -179.6 -106.7    nan  1.019   98.2  3.786  5.806 -174.0 -177.8
P  -75.4   -2.1  115.9 -174.9   26.3    nan  1.034  103.7  3.842  6.093 -169.9 -170.2
D -110.4   13.0  114.8  178.2  -80.9    nan  1.112   75.5  3.819  5.406   43.8   74.7
E  -52.9  137.9  108.7  162.4 -139.9    nan  1.005   74.0  3.789  6.055  131.6  128.0
D  -89.7  -43.6  109.6 -167.1  -44.6    nan  1.019   76.9  3.789  5.761 -121.5 -126.0
R -129.4  118.8  108.5  174.3  -68.1    nan  1.027  121.4  3.756  4.911  -10.6   11.9
L  -71.2  139.8  106.1  163.6  -49.7    nan  0.976   85.5  3.737  5.774 -128.5 -149.1
S -157.5 -177.6  107.8 -167.7   69.8    nan  0.999  156.6  3.778  5.584  172.5  164.3
P  -52.9  -13.7  113.3  171.4  -26.2    nan  0.997  120.7  3.821  4.947  -51.1  -50.4
L -114.6  -38.4  112.4 -176.7  -60.7    nan  1.040   57.2  3.812  5.180   34.5   61.6
H -101.5  125.7  110.8 -166.9  -54.4    nan  1.040  113.5  3.767  4.864   36.3   59.4
S -114.0  168.0  108.0  168.6 -174.9    nan  0.992  117.2  3.783  5.831 -168.7 -179.6
V  -76.5  -26.0  107.8  162.2   41.7  164.5  1.015   94.6  3.784  5.356  -96.2  -95.7
Y  -93.3  105.9  109.5 -178.5 -174.0    nan  1.005  109.7  3.790  5.231   49.8   68.2
V -106.7  119.3  109.0 -175.8 -178.5  -55.8  1.014  114.3  3.828  6.065 -177.2  179.2
D -115.9  148.1  111.9  176.2   52.4    nan  1.077  123.2  3.813  5.958  179.4 -179.5
Q -150.6  143.8  113.0 -173.8  -77.0    nan  1.041  144.7  3.811  5.611 -172.0  176.7
W  -72.5   98.2  107.0  150.2  -76.1    nan  0.983  103.5  3.742  5.420 -114.7 -129.3
D  -95.7  114.8  107.6 -178.0 -139.4    nan  0.995  108.3  3.815  6.079 -174.7 -177.8
W -129.1  157.8  113.6 -170.5   64.8    nan  1.084  134.6  3.808  5.872  169.4  170.5
E -149.5  150.2  109.9  171.9 -153.0    nan  1.002  146.5  3.812  5.530 -171.3 -176.6
R -140.9  136.2  108.9  179.0 -155.2    nan  1.010  134.6  3.836  5.640 -170.4 -172.6
V  -78.3  137.3  112.6 -179.3 -178.5  -55.7  1.059   96.1  3.813  5.770 -118.1 -123.0
M  -96.3  157.7  115.0  179.9  -81.8    nan  1.081  105.1  3.812  5.717 -135.4 -141.8
G -109.3 -173.2  113.4  177.3    nan    nan    nan  106.5  3.804    nan    nan -132.3
D  -60.5  124.7  112.9  178.8 -112.5    nan  1.057   89.9  3.819    nan    nan  -48.0
G   76.5   24.2  114.2  175.4    nan    nan    nan   92.8  3.779    nan    nan    2.5
E  -99.7   -4.1  111.7  172.4  -72.5    nan  1.066   78.8  3.808    nan    nan  103.2
R  -80.5   66.4  110.6 -175.2 -117.9    nan  1.027  112.6  3.823  5.695   88.9  104.4
Q -157.7  165.7  108.6 -178.6   38.7    nan  1.023  157.9  3.764  5.495   86.5   87.0
F  -62.5  -35.4  112.4 -169.9  160.8    nan  1.078  100.4  3.790  5.320  -69.5  -70.2
S  -56.1  -28.4  111.8 -177.7   58.4    nan  1.043  110.1  3.827  5.525   84.4   97.1
T  -72.0  -39.1  108.6 -179.7  -72.5  166.1  0.997   92.8  3.829  5.447   73.5   85.7
L  -66.8  -50.4  111.7  176.5  175.6    nan  1.034   89.4  3.805  5.225   63.4   77.8
K  -55.2  -43.5  112.1  177.4  171.3    nan  1.051  101.5  3.794  5.236   66.3   80.2
S  -71.9  -47.1  109.8 -172.7 -152.5    nan  1.028   88.7  3.795  5.210   61.1   78.6
T  -56.7  -46.4  112.2  175.3  -61.6  178.5  1.053   98.6  3.801  5.274   66.8   79.5
V  -57.5  -33.6  108.8  177.6  163.6  -76.7  1.013  107.3  3.823  5.394   71.9   81.2
E  -77.1  -37.5  110.6 -174.3  -76.2    nan  1.030   88.2  3.775  5.229   63.2   80.6
A  -62.1  -45.8  107.7 -178.8    nan    nan  1.003   97.7  3.799  5.372   74.5   87.3
I  -57.8  -39.0  111.9  175.4  -72.7  164.4  1.049  102.5  3.822  5.338   66.2   79.3
W  -67.7  -36.6  112.8  178.1 -173.0    nan  1.082   95.2  3.827  5.373   63.2   79.8
A  -70.4  -21.5  111.6  168.1    nan    nan  1.044  100.7  3.810  5.451   60.4   71.6
G  -74.0  -41.4  111.1  175.1    nan    nan    nan   88.7  3.820    nan    nan   87.2
I  -66.6  -47.9  113.0  177.8  -98.6  141.1  1.077   90.0  3.809    nan    nan   78.1
K  -66.6  -34.4  111.2 -174.0  -67.5    nan  1.033   98.0  3.825  5.253   64.0   79.1
A  -52.3  -53.5  110.3  168.2    nan    nan  1.029   98.2  3.778  5.439   80.8   89.8
T  -66.1  -30.6  111.5 -178.4  -62.0  178.6  1.054  100.3  3.829  5.242   54.1   70.1
E  -71.7  -29.4  111.3  179.7 -167.8    nan  1.038   96.0  3.802  5.411   71.7   84.6
A  -79.4  -34.6  109.7  179.0    nan    nan  1.007   87.9  3.785  5.325   62.7   77.3
A  -67.8  -43.6  109.7 -176.8    nan    nan  1.022   93.4  3.807  5.310   70.0   86.2
V  -59.9  -39.5  112.4  171.1  158.7  -78.4  1.055  100.2  3.788  5.318   63.7   76.5
S  -67.1    1.1  115.1 -173.7  177.9    nan  1.080  113.3  3.812  5.271   68.0   87.1
E -140.8  -12.6  112.6  178.8   53.7    nan  1.053   36.0  3.795  5.139   27.5   45.6
E  -75.4  -48.7  109.1  167.5  -73.7    nan  1.008   85.9  3.795  5.689   78.0   88.0
F -115.1   13.9  111.2 -171.8  -46.1    nan  1.028   70.6  3.788  4.683   10.6   30.9
G   62.2   15.6  114.7  174.4    nan    nan    nan  110.5  3.798    nan    nan -114.3
L  -80.0  121.7  111.7 -174.3  -89.4    nan  1.040  102.6  3.791    nan    nan  124.2
A  -69.1  131.9  112.3 -177.8    nan    nan  1.048   91.5  3.812  5.839 -120.1 -130.4
P  -85.0  154.4  110.9 -170.9   34.3    nan  0.961   94.3  3.866  5.679 -118.2 -132.1
F -148.4  -18.6  113.7 -163.3   61.5    nan  1.068   29.0  3.765  5.555 -168.3 -169.4
L  -69.5  146.6  112.4 -178.7  -75.3    nan  1.049   84.5  3.797  5.544   83.6   99.6
P  -57.2  149.6  113.0  173.3   18.4    nan  0.995   72.5  3.871  5.387  -85.5  -98.2
D  -71.5  -24.2  114.1 -177.6  -91.4    nan  1.068   97.6  3.814  5.635 -100.4 -102.9
Q -144.5  153.5  110.0  175.1   53.0    nan  1.044  144.9  3.791  4.964   -4.5   15.1
I  -99.2  150.7  110.0  178.9 -171.4   65.0  1.034  107.7  3.798  5.594 -122.7 -127.4
H -117.7  149.8  112.3 -174.8  -59.0    nan  1.037  124.8  3.843  5.699 -140.8 -144.6
F -106.6  123.1  112.5 -179.9  -58.4    nan  1.083  117.6  3.808  5.652 -138.9 -136.8
V -131.9  124.9  108.0  177.9 -155.9  -35.4  0.993  124.8  3.819  5.898  178.8  164.6
H  -71.7  145.9  109.5  175.5 -162.6    nan  1.030   85.3  3.802  5.836 -124.7 -132.1
S  -61.6  -32.5  112.5 -176.3   57.0    nan  1.048  102.7  3.820  5.547  -86.8  -95.8
Q  -67.7  -31.2  112.0  178.9  177.8    nan  1.059   98.3  3.815  5.398   69.9   86.0
E  -87.8  -15.5  113.4  177.7   79.4    nan  1.107   86.0  3.792  5.285   44.5   68.3
L  -66.9  -49.3  109.1  164.6 -118.2    nan  1.005   91.6  3.824  5.829   86.3   90.8
L  -60.4  -32.0  111.9  178.1  170.1    nan  1.046  104.4  3.811  5.182   62.5   76.1
S  -69.0  -41.6  110.5  171.2  -74.4    nan  1.037   92.9  3.803  5.478   66.5   79.0
R  -78.9  -20.1  114.2 -175.4  -69.0    nan  1.102   92.4  3.827  5.181   49.5   72.0
Y -147.0   65.7  111.0 -178.3  -64.3    nan  1.018   80.4  3.849  5.012    5.9   19.9
P  -76.1  -31.4  112.1 -168.0   32.4    nan  0.973   90.9  3.841  6.055  175.2  179.6
D  -70.2  -44.2  113.6 -178.1   49.8    nan  1.083   88.9  3.801  5.271   60.7   87.3
L  -63.3  153.9  112.3  173.6  -83.3    nan  1.011   75.3  3.845  5.365   67.3   75.4
D  -82.6  171.2  112.4  173.7  105.0    nan  1.084   86.1  3.808  5.526 -114.8 -112.1
A  -45.2  -53.4  114.1 -176.9    nan    nan  1.078  100.8  3.834  5.132  -44.9  -51.4
K  -70.6  -27.5  111.7 -176.4  -51.6    nan  1.052   97.6  3.826  5.142   51.4   68.8
G  -78.7  -23.0  111.5  175.8    nan    nan    nan   92.3  3.777    nan    nan   77.9
R  -73.7  -37.0  109.6  176.6  -72.3    nan  1.017   91.7  3.804    nan    nan   86.8
E  -70.9  -38.1  109.8  179.0  -58.6    nan  1.017   93.5  3.786  5.283   63.9   78.0
R  -60.8  -41.8  109.9  173.9  172.7    nan  1.029   99.5  3.795  5.368   69.9   82.6
A  -64.6  -53.1  111.0 -177.2    nan    nan  1.043   89.9  3.837  5.324   66.3   82.8
I  -61.1  -31.7  111.8  179.1 -164.4   72.2  1.073  103.9  3.804  5.205   57.5   73.4
A  -71.2  -38.9  113.5 -176.9    nan    nan  1.077   90.8  3.812  5.422   69.0   87.3
K  -72.7  -35.5  112.5  176.5 -157.3    nan  1.046   91.7  3.814  5.363   60.0   74.4
D  -65.1  -47.9  110.8  176.8  -40.9    nan  1.031   92.5  3.817  5.451   72.0   84.0
L -108.6  -28.2  115.0 -160.9 -117.6    nan  1.092   62.0  3.776  4.571   22.7   49.1
G   83.4  -24.5  118.0 -178.9    nan    nan    nan  107.3  3.817    nan    nan -129.0
A -165.9  100.8  107.8 -176.2    nan    nan  1.006  104.7  3.803    nan    nan   -3.6
V -118.7  129.1  108.5 -178.1  -51.2   68.4  1.023  121.2  3.777  5.981  163.8  161.8
F  -86.3  111.5  109.0  159.4 -167.3    nan  1.027  106.2  3.740  5.776 -142.3 -153.1
L  -93.0  102.4  109.7 -174.2 -152.0    nan  1.025  109.9  3.787  5.972 -154.5 -160.1
V  -76.7  145.5  111.4 -173.3 -174.7  -52.5  1.028   90.7  3.815  6.079 -145.0 -152.9
G   81.7   55.8  116.1  170.1    nan    nan    nan   73.8  3.813    nan    nan   27.3
I -101.2  100.4  109.4 -176.8  -46.8 -172.0  0.999  110.8  3.812    nan    nan  136.3
G  148.4  -32.1  114.2  177.5    nan    nan    nan   52.6  3.798    nan    nan   54.6
G  -88.7  155.0  113.4  178.3    nan    nan    nan   98.5  3.793    nan    nan   67.2
K  -75.3  125.1  109.7 -178.1  -74.8    nan  1.034   97.0  3.779    nan    nan -100.8
L  -84.4 -172.7  113.0 -179.6  -88.1    nan  1.046   81.6  3.808  5.838 -132.1 -143.2
S  -58.8  -29.8  113.2 -167.3  101.6    nan  1.075  106.4  3.829  5.040  -43.3  -38.9
D  -71.2 -134.4  106.1  166.0   40.5    nan  1.026   65.6  3.778  5.549   63.9   74.2
G -140.5   39.3  107.6 -179.9    nan    nan    nan   61.6  3.786    nan    nan  -84.0
H -137.7  133.4  108.6 -177.3  -58.0    nan  0.997  131.6  3.776    nan    nan   85.4
R  -62.8  162.6  107.9  162.6   -1.6    nan  1.027   69.3  3.770  5.620 -110.7 -124.6
H  -78.6  -52.6  108.9 -172.7  179.7    nan  1.001   82.4  3.779  5.389  -86.5  -91.0
D -139.9  144.9  105.3  159.9 -161.4    nan  0.969  136.4  3.749  5.015  -38.0  -17.7
V  -48.5  140.8  110.0  175.3 -176.2  -56.2  1.027   69.4  3.812  5.504  -78.1  -89.4
R -144.3  142.4  110.2  171.0  176.7    nan  1.046  140.1  3.805  5.695  170.7  170.5
A  -64.7  146.0  113.0 -177.4    nan    nan  1.056   81.0  3.793  5.568  -94.1 -103.3
P  -63.8  -29.2  116.9 -177.3   19.3    nan  1.039  100.8  3.836  5.418  -89.2  -98.4
D -108.0    2.3  118.8 -153.4   37.8    nan  1.166   73.1  3.758  4.710   36.0   77.1
Y -123.1  -39.9  115.5  168.5   39.8    nan  1.153   49.4  3.775  5.482   38.5   59.9
D  -94.4  140.5  114.3 -176.3  -82.1    nan  1.082  108.7  3.804  5.177   40.3   59.9
D  -90.6  103.5  107.5  175.8 -167.3    nan  0.998  107.2  3.772  5.641 -124.8 -137.1
W -111.3   23.2  111.3  178.5   32.8    nan  1.053   78.5  3.771  5.976  170.4  171.0
S -142.7  -11.8  120.1 -169.4   52.1    nan  1.161   32.8  3.810  5.191   49.8   72.2
T  -81.4  130.2  108.6  175.1  -52.3 -172.5  0.997   98.3  3.858  5.780   82.6   89.0
P  -65.3  132.3  112.4  180.0  -26.6    nan  0.987   88.5  3.837  5.677 -108.5 -116.7
S  -96.3  169.4  110.3  179.6   48.4    nan  1.022   99.9  3.797  5.879 -143.6 -148.9
E  -67.4   -0.1  111.3  168.2   48.0    nan  1.043  112.6  3.800  5.214  -80.7  -82.0
L  -74.9  -22.2  112.6  171.9 -116.1    nan  1.044   95.9  3.819  5.794   90.9  103.7
G  113.0  -17.4  114.3  178.3    nan    nan    nan   74.9  3.807    nan    nan  -96.2
H -132.6  176.6  112.5 -174.6  -43.5    nan  1.048  133.8  3.819    nan    nan   40.9
A  -80.2  136.6  111.5 -172.8    nan    nan  1.051   97.2  3.788  5.171  -78.9  -75.9
G  121.6  132.0  116.3  170.9    nan    nan    nan   94.1  3.809    nan    nan   57.6
L -112.1   35.9  113.2  173.8  -94.2    nan  1.047   84.7  3.818    nan    nan -168.8
N -136.8  174.2  111.4  179.6   76.6    nan  1.054  138.7  3.855  5.571   67.8   81.6
G  175.6 -172.7  114.5  172.8    nan    nan    nan  173.3  3.812    nan    nan  166.5
D -117.3  152.2  110.6  177.2  -53.6    nan  1.004  123.5  3.833    nan    nan -103.2
I  -91.1  128.8  110.3  160.8  -47.8 -167.5  1.052  106.4  3.766  5.560 -130.0 -128.2
L -134.5  135.7  108.5 -173.5  -93.6    nan  0.979  131.3  3.821  5.786 -172.4  173.1
V -129.0  165.5  111.1  174.3  -48.5   76.0  1.063  132.8  3.803  5.820  179.7 -176.4
W  -79.9  116.6  108.4  164.4 -173.6    nan  0.996  101.5  3.751  5.244  -95.1 -100.7
N  -90.4  111.8  107.4  167.5 -154.4    nan  1.015  106.3  3.804  5.988 -156.6 -165.2
P  -80.7  -17.1  113.2 -178.5   31.3    nan  1.002   92.3  3.807  5.848 -141.5 -149.4
V  -75.0  -41.6  110.0  170.8  178.2  -59.0  1.021   88.5  3.831  5.635   67.8   86.7
L  -83.1   -8.9  111.0  175.5 -100.3    nan  1.020   93.7  3.813  5.205   45.6   60.1
E   39.0   46.9  112.0 -167.3  -89.7    nan  1.085  111.0  3.797  5.646 -148.6 -142.0
D -150.5  172.7  111.5  177.9 -154.8    nan  1.045  152.4  3.807  5.595   69.7   75.0
A  -73.9  145.2  110.4  172.7    nan    nan  1.025   87.9  3.809  5.205  -80.7  -82.0
F -130.7  109.2  109.9 -168.9 -163.1    nan  1.007  117.3  3.772  5.613 -154.8 -162.6
E  -79.1  122.0  113.4  176.1 -161.6    nan  1.098  103.4  3.800  6.022 -153.4 -153.7
L -100.0  -32.9  112.5 -172.8  -93.4    nan  1.020   69.5  3.807  5.856 -143.3 -158.0
S -168.1  154.2  111.3 -166.8  171.3    nan  1.020  156.0  3.793  4.393  -20.6   -9.9
S -131.6  126.9  106.5  172.1   79.3    nan  0.992  124.6  3.778  5.588 -161.9 -161.7
M -140.1  179.6  113.4  177.5   40.8    nan  1.071  140.3  3.803  5.760  165.3  164.0
G  164.8  152.5  111.1  176.8    nan    nan    nan  144.4  3.773    nan    nan  161.3
I  -64.1  139.4  107.6  174.4  -80.6  156.5  1.031   81.2  3.764    nan    nan  -98.0
R  -87.3  138.1  113.4 -165.8  -97.1    nan  1.088  103.3  3.746  5.739 -118.5 -119.7
V  -41.1  145.0  113.3  174.8  129.7 -105.5  1.051   62.1  3.801  5.375  -73.7  -93.9
D -109.2 -171.9  109.7  164.7   63.1    nan  1.095  106.4  3.813  5.823 -158.5 -152.8
A  -63.7  -36.8  113.4 -165.6    nan    nan  1.067   98.1  3.823  5.060  -42.3  -41.3
D  -80.8  -35.5  112.4  178.8  -75.6    nan  1.072   85.0  3.779  5.212   50.3   70.2
T  -71.0  -30.3  111.1  175.1  -31.6 -151.2  1.043   96.3  3.840  5.525   64.2   77.3
L  -64.3  -40.4  109.8  173.3 -171.6    nan  1.011   97.6  3.850  5.513   76.8   85.9
K  -79.6  -23.1  111.3 -179.1  -70.2    nan  1.051   91.5  3.822  5.224   49.3   68.6
H  -76.0  -46.0  110.2  174.5 -177.3    nan  1.042   85.8  3.785  5.508   68.5   83.0
Q  -79.3  -38.3  113.6 -172.4  -75.4    nan  1.086   84.4  3.810  5.086   47.6   69.8
L  -59.8  -33.5  110.2  173.2 -104.8    nan  1.014  104.7  3.825  5.497   76.4   83.5
A  -76.5  -18.5  110.3  177.0    nan    nan  1.025   96.6  3.789  5.274   59.5   74.6
L  -91.9  -27.2  111.3 -179.9  -69.4    nan  1.047   78.7  3.797  5.395   56.3   76.9
T  -95.3   -0.9  113.0  177.3   69.4  -51.7  1.078   84.4  3.801  5.313   43.0   64.4
G   73.2   29.3  113.3  179.6    nan    nan    nan   93.9  3.812    nan    nan -113.6
D -122.8   59.4  114.0 -178.9  -70.9    nan  1.077   91.0  3.824    nan    nan   91.0
E  -88.9    4.8  111.3 -179.1  -55.7    nan  1.045   92.8  3.795  6.085  148.2  151.3
D  -81.9  -22.3  110.0  178.3   45.7    nan  1.046   90.1  3.816  5.805   89.6  106.2
R  -60.3  -18.1  112.4  174.3  -86.9    nan  1.045  111.6  3.819  5.631   87.0   98.3
L  -58.2  -25.9  113.1 -175.6 -103.7    nan  1.053  109.2  3.799  5.599   97.5  112.8
E  -96.3    9.8  113.0 -176.3  -57.4    nan  1.074   87.6  3.812  5.183   45.7   69.2
L  -88.7  153.1  110.8 -176.6  -93.7    nan  1.017   98.0  3.799  5.762   93.2  108.4
E  -48.6  -54.5  113.7  177.2  175.6    nan  1.062   98.0  3.818  5.311  -70.7  -80.0
W  -70.4  -42.3  110.2 -171.3 -178.1    nan  1.016   91.7  3.811  5.073   55.6   71.7
H  -71.0  -35.7  111.2 -177.7  -55.4    nan  1.042   93.8  3.802  5.199   59.1   76.1
Q  -67.2  -39.4  112.7  175.7  -87.6    nan  1.073   94.2  3.819  5.391   65.2   81.0
A  -71.3  -30.0  114.3  177.1    nan    nan  1.079   94.7  3.816  5.313   59.1   75.6
L  -66.5  -42.2  110.0  172.3  172.8    nan  1.016   94.8  3.825  5.567   75.5   84.2
L  -66.9  -32.2  112.0 -178.3 -110.9    nan  1.046   98.6  3.784  5.191   64.1   79.8
R  -86.8    6.7  112.9  176.3  -84.1    nan  1.044   95.8  3.817  5.294   48.6   66.5
G   59.3   53.2  115.6  178.2    nan    nan    nan   90.5  3.812    nan    nan -121.1
E -101.9   -3.7  108.9  175.3  -43.1    nan  1.007   77.0  3.803    nan    nan  127.6
M -116.6  151.6  112.4  177.7  -71.0    nan  1.056  123.7  3.828  5.360   42.6   64.5
P  -75.6  170.0  112.9  173.2  -22.4    nan  0.977   79.7  3.855  5.433  -99.2 -108.8
Q  -86.0  127.2  106.0  164.9  171.9    nan  0.989  100.2  3.780  5.401 -106.9 -101.4
T -130.2  161.6  108.4 -172.8   61.0  -58.6  0.992  133.6  3.781  5.849 -174.5  179.0
I -112.4  137.5  108.7  158.4 -178.7   59.4  1.020  118.7  3.766  5.536 -145.5 -139.0
G -154.3  170.4  113.8  179.3    nan    nan    nan  156.6  3.790    nan    nan  161.4
G -177.5  176.8  114.1  177.2    nan    nan    nan  176.8  3.764    nan    nan  170.4
G -122.1  122.8  111.0 -177.5    nan    nan    nan  122.8  3.773    nan    nan -119.0
I -103.1  128.7  110.2  174.6  -57.2 -179.2  1.008  113.8  3.783    nan    nan -167.2
G  -69.6  124.4  114.2  175.3    nan    nan    nan   96.9  3.800    nan    nan -126.4
Q  -73.1  -45.3  113.2  177.5  -57.4    nan  1.067   86.4  3.810    nan    nan -135.4
S  -75.8  -36.4  110.5  179.2  -56.7    nan  1.020   89.8  3.847  5.272   53.2   67.0
R  -62.8  -36.6  111.3  176.7  -76.7    nan  1.027  100.0  3.814  5.350   72.6   84.7
L  -78.4  -42.1  110.0  176.7  164.7    nan  1.037   85.7  3.815  5.324   52.8   70.1
T  -62.4  -44.6  111.6 -177.0  -62.9  177.0  1.066   95.8  3.802  5.311   68.3   85.0
M  -65.8  -23.9  111.8  177.7   94.6    nan  1.069  103.7  3.806  5.333   60.3   75.9
L  -76.3  -38.4  112.1 -178.3 -147.1    nan  1.053   87.7  3.803  5.483   70.9   88.1
L  -88.4  -23.5  112.9 -175.8  -64.7    nan  1.077   82.6  3.807  5.146   43.3   66.1
L  -92.9  -12.4  109.6 -178.7  -67.1    nan  1.030   83.1  3.809  5.350   53.5   71.9
Q   73.0   53.3  109.6  165.3  -89.3    nan  1.079   85.3  3.790  5.511 -141.0 -133.8
L -118.0  144.0  111.4 -176.0  -61.8    nan  1.043  124.6  3.760  5.855  113.0  119.4
P  -90.4   -5.1  115.6 -166.0   -0.1    nan  1.020   87.4  3.842  5.608 -111.8 -119.0
H -138.6  136.4  112.0  174.3 -143.0    nan  1.048  135.6  3.808  5.183   13.3   39.2
I  -66.3  -25.9  109.3  179.6 -171.9   63.4  1.021  103.2  3.797  5.642 -101.8 -115.1
G  -62.4  -11.4  113.9  174.9    nan    nan    nan  112.6  3.782    nan    nan   94.0
Q  -89.7  -12.7  113.5 -179.2  -74.2    nan  1.072   85.2  3.834    nan    nan   86.9
V -115.8   -4.2  108.9  176.9  -62.3   59.6  1.017   62.9  3.830  5.375   38.5   56.1
Q -135.6  145.6  109.6 -168.1 -153.8    nan  0.991  136.3  3.784  4.973   36.3   51.9
A -102.5   99.7  110.0  175.3    nan    nan  1.026  111.5  3.803  5.699 -140.1 -140.3
G -137.8 -169.7  113.7 -177.9    nan    nan    nan  132.9  3.791    nan    nan  140.8
V -106.4  131.1  111.3 -174.1  -57.6   65.0  1.060  116.6  3.797    nan    nan  -84.5
W -128.3  152.4  111.8 -173.5  -60.1    nan  1.049  133.2  3.800  5.759 -168.9 -176.9
P  -55.4  146.6  114.1  161.8  -22.6    nan  1.008   73.2  3.790  5.205  -84.5  -94.5
A  -53.6  -36.3  111.3  177.9    nan    nan  1.035  107.7  3.794  5.508  -83.6  -93.4
A  -69.1  -30.7  113.5 -176.0    nan    nan  1.072   96.7  3.810  5.279   66.1   85.6
V  -83.1  -32.9  111.3  171.7   35.1  156.6  1.097   84.6  3.815  5.467   47.8   68.0
R  -54.4  -40.1  110.6  163.6  -78.1    nan  1.026  105.2  3.824  5.698   82.3   85.8
E  -64.7  -55.7  112.0  177.1  -92.6    nan  1.029   87.8  3.843  5.357   68.6   79.9
S  -87.2  -18.7  114.9 -166.6  -48.4    nan  1.090   84.9  3.782  4.753   34.2   59.7
V -119.1  122.7  113.6 -171.3 -158.5  -36.7  1.072  123.8  3.830  5.117   35.1   57.3
P  -88.7  155.4  114.9 -179.9   28.9    nan  1.008   98.9  3.868  5.805 -137.2 -149.4
S   72.2   30.7  114.7  175.3  -73.4    nan  1.099   93.4  3.804  4.671   46.5   32.6
L  -78.0  132.1  110.9  178.3  -65.6    nan  1.060   96.9  3.793  6.041  125.5  133.6
L  100.3    nan  110.0 -174.7  -98.0    nan  1.069    nan  3.824  5.118   67.9   41.2
