Id   phi    psi    tau  omega    chi    chi2  solid    eta  CA-CA  CB-CB  BA^AB  NA^AC
A    nan  -85.5  110.3    nan    nan    nan  1.042    nan    nan    nan    nan    nan
Y  -47.7  -59.7  112.7  165.7 -171.0    nan  1.057   95.4  3.804  4.936   38.5   46.0
I  -50.0  -53.9  112.7 -177.9  -30.7 -154.1  1.041   98.1  3.846  5.285   72.4   80.9
A  -71.5  -31.2  111.9 -169.7    nan    nan  1.063   95.0  3.797  4.952   54.2   72.8
K  -65.4  -40.1  109.8  171.3  166.4    nan  1.019   96.8  3.815  5.550   73.2   83.0
Q  -69.1  -29.5  110.2 -175.9  -64.4    nan  1.030   98.7  3.796  5.246   64.9   80.9
R  -69.9  -43.8  109.7  174.2  -39.0    nan  1.021   91.6  3.804  5.520   71.0   82.4
Q  -55.7  -56.8  113.5  177.0  -79.4    nan  1.051   91.9  3.830  5.340   75.0   85.1
I  -49.9  -47.4  113.0  178.1  -66.4  172.5  1.054  102.5  3.827  5.215   70.2   80.5
S  -66.5  -43.6  111.7  179.3  -91.2    nan  1.055   93.1  3.813  5.240   59.7   74.2
F  -54.2  -42.4  112.2  177.7  173.2    nan  1.037  103.0  3.812  5.388   77.6   87.6
V  -69.4  -60.1  111.7 -175.2 -170.6  -50.1  1.043   82.8  3.826  5.239   63.4   80.0
K  -51.5  -33.3  112.1  175.2  -68.9    nan  1.038  111.0  3.817  5.170   64.3   73.1
S  -79.3  -42.3  110.6 -178.6 -103.1    nan  1.033   84.6  3.800  5.278   59.5   76.2
H  -66.7  -37.2  111.5  178.8 -171.2    nan  1.045   96.5  3.779  5.286   63.2   77.8
F  -78.5  -43.2  110.4 -175.9 -169.9    nan  1.050   85.0  3.800  5.301   57.6   75.7
S  -43.7  -38.6  111.9  169.1  -77.1    nan  1.050  113.8  3.792  5.443   85.6   90.6
R  -72.0  -32.9  112.0  179.7 -173.3    nan  1.057   93.8  3.813  5.281   60.2   77.0
Q  -65.1  -45.6  112.0  173.3  -61.6    nan  1.044   92.9  3.824  5.501   71.4   83.7
L  -61.1  -35.2  113.5 -176.6 -111.2    nan  1.068  101.1  3.800  5.216   68.0   84.4
E  -93.3   -6.5  115.7 -179.5   65.6    nan  1.145   84.0  3.801  5.174   34.8   63.0
E  -95.1  -51.8  111.2  172.9  -55.2    nan  1.053   70.2  3.810  5.676   66.1   79.8
R  -70.7  -34.9  114.6 -174.5  -51.8    nan  1.079   92.7  3.805  5.074   51.8   71.5
L -108.5    0.9  114.0  179.5  -62.7    nan  1.088   71.9  3.824  5.078   22.5   46.9
G   66.3   36.9  114.7  179.1    nan    nan    nan   95.3  3.836    nan    nan -119.0
L  -91.9  147.1  111.4 -179.1  -85.8    nan  1.032  103.1  3.797    nan    nan  128.2
I -110.9  141.8  110.7  170.1   61.0  -60.6  1.049  118.9  3.822  5.793 -149.5 -149.5
E  -73.1  157.5  113.0  176.9 -158.1    nan  1.089   82.7  3.811  5.678 -109.6 -114.2
V -157.7  146.2  106.4 -163.6  129.9 -105.9  0.969  145.9  3.761  5.390 -160.1 -179.0
Q  -73.2  143.4  111.1  174.6  -54.9    nan  1.033   88.5  3.820  5.692 -106.6 -111.0
A -126.3  148.3  109.7 -169.8    nan    nan  1.009  130.3  3.806  5.642 -152.2 -160.7
P  -70.1  160.8  112.6  174.3  -18.4    nan  0.977   78.3  3.836  5.426  -97.6 -107.0
I -117.0  -23.2  109.8  165.0 -175.5   61.4  1.048   57.6  3.780  5.663 -153.1 -141.0
L -108.0  143.9  112.4 -177.5  -67.8    nan  1.059  117.6  3.829  5.222   36.9   58.5
S -125.4  135.9  109.2  179.1 -153.5    nan  1.011  127.1  3.817  5.716 -157.3 -165.2
R  -81.4  128.4  110.9  177.7 -169.9    nan  1.042  100.5  3.804  5.746 -122.9 -129.4
V  -70.3  115.1  110.2 -178.7  167.5  -69.8  1.049   98.7  3.791  5.800 -115.4 -125.7
G  117.1   -0.1  115.2  173.4    nan    nan    nan   62.9  3.789    nan    nan   31.9
D -104.9   -9.6  113.7 -179.8   75.5    nan  1.129   71.4  3.787    nan    nan   82.8
G   81.7   13.2  116.6  169.7    nan    nan    nan   92.2  3.776    nan    nan -122.6
T  -89.0  -11.1  113.2  175.2   37.3  -85.0  1.061   86.7  3.838    nan    nan  105.5
Q  -80.3  129.4  112.8  177.8  164.9    nan  1.059  100.8  3.809  5.580   78.8   93.6
D  -72.4  117.4  111.6  174.6  179.8    nan  1.048  100.0  3.825  5.769 -118.4 -131.9
N  -90.1  -14.5  111.5 -168.8  -43.6    nan  1.036   84.6  3.796  5.922 -141.1 -149.5
L   63.2 -121.8  111.8 -178.5  -78.4    nan  1.071   92.5  3.828  5.543 -137.3 -133.0
S  -69.3  -31.3  110.6  173.7  -54.5    nan  1.024   97.6  3.840  4.808  -12.2   -2.3
G   98.3   10.6  111.5 -172.9    nan    nan    nan   78.0  3.776    nan    nan -111.9
A -104.5  -39.1  110.2  177.8    nan    nan  1.016   66.1  3.812    nan    nan   89.4
E  -66.9  118.7  112.2 -177.3  -46.7    nan  1.046   96.7  3.811  5.241   66.0   83.1
K  -84.8  125.8  107.7  170.9 -150.6    nan  0.982  101.1  3.806  5.886 -141.6 -158.0
A  -83.5  169.3  113.4  174.5    nan    nan  1.073   87.8  3.810  5.893 -139.7 -142.8
V  -66.2  122.4  110.1 -177.0 -160.1  -37.7  1.032   92.8  3.780  5.213  -68.6  -74.4
Q  -79.0  137.5  108.5  175.8  -44.0    nan  0.994   94.0  3.802  5.879 -129.0 -143.6
V -135.2  131.6  109.4  170.8   -0.3  125.4  1.087  130.2  3.768  5.726  171.1  176.9
K -103.9   98.0  109.6  178.5   34.3    nan  1.039  110.8  3.757  5.845 -146.0 -156.0
V  -66.3  123.2  105.8  172.3 -176.7  -56.2  0.989   89.4  3.799  6.070 -142.0 -158.5
K  -75.1  -39.3  112.4 -165.8 -156.0    nan  1.036   88.1  3.815  5.884 -118.5 -124.1
A  -75.9   -0.9  111.3  176.3    nan    nan  1.040  103.8  3.795  5.231   53.1   69.9
L -124.3   61.3  112.3  176.2  -72.4    nan  1.058   90.2  3.841  5.406   37.2   58.9
P  -68.3  -29.0  112.0 -160.5   28.9    nan  0.981   98.9  3.836  6.090 -177.9 -171.5
D  -66.7  -27.5  114.1  176.7   24.7    nan  1.067  100.2  3.800  5.341   65.3   88.5
A -105.3  157.6  113.7 -171.9    nan    nan  1.083  113.1  3.815  5.076   37.6   62.9
Q -113.1  145.5  106.9  176.5 -129.1    nan  0.977  118.3  3.794  5.537 -130.7 -138.7
F -133.8  163.3  109.2 -178.8  -71.1    nan  1.031  136.9  3.792  5.659 -168.8 -168.5
E -154.8  139.9  107.0 -167.7 -158.1    nan  0.964  140.6  3.771  5.435 -156.7 -168.6
V  -71.7  128.1  107.5  176.8  164.3  -75.4  1.020   91.8  3.799  5.747 -110.3 -116.0
V  -60.6  131.1  110.7 -178.2  112.6 -123.3  1.064   84.8  3.759  5.719 -106.1 -115.3
H  -77.0  -33.7  111.8  172.5  -83.3    nan  1.030   89.2  3.856  5.877 -120.0 -134.4
S -171.9  172.7  104.8  168.4   79.0    nan  0.988  170.6  3.774  4.919  -44.4  -28.5
L -103.3   27.1  110.5 -176.0  -69.0    nan  1.024   87.1  3.790  5.413 -108.2 -104.0
A  -47.7  -51.8  112.3 -172.4    nan    nan  1.057  101.3  3.806  6.087  155.0  166.8
K  -86.3  -26.5  114.6 -177.9  -56.5    nan  1.082   82.7  3.803  4.943   32.4   54.2
W  -65.4  -40.2  111.7  179.4  176.5    nan  1.048   95.7  3.821  5.538   79.6   94.3
K  -56.0  -35.0  114.1 -177.8  -65.6    nan  1.058  105.3  3.801  5.361   78.8   93.0
R  -83.0  -31.3  111.7 -170.8 -176.8    nan  1.049   85.0  3.808  5.144   57.1   77.9
Q  -66.5  -38.1  109.9  176.7  175.4    nan  1.019   96.9  3.799  5.442   73.7   85.9
T  -67.0  -44.7  111.0 -177.9  -54.7 -174.5  1.041   92.6  3.793  5.312   67.8   83.3
L  -60.0  -18.9  112.4  178.9  -71.3    nan  1.052  111.5  3.794  5.280   68.7   82.2
G -104.1  -37.8  110.6 -171.6    nan    nan    nan   66.3  3.792    nan    nan   71.0
Q  -61.8  -28.8  111.5  172.4 -175.7    nan  1.047  105.0  3.775    nan    nan   81.3
H -116.8   11.2  111.6 -178.5  -58.8    nan  1.048   67.8  3.831  5.088   22.0   44.0
D   44.6   69.6  114.2  168.4  -87.4    nan  1.080   88.8  3.798  5.662 -136.3 -137.8
F  -75.4  158.0  107.6  168.0  -64.4    nan  1.009   82.9  3.780  6.169  174.8  162.5
S -100.5 -171.9  109.3 -178.7  -66.1    nan  1.029   97.7  3.790  5.553 -121.1 -120.5
A  -75.3  124.1  110.0 -172.2    nan    nan  1.026   97.6  3.794  5.078  -61.4  -56.8
G  108.6  -10.7  112.5 -176.8    nan    nan    nan   75.8  3.775    nan    nan   39.2
E -114.6  140.4  111.0 -168.1  -37.6    nan  1.027  121.9  3.796    nan    nan   70.0
G -158.9 -176.3  112.4  176.9    nan    nan    nan  157.2  3.756    nan    nan  155.4
L -116.2  162.5  109.8  178.7   74.5    nan  1.050  120.8  3.769    nan    nan -106.2
Y -136.6  162.4  109.2  159.0   79.5    nan  1.051  139.5  3.770  5.581 -171.0 -159.7
T -138.1  144.3  110.2 -178.1   55.9  -64.4  1.037  137.6  3.787  5.566 -152.6 -153.6
H  -77.5   87.1  109.2  166.0  -74.9    nan  1.025  109.3  3.776  5.588 -115.6 -123.0
M  -87.4  127.4  112.0 -165.8 -170.1    nan  1.052  105.7  3.786  6.083 -174.6 -170.5
K -112.5  128.3  112.4  176.7  -62.7    nan  1.069  120.9  3.803  5.851 -165.4 -169.9
A -139.5  162.2  109.6 -177.8    nan    nan  1.027  142.3  3.779  5.739  174.0  166.5
L -123.1  126.0  106.4  178.6 -103.7    nan  0.956  120.8  3.766  5.471 -136.0 -142.0
R -125.2   78.1  110.6  179.2  -56.1    nan  1.037   99.3  3.794  5.826  178.1  179.4
P  -66.3  -21.3  115.4 -169.0   27.8    nan  1.019  103.4  3.846  6.085 -160.6 -160.3
D  -95.8    0.8  113.8 -173.7  -88.2    nan  1.067   84.6  3.839  5.255   48.0   76.6
E  -41.9  139.2  110.9  163.6 -160.9    nan  1.029   65.9  3.779  5.927  128.1  128.7
D  -96.5  -54.3  112.9 -161.9  -62.4    nan  1.066   67.6  3.792  5.729 -125.5 -127.9
R -113.8  121.4  110.2  170.3   59.1    nan  1.091  118.7  3.751  5.000   -9.9   16.6
L  -80.7  112.6  106.6  168.3  -50.0    nan  0.984  101.4  3.753  5.831 -131.3 -152.3
S -106.7 -171.6  108.3 -180.0   51.0    nan  1.016  103.9  3.771  5.942 -173.4 -175.4
P  -64.5    8.0  114.9  158.4   14.6    nan  1.010  118.6  3.836  4.913  -64.9  -60.6
L -126.2  -41.0  108.1 -169.0  -99.7    nan  0.969   52.4  3.815  5.260   53.0   72.8
H -109.5  126.8  110.1 -169.9  -59.4    nan  1.004  117.3  3.791  4.776   24.3   44.6
S -113.0  164.2  113.2  167.0  176.3    nan  1.056  118.3  3.784  5.808 -172.9 -175.7
V  -72.3  -23.7  109.1  171.3 -163.8  -42.0  1.010   98.9  3.802  5.314  -85.7  -92.0
Y -107.3  116.4  110.0 -175.1  172.0    nan  1.028  115.1  3.792  5.073   38.8   59.6
V -116.3  119.3  109.2 -168.0  173.1  -66.7  1.024  118.3  3.785  5.944 -169.9 -175.9
D -108.9  157.5  109.5  172.8   40.8    nan  1.013  114.8  3.786  5.932 -169.7 -176.5
Q -155.9  148.3  112.4 -176.6 -100.3    nan  1.034  149.2  3.830  5.562 -174.6 -178.4
W  -84.1   89.4  106.0  156.0  -71.7    nan  0.993  106.0  3.774  5.554 -123.7 -130.8
D  -90.0  107.4  107.0 -173.6 -145.2    nan  0.961  106.2  3.792  6.063 -171.6 -178.1
W -128.2  173.0  112.0 -167.2   63.8    nan  1.053  130.5  3.768  5.805  162.6  166.1
E -171.9  141.0  108.3 -168.2 -157.9    nan  0.982  142.9  3.821  5.372 -164.8 -177.1
R -146.7  143.9  110.3 -173.2 -164.0    nan  1.015  142.0  3.776  5.615  179.3  175.7
V  -89.4  118.2  110.8 -174.9  164.7  -72.8  1.043  108.0  3.788  5.675 -120.6 -124.7
M  -77.1  157.8  114.1 -177.5  -87.2    nan  1.060   86.8  3.811  5.928 -130.9 -141.0
G  -80.8  179.1  111.9  177.0    nan    nan    nan   81.2  3.778    nan    nan -105.0
D  -75.7  135.2  108.6  168.2  -89.2    nan  1.012   92.4  3.765    nan    nan  -77.6
G   82.2   18.2  113.3  177.1    nan    nan    nan   90.4  3.791    nan    nan   22.1
E -109.0   -0.6  115.2 -174.0  -62.5    nan  1.092   70.8  3.805    nan    nan   99.3
R  -78.7   71.9  111.0  178.8 -116.3    nan  1.065  113.3  3.813  5.775   89.7  105.2
Q -152.8  176.5  111.6  172.4   49.7    nan  1.071  153.9  3.798  5.667   93.8   92.7
F  -72.0  -38.1  112.8 -169.0  170.0    nan  1.061   90.9  3.794  5.203  -66.1  -65.9
S  -50.9  -34.2  113.4  175.8   63.1    nan  1.062  110.3  3.836  5.516   83.9   94.4
T  -66.8  -43.3  111.1  172.9  -63.9  175.6  1.027   93.4  3.830  5.457   69.9   80.5
L  -64.0  -35.6  112.1  176.2 -178.3    nan  1.057   99.2  3.804  5.273   62.6   77.3
K  -66.7  -51.6  112.3 -176.8  175.0    nan  1.055   88.3  3.806  5.361   71.3   87.7
S  -78.3  -30.2  113.5 -173.8   47.4    nan  1.088   88.7  3.800  5.059   42.8   65.6
T  -55.7  -43.3  111.9  169.9  -68.3  170.8  1.055  101.5  3.805  5.633   84.6   92.7
V  -69.6  -28.1  112.4  174.6  175.7  -62.5  1.056   98.0  3.828  5.308   57.0   71.0
E  -67.5  -38.0  110.4  174.5  -83.5    nan  1.035   95.9  3.809  5.539   74.2   86.6
A  -73.6  -40.8  110.4 -174.6    nan    nan  1.037   89.7  3.816  5.262   62.6   80.0
I  -60.0  -45.1  110.5  173.3  -74.4  163.8  1.041   98.0  3.787  5.369   68.5   80.6
W  -65.9  -31.2  112.0 -176.6  173.6    nan  1.052   99.9  3.796  5.269   63.4   79.7
A  -77.4  -13.6  110.5 -178.5    nan    nan  1.026   97.6  3.812  5.328   63.8   79.8
G  -84.0  -41.9  111.7  170.0    nan    nan    nan   80.4  3.778    nan    nan   81.5
I  -54.6  -37.8  109.9  171.1  -66.7  172.9  1.035  106.7  3.797    nan    nan   83.1
K  -76.3  -29.3  109.7 -177.1  -70.7    nan  1.026   92.7  3.807  5.287   60.3   75.5
A  -75.9  -34.3  112.7 -179.1    nan    nan  1.066   89.4  3.816  5.375   63.7   82.7
T  -78.8  -26.1  110.9  176.6  -52.2 -171.6  1.041   91.1  3.811  5.409   57.2   72.1
E  -71.4  -40.2  108.7  176.9 -173.5    nan  1.009   92.7  3.810  5.478   74.1   85.9
A  -64.5  -34.0  112.5  173.0    nan    nan  1.051   99.5  3.833  5.371   61.8   76.6
A  -78.7  -34.2  112.7 -178.6    nan    nan  1.055   87.1  3.824  5.276   58.3   76.7
V  -68.6  -34.9  111.1  173.1  163.4  -73.0  1.039   96.1  3.806  5.387   65.2   78.9
S  -67.5  -49.9  109.4  175.1  163.1    nan  0.997   90.7  3.817  5.446   68.9   80.3
E  -70.2  -25.0  111.7 -171.1  151.8    nan  1.063   99.2  3.785  4.955   52.4   75.2
E  -88.4  -55.5  114.5  176.7  -90.1    nan  1.068   71.0  3.844  5.465   51.2   72.5
F -107.9   -3.9  114.0 -171.1  -51.7    nan  1.059   70.5  3.819  4.729   13.7   35.8
G   78.6   27.7  119.4  174.6    nan    nan    nan   87.2  3.796    nan    nan -117.5
L  -87.5  134.2  111.4  169.8  -63.8    nan  1.052  103.3  3.820    nan    nan  114.9
A  -73.7  138.4  111.3 -177.7    nan    nan  1.041   91.2  3.795  5.686 -111.3 -122.4
P  -68.6  155.5  114.9  178.6  -26.9    nan  1.018   80.3  3.841  5.561 -104.0 -113.8
F -147.8  -21.2  115.3  179.7   60.7    nan  1.108   29.4  3.813  5.632 -178.5 -173.5
L  -68.7  145.6  111.4 -180.0  -62.1    nan  1.025   83.8  3.814  5.602   86.0   96.8
P  -62.2  156.6  111.5  177.2  -21.1    nan  0.978   72.5  3.850  5.402  -90.4 -101.6
D  -66.7  -37.7  111.2  172.2  -70.1    nan  1.016   96.3  3.808  5.514  -91.7  -95.1
Q -116.6  139.2  110.0 -173.4  -44.1    nan  1.015  122.6  3.798  4.840   19.2   38.9
I  -80.9  155.1  108.2  162.2 -168.0   67.6  1.045   89.2  3.749  5.672 -128.7 -135.3
H -119.7  143.6  110.8 -178.5  -81.7    nan  1.004  125.6  3.818  5.633 -137.4 -143.8
F -110.4  107.6  112.1 -176.6  -59.9    nan  1.049  116.2  3.820  5.707 -144.9 -146.5
V -131.7  121.0  106.8 -175.1  177.2  -60.7  0.998  121.8  3.786  5.879  163.2  153.7
H  -70.7  149.1  110.6  178.8 -165.9    nan  1.040   83.5  3.807  5.937 -125.8 -132.7
S  -63.5  -13.7  113.4 -175.4   40.5    nan  1.066  110.5  3.834  5.564  -86.9  -92.9
Q  -80.0  -35.5  108.1 -178.8 -178.5    nan  0.985   87.9  3.816  5.547   79.6   92.1
E  -65.2  -28.5  112.3  179.2  -62.1    nan  1.024  101.7  3.795  5.335   70.7   85.0
L  -63.9  -40.8  111.0  177.4  -80.7    nan  1.029   97.1  3.800  5.429   79.5   91.9
L  -62.7  -30.9  112.3  178.8 -119.1    nan  1.025  102.7  3.801  5.262   69.7   82.7
S  -91.1  -25.1  113.2  178.2   48.4    nan  1.062   79.4  3.817  5.218   43.5   65.3
R  -76.7  -48.8  112.0  175.6  -87.4    nan  1.043   83.0  3.823  5.478   66.8   81.9
Y -126.0   70.9  110.3 -168.4  -53.2    nan  1.023   94.1  3.809  4.602    2.9   22.6
P  -86.6   -3.5  114.0 -155.8    9.5    nan  1.013   92.0  3.782  5.980  171.9 -175.4
D  -97.8   -1.0  112.3  175.3   36.8    nan  1.099   81.8  3.807  5.558   53.1   82.3
L -114.6  150.1  112.6 -167.6  -70.1    nan  1.045  122.4  3.810  5.338   60.4   79.7
D  -75.5 -179.5  109.6  173.3   47.8    nan  1.028   75.4  3.805  5.533 -103.4 -111.9
A  -66.5  -38.1  112.9 -173.1    nan    nan  1.065   95.4  3.827  5.130  -60.7  -57.7
K  -60.8  -52.9  110.0  172.6  146.8    nan  1.026   93.2  3.805  5.414   71.3   82.2
G  -66.3  -16.6  113.1  179.5    nan    nan    nan  106.4  3.785    nan    nan   69.3
R  -94.2  -34.0  110.6  178.4  -80.1    nan  1.048   75.1  3.818    nan    nan   74.8
E  -57.7  -46.3  108.7  167.0  -94.5    nan  0.992  100.0  3.809  5.570   78.5   83.9
R  -76.4  -31.7  113.8 -167.3  168.7    nan  1.097   89.7  3.799  4.981   51.5   76.1
A  -78.7  -39.7  111.2  177.9    nan    nan  1.050   85.7  3.800  5.396   60.3   76.0
I  -63.2  -36.5  109.9  179.1 -158.7   80.0  1.063  100.5  3.817  5.443   67.6   83.3
A  -69.1  -48.1  111.3  177.3    nan    nan  1.044   89.2  3.817  5.416   65.4   79.3
K  -61.6  -34.2  112.0  176.0  171.8    nan  1.052  102.0  3.820  5.319   62.2   75.2
D  -80.8  -36.9  110.4 -171.3 -101.9    nan  1.027   85.5  3.778  5.174   61.4   79.5
L -104.4  -28.9  114.1 -173.4  -89.5    nan  1.066   65.9  3.800  4.963   29.1   53.2
G   89.3  -40.4  115.0 -176.6    nan    nan    nan  106.4  3.807    nan    nan -121.0
A -152.3  104.2  110.0 -179.4    nan    nan  1.022  111.8  3.810    nan    nan   -4.9
V -115.1  136.8  112.3  177.2  -86.9   33.1  1.053  123.0  3.801  5.999  169.3  165.2
F  -94.9  104.5  108.9  157.2 -173.6    nan  1.009  109.5  3.797  5.746 -144.8 -154.9
L  -83.2  111.8  110.8 -179.0 -145.4    nan  1.011  106.5  3.835  6.047 -152.1 -160.9
V  -86.2  148.3  111.0 -174.8 -170.1  -47.5  1.033   97.5  3.813  5.999 -148.4 -153.9
G   76.4   69.5  116.2  172.8    nan    nan    nan   71.3  3.792    nan    nan   27.2
I -117.5  117.8  110.4  179.6  -69.7  172.2  1.072  119.2  3.801    nan    nan  131.1
G  135.7  -28.6  110.4 -177.2    nan    nan    nan   59.2  3.789    nan    nan   60.8
G  -84.7  159.6  113.8  178.0    nan    nan    nan   93.1  3.783    nan    nan   73.5
K  -78.9  141.1  107.9  174.4  -53.3    nan  1.005   92.3  3.802    nan    nan -103.7
L -102.2 -153.0  110.3 -177.0  -79.9    nan  1.029   92.0  3.800  5.738 -137.5 -140.5
S  -62.1  -51.4  113.3 -178.3  -68.5    nan  1.056   91.1  3.859  4.932  -33.5  -23.9
D  -59.8 -163.7  111.0  168.4   44.8    nan  1.028   55.3  3.795  5.212   59.0   68.0
G  -80.4   -5.1  116.6 -177.6    nan    nan    nan   97.4  3.811    nan    nan  -52.1
H -128.4  162.0  114.3 -154.7  -36.3    nan  1.067  133.7  3.772    nan    nan   70.8
R  -89.1  144.7  108.2  172.0  -12.3    nan  1.022   99.6  3.783  5.423 -106.5 -111.7
H  -53.6  -43.2  108.4  177.9  169.8    nan  1.006  105.0  3.808  5.426  -79.3  -94.0
D -158.6  158.5  110.4  168.0 -165.0    nan  1.032  155.9  3.774  4.919  -43.7  -22.4
V  -61.9  148.3  110.8  177.6 -160.2  -37.7  1.028   76.4  3.802  5.364  -76.4  -86.0
R -153.5  146.8  107.7  177.1 -159.8    nan  0.999  145.4  3.789  5.549  176.1  169.9
A  -69.3  149.1  109.7  178.6    nan    nan  1.018   81.9  3.798  5.550  -97.5 -105.6
P  -73.4  -36.0  113.7  178.7   -1.0    nan  0.994   90.3  3.829  5.477  -98.5 -105.5
D  -81.1    0.7  119.9 -156.5   31.1    nan  1.175   99.2  3.799  4.963   53.4   94.2
Y -143.1  -46.2  116.5  179.4   47.0    nan  1.131   41.7  3.818  5.143   27.1   44.7
D  -77.2  143.0  109.9  175.7 -101.2    nan  1.015   91.4  3.815  5.305   51.5   62.9
D  -94.5  111.1  111.0  165.7 -169.0    nan  1.036  111.2  3.785  5.684 -137.6 -140.1
W -120.5    8.9  114.4  177.9   37.9    nan  1.084   63.5  3.826  5.948  170.8  166.7
S -122.7    1.7  116.7 -179.1   63.3    nan  1.118   58.1  3.821  5.382   52.4   74.4
T  -94.9  125.8  110.7 -178.9  -75.2  164.5  1.044  109.6  3.835  5.708   77.9   93.5
P  -72.6  127.6  111.5 -175.6   -5.6    nan  0.979   95.4  3.844  5.743 -114.6 -127.8
S -107.5  175.3  111.1 -176.3   58.5    nan  1.045  109.1  3.788  5.922 -161.4 -160.0
E  -49.1  -13.5  113.5  170.0   55.4    nan  1.079  124.4  3.807  5.026  -54.2  -56.3
L  -73.4   -5.5  112.9  174.9 -101.7    nan  1.033  104.4  3.822  5.649   83.7   95.2
G   78.5  -29.6  112.9 -176.2    nan    nan    nan  111.2  3.790    nan    nan -109.5
H -103.3  158.2  109.9 -179.0  -51.2    nan  1.025  109.7  3.801    nan    nan   56.2
A  -75.4  147.1  111.9 -176.3    nan    nan  1.039   89.1  3.802  5.420  -91.4  -94.9
G  124.4  118.8  112.3  170.6    nan    nan    nan   89.8  3.772    nan    nan   73.8
L -108.1   31.8  110.5  177.6 -105.8    nan  1.028   84.9  3.793    nan    nan -174.6
N -137.5 -176.0  111.5 -177.4   74.2    nan  1.058  136.0  3.803  5.441   62.2   79.0
G  174.2  177.4  117.8  171.8    nan    nan    nan  172.7  3.825    nan    nan  176.8
D -109.3  142.3  112.8  173.6  -80.4    nan  1.025  119.0  3.824    nan    nan -109.0
I  -92.3  107.9  110.2  164.4  -52.6 -174.4  1.065  109.9  3.752  5.651 -139.0 -140.4
L -101.9  132.9  110.2  173.0  -64.4    nan  1.001  112.8  3.817  6.015 -165.8  176.5
V -118.7  166.7  108.4  171.0  -75.3   46.8  1.024  122.0  3.796  5.837 -172.0 -172.0
W  -90.5  118.5  109.6  163.3 -175.6    nan  1.024  107.5  3.756  5.383 -110.3 -108.7
N  -98.8  109.5  112.1  169.8 -168.5    nan  1.058  113.7  3.799  5.917 -163.0 -169.3
P  -72.1  -24.4  113.2 -176.8   25.0    nan  0.995   97.2  3.852  5.892 -131.6 -144.4
V  -71.5  -38.1  109.0 -178.1  165.2  -73.2  1.033   93.4  3.808  5.455   68.9   91.8
L  -97.8   -7.5  110.9  176.1  -84.0    nan  1.042   79.6  3.797  5.187   29.5   49.9
E   54.0   62.6  110.7 -178.3  -77.2    nan  1.046   91.0  3.818  5.596 -137.5 -134.9
D -168.4  157.5  111.6 -174.2 -148.2    nan  1.037  159.0  3.800  5.407   75.2   74.1
A  -58.6  141.6  107.8  164.0    nan    nan  0.999   75.8  3.761  5.211  -80.6  -91.5
F -138.8  119.4  106.1 -171.0 -176.7    nan  0.961  121.9  3.805  5.706 -166.7 -175.9
E  -89.8  118.5  114.5 -176.7 -177.2    nan  1.086  111.3  3.779  5.962 -152.2 -146.9
L  -82.3  -65.2  113.3  175.8 -108.9    nan  1.066   72.6  3.772  5.827 -138.9 -152.1
S -121.3  162.4  113.8 -170.3 -150.3    nan  1.069  126.8  3.802  4.569   -9.9   13.5
S -136.5  126.5  107.3  163.7   65.5    nan  0.971  126.5  3.753  5.442 -160.6 -159.7
M -155.3  175.2  111.9 -171.1   48.7    nan  1.030  156.7  3.792  5.618  158.0  151.7
G  167.1  174.2  114.7  164.4    nan    nan    nan  163.8  3.759    nan    nan  156.6
I  -63.8  138.7  109.8  168.9  -67.7  168.9  1.043   82.5  3.771    nan    nan  -72.2
R  -83.0  148.0  113.0 -170.1  -99.7    nan  1.060   95.9  3.793  5.743 -114.3 -119.6
V  -50.4  128.9  111.2  169.8  132.0 -103.5  1.037   79.5  3.761  5.220  -79.3  -94.3
D  -85.2 -172.4  109.9  161.9   59.9    nan  1.046   82.7  3.801  5.912 -142.1 -151.0
A  -63.5  -47.8  113.0 -177.8    nan    nan  1.063   92.3  3.818  5.003  -52.1  -48.5
D  -71.2  -36.2  113.5 -175.9  -65.9    nan  1.090   92.1  3.788  5.114   52.4   73.9
T  -75.5  -30.1  113.1  173.5  -26.6 -146.6  1.078   91.5  3.822  5.484   55.6   72.1
L  -55.9  -49.6  109.5  171.3 -158.2    nan  1.018   98.8  3.834  5.637   87.8   92.9
K  -65.4  -36.0  108.7 -177.7  -75.2    nan  1.003   99.5  3.812  5.175   61.5   73.8
H  -64.1  -48.8  111.3 -178.6  179.5    nan  1.046   92.4  3.803  5.337   71.1   87.2
Q  -78.6  -42.9  111.1 -168.7  -80.0    nan  1.055   84.6  3.778  5.017   48.7   70.9
L  -42.3  -39.4  113.3  170.8 -123.9    nan  1.045  113.8  3.799  5.423   85.5   93.7
A  -76.8  -34.1  110.5 -177.6    nan    nan  1.035   89.9  3.817  5.195   55.5   73.9
L  -69.4  -14.0  115.3  177.1  -57.2    nan  1.089  104.2  3.814  5.373   63.3   82.0
T -119.2   -2.6  113.2 -178.2   51.2  -71.1  1.089   59.8  3.841  5.281   34.0   56.7
G   76.0   31.7  113.8 -179.5    nan    nan    nan   90.1  3.803    nan    nan -112.1
D -117.5   41.5  111.9 -178.4  -62.4    nan  1.042   82.7  3.816    nan    nan   98.4
E  -74.7  -25.7  111.9 -172.8   -6.9    nan  1.051   94.7  3.834  6.117  143.0  154.4
D  -59.8  -20.8  111.5  174.6   44.4    nan  1.044  111.0  3.804  5.569   85.5   96.2
R  -69.0  -16.3  112.0  177.6  -89.0    nan  1.058  104.3  3.814  5.571   78.9   94.6
L  -59.9  -26.5  112.0  177.3 -111.2    nan  1.035  107.7  3.807  5.681   96.0  106.8
E  -81.9  -26.2  114.2 -174.6  -79.5    nan  1.068   87.0  3.810  5.284   62.9   83.9
L  -69.0  163.1  110.9 -172.5  -88.5    nan  1.032   75.8  3.801  5.417   80.6   97.5
E  -65.7  -36.0  117.1 -167.5 -159.9    nan  1.103   95.1  3.797  5.336  -73.9  -74.4
W  -66.3  -44.0  108.8  179.3 -177.4    nan  0.996   94.8  3.813  5.399   75.0   84.8
H  -70.2  -33.5  113.0 -170.1  -57.4    nan  1.073   94.5  3.789  5.057   58.9   81.3
Q  -60.4  -44.7  112.6  168.7 -104.2    nan  1.039   96.7  3.812  5.528   74.7   84.2
A  -64.4  -38.4  111.0 -177.0    nan    nan  1.039   97.9  3.809  5.214   65.9   81.2
L  -62.8  -45.9  109.7  173.9 -179.7    nan  1.024   95.9  3.793  5.382   69.0   80.6
L  -74.7   -6.8  112.2 -176.5 -125.8    nan  1.042  102.7  3.809  5.084   51.9   70.2
R -103.9   -9.1  111.6  176.7  -86.6    nan  1.019   72.9  3.845  5.529   55.3   73.7
G   76.4   37.8  115.8 -174.1    nan    nan    nan   85.8  3.796    nan    nan -114.0
E  -89.0  -28.0  111.8  176.2  -92.4    nan  1.062   80.9  3.809    nan    nan  127.9
M  -94.1  150.9  111.4  172.3  -72.1    nan  1.033  103.9  3.810  5.341   43.1   60.1
P  -82.4  174.5  111.4  173.7   30.5    nan  0.969   84.5  3.841  5.486 -109.1 -115.4
Q  -80.9  121.7  108.5  168.5  168.0    nan  0.995  100.6  3.811  5.354  -93.8  -88.9
T -130.9  155.6  112.8 -176.2   53.2  -68.0  1.064  135.8  3.805  5.878  173.1  170.8
I -114.7  119.2  107.8  169.8  176.2   52.4  1.010  116.5  3.816  5.613 -141.6 -145.0
G -133.6  178.8  114.0 -171.4    nan    nan    nan  134.0  3.794    nan    nan  169.6
G -178.6  167.3  114.6 -175.5    nan    nan    nan  167.8  3.785    nan    nan -179.3
G -128.1  137.1  112.8  168.9    nan    nan    nan  131.3  3.781    nan    nan -141.2
I -117.6  124.7  110.0  176.6  -51.2 -172.2  1.032  120.9  3.820    nan    nan -164.7
G  -55.5  123.5  111.9  172.9    nan    nan    nan   86.7  3.801    nan    nan -119.9
Q  -76.0  -52.4  110.9  179.2  -74.7    nan  1.032   82.8  3.812    nan    nan -137.4
S  -67.9  -39.1  111.3  177.4  -68.1    nan  1.029   94.6  3.820  5.129   52.9   66.0
R  -55.2  -49.6  112.4  172.4  -76.9    nan  1.044   97.5  3.792  5.360   74.8   86.4
L  -67.6  -34.6  110.5  178.7 -177.7    nan  1.034   97.5  3.805  5.234   55.8   70.3
T  -68.6  -53.2  112.5 -176.3  -64.5  174.8  1.073   86.2  3.804  5.321   68.6   87.0
M  -59.7  -34.5  110.5  176.0   69.3    nan  1.048  104.2  3.831  5.313   60.3   72.3
L  -61.5  -46.5  110.7 -179.7 -172.5    nan  1.033   96.0  3.790  5.423   77.4   90.6
L  -83.2  -18.3  112.8 -173.4  -71.0    nan  1.037   89.5  3.833  5.066   45.6   64.4
L -103.8    7.5  111.0 -178.8  -63.6    nan  1.026   79.0  3.793  5.234   47.4   66.6
Q   57.5   34.4  112.6  178.4 -103.0    nan  1.069  105.1  3.822  5.574 -122.6 -120.7
L  -95.0  137.3  110.9 -176.0  -69.8    nan  1.035  107.8  3.814  5.939  113.5  125.7
P  -87.0   -9.0  117.3 -167.3   29.8    nan  1.038   88.9  3.843  5.620 -115.7 -123.3
H -142.5  138.4  109.3  173.3 -167.1    nan  1.025  136.6  3.808  5.137    6.1   30.2
I  -63.7  -30.2  113.5 -172.6 -165.2   69.9  1.074  101.8  3.803  5.694  -95.8 -103.7
G  -77.9   -0.3  113.0 -177.3    nan    nan    nan  102.0  3.806    nan    nan   82.4
Q  -81.5   -9.4  111.5  169.9  -76.2    nan  1.042   94.9  3.780    nan    nan   96.2
V -116.1    5.8  111.5  178.4  -64.7   57.3  1.062   66.2  3.805  5.321   38.3   60.9
Q -157.4  143.5  108.1 -164.6 -177.7    nan  0.980  144.4  3.779  4.871   29.4   38.7
A  -91.1  100.8  111.0  172.0    nan    nan  1.033  110.8  3.775  5.690 -132.0 -132.2
G -123.3 -171.0  112.7  174.1    nan    nan    nan  119.5  3.807    nan    nan  152.6
V -110.9  148.3  110.9  171.3  -52.0   68.9  1.060  118.6  3.816    nan    nan  -96.6
W -141.5  159.1  108.3 -170.8  -53.5    nan  0.995  143.2  3.789  5.549 -159.2 -173.8
P  -74.9  159.7  114.0  169.7   25.4    nan  0.996   83.8  3.834  5.384  -97.7  -99.3
A  -55.9  -26.4  112.2 -171.0    nan    nan  1.050  111.2  3.794  5.399  -70.9  -73.2
A  -72.1  -43.4  112.6 -173.7    nan    nan  1.053   88.4  3.807  5.364   74.4   93.4
V  -83.6  -20.3  110.6  179.5   19.4  142.6  1.113   89.1  3.792  5.219   37.2   62.0
R  -70.5  -34.7  108.6  168.9  -93.7    nan  1.027   95.9  3.795  5.757   76.8   86.2
E  -68.7  -43.0  112.8  174.9  178.3    nan  1.055   91.1  3.809  5.379   62.5   79.2
S -100.3  -18.1  114.4 -165.7  -65.1    nan  1.074   72.8  3.809  4.865   32.8   58.4
V -118.5  112.9  110.4 -175.8  171.7  -66.9  1.036  117.9  3.817  5.184   34.4   54.1
P  -78.5  172.4  110.3 -173.7   39.3    nan  0.944   81.2  3.821  5.871 -133.0 -143.8
S   58.6   27.7  115.9  170.5    5.3    nan  1.119  106.8  3.820  4.573   41.4   39.2
L  -74.9  130.0  108.7  172.0  -61.2    nan  1.024   94.0  3.802  6.101  127.7  128.1
L  -74.7    nan  113.0  175.9  -73.3    nan  1.065    nan  3.791  5.759 -121.0 -131.0
