Id   phi    psi    tau  omega    chi    chi2  solid    eta  CA-CA  CB-CB  BA^AB  NA^AC
W    nan  156.4  108.5    nan   76.7    nan  1.045    nan    nan    nan    nan    nan
G -170.4 -146.5  106.9  178.7    nan    nan    nan  142.7  3.831    nan    nan  161.3
Y -134.1   15.5  107.7 -179.7  -55.3    nan  1.073   52.2  3.842    nan    nan  -90.3
G  -76.6  174.7  112.1  175.5    nan    nan    nan   78.6  3.806    nan    nan  119.2
K  -65.3  -36.1  109.2 -179.2  179.8    nan  1.047   99.3  3.825    nan    nan  -68.0
H  -96.1  -12.5  114.8 -174.9  -68.5    nan  1.099   78.9  3.832  5.115   38.9   60.9
N -134.0   10.6  109.9 -174.1   56.3    nan  1.088   50.4  3.877  5.042   23.2   44.3
G  -62.2  172.8  115.4 -178.8    nan    nan    nan   65.5  3.819    nan    nan  133.1
P  -52.3  -22.0  113.0 -176.3  -31.8    nan  1.005  116.8  3.803    nan    nan  -56.8
E  -81.9   -6.4  110.7 -176.7   53.9    nan  1.078   95.8  3.814  5.421   57.1   85.3
H -113.2   -8.6  113.4  179.4  -72.0    nan  1.011   63.6  3.852  5.451   53.2   66.3
W  -60.4  -35.6  115.5 -179.0  -51.2    nan  1.194  100.6  3.799  5.654   93.4  117.7
H  -51.0  -33.3  112.1 -179.6   78.7    nan  1.116  111.5  3.816  5.581   89.6  100.6
K  -58.8  -40.8  113.4 -179.3  -79.4    nan  1.154   99.8  3.800  5.493   74.7   94.8
D -103.4  -24.2  110.4 -178.2  -84.2    nan  1.071   69.5  3.843  5.117   28.2   46.2
F -131.4   78.6  109.2 -176.9  -43.2    nan  1.103   96.4  3.792  4.993    7.9   32.5
P  -52.9  -27.3  112.5 -176.8    2.3    nan  1.048  113.4  3.828  6.047 -142.7 -154.9
I  -62.1  -15.6  111.4  177.8 -160.0   77.8  1.109  111.4  3.829  5.563   76.1   94.9
A  -51.7  -26.8  109.7  179.5    nan    nan  1.077  115.7  3.820  5.724  104.4  116.1
K -109.4   20.3  110.5 -175.7  -58.0    nan  1.057   78.6  3.799  5.175   32.6   54.1
G  -68.1 -177.2  114.9 -178.2    nan    nan    nan   66.9  3.840    nan    nan  137.1
E  -86.3  -19.5  118.4 -178.7  -59.8    nan  1.058   84.4  3.768    nan    nan  -76.2
R -131.8   51.1  110.9  178.4   59.6    nan  1.103   77.8  3.815  4.887   11.3   35.9
Q  -81.9  146.1  111.9 -178.1  -76.6    nan  1.107   95.1  3.800  6.207  143.4  152.0
S -120.8  147.4  113.8 -179.6  -75.3    nan  1.090  128.2  3.852  5.647 -149.9 -156.9
P  -88.6  172.1  106.4   14.9   32.8    nan  1.036   90.8  3.111  4.844   64.5   47.8
V -142.5  169.8  106.9  178.3  -49.3   76.8  1.061  144.3  3.854  5.510 -153.3 -149.4
D  -89.4  131.3  108.5  176.4 -177.1    nan  1.108  103.4  3.777  5.414 -101.7  -99.8
I  -99.9  105.6  107.3 -179.8  -51.8 -171.6  1.093  109.2  3.793  5.852 -145.2 -150.1
D  -85.4  105.4  103.7  176.8  178.2    nan  1.077  101.9  3.858  5.990 -156.5 -166.8
T  -65.6  -25.0  113.1 -176.8   61.8  -59.2  1.101  103.0  3.784  6.026 -129.6 -139.7
H  -87.4  -16.5  109.4 -179.0  -56.0    nan  1.081   87.1  3.809  5.450   53.8   75.8
T -103.0  -21.3  112.4  179.0  -94.9  142.1  1.080   69.8  3.842  5.311   45.1   66.5
A  -59.2  146.3  105.1  176.2    nan    nan  1.067   72.4  3.814  5.726   84.8  100.6
K -110.6  126.4  112.7 -178.5 -140.4    nan  1.073  120.0  3.839  5.721 -139.1 -141.7
Y  -70.1  117.5  106.2  177.0  173.7    nan  1.058   94.3  3.764  5.856 -116.3 -133.8
D -116.5  111.4  107.5  179.2  176.3    nan  1.008  114.5  3.785  5.905 -170.7  177.7
P  -77.0   -7.8  114.2 -178.5   26.5    nan  1.009   99.7  3.795  5.881 -138.3 -147.1
S  -84.6    0.3  111.3  178.8   72.3    nan  1.048   95.5  3.819  5.575   67.3   92.7
L  -80.6  125.0  113.2  177.6  -91.7    nan  1.127  103.0  3.803  5.703   81.0  103.1
K  -84.8  157.1  109.7  177.2  -62.4    nan  1.035   92.7  3.781  5.829 -127.4 -148.3
P  -66.5  151.1  109.0  179.8   -9.9    nan  1.016   78.1  3.784  5.218  -85.0  -91.1
L  -71.2  148.5  108.8  178.9 -109.2    nan  0.998   83.4  3.810  5.617  -93.7 -102.8
S -133.1  100.6  111.2  179.8 -170.8    nan  1.065  112.6  3.788  5.619 -166.1 -166.2
V -106.5  122.9  108.4  179.2 -167.8  -42.9  1.024  114.1  3.804  6.050 -178.8  168.2
S -120.8   88.0  106.2 -179.6  -58.3    nan  1.024  102.9  3.784  5.889 -173.4  177.9
Y -116.8    8.5  113.6 -177.1  -66.6    nan  1.095   66.8  3.835  5.992  152.0  154.1
D  -59.6  -31.1  110.5 -179.4   50.9    nan  1.116  106.1  3.848  5.959  119.0  132.1
Q -103.9   19.7  116.9 -176.4 -148.3    nan  1.099   85.6  3.797  5.196   36.4   57.4
A  -66.4  146.1  114.3 -177.7    nan    nan  1.072   83.0  3.811  5.957  127.6  137.6
T -130.7  103.5  110.8 -178.7  -52.1 -173.0  1.037  114.5  3.773  5.683 -158.3 -170.0
S  -86.1  146.9  104.4  177.1   49.7    nan  1.063   94.5  3.854  6.119 -164.3 -169.9
L -116.6  -47.2  114.8 -178.8  -74.3    nan  1.021   54.6  3.794  5.638 -137.9 -149.0
R -164.7  169.0  113.4 -178.7   60.7    nan  1.036  165.2  3.829  4.505  -42.9  -24.1
I -122.0  129.0  104.4 -179.8 -172.4   63.4  1.049  119.9  3.759  5.470 -136.0 -134.2
L -134.3  146.4  112.8 -179.1  160.6    nan  1.003  137.3  3.825  5.755 -175.8  174.9
N -103.7  105.5  106.1  176.3  177.7    nan  1.109  108.9  3.781  5.749 -147.7 -144.3
N  -91.6    4.1  116.1 -178.4   63.4    nan  1.132   90.2  3.811  6.038 -159.7 -164.7
G   95.1   -5.7  115.2 -179.8    nan    nan    nan   87.3  3.806    nan    nan  -87.8
H -135.5  -12.6  109.3  179.4   56.1    nan  1.046   41.7  3.785    nan    nan   44.3
A -175.9 -177.0  108.1  177.1    nan    nan  1.049  174.2  3.855  4.985  -21.7   -8.9
F -118.6  133.0  105.5  178.2   65.3    nan  1.071  119.9  3.801  5.322 -120.4 -111.5
N -116.7  139.7  107.9 -178.0  -76.3    nan  1.010  121.3  3.818  5.791 -153.2 -164.9
V -109.0  106.3  101.9  176.9  168.6  -68.4  1.053  106.2  3.813  5.765 -150.4 -158.2
E  -95.0  151.1  112.3 -177.8  -59.3    nan  1.042  105.0  3.827  6.068 -159.1 -166.0
F -128.8  153.0  111.8 -177.9  -65.6    nan  1.027  133.6  3.800  5.668 -151.3 -160.7
D  -74.7  111.6  109.1  177.7  172.7    nan  1.031  101.3  3.793  5.383 -100.1 -106.6
D -116.7   35.6  114.0 -178.1   68.0    nan  1.125   81.1  3.794  5.937  171.9  175.4
S  -86.4  -11.4  111.1  177.8   63.6    nan  1.096   89.5  3.805  6.041  119.4  129.7
Q -146.4  159.2  108.6 -178.8  -70.0    nan  1.065  147.3  3.797  5.097    9.2   26.6
D  -74.2   64.8  110.8 -179.9  -75.0    nan  1.079  115.2  3.816  5.322  -90.8  -96.2
K  -82.9  -57.2  111.0 -179.8  -79.1    nan  1.083   76.6  3.785  6.169  159.1  161.7
A -117.0  110.0  107.1  178.7    nan    nan  1.038  113.7  3.816  4.848   -5.1   14.0
V -129.0  153.0  115.8 -176.7  -69.9   57.8  1.128  135.6  3.821  5.787  161.1  162.7
L -120.1  130.3  106.3 -178.9 -142.7    nan  1.008  120.6  3.754  5.625 -137.7 -152.4
K -153.8  175.3  105.3 -179.5   35.7    nan  1.071  154.7  3.847  5.705  156.5  152.4
G   72.7 -167.9  106.3 -179.5    nan    nan    nan   76.4  3.817    nan    nan   63.9
G   71.3 -136.2  104.9 -179.6    nan    nan    nan   86.4  3.820    nan    nan   83.6
P  -79.3  -13.1  113.2  178.2   38.7    nan  0.966   95.3  3.848    nan    nan  -24.8
L  -75.6  151.4  114.7 -178.8  -66.3    nan  1.084   88.6  3.789  5.383   69.7   99.1
D -121.7  112.1  105.4  175.0  -74.2    nan  1.020  114.0  3.762  5.632 -148.6 -159.1
G   93.8 -172.7  108.4  179.1    nan    nan    nan   96.1  3.818    nan    nan   14.1
T  -99.9  132.1  114.1 -177.5  -53.4 -175.5  1.016  114.5  3.824    nan    nan  -84.7
Y -114.6  129.8  111.8  176.7  -68.8    nan  1.061  121.8  3.787  5.770 -165.5 -170.4
R  -97.9  132.8  114.4 -179.4  -79.7    nan  1.017  113.2  3.745  5.882 -137.2 -150.9
L  -69.5  125.0  106.8  179.5  167.1    nan  0.993   91.2  3.821  5.601 -109.0 -125.0
I -110.3  -41.2  109.3 -178.9 -172.5   64.7  1.116   62.3  3.814  5.911 -167.8 -167.5
Q -169.4  167.9  114.6 -179.8   60.1    nan  1.086  167.7  3.831  4.793  -38.7  -26.1
F -140.4  148.7  108.6  177.2   78.2    nan  1.134  139.8  3.805  5.496 -158.6 -154.2
H -157.4  177.7  108.0  178.7   55.5    nan  1.039  158.0  3.788  5.501 -179.7  166.5
F -132.5  168.6  110.2 -179.4  -52.0    nan  1.016  135.5  3.805  5.406 -133.2 -129.5
H -134.3  125.2  103.8  175.9  -61.3    nan  0.953  122.9  3.795  5.440 -144.5 -148.1
W -133.6  168.0  109.0 -176.6   55.6    nan  1.115  136.3  3.802  5.872  166.9  172.4
G -112.0  178.5  110.9  179.9    nan    nan    nan  112.6  3.810    nan    nan -121.1
S  -77.3  -28.9  111.1  177.4   60.9    nan  1.074   91.3  3.778    nan    nan  -76.4
L -133.1  168.3  107.0  179.7  -74.6    nan  1.037  135.4  3.796  4.993    3.4   24.3
D  -71.1  -17.8  115.5 -178.2  -61.0    nan  1.134  100.7  3.843  5.282  -83.0  -79.1
G  -76.8  -10.2  113.6  180.0    nan    nan    nan   99.0  3.804    nan    nan   91.6
Q -146.2  159.3  113.1 -177.6   66.9    nan  1.107  148.7  3.849    nan    nan   29.7
G  149.1  -40.6  119.0  179.4    nan    nan    nan   60.7  3.808    nan    nan  117.5
S  -70.4  163.1  105.9 -179.3   65.0    nan  1.093   75.7  3.784    nan    nan   77.6
E -101.2  -49.7  106.3 -179.0  -67.6    nan  1.024   70.4  3.805  5.487 -110.4 -117.0
H  -83.2  152.7  100.9  178.0  -68.1    nan  0.993   88.9  3.864  5.176   37.1   50.4
T -130.4  162.8  105.6  178.2   54.4  -66.9  1.059  132.8  3.797  5.686 -158.7 -158.8
V -128.1  111.3  107.1 -179.0  179.3  -53.2  1.085  116.1  3.822  5.574 -144.6 -143.9
D   52.3   41.2  108.6 -176.4  -70.1    nan  1.127  107.1  3.815  5.196   -3.9  -24.0
K   78.1   -5.9  113.4  178.1  -64.6    nan  1.090  104.2  3.764  5.423  -62.2  -69.6
K  -73.8  129.3  114.3 -179.4  175.5    nan  1.082   97.4  3.840  5.762   91.6  106.4
K -105.5  135.8  110.6  179.8  -40.2    nan  1.023  115.3  3.808  5.761 -147.9 -161.7
Y  -96.4  169.2  108.5  179.4  -72.9    nan  1.068   99.7  3.805  5.730 -140.6 -145.0
A  -61.6  -35.9  111.9  180.0    nan    nan  1.060  101.1  3.835  5.108  -66.6  -72.0
A -162.9  172.7  110.2 -179.7    nan    nan  1.102  163.9  3.815  4.866  -36.5  -13.8
E -144.7  128.2  107.9  179.9 -174.0    nan  1.047  130.1  3.790  5.451 -148.5 -150.3
L  -96.8  126.6  112.1  177.5  171.2    nan  1.009  111.8  3.844  5.736 -139.6 -154.0
H -119.1  122.2  111.0  177.8  -60.7    nan  1.088  121.6  3.808  5.889 -176.1 -178.0
L -108.4  107.7  106.1  175.0  -64.4    nan  1.000  110.3  3.820  5.799 -157.7 -176.6
A  -88.4  132.9  114.9  179.8    nan    nan  1.072  106.8  3.805  6.017 -158.1 -161.8
H -131.1  152.5  107.8 -178.8  -43.7    nan  1.049  133.5  3.824  5.786 -174.0  174.8
W -128.2  144.8  109.7  177.0   54.2    nan  1.068  131.2  3.805  5.657 -155.7 -158.2
N  -69.0  115.1  107.5 -178.6 -165.8    nan  1.031   95.9  3.851  5.539  -97.0 -107.6
T  -62.0  -12.8  116.2 -178.3   63.0  -59.7  1.118  111.8  3.821  5.994 -121.1 -129.0
K  -71.6  -10.6  113.5  178.3   85.5    nan  1.047  103.9  4.189  6.325   79.7  105.6
Y  -85.7   -0.4  116.7 -178.7  -49.8    nan  1.158   94.1  3.828  5.506   66.1   92.2
G   74.2  -37.9  123.2  176.5    nan    nan    nan  122.6  3.804    nan    nan -117.5
D -148.4  166.6  108.5  178.2   69.5    nan  1.110  150.1  3.819    nan    nan    1.6
F  -60.3  -51.2  112.8 -179.9  174.4    nan  1.151   92.7  3.818  5.332  -69.5  -72.8
G  -56.1  -29.5  114.3 -178.3    nan    nan    nan  108.5  3.822    nan    nan   82.2
K  -84.0  -35.1  113.1  177.7  -79.0    nan  1.110   82.1  3.843    nan    nan   72.8
A  -69.0  -32.2  109.5 -178.8    nan    nan  1.039   97.9  3.831  5.395   69.7   83.7
V  -71.6   10.3  109.0  179.5  -61.8   63.0  1.154  111.5  3.840  5.424   55.7   81.7
Q -119.6    7.4  108.5  179.7  -57.3    nan  1.073   63.0  3.845  5.655   59.4   75.1
Q -120.9  142.9  114.5  179.5  -56.8    nan  1.118  128.6  3.768  5.519   49.3   71.8
P  -62.2  -26.2  110.3 -177.9   25.5    nan  0.997  106.4  3.845  5.393  -85.3 -104.0
D -124.3   31.4  109.6 -178.3   70.5    nan  1.051   70.3  3.849  5.001   10.9   37.2
G  -70.1  -34.1  117.1 -178.8    nan    nan    nan   92.3  3.812    nan    nan  145.9
L -123.6  163.1  115.6 -178.1  -60.6    nan  1.059  129.4  3.813    nan    nan   35.1
A -140.6  116.2  105.3  179.6    nan    nan  0.987  119.4  3.815  5.478 -154.0 -160.8
V -116.6  128.6  106.4  178.9 -175.7  -56.6  1.049  118.4  3.800  5.882  176.3  177.9
L -100.1  113.3  105.6  179.0 -137.9    nan  0.978  108.2  3.780  5.804 -142.3 -156.8
G -103.3  131.5  111.7 -178.1    nan    nan    nan  115.0  3.809    nan    nan -171.2
I -136.5  129.0  109.8 -178.7  -58.9  176.4  1.044  129.6  3.830    nan    nan  168.9
F  -88.4  147.0  107.6 -177.8  -57.3    nan  1.068   98.1  3.801  5.907 -134.4 -143.2
L -120.9  126.4  108.5 -179.9  -89.2    nan  1.008  121.6  3.797  5.624 -144.7 -156.6
K -118.6  151.4  107.7  178.2   64.0    nan  1.051  123.2  3.809  5.858 -171.9 -177.4
V  -86.6  126.9  108.9 -179.5  174.3  -58.6  1.056  102.8  3.851  5.607 -111.5 -116.1
G -172.2 -124.4  107.0 -179.7    nan    nan    nan  121.8  3.797    nan    nan  125.4
S  -74.5  151.4  109.8 -178.8  -69.0    nan  1.029   85.5  3.809    nan    nan   -5.5
A  -63.4  156.2  108.2  179.6    nan    nan  1.023   72.7  3.791  5.418  -84.9  -95.6
K -113.9  101.1  103.9  178.3 -174.0    nan  1.033  107.0  3.780  5.557 -136.9 -141.6
P  -54.6  -49.8  108.6 -177.2    5.9    nan  0.968  100.1  3.801  5.902 -118.9 -134.8
G  -58.3  -13.5  115.2 -179.5    nan    nan    nan  115.2  3.849    nan    nan   79.6
L -101.8  -11.4  114.8  179.0 -178.2    nan  1.009   73.6  3.814    nan    nan   71.3
Q  -60.8  -42.3  110.0 -175.8 -170.9    nan  1.098   99.2  3.865  5.613   94.0  115.9
K  -54.4  -41.7  110.8 -178.4  -81.6    nan  1.037  104.1  3.811  5.554   81.8   90.7
V  -67.4  -45.1  110.1  179.0  174.6  -57.3  1.099   92.7  3.835  5.277   59.4   77.6
V  -55.9  -45.4  110.9 -176.5  154.2  -78.1  1.139  100.5  3.771  5.343   66.4   88.4
D  -61.1  -32.7  117.0 -179.4  -68.9    nan  1.163  101.0  3.828  5.471   64.0   82.5
V  -86.2   -9.0  113.1 -177.7   76.1 -160.9  1.094   90.2  3.832  5.329   53.8   72.7
L  -57.9  -36.0  114.9  179.0  -74.3    nan  1.123  102.7  3.863  5.787   99.1  117.8
D  -53.4  -35.0  108.5  179.0  -90.8    nan  0.982  110.0  3.811  5.625   89.0   96.0
S  -71.7  -26.7  113.7 -176.0  -62.5    nan  1.022   96.2  3.811  5.148   67.9   82.8
I -125.8   39.7  113.2 -177.0   70.3  -50.8  1.018   75.8  3.812  4.927   18.6   37.5
K  -52.1  -45.0  115.5 -179.6 -177.5    nan  1.060  101.2  3.812  6.115  164.7  168.0
T -112.6  168.7  113.7 -179.7   69.4  -53.1  1.129  116.7  3.813  4.827    7.2   34.6
K  -61.8  120.5  112.4 -176.9 -173.5    nan  1.045   92.9  3.751  5.023  -60.3  -73.1
G  107.9  -20.0  113.7  178.9    nan    nan    nan   80.9  3.784    nan    nan   31.2
K  -71.8  146.3  108.1 -178.8  -57.9    nan  1.046   84.5  3.837    nan    nan   94.8
S -144.7  159.8  106.5  179.2   37.6    nan  1.081  145.3  3.820  5.623 -178.9  178.0
A -151.8  138.6  112.6 -179.3    nan    nan  1.041  141.3  3.811  5.493 -164.1 -172.2
D  -53.2  137.1  105.5  178.0  -71.2    nan  1.034   72.9  3.813  5.573  -86.2 -103.7
F -152.9   73.3  111.1 -178.1 -156.5    nan  1.096   84.4  3.802  5.571  166.1  162.4
T  -97.4  164.2  111.1  179.1   51.8  -72.8  1.017  102.8  3.812  6.117  159.5  153.8
N   60.4   32.9  115.6  179.1  -55.0    nan  1.144  102.2  3.772  4.710   45.0   35.6
F  -99.9  121.9  106.0  178.7  177.7    nan  1.076  108.7  3.822  6.036  103.0  113.3
D  -99.7  114.0  108.5  179.3 -171.5    nan  1.038  110.8  3.827  5.811 -148.7 -162.3
P  -68.2  -19.0  115.0  177.8  -12.4    nan  1.063  102.9  3.825  5.846 -128.4 -140.4
R  -59.0  -17.5  113.2 -179.3  -68.5    nan  1.090  112.9  3.796  5.631   87.8  108.6
G  -78.4  -13.8  114.0 -179.0    nan    nan    nan   95.8  3.774    nan    nan   91.2
L  -99.8   -5.2  110.4 -177.5  -58.2    nan  1.026   78.4  3.811    nan    nan   74.7
L  -86.0  140.5  116.9 -179.0  -55.4    nan  1.054  103.5  3.842  5.584   78.2   97.2
P  -69.6  169.3  109.8  177.2   31.8    nan  1.010   73.5  3.791  5.459 -105.7 -118.4
E  -66.2  -51.8  111.5  179.0  163.2    nan  1.054   89.2  3.788  5.404  -76.3  -75.2
S  -85.0  145.5  115.9  178.9 -148.7    nan  1.052  100.1  3.791  4.971   36.5   52.4
L -108.6   15.6  112.7  179.3  -77.4    nan  1.087   78.0  3.823  5.660 -145.1 -146.3
D  -61.6  135.4  107.8  175.3  -71.4    nan  1.020   81.4  3.830  6.037  128.1  132.2
Y -143.0  171.2  113.6 -176.5   64.3    nan  1.074  145.7  3.817  5.652  176.5  171.1
W -122.5  144.4  100.3  177.4  -70.1    nan  0.964  121.6  3.778  5.406 -126.5 -134.4
T -142.5  141.6  112.2  179.8 -169.6   69.8  1.151  139.9  3.852  5.604  174.6 -177.0
Y -162.6  158.0  107.5 -178.1   79.0    nan  1.035  156.7  3.791  5.788  171.8  153.2
P  -82.8  116.1  111.0  177.9   -1.2    nan  0.991  105.3  3.830  5.297  -98.1 -106.9
G -139.2 -149.8  113.9 -178.2    nan    nan    nan  121.4  3.748    nan    nan  155.3
S -137.8  179.5  112.9 -177.4   71.7    nan  1.001  138.0  3.800    nan    nan  -93.8
L  -74.8  142.4  104.6  172.6  -70.1    nan  0.973   86.6  3.763  5.057  -77.5  -75.2
T  -89.0    6.9  112.3 -177.2   69.3  -53.9  1.119   93.6  3.839  5.779 -131.7 -123.6
T -138.5  155.1  105.6  177.2   65.3  -57.7  0.978  139.0  3.785  5.377   35.1   50.4
P  -47.2  150.3  111.5 -178.5  -31.7    nan  1.043   62.8  3.822  5.310  -71.0  -73.1
P  -54.2   -0.4  119.4  -16.8   30.6    nan  1.171  125.6  3.157  5.440   74.2   54.6
L   48.8   31.9  114.3  179.2  -66.0    nan  1.002  113.3  3.828  5.527 -128.4 -136.1
L  -57.8  133.6  111.1 -178.2  -61.0    nan  1.060   81.6  3.813  6.012  138.9  156.3
E  -87.5   67.7  109.3 -178.3  -63.1    nan  1.029  108.8  3.822  5.798 -126.6 -137.5
C -124.1    2.6  116.1 -179.5  -32.3    nan  1.021   57.1  3.772  5.893  124.4  125.4
V -100.3  140.4  115.7 -173.2 -169.9  -45.6  1.100  114.2  3.808  5.420   69.7   94.2
T -106.0  103.0  102.1  175.1  -57.6  178.9  1.009  105.0  3.770  5.669 -137.6 -161.0
W  -85.8  139.0  112.1 -179.3  -81.9    nan  1.067  101.1  3.830  6.009 -157.7 -161.7
I -135.0  100.9  107.0  178.3  -51.0 -171.5  1.027  109.7  3.811  5.749 -170.9  175.7
V -106.4  120.3  107.1 -178.9 -161.3  -40.7  1.001  112.7  3.824  6.035  179.6  173.3
L  -68.4  140.5  110.4  178.8  -65.0    nan  1.128   85.5  3.802  5.920 -128.9 -132.7
K  -67.1  -50.2  110.7 -179.4 -175.5    nan  1.015   90.0  3.790  5.582  -89.6 -109.0
E  -78.1  117.8  115.7  180.0 -176.8    nan  1.035  106.2  3.822  4.976   49.1   60.2
P  -80.3  161.9  112.6  178.3   24.0    nan  1.050   87.6  3.762  5.705 -141.3 -150.8
I -107.4  146.4  102.4  177.0   67.9  -54.6  1.049  111.3  3.841  5.684 -130.1 -128.3
S -105.6  147.4  106.9  177.4   75.2    nan  1.042  112.2  3.791  5.676 -136.7 -139.8
V -137.2  158.5  104.8  179.9  -67.0   60.7  1.047  138.2  3.797  5.732 -167.0 -173.9
S  -82.1  158.3  110.2 -179.2   66.7    nan  1.064   89.9  3.783  5.540  -99.3 -101.6
S  -56.0  -38.3  109.3  179.6  164.2    nan  1.067  105.6  3.790  5.230  -71.4  -81.1
E  -70.9  -38.5  111.9 -178.1   20.5    nan  1.094   92.1  3.793  5.293   59.8   78.9
Q  -60.4  -56.1  108.0  177.6  -57.6    nan  1.124   93.0  3.854  5.507   68.3   85.3
V  -55.9  -41.4  112.9  179.0   86.6 -149.7  1.141  102.0  3.808  5.228   56.8   74.9
L  -56.7  -29.4  116.2  178.1  -92.0    nan  1.070  107.3  3.803  5.472   73.0   88.7
K  -73.4  -26.0  112.1 -179.1  -83.7    nan  1.124   95.7  3.796  5.419   59.8   86.1
F  -63.1  -44.1  108.4  178.5  -85.2    nan  1.001   97.4  3.856  5.618   86.1   94.7
R  -69.0   -4.1  118.1 -179.1  -69.5    nan  1.126  109.1  3.787  5.146   53.5   75.5
K  -96.4   -5.5  112.2  179.0  -87.5    nan  1.104   81.5  3.758  5.546   66.9   85.4
L  -68.7  162.0  109.9  178.2  -91.3    nan  1.039   75.7  3.797  5.726   96.0  108.8
N -124.3  142.0  111.8 -179.2  -71.3    nan  1.086  129.3  3.839  5.618 -145.5 -139.8
F  -76.0  -45.1  108.1  176.4  -72.2    nan  1.055   87.5  3.789  5.690 -106.3 -121.5
N  -64.6  160.2  110.9  179.7   62.6    nan  1.030   72.8  3.786  5.194   67.9   76.5
G  -93.8  166.5  105.9  178.8    nan    nan    nan   97.4  3.787    nan    nan -115.3
E  -60.3  124.8  111.5 -180.0 -171.3    nan  1.044   88.8  3.824    nan    nan  -72.7
G  101.4    3.0  114.6  179.9    nan    nan    nan   77.4  3.783    nan    nan   30.2
E -110.8  161.9  108.7 -178.9  -38.8    nan  1.029  115.5  3.802    nan    nan   77.9
P  -52.4  141.8  105.4  179.0  -23.8    nan  0.983   69.6  3.800  5.102  -65.0  -73.0
E  -86.4  118.1  116.0 -177.1 -173.9    nan  1.128  110.9  3.812  5.929 -126.4 -120.7
E -117.0  106.2  106.6 -178.8  179.4    nan  0.982  111.8  3.831  5.843 -162.6  171.1
L  -63.1  139.5  113.8  180.0  -65.4    nan  1.172   83.7  3.848  5.928 -143.6 -138.7
M  -85.5   88.3  110.1 -179.0 -163.6    nan  1.052  110.2  3.776  5.733 -112.1 -130.7
V -139.1  158.6  108.3  177.7  -68.8   58.5  1.026  141.1  3.817  5.901  132.7  123.5
D   53.5   51.0  112.0 -179.8  -64.6    nan  1.120   98.0  3.819  4.753   38.5   23.9
N  -94.3   45.1  109.2  178.2   58.5    nan  1.058  100.3  3.841  6.057  131.4  136.7
W -121.1  152.9  110.9 -179.5   54.7    nan  1.049  126.8  3.796  5.788   91.4  107.2
R -104.1  135.5  108.5 -178.8 -167.9    nan  1.082  112.9  3.776  5.650 -130.9 -134.2
P  -64.3  150.2  109.4  179.7  -16.4    nan  1.032   76.9  3.815  5.594  -99.4 -113.9
A  -61.4  141.4  108.8 -178.9    nan    nan  1.077   78.6  3.803  5.539  -89.3  -94.0
Q -105.3  161.5  109.6 -179.7  -52.9    nan  1.044  110.7  3.817  5.749 -135.7 -147.9
P  -66.4  136.8  109.1  177.4  -11.1    nan  0.967   85.0  3.829  5.194  -78.8  -87.2
L  -73.3  -33.7  109.6 -178.4 -165.7    nan  1.097   93.5  3.765  5.821 -121.4 -119.5
K   44.6   65.7  116.1  177.0  -63.9    nan  1.036   90.6  3.833  5.609 -173.8 -172.7
N   92.2  -38.7  114.3  176.8   86.0    nan  1.155  103.1  3.790  5.068  -27.9  -38.4
R  -47.5  148.7  108.6 -179.9  -72.5    nan  1.042   62.9  3.795  5.564   95.0  100.0
Q -119.9  135.1  110.7  178.2 -164.4    nan  1.030  124.7  3.810  5.622 -147.8 -152.5
I  -97.1  119.7  109.2  179.7  -61.1  177.2  1.070  110.2  3.786  5.754 -141.9 -145.5
K  -98.0  149.9  110.1 -179.3  -60.6    nan  1.070  106.9  3.825  5.860 -153.0 -162.0
A -120.0  143.4  111.0 -179.1    nan    nan  1.032  125.9  3.795  5.655 -144.4 -151.3
S  -92.4   -0.7  108.3 -179.9   72.7    nan  1.100   87.4  3.819  5.782 -132.5 -131.3
F -136.7    nan  115.6 -176.7   62.5    nan  1.089    nan  3.790  5.132   31.9   50.9
