Id   phi    psi    tau  omega    chi    chi2  solid    eta  CA-CA  CB-CB  BA^AB  NA^AC
D    nan  137.7  110.1    nan  -59.7    nan  1.017    nan    nan    nan    nan    nan
I  -85.3  126.4  107.4  178.5  -69.3  168.8  1.005  101.0  3.800  5.763 -123.6 -131.8
V  -90.7  126.7  109.0  179.4 -179.8  -55.9  0.992  105.5  3.789  5.846 -137.9 -147.2
M -106.6  110.6  105.3  177.3  -62.6    nan  0.978  109.7  3.807  5.889 -157.7 -165.9
T -102.0  122.1  117.2 -178.1  -55.2 -176.4  1.091  119.2  3.799  5.981 -170.5 -168.8
Q -113.1   95.4  102.8  176.2  -71.0    nan  0.952  103.9  3.806  5.871 -164.7  178.1
S  -58.6  -27.7  117.2 -177.9   66.1    nan  1.130  106.3  3.835  6.101 -142.8 -141.5
Q  -99.5  111.3  113.4 -179.4  -67.0    nan  1.041  115.1  3.816  5.262   46.2   63.0
K  -74.3  -36.2  111.2  178.6 -103.0    nan  1.030   90.8  3.801  5.947 -137.7 -148.2
F -136.2  151.5  111.4 -179.1  -57.6    nan  1.004  139.0  3.821  4.845   -0.5   16.1
M -146.5  124.9  108.1  177.9  -75.5    nan  0.998  128.1  3.819  5.598 -174.5 -178.8
S  -85.6  137.0  107.6  177.8   64.9    nan  0.984   98.6  3.806  5.848 -135.7 -144.8
T -141.4  172.9  110.3 -178.8   70.4  -49.2  0.980  143.4  3.810  5.715 -179.5  174.4
S -136.2  147.1  105.9  178.2  -58.1    nan  0.982  135.1  3.808  5.451 -145.9 -141.9
V  -55.7  129.2  104.5  177.3  167.7  -68.6  0.951   78.7  3.797  5.393  -78.7  -94.4
G  104.9  -19.1  114.2 -178.7    nan    nan    nan   83.5  3.794    nan    nan   41.3
D  -74.3  156.3  114.4 -179.1  -72.0    nan  1.014   85.0  3.826    nan    nan   94.7
R  -99.5  124.8  100.5  175.3  172.7    nan  0.913  103.9  3.757  5.421 -121.1 -128.6
V -124.0  138.9  112.9 -178.7    4.0  130.0  1.135  129.3  3.799  5.878  171.3 -175.6
S -124.8  136.9  108.6 -178.9  -68.4    nan  1.011  126.6  3.782  5.774 -156.3 -168.0
I -122.6  128.4  107.7 -179.7  -59.3  177.2  1.003  122.4  3.790  5.799 -162.1 -168.4
T  -98.9  154.5  115.8 -177.7   62.3  -58.8  1.087  109.0  3.796  5.882 -148.0 -148.9
C -149.7  127.7  106.4 -180.0  170.3    nan  0.973  129.9  3.761  5.439 -168.8  179.9
K -118.1  134.2  109.8 -178.4  172.7    nan  1.024  122.8  3.790  5.852 -169.9 -170.4
A  -99.1  146.2  107.2  179.3    nan    nan  0.991  107.1  3.824  5.861 -140.5 -148.2
S  -80.5  -10.6  112.7 -179.5   55.6    nan  1.068   95.3  3.801  5.667 -113.6 -113.5
Q -139.4  161.9  108.5 -178.8  -73.5    nan  0.986  141.8  3.833  5.109   21.9   35.6
N  -67.3  114.7  109.4  179.0  174.4    nan  1.010   96.8  3.811  5.373  -82.8  -85.4
V -109.7    8.8  113.6  179.1  -69.6   52.6  1.107   74.0  3.821  6.029 -179.2 -175.8
G   66.4 -127.4  109.4  179.9    nan    nan    nan   89.9  3.805    nan    nan -109.6
T -116.4   16.5  106.6  176.7   54.0  -66.0  0.986   69.3  3.793    nan    nan  -52.8
A  -78.1   63.9  111.8 -177.7    nan    nan  1.055  114.7  3.812  5.847  105.3  124.4
V -135.5  145.5  110.8 -179.4  169.3  -68.8  1.050  136.8  3.802  5.821  104.4  108.2
A -130.5  154.7  108.2  179.1    nan    nan  0.995  133.5  3.791  5.718 -160.9 -167.4
W -120.9  137.9  109.2  178.4  -73.9    nan  1.012  124.7  3.812  5.657 -146.3 -146.6
Y -122.8  148.4  111.9 -180.0  -61.7    nan  1.002  128.7  3.789  5.711 -159.6 -166.3
Q -111.7  135.9  108.8  176.3  175.2    nan  0.984  118.3  3.796  5.621 -142.5 -147.2
Q -139.6  136.2  114.1  177.5 -173.8    nan  1.096  137.1  3.780  5.659  170.3  175.0
K -115.7  158.1  106.8  178.4  -70.9    nan  0.991  120.0  3.805  5.696 -153.1 -165.6
P  -55.1  126.9  113.4 -167.5  -30.3    nan  0.972   85.3  3.876  5.348  -61.4  -69.2
G   65.7   12.3  117.2  179.6    nan    nan    nan  108.2  3.828    nan    nan   -2.7
Q -117.1  161.5  111.5  179.9  -60.7    nan  1.047  122.4  3.843    nan    nan   80.0
S  -63.8  136.8  107.1 -179.7  -51.1    nan  0.936   81.9  3.822  5.244  -68.6  -83.7
P  -55.7  160.2  111.0  162.5  -27.8    nan  0.978   64.5  3.792  5.439 -104.7 -111.8
K -137.1  139.0  111.9 -179.7  -49.3    nan  1.021  136.0  3.824  5.672 -159.5 -156.0
L  -72.9  124.6  111.0  179.6 -179.5    nan  1.083   96.6  3.786  5.664 -113.8 -117.7
M -110.8  -50.5  112.3 -178.8  -58.3    nan  1.045   60.0  3.783  5.902 -159.8 -166.9
I -130.8  146.6  107.8 -177.8  -63.7  174.5  0.967  132.3  3.786  4.713   -5.5    9.0
Y -142.6  161.5  105.4  176.5   66.8    nan  1.020  143.5  3.810  5.704  177.7 -179.2
S   56.6   35.5  109.1 -179.0  -67.3    nan  1.053  106.8  3.838  4.877   49.8   32.1
A   64.0  -31.8  119.2 -178.9    nan    nan  1.183  127.1  3.838  5.582  -86.7  -87.3
S -137.2    4.1  118.0 -176.7   59.1    nan  1.114   44.8  3.819  4.853    4.7   24.6
N  -97.1  133.7  112.5  179.9  -65.8    nan  1.068  111.0  3.798  5.621   75.2   93.2
R  -82.4  131.4  107.6 -179.6 -165.7    nan  0.948   97.9  3.796  5.688 -115.7 -133.9
Y  -73.0  153.8  108.3  177.6 -172.7    nan  1.039   82.5  3.800  5.809 -124.3 -126.0
T  -49.0  136.9  111.9 -179.5  -31.6 -152.1  1.010   73.4  3.822  5.404  -61.7  -76.9
G   79.2  -16.9  118.7  177.7    nan    nan    nan  108.5  3.795    nan    nan   18.7
V  -75.8  140.2  110.1  179.0    2.4  130.2  1.138   91.4  3.784    nan    nan   93.7
P  -63.7  155.1  110.8 -169.8  -32.4    nan  0.951   74.4  3.790  5.476  -79.8  -99.9
D  -67.4   -6.5  115.0 -178.2  -63.1    nan  1.126  109.7  3.775  5.627  -99.1  -90.9
R  -78.7   -8.5  113.5  179.7   66.8    nan  1.128   97.8  3.833  5.720   81.9  101.7
F  -97.1  130.3  109.9  176.4  -74.0    nan  0.997  109.7  3.814  5.648   66.1   78.4
T -141.1  165.0  105.6  176.6   54.3  -66.3  0.993  142.7  3.837  5.844  167.9  164.1
G -143.4  157.6  107.1  178.9    nan    nan    nan  144.0  3.770    nan    nan -156.9
S -153.7  173.1  109.9  179.7   61.8    nan  1.014  155.3  3.759    nan    nan -176.7
G  113.6  173.0  111.2  177.7    nan    nan    nan  110.9  3.765    nan    nan   97.6
S -176.7  166.3  105.6 -180.0   70.6    nan  0.956  166.8  3.776    nan    nan  174.9
G   74.0  -96.3  111.4 -180.0    nan    nan    nan  108.5  3.777    nan    nan   52.7
T -129.2  -11.3  114.9 -178.3   48.8  -69.1  1.067   46.8  3.785    nan    nan  -29.2
D -116.4  122.4  110.6 -179.1  -63.8    nan  1.030  120.3  3.805  5.209   40.8   60.5
F -129.7  152.9  111.1 -178.6  -57.5    nan  1.021  134.0  3.831  5.850  178.5  169.5
T -144.1  132.3  114.3 -178.5  -59.1 -178.7  1.044  136.3  3.793  5.573 -168.1 -171.8
L -102.8  128.2  104.3  176.1  168.0    nan  0.941  109.0  3.818  5.810 -145.2 -158.4
T -120.3  130.7  113.1 -180.0  -57.3 -177.5  1.057  125.8  3.818  5.886 -174.6 -170.9
I -111.5  118.0  104.8  176.2  -48.2 -169.9  0.976  112.4  3.777  5.868 -156.6 -167.6
S  -93.5  142.6  103.7  177.9  -63.8    nan  0.930  101.1  3.791  5.901 -148.2 -159.5
N   48.9   61.8  112.6  179.3 -162.4    nan  1.052   93.2  3.784  4.753   17.8    2.5
M  -52.5  141.5  114.4 -179.0 -152.3    nan  1.077   74.2  3.797  6.144 -169.3 -170.8
Q -116.2  162.9  110.0 -179.6  -59.4    nan  1.028  120.8  3.805  5.670 -151.0 -157.5
S  -54.4  -40.6  113.3 -178.1  -41.4    nan  1.052  103.5  3.814  5.354  -64.3  -69.6
E  -64.0  -17.5  113.9 -179.2   71.2    nan  1.107  108.0  3.810  5.289   65.4   84.7
D  -75.8   -7.6  115.1  178.7  -64.8    nan  1.075  100.9  3.812  5.598   77.4   92.9
L  -72.2  112.1  106.4  178.3  -67.0    nan  0.987   97.7  3.768  5.669   94.2  103.3
A -175.0 -178.5  110.4 -177.7    nan    nan  1.002  174.3  3.821  5.529  123.9  111.8
D  -91.9  144.7  108.1  176.4  -68.4    nan  1.006  101.9  3.806  5.255  -92.9  -86.7
Y -128.6  140.3  110.2  177.7  -66.1    nan  1.025  130.7  3.802  5.699 -163.2 -165.9
F -145.7  142.4  112.8  177.4   56.3    nan  1.139  142.0  3.780  5.612  166.9  172.9
C  -92.7  166.4  107.4 -179.4   53.9    nan  0.984   96.7  3.764  5.624 -116.7 -133.9
Q -153.6  140.2  107.0  179.4  172.9    nan  0.954  140.5  3.780  5.453 -164.1 -167.6
Q -104.9  147.6  105.2  175.5   59.3    nan  0.958  110.7  3.814  5.798 -145.6 -148.1
Y -134.1   32.7  107.3  176.3   47.7    nan  1.058   62.0  3.795  5.644 -173.8 -168.6
S  -68.4  -41.8  107.7 -179.5 -164.1    nan  0.997   94.9  3.767  6.103  140.7  146.6
S -163.7  170.9  109.0 -179.1   51.7    nan  0.989  164.2  3.823  4.739  -34.1  -20.5
Y  -87.6  153.3  113.4 -178.2  -73.0    nan  1.072   98.0  3.759  5.287  -98.2  -91.6
P  -75.9  148.1  112.5   -4.9   34.0    nan  0.967   89.4  2.823  4.546   61.0   28.3
L  -63.1  139.4  105.7  178.0  -54.4    nan  0.974   79.3  3.847  5.666  -93.6 -100.0
T -134.2  154.0  112.3 -178.8   49.3  -70.4  1.083  138.2  3.826  5.805 -177.9 -173.6
F -122.0  155.8  113.3 -177.4  -61.7    nan  1.020  128.4  3.817  5.615 -139.1 -146.9
G  -77.2  165.4  105.4  174.2    nan    nan    nan   81.4  3.787    nan    nan -106.7
A  -81.2   -1.4  114.4 -178.2    nan    nan  1.101   98.2  3.828    nan    nan  -90.7
G   92.5  150.5  116.5  177.1    nan    nan    nan   79.6  3.805    nan    nan  -98.8
T -130.7  125.7  104.8  178.2  -66.2  171.4  0.962  122.6  3.829    nan    nan -166.4
K -101.4  124.3  112.1  179.6 -179.0    nan  1.068  114.6  3.815  5.966 -158.0 -155.1
L  -84.7  123.3  108.8  178.4 -101.2    nan  1.035  102.6  3.816  5.850 -134.7 -146.8
E -120.6  165.7  111.4 -178.1  -66.9    nan  1.061  124.8  3.802  5.871 -174.2 -178.4
L  -92.6  140.0  113.3 -176.5 -154.7    nan  1.075  106.8  3.766  5.409 -103.8 -102.5
K  -93.8  141.6  110.3 -179.9 -112.9    nan  1.020  105.5  3.794  5.715 -126.6 -137.0
R -149.3 -175.0  106.5  176.3   50.6    nan  1.011  147.6  3.810  5.675  172.1  166.3
A  -71.8  143.2  111.4  179.2    nan    nan  1.010   87.5  3.814  5.045  -62.7  -61.5
D  -60.0  143.2  108.6  177.5  -64.6    nan  1.012   76.4  3.834  5.613  -90.8 -101.8
A -139.0  136.1  105.6  179.6    nan    nan  0.978  131.8  3.793  5.653 -172.4 -178.7
A  -81.8  140.7  110.4 -179.6    nan    nan  1.025   96.2  3.802  5.773 -122.1 -126.6
P  -73.2  150.9  112.3 -175.9   32.2    nan  0.958   85.7  3.805  5.592 -102.3 -110.4
T  -96.3  112.1  104.5  177.2  -63.5  176.0  0.971  105.8  3.802  5.717 -128.5 -130.2
V -100.7  137.7  113.2 -176.4 -169.5  -46.8  1.075  113.5  3.828  6.030 -167.4 -165.9
S -143.7  137.3  106.8  179.4  -55.1    nan  0.959  135.1  3.800  5.717 -177.4  168.7
I -120.6  145.3  107.5  179.1 -168.2   68.1  1.014  124.5  3.777  5.771 -165.3 -165.1
F -132.8  131.1  109.9 -179.5  -58.9    nan  1.013  129.4  3.822  5.711 -163.5 -168.9
P  -67.9  165.0  109.1  172.5  -17.0    nan  0.916   73.5  3.826  5.612 -108.7 -125.7
P  -53.7  140.7  111.7  164.0  -30.9    nan  0.933   74.4  3.830  5.112  -74.9  -76.8
S  -79.5  150.1  105.3  177.6   63.3    nan  0.954   88.4  3.815  5.789 -119.9 -123.9
S  -55.4  -34.5  108.8  179.8   60.5    nan  0.995  108.5  3.808  5.415  -78.7  -87.5
E  -63.1  -46.2  112.2  179.7  -50.0    nan  1.037   94.0  3.814  5.324   72.8   88.4
Q  -64.4  -36.0  107.6  178.4  178.7    nan  1.013  100.9  3.790  5.319   63.2   75.6
L  -63.8  -36.3  112.6 -178.8  -73.8    nan  1.121   98.7  3.775  5.337   66.7   87.7
T  -65.1  -13.1  108.9  178.0   70.7  -51.2  1.031  110.1  3.819  5.622   74.8   83.9
S  -92.0   -9.0  112.9  179.7  -78.6    nan  1.056   84.5  3.821  5.462   63.8   81.4
G   90.2    3.2  114.8  179.3    nan    nan    nan   88.4  3.771    nan    nan -106.1
G -117.9  163.9  110.3  178.8    nan    nan    nan  122.3  3.812    nan    nan   70.5
A -148.8  106.2  112.6 -179.1    nan    nan  1.059  115.4  3.824    nan    nan -163.2
S -107.5  130.8  108.3  179.8  -64.3    nan  1.008  115.0  3.807  6.018 -177.2  175.4
V -111.4  115.2  104.3  179.0 -160.8  -38.4  0.954  111.3  3.807  5.857 -154.8 -164.5
V -110.1  142.3  115.7 -177.1    8.9  136.6  1.205  121.4  3.771  5.928  174.2 -170.2
C -129.8  128.0  108.7 -179.1 -171.5    nan  0.965  126.0  3.748  5.608 -149.3 -173.0
F -106.0  139.7  107.5  178.1  -65.6    nan  0.951  113.4  3.791  5.847 -154.2 -162.2
L -129.1   90.7  102.2  177.5  -66.5    nan  0.946   99.8  3.829  5.752 -170.1 -174.3
N -101.3  151.6  120.1 -175.5  -58.9    nan  1.130  114.0  3.792  6.044  166.7  176.6
N   48.7   60.0  117.2  176.5  -50.7    nan  1.146   91.8  3.769  4.566   26.9    3.3
F -118.2  166.4  112.3  179.3   61.0    nan  1.069  122.5  3.794  5.897  120.7  121.8
Y -162.1  136.0  105.8  178.5 -173.7    nan  0.972  137.9  3.799  5.452 -170.9 -177.7
P  -74.2  179.2  113.2    1.0   32.4    nan  0.991   74.5  2.981  5.078   66.0   40.2
K  -69.6  -25.6  116.8 -178.0   58.8    nan  1.166   97.5  3.816  5.388  -79.7  -63.3
D  -57.6  119.4  110.6  179.2  -52.4    nan  1.037   89.7  3.795  5.644   95.4  102.6
I -158.4  154.8  111.1 -178.8 -164.3   74.4  1.032  153.8  3.796  5.693  146.1  136.2
N -133.8  134.0  110.9  178.0 -111.3    nan  1.078  131.8  3.777  5.594 -163.6 -159.5
V -116.3  135.5  107.2  179.9 -173.3  -52.2  0.988  120.1  3.778  5.832 -153.3 -166.0
K -129.1  138.5  109.1  178.7 -176.2    nan  0.997  129.8  3.771  5.720 -170.9 -176.1
W -109.6  144.4  109.6  177.9  -78.6    nan  1.006  117.2  3.797  5.773 -149.8 -153.8
K -135.4  128.6  108.6  179.0  -83.0    nan  0.994  128.3  3.794  5.679 -168.4 -174.0
I -112.8  114.2  102.7  177.4  -54.4 -174.0  0.949  110.1  3.786  5.847 -161.7 -169.5
D   58.1   40.3  110.3 -177.5  -84.1    nan  1.089  102.3  3.810  5.094    0.6  -15.2
G   76.3    7.7  116.2 -180.0    nan    nan    nan  100.2  3.811    nan    nan  -72.4
S -112.5  130.8  112.3 -178.9  171.4    nan  1.048  121.0  3.782    nan    nan   82.1
E  -55.6  128.5  113.1 -179.8 -170.6    nan  1.068   84.3  3.792  5.669  -97.7 -109.8
R -110.8  114.9  107.1  179.6  179.4    nan  1.006  113.5  3.824  5.884 -156.5 -167.8
Q  -90.6  -49.4  113.2 -179.2  -68.9    nan  1.056   72.2  3.772  5.902 -151.7 -157.1
N  -79.1  144.9  118.7 -178.5  -44.7    nan  1.107   96.7  3.829  5.079   41.1   64.1
G   91.0   -5.9  117.4  177.7    nan    nan    nan   91.7  3.771    nan    nan   36.6
V  -95.4  136.8  112.1  179.1   -1.4  124.8  1.142  108.9  3.787    nan    nan   85.7
L -123.4  130.7  107.3  179.8 -110.8    nan  0.983  123.2  3.805  5.765 -153.8 -171.3
N -110.6  141.3  111.4 -179.5  -63.6    nan  1.029  119.2  3.805  5.850 -158.9 -160.1
S -136.6  134.9  108.8  178.7 -177.3    nan  1.039  132.1  3.798  5.690 -177.3 -177.6
A -122.7  141.3  113.9 -177.3    nan    nan  1.073  129.4  3.793  5.756 -164.5 -166.9
T  -87.0  158.1  106.4  177.9   55.0  -66.2  0.991   93.2  3.815  5.766 -118.8 -131.2
D  -72.9  160.0  106.1  178.0  -76.3    nan  0.949   79.3  3.808  5.428  -86.8  -96.2
Q  -53.1  130.1  109.7  178.2  176.9    nan  1.011   79.6  3.812  5.327  -69.0  -74.1
D  -57.2  129.4  112.9 -179.7 -156.4    nan  1.077   84.8  3.813  5.710 -102.0 -110.6
S  -67.4  -22.2  113.0 -179.1   62.2    nan  1.054  102.6  3.792  5.724 -108.4 -121.8
K  -98.7  -56.1  113.3 -179.0 -166.4    nan  1.072   65.9  3.789  5.227   46.8   68.3
D  -97.8    5.3  116.8 -178.4   72.7    nan  1.197   84.6  3.843  4.961    8.1   40.9
S   51.6   20.9  116.7 -179.3  -51.6    nan  1.157  117.0  3.829  5.759 -124.7 -127.3
T  -95.9  173.5  110.3  176.4   66.0  -55.4  1.017   98.1  3.859  6.028  102.1  106.3
Y -122.2  159.0  106.5  178.2  -59.5    nan  0.961  125.7  3.810  5.320 -125.9 -126.9
S -142.1  158.3  106.5  178.9  -71.3    nan  1.023  143.0  3.787  5.532 -167.5 -163.6
M -152.5  151.0  112.3 -177.3  163.6    nan  1.015  149.4  3.785  5.517 -168.3 -172.9
S -123.3  141.3  105.6  176.9   71.7    nan  0.981  124.7  3.800  5.704 -153.3 -155.6
S -132.5  123.1  104.4  178.3 -174.9    nan  0.971  121.5  3.777  5.724 -169.2 -174.0
T -131.2  130.7  113.5 -179.9  137.2   13.8  1.197  131.1  3.760  5.811  160.6  173.3
L  -97.5  120.5  107.2  179.4  174.5    nan  0.976  108.5  3.758  5.766 -128.0 -153.8
T -112.2  121.7  110.9  179.8  -53.3 -173.0  1.045  118.7  3.787  5.907 -173.4 -172.1
L -129.4  179.6  106.6 -179.9  -43.8    nan  0.939  129.5  3.803  5.838 -177.3  167.3
T  -92.7  167.0  103.9  177.3   54.4  -67.4  0.937   95.7  3.796  5.279  -93.1  -90.7
K  -62.6  -36.7  110.7 -179.3 -175.4    nan  1.062  100.4  3.777  5.302  -76.2  -72.7
D  -67.7  -42.9  113.4 -179.7  -67.8    nan  1.079   91.6  3.798  5.362   66.5   83.6
E  -63.9  -51.1  107.5  178.5  165.6    nan  1.017   93.8  3.798  5.346   66.9   79.3
Y  -57.5  -40.1  112.9  179.2  169.2    nan  1.046  101.5  3.822  5.303   64.8   78.0
E  -78.7    4.3  116.4 -178.3  -69.8    nan  1.162  103.2  3.809  5.187   45.8   73.1
R -100.3   10.0  109.9  178.0  -82.3    nan  1.048   83.2  3.795  5.695   75.1   87.9
H -136.9  163.7  113.1  179.9  -67.9    nan  1.096  140.9  3.819  5.290   36.4   58.3
N -110.9  -58.3  114.2 -177.8  -69.6    nan  1.071   59.1  3.803  5.491 -123.3 -123.6
S  -92.9  126.9  116.2 -178.1 -165.2    nan  1.093  112.5  3.792  4.825   20.1   43.1
Y -121.2  131.3  106.9  177.1  -70.7    nan  1.020  122.0  3.836  5.841 -171.7  177.3
T -135.8  132.7  116.1 -176.9  -58.1 -177.9  1.067  135.4  3.789  5.749 -180.0  177.4
C -110.6  116.5  105.5  178.4  176.9    nan  0.964  112.4  3.789  5.742 -152.0 -165.8
E -118.8  123.7  113.8 -178.7  -67.2    nan  1.044  124.1  3.814  5.931  178.4  179.1
A -111.7  124.3  113.4 -179.5    nan    nan  1.066  120.9  3.766  5.777 -166.8 -170.6
T -110.1  123.2  106.9  176.8  163.4   40.2  1.070  114.7  3.787  5.901 -168.6 -172.5
H -141.0  150.8  107.0 -177.6 -168.7    nan  0.957  140.2  3.824  5.845  176.3  159.1
K  -56.9  -15.7  113.7 -179.1   79.4    nan  1.077  115.8  3.847  5.628  -85.1  -85.4
T  -75.2    6.0  115.0 -179.5   51.0  -70.8  1.111  107.2  3.814  5.583   78.1   97.1
S -166.2  143.2  108.9  177.2   74.7    nan  1.047  145.5  3.792  5.039    9.4   20.1
T  -81.6  -31.0  109.4  177.3   46.2  -72.8  1.039   87.5  3.794  5.669 -114.6 -121.9
S  -94.0  108.6  106.0  177.1  -73.8    nan  0.968  106.4  3.847  5.369   45.6   59.1
P  -49.4  151.7  111.2  178.3   22.6    nan  0.973   63.7  3.834  5.823 -113.9 -124.4
I  -83.6  123.0  106.0  178.9  -57.2 -177.7  0.995   99.8  3.801  5.742 -112.8 -114.2
V -115.0  129.3  111.4 -177.3  179.3  -57.6  1.036  121.6  3.793  5.908 -167.7 -171.0
K -129.4  137.9  107.5  178.7  -69.1    nan  1.012  128.8  3.806  5.855 -178.0  175.4
S -159.9  174.5  113.6 -179.7   61.2    nan  1.054  161.4  3.781  5.557  160.3  156.0
F -152.4  160.7  108.0  177.9   63.4    nan  1.021  152.1  3.777  5.372 -159.0 -156.8
N -115.8  129.1  105.2  177.1  -68.4    nan  0.982  117.3  3.770  5.512 -135.0 -135.8
R  -57.1  -41.0  114.1 -178.7 -165.3    nan  1.089  100.7  3.798  5.724 -103.5 -109.9
N  -66.6  -17.0  117.1 -179.3   50.0    nan  1.163  104.9  3.836  5.377   59.1   82.9
E  -89.0  -58.6  104.6  178.0  -23.6    nan  0.946   78.1  3.827  5.659   73.5   78.2
C  -84.7    nan  111.0 -179.9   70.4    nan  1.054    nan  3.789  4.787   25.1   44.4
