Id   phi    psi    tau  omega    chi    chi2  solid    eta  CA-CA  CB-CB  BA^AB  NA^AC
E    nan  175.2  111.1    nan  -89.1    nan  1.039    nan    nan    nan    nan    nan
V  -61.9  126.0  104.7  178.0  175.7  -60.1  0.933   84.5  3.807  5.098  -56.4  -66.4
Q -148.4  142.6  115.5  180.0 -172.5    nan  1.096  144.4  3.787  5.649  152.3  157.4
L -114.4  115.9  105.2  177.8 -109.6    nan  0.964  113.3  3.814  5.694 -144.2 -159.0
Q -109.4  118.1  110.5 -178.3  175.3    nan  1.010  116.6  3.806  5.917 -170.6 -173.5
Q  -98.7  156.8  114.1 -179.7  -54.8    nan  1.080  107.3  3.820  5.980 -161.4 -161.7
S  -69.3  162.4  112.7 -178.7   51.6    nan  1.099   76.8  3.799  5.417  -90.4  -92.7
G  -68.0  166.1  116.5 -178.3    nan    nan    nan   74.7  3.837    nan    nan  -82.7
A  -59.1  144.6  113.7 -179.5    nan    nan  1.062   77.3  3.826    nan    nan  -73.0
E -125.1  138.3  111.0 -179.0  -47.6    nan  0.983  128.6  3.801  5.664 -152.8 -162.2
V -113.0  110.8  101.5  175.0  174.6  -65.2  0.943  108.1  3.799  5.786 -155.1 -162.0
V -121.9  157.3  114.3 -177.5  -48.3   72.9  1.058  128.5  3.814  5.942  169.9  172.9
R  -83.1  142.1  112.3  179.6  -63.8    nan  1.026   97.8  3.798  5.406 -100.9 -106.4
S  -55.7  140.0  109.6  178.5  -63.4    nan  1.012   75.3  3.800  5.489  -85.9  -99.3
G   92.0  -18.9  113.0 -179.3    nan    nan    nan   95.3  3.828    nan    nan   38.8
A  -82.7 -169.1  112.6  179.8    nan    nan  1.079   78.7  3.768    nan    nan   86.0
S -133.3  158.9  108.9 -179.6  -57.3    nan  0.983  136.4  3.777  5.163 -118.5 -114.6
V -148.1  144.5  108.7  178.6   72.0 -162.9  1.037  142.1  3.768  5.530 -173.3 -169.8
K -121.0  117.5  111.1 -180.0 -171.8    nan  1.048  120.7  3.784  5.709 -155.3 -156.2
L  -95.2  146.0  112.2 -178.4  -76.7    nan  1.006  106.6  3.823  5.941 -147.4 -160.7
S -118.4  155.1  112.1  179.5   68.2    nan  1.087  124.8  3.801  5.684 -157.9 -152.8
C -144.4  109.6  104.3 -179.1  169.8    nan  0.929  114.0  3.782  5.521 -159.3 -172.0
T -105.4  127.1  115.2 -178.1  -49.0 -168.7  1.075  119.2  3.793  5.959 -179.3 -173.2
A  -90.2  137.8  114.2  178.4    nan    nan  1.075  106.1  3.788  5.782 -140.2 -148.2
S -135.9  151.7  106.9  176.7   68.7    nan  1.005  136.7  3.783  5.660 -175.6  175.4
G   79.7   -5.7  112.7 -179.5    nan    nan    nan  102.4  3.772    nan    nan   40.9
F -161.7  172.9  109.4  179.3   80.8    nan  1.091  162.7  3.802    nan    nan   15.4
N -113.8  133.5  109.7 -178.7  -65.6    nan  1.015  120.1  3.823  5.426 -114.9 -116.4
I  -76.0  -15.3  116.2 -178.5   69.7  -50.6  1.117   96.9  3.803  5.822 -120.9 -123.0
K  -47.3  -44.1  117.5 -177.0 -175.0    nan  1.133  104.5  3.805  5.739  112.4  125.8
D  -96.2   24.8  114.2 -177.9  -63.2    nan  1.118   94.2  3.806  5.054   28.1   53.7
Y -124.6  166.3  108.8  178.2  -71.4    nan  0.966  127.9  3.777  5.675   75.3   82.1
Y -107.5  132.8   99.4  172.9  -87.5    nan  0.892  108.6  3.764  5.426 -121.2 -124.8
I -101.8  120.6  105.9 -179.6  -61.9  171.7  1.004  109.5  3.796  5.842 -151.4 -147.8
H -111.2  157.1  111.0 -179.2  -53.4    nan  1.022  117.5  3.807  5.965 -167.3 -169.3
W -124.9  139.4  106.1  178.1  -72.0    nan  0.982  125.6  3.746  5.537 -147.3 -148.7
V -137.4  138.1  108.8  178.8   -7.4  118.3  1.108  133.9  3.798  5.777  175.0 -179.7
K  -99.7  144.8  112.3 -177.0  177.6    nan  1.016  110.7  3.815  5.745 -127.8 -142.0
Q -134.6  106.6  110.5  177.7  179.7    nan  1.067  116.0  3.791  5.723 -175.1 -172.3
R  -82.7  151.1  109.1  179.6  -55.6    nan  1.005   92.7  3.771  5.960 -146.0 -160.2
P  -53.1  130.3  107.8  178.4  -30.7    nan  0.914   78.4  3.824  5.187  -71.8  -86.7
E   62.8   26.0  112.6  179.4  -40.3    nan  1.058  105.2  3.820  4.962   15.2    0.6
K -140.8  160.9  112.5 -179.3  -62.3    nan  1.079  144.2  3.805  5.390   53.0   69.6
G  -78.9  163.5  114.9 -179.8    nan    nan    nan   86.2  3.770    nan    nan  -96.2
L  -64.4  136.5  111.6  179.0  -64.9    nan  1.010   85.1  3.782    nan    nan  -82.2
E -127.0  126.4  109.9  176.3   54.4    nan  1.107  125.1  3.809  5.797 -179.0 -175.0
W  -67.6  136.7  110.9 -178.6 -174.7    nan  1.027   87.1  3.794  5.706 -107.5 -125.3
I -100.2  -42.7  110.4  180.0  -59.5  179.8  1.034   68.7  3.826  5.896 -141.4 -145.5
G  154.7 -170.2  110.5  178.9    nan    nan    nan  156.4  3.817    nan    nan  -68.9
W -139.9  166.7  112.0 -179.5   58.2    nan  1.036  143.2  3.814    nan    nan -122.1
I -134.7  145.2  104.9  177.6  179.9   59.6  0.978  133.0  3.807  5.522 -147.3 -148.6
D -105.8   99.2  103.9  178.2  173.0    nan  0.948  105.7  3.822  5.745 -137.0 -142.6
P  -63.4  -14.8  110.6 -165.4  -27.3    nan  0.924  110.6  3.833  6.002 -130.5 -133.8
E  -73.1  -39.5  112.6 -178.8  179.1    nan  1.070   89.5  3.780  5.426   71.0   99.2
I -117.0   -9.2  113.2 -178.4   62.9  -60.0  1.082   59.7  3.778  4.944   11.0   35.4
G   86.0   -5.8  114.2 -179.2    nan    nan    nan   96.4  3.728    nan    nan -109.1
D  -61.1  135.3  111.1  178.2  -85.4    nan  1.012   83.0  3.820    nan    nan  116.3
T -129.1  155.8  109.9  179.8   66.7  -53.4  0.996  133.1  3.814  5.811 -169.6 -177.1
E -140.1  121.7  107.5  177.5 -166.9    nan  1.006  124.6  3.790  5.555 -165.9 -166.0
Y -111.0  148.1  112.0  179.8  -54.9    nan  1.016  119.3  3.804  5.889 -164.4 -170.4
V  -83.1  151.2  103.2  177.3   70.3 -167.8  0.950   90.2  3.798  5.596 -110.5 -119.9
P  -58.2  -28.4  116.8 -167.4  -32.0    nan  1.011  106.4  3.891  5.504  -74.2  -76.7
K  -68.0  -19.1  112.5 -178.7 -176.7    nan  1.041  103.8  3.813  5.337   69.8   92.4
F -113.3   13.6  115.9 -178.7  -61.3    nan  1.121   73.1  3.817  5.162   29.3   58.0
Q  -70.3  119.4  109.1  178.1 -106.8    nan  1.009   95.9  3.816  6.013  120.5  124.8
G   86.0   -0.4  112.0  179.8    nan    nan    nan   94.1  3.781    nan    nan   11.3
K -103.8  -50.8  107.1  178.7  169.3    nan  0.989   68.1  3.785    nan    nan   79.8
A -112.0  145.2  113.9 -178.8    nan    nan  1.075  121.5  3.802  4.818    3.1   27.7
T -135.8  115.2  107.8  178.3  -61.5  179.0  1.008  119.9  3.779  5.658 -166.9 -175.6
M -101.3  139.6  111.0 -180.0  -56.6    nan  1.014  112.1  3.786  5.957 -161.3 -167.0
T -138.1  165.0  106.0  177.2   56.9  -65.4  0.993  140.0  3.790  5.712 -176.9  175.1
A -152.6  165.6  109.3  180.0    nan    nan  1.021  153.9  3.770  5.439 -167.1 -166.9
D -151.3  107.3  106.7  179.6  177.6    nan  0.983  113.1  3.773  5.444 -163.6 -166.1
T  -68.4  -25.4  116.7 -177.8   56.6  -64.7  1.158   98.8  3.798  6.059 -143.5 -139.9
S  -71.6  -33.6  113.2  178.6  -81.6    nan  1.123   93.2  3.805  5.634   74.6   90.4
S  -99.2   -1.3  109.3  178.9   69.3    nan  1.033   80.3  3.797  5.282   39.3   55.5
N   54.1   47.8  112.2 -178.7  -96.3    nan  1.043   99.6  3.810  5.562 -129.6 -129.8
T -132.5  136.3  112.1 -179.6  -54.6 -173.9  1.062  132.9  3.811  5.680   86.7   98.0
A -116.0  145.8  105.5  178.9    nan    nan  0.989  119.9  3.797  5.768 -154.6 -165.1
Y -125.3  149.2  113.6 -178.2  -58.0    nan  1.036  131.5  3.811  5.727 -155.4 -158.4
L -127.8  114.7  107.6  177.1  178.6    nan  0.989  118.2  3.802  5.644 -156.7 -163.4
Q -101.1  129.2  108.8  178.5  -64.8    nan  0.965  111.5  3.794  5.940 -159.2 -169.7
L -120.0  119.1  107.5  179.8  -63.5    nan  1.013  118.1  3.784  5.741 -172.8 -173.2
S -112.8  167.7  113.3 -177.8   56.6    nan  1.062  117.1  3.786  5.896 -172.4 -171.7
S   44.5   55.3  109.1 -178.5  -50.8    nan  1.018  102.6  3.814  4.725   45.0   27.0
L  -66.8  147.1  114.9 -176.8  -68.8    nan  1.104   83.1  3.814  6.170  162.4  172.8
T -134.7  171.4  108.2  179.1   51.6  -70.2  0.968  136.8  3.826  5.719 -156.8 -172.9
S  -51.9  -38.8  111.8  178.6  -66.5    nan  1.031  107.3  3.810  4.997  -57.3  -59.8
E  -64.8  -15.3  115.0 -179.0  -50.1    nan  1.109  108.1  3.827  5.320   65.1   85.3
D  -85.3   -6.4  112.1  178.4  -62.8    nan  1.097   92.3  3.795  5.551   66.7   86.0
T  -62.9  120.6  106.7  177.8  -66.5  172.9  0.993   89.4  3.802  5.859  106.7  112.7
A -178.9  174.4  110.5 -178.0    nan    nan  1.005  174.7  3.819  5.525  129.7  115.0
V  -99.6  130.0  102.6  177.6  170.6  -69.2  0.968  105.8  3.769  5.325 -106.6 -104.0
Y -111.7  128.4  110.5 -178.8  -68.2    nan  1.018  119.0  3.832  5.913 -157.9 -160.8
Y -115.7  144.6  111.3 -178.6  -65.5    nan  0.974  122.9  3.769  5.801 -158.0 -169.8
C -112.8  149.8  100.0  172.4   57.9    nan  0.910  114.6  3.746  5.628 -150.5 -155.5
N -148.2  171.5  106.9  176.8   56.1    nan  1.039  149.7  3.774  5.576  173.6 -179.0
A -138.1  149.4  114.1 -178.1    nan    nan  1.061  141.2  3.815  5.508 -145.5 -140.6
G -151.6  149.1  108.4  177.5    nan    nan    nan  146.3  3.765    nan    nan  172.9
H  -49.3  133.8  111.0  179.7  -68.3    nan  1.031   75.2  3.809    nan    nan  -83.2
D  -56.2  -32.6  114.8 -179.9   56.6    nan  1.150  106.3  3.779  5.718 -102.3 -105.7
Y  -85.6   -1.0  113.5  179.0   57.7    nan  1.068   94.0  3.825  5.447   54.7   70.4
D  -92.1  138.6  111.7 -177.3 -177.2    nan  1.058  105.8  3.820  5.540   76.1   94.5
R  -59.1  -32.6  117.6 -178.6  -67.8    nan  1.166  102.6  3.807  5.693  -98.6 -102.7
G  164.4   17.6  120.4  179.6    nan    nan    nan   16.4  3.786    nan    nan  -49.1
R  -72.0  138.4  107.9  177.8  -62.6    nan  0.986   87.9  3.801    nan    nan  125.8
F -112.6   80.3  110.8 -179.3  -70.9    nan  1.038  105.0  3.820  5.807 -153.5 -154.7
P  -75.2  -22.8  114.1 -178.1   31.5    nan  0.979   94.8  3.854  6.041 -167.0 -174.6
Y -128.0  128.3  113.2  179.5  -44.6    nan  1.078  128.7  3.787  4.921    5.6   37.9
W -131.1  145.2  110.4 -178.6  -69.6    nan  0.978  133.6  3.781  5.780 -172.0  173.4
G  -80.9  169.6  104.5  175.4    nan    nan    nan   83.7  3.781    nan    nan -121.6
Q  -76.8   -6.8  115.5 -179.6   86.9    nan  1.129  100.2  3.841    nan    nan  -82.3
G   91.3  153.2  113.9 -179.6    nan    nan    nan   80.6  3.800    nan    nan -101.2
T -129.7  124.4  107.5  178.0  -62.8  176.8  0.995  123.5  3.790    nan    nan -159.7
L  -86.9  123.1  109.1  179.9  169.3    nan  1.019  104.1  3.802  5.885 -138.5 -144.8
V -113.6  122.8  107.7  177.7  178.9  -61.7  1.000  116.8  3.798  5.928 -167.2 -174.8
T -114.9  114.1  110.2  179.7  -57.1 -175.5  1.041  117.2  3.821  5.944 -171.2 -173.5
V -103.7  130.3  112.8 -179.6 -170.2  -49.5  1.051  116.1  3.829  5.989 -164.3 -171.7
S -158.9  146.9  111.9  179.6  176.1    nan  1.028  148.8  3.809  5.592  156.3  145.0
A  -92.1    3.2  113.0  178.3    nan    nan  1.077   89.2  3.839  5.709 -127.2 -126.0
A  -68.7  156.9  113.6 -179.9    nan    nan  1.027   79.2  3.831  5.810  108.2  119.0
K -100.3  159.7  106.2  178.3  -60.3    nan  0.954  105.2  3.825  5.565 -119.8 -125.3
T  -69.9  131.0  108.0  179.2  112.8  -10.8  1.133   89.7  3.815  5.620 -100.2  -89.1
T -134.7  129.9  108.7 -175.5  -52.5 -173.2  0.976  128.8  3.816  5.791 -164.0  174.2
P  -70.1  153.3  110.1  176.7   35.5    nan  0.941   80.8  3.848  5.721 -114.7 -125.9
P  -88.2  158.5  112.3 -176.9   40.0    nan  0.952   96.2  3.803  5.588 -114.0 -111.0
S -101.4  131.2  101.8  174.0  -65.0    nan  0.919  106.3  3.812  5.617 -126.6 -128.1
V -112.9  116.7  109.4 -178.4 -177.0  -54.9  1.025  116.7  3.832  5.905 -162.9 -160.0
Y -109.3  134.1  113.0 -179.6  -54.8    nan  1.054  119.7  3.825  5.941 -169.6 -174.0
P  -78.7  140.4  109.5 -179.0   37.0    nan  0.950   93.3  3.804  5.605 -116.1 -127.6
L -114.6   96.1  106.5 -179.9  -92.4    nan  0.972  107.5  3.813  5.838 -154.8 -157.8
A -110.6  147.5  109.4 -179.5    nan    nan  1.009  117.6  3.794  5.998  166.5  164.4
P  -81.6  138.4  112.2 -175.7   34.8    nan  0.992   98.0  3.785  5.525 -109.2 -110.7
G  -55.5  161.0  113.3  178.8    nan    nan    nan   64.6  3.840    nan    nan -102.1
S  -80.6   59.1  113.2 -179.3   68.5    nan  1.089  114.7  3.825    nan    nan  -97.4
A  -87.2  104.1  110.1  179.6    nan    nan  1.031  108.7  3.811  6.118  152.0  151.4
A  -73.6   90.2  111.2  179.9    nan    nan  1.046  110.2  3.808  6.019 -144.5 -153.1
Q -135.2    4.9  113.1 -179.5  -62.9    nan  1.065   46.9  3.807  5.849  135.6  133.3
T   52.6  117.8  114.5 -179.8   65.3  -55.7  1.111   54.9  3.845  5.695 -127.5 -126.6
N -157.2  163.9  112.8 -179.5 -175.4    nan  1.062  158.0  3.815  5.659  147.7  134.4
S  -82.0 -128.2  111.4  179.8 -163.9    nan  1.050   68.3  3.811  5.354  -95.1  -97.8
M  -32.6  143.5  115.3 -178.1  -56.3    nan  1.061   57.3  3.894  4.818   24.9   31.7
V -120.7  138.8  109.7  177.8   67.8 -168.5  1.077  125.1  3.793  5.712 -161.9 -159.7
T -110.7  125.9  110.3  178.8  -67.9  172.1  1.055  118.1  3.838  5.858 -148.4 -154.1
L -115.4  164.4  106.7  178.9  -49.5    nan  0.999  118.9  3.834  5.922 -163.5 -174.7
G -157.3  172.3  112.6  179.1    nan    nan    nan  159.1  3.791    nan    nan -171.5
C -137.9  131.4  107.4  176.2  -84.4    nan  1.005  129.9  3.795    nan    nan -145.2
L -100.9  123.2  103.8  179.2 -153.5    nan  0.901  107.5  3.829  5.815 -137.4 -154.1
V -111.0  116.4  104.1  178.2 -169.0  -46.9  0.977  111.3  3.820  5.927 -170.7 -171.2
K -133.9  148.9  118.9 -174.4 -168.4    nan  1.060  140.6  3.753  5.746  168.3  167.4
G   72.3   35.5  119.0  174.7    nan    nan    nan   88.8  3.779    nan    nan   21.8
Y -111.4  161.1  113.6  179.6   66.6    nan  1.069  117.7  3.779    nan    nan  107.3
F -160.8  137.7  106.0  177.9 -178.5    nan  0.996  139.5  3.818  5.524 -176.6  176.2
P  -91.3 -171.5  112.0   -5.2   41.2    nan  0.906   88.1  2.916  4.810   41.3   23.4
E  -76.6  159.4  106.8  173.2  -64.5    nan  0.985   83.2  3.797  5.154  -78.1  -65.1
P -108.7 -173.5  113.7   -5.6   44.8    nan  0.921  106.0  2.828  3.999   31.0   34.8
V -128.2  153.8   99.7  173.0  -70.8   55.8  0.919  127.8  3.798  5.457 -132.3 -119.4
T -119.8  145.7  104.5  177.3   58.3  -63.7  0.960  122.2  3.791  5.651 -145.3 -145.8
V -137.6  132.3  110.6  178.6   10.4  135.7  1.132  132.3  3.757  5.657  178.5 -171.2
T -127.4  169.8  107.0  177.9   64.8  -57.0  1.009  129.7  3.777  5.840 -165.0  179.4
W -126.2  126.2  107.2  179.6  -70.7    nan  1.009  122.8  3.804  5.441 -136.8 -133.9
N   55.4   40.5  110.9 -178.9  -73.3    nan  1.096  104.0  3.804  4.986   10.6   -8.9
S   62.2   32.1  114.5  178.0  -57.9    nan  1.088  101.5  3.789  5.467  -77.8  -86.5
G   92.6   -5.8  114.5  179.8    nan    nan    nan   89.8  3.778    nan    nan  -65.6
S  -68.7  -34.5  109.4  179.4   94.1    nan  1.055   97.1  3.805    nan    nan  110.0
L  -97.9   97.5  107.1  177.1  -73.0    nan  0.990  107.9  3.834  5.326   38.0   52.4
S -110.0  -42.3  113.3 -179.6   40.6    nan  1.069   59.8  3.805  5.998  166.9  168.2
S  -75.9  147.2  105.7  179.1   69.7    nan  0.966   86.4  3.781  5.265   58.5   68.5
G   85.6    0.8  116.6  179.0    nan    nan    nan   94.1  3.772    nan    nan   39.4
V -103.5  141.9  112.1  179.1    9.5  135.9  1.155  114.2  3.802    nan    nan   84.0
H -127.8  117.2  108.5  177.7  -61.7    nan  1.000  120.2  3.788  5.719 -153.8 -171.6
T -114.8  114.6  105.7  178.0  -58.8 -179.7  1.014  113.4  3.773  5.866 -179.5  178.4
F  -80.3  149.7  116.7 -177.1  -58.4    nan  1.121   94.5  3.774  5.963 -143.3 -144.1
P  -51.3  141.6  110.9  171.4  -34.4    nan  0.935   71.5  3.818  5.180  -70.5  -91.7
A  -76.5  155.0  110.1  179.0    nan    nan  1.015   85.9  3.785  5.736 -117.7 -118.2
V -137.6  152.0  106.6  177.7  -69.8   54.1  1.008  137.9  3.802  5.669 -163.8 -164.3
L  -83.9  141.2  113.1 -179.8  -79.8    nan  1.061   99.3  3.779  5.521 -108.2 -111.1
Q -135.1   96.7  101.5  176.9  -82.1    nan  0.904  102.9  3.774  5.668 -164.3  177.7
S   45.1   81.6  109.2 -179.2  -66.4    nan  1.041   82.7  3.771  5.157  -31.6  -44.8
D   60.0  -13.6  120.4  178.0   96.8    nan  1.209  126.0  3.791  5.262  -37.5  -52.4
L -114.2  148.5  112.2  179.5  -65.2    nan  1.071  121.9  3.842  5.400   44.2   60.6
Y  -88.8  153.2  117.3 -178.7  -64.1    nan  1.103  100.8  3.824  5.638 -116.5 -119.2
T -148.2  139.4  110.7  178.5  -50.1 -170.1  0.995  140.0  3.788  5.554 -167.6  179.9
L -152.4  165.8  105.7  176.8   67.2    nan  1.000  152.8  3.776  5.577  165.7  161.0
S -132.3  157.9  108.9  178.0  -86.1    nan  1.014  135.5  3.771  5.506 -146.4 -145.1
S -134.7  135.7  105.2  176.6 -179.2    nan  0.986  129.3  3.758  5.546 -157.6 -158.5
S -117.7  150.0  108.2  177.9   74.1    nan  0.976  122.7  3.827  5.821 -157.8 -164.0
V -136.4  141.8  104.6  177.2   64.3 -171.9  1.005  132.6  3.779  5.690 -170.3 -169.0
T -122.4  125.0  108.4 -179.7  -67.8  171.9  1.029  121.7  3.797  5.793 -158.5 -160.5
V -131.2  164.2  110.0 -178.8  -60.4   61.2  1.021  134.7  3.811  5.921  179.6  171.5
P  -63.8  137.9  113.4  176.7  -24.5    nan  0.983   84.9  3.819  5.281  -75.0  -78.3
S  -48.3  -38.4  113.4  179.2 -160.4    nan  1.034  109.7  3.821  5.591  -86.2  -97.2
S  -70.3  -24.0  115.1 -179.5   57.1    nan  1.106   98.4  3.809  5.268   59.0   81.0
T  -86.3   -9.6  115.4 -179.9   73.3  -48.4  1.075   89.6  3.824  5.447   61.3   78.9
W -135.6  124.3  108.0  178.5 -175.7    nan  0.997  125.5  3.808  5.146   25.5   40.0
P -100.1   11.9  116.9   18.9   39.3    nan  1.012   85.4  2.967  4.909   48.4   38.0
S  -61.0  -25.5  110.7 -179.7   58.3    nan  1.040  107.7  3.801  5.926  117.4  134.1
E -124.3  130.8  107.1  179.3  -60.7    nan  0.995  123.5  3.804  5.061   18.7   36.3
T  -59.4  141.7  115.5 -178.1  -57.2 -176.5  1.089   80.2  3.807  5.712 -103.2 -110.1
V -131.7  115.6  106.0  176.7  172.1  -67.5  1.031  118.2  3.809  5.788 -169.6 -176.5
T -125.8  136.3  110.9 -178.5  -55.8 -176.3  0.973  128.5  3.812  5.902 -178.2  168.8
C  -99.5  133.9  106.3  176.2   69.6    nan  1.003  108.3  3.805  5.830 -146.4 -147.9
N -109.3  114.5  108.0 -179.9  -35.6    nan  1.000  113.7  3.797  5.774 -150.3 -157.5
V -110.9  133.2  111.0 -179.7 -175.1  -53.2  1.023  119.2  3.806  5.960 -172.6 -178.3
A -128.5  141.3  108.6 -179.1    nan    nan  1.028  130.0  3.794  5.758 -173.4 -178.3
H -136.7   91.1  106.3  180.0 -174.8    nan  0.959  102.0  3.785  5.689 -168.2 -178.7
P  -59.5  -36.1  112.4 -171.3  -30.3    nan  0.984  102.5  3.814  5.967 -141.7 -143.3
A  -56.6  -38.3  113.0 -179.7    nan    nan  1.083  103.3  3.820  5.406   71.0   94.7
S -102.2    7.6  114.0  178.6   71.0    nan  1.079   81.0  3.821  5.127   27.1   48.9
S   52.0   47.8  111.3  179.7  -66.7    nan  1.052  101.7  3.839  5.598 -123.9 -124.6
T -122.3  141.8  111.5 -178.5  -53.3 -174.0  0.989  127.7  3.801  5.866  103.0  108.2
K -134.7  129.7  104.0  175.1  -85.4    nan  0.975  125.6  3.801  5.696 -174.8  179.4
V -131.1  128.4  110.4  179.7  177.3  -60.9  1.006  127.9  3.841  5.870 -177.5  177.8
D -113.2  123.8  106.6  177.5  -66.8    nan  0.973  115.9  3.845  5.882 -161.6 -169.2
K -116.7  117.7  108.2  178.6  -69.4    nan  0.994  117.1  3.797  5.867 -170.6 -175.5
K  -86.8  128.1  106.4  178.7  178.7    nan  0.976  100.8  3.824  5.933 -144.2 -153.2
I  -83.9  117.5  110.3 -180.0  -44.5 -165.9  1.037  104.9  3.803  5.918 -134.2 -136.6
V -118.3  151.8  108.7  179.1  -71.0   52.9  1.039  123.4  3.803  5.960 -179.1  176.1
P  -57.6  144.7  112.4 -178.9  -30.7    nan  0.958   75.5  3.839  5.213  -72.5  -87.4
R  107.0 -134.9  111.3 -179.5  -91.2    nan  1.116  116.9  3.850  5.072   69.9   58.1
D -138.0    nan  113.5 -180.0  -69.7    nan  1.057    nan  3.865  5.007  -92.4  -79.1
