Id   phi    psi    tau  omega    chi    chi2  solid    eta  CA-CA  CB-CB  BA^AB  NA^AC
P    nan -143.2  110.1    nan   26.7    nan  0.995    nan    nan    nan    nan    nan
Y -104.8  136.6  115.4 -178.2  -57.6    nan  1.073  118.0  3.805  4.951  -74.8  -52.3
T -138.1  126.9  109.4  177.9  -54.3 -175.0  1.014  128.6  3.795  5.715 -177.9  172.2
V -111.4  128.3  107.3  177.0  -12.3  113.0  1.050  116.3  3.806  5.925 -168.1 -168.2
V -108.2  119.4  106.9 -179.5 -176.4  -53.6  0.986  113.2  3.815  5.912 -151.0 -162.3
Y -161.7  170.2  113.2 -176.6 -162.3    nan  1.025  163.1  3.790  5.568  142.8  135.3
F  -76.3  163.4  105.2  177.6  -60.7    nan  0.960   81.1  3.786  5.268  -82.6  -86.5
P  -76.1   69.4  112.7  180.0   28.8    nan  1.000  115.8  3.815  5.355  -92.0  -89.4
V -147.8  165.9  106.5  178.5  -53.3   69.3  0.996  149.1  3.823  5.791   93.2   97.9
R  -79.8  -53.3  107.2  178.6  -70.9    nan  0.992   82.6  3.798  5.377  -90.7  -92.8
G   30.3 -128.9  117.7  178.6    nan    nan    nan   68.9  3.803    nan    nan  156.1
R  -78.9    7.4  114.9 -178.4  -78.6    nan  1.090  104.1  3.791    nan    nan   -8.9
C -108.0  -11.1  113.1  179.1  -86.0    nan  1.066   68.0  3.808  5.584   66.5   85.6
A  -56.9  -49.0  114.0 -179.3    nan    nan  1.072   95.8  3.814  5.729  104.3  117.9
A  -61.7  -48.4  113.3 -179.0    nan    nan  1.072   93.1  3.810  5.235   63.2   79.4
L  -66.2  -30.0  111.7 -179.9   60.9    nan  1.063  100.4  3.812  5.256   58.5   74.5
R  -70.1  -41.7  109.0  178.8  -79.4    nan  1.012   92.9  3.820  5.508   73.3   85.3
M  -61.8  -42.1  108.2  178.9  -73.7    nan  0.997   99.5  3.813  5.343   71.1   81.6
L  -58.2  -53.9  111.1  180.0 -173.1    nan  1.033   93.7  3.800  5.285   72.2   85.9
L  -60.4  -44.6  111.1 -179.3  -71.0    nan  1.042   97.6  3.817  5.188   59.9   74.6
A  -64.1  -49.3  111.4 -179.8    nan    nan  1.050   92.1  3.803  5.293   64.0   79.3
D  -62.8  -30.9  112.9  179.9 -162.0    nan  1.060  102.5  3.806  5.249   61.1   76.4
Q  -87.5    3.0  112.1 -179.5  -71.5    nan  1.059   93.6  3.809  5.269   50.5   70.5
G   72.0   24.3  115.0  178.5    nan    nan    nan   96.7  3.795    nan    nan -112.3
Q  -90.6  151.2  111.8  179.8  -60.2    nan  1.039  100.8  3.791    nan    nan  117.3
S -105.7  143.3  108.6  179.2   67.0    nan  1.014  113.6  3.793  5.634 -132.7 -135.9
W -152.3  162.7  110.7  179.4   77.1    nan  1.044  153.4  3.787  5.609  171.1  168.6
K -108.6  141.6  109.0  179.4  163.7    nan  1.011  116.3  3.789  5.518 -124.0 -124.8
E -105.8  124.9  107.3  178.9  -67.6    nan  0.992  113.0  3.788  5.760 -141.9 -146.2
E -110.9  103.4  104.1  178.1  -81.7    nan  0.953  107.7  3.783  5.861 -161.9 -170.3
V  -83.1  126.7  113.1 -178.0 -174.1  -52.7  1.066  103.9  3.791  6.061 -158.9 -158.3
V -107.4  121.7  108.5  179.5  178.7  -60.2  1.012  114.5  3.783  5.855 -155.0 -165.7
T  -85.0  155.1  110.5  179.6   59.8  -60.1  1.023   93.9  3.799  5.924 -137.2 -146.5
V  -56.1  -32.3  111.1 -179.6   66.1 -172.3  1.041  108.1  3.801  5.378  -73.8  -82.7
E  -69.0  -49.8  110.4  179.9  -57.6    nan  1.026   89.0  3.811  5.432   72.6   85.4
T  -57.0  -41.0  109.9  179.6  -57.9 -178.8  1.013  102.9  3.793  5.265   70.3   80.0
W  -63.9  -50.8  110.4 -179.5 -170.0    nan  1.027   92.0  3.793  5.280   69.0   82.4
Q  -59.6  -11.5  112.6 -179.4  -75.8    nan  1.064  115.4  3.795  5.181   62.2   78.2
E  -69.4  -30.4  107.3  178.5 -169.8    nan  0.998   99.3  3.803  5.695   91.1  102.4
G   95.7  -29.9  120.9  177.2    nan    nan    nan   99.7  3.808    nan    nan -124.3
S  -60.2  -47.3  115.6 -177.9   99.4    nan  1.119   93.5  3.802    nan    nan  100.8
L  -62.8  -50.0  110.5  179.5 -150.6    nan  1.029   93.2  3.816  5.398   67.9   78.4
K  -53.9  -42.6  112.8 -179.5 -179.5    nan  1.053  102.7  3.812  5.231   71.0   84.0
A  -65.3  -25.0  112.2 -179.8    nan    nan  1.050  103.5  3.808  5.290   64.7   80.5
S  -87.6  -12.2  112.6 -179.3   72.6    nan  1.048   87.7  3.804  5.324   56.5   75.9
C  -80.3  133.2  108.7  179.6  -68.0    nan  1.004   96.6  3.822  5.599   78.1   92.7
L  -45.3  -51.9  114.5 -178.8 -177.3    nan  1.081  101.6  3.838  5.652  -84.8  -95.0
Y -108.5   21.2  112.0 -180.0  -56.8    nan  1.051   80.4  3.814  4.904   10.5   31.3
G   63.4   24.7  115.8  179.0    nan    nan    nan  104.1  3.797    nan    nan -103.2
Q -142.9  170.4  114.1 -178.7  -55.7    nan  1.055  145.8  3.796    nan    nan   65.8
L -116.8  162.9  103.9  178.3  -65.1    nan  0.953  119.6  3.792  5.366 -123.7 -126.3
P  -71.1  157.8  118.2    0.6   32.2    nan  1.054   82.5  2.945  4.648   79.0   78.8
K -120.1  141.6   99.8  176.6  166.4    nan  0.910  118.9  3.777  5.573 -139.9 -149.4
F -133.1  141.8  110.8 -178.3 -171.9    nan  1.019  134.2  3.817  5.760 -172.6 -168.7
Q -126.1  130.1  111.9  179.0  -72.8    nan  1.055  127.6  3.794  5.725 -166.1 -165.5
D -128.3   89.4  102.0  178.4  177.8    nan  0.930   99.0  3.794  5.786 -170.8  174.5
G   71.5 -137.7  102.8 -177.1    nan    nan    nan   84.6  3.772    nan    nan  -23.7
D  -87.5    5.8  113.3  179.8   65.1    nan  1.076   94.7  3.813    nan    nan  -33.9
L  -85.5  115.7  106.9  178.4 -150.1    nan  0.971  103.1  3.835  5.834   94.0  103.0
T -104.4  124.8  110.6  179.8  -63.1  177.6  1.041  114.9  3.819  5.977 -169.3 -169.6
L -119.2  153.6  113.6 -178.0  -96.2    nan  1.041  126.3  3.781  5.810 -169.0 -174.5
Y -131.3  163.2  102.9  176.9  -64.4    nan  0.954  132.9  3.789  5.590 -156.2 -162.8
Q   81.9  109.2  111.9  180.0  -66.1    nan  1.063   66.8  3.833  4.822   69.8   57.1
S  -49.4  -39.7  116.0 -178.3   66.2    nan  1.095  106.8  3.815  5.874 -110.4 -124.4
N  -76.4  -21.4  112.7 -179.2  -74.4    nan  1.064   94.7  3.822  5.285   56.2   74.3
T  -73.6  -41.3  106.4  178.2  -81.6  158.5  0.986   91.9  3.806  5.590   77.6   89.0
I  -63.4  -39.9  110.0  178.8  -63.5  174.0  1.021   98.4  3.806  5.341   67.1   80.2
L  -66.6  -44.8  110.3  179.8  -82.5    nan  1.024   93.3  3.819  5.322   66.3   80.2
R  -68.3  -34.1  111.2  179.6  -76.5    nan  1.049   96.8  3.806  5.277   58.0   74.5
H  -65.5  -48.7  109.3  179.7  170.9    nan  1.020   92.7  3.810  5.447   74.0   86.7
L  -64.2  -38.9  108.9  178.9 -102.5    nan  1.005   98.9  3.800  5.205   60.5   73.2
G  -64.6  -40.3  111.8  179.3    nan    nan    nan   96.3  3.815    nan    nan   83.0
R  -66.9  -53.0  110.2  179.8 -147.8    nan  1.016   89.0  3.797    nan    nan   79.9
T  -67.1  -34.7  115.6 -178.2   70.3  -50.5  1.094   95.4  3.817  5.149   50.8   70.9
L  -95.7    2.7  116.0 -178.2  -92.6    nan  1.083   85.5  3.806  5.118   41.1   62.1
G   76.3   33.5  115.7  179.4    nan    nan    nan   88.0  3.814    nan    nan -108.5
L -118.4   50.6  109.1  179.3  -32.5    nan  1.008   85.4  3.812    nan    nan   97.2
Y -136.8   39.7  111.7 -178.3 -144.3    nan  1.024   66.4  3.810  5.636   87.0   96.6
G   80.9  163.7  113.7  179.9    nan    nan    nan   74.8  3.808    nan    nan  -69.0
K  -87.9  -20.6  113.9 -179.1   71.8    nan  1.087   83.8  3.792    nan    nan -101.1
D -150.4 -178.1  109.2  179.0   53.0    nan  1.035  149.8  3.806  4.950   -3.6   14.0
Q  -61.1  -36.0  113.9 -178.7  -66.8    nan  1.070  100.5  3.810  5.096  -55.6  -53.4
Q  -65.2  -44.0  110.0  179.6  171.3    nan  1.029   94.9  3.787  5.379   72.3   85.8
E  -69.6  -36.8  109.8  179.9  -76.5    nan  1.028   95.1  3.818  5.288   58.3   73.7
A  -58.6  -39.8  109.8  178.9    nan    nan  1.028  102.5  3.793  5.423   77.4   89.8
A  -68.6  -38.0  111.1  179.8    nan    nan  1.044   94.6  3.818  5.334   62.7   78.8
L  -67.7  -33.5  109.9  179.6  -59.9    nan  1.026   98.2  3.806  5.357   66.7   81.0
V  -67.4  -39.3  108.7  179.4  164.6  -72.8  1.007   96.3  3.807  5.425   71.6   84.7
D  -66.1  -44.2  108.7  178.8  -84.8    nan  0.992   95.0  3.796  5.334   68.2   79.8
M  -57.5  -38.9  111.0 -179.9 -173.5    nan  1.032  103.2  3.809  5.288   71.4   84.9
V  -68.5  -51.8  109.6  178.9  171.3  -67.4  1.020   89.0  3.796  5.354   65.5   78.8
N  -60.2  -36.8  114.3 -179.2 -154.1    nan  1.092  100.6  3.804  5.209   60.6   77.2
D  -67.1  -35.2  108.5  179.6  -70.4    nan  1.016   98.5  3.809  5.427   71.9   83.1
G  -69.7  -40.0  109.4  178.2    nan    nan    nan   93.7  3.789    nan    nan   80.1
V  -62.2  -43.4  108.2  178.7  169.5  -68.0  0.999   98.5  3.806    nan    nan   82.9
E  -61.8  -42.8  111.9 -179.6  169.3    nan  1.052   97.0  3.794  5.266   67.6   82.0
D  -56.1  -47.3  111.5  179.9  -87.1    nan  1.029   98.9  3.811  5.369   77.0   88.3
L  -72.2  -33.3  111.2 -179.9 -173.4    nan  1.052   93.8  3.804  5.179   51.4   69.2
R  -63.3  -36.7  109.5  179.7 -177.7    nan  1.025  100.5  3.806  5.518   77.7   89.6
C  -65.2  -36.3  111.0 -179.5  -73.3    nan  1.042   98.4  3.793  5.356   70.7   85.2
K  -72.0  -38.5  108.7  179.2  -56.5    nan  1.007   93.0  3.800  5.355   64.6   77.9
Y  -63.3  -47.2  108.4  178.9  168.0    nan  1.004   95.7  3.797  5.345   70.7   83.2
I  -62.2  -41.0  110.6  179.9  -70.2  168.6  1.042   98.5  3.802  5.260   61.8   77.4
S  -62.7  -43.0  110.7  179.6  174.7    nan  1.032   97.0  3.807  5.400   70.1   83.2
L  -63.7  -51.0  111.2 -179.9  163.8    nan  1.034   91.5  3.814  5.332   67.3   80.9
I  -56.2  -48.8  114.5 -179.3  -67.9  169.2  1.068   96.1  3.801  5.224   67.7   81.9
Y  -94.7  -18.3  117.0 -178.2  -63.9    nan  1.088   77.3  3.820  4.976   27.9   50.5
T -104.5  -33.3  119.1 -176.3  -92.6  145.0  1.131   62.1  3.831  5.198   45.1   71.0
N -169.4   62.9  112.2  178.7   78.6    nan  1.092   67.3  3.816  4.785  -34.6  -17.7
Y  -58.4  -58.2  112.4  179.8 -170.7    nan  1.039   90.0  3.789  6.175 -169.6 -177.3
E  -54.6  -52.3  115.7 -178.5  -76.9    nan  1.100   94.3  3.812  5.114   60.6   78.2
A  -79.1  -27.6  116.0 -179.0    nan    nan  1.090   88.2  3.812  5.076   41.1   61.6
G  -97.7  -13.7  119.4 -178.1    nan    nan    nan   75.8  3.809    nan    nan   68.5
K  -53.7  -47.5  116.8 -177.8 -171.8    nan  1.118   97.6  3.809    nan    nan  121.1
D  -58.2  -45.8  112.6 -179.9  -78.8    nan  1.054   97.6  3.810  5.345   71.8   83.7
D  -66.7  -40.2  110.4 -179.9  -74.0    nan  1.012   95.5  3.812  5.268   63.3   75.7
Y  -62.0  -46.6  111.6 -179.4 -171.7    nan  1.040   94.9  3.791  5.278   70.5   85.4
V  -67.1  -33.7  111.9 -179.4  178.4  -59.9  1.058   97.6  3.799  5.225   58.3   75.2
K  -66.5  -36.0  109.8  179.0  -80.8    nan  1.014   98.1  3.813  5.465   74.1   85.8
A  -84.7  -11.6  114.2 -179.2    nan    nan  1.068   90.5  3.816  5.168   47.6   68.5
L  -54.1  -51.5  116.3 -178.6 -129.6    nan  1.097   94.8  3.826  5.743  105.9  121.1
P  -48.3  -46.8  113.0 -179.8  -26.7    nan  1.011  104.1  3.806  5.261   79.1   89.5
G  -64.4  -27.6  112.4 -179.5    nan    nan    nan  102.9  3.796    nan    nan   78.0
Q  -79.0  -25.0  112.6  179.4  -65.6    nan  1.047   90.7  3.802    nan    nan   80.6
L  -93.0  -24.2  112.0 -179.4  -65.5    nan  1.047   78.3  3.814  5.281   51.0   70.6
K  -49.0  -42.8  115.0 -179.1 -137.3    nan  1.089  105.4  3.800  5.617   98.6  113.4
P  -55.1  -39.3  115.6 -180.0  -25.0    nan  1.032  102.6  3.829  5.330   78.2   91.2
F  -72.5  -31.4  111.9 -178.9  -55.8    nan  1.062   94.1  3.808  5.222   53.3   78.1
E  -68.8  -43.7  106.4  177.8  173.2    nan  0.981   94.5  3.798  5.483   72.2   83.8
T  -61.9  -44.6  110.3  179.7  -64.7  174.8  1.032   97.0  3.802  5.297   65.7   80.2
L  -56.2  -45.8  108.6  178.4  -84.1    nan  1.003  101.4  3.807  5.341   74.9   84.3
L  -60.6  -45.9  110.7  178.6 -118.5    nan  1.006   96.9  3.818  5.257   67.3   79.2
S  -62.2  -19.1  114.2 -179.2   94.7    nan  1.074  108.7  3.807  5.215   62.8   80.9
Q  -99.5    0.6  113.7 -179.2  -65.9    nan  1.062   80.7  3.824  5.328   49.8   70.8
N -122.3   90.2  111.7  179.9  177.1    nan  1.043  108.4  3.797  5.321   45.1   64.7
Q   56.7   41.8  112.8  179.5  -68.8    nan  1.060  101.2  3.813  5.101  -23.5  -45.5
G   63.4   14.4  114.9  179.3    nan    nan    nan  109.9  3.796    nan    nan  -84.2
G   75.4   23.2  113.1 -180.0    nan    nan    nan   94.7  3.792    nan    nan  -97.2
K  -89.8  -10.4  114.8 -178.3  -56.2    nan  1.073   85.9  3.802    nan    nan  119.7
T -118.3 -104.3  113.5 -179.5   50.7  -69.2  1.085   77.1  3.793  5.238   36.7   60.3
F -119.2  177.9  112.3 -179.4  -55.4    nan  1.064  120.0  3.797  4.623  -49.6  -26.9
I  -64.8  -33.5  111.7 -179.0 -163.1   72.7  1.095   99.8  3.794  5.271  -66.7  -62.2
V -138.8  128.0  109.9  177.8  171.6  -67.3  1.030  129.8  3.822  5.070   -3.7   14.1
G   67.6 -163.2  113.7  179.4    nan    nan    nan   75.1  3.797    nan    nan    1.8
D -110.3   15.4  113.5 -179.3   60.1    nan  1.068   76.4  3.796    nan    nan  -81.7
Q -130.9  147.7  107.2  178.8   72.7    nan  0.996  132.3  3.808  5.448   53.2   67.2
I  -66.4  151.8  111.8 -179.4 -153.8   83.7  1.064   78.9  3.807  5.620  -96.0  -99.1
S -137.8  166.6  108.6 -179.9   73.7    nan  1.013  140.4  3.819  5.664 -162.1 -167.8
F  -59.2  -30.0  111.9 -179.8   72.0    nan  1.071  106.5  3.792  5.300  -70.4  -70.9
A  -65.5  -25.1  111.6  179.2    nan    nan  1.045  103.5  3.825  5.505   76.6   90.5
D  -66.9  -47.6  109.9  178.6  -83.8    nan  1.005   91.9  3.828  5.558   81.5   92.8
Y  -64.8  -39.6  110.3  179.8  -63.2    nan  1.034   97.3  3.784  5.168   60.0   75.0
N  -68.2  -43.3  110.8  179.6 -156.6    nan  1.045   92.5  3.796  5.348   63.1   79.3
L  -66.0  -40.3  110.6  178.6  170.0    nan  1.029   95.9  3.821  5.371   64.6   77.2
L  -58.7  -44.6  110.1  179.7  175.5    nan  1.034   99.4  3.815  5.392   75.3   87.3
D  -63.1  -45.3  109.4  179.2 -179.0    nan  1.022   96.2  3.793  5.339   66.8   78.7
L  -53.5  -47.6  110.1  179.8 -175.8    nan  1.020  101.4  3.787  5.319   77.1   87.5
L  -65.5  -41.8  112.0  179.9  -60.4    nan  1.049   94.7  3.817  5.214   58.4   74.9
L  -59.9  -51.9  111.3  180.0  -74.0    nan  1.052   93.6  3.810  5.385   71.3   85.8
I  -65.3  -25.1  113.6 -178.9   65.6  -56.8  1.096  102.9  3.810  5.271   54.8   73.0
H  -78.3  -25.9  111.6 -179.9  -87.0    nan  1.080   91.5  3.790  5.474   66.7   84.6
E  -75.3  -18.1  108.9  178.3  -75.7    nan  1.024   98.2  3.795  5.518   69.4   83.9
V  -84.2  -39.2  106.2  176.7  168.8  -69.8  0.977   84.5  3.813  5.603   67.9   80.6
L  -70.7  -43.3  112.0  179.9  173.8    nan  1.038   89.9  3.806  5.267   62.1   76.9
A -131.2   76.8  109.9 -178.9    nan    nan  1.012   95.6  3.800  4.752   -3.5   14.8
P  -46.4  124.4  114.2 -179.9  -28.2    nan  1.016   81.7  3.813  5.999 -146.1 -151.6
G   92.8    2.5  116.5  178.7    nan    nan    nan   86.1  3.800    nan    nan   18.7
C  -59.3  -22.2  113.4 -178.7   60.8    nan  1.077  110.1  3.813    nan    nan  128.6
L  -88.1   -4.4  113.0 -179.3 -101.2    nan  1.071   90.1  3.795  5.380   58.1   78.6
D  -61.0  -29.7  110.4  179.0  -74.2    nan  1.002  105.7  3.839  5.864  109.7  117.8
A  -80.3  -13.3  111.8 -179.8    nan    nan  1.035   94.6  3.791  5.226   59.7   77.2
F -128.1   93.8  112.8 -177.5  -51.9    nan  1.045  110.2  3.810  5.055   25.8   47.3
P  -59.5  -41.1  117.4 -179.7  -18.5    nan  1.054   97.0  3.845  5.983 -140.4 -149.1
L  -66.5  -44.6  110.0  179.7  -99.5    nan  1.028   93.6  3.835  5.349   61.9   80.7
L  -64.5  -39.4  109.7  179.7  -76.3    nan  1.015   98.0  3.811  5.308   65.1   77.7
S  -57.8  -54.8  111.3  178.9 -103.9    nan  1.026   93.2  3.803  5.359   76.7   88.3
A  -64.2  -33.8  111.4 -179.8    nan    nan  1.036  100.3  3.825  5.124   55.4   69.8
Y  -63.8  -43.1  109.8 -179.3  171.3    nan  1.021   96.6  3.810  5.353   74.2   89.3
V  -63.1  -47.7  109.8  179.5  169.6  -68.6  1.025   94.7  3.807  5.367   64.8   80.2
G  -62.8  -41.2  112.3  179.9    nan    nan    nan   96.9  3.795    nan    nan   77.2
R  -66.6  -49.6  113.2 -179.8 -166.2    nan  1.051   89.0  3.797    nan    nan   80.6
L  -67.5  -37.4  111.0 -179.7  -67.0    nan  1.042   95.9  3.816  5.230   56.3   72.2
S  -65.1  -22.4  111.4  179.4  -62.0    nan  1.028  105.3  3.809  5.362   70.9   84.1
A  -83.8  -13.1  113.2 -179.2    nan    nan  1.075   91.0  3.814  5.385   60.6   82.2
R  -53.1  126.0  105.2  178.5  -74.9    nan  0.982   79.4  3.806  5.794  110.0  116.0
P  -39.1  -58.1  120.2 -178.9  -30.9    nan  1.120   98.1  3.847  5.625  -89.6  -95.0
K  -68.7  -34.0  112.9 -179.4  -69.8    nan  1.058   95.6  3.820  5.214   46.1   66.2
L  -71.0  -43.4  110.9 -179.7 -139.1    nan  1.030   90.2  3.825  5.380   68.1   82.6
K  -60.3  -44.3  109.0  179.8  177.1    nan  1.001   99.1  3.805  5.283   71.2   82.7
A  -64.0  -40.8  110.6  179.5    nan    nan  1.030   97.2  3.794  5.237   62.8   78.3
F  -67.7  -44.9  110.6 -180.0  171.7    nan  1.039   92.2  3.811  5.328   63.2   79.0
L  -62.8  -21.7  113.9 -179.4  -71.1    nan  1.077  107.0  3.801  5.263   63.9   81.0
A  -98.3   -8.0  111.6 -179.8    nan    nan  1.042   78.9  3.823  5.340   49.0   68.4
S  -74.4  148.0  110.8 -179.8   72.7    nan  1.042   87.4  3.804  5.661   86.8  103.1
P  -61.2  -24.8  112.0 -179.9   21.3    nan  0.984  107.4  3.837  5.411  -84.4  -95.4
E  -59.5  -23.3  110.6  179.6 -174.0    nan  1.019  110.2  3.805  5.428   80.6  100.6
Y -111.5  -49.2  110.7  179.6  170.8    nan  1.022   60.7  3.814  5.150   30.7   52.1
V  -62.7  -37.9  115.8 -177.7 -179.4  -57.5  1.092   97.1  3.813  5.198   60.1   79.0
N  -84.6    8.0  114.0 -178.1  -67.3    nan  1.086   98.6  3.799  5.188   48.5   69.4
L -103.0  137.6  107.0  177.9 -127.8    nan  0.968  111.0  3.789  5.664   77.1   87.8
P  -73.6  155.3  109.7  179.4   23.4    nan  0.959   83.1  3.812  5.652 -112.1 -117.0
I  -66.5  -47.0  108.2  179.5  -68.2  171.7  1.021   93.5  3.801  5.633  -92.1  -92.3
N -120.4  178.5  112.6 -179.9  -53.4    nan  1.056  121.0  3.812  4.830    0.1   22.0
G  -97.5   -1.1  118.3 -179.0    nan    nan    nan   82.0  3.807    nan    nan  -89.7
N -112.9   13.3  113.8 -178.6   64.0    nan  1.067   72.9  3.812    nan    nan   75.0
G   76.2   14.5  115.6  179.1    nan    nan    nan   97.2  3.791    nan    nan  -98.9
K -114.5  150.9  110.0  179.6  -64.5    nan  1.034  120.9  3.800    nan    nan   84.6
Q -167.2    nan  111.3 -179.0   59.5    nan  1.032    nan  3.804  5.506  168.0  159.8
