Id   phi    psi    tau  omega    chi    chi2  solid    eta  CA-CA  CB-CB  BA^AB  NA^AC
M    nan  158.6  103.6    nan  166.7    nan  0.833    nan    nan    nan    nan    nan
N -152.7  177.4  105.8  177.7   57.2    nan  1.006  153.3  3.810  5.708  171.1 -175.6
I  -54.5  -40.3  114.0 -176.8 -172.0   63.4  1.177  103.2  3.783  5.214  -60.4  -51.8
F  -67.4  -48.0  111.8 -177.7  -70.4    nan  1.069   90.1  3.746  5.511   70.5   83.0
E  -63.7  -38.7  108.9 -179.5  -63.8    nan  0.987   99.4  3.731  5.248   70.4   76.4
M  -61.7  -51.8  110.1 -179.4 -175.4    nan  0.945   93.2  3.808  5.321   80.3   86.5
L  -64.3  -30.2  113.5 -178.8  -79.8    nan  1.121  101.2  3.762  5.068   48.1   73.7
R  -68.3  -29.2  109.9  179.2  166.6    nan  0.993   99.7  3.785  5.502   81.4   87.9
I  -74.4  -42.6  109.7  176.2  -77.0  161.0  1.067   88.7  3.797  5.388   61.4   79.8
D  -71.4  -34.5  114.4 -177.3  -77.6    nan  1.119   92.4  3.795  5.298   57.3   76.9
E  -98.1  -30.2  116.0 -173.0  -65.3    nan  1.043   70.2  3.770  5.091   46.0   63.8
G   75.1 -166.3  109.7 -175.8    nan    nan    nan   80.0  3.833    nan    nan -132.1
L -141.0  127.3  108.4  177.7  164.1    nan  0.943  128.9  3.810    nan    nan -120.4
R -134.2  131.9  107.6  178.0  -59.7    nan  1.079  128.9  3.828  5.843  163.2  169.3
L  -95.8    2.4  114.9 -174.6  -67.1    nan  1.086   85.3  3.718  5.707 -135.3 -140.2
K -127.5  145.3  108.6 -180.0 -159.5    nan  0.933  130.1  3.785  5.207   47.4   59.6
I  -49.2  136.2  109.5 -176.4  -69.1  174.0  1.056   72.8  3.856  5.744  -82.9  -84.3
Y -141.1  169.9  107.8  179.1   66.3    nan  1.074  143.1  3.796  5.735  172.6  174.1
K -100.6  136.5  111.1  174.1  -61.8    nan  1.025  112.1  3.802  5.552 -110.5 -107.2
D  -71.9 -172.1  112.3  179.7   72.8    nan  1.224   69.1  3.805  5.700 -123.5 -118.2
T  -63.8  -22.4  111.7 -175.9   61.8  -51.9  1.114  106.4  3.763  5.008  -44.6  -47.4
E  -97.3    1.4  115.4 -179.4  -50.0    nan  1.065   83.2  3.856  5.424   52.3   68.8
G   81.4   22.9  111.9 -178.8    nan    nan    nan   89.7  3.817    nan    nan -100.2
Y  -94.7  146.0  111.0  178.1  -58.3    nan  1.014  105.5  3.810    nan    nan  112.0
Y  -68.9  127.8  111.6  179.8  -71.4    nan  1.017   92.9  3.745  5.362  -97.1 -105.8
T -139.2  167.9  109.0 -175.4  -55.4 -175.6  0.935  141.7  3.777  5.718 -179.9  164.2
I -153.4  165.7  109.6  171.7 -165.8   71.4  1.061  154.6  3.766  5.583  178.8 -166.7
G   70.0 -130.6  112.9  174.0    nan    nan    nan   93.2  3.806    nan    nan   44.3
I -104.6   72.8  108.4  179.9  -61.9 -175.4  1.034  102.6  3.814    nan    nan  -40.2
G   71.0   27.0  114.0  177.5    nan    nan    nan   96.6  3.681    nan    nan  -49.3
H  -88.8  108.1  111.9  179.0 -179.9    nan  1.041  110.3  3.754    nan    nan  123.1
L  -67.8  135.8  113.1 -179.4  173.1    nan  1.023   89.0  3.809  6.002 -133.0 -140.9
L  -94.3  -48.0  111.6 -179.9  -69.1    nan  1.061   71.1  3.753  5.765 -140.5 -139.0
T -164.8  156.4  110.3 -176.8 -173.0   64.2  1.006  157.0  3.764  4.648  -36.4  -25.1
K  -96.1   -2.5  109.7  173.1  -62.0    nan  1.017   83.1  3.742  5.477 -120.4 -122.9
S  -71.5  147.1  111.4  176.7  157.6    nan  1.089   85.5  3.701  5.538   90.5  108.9
P  -71.4  -19.9  114.3 -179.5  -12.0    nan  0.975   99.6  3.817  5.464  -88.8 -107.3
S  -76.9  123.6  114.7 -178.3  174.1    nan  1.098  102.4  3.808  5.365   65.3   92.3
L  -65.9  -22.4  111.2  176.2  176.0    nan  1.079  104.6  3.807  5.776 -116.8 -132.0
N  -76.6  -44.8  109.6  177.8  -81.7    nan  0.937   86.2  3.802  5.718   83.2   85.8
A  -57.6  -36.9  108.2  177.9    nan    nan  1.125  105.6  3.637  4.978   65.4   82.4
A  -67.2  -40.0  112.2  178.1    nan    nan  1.036   94.2  3.875  5.637   74.2   81.4
K  -66.8  -35.2  111.5  179.3  -74.4    nan  0.980   97.3  3.779  5.280   74.0   80.6
S  -69.7  -41.8  113.1  178.0  153.4    nan  1.163   90.7  3.652  4.999   55.1   81.7
E  -65.5  -37.1  108.4  175.5  -74.8    nan  0.938   99.1  3.792  5.556   75.5   76.4
L  -60.7  -47.5  114.4  179.2  175.4    nan  1.136   93.7  3.753  5.248   65.9   89.1
D  -66.6  -36.1  110.7 -177.4  -73.4    nan  0.982   97.4  3.792  5.258   68.2   76.8
K  -65.9  -37.9  110.3  176.2  156.2    nan  1.002   97.3  3.723  5.223   65.4   82.2
A  -70.0  -33.5  114.2 -179.3    nan    nan  1.073   94.1  3.859  5.341   58.1   81.3
I  -90.0  -27.9  112.0 -177.2  -62.8  176.2  1.071   79.9  3.818  5.215   44.5   67.1
G   80.8   27.1  112.0 -179.2    nan    nan    nan   88.5  3.764    nan    nan -129.8
R -155.6  163.9  107.0  178.0   85.5    nan  1.090  155.3  3.793    nan    nan   51.9
N  -75.4  107.5  106.5  179.4 -122.0    nan  0.986  100.8  3.768  5.343  -77.8  -91.1
T  -95.4  -26.4  116.7 -172.0   66.7  -52.9  1.104   73.6  3.769  5.990 -168.1 -157.1
N   64.5   24.1  112.5 -172.9 -155.7    nan  1.205  104.6  3.692  5.434 -142.6 -138.5
G   82.5    9.1  116.0  174.5    nan    nan    nan   93.5  3.888    nan    nan  -86.4
V -127.3  139.8  110.6  178.1 -168.5  -49.9  1.004  130.1  3.766    nan    nan   65.4
I -132.6  167.8  107.7  179.3   58.7  -65.6  1.003  135.2  3.866  5.719 -173.5 -174.0
T  -91.8  172.5  107.1  179.4   71.3  -52.4  0.951   94.0  3.724  5.367 -101.3 -100.8
K  -58.6  -46.7  114.4  175.7 -167.6    nan  1.030   95.8  3.801  5.160  -65.9  -65.8
D  -59.0  -40.3  112.7  176.2  -76.9    nan  0.923  100.2  3.748  5.178   78.3   80.2
E  -63.0  -41.9  110.3  177.9  -74.7    nan  0.986   97.6  3.815  5.103   69.8   82.5
A  -60.6  -45.6  111.1  175.9    nan    nan  0.973   96.9  3.848  5.269   72.9   81.5
E  -62.6  -30.9  111.6  179.1  -84.7    nan  1.068  103.2  3.772  5.160   59.7   79.0
K  -72.0  -40.1  112.6  179.0  178.0    nan  1.114   90.1  3.699  5.346   64.0   84.3
L  -65.3  -34.5  110.7  174.5  -67.7    nan  0.951   99.4  3.752  5.466   77.1   78.2
F  -65.7  -46.2  111.3 -178.5 -173.7    nan  1.025   92.7  3.789  5.172   70.3   87.9
N  -57.9  -42.3  111.7  178.5  -79.7    nan  0.992  100.4  3.770  5.332   71.5   82.5
Q  -64.6  -43.0  109.4 -178.6  -67.5    nan  0.984   96.3  3.789  5.360   72.0   81.5
D  -65.5  -35.1  115.6 -179.3  -66.1    nan  1.132   96.4  3.785  5.178   62.2   80.4
V  -73.4  -40.0  107.0  178.9  167.0  -69.0  0.998   92.2  3.837  5.443   68.6   77.8
D  -59.6  -46.9  113.1  176.3 -176.1    nan  1.090   95.7  3.772  5.351   63.5   84.5
A  -59.6  -40.5  110.4 -179.2    nan    nan  1.025  100.9  3.785  5.369   68.9   82.1
A  -63.5  -47.3  109.1 -178.9    nan    nan  1.103   95.0  3.813  5.433   65.8   83.6
V  -57.7  -49.3  112.0  178.2  177.1  -65.1  1.068   96.3  3.794  5.421   74.0   81.1
R  -65.3  -34.5  109.3 -177.4  -94.4    nan  1.101  100.1  3.753  5.176   55.2   75.8
G  -67.2  -42.3  110.6 -179.5    nan    nan    nan   93.9  3.720    nan    nan   85.7
I  -57.8  -42.1  111.3  176.6  -83.1  158.7  0.953  100.9  3.802    nan    nan   84.2
L  -72.2  -18.4  114.7 -176.1  -59.7    nan  1.167   99.4  3.795  5.080   46.1   77.9
R  -93.0  -16.1  110.9  177.4  -85.8    nan  0.912   81.4  3.727  5.483   72.7   74.2
N  -83.6  124.5  112.1 -174.3 -176.0    nan  1.099  104.2  3.743  5.151   61.6   91.9
A  -58.9  -32.8  114.3 -178.4    nan    nan  1.068  104.1  3.862  5.833 -102.1 -117.5
K  -86.2  -32.5  113.5 -179.9  -96.1    nan  1.073   81.0  3.764  5.191   50.0   70.5
L  -84.6  -38.7  115.7 -176.3  -63.6    nan  1.089   78.6  3.814  5.228   52.6   75.9
K  -54.5  -46.2  115.6 -174.4  178.0    nan  1.135   98.6  3.723  5.261   75.9  100.1
P  -66.0  -31.9  110.3 -178.4   -0.1    nan  0.946  100.2  3.771  5.387   70.9   78.2
V  -67.2  -50.7  110.4  177.4 -177.0  -51.1  1.073   89.9  3.724  5.355   65.5   86.0
Y  -52.2  -47.6  110.3  177.4 -171.0    nan  1.009  102.2  3.776  5.254   75.7   82.0
D  -62.5  -29.0  114.0 -179.0  -76.6    nan  1.049  103.2  3.835  5.330   62.6   79.3
S  -81.1  -14.0  113.2 -178.2   71.3    nan  1.010   93.2  3.789  5.323   64.8   80.4
L  -88.8  159.0  116.6 -176.3  -61.7    nan  1.056   98.1  3.796  5.405   67.7   89.5
D  -80.9  173.5  110.6  173.1   57.0    nan  0.985   83.2  3.775  5.320  -97.2 -106.6
A  -59.7  -40.9  118.3 -173.1    nan    nan  1.231   96.5  3.838  5.280  -74.1  -57.5
V  -63.7  -51.0  112.3  177.0 -174.1  -57.1  1.103   90.8  3.723  5.424   70.0   82.5
R  -67.2  -30.7  111.1 -176.0  -68.3    nan  1.076   99.4  3.720  5.165   54.3   74.1
R  -57.3  -42.0  109.2  175.7  -75.9    nan  0.997  102.5  3.814  5.720   86.4   94.5
A  -59.8  -36.7  111.9  178.2    nan    nan  1.054  102.2  3.837  5.325   68.5   83.8
A  -64.4  -39.2  110.1  179.0    nan    nan  1.024   98.0  3.827  5.511   72.1   85.1
L  -69.4  -37.7  108.8 -178.4 -176.0    nan  1.021   95.5  3.794  5.374   66.2   79.7
I  -63.3  -42.5  110.9  178.4  -62.8  170.2  1.043   96.7  3.751  5.381   71.0   84.6
N  -56.7  -47.0  111.1  178.9 -169.3    nan  0.975   98.9  3.813  5.341   77.1   86.9
M  -60.4  -41.0  111.8  179.6  -67.9    nan  1.038   99.2  3.772  5.320   62.7   80.3
V  -67.7  -33.2  109.4 -178.4  170.9  -69.8  1.047   98.6  3.798  5.316   64.8   80.2
F  -65.9  -38.4  109.5 -179.1 -177.9    nan  0.987   97.5  3.773  5.383   75.9   87.7
Q  -75.3  -47.2  114.4  179.8 -168.1    nan  1.047   83.1  3.752  5.187   53.3   74.8
M -114.3   -3.9  118.6 -168.9   78.8    nan  1.246   63.9  3.712  4.453    1.0   40.0
G   83.3  154.4  110.0  177.7    nan    nan    nan   75.4  3.686    nan    nan -107.1
E  -60.0  -33.8  113.8 -174.4  154.7    nan  1.088  102.8  3.680    nan    nan  -85.5
T  -72.9  -43.3  112.3 -178.5  -60.6 -176.7  0.984   88.1  3.717  5.438   67.5   83.1
G  -58.2  -47.8  108.5 -179.4    nan    nan    nan   98.9  3.687    nan    nan   85.9
V  -64.2  -41.5  113.2 -179.2 -178.8  -58.2  1.127   95.2  3.775    nan    nan   76.8
A  -58.2  -24.9  109.6 -178.1    nan    nan  1.122  110.9  3.818  5.422   70.6   88.8
G  -65.0  -20.4  115.3  176.2    nan    nan    nan  105.1  3.777    nan    nan   93.5
F  -86.8   60.5  108.4 -177.1  -77.6    nan  0.966  107.5  3.807    nan    nan   82.4
T  -49.7  -49.4  117.4 -176.9  -62.4 -175.9  1.071   98.9  3.736  6.105 -174.3 -166.4
N  -64.7  -44.1  113.6 -178.7  -55.9    nan  1.168   93.1  3.757  5.161   52.9   77.8
S  -66.0  -38.3  109.5 -178.8  -58.5    nan  0.965   97.4  3.793  5.464   77.3   78.7
L  -60.2  -43.6  110.3  179.6  -65.6    nan  1.060   98.8  3.815  5.378   74.2   87.5
R  -67.3  -38.1  112.3 -179.8  163.2    nan  0.978   95.0  3.718  5.153   69.7   77.6
M  -62.2  -40.4  109.7  178.4  -72.9    nan  1.116   99.3  3.769  5.409   61.5   85.6
L  -64.4  -44.0  108.9 -178.9  -76.4    nan  1.014   96.2  3.749  5.442   77.2   82.8
Q  -63.0  -32.2  110.0 -178.6 -172.9    nan  0.954  102.8  3.710  5.078   68.4   80.9
Q  -80.7   -0.8  112.7  177.6  -64.5    nan  1.068   99.0  3.764  5.330   45.8   73.9
K   67.7   25.7  116.2 -178.8  -46.9    nan  1.300   99.5  3.820  5.593 -123.5 -118.8
R  -97.6   78.5  106.8  176.9  -65.7    nan  0.953  104.7  3.860  6.061  119.8  107.9
W  -57.0  -50.8  116.4 -171.8  -43.8    nan  1.237   93.2  3.749  6.143 -170.6 -152.7
D  -66.9  -38.6  112.7 -177.8  -71.8    nan  1.108   94.9  3.717  5.258   60.2   74.7
E  -67.5  -37.5  114.0  177.5  -58.0    nan  1.051   94.3  3.706  5.383   66.9   81.2
A  -64.7  -40.2  108.6  179.7    nan    nan  0.965   98.0  3.758  5.297   74.5   84.9
A  -61.8  -40.0  111.4 -178.8    nan    nan  1.043   99.0  3.752  5.271   67.5   85.9
V  -66.4  -39.3  110.5  178.8  165.8  -72.8  1.030   96.1  3.746  5.350   67.4   80.4
N  -70.9  -36.4  111.8 -177.6 -175.4    nan  1.011   93.1  3.747  5.253   66.1   79.8
L  -63.0  -29.0  110.3 -178.0  -76.8    nan  0.993  104.3  3.792  5.398   77.1   89.3
A  -71.6  -18.3  114.6 -177.5    nan    nan  1.155  100.1  3.788  5.284   61.9   89.0
K  -90.0   73.1  108.6  178.8  -54.3    nan  0.948  107.8  3.787  5.543   70.0   78.0
S -154.7  155.7  106.1 -171.5   59.0    nan  0.964  150.8  3.747  5.456   96.6  101.7
R  -60.6  -39.8  108.8  174.9  178.4    nan  0.956  101.4  3.713  5.213  -79.7  -88.6
W  -47.2  -52.7  111.1  178.5  172.5    nan  1.001  101.6  3.825  5.318   83.7   97.2
Y  -67.5  -40.0  111.9 -177.0  179.0    nan  0.945   94.2  3.773  5.040   59.8   71.2
N  -70.7  -30.3  113.2 -179.0  -74.3    nan  1.058   95.5  3.764  5.103   55.7   78.9
Q  -81.9  -42.0  115.1  179.2  -65.7    nan  1.109   79.8  3.809  5.387   54.6   76.2
T -128.0   71.4  107.0  178.4   47.0  -66.1  1.000   91.3  3.842  5.015    3.1   18.2
P  -62.2  -41.2  115.4 -175.6   16.8    nan  1.067   95.8  3.738  6.053 -169.8 -166.6
N  -68.6  -39.6  111.3 -175.5  -69.6    nan  1.070   93.7  3.786  5.447   62.0   83.2
R  -67.6  -47.7  110.5  178.1  178.6    nan  1.031   90.9  3.726  5.310   68.5   78.9
A  -53.9  -43.9  109.9  179.5    nan    nan  1.081  103.5  3.807  5.286   68.4   84.8
K  -57.9  -42.9  112.9  178.3  -75.6    nan  1.081   99.5  3.811  5.507   72.7   84.1
R  -63.7  -43.1  112.1  179.0  -64.3    nan  1.075   95.3  3.764  5.326   70.6   81.1
V  -67.8  -43.2  111.3 -179.9  169.6  -59.9  1.070   92.6  3.831  5.279   62.1   77.5
I  -57.9  -45.6  111.7  178.6  -72.1  168.3  1.108   98.5  3.797  5.401   66.8   85.2
S  -62.5  -33.2  110.6 -177.5  173.0    nan  1.040  102.4  3.817  5.305   68.6   81.4
T  -67.0  -43.6  109.6  179.1  -61.5 -176.3  1.049   94.0  3.772  5.331   66.8   85.2
F  -66.6  -36.5  110.5  177.3  -78.3    nan  1.024   97.3  3.828  5.520   63.2   75.1
R  -65.9  -47.5  112.0  179.9 -145.3    nan  1.103   91.4  3.798  5.366   68.9   84.8
T  -94.8  -27.5  117.9 -176.2   68.5  -53.1  1.133   73.1  3.798  5.087   30.3   53.3
G   74.5   16.6  111.6 -176.6    nan    nan    nan   98.9  3.716    nan    nan -133.0
T -127.5  176.2  106.0  177.9   68.3  -52.3  0.909  128.5  3.839    nan    nan   71.3
W  -99.0   19.4  111.1 -179.7  -70.6    nan  0.934   88.3  3.795  5.224 -101.1  -97.5
D  -58.7  -30.4  118.6 -175.6  -58.4    nan  1.086  104.0  3.723  5.819  129.0  150.0
A  -70.1  -13.3  109.3 -176.9    nan    nan  1.007  105.1  3.817  5.416   76.9   89.7
Y -104.7    2.3  110.0 -179.1  -76.8    nan  1.072   76.1  3.682  5.194   45.1   69.6
K  -98.5    nan  110.2  178.0  -84.9    nan  1.138    nan  3.795  5.660   62.9   88.1
