Id   phi    psi    tau  omega    chi    chi2  solid    eta  CA-CA  CB-CB  BA^AB  NA^AC
M    nan  150.6  106.1    nan  176.3    nan  0.959    nan    nan    nan    nan    nan
N -152.1  179.2  108.4  175.5   60.0    nan  1.059  152.4  3.745  5.642  170.0  174.8
I  -58.6  -36.6  115.0 -177.4 -167.7   60.1  1.141  101.7  3.807  5.199  -59.2  -53.3
F  -68.9  -47.8  110.2 -178.5  -74.3    nan  1.064   90.2  3.742  5.425   67.3   83.7
E  -65.5  -36.1  110.8 -179.8  -72.5    nan  0.934   98.3  3.744  5.232   71.1   74.5
M  -63.1  -53.2  111.0  179.5  178.8    nan  1.030   90.8  3.755  5.119   69.0   87.2
L  -64.6  -31.9  112.6  179.4  -79.6    nan  1.092  100.4  3.788  5.244   50.7   70.8
R  -63.4  -33.9  111.3  179.0  173.7    nan  1.087  101.0  3.764  5.463   75.8   91.0
I  -74.4  -40.7  109.6  176.5  -79.8  155.4  0.992   89.6  3.801  5.417   66.1   75.9
D  -71.1  -34.1  114.8 -178.8  -81.4    nan  1.095   92.6  3.798  5.241   56.1   77.8
E  -98.3  -29.3  117.2 -175.2  -59.6    nan  1.122   69.7  3.804  5.102   38.4   62.7
G   75.0 -167.5  110.1 -172.9    nan    nan    nan   79.6  3.776    nan    nan -129.6
L -143.3  125.6  110.1  177.1  160.2    nan  1.021  129.4  3.777    nan    nan -124.1
R -131.3  133.6  108.3  177.6  -74.8    nan  1.054  128.7  3.834  5.876  172.4  169.1
L  -93.5   -3.9  115.7 -178.8  -53.7    nan  1.189   84.8  3.754  5.819 -143.5 -138.3
K -122.6  155.4  106.0  176.9   18.8    nan  1.013  125.9  3.725  5.451   46.8   57.6
I  -49.7  135.1  109.8  179.6  -68.4  167.2  1.060   74.0  3.746  5.263  -66.2  -76.1
Y -139.6  162.0  111.0  179.0   64.8    nan  1.092  142.8  3.842  5.779  175.0  173.4
K  -91.1  132.0  108.8  175.4  -82.3    nan  1.080  104.6  3.772  5.509 -111.4 -109.0
D  -78.5 -168.2  112.7 -178.3   67.2    nan  1.150   74.2  3.762  5.796 -126.6 -125.4
T  -59.5  -27.7  112.9 -179.4   70.8  -52.6  1.201  107.0  3.851  5.153  -49.1  -40.1
E  -94.2   -0.5  113.3  179.7  -58.1    nan  1.065   85.6  3.853  5.534   54.3   65.7
G   80.5   22.9  112.1 -177.8    nan    nan    nan   90.4  3.803    nan    nan -102.9
Y -102.9  155.3  108.7  178.0  -55.3    nan  0.975  109.5  3.772    nan    nan  104.4
Y  -65.6  126.1  112.9  179.1  -73.6    nan  1.092   92.4  3.711  5.137  -90.4  -93.7
S -144.2  175.2  109.9 -176.5  -67.3    nan  0.951  145.5  3.733  5.706  177.7  157.8
I -155.4  164.6  109.6  173.7 -162.2   76.1  1.075  156.0  3.696  5.289 -174.8 -158.6
G   63.3 -126.3  115.1  174.5    nan    nan    nan   92.3  3.845    nan    nan   36.5
I -103.4   74.6  110.0 -179.1  -58.9  176.7  1.083  105.0  3.812    nan    nan  -32.9
G   67.9   31.4  114.6  179.3    nan    nan    nan   96.9  3.731    nan    nan  -49.8
H  -90.0  109.8  111.1  179.5 -176.8    nan  1.027  109.8  3.795    nan    nan  125.2
L  -69.5  133.1  112.2 -180.0  174.4    nan  1.033   91.1  3.818  6.020 -133.8 -141.6
L  -95.9  -54.2  110.1  179.3  -68.5    nan  1.066   70.3  3.663  5.709 -144.7 -143.9
T -157.3  148.8  113.0 -174.2 -168.4   62.6  1.070  150.1  3.724  4.527  -35.7  -20.9
K  -93.3  -11.1  112.4  177.2  -54.1    nan  1.104   82.6  3.752  5.586 -125.0 -127.6
S  -72.8  144.2  109.6  176.1  122.6    nan  1.085   87.0  3.782  5.693   86.2   98.1
P  -82.1   18.9  116.1 -171.9   17.9    nan  1.031  105.8  3.735  5.329 -101.5 -116.4
S -116.1  117.8  113.2 -175.3  161.0    nan  1.027  121.2  3.676  5.202   66.1   89.8
L  -62.2  -28.2  112.6 -177.1  165.4    nan  1.137  104.5  3.850  6.009 -125.2 -129.6
N  -76.0  -38.1  108.8  176.3  -61.6    nan  1.083   89.8  3.698  5.567   62.1   80.0
A  -61.0  -31.9  106.7  176.4    nan    nan  1.155  106.2  3.744  5.562   67.4   83.8
A  -67.4  -48.5  114.0  177.9    nan    nan  1.067   88.4  3.811  5.646   78.9   85.8
K  -60.7  -37.7  111.5 -179.1  -72.5    nan  1.003  101.1  3.731  5.085   70.3   80.2
S  -61.8  -47.2  112.7  178.4  170.1    nan  1.167   94.1  3.760  5.303   61.5   86.5
E  -65.6  -39.4  108.2 -179.3  -74.8    nan  0.972   98.0  3.741  5.275   71.7   75.4
L  -60.2  -51.1  111.8  178.4  176.8    nan  1.134   93.5  3.723  5.280   63.1   85.8
D  -64.0  -35.8  113.3 -177.7  -63.6    nan  1.116   98.5  3.780  5.330   60.3   76.0
K  -61.8  -40.8  113.1  177.9  171.8    nan  0.980   97.5  3.760  5.332   80.6   88.2
A  -73.1  -32.7  114.1 -180.0    nan    nan  1.069   91.9  3.793  5.053   49.5   75.1
I  -90.3  -25.7  111.3 -178.1  -58.5  178.1  1.035   80.7  3.869  5.338   47.1   66.8
G   76.2   37.0  114.1 -178.2    nan    nan    nan   87.3  3.747    nan    nan -131.7
R -164.0  163.0  109.7  179.2   87.4    nan  1.081  161.2  3.928    nan    nan   50.9
N  -80.0  101.7  107.2  176.5 -105.3    nan  0.991  104.5  3.826  5.401  -90.0  -98.0
T  -87.7  -28.2  111.8 -171.7   60.1  -60.9  1.006   82.0  3.717  6.025 -157.2 -160.4
N   59.3   37.3  110.7 -174.0 -160.7    nan  1.154  102.9  3.677  5.423 -151.0 -146.2
G   81.5    1.8  118.1  174.3    nan    nan    nan   97.7  3.859    nan    nan  -76.2
V -130.8  134.0  111.5 -178.5 -165.7  -48.2  1.085  130.8  3.793    nan    nan   58.0
I -126.1  168.0  110.8 -178.2   62.1  -60.0  1.085  129.5  3.843  5.862 -169.0 -173.5
T  -93.0  173.9  107.6  178.8   67.7  -49.3  0.994   94.9  3.707  5.409 -100.5 -101.8
K  -57.0  -44.9  110.5  176.3 -171.1    nan  1.104  100.3  3.818  5.096  -66.1  -63.5
D  -56.2  -50.3  115.8  174.9  -89.3    nan  1.035   94.4  3.770  5.307   73.8   82.6
E  -58.3  -45.4  109.7  177.7  -80.0    nan  0.978   99.5  3.763  5.041   65.5   78.4
A  -61.5  -42.8  110.4  178.3    nan    nan  1.061   98.1  3.746  5.274   60.6   79.1
E  -68.1  -29.8  111.6 -178.6  -71.5    nan  1.118   98.9  3.747  5.350   59.5   78.6
K  -67.3  -42.5  111.7  178.6 -169.9    nan  1.080   93.1  3.671  5.433   76.0   89.2
L  -61.8  -39.6  109.5  177.5  -65.0    nan  1.005  100.2  3.813  5.493   74.3   81.0
F  -58.0  -51.0  112.2  179.2 -175.7    nan  1.142   94.8  3.763  5.221   67.3   88.4
N  -55.6  -43.9  111.0  178.1  -77.0    nan  1.044  101.7  3.821  5.496   69.2   79.8
Q  -61.4  -42.9  111.0  177.8  -60.4    nan  1.035   97.9  3.805  5.438   69.8   80.5
D  -67.6  -37.3  114.7 -177.6  -64.5    nan  1.159   93.9  3.743  5.202   57.7   80.2
V  -67.7  -42.5  110.1  177.2  177.1  -65.0  1.101   93.7  3.770  5.469   66.2   80.8
D  -57.8  -47.9  111.0 -180.0 -173.0    nan  1.094   97.6  3.786  5.418   68.8   86.5
A  -60.1  -41.1  111.3  178.0    nan    nan  1.035   99.7  3.773  5.379   66.8   78.0
A  -62.8  -48.9  110.8 -178.9    nan    nan  1.098   93.6  3.806  5.432   68.5   84.5
V  -57.3  -44.0  110.6 -178.9  171.0  -62.7  1.082  100.5  3.777  5.364   72.0   82.1
R  -70.8  -31.9  111.8 -175.8  -81.6    nan  1.128   95.4  3.777  5.160   54.4   76.8
G  -68.5  -38.5  109.2  177.4    nan    nan    nan   95.5  3.758    nan    nan   84.4
I  -61.2  -43.5  108.8  179.4  -72.7  157.5  1.021   98.9  3.777    nan    nan   86.1
L  -67.4  -26.3  113.6 -175.6  -64.7    nan  1.160  100.4  3.770  5.218   56.5   80.2
R  -85.8  -19.6  115.7  179.5 -116.6    nan  0.996   85.6  3.705  5.258   68.7   76.0
N  -88.5  120.4  113.4 -174.2 -175.3    nan  1.117  109.2  3.784  5.142   53.7   84.2
A  -55.6  -29.1  115.3 -178.1    nan    nan  1.095  108.8  3.807  5.852 -102.1 -118.7
K  -88.6  -29.0  113.3 -178.8 -102.1    nan  0.955   80.2  3.733  5.218   65.2   72.9
L  -88.7  -41.1  114.0 -174.8  -57.0    nan  1.106   75.5  3.720  4.972   46.6   75.9
K  -48.5  -50.9  114.3 -176.5  178.5    nan  1.101  100.2  3.708  5.388   86.4  100.9
P  -62.7  -30.7  111.4 -175.2   14.5    nan  1.016  103.2  3.769  5.147   64.9   79.5
V  -69.8  -46.1  109.8  176.5 -176.4  -54.5  1.089   90.6  3.745  5.440   60.3   83.8
Y  -59.8  -45.1  111.3 -178.5 -171.4    nan  1.005   97.6  3.770  5.279   71.9   82.3
D  -62.5  -30.6  112.4 -177.7  -79.6    nan  1.047  103.0  3.711  5.206   63.3   82.3
S  -76.9  -21.2  115.1 -179.2   74.8    nan  1.088   93.5  3.766  5.284   61.9   82.1
L  -86.9  164.4  114.8 -173.5  -62.0    nan  1.008   93.4  3.812  5.420   70.4   86.6
D  -78.3  166.4  110.6  170.5   60.9    nan  1.050   83.3  3.730  5.215  -98.8  -99.3
A  -58.5  -41.8  116.9 -176.4    nan    nan  1.222   97.6  3.790  5.341  -76.1  -67.8
V  -63.2  -46.1  110.8  177.9 -179.7  -62.6  1.071   94.8  3.787  5.540   72.8   82.2
R  -71.2  -26.3  111.7 -177.2  -67.7    nan  1.118   97.7  3.778  5.244   51.4   73.6
R  -63.2  -40.0  110.7  175.6  -84.0    nan  1.038   98.2  3.756  5.717   86.0   93.7
A  -60.2  -35.9  111.3  177.0    nan    nan  1.053  102.6  3.853  5.401   73.1   84.2
A  -66.1  -33.6  111.6  176.3    nan    nan  1.064   98.7  3.841  5.478   68.1   82.4
L  -74.2  -40.3  108.7  179.9 -176.7    nan  1.000   90.4  3.782  5.395   66.8   79.2
I  -59.5  -43.1  111.1  176.7  -61.6  171.2  1.092   99.1  3.746  5.337   65.3   84.3
N  -56.5  -45.4  109.3  179.3 -169.4    nan  0.965  101.0  3.866  5.443   79.0   86.2
M  -61.9  -43.1  113.0  178.3  -73.3    nan  1.030   96.2  3.776  5.321   62.9   79.4
V  -66.9  -36.9  109.1 -176.5  169.1  -71.8  1.067   97.7  3.782  5.216   62.9   80.6
F  -61.6  -42.4  111.0  178.3 -177.0    nan  0.974   97.9  3.801  5.421   80.1   86.6
Q  -72.7  -48.7  114.6 -178.8  175.9    nan  1.131   84.1  3.774  5.112   47.4   74.9
M -109.7   -5.6  118.3 -172.7   91.7    nan  1.270   67.8  3.792  4.774    5.0   40.2
G   90.7  153.4  111.6 -178.6    nan    nan    nan   81.1  3.645    nan    nan -101.1
E  -63.0  -40.3  112.3 -177.2 -176.2    nan  1.046   97.3  3.718    nan    nan  -91.9
T  -69.9  -43.2  112.0 -178.8  -59.1 -179.8  1.057   90.5  3.732  5.285   57.5   78.8
G  -58.9  -43.6  108.6  179.7    nan    nan    nan  100.6  3.761    nan    nan   84.4
V  -72.5  -42.7  114.3 -179.1  176.3  -57.9  1.184   87.3  3.782    nan    nan   73.3
A  -56.2  -18.1  110.6 -178.8    nan    nan  1.063  116.0  3.849  5.431   77.1   89.6
G  -71.2  -29.6  116.8  177.6    nan    nan    nan   93.9  3.764    nan    nan   95.6
F  -71.3   48.4  109.4 -179.0  -77.2    nan  1.014  116.6  3.897    nan    nan   86.7
T  -45.5  -54.8  115.6 -173.8  -75.5  167.7  1.023   98.8  3.799  6.226 -172.6 -171.9
N  -62.2  -44.4  112.9 -178.5  -54.9    nan  1.178   95.3  3.644  4.822   50.8   75.0
S  -65.0  -37.1  108.8 -178.8  -64.9    nan  0.937   99.3  3.824  5.583   80.1   79.2
L  -61.9  -44.2  110.0 -177.4  -64.9    nan  1.086   97.3  3.774  5.259   70.6   89.1
R  -61.9  -42.1  113.8  178.9  179.2    nan  1.023   96.4  3.707  5.203   71.6   81.2
M  -62.4  -40.0  108.5  178.2  -78.5    nan  1.043  100.0  3.805  5.340   64.5   81.3
L  -64.1  -45.8  112.4  178.8  -69.2    nan  1.065   93.4  3.754  5.399   69.3   82.5
Q  -59.0  -31.9  109.5 -178.9 -144.7    nan  0.949  106.6  3.825  5.321   76.5   83.4
Q  -83.7   -3.7  112.6 -179.3  -54.0    nan  1.099   94.9  3.800  5.223   44.9   73.0
K   64.2   34.8  114.3 -179.8  -49.2    nan  1.156   98.3  3.790  5.553 -124.1 -124.4
R  -99.4   78.6  106.8  177.0  -69.1    nan  0.947  104.3  3.775  5.933  118.8  114.5
W  -57.0  -55.0  119.7 -170.3  -41.2    nan  1.332   88.5  3.727  6.110 -177.1 -149.9
D  -65.0  -33.5  110.8 -178.1  -71.4    nan  1.126  100.1  3.732  5.195   59.8   72.8
E  -67.9  -43.7  113.1  175.3  -56.8    nan  1.115   91.2  3.801  5.687   63.0   82.7
A  -63.0  -36.7  110.4 -176.8    nan    nan  0.978  100.3  3.735  5.280   76.7   83.9
A  -64.7  -40.3  110.2 -177.1    nan    nan  1.084   97.1  3.763  5.246   65.2   87.4
V  -66.8  -42.6  111.3  178.7  168.2  -75.3  1.028   93.7  3.742  5.389   70.1   79.5
N  -67.1  -41.5  110.9 -178.3 -172.6    nan  1.055   94.3  3.721  5.130   62.5   79.2
L  -60.7  -31.4  112.8 -179.7  -78.6    nan  1.059  104.0  3.804  5.481   71.8   86.0
A  -69.6  -21.1  112.6 -178.0    nan    nan  1.126  101.2  3.817  5.394   67.2   88.0
K  -87.7   71.4  111.3  177.5  -54.1    nan  0.975  110.9  3.803  5.564   69.9   77.2
S -154.7  156.8  107.2 -173.2   58.2    nan  0.972  151.7  3.732  5.403   97.4   98.2
R  -61.1  -37.6  108.9  176.3  165.7    nan  0.984  102.1  3.686  5.246  -79.1  -86.9
W  -50.6  -49.1  111.4 -179.2  164.7    nan  1.024  101.7  3.870  5.383   83.6   97.9
Y  -68.6  -38.3  111.7  178.8  179.2    nan  0.968   94.1  3.786  5.108   57.3   69.9
N  -69.5  -31.6  114.1 -179.6  -79.0    nan  1.084   95.7  3.772  5.176   56.0   81.5
Q  -85.9  -40.6  113.2 -177.9  -68.7    nan  1.018   78.4  3.803  5.359   56.1   73.1
T -127.3   71.6  109.5  178.7   51.1  -65.4  1.067   93.5  3.759  4.798   -4.1   20.8
P  -65.3  -42.2  116.0 -176.0   15.1    nan  1.057   92.4  3.720  6.068 -167.2 -170.6
N  -66.6  -44.9  112.2 -177.7  -71.2    nan  1.048   92.1  3.723  5.300   64.2   83.0
R  -61.0  -47.9  109.1  177.7 -171.9    nan  1.020   96.5  3.764  5.290   68.9   79.5
A  -58.5  -41.6  110.1 -178.9    nan    nan  1.082  101.3  3.789  5.289   65.3   81.5
K  -60.3  -38.5  111.3  179.7  -72.1    nan  0.990  101.0  3.840  5.570   81.3   85.1
R  -61.5  -45.1  113.5 -179.8  -66.4    nan  1.123   95.1  3.733  5.239   70.5   88.2
V  -65.6  -42.1  112.0  178.8  178.3  -60.7  1.099   94.5  3.773  5.271   62.8   77.0
I  -64.4  -38.7  112.4  179.0  -73.3  164.2  1.092   97.0  3.822  5.461   65.6   80.9
T  -64.6  -35.2  110.0 -179.9  -72.7  171.4  1.019  100.0  3.801  5.399   74.3   84.0
T  -64.3  -42.7  109.6  178.8  -54.0 -174.9  1.097   96.6  3.696  5.309   65.5   85.9
F  -71.2  -34.1  110.0  179.7  -82.0    nan  0.973   94.9  3.797  5.449   66.2   73.6
R  -62.2  -47.0  112.8 -178.7 -155.2    nan  1.143   93.9  3.718  5.300   67.9   91.7
T  -98.0  -27.9  118.4 -174.1   60.3  -62.2  1.109   69.9  3.790  5.042   33.6   51.4
G   73.9   14.3  113.5 -172.4    nan    nan    nan  100.1  3.744    nan    nan -131.8
T -122.8  173.9  109.3  174.7   68.5  -52.6  0.961  124.7  3.848    nan    nan   72.2
W -100.0   17.5  110.3  177.6  -66.9    nan  0.963   86.4  3.786  5.248 -105.2 -102.7
D  -52.6  -31.8  118.1 -176.7  -54.9    nan  1.192  108.6  3.771  5.922  128.4  152.5
A  -66.8  -21.0  108.2 -177.1    nan    nan  1.080  105.4  3.849  5.686   79.9   91.1
Y -101.6    4.4  112.6 -177.3  -68.7    nan  1.107   80.1  3.718  5.210   46.2   68.4
K  -92.4    nan  117.0 -179.9  -54.8    nan  1.479    nan  3.748  5.516   51.5   99.3
