Id   phi    psi    tau  omega    chi    chi2  solid    eta  CA-CA  CB-CB  BA^AB  NA^AC
K    nan  127.4  112.6    nan  176.8    nan  1.109    nan    nan    nan    nan    nan
V -106.7  116.4  107.7  177.5  175.7  -64.4  1.032  112.8  3.804  5.838 -154.2 -164.3
F  -82.5  162.9  111.6 -179.5  -87.6    nan  0.909   89.0  3.709  5.789 -129.2 -146.0
G  -90.6  156.5  107.8  170.1    nan    nan    nan   97.6  3.741    nan    nan -112.1
R  -52.0  -59.5  115.1 -178.4  174.5    nan  1.130   91.4  3.806    nan    nan  -74.5
C  -68.1  -32.1  110.9 -179.2  -73.1    nan  1.027   98.0  3.789  5.112   50.5   63.5
E  -60.6  -44.1  110.5  177.2 -176.7    nan  1.007   98.1  3.811  5.446   78.3   91.1
L  -69.5  -42.4  110.8  177.0 -178.8    nan  1.041   91.9  3.820  5.256   54.1   71.9
A  -53.1  -48.4  110.1  178.5    nan    nan  1.024  101.2  3.801  5.376   78.2   89.7
A  -62.7  -45.2  114.1 -179.3    nan    nan  1.072   93.8  3.795  5.189   59.8   78.0
A  -60.9  -43.0  110.3  179.0    nan    nan  1.027   98.6  3.764  5.232   67.1   81.1
M  -67.7  -36.4  111.0 -179.4  -72.9    nan  1.059   96.2  3.813  5.320   59.5   77.4
K  -62.3  -44.6  111.5  176.5  179.9    nan  1.113   96.0  3.728  5.375   68.6   85.6
R  -57.5  -34.2  113.0  177.6  -74.8    nan  1.006  105.1  3.789  5.429   79.4   83.7
H  -87.7    8.2  112.3 -175.2  -81.6    nan  1.122   95.4  3.743  5.033   43.4   71.0
G   75.4   32.6  118.6  176.5    nan    nan    nan   87.8  3.792    nan    nan -106.5
L  -86.9  -18.7  113.2  178.9  -76.3    nan  1.087   85.7  3.806    nan    nan  128.3
D  -62.5  114.9  111.1 -177.7 -169.5    nan  1.065   95.5  3.797  5.695   93.9  106.6
N   67.3   15.9  115.4 -177.5  -70.1    nan  1.175  105.3  3.784  4.995   12.8  -10.6
Y  -63.8  127.3  109.8  176.3 -179.4    nan  1.031   88.5  3.760  5.984  131.6  132.0
R   54.3   26.8  112.2 -175.3  -65.1    nan  1.196  112.5  3.867  5.202    9.4   -6.6
G   90.1    1.2  115.6  174.9    nan    nan    nan   89.3  3.776    nan    nan  -77.0
Y -100.6  110.8  113.5 -179.0  -68.0    nan  1.050  115.5  3.814    nan    nan   88.9
S  -59.5  155.2  111.0  179.5   66.2    nan  1.063   70.7  3.762  5.840 -123.0 -134.4
L  -46.9  -42.9  116.9 -177.8 -167.0    nan  1.126  106.0  3.835  5.302  -66.1  -72.4
G  -54.0  -34.2  111.5 -179.1    nan    nan    nan  108.6  3.839    nan    nan   92.1
N  -55.4  -50.4  111.5  178.6  -75.1    nan  1.055   97.4  3.791    nan    nan   95.7
W  -65.0  -37.6  113.5 -177.5  -53.4    nan  1.065   96.5  3.812  5.114   59.8   75.2
V  -66.7  -48.8  109.0  179.1  177.9  -61.3  1.075   92.0  3.803  5.372   63.1   82.1
C  -58.9  -42.8  110.7 -179.6 -178.8    nan  1.083   99.9  3.794  5.333   62.9   79.6
A  -58.0  -52.1  111.6  177.5    nan    nan  1.137   94.5  3.809  5.428   64.8   84.3
A  -59.4  -38.9  112.2  179.0    nan    nan  1.067  101.1  3.822  5.365   64.2   76.2
K  -57.0  -56.6  111.8  178.9  170.7    nan  1.040   92.3  3.806  5.429   78.3   90.2
F  -76.0  -24.3  115.8 -179.9  -59.9    nan  1.191   92.6  3.807  4.984   30.2   58.4
E  -79.6  -46.0  112.9  175.9  -73.0    nan  1.086   81.4  3.807  5.654   69.5   81.3
S -130.4   -1.6  115.8 -173.8   72.5    nan  1.076   48.9  3.765  4.647   -1.1   19.5
N   61.1   33.5  110.7 -175.1 -151.3    nan  1.098  103.5  3.750  5.444 -121.2 -120.8
F   66.4   20.0  114.4  177.0  -62.8    nan  1.073  104.3  3.825  5.443  -80.0  -89.8
N  -99.8  120.3  111.3 -175.8 -163.8    nan  1.056  113.3  3.804  5.715   90.5  107.5
T  -70.1  -17.7  115.0 -178.4   65.2  -58.4  1.133  101.8  3.805  5.994 -126.8 -131.0
Q  -96.7   -3.3  115.8 -176.5  -75.5    nan  1.027   81.8  3.836  5.398   65.2   77.1
A  -60.2  138.2  113.1 -176.1    nan    nan  1.061   81.8  3.783  5.685  107.8  124.6
T -142.3  148.6  107.1  173.6   71.1  -47.8  0.988  140.3  3.775  5.695  175.6  169.9
N -141.1  126.4  113.0  179.7  -61.7    nan  1.097  131.3  3.821  5.671 -176.0 -172.8
R  -82.9  135.5  112.5  179.0  -91.4    nan  1.069  100.3  3.771  5.743 -128.6 -142.5
N -109.2  153.7  112.5  179.5  -56.0    nan  1.069  117.1  3.799  5.778 -150.1 -158.0
T  -59.8  -30.1  112.5  179.7   75.0  -46.4  1.123  105.6  3.768  5.444  -83.3  -88.4
D  -75.6    5.4  114.5 -179.5   66.5    nan  1.142  106.6  3.814  5.520   63.5   83.6
G   94.9  -11.7  113.6  179.6    nan    nan    nan   89.9  3.804    nan    nan  -87.8
S  -85.8  170.1  111.3 -179.7   74.0    nan  1.081   89.4  3.810    nan    nan   89.2
T -138.0  147.8  107.0  178.5  -58.8  179.6  0.967  137.2  3.775  5.456 -142.4 -146.6
D -101.4  127.5  108.1  176.2  -61.6    nan  1.032  111.2  3.812  5.699 -136.3 -137.5
Y -116.0  132.0  117.4 -173.3  -67.9    nan  1.042  126.9  3.835  5.863 -156.2 -165.8
G   78.5 -169.4  117.1  169.5    nan    nan    nan   83.5  3.781    nan    nan    5.2
I  -52.9  -34.0  114.5 -176.9 -164.2   73.1  1.160  108.3  3.718    nan    nan  -33.1
L -109.4   11.7  113.7  179.0  -74.2    nan  1.148   75.6  3.821  5.246   21.4   46.4
Q   47.3   53.5  114.0  175.9  -68.0    nan  1.087   99.4  3.792  5.620 -123.7 -128.9
I  -74.4  126.3  111.0 -178.6  -69.3  170.7  1.065   96.9  3.786  6.111  154.0  159.5
N  -80.1  136.6  115.4 -173.0 -172.1    nan  1.079   99.5  3.841  5.889 -125.4 -131.4
S  -76.3   -7.7  115.8 -178.2   65.1    nan  1.115  100.3  3.840  5.733 -114.7 -124.2
R  -77.2  -44.0  110.9  178.4 -178.5    nan  1.072   85.3  3.800  5.729   86.1  100.3
W -104.1  -39.6  116.9 -177.5  -47.1    nan  1.052   62.1  3.800  5.022   26.5   45.6
W  -93.5  -46.2  121.5 -166.3  -44.0    nan  1.237   65.2  3.760  4.683   35.2   71.3
C -129.9  161.8  107.6 -178.2   61.6    nan  1.019  133.0  3.785  4.890    0.8   16.6
N -104.8  127.6  112.2  178.5  178.5    nan  1.088  116.5  3.725  5.610 -128.8 -118.6
D -111.0    9.6  112.1  179.1   69.0    nan  1.120   72.9  3.771  5.829 -165.8 -164.2
G   68.0    4.2  114.0  177.0    nan    nan    nan  110.2  3.799    nan    nan -110.5
R -140.2   13.5  115.8 -178.3   69.1    nan  1.123   47.0  3.793    nan    nan   52.2
T -110.8  117.3  111.5 -179.7  -57.4 -176.5  1.016  117.8  3.818  5.661   76.5   86.9
P  -68.9  139.1  111.0  178.6   -0.1    nan  0.990   86.9  3.750  5.765 -124.6 -137.0
G   78.1   28.4  113.0  178.3    nan    nan    nan   90.0  3.808    nan    nan   22.4
S  -67.6  128.7  113.5 -178.1  173.2    nan  1.151   92.9  3.798    nan    nan  144.8
R -103.3  -25.1  114.4  178.7  -56.9    nan  1.159   67.7  3.810  5.893 -153.6 -157.1
N   49.2   53.2  114.6  178.8 -162.6    nan  1.125   98.0  3.847  5.673 -158.5 -158.6
L  -68.3  -18.9  116.0  179.2  -54.7    nan  1.145  102.6  3.782  6.157  161.3  165.4
C  -89.0   -9.5  110.9  176.0  -72.2    nan  1.080   87.6  3.800  5.543   60.4   77.0
N   58.9   44.0  113.2  179.7 -114.8    nan  0.990   97.9  3.750  5.412 -127.8 -134.5
I -144.1  152.7  107.7  179.1   37.6  -98.5  1.073  143.3  3.765  5.488   65.1   80.4
P  -70.6  139.8  107.5  172.0   -2.8    nan  0.918   86.0  3.766  5.242  -84.4 -104.1
C  -58.6  -29.5  111.4  179.6  -59.5    nan  1.070  107.5  3.801  5.703 -101.1 -101.1
S  -54.6  -33.4  113.8 -179.1   80.0    nan  1.171  107.6  3.829  5.613   83.6  103.0
A  -64.7  -23.2  111.1  179.8    nan    nan  1.023  105.3  3.829  5.519   81.8   88.7
L  -83.8    2.4  112.7 -178.0  -54.4    nan  1.107   97.2  3.779  5.349   56.5   82.0
L -107.1   14.4  110.5  179.0  -66.2    nan  1.063   78.4  3.744  5.552   63.2   81.0
S  -74.4  155.4  110.1  177.6  173.2    nan  0.980   83.8  3.762  5.877  115.1  122.0
S  -73.7  -15.9  110.4  174.2   46.7    nan  1.065  100.3  3.785  5.537 -104.5 -101.2
D  -92.1  124.3  107.8  175.2  177.4    nan  0.983  105.8  3.817  5.533   60.0   74.4
I  -79.3   -4.5  117.5 -172.7   72.2  -49.3  1.156   98.6  3.843  5.959 -135.0 -131.0
T  -45.8  -54.5  114.7 -177.2  -51.8 -171.3  1.127   99.3  3.834  5.940  125.1  136.3
A  -59.1  -42.6  111.5 -178.2    nan    nan  1.104   99.5  3.840  5.352   61.4   77.3
S  -62.2  -45.3  111.6  179.1  -74.8    nan  1.068   95.5  3.797  5.363   69.5   82.0
V  -65.6  -45.3  110.7  179.5  169.6  -71.3  1.028   93.6  3.784  5.283   63.5   76.7
N  -60.2  -41.6  112.4 -179.5  -70.8    nan  1.095   98.7  3.782  5.352   65.1   82.9
C  -68.1  -38.3  110.7  177.3 -176.5    nan  1.061   95.2  3.781  5.340   63.2   76.1
A  -59.9  -35.4  113.4  179.4    nan    nan  1.147  102.1  3.836  5.488   68.1   88.7
K  -66.3  -38.7  109.2  178.6  -70.5    nan  1.021   97.2  3.786  5.526   76.4   84.2
K  -63.0  -46.3  110.2  178.2  -67.7    nan  1.020   95.3  3.776  5.396   74.2   83.5
I  -55.1  -52.0  112.7  180.0  -64.9  170.4  1.074   95.9  3.787  5.237   72.3   86.0
V  -69.8  -29.9  112.5 -175.3   84.0 -153.9  1.090   96.8  3.783  5.048   49.8   71.4
S  -74.7  -27.0  111.3 -178.6   89.2    nan  1.098   94.3  3.763  5.448   62.0   84.0
D  -89.4   19.2  119.0 -174.6  -74.2    nan  1.162   99.7  3.801  5.293   52.3   77.1
G  160.5 -113.3  118.2  176.7    nan    nan    nan  121.2  3.782    nan    nan   -9.8
N  -67.1    8.9  115.4 -176.1 -162.6    nan  1.106  116.5  3.757    nan    nan   21.8
G   64.0 -127.6  111.6  178.8    nan    nan    nan   89.7  3.864    nan    nan -113.1
M  -86.0    2.0  114.2 -179.3  -68.7    nan  1.158   94.9  3.801    nan    nan  -17.4
N  -65.4  -16.9  112.7  177.0  -76.8    nan  1.035  107.3  3.737  5.887  115.8  118.9
A  -60.6  -24.8  111.1  176.0    nan    nan  1.025  108.3  3.826  5.644   94.1  104.5
W  -98.5  110.6  110.9  177.5  -69.4    nan  1.079  112.5  3.777  5.273   39.0   62.9
V  -57.5  -46.1  115.0 -179.8 -167.2  -43.5  1.017   96.7  3.770  5.765 -111.5 -131.6
A  -63.0  -32.5  110.3  179.8    nan    nan  1.101  102.5  3.798  5.144   56.5   79.2
W  -67.2  -51.5  110.6  178.5  176.8    nan  1.072   89.2  3.774  5.566   71.2   85.9
R  -60.6  -38.8  114.7 -178.6   79.2    nan  1.291   98.9  3.681  5.090   46.4   78.0
N  -85.0  -32.7  116.5 -177.8  -73.3    nan  1.097   80.4  3.806  5.525   56.5   69.4
R -117.7   -9.4  117.6 -171.6  -52.5    nan  1.141   58.3  3.767  4.735   20.9   46.8
C -113.3  -52.9  112.4  179.9  -60.8    nan  1.070   58.8  3.810  5.403   45.3   65.5
K  -53.7  129.4  110.3  179.7  179.4    nan  1.019   80.9  3.753  5.172   71.9   81.0
G   94.9   -7.0  113.6 -178.4    nan    nan    nan   88.0  3.780    nan    nan   30.1
T -110.3  170.8  108.5  177.3   67.5  -53.5  1.044  113.0  3.797    nan    nan   68.1
D  -77.5   91.7  108.7  178.1  172.8    nan  1.032  107.8  3.755  5.283  -85.2  -84.3
V  -71.8  -19.2  113.6 -175.9  -64.0   58.4  1.155   99.8  3.827  6.218 -162.4 -157.5
Q  -62.5  -19.6  111.9  178.5  179.9    nan  1.127  108.9  3.733  5.706   90.6  103.8
A  -63.2  -21.8  110.8 -179.1    nan    nan  1.068  107.5  3.788  5.677   90.0  103.6
W  -71.1  -21.1  114.1 -178.3  -73.9    nan  1.128   99.4  3.772  5.559   73.1   95.8
I -108.5    6.5  110.4 -179.9   60.3  -63.0  1.092   73.9  3.803  5.329   37.9   59.1
R  -60.1  129.0  111.5 -179.7 -137.2    nan  1.033   86.2  3.801  5.970  122.7  130.0
G   79.7    9.7  115.2  175.4    nan    nan    nan   96.1  3.792    nan    nan   10.0
C  -82.1  -31.0  115.3 -176.4  -64.0    nan  1.160   84.3  3.797    nan    nan  116.3
R  -89.3  -39.4  108.6 -177.1  -90.2    nan  1.073   78.8  3.703  5.303   52.8   71.4
L  -93.4    nan  112.1 -178.9 -100.6    nan  0.964    nan  3.758  4.921   44.2   53.5
