Id   phi    psi    tau  omega    chi    chi2  solid    eta  CA-CA  CB-CB  BA^AB  NA^AC
K    nan  151.7  109.1    nan   72.6    nan  1.013    nan    nan    nan    nan    nan
V -105.5  114.8  104.9 -179.7 -175.2  -55.8  0.983  109.7  3.838  5.727 -131.9 -134.2
F  -73.6  150.7  109.4 -179.7  -81.0    nan  0.996   84.9  3.773  5.984 -128.6 -141.6
E  -86.0  158.7  104.7  166.3  -75.8    nan  0.960   91.6  3.729  5.448 -118.2 -124.1
R  -54.5  -58.6  115.8 -174.0 -171.7    nan  1.092   90.0  3.825  5.416  -71.7  -71.2
C  -71.5  -28.0  112.1 -177.6  -70.4    nan  1.061   96.4  3.818  5.113   43.7   63.1
E  -59.8  -47.4  108.8  174.6  175.1    nan  0.991   97.8  3.809  5.536   82.7   93.5
L  -66.5  -41.1  111.5  178.4  179.6    nan  1.042   94.5  3.789  5.195   52.8   72.6
A  -59.0  -43.9  112.7 -178.9    nan    nan  1.031   98.1  3.852  5.438   74.1   88.4
R  -63.5  -38.3  113.1  175.9  -74.0    nan  1.044   97.6  3.850  5.281   61.2   77.6
T  -64.4  -47.0  110.3  177.7  -61.3  179.2  1.028   93.8  3.817  5.359   67.4   82.7
L  -63.7  -40.6  111.9  178.0  -68.0    nan  1.048   96.8  3.843  5.353   59.9   75.8
K  -56.8  -49.5  108.7  177.9 -177.4    nan  0.992   98.7  3.864  5.480   77.9   87.2
R  -56.3  -40.7  113.6  178.0 -142.2    nan  1.026  101.8  3.811  5.122   66.7   80.0
L  -83.2    7.7  112.6 -177.3  -65.4    nan  1.053   99.7  3.819  5.127   45.6   67.3
G   84.5   23.4  117.7  171.1    nan    nan    nan   84.6  3.824    nan    nan -103.3
M  -87.0  -17.5  113.5 -174.6  -69.2    nan  1.039   86.0  3.780    nan    nan  125.0
D  -72.3  111.0  112.3 -176.1 -169.1    nan  1.060  103.2  3.782  5.511   81.8  100.7
G   85.7   11.3  110.6  178.3    nan    nan    nan   90.3  3.768    nan    nan    0.6
Y  -68.8  128.0  107.4 -178.4 -175.7    nan  1.010   89.8  3.805    nan    nan  127.0
R   49.1   38.5  110.5 -175.4 -131.8    nan  1.044  110.3  3.848  4.975    8.2  -10.2
G   77.6    8.1  115.2 -179.2    nan    nan    nan   98.8  3.875    nan    nan  -72.0
I -101.6  119.5  112.1 -174.5  -55.0 -170.8  1.038  114.8  3.840    nan    nan   97.3
S  -68.8  156.9  112.3 -176.7   71.1    nan  1.036   78.8  3.785  5.841 -121.3 -130.9
L  -53.6  -44.2  112.4  174.7 -123.1    nan  1.022  102.2  3.871  5.386  -70.6  -80.8
A  -56.8  -35.0  111.5 -179.3    nan    nan  1.034  105.8  3.851  5.250   73.7   87.0
N  -69.4  -41.3  111.2  176.8  -85.4    nan  1.027   92.3  3.862  5.368   63.9   80.3
W  -64.6  -37.0  110.3  176.4  -72.7    nan  1.013   98.9  3.826  5.366   64.1   78.5
M  -68.4  -47.4  110.1  179.8  -74.6    nan  1.027   90.8  3.811  5.350   67.1   81.2
C  -52.8  -42.7  112.0  173.0 -168.8    nan  1.027  104.0  3.822  5.322   72.9   81.2
L  -67.2  -51.5  109.2 -178.7  173.0    nan  1.015   90.2  3.805  5.272   63.4   78.5
A  -61.8  -33.4  113.3 -178.9    nan    nan  1.044  101.7  3.885  5.344   61.7   75.9
K  -59.0  -59.6  108.5  178.3  162.3    nan  0.998   91.5  3.790  5.322   79.1   92.1
W  -76.9  -18.1  113.6 -178.1  -67.0    nan  1.069   95.4  3.773  4.946   30.4   55.2
E  -80.3  -45.2  111.3  178.4  -78.9    nan  1.035   82.2  3.808  5.640   71.3   87.8
S -135.8   -3.9  114.8 -172.4   67.7    nan  1.054   42.7  3.707  4.441   -5.5   14.7
G   64.7   32.6  110.1 -172.2    nan    nan    nan  101.1  3.821    nan    nan -116.9
Y   62.2   33.8  113.9  179.7  -44.5    nan  1.077  100.8  3.819    nan    nan  -91.6
N -107.6  115.5  110.9 -178.2  177.0    nan  1.029  115.9  3.795  5.735  100.8  110.8
T  -65.5  -17.5  117.9  178.6   55.6  -60.6  1.093  105.5  3.890  6.012 -126.2 -133.8
R  -92.4   -6.9  113.0 -176.6  -54.8    nan  1.047   84.9  3.816  5.327   62.6   80.2
A  -56.5  128.0  115.0 -179.1    nan    nan  1.062   86.4  3.848  5.877  108.6  122.2
T -136.2  143.3  106.2  172.2   49.0  -72.1  0.986  134.0  3.806  5.801  169.7  164.8
N -132.1  118.6  107.2  176.2  165.7    nan  0.988  120.9  3.780  5.594 -170.4 -170.4
Y  -90.9  140.4  107.0  179.0  171.0    nan  0.978  101.4  3.836  5.991 -150.9 -154.1
N -118.2  101.8  103.3 -172.9  -55.3    nan  0.937  107.1  3.803  5.798 -149.6 -155.8
A  -66.8  -28.6  117.5 -171.3    nan    nan  1.086   98.2  3.763  5.964 -138.7 -139.1
G  -64.6  -31.5  113.5  175.7    nan    nan    nan  100.3  3.792    nan    nan   91.0
D -128.6    9.1  114.9 -179.3   85.6    nan  1.071   55.7  3.803    nan    nan   31.8
R   64.1   29.3  116.7  176.2  -58.8    nan  1.106  100.5  3.875  5.594 -118.9 -115.8
S -115.7  164.6  107.6 -178.6   71.0    nan  0.995  119.4  3.772  5.657   86.6   97.4
T -131.8  145.5  107.0  179.0  -58.5  179.4  0.973  132.3  3.847  5.607 -148.4 -145.3
D -102.1  133.3  106.1  175.9  -57.3    nan  0.963  109.9  3.821  5.765 -134.5 -140.7
Y -119.0  131.8  117.1 -173.8  -67.0    nan  1.065  128.3  3.784  5.687 -159.3 -163.5
G   83.8 -166.1  116.3  166.0    nan    nan    nan   90.1  3.782    nan    nan    8.2
I  -61.7  -31.6  114.7 -174.4 -168.2   70.4  1.092  102.1  3.739    nan    nan  -35.7
F -100.2    4.5  114.5  177.3  -67.0    nan  1.041   81.7  3.880  5.339   35.6   55.8
Q   44.8   62.1  114.3 -176.1  -68.7    nan  1.061   94.3  3.832  5.510 -133.5 -131.3
I  -88.3  132.0  107.1 -177.2  -72.3  167.8  1.008  101.4  3.793  6.066  149.7  153.9
N  -80.0  135.8  118.8 -171.6 -168.3    nan  1.101  101.9  3.774  5.774 -119.6 -124.5
S  -73.6   -9.8  119.4 -178.9   56.9    nan  1.107  101.4  3.864  5.728 -113.3 -119.6
R  -71.2  -47.3  110.6  173.5  179.4    nan  1.003   88.5  3.845  5.712   92.2   99.6
Y -100.2  -36.7  118.2 -174.9  -50.9    nan  1.083   65.2  3.776  4.830   22.4   49.2
W -108.3  -44.6  116.9 -165.6  -54.4    nan  1.089   58.3  3.754  4.672   31.9   59.8
C -121.8  161.5  109.8 -178.3   68.1    nan  1.020  126.2  3.736  4.781    3.3   26.6
N -111.3  124.8  111.3 -177.9  178.3    nan  1.021  119.0  3.788  5.530 -129.8 -124.7
D -113.0    6.8  112.8  172.9   67.1    nan  1.069   69.8  3.784  5.884 -172.5 -175.6
G   73.5  -19.6  117.6 -179.8    nan    nan    nan  114.7  3.881    nan    nan -107.2
K -112.4   13.2  117.8  179.8   59.0    nan  1.108   74.2  3.868    nan    nan   58.9
T -108.1  119.3  108.8 -179.5  -54.2 -178.5  0.986  114.8  3.883  5.697   76.9   90.0
P  -62.6  139.6  113.7  179.4   22.7    nan  1.041   83.2  3.851  5.810 -123.4 -126.6
G   72.0   13.2  116.9 -177.7    nan    nan    nan  101.7  3.869    nan    nan   19.1
A  -58.7  130.2  114.6 -178.8    nan    nan  1.057   86.3  3.912    nan    nan  139.2
V  -94.4  -34.7  108.9  179.1 -159.8  -36.7  1.003   75.7  3.790  5.771 -137.2 -149.4
N   54.4   55.3  112.9 -174.6 -172.3    nan  1.069   94.1  3.855  5.490 -159.9 -157.5
A  -63.4  -29.1  115.5 -179.9    nan    nan  1.064  101.8  3.858  6.208  172.4  172.3
C  -80.7   -9.0  111.8  174.7  -67.1    nan  1.016   95.9  3.817  5.429   63.2   74.6
H   55.0   50.0  110.7  177.9  -62.0    nan  1.049   98.4  3.827  5.459 -141.3 -138.6
L -134.9  140.4  110.9 -173.9  -92.6    nan  1.008  134.9  3.786  5.790   91.1   99.0
S  -66.0  143.7  106.0  169.6  164.9    nan  0.957   79.7  3.830  5.583 -101.7 -115.2
C  -65.0  -22.1  111.9  176.6  -68.9    nan  1.041  105.3  3.844  5.654 -101.8 -102.7
S  -65.9  -23.8  112.5  176.7   60.4    nan  1.035  103.5  3.821  5.608   83.8   96.3
A  -59.6  -23.6  110.9  176.2    nan    nan  1.020  109.9  3.881  5.653   91.0   99.1
L  -92.4    5.9  114.5  177.5  -47.9    nan  1.076   90.0  3.802  5.256   49.9   70.5
L -108.1   12.4  111.6  172.8  -62.2    nan  1.049   76.8  3.854  5.638   60.9   79.1
Q  -77.3  158.7  113.5  178.6  -67.4    nan  1.036   86.4  3.842  5.905  105.3  118.5
D  -76.2  -31.5  108.4  178.8  -80.7    nan  0.990   92.4  3.826  5.411  -92.1  -98.7
N  -78.6  113.7  107.1  174.4  167.4    nan  0.969  100.7  3.790  5.248   59.4   71.1
I  -85.2   10.4  115.9  178.5   65.2  -58.8  1.099   99.3  3.849  6.031 -155.6 -152.0
A  -55.7  -41.4  113.8 -178.8    nan    nan  1.058  101.6  3.892  6.070  131.8  139.7
D  -68.3  -42.5  115.2  174.8  -66.3    nan  1.066   90.3  3.845  5.355   60.3   75.4
A  -55.5  -43.5  111.8  173.6    nan    nan  1.025  101.6  3.792  5.331   76.5   84.7
V  -65.5  -45.1  110.3  177.3  161.0  -79.4  1.013   93.9  3.838  5.253   62.6   76.4
A  -61.8  -37.6  109.7 -179.1    nan    nan  1.016  101.1  3.813  5.372   66.3   81.0
C  -73.8  -42.3  108.5  178.3 -173.4    nan  1.019   90.0  3.813  5.350   58.3   74.2
A  -56.6  -38.1  110.9  175.5    nan    nan  1.020  104.5  3.890  5.502   73.3   83.8
K  -61.5  -38.3  110.1  175.5  -71.7    nan  1.015  100.8  3.916  5.523   71.1   83.4
R  -63.4  -46.0  112.8  173.9  176.9    nan  1.059   93.6  3.867  5.449   65.5   80.6
V  -52.6  -49.2  110.3  177.7 -179.8  -59.1  1.015  100.8  3.863  5.509   80.4   86.5
V  -80.9    0.3  117.5 -177.0  -55.4   67.8  1.121   99.3  3.818  5.007   40.1   63.4
R  -77.5  -13.0  112.1  170.4  -82.8    nan  1.038   97.4  3.791  5.800   91.5  100.8
D  -77.1  151.5  108.2  172.8  -90.2    nan  0.969   87.1  3.819  5.627   78.9   89.2
P  -58.2  -25.9  117.4 -169.9   25.2    nan  1.070  107.6  3.876  5.441  -81.7  -78.3
Q  -67.0  -29.0  110.5  179.5  -50.8    nan  1.031  100.7  3.844  5.622   76.5   93.6
G   63.0 -135.4  109.9  177.8    nan    nan    nan   83.6  3.784    nan    nan -150.0
I  -77.1  -13.3  114.2 -173.9 -163.9   68.0  1.083   97.2  3.790    nan    nan  -15.0
R  -63.6  -13.8  111.3  176.0 -105.4    nan  1.017  110.8  3.818  5.685   91.9  105.1
A  -56.2  -24.1  112.2  175.1    nan    nan  1.011  112.3  3.829  5.657   97.6  110.9
W -104.5  111.0  107.6 -179.7  -74.0    nan  0.982  111.3  3.808  5.192   38.4   58.3
V  -64.0  -30.4  113.2 -177.6   55.4  178.3  1.087  101.5  3.765  5.947 -132.3 -133.4
A  -57.8  -32.1  114.2  173.0    nan    nan  1.062  105.5  3.849  5.737   82.1   93.1
W  -66.2  -44.2  108.7  174.3 -179.2    nan  1.014   94.9  3.878  5.509   74.9   83.6
R  -62.2  -45.4  111.5  177.1  -66.9    nan  1.018   95.6  3.845  5.330   66.0   78.3
N  -67.6  -38.5  114.3 -178.9  -58.3    nan  1.054   93.5  3.824  5.314   61.5   76.6
H -115.2   -7.9  117.1 -168.5  -67.5    nan  1.072   61.4  3.802  4.743   27.4   46.0
C -138.3  -39.6  111.3 -170.2  -46.9    nan  1.024   43.2  3.769  4.920   31.9   47.2
Q  -71.8  136.2  110.8 -178.2   91.0    nan  1.049   90.4  3.835  5.459   64.2   78.7
N   68.9   26.1  115.2 -179.7  -55.7    nan  1.092   98.5  3.751  4.763   38.2    9.7
R -119.4  159.9  105.3  175.5  -60.6    nan  0.992  122.7  3.708  5.672   77.4   85.2
D  -77.1  107.2  102.3  174.9  172.3    nan  0.905   97.6  3.734  5.209  -90.9 -102.1
V -105.2   18.1  111.3  179.0  -62.2   56.8  1.041   81.9  3.808  6.083  172.2 -175.0
R  -71.7  -23.1  115.1 -172.0  -82.0    nan  1.106   97.5  3.803  5.880  117.1  138.4
Q  -51.3  -30.7  114.8  171.9   49.0    nan  1.048  111.8  3.785  5.606   95.4  105.0
Y  -71.2  -21.7  112.0 -174.6  -65.1    nan  1.042   99.7  3.829  5.401   71.7   90.7
V -113.9    0.6  112.9  178.7  -64.9   59.1  1.070   66.3  3.828  5.267   29.5   52.7
Q  -68.3  135.2  113.0 -177.2   76.1    nan  1.065   89.6  3.853  5.904  106.9  120.0
G   84.2   -5.7  113.2 -179.0    nan    nan    nan   98.0  3.765    nan    nan   24.2
C  -85.1   -8.9  116.4 -174.1  -58.0    nan  1.079   90.9  3.845    nan    nan  102.8
G   67.9   43.7  110.0  175.8    nan    nan    nan   93.0  3.806    nan    nan -127.6
V -131.4    nan  108.2 -170.8   95.9 -138.1  0.992    nan  3.746    nan    nan   98.9
