Id   phi    psi    tau  omega    chi    chi2  solid    eta  CA-CA  CB-CB  BA^AB  NA^AC
K    nan  153.6  109.5    nan   68.8    nan  0.992    nan    nan    nan    nan    nan
V -109.3  123.0  104.4  174.3    1.1  131.2  1.052  112.1  3.755  5.713 -147.3 -137.9
Y  -74.6  144.5  113.2 -179.2  -88.0    nan  1.025   90.3  3.734  5.851 -115.9 -134.5
G  -72.8  162.8  109.1  163.8    nan    nan    nan   79.1  3.786    nan    nan -119.1
R  -61.4  -53.5  112.2 -177.9  178.0    nan  1.031   91.0  3.875    nan    nan  -76.3
C  -73.8  -27.3  111.1 -177.8  -68.7    nan  1.038   95.2  3.806  5.145   47.0   64.1
E  -63.5  -44.9  110.1  174.8 -176.4    nan  1.012   95.7  3.812  5.432   79.8   91.1
L  -64.9  -46.9  110.9  175.3 -146.7    nan  0.996   93.1  3.857  5.343   60.8   73.6
A  -54.5  -43.6  110.9 -179.8    nan    nan  1.017  102.7  3.843  5.274   74.6   85.8
A  -68.5  -43.0  112.0 -179.6    nan    nan  1.049   91.7  3.794  5.179   57.5   76.5
A  -57.0  -42.3  111.2  174.5    nan    nan  1.018  101.4  3.819  5.415   71.3   82.8
M  -70.6  -35.8  111.8 -178.2  -74.8    nan  1.037   93.7  3.823  5.243   60.0   76.7
K  -66.1  -42.6  108.5  179.7 -177.9    nan  1.003   95.9  3.780  5.379   73.8   84.5
R  -69.3  -13.8  112.3 -178.0  -68.5    nan  1.045  105.0  3.779  5.231   61.9   77.7
L -101.9   13.4  112.1  178.6  -77.5    nan  1.063   83.4  3.820  5.313   48.9   70.8
G   86.6   19.2  116.5  169.1    nan    nan    nan   84.8  3.807    nan    nan  -97.7
L  -86.7  -16.2  116.6 -178.0  -81.0    nan  1.090   86.0  3.803    nan    nan  120.9
D  -67.0  116.6  110.0  177.6 -160.5    nan  1.008   96.1  3.818  5.665   89.9  101.0
N   69.6   25.6  114.4  180.0  -64.4    nan  1.097   98.5  3.754  4.917   15.7   -8.6
Y  -72.6  123.8  106.3  177.5 -177.8    nan  0.975   93.2  3.785  5.989  131.0  132.4
R   47.6   36.6  114.2 -177.0  -79.6    nan  1.084  111.1  3.822  5.085    3.5  -17.6
G   88.2    4.9  112.0  172.1    nan    nan    nan   89.9  3.690    nan    nan  -70.3
Y -101.2  121.0  111.1 -179.8  -65.1    nan  1.028  113.7  3.802    nan    nan   91.0
S  -69.6  166.0  109.3  179.5   64.5    nan  1.027   74.7  3.819  5.923 -125.1 -131.5
L  -56.4  -40.9  112.7 -173.4 -138.9    nan  1.038  102.0  3.801  5.264  -59.0  -66.6
G  -57.3  -27.7  113.9 -178.4    nan    nan    nan  108.7  3.855    nan    nan   91.2
N  -58.4  -43.1  112.6  176.0  -76.9    nan  1.039   99.1  3.863    nan    nan   97.2
W  -75.1  -37.3  110.6 -175.4  -60.2    nan  1.022   89.9  3.775  5.020   57.7   73.8
V  -67.4  -47.2  109.0  176.9 -179.1  -61.2  1.017   92.4  3.800  5.467   65.1   79.5
C  -60.1  -42.3  110.2  177.0 -174.0    nan  1.016   99.6  3.822  5.256   66.6   77.2
A  -60.8  -45.7  110.8  179.3    nan    nan  1.022   96.8  3.854  5.413   68.9   83.3
A  -63.3  -36.9  112.0  178.0    nan    nan  1.020   99.1  3.818  5.281   65.2   77.3
K  -62.0  -51.0  109.5  178.9 -167.5    nan  1.007   93.8  3.835  5.403   74.6   86.9
F  -80.9  -21.1  114.1 -174.5  -74.1    nan  1.100   90.1  3.786  5.068   36.6   63.0
E  -76.2  -42.1  112.9  173.7  -71.0    nan  1.046   85.6  3.762  5.648   73.5   85.5
S -139.9   -1.9  114.8 -170.0   66.8    nan  1.027   39.4  3.837  4.511   -1.8   14.5
N   57.1   35.7  112.0 -172.3 -162.1    nan  1.076  105.0  3.842  5.575 -127.0 -122.3
F   66.5   23.1  115.6  177.6  -57.4    nan  1.091  102.2  3.808  5.517  -80.2  -87.4
N -102.1  113.8  109.3 -178.4 -165.8    nan  0.995  112.4  3.836  5.787   96.5  104.6
T  -60.5  -22.7  113.1  178.2 -102.0  122.1  0.984  108.8  3.799  5.598 -125.3 -134.0
H  -94.4    5.0  114.0 -177.9  -70.2    nan  1.056   87.6  3.815  5.429   37.2   73.0
A  -64.9  138.1  112.1 -178.1    nan    nan  1.015   85.0  3.777  5.774  118.6  126.3
T -144.5  146.9  105.6  174.7   62.7  -57.0  0.987  140.1  3.811  5.737  170.9  168.1
N -143.5  133.4  106.0  177.8  -79.6    nan  0.995  132.2  3.785  5.661 -176.5 -178.3
R  -87.4  150.2  106.7 -178.4  -75.4    nan  0.984   95.9  3.775  5.832 -127.6 -133.9
N -110.2  153.3  109.6 -179.5  -55.1    nan  1.004  116.8  3.754  5.609 -134.9 -140.4
T  -41.1  -40.2  115.2  176.2  -40.8 -162.6  1.047  113.3  3.772  4.880  -63.9  -75.9
D  -89.4   11.6  117.9 -178.3   56.8    nan  1.080   96.0  3.825  5.038   36.3   62.8
G   91.0   -7.3  113.5  179.2    nan    nan    nan   92.0  3.792    nan    nan  -86.6
S  -88.7  170.5  106.8  176.1   70.1    nan  0.993   91.5  3.804    nan    nan   86.5
T -132.4  148.3  107.9  178.9  -59.7  177.9  0.994  133.9  3.813  5.519 -143.2 -139.9
D  -98.4  132.4  108.3  174.4  -71.5    nan  0.964  109.2  3.807  5.649 -127.3 -134.7
Y -123.2  138.3  114.8 -173.1  -66.2    nan  1.036  130.0  3.794  5.759 -166.3 -166.9
G   83.4 -171.1  115.8  166.4    nan    nan    nan   87.4  3.774    nan    nan   17.0
I  -58.5  -29.8  115.0 -175.4 -153.7   78.0  1.102  105.9  3.759    nan    nan  -40.1
L -113.6   14.4  112.5  177.1  -73.9    nan  1.049   72.5  3.813  5.225   21.3   44.2
Q   50.8   54.6  116.5  169.9  -67.3    nan  1.088   94.9  3.804  5.518 -127.3 -129.1
I  -82.9  130.1  108.4 -176.7  -71.5  164.9  1.006   99.2  3.736  6.030  148.0  152.0
N  -90.7  151.5  117.2 -173.7   76.0    nan  1.107  103.2  3.788  5.957 -140.2 -134.4
S  -81.1   -0.5  116.1 -179.1   60.0    nan  1.080   98.7  3.828  5.469 -103.9 -111.7
R  -75.5  -47.4  107.3  176.9  171.4    nan  0.978   87.6  3.827  5.782   96.4  105.9
W -106.9  -30.6  116.7 -177.7  -60.8    nan  1.071   62.0  3.803  4.995   12.8   39.0
W -109.1  -34.0  116.0 -160.2  -55.3    nan  1.088   59.8  3.752  4.719   42.7   68.4
C -140.2  160.0  106.0 -177.2   60.9    nan  0.989  141.5  3.802  4.846   -1.0   15.8
N -106.6  120.9  110.6  179.6 -168.3    nan  1.008  115.8  3.774  5.552 -125.8 -123.7
D -104.6    4.3  113.3  178.9   58.2    nan  1.063   77.1  3.851  5.947 -165.6 -164.8
G   86.7  -25.8  110.4  178.3    nan    nan    nan  101.7  3.823    nan    nan  -96.2
R -112.7   13.4  112.8 -176.4   58.2    nan  1.061   73.0  3.798    nan    nan   53.9
T -109.5  114.2  104.2 -178.9  -58.7  177.1  0.949  110.4  3.841  5.686   76.0   89.5
P  -62.3  127.4  110.3  178.5   22.2    nan  0.995   87.8  3.834  5.845 -126.5 -129.8
G   75.9   23.5  116.2  174.9    nan    nan    nan   93.0  3.786    nan    nan    4.9
S  -55.0  132.1  107.9  173.8  172.4    nan  0.972   78.6  3.812    nan    nan  144.2
K  -83.8  -19.4  108.7  179.6 -164.7    nan  1.014   89.8  3.841  5.873 -130.4 -134.1
N   44.2   50.9  114.1  178.1 -167.5    nan  1.060  103.3  3.852  5.616 -160.9 -159.1
L  -64.9  -23.6  113.8 -178.8  -94.7    nan  1.053  104.1  3.809  6.126  164.0  167.3
C  -85.7   -5.9  113.4  176.9  -71.2    nan  1.052   92.0  3.816  5.455   59.2   77.2
N   55.0   55.9  112.6  178.9  -72.5    nan  1.058   93.5  3.837  5.582 -134.0 -135.1
I -148.1  145.0  108.2 -176.4 -160.0   76.9  0.988  142.2  3.738  5.398   85.7   88.7
P  -66.2  142.4  109.0  165.5   26.1    nan  0.982   82.0  3.848  5.712 -107.2 -111.1
C  -63.0  -25.8  112.9  179.6  -63.2    nan  1.035  105.0  3.819  5.744  -97.7 -101.1
S  -61.5  -23.0  112.8  177.0   62.5    nan  1.062  107.8  3.834  5.539   82.8   96.9
A  -67.0  -21.4  111.2  177.1    nan    nan  1.012  104.0  3.846  5.667   83.8   94.1
L  -82.9   -2.8  112.0 -178.5  -85.3    nan  1.034   96.1  3.799  5.243   64.8   83.5
L -103.7    3.7  110.9 -178.5 -101.7    nan  1.005   77.6  3.816  5.400   59.4   81.0
S  -85.6  167.3  113.3 -173.5   68.3    nan  1.069   90.7  3.789  5.617   83.0  110.4
S  -66.8  -31.9  109.7  178.7  -58.1    nan  1.009   99.8  3.809  5.294  -71.9  -79.4
D  -78.4  119.7  107.2  178.1 -178.0    nan  0.968   98.7  3.796  5.260   62.8   74.1
I  -88.8    3.0  112.7 -176.2   62.3  -63.0  1.060   92.3  3.804  5.980 -148.9 -146.7
T  -51.2  -51.1  113.5 -176.9  -52.1 -172.6  1.048   98.7  3.861  6.026  131.1  138.5
A  -65.3  -37.8  110.4 -176.9    nan    nan  1.022   97.8  3.807  5.197   61.7   75.1
S  -61.5  -42.1  112.0  175.9  -74.6    nan  1.049   97.7  3.830  5.502   71.6   84.7
V  -78.9  -33.4  109.8 -177.5  -23.3  114.3  1.122   88.7  3.817  5.445   46.3   70.0
N  -61.9  -35.3  111.6  175.3  -72.5    nan  1.043  101.3  3.827  5.696   84.3   87.8
C  -73.2  -41.2  109.0  178.1 -174.8    nan  1.011   90.7  3.819  5.374   62.8   77.2
A  -58.4  -37.7  109.7 -178.6    nan    nan  0.998  103.8  3.840  5.443   77.7   87.5
K  -61.9  -34.8  111.4  177.2  -72.7    nan  1.027  101.7  3.822  5.373   75.0   85.0
K  -69.9  -42.2  111.6  177.6 -154.4    nan  1.023   91.3  3.823  5.320   66.6   80.7
I  -73.2  -32.4  109.7  179.1  130.3   -2.4  1.143   94.0  3.779  5.407   44.1   72.4
A  -70.4  -13.7  112.9  175.7    nan    nan  1.041  103.9  3.839  5.744   73.7   81.4
S  -77.9   -7.2  112.2  172.9  -67.6    nan  1.029   99.3  3.853  5.617   77.6   89.0
G  -69.0  169.6  110.9  176.6    nan    nan    nan   73.0  3.823    nan    nan  106.4
G  -57.1  -35.9  111.6 -176.6    nan    nan    nan  105.0  3.798    nan    nan  -64.2
N  -98.9   15.1  117.3 -178.9   70.4    nan  1.120   88.2  3.807    nan    nan   59.1
G   55.7 -131.3  112.5  171.1    nan    nan    nan   82.3  3.803    nan    nan -122.2
M  -75.5   -5.2  112.7 -176.2  -76.4    nan  1.060  102.4  3.773    nan    nan   -9.5
N  -65.1  -14.4  112.5  175.5  -67.5    nan  1.036  108.8  3.833  5.845  103.9  111.6
A  -59.3  -24.6  109.8  174.1    nan    nan  0.999  110.1  3.794  5.637  101.4  106.5
W  -96.9  106.3  107.1  177.2  -73.8    nan  0.997  108.3  3.849  5.324   44.7   63.2
V  -71.4  -25.5  110.5 -176.8  -42.5   79.6  1.078   98.3  3.805  6.201 -143.5 -143.1
A  -65.3  -34.0  110.6  174.0    nan    nan  1.024   99.6  3.823  5.724   88.1   91.0
W  -68.8  -41.7  108.7  176.0  171.2    nan  1.021   94.0  3.843  5.511   69.4   80.8
R  -61.5  -38.3  110.0 -176.7 -169.5    nan  1.004  100.8  3.777  5.254   72.9   85.9
N  -89.3  -26.4  117.3 -175.8  -68.3    nan  1.097   78.9  3.791  5.082   37.7   66.7
R -117.8  -10.7  114.3 -174.5  -52.2    nan  1.054   58.2  3.792  5.013   28.5   51.1
C -121.5  -48.3  112.9 -172.1  -59.7    nan  1.031   53.5  3.835  5.188   43.1   60.7
K  -50.9  128.1  112.7 -175.4 -178.6    nan  1.035   81.2  3.792  5.161   80.8   92.6
G   93.1  -17.4  112.3  173.1    nan    nan    nan   93.5  3.786    nan    nan   21.5
T  -91.0  177.4  108.0 -177.6   68.6  -52.9  1.009   91.8  3.783    nan    nan   80.6
D  -82.4   86.1  106.4  176.4 -178.5    nan  0.985  106.8  3.804  5.299  -83.6  -83.3
V  -68.6  -14.9  110.7 -178.7  110.4 -113.1  0.978  105.5  3.792  5.855 -161.2 -164.7
H  -67.7  -21.2  107.9  179.0  -56.2    nan  1.018  104.5  3.897  5.878   73.9  101.4
A  -55.0  -33.1  113.2  171.5    nan    nan  1.029  107.7  3.809  5.675   94.4  102.4
W  -69.4  -15.9  113.7 -176.3  -71.9    nan  1.079  103.6  3.849  5.375   67.0   88.9
I -112.0   10.0  114.1  176.4   61.4  -61.4  1.085   72.4  3.802  5.355   34.9   59.2
R  -65.4  126.5  110.9 -178.2 -176.7    nan  1.011   90.8  3.878  5.982  121.0  128.6
G   88.6   -8.3  112.1  179.9    nan    nan    nan   94.5  3.860    nan    nan   21.4
C  -90.1  128.4  104.6 -179.3  -56.5    nan  0.955  101.5  3.819    nan    nan   87.1
R  -80.9  116.7  100.0  173.7  -71.1    nan  0.918   94.7  3.748  5.784 -129.5 -140.1
L -132.3    nan  108.2 -176.5  -61.2    nan  0.979    nan  3.823  5.958  169.8  165.8
