Id   phi    psi    tau  omega    chi    chi2  solid    eta  CA-CA  CB-CB  BA^AB  NA^AC
M    nan  150.3  111.8    nan  179.3    nan  1.094    nan    nan    nan    nan    nan
N -152.7  176.4  109.0 -179.1   58.6    nan  1.050  153.7  3.727  5.519 -178.6  175.5
I  -55.9  -36.3  113.7 -179.1 -178.9   60.1  1.207  104.8  3.775  5.250  -64.2  -55.5
F  -64.1  -52.5  112.5  177.2  -73.2    nan  1.093   89.6  3.807  5.546   74.7   85.2
E  -61.5  -37.8  111.5  178.7  -47.4    nan  1.074  100.3  3.812  5.273   58.0   73.4
M  -58.3  -55.1  109.8  177.3 -159.0    nan  0.994   93.7  3.749  5.394   80.4   88.2
L  -62.1  -32.6  114.8 -179.2  -75.2    nan  1.225  101.2  3.826  5.116   42.6   72.5
R  -65.1  -39.8  111.0  177.5  -57.8    nan  1.087   96.6  3.804  5.749   80.3   88.1
I  -58.6  -53.8  111.1 -179.0  -73.1  166.6  1.124   93.5  3.766  5.339   71.5   89.2
D  -72.6  -37.9  115.3 -178.4  -73.8    nan  1.019   89.1  3.785  5.130   52.4   64.2
E  -88.2  -34.9  116.8 -178.7  -60.2    nan  1.212   76.6  3.880  5.196   32.0   66.3
G   83.9  176.4  110.3 -177.7    nan    nan    nan   82.7  3.831    nan    nan -131.1
L -130.1  120.5  111.9  179.7  179.5    nan  1.041  125.0  3.854    nan    nan -129.9
R -127.1  127.8  107.7  177.5  -53.8    nan  1.150  124.1  3.794  5.828  164.4  168.1
L  -93.3   -8.1  117.0 -175.0  -59.0    nan  1.306   83.1  3.793  5.914 -146.6 -142.4
K -129.3  141.0  110.9 -179.3  171.8    nan  1.048  131.7  3.775  5.381   38.6   48.3
I  -50.8  129.5  110.3 -179.4  -73.3  165.1  1.081   78.7  3.805  5.604  -82.8  -95.2
Y -142.1  161.5  108.4  176.2   70.3    nan  1.097  144.0  3.815  5.866  168.0  159.9
K  -94.6  146.4  107.7  177.6  -66.3    nan  0.987  103.5  3.813  5.443 -103.8 -113.5
D  -91.8 -162.8  110.2 -178.9   62.1    nan  1.048   85.9  3.746  5.700 -128.8 -121.8
T  -46.9  -54.6  110.5  175.9   40.2  -82.4  0.952  100.8  3.814  4.684  -19.4  -24.7
E  -70.2  -14.5  112.0 -179.9  -46.6    nan  1.036  103.8  3.778  4.795   46.0   63.7
G   91.0   16.4  113.9 -179.6    nan    nan    nan   82.4  3.792    nan    nan -108.7
Y  -88.2  152.6  111.3  179.9  -60.8    nan  1.058   98.0  3.837    nan    nan  112.8
Y  -77.6  123.7  111.2 -179.0  -63.1    nan  1.121  100.1  3.820  5.645 -106.2 -104.3
T -131.0  162.2  110.3 -175.0  -53.3 -171.6  0.927  134.8  3.773  5.739 -164.1  169.0
I -161.0  169.4  110.5  176.2 -155.0   80.5  1.113  161.8  3.721  5.364  165.7  178.4
G   60.1 -132.9  112.5  175.9    nan    nan    nan   84.5  3.848    nan    nan   40.7
I  -98.1   77.1  110.6 -180.0  -50.2 -171.9  1.086  107.9  3.812    nan    nan  -36.1
G   60.9   38.0  114.4  179.6    nan    nan    nan   99.3  3.792    nan    nan  -53.5
H  -94.0  106.0  112.2 -178.9  176.5    nan  1.045  112.4  3.737    nan    nan  128.1
L  -72.2  125.8  108.0  178.9  175.7    nan  1.042   93.4  3.797  6.031 -141.9 -152.2
L  -82.5  -50.1  111.8 -176.7  -75.8    nan  1.095   78.6  3.755  5.840 -132.9 -136.6
T -172.7  156.7  109.3 -178.2  176.5   58.2  1.021  158.1  3.785  4.730  -48.8  -36.7
K  -89.0    3.4  109.4  176.4  -88.2    nan  1.060   92.1  3.761  5.594 -114.2 -113.2
S  -63.2  136.5  112.6  178.8 -175.9    nan  1.054   84.7  3.818  5.891  114.1  123.7
P  -70.6  -14.3  111.9  178.0   21.8    nan  0.926  103.6  3.835  5.591  -99.2 -118.3
S  -88.4  125.4  117.4 -177.4  174.9    nan  1.156  111.0  3.764  5.106   54.2   87.2
L  -66.0  -34.3  112.5 -179.4  177.3    nan  1.082   98.0  3.783  5.719 -108.7 -129.6
N  -67.3  -39.4  109.3 -179.1  -81.1    nan  0.995   96.1  3.763  5.349   73.6   85.5
A  -72.9  -33.2  109.7  178.1    nan    nan  1.031   94.0  3.779  5.163   54.8   73.1
A  -67.6  -48.3  110.0  178.6    nan    nan  1.032   91.0  3.815  5.368   67.0   84.3
K  -61.8  -34.9  113.0  177.7  -60.7    nan  1.156  101.0  3.779  5.243   52.5   76.2
F  -62.1  -47.6  110.3  179.2  168.8    nan  1.063   95.1  3.839  5.651   80.5   89.3
E  -55.8  -44.7  111.4  178.9  -70.1    nan  1.022  100.7  3.748  5.208   74.3   82.7
L  -62.7  -52.4  112.7  179.3  171.2    nan  1.138   90.5  3.742  5.115   55.5   79.9
D  -61.7  -39.5  110.9 -179.8  -67.8    nan  1.056   99.6  3.858  5.394   61.5   74.5
K  -61.4  -54.2  109.6  178.1 -176.3    nan  1.065   92.3  3.764  5.372   70.8   84.3
A  -55.5  -48.3  112.0  179.2    nan    nan  1.064   98.4  3.794  5.217   65.4   77.3
I  -78.5  -34.8  113.9 -177.8  -59.2  174.4  1.059   86.4  3.759  5.000   45.2   64.9
G   86.0   30.6  112.2  179.8    nan    nan    nan   82.4  3.819    nan    nan -131.9
R -156.0  165.4  112.1  177.0   66.4    nan  1.235  157.3  3.757    nan    nan   54.6
N  -83.6   86.3  108.6  178.7  -66.2    nan  1.058  108.9  3.778  5.377  -86.9  -97.2
T  -76.2  -23.3  116.2 -173.7   66.2  -57.7  1.129   92.8  3.780  6.227 -165.7 -165.1
N   56.6   18.9  112.1 -174.0  -76.5    nan  1.094  114.8  3.754  5.462 -138.2 -144.0
G   89.8   10.4  117.5  176.6    nan    nan    nan   85.4  3.771    nan    nan  -83.6
V -125.9  128.0  110.6  177.0  178.3  -59.9  1.090  125.9  3.798    nan    nan   67.0
I -126.3  166.5  109.3 -179.7   60.8  -60.8  1.027  129.6  3.770  5.758 -171.0  178.7
T  -98.5  162.4  110.2  176.9   73.3  -44.2  1.001  104.1  3.768  5.374 -109.6 -111.0
K  -52.7  -38.6  111.8  178.1 -149.5    nan  1.091  106.8  3.726  5.159  -69.5  -72.4
D  -65.8  -34.7  110.4 -179.3  -71.9    nan  1.130   99.0  3.746  5.439   63.9   83.9
E  -69.9  -41.7  111.6  179.7  -69.8    nan  1.113   91.5  3.791  5.507   65.2   82.4
A  -61.1  -43.9  108.4  178.4    nan    nan  1.043   99.1  3.778  5.402   71.3   82.7
E  -63.6  -34.6  113.1  179.0  -68.9    nan  1.119   99.6  3.793  5.273   57.3   79.0
K  -67.7  -39.6  111.5  177.0  168.9    nan  1.149   94.4  3.786  5.571   62.2   83.3
L  -68.1  -42.1  110.2  178.5  -59.1    nan  1.069   93.6  3.780  5.566   69.3   78.8
F  -52.6  -42.3  111.4  179.3 -175.1    nan  1.034  104.7  3.890  5.458   84.5   90.9
N  -67.5  -36.3  111.9  179.4  168.9    nan  1.086   96.0  3.789  5.265   58.5   77.7
Q  -69.2  -35.5  109.4  176.6  -51.4    nan  1.050   96.2  3.755  5.475   65.6   79.1
D  -72.0  -31.3  112.2 -177.7  -79.0    nan  1.043   94.4  3.823  5.378   66.4   81.7
V  -72.6  -39.5  109.5  178.6  176.9  -63.0  1.098   91.6  3.815  5.500   61.3   82.1
D  -64.2  -36.8  111.2  178.8  171.2    nan  1.057   98.8  3.736  5.326   70.4   81.9
A  -68.1  -38.3  110.0  178.2    nan    nan  1.030   95.5  3.760  5.379   66.1   80.7
A  -62.8  -47.0  109.0  179.5    nan    nan  1.055   95.8  3.771  5.363   68.5   84.8
V  -60.0  -48.2  111.3 -179.7  174.2  -63.9  1.092   95.6  3.760  5.290   63.0   80.3
R  -59.1  -32.8  113.3  179.9  -73.9    nan  1.080  104.3  3.784  5.385   67.9   81.0
G  -67.5  -34.6  110.5  179.9    nan    nan    nan   97.6  3.806    nan    nan   86.4
I  -71.1  -44.8  109.1  178.6  -76.8  156.5  1.009   90.6  3.781    nan    nan   79.6
L  -66.8  -25.6  114.1 -177.5  -55.0    nan  1.084  101.1  3.823  5.193   57.6   78.3
R  -88.3  -10.4  111.9  180.0  168.9    nan  1.034   87.8  3.743  5.224   56.0   73.6
N -101.0  127.0  114.2 -177.4 -154.8    nan  1.102  115.8  3.834  5.381   51.4   78.5
A  -61.8  -31.9  113.5 -179.2    nan    nan  1.099  102.4  3.813  5.721 -105.9 -121.7
K  -85.0  -31.2  112.2  179.2  -59.3    nan  1.048   83.1  3.814  5.454   55.8   71.4
L  -86.7  -38.7  114.7 -174.3  -54.4    nan  1.098   77.6  3.787  5.181   55.0   76.1
K  -51.9  -55.3  117.8 -176.8 -157.4    nan  1.276   92.8  3.694  5.197   71.1  100.4
P  -59.1  -32.1  111.4  178.6   -3.5    nan  0.944  105.6  3.846  5.426   75.8   74.7
V  -70.9  -52.2  109.6  178.0 -174.5  -53.8  1.023   87.1  3.770  5.220   63.5   82.1
Y  -53.3  -51.3  110.6  178.8 -174.2    nan  1.033   98.9  3.765  5.113   68.0   80.6
D  -54.8  -35.7  111.4  179.3  -71.2    nan  1.008  107.2  3.782  5.280   70.3   80.9
S  -72.3  -28.3  114.1 -175.8  103.4    nan  1.131   94.7  3.781  5.116   58.6   83.1
L  -83.0  157.5  117.9 -177.5  -42.9    nan  1.174   93.7  3.808  5.462   54.1   80.6
D  -80.4  161.1  109.4  175.3   60.5    nan  1.026   87.0  3.750  5.151  -93.7 -111.5
A  -56.1  -28.1  116.2 -175.4    nan    nan  1.144  108.7  3.820  5.459  -73.4  -71.0
V  -81.3  -46.1  112.3 -179.7  177.2  -61.1  1.106   80.5  3.801  5.471   60.7   79.7
R  -66.8  -29.0  109.4  177.7  -72.1    nan  1.089  101.3  3.787  5.314   58.4   73.3
R  -57.5  -41.0  110.0  178.0 -111.2    nan  1.012  102.5  3.844  5.650   89.7   97.2
A  -63.6  -32.0  112.3  178.1    nan    nan  1.106  101.3  3.799  5.158   59.9   81.0
A  -65.7  -47.7  111.2  178.1    nan    nan  1.093   91.9  3.848  5.576   69.1   87.6
L  -64.3  -40.8  111.2  177.5  177.9    nan  1.047   96.7  3.766  5.242   60.0   74.0
I  -61.3  -39.0  108.2  179.2  -74.2  166.2  1.081  101.6  3.842  5.559   65.6   83.9
N  -55.1  -46.9  112.4  179.1 -165.3    nan  1.086   99.4  3.803  5.464   78.7   91.1
M  -61.7  -47.0  113.8  178.1  -67.6    nan  1.069   93.7  3.812  5.273   64.1   78.2
V  -65.5  -41.4  108.7  179.2 -178.4  -58.9  1.039   96.7  3.801  5.224   60.3   74.8
F  -56.0  -45.4  110.2  179.0 -171.4    nan  1.053  100.9  3.776  5.431   74.8   88.0
Q  -76.0  -42.8  114.0  179.9  169.3    nan  1.053   84.9  3.770  5.195   52.4   67.4
M -114.8    1.0  118.6 -177.1   67.5    nan  1.343   65.7  3.734  4.781   -6.4   39.7
G   77.0  159.7  112.4 -179.6    nan    nan    nan   70.1  3.721    nan    nan -107.7
E  -45.6  -50.9  117.1 -178.2 -174.6    nan  1.042  100.9  3.757    nan    nan  -68.4
T  -71.1  -31.1  113.4 -176.4  -44.7 -161.1  1.089   94.8  3.788  4.912   48.8   71.9
G  -64.1  -55.8  110.8 -179.9    nan    nan    nan   88.9  3.793    nan    nan   91.6
V  -67.6  -37.9  112.8  179.3 -160.0  -41.0  1.070   94.6  3.760    nan    nan   65.3
A  -57.8  -24.8  112.0  179.4    nan    nan  1.064  110.5  3.821  5.521   76.8   91.3
G  -80.3   -3.7  114.8 -177.6    nan    nan    nan   98.1  3.772    nan    nan   85.7
F  -82.8   51.7  108.6 -178.8  -83.4    nan  0.945  109.0  3.796    nan    nan   99.8
T  -33.0  -48.6  119.4 -176.2  -67.1  172.1  1.375  110.7  3.802  6.148  171.1 -158.8
N  -83.5  -40.2  115.3 -180.0  -61.0    nan  1.080   79.2  3.813  5.442   52.9   60.4
S  -65.8  -35.9  111.2  179.8  -53.3    nan  1.083   98.0  3.755  5.320   65.3   82.6
L  -62.6  -48.0  109.0 -178.5  -76.1    nan  1.042   95.3  3.772  5.494   76.3   88.9
R  -58.8  -38.0  111.7 -179.2  169.5    nan  1.112  102.4  3.758  5.190   62.9   81.2
M  -63.1  -35.5  112.1  177.5  -72.6    nan  1.042  100.0  3.747  5.486   72.4   84.5
L  -67.5  -44.2  111.0 -179.6  -53.9    nan  1.082   92.5  3.852  5.468   67.1   84.8
Q  -54.9  -36.3  110.6  177.8 -179.2    nan  1.082  107.0  3.726  5.232   72.1   85.8
Q  -87.1  -14.3  115.9 -180.0  -50.8    nan  1.158   86.6  3.851  5.336   39.2   65.9
K   84.0   27.3  114.5  177.9  -36.3    nan  1.188   84.5  3.833  5.493 -119.8 -116.2
R  -90.7   59.3  111.2 -179.5  -59.5    nan  1.036  107.8  3.744  5.863  114.7  119.8
W  -42.7  -58.7  115.9 -176.2  -40.5    nan  1.218   97.4  3.764  6.181 -174.6 -162.3
D  -59.7  -40.6  111.0  179.4   25.9    nan  1.028  100.4  3.789  5.274   65.1   71.2
E  -69.8  -42.5  113.5  179.8  -64.0    nan  1.099   90.1  3.750  5.272   56.4   78.2
A  -68.6  -31.6  112.5 -179.4    nan    nan  1.127   97.1  3.808  5.373   58.9   78.5
A  -65.6  -33.9  111.4  179.1    nan    nan  1.074   99.0  3.782  5.503   76.5   89.1
V  -69.1  -43.0  110.2 -177.9  159.8  -75.5  1.021   92.3  3.797  5.410   72.3   85.5
N  -70.1  -37.9  112.2 -177.7 -155.1    nan  0.966   92.8  3.730  4.952   64.0   75.5
L  -73.9  -25.3  108.2  179.8  -78.3    nan  1.064   97.1  3.795  5.231   51.6   75.2
A  -74.2   -8.1  110.8  178.3    nan    nan  1.038  102.8  3.757  5.460   71.7   85.4
K -100.4    0.4  113.8  179.3  -49.1    nan  1.004   79.7  3.826  5.561   62.5   78.7
S  -84.4  167.6  110.7 -177.4   68.8    nan  1.054   88.9  3.731  5.471   85.4  103.8
R  -72.5  -29.6  110.4  178.0 -161.1    nan  1.046   95.6  3.748  5.128  -83.3  -85.7
W  -56.7  -50.0  108.5  175.8  157.0    nan  1.011   98.6  3.877  5.671   81.9   95.4
Y  -56.7  -42.4  111.0 -179.5  175.2    nan  1.035  101.8  3.739  5.155   66.2   80.6
N  -64.8  -42.7  114.4 -179.3  -85.6    nan  1.122   93.4  3.748  5.127   58.6   81.2
Q  -69.6  -37.8  113.7  178.9  -75.1    nan  1.082   92.6  3.783  5.300   58.6   75.8
T -137.3   77.8  109.7 -179.7   33.9  -83.8  1.045   93.9  3.803  4.759   -7.5   13.9
P  -66.0  -50.6  120.1 -173.0  -17.2    nan  1.186   84.5  3.845  6.168 -172.2 -162.6
N  -64.3  -41.4  109.9  179.0  -64.2    nan  1.047   97.0  3.811  5.402   62.8   74.7
R  -68.0  -44.2  109.3  179.5  165.0    nan  1.041   93.2  3.715  5.220   63.4   77.4
A  -64.0  -38.1  113.1 -178.4    nan    nan  1.125   97.3  3.780  5.255   58.8   80.7
K  -60.4  -48.6  108.7  176.4 -129.5    nan  0.914   96.8  3.783  5.416   85.2   85.0
R  -59.6  -45.7  110.6  179.9  -92.2    nan  1.062   97.8  3.760  4.949   58.4   78.6
V  -68.3  -45.1  110.4  179.4  167.8  -70.3  1.138   91.8  3.817  5.311   49.6   73.1
I  -59.4  -43.9  114.5 -179.4  -67.0  173.1  1.228   96.9  3.784  5.472   60.5   84.3
T  -58.8  -30.1  112.3  178.9  -59.1  176.8  1.008  106.6  3.776  5.536   82.6   84.8
T  -70.0  -39.5  112.1 -177.4  -48.4 -173.9  1.107   92.3  3.802  5.298   65.5   89.1
F  -72.7  -29.4  109.2 -179.3  -95.4    nan  0.929   96.0  3.801  5.260   67.8   75.0
R  -81.6  -50.1  111.3 -178.1 -156.8    nan  0.970   79.6  3.821  5.142   59.1   76.5
T  -92.3  -33.4  115.7 -177.5   80.1  -41.0  1.162   74.3  3.716  4.702   18.8   50.3
G   78.1   11.6  111.6 -177.4    nan    nan    nan   97.5  3.799    nan    nan -136.1
T -116.5  171.4  108.8  177.7   64.9  -56.5  1.030  119.0  3.794    nan    nan   77.9
W -101.0    9.4  111.8  179.0  -64.7    nan  0.988   82.6  3.828  5.386 -103.6 -106.1
D  -47.8  -31.4  114.4 -178.9  -66.4    nan  1.150  114.5  3.792  5.909  127.0  145.4
A  -69.4  -19.7  112.2  178.4    nan    nan  1.174  102.2  3.792  5.595   65.0   86.4
Y -101.7  -18.6  115.2 -179.7  -64.2    nan  1.118   71.1  3.861  5.483   48.8   67.4
K  -91.0   -7.9  116.4 -179.9  -74.2    nan  1.151   85.5  3.807  5.414   56.0   79.5
N -122.5   83.4  106.3  178.1  -99.6    nan  0.967   99.9  3.834  5.426   44.6   54.0
L -128.0    nan  109.6 -175.3  -68.8    nan  1.050    nan  3.770  5.878  131.7  139.8
