Id   phi    psi    tau  omega    chi    chi2  solid    eta  CA-CA  CB-CB  BA^AB  NA^AC
M    nan  150.9  111.1    nan -164.8    nan  1.062    nan    nan    nan    nan    nan
N -164.9  178.5  108.3 -176.2   56.5    nan  0.999  165.3  3.765  5.482  174.8  163.3
I  -56.3  -38.3  112.4  179.6 -176.8   61.4  1.180  103.8  3.798  5.290  -65.1  -53.9
F  -62.3  -46.2  114.3  179.4  -59.2    nan  1.239   93.4  3.806  5.592   65.3   87.4
E  -69.8  -34.9  112.1  179.7  -68.4    nan  1.087   94.7  3.739  5.427   62.7   73.1
M  -64.1  -47.5  111.2 -178.5 -175.7    nan  1.021   93.1  3.772  5.382   78.0   88.8
L  -65.3  -43.1  113.8  177.5  -78.4    nan  1.179   93.2  3.790  5.154   48.3   73.7
R  -56.2  -38.9  110.7  176.8  -86.1    nan  1.080  104.4  3.823  5.636   78.6   85.8
I  -66.2  -50.4  110.4 -179.9  -73.4  163.5  1.104   90.7  3.781  5.357   66.4   82.0
D  -67.0  -39.1  116.0  179.6  -81.2    nan  1.150   92.8  3.784  5.269   52.7   71.6
E  -99.9  -21.5  111.9 -177.6  -47.0    nan  1.053   72.9  3.846  5.178   36.7   53.6
G   75.4 -178.6  108.2 -179.5    nan    nan    nan   75.8  3.726    nan    nan -128.7
L -130.6  112.7  111.9  177.9  169.4    nan  1.079  120.8  3.792    nan    nan -123.3
R -118.7  136.9  114.3  176.3  -78.5    nan  1.213  126.6  3.789  5.834  165.2  170.3
L  -96.5   -1.3  115.0 -179.0  -56.4    nan  1.229   83.0  3.815  5.844 -139.1 -139.3
K -127.9  155.6  106.8  177.5  -44.7    nan  1.059  130.8  3.772  5.414   43.2   54.5
I  -52.0  137.9  112.8 -177.8  -64.0  177.1  1.117   75.4  3.818  5.438  -70.1  -75.9
Y -145.7  169.8  107.9 -179.7   63.5    nan  1.041  147.5  3.797  5.729  177.5  168.9
K -102.1  138.3  108.8  176.0  -45.4    nan  1.073  111.5  3.771  5.473 -115.9 -111.1
D  -82.0 -168.9  110.0 -179.8   78.8    nan  1.172   78.4  3.789  5.685 -123.3 -129.1
T  -71.1  -14.7  113.7 -177.1   52.3  -68.5  1.107  102.6  3.808  5.201  -52.8  -50.4
E  -99.7   -9.1  112.1 -177.9  -63.6    nan  1.005   77.0  3.788  5.356   60.5   74.0
G   93.4    7.5  113.9 -178.2    nan    nan    nan   83.6  3.763    nan    nan  -99.6
Y  -87.6  145.2  114.6 -177.7  -54.7    nan  1.104  101.7  3.849    nan    nan  107.9
Y  -61.4  118.9  113.7  178.9  -55.9    nan  1.209   94.4  3.854  5.632  -98.4 -101.2
T -132.6  167.6  111.4 -176.5  -53.9 -175.4  0.997  135.9  3.812  5.852 -172.3  162.4
I -156.4  164.2  109.9  177.6 -159.6   77.7  1.104  156.7  3.778  5.469 -179.9 -167.6
G   61.4 -126.4  110.6 -178.5    nan    nan    nan   87.9  3.831    nan    nan   39.1
I -103.5   71.9  110.1  177.5  -47.2 -167.1  1.054  104.1  3.814    nan    nan  -36.9
G   65.0   36.2  116.3  177.1    nan    nan    nan   95.9  3.727    nan    nan  -56.6
H  -86.6  105.6  109.0  177.5  178.4    nan  0.988  107.3  3.787    nan    nan  130.0
L  -61.6  135.6  111.6 -179.4  175.9    nan  1.074   83.5  3.828  6.031 -133.4 -137.9
L  -97.4  -46.5  110.9 -179.6  -66.3    nan  1.123   69.8  3.801  5.854 -143.7 -142.4
T -168.4  163.8  111.7 -177.6  174.7   55.9  1.059  164.0  3.791  4.736  -39.1  -28.5
K -105.5    5.6  109.8  178.1  -78.8    nan  1.093   76.5  3.807  5.527 -125.8 -120.5
S  -75.4  146.9  109.2  179.9  149.1    nan  1.053   87.8  3.730  5.777   99.7  113.8
P  -80.3    2.5  110.5  179.4   11.0    nan  0.985  100.5  3.757  5.532 -104.1 -114.9
S  -95.2  123.3  113.4  179.8 -153.0    nan  1.086  112.3  3.725  5.489   67.2   94.5
L  -69.7  -27.8  110.3  177.9  172.7    nan  1.055   98.9  3.788  5.802 -121.0 -132.6
N  -72.3  -30.9  110.3  176.6  -64.1    nan  1.070   95.3  3.802  5.581   66.1   84.2
A  -64.5  -35.4  108.2  175.8    nan    nan  1.049  100.8  3.773  5.523   75.2   87.3
A  -64.4  -49.8  111.1  177.3    nan    nan  1.046   91.8  3.869  5.459   70.6   83.7
K  -62.3  -43.1  110.9  177.7  -63.1    nan  0.997   97.1  3.783  5.207   65.3   74.1
F  -56.0  -52.9  109.1  179.7  174.6    nan  1.077   96.9  3.753  5.205   69.4   87.1
E  -57.5  -40.2  112.0  178.9  -77.4    nan  1.040  101.9  3.779  5.309   65.5   76.4
L  -61.4  -48.4  114.0  179.6  177.8    nan  1.156   92.9  3.805  5.313   63.3   86.0
D  -56.0  -45.3  110.5  179.8  -69.0    nan  1.080  100.8  3.825  5.485   72.2   83.6
K  -68.4  -15.2  114.8  179.7  128.5    nan  1.295  104.6  3.760  5.099   40.9   74.3
A  -95.1  -36.1  109.4  178.8    nan    nan  1.027   74.5  3.799  5.803   66.4   75.9
I  -85.4  -37.1  109.4 -177.4  -68.6  170.6  1.110   82.2  3.751  5.121   43.9   67.5
G   90.0   27.1  114.4  177.8    nan    nan    nan   79.1  3.795    nan    nan -132.7
R -157.9  172.6  108.6  179.4   78.3    nan  1.029  159.1  3.762    nan    nan   49.1
N  -87.8  106.5  107.3  178.2 -110.5    nan  1.071  105.9  3.792  5.485  -98.6  -92.5
T  -94.1  -24.7  116.8 -175.9   74.2  -47.3  1.049   75.3  3.749  5.877 -153.2 -166.1
N   54.4   27.7  112.5 -175.8 -153.5    nan  1.355  111.8  3.847  5.789 -164.6 -148.1
G   79.7   18.0  115.3  176.5    nan    nan    nan   92.3  3.757    nan    nan  -83.2
V -126.3  138.3  106.3  176.1 -172.1  -52.5  1.152  126.3  3.758    nan    nan   71.8
I -132.5  164.2  111.0 -178.7   69.3  -54.4  1.073  136.3  3.904  5.870 -161.3 -176.1
T  -91.1  169.9  110.1  179.3   76.9  -43.0  1.116   94.5  3.797  5.526 -111.9 -104.1
K  -61.3  -37.4  110.2  178.6 -171.3    nan  1.051  101.4  3.893  5.438  -62.9  -70.0
D  -63.2  -42.3  112.1  178.5  -91.4    nan  1.026   96.2  3.785  5.347   74.0   84.8
E  -64.5  -40.4  108.4  179.8  -94.3    nan  1.015   98.2  3.756  5.269   66.6   80.3
A  -62.6  -47.8  111.4  179.5    nan    nan  1.065   93.9  3.777  5.324   67.1   83.1
E  -61.2  -28.9  111.6  179.9  -86.8    nan  1.079  105.4  3.766  5.241   64.0   78.8
K  -68.3  -47.3  113.6  179.1  165.3    nan  1.189   88.7  3.781  5.474   65.0   89.3
L  -65.2  -35.8  110.9  178.4  -60.3    nan  1.022   98.7  3.837  5.460   69.6   74.6
F  -60.3  -52.1  112.1 -180.0 -170.5    nan  1.060   92.7  3.799  5.337   75.7   90.3
N  -59.4  -36.6  111.9  179.8 -160.6    nan  1.062  102.6  3.798  5.138   61.7   76.6
Q  -70.7  -47.4  109.6  179.1  -94.2    nan  0.999   89.5  3.798  5.326   65.9   78.7
D  -60.7  -37.3  113.4  178.1  -74.2    nan  1.101  100.3  3.807  5.174   58.1   77.8
V  -68.4  -42.9  110.4  178.2  170.6  -69.7  1.089   92.8  3.847  5.461   63.1   80.4
D  -64.1  -39.3  111.1  177.8  170.6    nan  1.074   97.6  3.796  5.317   61.4   78.5
A  -63.5  -39.9  109.7  179.2    nan    nan  0.988   98.5  3.825  5.517   72.4   83.4
A  -57.8  -54.3  111.9 -179.5    nan    nan  1.155   93.2  3.747  5.272   66.2   89.6
V  -60.6  -41.5  111.3  178.9 -171.7  -49.2  1.026   99.1  3.823  5.388   67.4   72.8
R  -56.3  -41.8  108.8  177.7  -90.2    nan  0.987  103.5  3.754  5.285   80.4   86.8
G  -62.8  -37.8  111.8 -179.6    nan    nan    nan   99.1  3.821    nan    nan   82.4
I  -68.5  -52.3  108.4  178.9  -79.1  154.0  1.005   89.5  3.779    nan    nan   79.4
L  -58.9  -28.6  114.7 -178.3  -58.7    nan  1.200  106.4  3.826  5.208   53.0   78.1
R  -92.0   -6.5  112.5 -179.8   87.8    nan  1.082   85.6  3.806  5.461   54.6   68.7
N  -99.9  117.0  113.4 -179.2 -170.5    nan  1.141  115.2  3.774  5.426   57.1   81.4
A  -61.6  -22.8  114.0 -178.7    nan    nan  1.058  107.5  3.794  5.779 -107.7 -131.0
K  -86.1  -40.0  111.4  178.4  -55.0    nan  1.084   79.5  3.751  5.360   56.1   78.0
L  -76.9  -44.5  115.3 -178.7  -65.8    nan  1.130   82.5  3.820  5.170   51.3   71.9
K  -46.3  -58.5  119.1 -178.9 -146.8    nan  1.190   93.5  3.775  5.410   80.1   99.1
P  -58.6  -30.3  113.1 -179.7    2.2    nan  1.027  106.3  3.824  5.152   66.4   74.5
V  -74.8  -41.4  108.7  177.3 -159.3  -38.9  1.110   89.5  3.769  5.416   55.5   80.0
Y  -56.9  -51.9  112.3  178.8 -166.8    nan  1.020   95.0  3.779  5.424   80.0   87.3
D  -55.9  -32.3  111.2 -178.3  -69.1    nan  1.039  108.3  3.737  5.108   66.1   81.6
S  -83.2  -30.8  117.2 -177.5   71.2    nan  1.207   82.5  3.742  5.178   44.6   76.9
L  -70.8  161.4  113.1 -177.9  -54.9    nan  1.014   78.8  3.844  5.613   82.6   88.5
D  -85.0  179.5  109.6  176.9   49.9    nan  1.015   85.2  3.738  5.330 -103.0 -104.9
A  -57.6  -41.5  114.7 -176.9    nan    nan  1.193   99.6  3.807  5.056  -63.6  -52.5
V  -75.5  -48.7  109.5  178.3  174.2  -62.7  1.007   85.5  3.796  5.481   62.4   70.3
R  -61.8  -31.3  112.3 -179.1  -64.7    nan  1.168  103.3  3.782  5.222   54.5   78.2
R  -61.7  -37.7  112.3  177.5  -86.5    nan  1.051   99.9  3.782  5.610   86.5   92.3
A  -59.3  -37.9  110.9  178.2    nan    nan  1.072  102.4  3.826  5.406   74.2   88.3
A  -62.5  -38.6  110.9  178.1    nan    nan  1.059   99.4  3.799  5.427   72.4   84.9
L  -69.3  -48.4  109.8  179.6 -176.1    nan  1.118   89.8  3.798  5.335   57.2   78.6
I  -56.2  -36.3  113.4  174.3  -55.1 -178.1  1.130  104.6  3.850  5.565   65.5   78.5
N  -58.2  -50.3  110.1  177.0 -166.7    nan  1.022   96.4  3.819  5.521   84.2   89.7
M  -60.5  -45.3  110.9 -178.8  -74.8    nan  1.037   97.3  3.777  5.125   63.4   77.5
V  -64.0  -44.6  110.3  179.5  171.1  -67.9  1.208   95.3  3.821  5.272   49.7   77.7
F  -55.2  -49.9  109.2  175.9 -167.9    nan  0.999   99.3  3.797  5.616   82.3   83.4
Q  -66.7  -50.2  117.1 -177.9 -176.4    nan  1.189   86.1  3.796  5.110   47.5   74.2
M -112.9   -2.7  118.3 -178.9   37.0    nan  1.189   65.9  3.792  4.985    6.0   33.3
G   88.9  155.5  111.1 -178.2    nan    nan    nan   80.4  3.798    nan    nan  -98.7
E  -57.8  -41.7  114.1 -178.5  126.2    nan  1.145   99.7  3.810    nan    nan  -83.3
T  -64.4  -40.5  112.7  179.5  -81.6  159.5  1.193   95.9  3.762  5.376   60.7   82.1
G  -63.7  -41.6  111.4  179.5    nan    nan    nan   96.5  3.813    nan    nan   83.1
V  -70.5  -45.7  114.6 -179.4 -169.6  -53.5  1.210   87.3  3.781    nan    nan   76.9
A  -60.4  -10.8  112.2  179.5    nan    nan  1.129  115.1  3.787  5.520   67.8   82.3
G  -76.6  -19.8  112.5 -180.0    nan    nan    nan   95.3  3.813    nan    nan   98.5
F  -80.7   54.2  111.8  178.9  -73.7    nan  1.014  113.1  3.803    nan    nan   85.0
T  -43.3  -59.6  115.6 -179.1  -58.4 -177.8  1.056   96.5  3.826  6.111 -169.1 -170.0
N  -66.0  -40.9  115.2 -177.7  -45.0    nan  1.243   93.0  3.805  5.035   35.9   68.1
S  -68.4  -41.8  112.4  179.2  -72.4    nan  1.056   92.2  3.806  5.516   71.8   78.9
L  -60.7  -44.2  109.7 -179.9  -80.9    nan  1.021   98.4  3.784  5.354   72.7   84.8
R  -61.9  -39.1  113.8  179.3  158.3    nan  1.142   98.1  3.721  5.126   57.6   81.5
M  -67.3  -39.1  109.2  179.0  -70.6    nan  0.989   96.2  3.857  5.593   71.3   80.3
L  -59.1  -46.7  108.5 -179.1  -74.6    nan  1.010   98.9  3.782  5.357   76.9   88.5
Q  -55.1  -40.1  112.0  180.0 -157.8    nan  1.132  103.9  3.757  5.206   65.1   84.7
Q  -88.8   14.7  111.5  178.7  -60.6    nan  1.058   96.5  3.759  5.295   43.5   59.3
K   58.0   32.0  115.2  178.7  -40.1    nan  1.141  104.9  3.743  5.427 -112.3 -114.7
R  -92.7   71.4  108.9  177.3  -82.0    nan  1.026  106.9  3.816  6.051  116.0  119.6
W  -49.7  -51.2  119.7 -175.9  -37.7    nan  1.280   96.4  3.791  6.177 -167.4 -154.8
D  -73.2  -25.1  113.7 -178.2  -51.9    nan  1.135   95.7  3.775  5.356   54.4   69.4
E  -73.7  -43.7  108.3  179.9  -47.5    nan  1.101   89.7  3.744  5.552   70.0   87.6
A  -63.5  -40.1  112.5  178.2    nan    nan  1.124   96.9  3.775  5.488   62.5   79.1
A  -56.2  -48.7  113.0 -179.4    nan    nan  1.132   97.1  3.813  5.503   76.3   91.7
V  -56.6  -49.0  108.7  179.8  161.5  -74.0  0.989   99.1  3.803  5.297   75.7   81.8
N  -61.7  -54.3  114.4  179.1 -136.4    nan  1.007   89.0  3.721  4.925   61.4   75.8
L  -56.6  -31.0  108.5 -178.2  -76.2    nan  1.055  109.6  3.784  5.157   59.5   79.0
A  -63.6  -22.1  116.3 -178.0    nan    nan  1.236  105.3  3.796  5.384   65.1   93.5
K -105.3   26.9  114.9  177.8  -11.5    nan  1.077   87.0  3.762  5.408   46.1   62.2
S  -96.9  162.5  112.3 -178.2   54.1    nan  0.997  103.2  3.754  5.696  105.2  115.7
R  -59.2  -28.4  113.0  178.8  163.2    nan  1.123  106.9  3.811  5.478  -80.6  -76.4
W  -62.2  -41.2  110.6 -179.3  161.3    nan  1.100   98.4  3.843  5.549   81.3   95.7
Y  -69.5  -40.4  113.2  178.1 -173.6    nan  1.083   91.6  3.780  5.331   58.2   75.2
N  -74.4  -30.0  112.0  178.8  -61.7    nan  1.127   93.0  3.825  5.352   51.2   73.0
Q  -85.5  -36.1  115.0 -179.5  -55.6    nan  1.149   79.4  3.797  5.337   50.5   73.9
T -135.8   64.8  110.4  177.3   58.2  -67.1  1.108   85.1  3.809  5.095   -8.5   15.3
P  -58.7  -39.6  115.7 -178.3   10.2    nan  1.033   99.5  3.843  6.165 -163.7 -173.3
N  -61.1  -52.5  111.9  179.4  -68.6    nan  1.080   92.0  3.786  5.373   68.9   87.3
R  -67.0  -40.7  112.5  179.5  171.9    nan  1.093   93.8  3.786  5.210   54.1   69.4
A  -62.2  -42.3  112.3  179.9    nan    nan  1.066   96.8  3.803  5.398   72.7   84.9
K  -57.2  -43.1  114.0  177.8  -60.0    nan  1.139   99.3  3.802  5.389   68.8   86.8
R  -65.5  -39.7  110.9  177.7  -57.3    nan  1.035   96.4  3.845  5.448   69.2   77.8
V  -69.1  -38.4  109.6  178.3  172.6  -62.7  1.035   94.9  3.789  5.342   63.5   77.2
I  -67.8  -37.5  110.4 -179.4  -64.0  175.1  1.137   95.9  3.805  5.381   59.2   81.2
T  -64.6  -39.3  111.6  177.5  -52.7 -172.9  1.047   96.9  3.748  5.469   73.3   83.4
T  -58.8  -48.0  111.6  178.9  -45.3 -167.9  1.139   96.5  3.812  5.363   64.7   88.0
F  -66.7  -34.4  112.6  176.0  -76.9    nan  1.000   97.3  3.810  5.528   66.8   70.6
R  -72.5  -46.9  111.3 -178.1 -168.3    nan  1.062   87.3  3.743  5.121   66.2   82.7
T  -93.8  -30.6  118.6 -177.1   82.9  -32.5  1.185   72.5  3.803  4.982   22.6   53.3
G   74.6   24.1  111.2 -177.3    nan    nan    nan   95.7  3.830    nan    nan -135.7
T -129.3  167.5  107.6  179.5   84.4  -31.2  1.027  132.0  3.800    nan    nan   76.9
W  -95.0   11.1  112.0 -179.6  -66.3    nan  1.044   89.2  3.821  5.416 -104.0 -104.9
D  -46.0  -53.3  116.0 -177.5  -58.1    nan  1.170   99.4  3.764  6.026  133.5  150.3
A  -58.7  -20.2  111.8 -178.5    nan    nan  1.037  112.2  3.782  5.281   72.7   79.0
Y  -99.0    2.6  113.4 -178.5  -74.5    nan  1.138   82.0  3.770  5.235   41.8   71.5
K -102.2    nan  111.2 -178.4  -43.6    nan  1.111    nan  3.766  5.530   66.5   87.7
