Id   phi    psi    tau  omega    chi    chi2  solid    eta  CA-CA  CB-CB  BA^AB  NA^AC
M    nan  149.6  106.7    nan  175.1    nan  0.983    nan    nan    nan    nan    nan
N -156.8  176.0  106.5  178.0   57.5    nan  1.050  157.6  3.786  5.652  168.8  169.0
I  -54.7  -37.8  113.1 -176.0 -173.8   61.6  1.155  105.1  3.816  5.178  -57.4  -53.6
F  -69.3  -46.8  112.9 -178.7  -73.5    nan  1.037   88.6  3.777  5.480   70.2   82.7
E  -65.7  -36.5  109.5  178.6  -65.9    nan  0.981   98.6  3.704  5.186   65.6   74.8
M  -64.7  -50.4  109.9 -177.1  177.3    nan  0.977   92.0  3.753  5.229   76.2   87.5
L  -68.3  -29.2  112.6 -179.7  -83.5    nan  1.025   98.6  3.737  5.097   51.8   70.6
R  -64.3  -32.6  108.8  177.7  164.7    nan  1.020  102.0  3.825  5.534   77.9   90.9
I  -71.4  -45.0  110.9  176.6  -84.4  158.6  1.059   89.2  3.740  5.367   64.3   80.3
D  -68.7  -32.4  116.7 -177.7  -78.0    nan  1.133   94.7  3.792  5.230   56.1   77.8
E -101.2  -23.5  115.9 -174.9  -64.7    nan  1.033   69.6  3.777  5.069   44.1   61.2
G   73.0 -169.5  108.8 -175.6    nan    nan    nan   76.6  3.830    nan    nan -128.6
L -143.0  120.1  110.2  178.4  166.8    nan  0.979  125.5  3.757    nan    nan -126.1
R -130.4  132.6  107.7  178.0  -57.8    nan  1.058  127.5  3.834  5.876  163.3  165.3
L  -94.1   -2.7  114.9 -176.5  -60.5    nan  1.108   84.8  3.726  5.720 -135.8 -140.4
K -118.3  143.7  108.1  177.7  172.2    nan  0.972  123.0  3.804  5.417   51.0   62.8
I  -48.7  139.3  110.2  179.4  -66.7  169.2  1.026   70.7  3.801  5.574  -78.1  -87.5
Y -143.9  174.1  109.5  178.3   68.3    nan  1.079  145.5  3.828  5.651  171.1  173.2
K -102.8  136.0  109.4  177.2  -65.8    nan  1.046  112.6  3.784  5.473 -109.4 -104.5
D  -78.4 -167.6  110.4 -178.3   73.5    nan  1.125   74.3  3.764  5.705 -123.3 -122.7
T  -68.0  -20.4  111.3 -177.7   62.7  -50.4  1.060  103.5  3.840  5.174  -48.1  -47.1
E  -96.8   -0.8  112.5 -179.6  -58.3    nan  1.071   82.9  3.810  5.394   51.5   71.4
G   87.6   19.2  113.5 -179.2    nan    nan    nan   84.7  3.796    nan    nan  -98.2
Y -100.5  145.7  112.4 -179.6  -54.5    nan  1.045  111.1  3.789    nan    nan  105.3
Y  -63.9  126.3  111.5  179.9  -72.6    nan  1.056   90.3  3.736  5.325  -90.9 -102.9
T -142.5  164.6  110.1 -173.5  -57.1 -176.9  0.951  145.1  3.737  5.690 -179.9  159.8
I -152.3  162.2  110.0  174.0 -164.7   72.3  1.042  153.1  3.760  5.584 -179.6 -168.0
G   72.1 -133.7  112.8  172.0    nan    nan    nan   93.1  3.778    nan    nan   40.9
I -100.0   71.2  111.2 -180.0  -60.4 -178.5  1.109  106.4  3.736    nan    nan  -38.2
G   67.0   29.5  114.1 -179.6    nan    nan    nan   98.9  3.745    nan    nan  -52.9
H  -87.3  103.7  111.7  176.9  179.3    nan  1.027  110.3  3.798    nan    nan  124.1
L  -63.6  132.3  112.5 -178.7  168.7    nan  1.049   87.4  3.803  5.999 -134.2 -142.6
L  -96.0  -47.9  111.3 -179.2  -68.5    nan  1.060   70.3  3.737  5.816 -143.9 -142.7
T -164.1  151.7  110.9 -177.2 -173.4   63.5  0.996  153.3  3.755  4.593  -34.1  -24.4
K  -91.0   -3.2  110.8  176.2  -63.3    nan  1.059   87.9  3.728  5.533 -122.5 -121.3
S  -74.7  150.5  112.0  178.3  129.8    nan  1.141   87.0  3.704  5.619   86.0  106.4
P  -76.3   -9.7  115.3 -178.5   -3.2    nan  1.000   99.4  3.774  5.304  -87.9 -107.8
S  -83.3  119.3  115.6  179.9 -180.0    nan  1.117  108.5  3.761  5.425   67.7   94.4
L  -64.1  -28.5  110.8  177.5  179.6    nan  1.075  103.4  3.797  5.809 -115.9 -133.5
N  -71.8  -43.1  110.4  178.2  -70.7    nan  1.049   90.0  3.719  5.484   73.0   85.2
A  -56.5  -38.8  107.9  177.5    nan    nan  1.022  105.7  3.695  5.286   76.6   84.9
A  -64.8  -44.7  114.4 -179.6    nan    nan  1.060   92.3  3.797  5.372   68.2   84.2
K  -63.2  -34.6  109.3  179.9  -77.8    nan  0.974  101.7  3.773  5.204   71.5   80.0
S  -64.0  -51.7  113.0  177.4 -174.3    nan  1.071   89.8  3.726  5.202   67.9   86.2
E  -61.2  -39.3  107.9  177.3  -74.5    nan  0.920  101.7  3.791  5.213   69.9   72.8
L  -60.5  -48.4  113.2  179.6  179.4    nan  1.018   94.0  3.794  5.262   71.6   87.3
D  -61.5  -39.7  111.7 -177.8  -69.6    nan  1.095   99.2  3.784  5.176   59.2   80.5
K  -62.7  -38.6  109.6  177.6  166.2    nan  0.984  100.0  3.744  5.310   73.4   82.6
A  -71.5  -34.6  113.2 -179.2    nan    nan  1.122   92.8  3.855  5.325   51.9   78.6
I  -90.2  -30.1  113.9 -177.0  -59.1  179.6  1.038   78.1  3.819  5.216   50.2   66.5
G   84.7   25.8  115.0 -177.4    nan    nan    nan   84.3  3.745    nan    nan -127.9
R -159.1  165.4  108.1  175.7   77.5    nan  1.072  158.8  3.825    nan    nan   44.6
N  -76.3  104.4  106.4  177.6 -125.0    nan  0.967  101.9  3.803  5.310  -79.7  -91.8
T  -91.4  -24.4  115.2 -174.4   63.7  -56.9  1.070   78.5  3.745  6.003 -166.0 -160.8
N   61.6   29.8  111.1 -174.1 -156.0    nan  1.180  104.8  3.715  5.440 -144.7 -140.5
G   74.3   11.1  117.8  176.6    nan    nan    nan  100.3  3.890    nan    nan  -87.3
V -128.2  136.7  111.5  178.9  174.4  -69.7  1.068  130.4  3.787    nan    nan   67.0
I -130.9  165.1  109.3 -179.3   58.0  -66.7  1.022  134.2  3.861  5.847 -169.8 -175.2
T  -89.0  170.5  110.4  177.9   73.4  -46.6  1.006   92.4  3.692  5.304 -101.3 -101.9
K  -61.5  -41.6  111.7  179.1 -176.5    nan  1.046   98.1  3.826  5.185  -68.0  -69.9
D  -59.7  -43.9  111.9  176.3  -80.7    nan  1.033   98.0  3.714  5.247   72.1   83.3
E  -64.0  -42.2  109.3  179.6  -70.9    nan  0.994   97.2  3.817  5.274   67.6   79.3
A  -57.9  -45.5  111.9  179.0    nan    nan  1.078   98.5  3.793  5.325   68.9   86.0
E  -65.3  -32.4  110.6 -178.8  -88.0    nan  1.059  100.5  3.748  5.193   62.0   78.1
K  -67.8  -45.9  113.8  177.0 -161.2    nan  1.109   89.8  3.710  5.424   65.7   85.6
L  -58.6  -40.3  109.8  175.8  -66.2    nan  0.998  102.1  3.792  5.468   77.4   80.1
F  -60.6  -49.0  112.0 -178.4 -179.3    nan  1.086   94.3  3.757  5.182   70.8   87.3
N  -59.5  -40.1  111.5  180.0 -167.9    nan  1.051  100.6  3.737  5.306   65.6   79.8
Q  -64.9  -41.0  111.4 -179.5  -72.0    nan  0.970   95.9  3.785  5.407   74.7   82.9
D  -64.0  -39.3  113.0  178.5  -68.8    nan  1.104   96.7  3.757  5.202   62.0   81.7
V  -63.5  -47.9  109.5  177.2  173.4  -66.6  1.063   94.5  3.844  5.460   70.4   82.2
D  -54.8  -49.5  113.0  178.3 -147.9    nan  1.043   97.6  3.710  5.163   68.6   83.4
A  -59.3  -37.9  111.1  178.6    nan    nan  1.033  102.2  3.770  5.251   61.8   78.3
A  -63.7  -47.5  110.3 -179.9    nan    nan  1.077   94.0  3.826  5.483   68.6   85.5
V  -60.0  -45.9  110.6 -179.7 -179.2  -64.1  1.023   97.5  3.798  5.340   71.7   80.3
R  -64.0  -34.8  111.0 -178.5  -73.3    nan  1.259  100.1  3.712  5.081   44.6   78.9
G  -67.7  -38.7  111.0  177.3    nan    nan    nan   95.1  3.819    nan    nan   82.8
I  -59.9  -48.4  110.6  177.8  -79.6  160.1  1.016   96.0  3.756    nan    nan   86.4
L  -67.2  -21.6  113.9 -178.4  -56.0    nan  1.078  102.9  3.790  5.193   57.0   74.8
R  -94.7   -6.1  110.8  179.9  -64.8    nan  1.002   83.1  3.750  5.329   58.3   72.0
N  -93.5  120.4  112.9 -176.7 -175.6    nan  1.118  111.5  3.812  5.370   62.6   90.3
A  -59.3  -27.8  115.3 -177.0    nan    nan  1.147  106.2  3.802  5.897 -112.0 -120.7
K  -86.2  -28.4  112.6  178.4  -74.2    nan  0.990   82.8  3.765  5.461   64.8   73.8
L  -90.3  -39.4  115.5 -175.4  -59.2    nan  1.094   73.9  3.729  5.024   49.3   75.4
K  -48.7  -48.4  116.8 -176.6 -176.0    nan  1.145  100.6  3.693  5.285   82.5  103.2
P  -63.6  -34.0  110.5 -177.8   -0.3    nan  0.971  101.1  3.761  5.284   69.4   79.3
V  -67.6  -48.2  111.3  179.1 -178.0  -55.5  1.061   90.2  3.730  5.297   63.4   85.2
Y  -58.2  -47.2  110.6 -178.6 -176.0    nan  0.978   97.9  3.705  5.106   71.7   82.1
D  -64.0  -25.8  111.4 -179.0  -77.4    nan  0.972  104.6  3.766  5.204   64.2   77.7
S  -80.4  -12.0  115.5  179.6   73.5    nan  1.077   94.2  3.739  5.265   60.1   83.2
L  -93.1  160.2  115.0 -173.9  -66.8    nan  0.999  101.1  3.781  5.397   74.1   88.9
D  -73.5  167.0  109.3  171.0   57.8    nan  1.004   78.1  3.793  5.336  -93.6  -99.6
C  -63.1  -34.1  116.3 -174.4   69.7    nan  1.308   98.8  3.802  5.492  -89.2  -69.3
V  -68.2  -43.7  109.3 -179.2 -178.8  -60.3  1.040   93.2  3.785  5.685   84.5   86.2
R  -71.0  -28.2  112.1 -178.9  -66.8    nan  1.093   96.9  3.718  5.227   54.2   74.8
R  -61.1  -37.1  109.8  176.6  -79.4    nan  1.013  101.9  3.774  5.627   88.4   94.2
A  -60.3  -38.1  111.2  176.3    nan    nan  1.075  101.3  3.786  5.336   71.8   86.3
A  -64.7  -36.7  111.7  177.7    nan    nan  1.030   98.2  3.802  5.422   70.5   83.0
L  -70.4  -39.0  109.0  180.0 -172.2    nan  1.035   93.9  3.793  5.353   62.2   80.0
I  -63.1  -43.0  111.0  178.9  -64.6  173.4  1.051   96.5  3.770  5.424   68.8   84.1
N  -56.5  -47.5  109.6 -179.3 -167.8    nan  0.967   99.6  3.789  5.318   78.8   87.8
M  -60.3  -40.0  113.4  179.9  -75.7    nan  1.036   99.1  3.728  5.258   64.1   80.4
V  -67.3  -37.6  108.9 -178.2  169.7  -73.0  1.054   97.1  3.783  5.295   66.0   81.7
F  -63.6  -35.4  110.5  179.6 -178.2    nan  0.993  100.4  3.773  5.383   74.9   85.2
Q  -77.0  -44.3  115.5 -179.0 -171.6    nan  1.081   82.4  3.801  5.240   52.3   77.5
M -114.4   -2.6  119.9 -172.5   77.9    nan  1.317   64.4  3.701  4.607   -1.3   39.6
G   82.0  150.8  109.5  179.5    nan    nan    nan   73.6  3.718    nan    nan -106.4
E  -59.5  -39.0  112.8 -174.8  130.1    nan  1.104  100.7  3.706    nan    nan  -89.5
T  -63.3  -46.9  110.7  179.8  -42.6 -163.4  1.082   94.4  3.683  5.328   64.2   84.8
G  -56.8  -50.5  110.1 -179.5    nan    nan    nan   97.2  3.802    nan    nan   83.7
V  -69.0  -41.8  114.6 -178.8  177.6  -57.9  1.059   90.4  3.758    nan    nan   70.7
A  -56.2  -20.7  110.1 -178.6    nan    nan  1.093  114.8  3.810  5.327   70.6   90.6
G  -78.3   -1.0  117.4  176.8    nan    nan    nan  101.2  3.866    nan    nan   86.5
F  -94.6   54.1  106.2  178.2  -80.9    nan  0.946  100.3  3.786    nan    nan   88.2
T  -44.9  -53.0  118.1 -176.1  -67.9  173.1  0.987   99.2  3.745  6.040 -167.3 -166.3
N  -63.9  -41.8  112.5 -179.0  -52.5    nan  1.146   95.7  3.677  4.842   47.8   74.9
S  -65.0  -41.3  110.7 -178.0  -58.0    nan  0.992   96.1  3.748  5.500   77.6   83.0
L  -56.0  -43.7  111.4  179.8  -69.1    nan  1.049  101.2  3.768  5.237   76.2   89.1
R  -65.3  -39.4  110.2 -179.8  174.1    nan  1.022   97.1  3.761  5.191   65.4   78.7
M  -66.7  -39.1  110.8  179.0  -78.9    nan  1.075   95.8  3.780  5.413   61.5   80.5
L  -67.1  -40.6  107.8 -179.7  -69.5    nan  0.968   96.5  3.731  5.384   75.1   81.0
Q  -58.9  -35.9  109.9 -178.1 -159.4    nan  1.071  104.3  3.770  5.307   69.4   88.1
Q  -82.2   -3.0  113.4  179.0  -66.9    nan  1.024   96.6  3.740  5.277   56.5   69.9
K   65.0   32.8  115.1 -178.1  -45.8    nan  1.209   98.4  3.836  5.599 -127.3 -121.7
R  -97.1   74.9  104.7  176.8  -72.5    nan  0.937  102.2  3.807  5.993  122.3  114.1
W  -56.0  -53.6  117.2 -172.9  -39.9    nan  1.221   91.6  3.800  6.219 -174.9 -154.5
D  -60.0  -42.4  111.5 -179.4  -80.5    nan  1.066   99.0  3.738  5.312   67.6   77.1
E  -65.2  -40.2  113.3  179.2  -64.1    nan  1.040   95.1  3.774  5.361   66.0   80.4
A  -61.0  -38.3  110.6  179.9    nan    nan  1.005  100.9  3.738  5.292   74.0   86.3
A  -65.4  -40.4  110.4 -175.8    nan    nan  1.058   96.4  3.781  5.160   65.2   86.2
V  -65.7  -46.5  108.7  176.4  167.3  -77.7  1.006   94.1  3.706  5.376   64.5   78.1
N  -64.3  -39.6  112.5 -177.8 -173.2    nan  1.036   96.5  3.793  5.273   62.7   79.0
L  -61.5  -30.6  111.4 -176.7  -85.2    nan  0.951  104.3  3.790  5.379   80.4   89.3
A  -69.9  -21.3  113.7 -176.9    nan    nan  1.126  100.5  3.806  5.205   60.8   89.3
K  -88.3   74.1  108.8  178.6  -56.5    nan  0.945  108.5  3.774  5.487   67.3   76.6
S -156.4  157.5  108.2 -174.4   55.8    nan  0.969  153.4  3.740  5.453   95.3   98.9
R  -61.4  -40.7  108.9  177.2  169.1    nan  0.986  100.2  3.718  5.300  -79.9  -86.0
W  -47.1  -52.7  110.7 -179.7  169.6    nan  0.956  101.9  3.823  5.306   88.4   97.9
Y  -62.9  -44.1  112.9 -179.6  178.6    nan  1.011   94.9  3.779  5.012   54.7   73.6
N  -67.0  -30.2  113.0 -178.6  -74.1    nan  1.092   99.0  3.799  5.188   55.5   78.9
Q  -84.4  -40.2  113.4 -179.4  -64.1    nan  1.093   79.6  3.824  5.472   54.2   74.8
T -130.2   68.7  106.2 -179.5   48.0  -69.0  1.013   87.9  3.782  4.910    1.6   18.7
P  -58.4  -41.3  115.9 -177.7   14.8    nan  0.995   98.5  3.715  5.987 -162.5 -167.3
N  -68.6  -39.7  113.0 -177.2  -69.9    nan  1.090   92.8  3.861  5.359   56.4   82.3
R  -71.6  -43.0  109.9  179.3  176.7    nan  0.983   90.6  3.712  5.270   68.6   76.4
A  -56.7  -44.3  109.3 -180.0    nan    nan  1.080  101.5  3.793  5.289   67.4   86.8
K  -57.4  -40.1  111.7  178.2  -77.3    nan  1.029  102.3  3.813  5.471   75.8   83.7
R  -65.2  -41.8  112.4  179.6  -66.5    nan  1.097   94.7  3.737  5.350   66.8   82.9
V  -71.5  -39.5  109.3 -176.7  173.2  -65.4  0.987   92.6  3.785  5.252   69.3   77.3
I  -61.4  -40.6  112.1  179.5  -72.0  169.4  1.129   98.5  3.767  5.331   63.0   85.8
T  -64.6  -33.1  112.1  178.3  -70.1  173.2  1.008  100.0  3.831  5.498   76.7   81.3
T  -66.5  -43.9  109.7  178.3  -60.7 -177.3  1.035   94.2  3.737  5.220   70.7   85.7
F  -69.1  -38.0  110.7  178.5  -82.5    nan  0.959   94.5  3.803  5.409   65.5   74.0
R  -63.7  -43.2  113.1 -179.8 -151.2    nan  1.033   94.7  3.775  5.240   71.9   86.1
T -100.2  -19.5  117.4 -174.4   62.6  -59.2  1.085   71.5  3.773  4.945   30.2   53.9
G   68.7   15.3  111.9 -174.5    nan    nan    nan  105.0  3.732    nan    nan -129.9
T -124.6  172.1  108.6  177.1   67.3  -53.5  0.943  126.7  3.843    nan    nan   74.1
W  -94.5   16.6  110.6  177.9  -66.0    nan  0.985   91.4  3.811  5.339 -102.8  -99.2
D  -52.4  -32.5  116.9 -174.5  -58.8    nan  1.146  108.8  3.810  5.962  134.6  152.9
A  -71.8  -13.9  108.8 -176.3    nan    nan  1.052  103.2  3.792  5.455   72.4   86.2
Y -106.7    6.9  111.6 -177.3  -74.7    nan  1.100   75.9  3.722  5.262   43.4   69.9
K -105.2    nan  112.3  178.1  -50.9    nan  1.215    nan  3.757  5.552   56.2   87.1
