Id   phi    psi    tau  omega    chi    chi2  solid    eta  CA-CA  CB-CB  BA^AB  NA^AC
P    nan  103.4  108.4    nan   17.4    nan  0.982    nan    nan    nan    nan    nan
Y  -98.4  137.4  113.1 -179.2  -59.0    nan  1.048  111.7  3.792  6.048 -175.8 -174.3
T -140.6  125.3  106.9  178.0  -60.8  179.0  0.995  126.6  3.769  5.665  179.7  170.9
V -114.1  127.8  107.0  176.6   -2.4  123.7  1.074  117.5  3.797  5.991 -175.9 -171.6
V -106.8  118.0  106.4 -179.6 -178.5  -55.7  0.973  112.0  3.810  5.951 -146.3 -162.4
Y -159.7  170.0  111.8 -178.4 -162.9    nan  1.029  161.1  3.793  5.624  140.3  135.7
F  -73.0  159.0  106.6  177.7  -60.5    nan  0.945   79.9  3.786  5.192  -75.2  -83.4
P  -74.5   56.5  115.7  179.2   30.4    nan  1.035  119.7  3.797  5.370  -98.1  -92.1
V -134.8  165.9  106.9  177.9  -65.5   57.8  0.992  137.1  3.854  5.934   92.7   98.7
R  -76.6  -57.3  105.5  178.0  -63.8    nan  0.972   84.6  3.811  5.316  -86.7  -90.5
G   37.0 -132.7  117.5  178.0    nan    nan    nan   70.3  3.797    nan    nan  157.7
R  -74.2    0.1  114.9 -179.3  -75.2    nan  1.084  105.8  3.789    nan    nan   -9.5
C -102.5   -9.3  113.9  179.6  -87.0    nan  1.063   73.9  3.812  5.555   65.4   85.0
A  -55.6  -48.6  112.8 -178.8    nan    nan  1.069   97.7  3.802  5.745  107.6  121.0
A  -63.8  -43.6  114.8 -178.3    nan    nan  1.094   93.5  3.817  5.263   59.8   78.5
L  -69.6  -30.2  111.4 -179.8   65.8    nan  1.083   97.4  3.791  5.339   58.0   76.4
R  -69.3  -39.2  108.8  177.7  -76.9    nan  1.007   94.8  3.814  5.557   74.9   85.1
M  -63.8  -39.1  109.2  178.3  -61.7    nan  1.014   99.0  3.820  5.383   69.8   81.9
L  -61.6  -52.9  110.5  179.4 -173.0    nan  1.020   92.3  3.818  5.350   72.3   85.1
L  -59.2  -45.1  111.4 -179.6  -69.9    nan  1.051   98.0  3.817  5.193   60.2   76.1
A  -61.6  -52.4  112.0  179.7    nan    nan  1.048   91.7  3.822  5.332   66.5   80.8
D  -62.2  -30.4  112.6 -179.1 -163.2    nan  1.060  103.3  3.795  5.160   58.8   75.0
Q  -86.8    3.7  112.5  179.5  -69.0    nan  1.059   94.6  3.807  5.318   50.6   71.2
G   70.4   25.8  116.3  179.0    nan    nan    nan   96.9  3.814    nan    nan -113.2
Q  -94.5  151.4  111.1 -179.8  -57.7    nan  1.023  103.9  3.814    nan    nan  115.1
S -101.8  145.5  107.5  179.0  -31.2    nan  0.976  109.6  3.803  5.583 -125.4 -132.6
W -151.1  161.8  108.2  178.1   72.9    nan  1.026  151.5  3.783  5.595  171.6  171.8
K -111.8  135.3  107.5  179.5  155.2    nan  1.000  117.4  3.785  5.513 -128.4 -129.1
E -101.3  130.7  109.2  179.0  -67.8    nan  0.998  111.9  3.799  5.851 -142.3 -148.0
E -116.1  104.7  103.8  177.8  -82.7    nan  0.949  108.6  3.812  5.828 -162.0 -170.5
V  -79.3  131.8  113.0 -179.3 -176.9  -55.0  1.069   99.3  3.779  6.027 -154.9 -154.1
V -111.7  114.0  106.9  179.5  174.5  -64.4  0.989  113.4  3.803  5.859 -153.1 -165.1
T  -82.5  155.2  109.0  179.9   58.2  -61.1  0.994   91.0  3.787  5.958 -141.5 -151.4
V  -54.9  -31.1  110.5  179.3   66.7 -170.3  1.039  110.1  3.810  5.395  -74.8  -81.6
E  -63.5  -58.4  108.0  179.3  -48.9    nan  1.003   89.9  3.805  5.485   79.3   90.4
T  -53.7  -41.4  112.6  179.9  -51.4 -172.4  1.041  103.9  3.828  5.190   63.2   75.2
W  -65.8  -46.4  111.1  179.9 -171.9    nan  1.038   92.5  3.808  5.291   66.8   80.5
Q  -68.4   -9.1  113.0 -179.6  -73.3    nan  1.075  107.8  3.809  5.209   56.0   74.1
E  -68.1  -31.0  108.3  177.9 -169.8    nan  1.011   99.8  3.809  5.751   94.5  105.6
G  100.2  -34.4  121.2  177.1    nan    nan    nan   98.1  3.810    nan    nan -120.9
S  -61.6  -45.5  116.2 -178.1   60.4    nan  1.107   93.3  3.813    nan    nan   95.6
L  -63.8  -48.2  109.5  179.1 -153.1    nan  1.021   94.0  3.831  5.369   67.6   78.6
K  -52.3  -49.3  111.1  179.0 -170.9    nan  1.031  100.5  3.819  5.319   74.5   85.3
A  -61.4  -25.6  113.5 -179.2    nan    nan  1.071  106.3  3.805  5.176   61.9   78.4
S  -89.0  -12.8  112.9  179.2   63.6    nan  1.076   86.0  3.828  5.404   52.3   73.5
C  -77.7  129.4  107.8  178.5  -70.6    nan  0.984   95.4  3.826  5.673   83.6   93.6
L  -42.7  -53.5  115.4 -178.9 -177.6    nan  1.101  101.7  3.824  5.662  -88.5  -96.2
Y -107.6   20.6  111.3  179.7  -57.4    nan  1.041   80.7  3.834  4.959   10.2   30.5
G   64.6   26.9  115.4  179.7    nan    nan    nan  101.9  3.811    nan    nan -101.7
Q -141.8  160.8  113.6 -177.9  -59.8    nan  1.047  145.5  3.794    nan    nan   69.5
L -108.3  163.4  103.3  177.2  -68.9    nan  0.953  111.3  3.805  5.488 -125.0 -130.6
P  -69.7  157.8  117.4    0.1   34.7    nan  1.035   80.9  3.025  4.748   86.1   82.2
K -123.4  139.7  100.1  176.9  171.2    nan  0.915  120.9  3.753  5.565 -144.4 -151.8
F -134.2  142.7  109.8 -177.4 -175.8    nan  0.995  134.5  3.782  5.719 -173.0 -171.7
Q -127.9  134.5  108.7  178.3  -63.9    nan  1.027  127.7  3.768  5.718 -168.6 -166.7
D -128.6   94.9  100.8  177.7  179.0    nan  0.920  101.5  3.794  5.797 -166.8  179.2
G   69.8 -123.3  104.5 -176.8    nan    nan    nan   90.4  3.779    nan    nan  -20.0
D -103.7   10.6  112.6  178.9   66.1    nan  1.083   80.5  3.800    nan    nan  -34.6
L  -88.7  120.0  105.1  177.0 -149.3    nan  0.954  102.4  3.824  5.881   95.9  102.6
T -109.4  125.9  106.7  179.9  -62.8  176.6  0.979  114.5  3.805  5.947 -166.8 -171.4
L -121.3  157.5  111.1 -179.5  -96.1    nan  1.013  126.7  3.796  5.836 -172.4 -176.5
Y -135.6  163.0  102.7  176.9  -68.6    nan  0.929  136.7  3.819  5.611 -155.1 -161.8
Q   83.0  113.5  110.6 -179.8  -59.1    nan  1.052   68.4  3.846  4.803   70.1   58.6
S  -53.2  -42.0  115.5 -177.6   64.6    nan  1.116  102.3  3.810  5.897 -113.1 -121.9
N  -72.3  -26.8  113.2 -179.9  -65.0    nan  1.098   95.8  3.819  5.340   56.0   75.6
T  -67.7  -42.8  106.4  177.5  -73.6  166.3  0.984   95.8  3.817  5.626   79.8   89.1
I  -62.1  -45.8  109.8  179.3  -60.8  179.4  1.036   96.4  3.817  5.316   64.9   80.3
L  -60.4  -45.1  110.9  178.7  -81.5    nan  1.029   97.5  3.830  5.385   67.8   80.0
R  -65.9  -37.4  111.7 -179.6  -75.4    nan  1.058   96.9  3.815  5.274   61.1   77.4
H  -62.9  -46.9  110.0  179.2  173.1    nan  1.018   95.1  3.791  5.398   74.0   85.9
L  -66.4  -36.9  108.9  179.2 -101.2    nan  1.001   98.1  3.807  5.229   60.1   73.2
G  -62.2  -40.5  110.6  179.6    nan    nan    nan   98.8  3.810    nan    nan   86.9
R  -71.4  -47.5  112.6 -179.6 -154.0    nan  1.039   86.9  3.793    nan    nan   76.1
T  -76.3  -27.4  115.7 -178.1   58.2  -62.5  1.091   90.9  3.822  5.199   45.5   68.3
L  -99.2   -1.1  113.5 -179.8  -91.7    nan  1.062   80.4  3.817  5.213   43.7   63.2
G   74.6   41.5  116.2  179.1    nan    nan    nan   85.2  3.821    nan    nan -113.8
L -119.9   44.2  108.5  179.9  -45.1    nan  0.993   80.5  3.807    nan    nan  102.5
Y -129.4   37.8  112.7 -177.1 -140.3    nan  1.025   71.4  3.797  5.609   86.2  100.4
G   84.0  166.9  111.8 -179.9    nan    nan    nan   79.3  3.808    nan    nan  -67.4
K  -90.7  -18.3  113.0 -179.0   74.2    nan  1.068   82.3  3.805    nan    nan  -99.7
D -152.3 -179.1  110.3  179.3   54.3    nan  1.055  152.0  3.815  4.963   -4.2   14.3
Q  -62.6  -35.4  113.2 -178.1  -71.7    nan  1.063   99.9  3.829  5.149  -56.4  -55.8
Q  -62.7  -44.4  109.9  179.3  176.9    nan  1.031   96.6  3.781  5.390   75.2   88.3
E  -70.0  -37.5  110.8  179.4  -74.7    nan  1.038   93.9  3.831  5.321   56.6   72.8
A  -59.8  -40.4  110.3  179.1    nan    nan  1.035  100.9  3.817  5.418   75.7   88.6
A  -66.2  -38.4  109.9  179.6    nan    nan  1.027   97.1  3.808  5.340   65.6   80.1
L  -71.2  -35.3  110.0  179.5  -62.9    nan  1.033   94.4  3.792  5.324   61.1   77.3
V  -62.8  -41.3  107.7  178.5  168.3  -71.3  1.007   99.5  3.822  5.485   74.8   86.6
D  -63.7  -44.4  110.8  178.5  -84.0    nan  1.014   95.4  3.845  5.402   68.7   80.2
M  -61.1  -37.8  112.0 -179.6 -175.5    nan  1.051  100.4  3.803  5.238   67.5   82.4
V  -69.4  -46.6  109.2  178.4  170.3  -69.8  1.027   91.1  3.814  5.445   65.0   78.8
N  -58.9  -41.4  113.6 -179.9 -156.6    nan  1.083   99.3  3.807  5.325   67.4   82.3
D  -63.5  -36.4  109.9  179.4  -77.4    nan  1.020  100.3  3.830  5.420   72.1   82.3
G  -66.3  -42.7  109.4  178.3    nan    nan    nan   95.1  3.791    nan    nan   82.5
V  -60.7  -45.9  109.2  178.9  172.9  -66.3  1.016   97.7  3.815    nan    nan   82.1
E  -61.1  -37.9  111.2 -179.4  172.9    nan  1.055  100.8  3.819  5.233   63.9   80.5
D  -62.6  -45.2  111.0  178.6  -84.1    nan  1.024   95.6  3.834  5.515   72.8   85.5
L  -71.3  -34.3  109.6  179.8 -176.5    nan  1.040   94.9  3.810  5.237   55.2   71.3
R  -60.8  -40.2  109.7  179.1 -174.9    nan  1.038  100.5  3.812  5.532   77.7   90.3
C  -62.5  -38.2  111.8 -179.9  -77.3    nan  1.061   99.1  3.815  5.383   69.5   84.6
K  -67.9  -40.3  109.5  178.5  -64.3    nan  1.018   95.0  3.813  5.399   67.3   79.8
Y  -62.2  -46.1  110.4  179.2  167.1    nan  1.017   95.8  3.827  5.364   71.2   83.4
I  -63.8  -38.6  110.7 -180.0  -73.6  166.3  1.054   98.4  3.797  5.200   60.5   77.5
S  -63.0  -45.3  108.4  178.8 -174.2    nan  1.001   96.9  3.811  5.438   72.1   83.7
L  -57.9  -58.6  109.8  178.7  172.6    nan  1.000   91.9  3.796  5.315   71.5   82.1
I  -51.9  -45.2  115.8 -178.0  -65.8  171.9  1.085  101.0  3.803  5.083   63.7   79.8
Y  -97.9  -26.6  116.2 -178.1  -64.8    nan  1.096   71.4  3.811  4.994   26.8   51.0
T  -90.2  -54.9  114.0 -178.3  -75.3  164.3  1.084   70.4  3.828  5.329   52.5   74.1
N -148.7   67.0  115.0 -179.7   69.6    nan  1.126   82.4  3.810  4.732  -37.3  -12.5
Y  -60.2  -52.3  113.9 -179.0 -174.0    nan  1.073   91.5  3.788  6.164 -167.2 -174.8
E  -59.3  -54.0  114.7 -179.1  -72.9    nan  1.072   90.5  3.828  5.203   62.9   78.6
A  -71.0  -47.8  116.4 -178.6    nan    nan  1.097   84.7  3.831  5.074   47.1   67.4
G  -91.8    1.0  121.8 -177.9    nan    nan    nan   88.7  3.816    nan    nan   57.0
K  -60.9  -36.0  113.8 -178.8 -176.5    nan  1.078  100.7  3.814    nan    nan  126.0
D  -68.4  -46.3  112.6 -179.3  -71.9    nan  1.071   89.7  3.810  5.386   67.1   84.5
D  -63.5  -44.3  109.0  179.0  -71.0    nan  0.996   96.7  3.823  5.363   67.6   77.1
Y  -54.6  -51.2  111.6 -179.9 -171.8    nan  1.044   97.4  3.806  5.269   74.2   87.5
V  -65.2  -26.5  112.5 -179.5  179.6  -59.8  1.077  102.7  3.818  5.223   55.0   72.8
K  -73.5  -37.7  110.5  178.1  -65.2    nan  1.012   91.1  3.837  5.576   73.9   85.3
A  -81.3  -14.5  112.8 -179.8    nan    nan  1.053   92.9  3.819  5.169   50.8   69.4
L  -50.0  -51.2  117.1 -178.4 -122.3    nan  1.121   97.5  3.812  5.725  105.6  122.5
P  -51.1  -41.8  111.9 -179.8  -30.7    nan  0.990  105.9  3.829  5.279   78.2   87.0
G  -63.6  -30.5  112.7  179.8    nan    nan    nan  102.0  3.786    nan    nan   82.6
Q  -80.5  -28.7  112.7 -179.7  -60.9    nan  1.036   87.8  3.815    nan    nan   77.2
L  -87.0  -23.6  113.7 -179.7  -62.1    nan  1.072   83.5  3.815  5.273   52.0   73.4
K  -48.6  -47.5  115.3  179.9 -126.9    nan  1.100  102.1  3.843  5.676   99.6  113.7
P  -52.9  -39.7  114.3  179.7  -31.8    nan  1.009  104.7  3.851  5.310   77.9   88.4
F  -71.6  -33.8  111.6 -179.0  -56.4    nan  1.064   93.9  3.801  5.241   52.6   78.2
E  -65.7  -40.7  106.9  177.6  178.6    nan  0.984   98.0  3.825  5.471   73.4   84.4
T  -66.5  -44.0  111.4  179.1  -58.0 -177.8  1.053   93.1  3.812  5.290   60.5   78.5
L  -58.9  -45.9  109.9  179.1  -76.7    nan  1.019   98.6  3.833  5.413   72.3   83.4
L  -60.1  -46.7  110.4  179.4 -133.6    nan  1.016   97.0  3.804  5.216   67.3   80.4
S  -60.9  -27.1  112.8 -179.8   78.5    nan  1.071  106.2  3.822  5.321   62.9   80.6
Q  -84.7   -8.1  113.8  179.7  -68.3    nan  1.059   92.0  3.803  5.374   58.7   76.7
N -111.2   99.4  110.5 -179.6 -175.9    nan  1.030  112.4  3.803  5.314   48.7   68.2
Q   45.6   38.5  112.0 -179.5  -60.9    nan  1.051  112.4  3.831  5.206  -23.0  -45.9
G   66.1   24.8  117.1  179.0    nan    nan    nan  101.1  3.811    nan    nan  -85.2
G   72.8   18.5  115.1  179.9    nan    nan    nan   98.7  3.803    nan    nan  -91.2
K  -88.0  -14.0  117.4 -177.7  -58.7    nan  1.101   85.6  3.815    nan    nan  118.0
T -119.6 -113.4  112.3  178.4   47.7  -72.6  1.075   83.9  3.815  5.261   32.3   54.0
F -108.4 -178.7  111.4 -177.8  -55.3    nan  1.054  107.9  3.821  4.684  -46.1  -24.8
I  -67.1  -33.0  112.5 -177.9 -163.8   72.2  1.106   97.7  3.780  5.237  -67.1  -59.4
V -138.0  124.6  108.7  178.0  172.0  -66.9  1.012  126.8  3.850  5.135   -1.3   15.1
G   70.3 -161.6  115.1  179.6    nan    nan    nan   78.9  3.807    nan    nan    1.1
D -111.8   13.4  114.8 -179.6   54.0    nan  1.119   74.3  3.795    nan    nan  -80.5
Q -128.0  150.9  106.3  177.4   67.9    nan  1.001  130.2  3.818  5.558   55.9   67.1
I  -70.4  146.0  110.9  180.0 -158.7   76.9  1.063   84.8  3.810  5.617  -97.7  -99.6
S -129.5  172.6  108.6 -180.0   71.4    nan  0.997  131.5  3.826  5.761 -157.5 -165.6
F  -65.9  -26.3  111.7 -179.1   66.4    nan  1.082  102.5  3.809  5.324  -74.4  -69.3
A  -66.2  -28.8  111.6  178.9    nan    nan  1.049  101.0  3.807  5.573   79.8   93.2
D  -64.1  -45.9  109.3  179.1  -78.0    nan  1.002   95.2  3.827  5.560   82.1   92.4
Y  -65.4  -38.0  111.2 -179.7  -61.9    nan  1.045   97.2  3.817  5.260   61.3   76.5
N  -68.7  -42.8  110.3 -179.8 -159.1    nan  1.047   92.7  3.795  5.338   64.7   80.7
L  -66.4  -41.4  109.6  179.2  174.7    nan  1.027   95.5  3.829  5.378   63.6   77.3
L  -58.2  -47.2  109.5  179.3  178.9    nan  1.031   98.6  3.823  5.421   74.1   86.2
D  -59.3  -46.0  111.3  178.8  177.8    nan  1.037   97.5  3.817  5.354   67.7   79.9
L  -59.1  -40.9  112.0 -179.8 -173.9    nan  1.050  100.2  3.812  5.318   69.0   82.9
L  -68.7  -41.1  111.4 -179.9  -61.6    nan  1.043   92.9  3.804  5.300   62.1   78.4
L  -64.4  -39.5  111.7 -180.0  -68.1    nan  1.057   97.0  3.819  5.364   65.7   82.1
I  -75.1  -20.7  112.7  179.5   67.0  -56.7  1.112   96.3  3.826  5.436   52.3   74.1
H  -80.6  -27.7  109.7  178.1  -83.3    nan  1.061   89.4  3.803  5.602   69.1   84.2
E  -69.5  -26.0  109.3  176.8  -78.0    nan  1.001  100.3  3.809  5.582   76.4   86.5
V  -78.0  -39.9  108.6  177.9  171.7  -66.7  1.023   87.7  3.802  5.421   64.3   80.6
L  -68.9  -48.5  111.3  179.2  179.2    nan  1.019   89.1  3.819  5.337   64.1   77.6
A -131.5   82.5  110.5 -178.9    nan    nan  1.020  100.0  3.798  4.695  -10.5    9.7
P  -49.9  131.8  111.8 -180.0  -30.7    nan  0.984   77.5  3.843  6.002 -141.8 -150.7
G   85.1    2.7  116.9 -179.8    nan    nan    nan   93.7  3.803    nan    nan   21.0
C  -61.9  -23.9  113.1 -179.7   61.0    nan  1.074  106.9  3.822    nan    nan  125.6
L  -89.6   -3.8  114.0 -179.9  -93.2    nan  1.055   88.9  3.819  5.375   56.6   75.0
D  -58.4  -35.9  112.5 -179.8  -76.3    nan  1.045  103.5  3.835  5.833  111.1  122.4
A  -77.4   -6.2  112.9  179.3    nan    nan  1.053  100.1  3.834  5.281   57.0   74.4
F -119.0   86.6  113.3 -178.4  -58.7    nan  1.060  108.5  3.824  5.269   41.3   63.1
P  -53.2  -41.2  116.4 -179.8   21.9    nan  1.051  102.5  3.810  5.975 -141.3 -150.0
L  -72.1  -42.1  112.5 -178.8  -92.9    nan  1.075   89.1  3.811  5.286   52.3   77.3
L  -66.9  -40.7  108.7  179.3  -77.4    nan  1.009   96.1  3.831  5.422   66.0   77.9
S  -59.3  -46.4  112.0  179.1  -73.4    nan  1.039   96.8  3.828  5.393   73.6   86.0
A  -67.2  -36.8  111.2  179.6    nan    nan  1.032   96.3  3.804  5.191   60.2   74.3
Y  -61.5  -46.0  110.4  179.1  171.4    nan  1.023   96.4  3.809  5.304   72.6   87.4
V  -62.9  -45.5  110.6  179.8  168.6  -71.1  1.046   95.5  3.827  5.360   61.4   78.4
G  -63.8  -39.4  112.9  179.9    nan    nan    nan   96.8  3.809    nan    nan   78.8
R  -67.1  -46.8  112.3 -179.8 -171.1    nan  1.041   90.7  3.790    nan    nan   81.7
L  -70.1  -37.2  111.5  179.8  -68.1    nan  1.051   93.6  3.822  5.265   54.0   71.8
S  -64.3  -16.2  112.5  178.9  -74.9    nan  1.026  108.7  3.833  5.409   73.3   84.8
A  -94.2   -6.5  115.1 -178.6    nan    nan  1.082   83.1  3.816  5.314   56.3   79.0
R  -60.0  130.8  105.7  178.1  -69.2    nan  0.978   81.4  3.810  5.808  108.6  115.5
P  -37.5  -64.1  118.0 -178.7  -32.9    nan  1.069   95.1  3.879  5.528  -80.6  -89.5
K  -66.5  -38.8  113.7 -179.3  -63.3    nan  1.077   94.5  3.800  5.042   38.9   62.7
L  -65.0  -45.4  110.3  179.4 -133.2    nan  1.013   94.2  3.811  5.409   72.0   83.3
K  -58.7  -43.5  111.1  179.7 -178.6    nan  1.030   99.5  3.803  5.233   69.9   82.7
A  -63.8  -44.8  108.6  178.8    nan    nan  1.005   96.4  3.808  5.281   66.1   78.7
F  -64.2  -46.2  113.6 -179.9  178.9    nan  1.069   92.3  3.804  5.250   60.9   78.8
L  -63.9  -20.6  113.0 -178.9  -66.0    nan  1.063  106.8  3.819  5.313   64.1   79.8
A  -96.7   -3.9  112.8  179.4    nan    nan  1.050   81.8  3.803  5.309   50.9   70.6
S  -80.5  152.8  115.2 -178.3   74.4    nan  1.070   92.6  3.838  5.662   84.3  103.7
P  -54.6  -38.2  111.9  179.4  -30.0    nan  0.969  105.5  3.867  5.247  -71.7  -85.7
E  -52.4  -39.1  111.7  179.6 -175.1    nan  1.002  106.8  3.793  5.200   76.5   95.2
Y  -93.9  -58.5  111.1  179.8  177.7    nan  1.037   69.9  3.799  5.057   32.0   55.5
V  -55.4  -40.3  117.1 -177.8  176.7  -62.6  1.112  100.9  3.823  5.176   59.6   77.6
N  -84.7   11.5  116.8 -177.6  -65.8    nan  1.130  100.4  3.815  5.163   44.9   69.0
L -104.1  134.6  105.8  177.3 -115.4    nan  0.951  111.1  3.803  5.737   81.9   88.6
P  -73.4  157.4  108.4  179.0   31.6    nan  0.924   81.5  3.836  5.696 -113.8 -120.1
I  -68.2  -47.0  111.3 -178.9  -63.6  175.3  1.047   90.3  3.819  5.624  -94.6  -89.4
N -121.4  166.3  112.4 -179.3  -56.2    nan  1.045  125.7  3.808  4.805    1.4   21.9
G  -78.0  -13.4  118.6 -178.8    nan    nan    nan   95.4  3.793    nan    nan  -87.5
N -104.5    9.5  113.3 -179.8   66.0    nan  1.071   79.4  3.808    nan    nan   71.4
G   81.4   -8.9  116.2  179.4    nan    nan    nan  102.4  3.802    nan    nan  -97.5
K  -87.3  152.0  108.9 -179.5  -65.4    nan  1.031   96.3  3.796    nan    nan   90.5
Q -167.4    nan  109.0 -179.7   51.1    nan  1.000    nan  3.804  5.532  170.4  160.2
