Id   phi    psi    tau  omega    chi    chi2  solid    eta  CA-CA  CB-CB  BA^AB  NA^AC
M    nan  146.1  109.9    nan  174.0    nan  1.017    nan    nan    nan    nan    nan
P  -67.6  140.2  115.5  179.9  -19.7    nan  1.007   87.8  3.876  5.576  -95.1 -101.9
P  -78.2   -2.7  112.2  178.9   30.9    nan  0.996  100.8  3.824  5.715 -119.2 -119.7
Y -110.6  137.3  111.6  179.6  -61.5    nan  1.025  119.5  3.847  5.496   48.0   73.1
T -140.4  126.0  107.0  178.2  -60.2  178.9  0.998  127.1  3.774  5.661  178.6  171.7
V -114.3  128.0  107.2  176.5   -2.5  124.1  1.082  117.7  3.800  5.991 -175.7 -171.0
V -107.5  117.3  106.2 -179.3 -178.3  -55.4  0.972  112.0  3.808  5.957 -146.1 -162.9
Y -159.3  169.2  112.0 -178.3 -162.5    nan  1.028  160.7  3.797  5.629  140.5  135.5
F  -72.1  159.3  106.7  177.4  -60.5    nan  0.943   79.0  3.786  5.188  -75.3  -83.7
P  -74.5   56.6  115.9  179.0   30.0    nan  1.038  119.9  3.797  5.369  -98.2  -91.8
V -135.1  165.5  106.8  178.2  -65.6   58.1  0.993  137.4  3.855  5.932   92.7   98.5
R  -76.3  -56.4  105.9  177.7  -63.0    nan  0.976   84.8  3.809  5.324  -86.9  -90.8
G   36.5 -131.1  117.7  177.9    nan    nan    nan   71.3  3.803    nan    nan  158.0
R  -76.3    0.8  114.1 -178.7  -76.3    nan  1.078  104.0  3.785    nan    nan   -9.2
C -103.1   -9.5  113.9  179.5  -85.6    nan  1.064   73.2  3.811  5.563   65.4   85.1
A  -54.8  -49.5  113.1 -179.2    nan    nan  1.073   97.5  3.798  5.753  108.1  121.3
A  -63.3  -44.3  115.1 -178.7    nan    nan  1.093   93.3  3.815  5.262   59.8   78.1
L  -68.3  -30.9  111.6  179.4   66.4    nan  1.082   98.2  3.800  5.343   58.7   76.3
R  -69.2  -38.9  108.7  177.5  -76.4    nan  1.005   95.0  3.824  5.557   74.4   84.4
M  -64.5  -38.6  109.0  178.7  -61.9    nan  1.012   98.8  3.817  5.388   69.5   81.8
L  -61.8  -53.2  110.5  179.5 -172.9    nan  1.020   92.1  3.814  5.355   72.6   85.5
L  -58.5  -45.2  111.4  179.8  -69.7    nan  1.052   98.5  3.820  5.195   60.6   76.0
A  -62.1  -51.7  112.0 -180.0    nan    nan  1.049   91.8  3.826  5.333   66.0   80.6
D  -62.6  -30.8  112.6 -179.2 -162.4    nan  1.054  102.8  3.794  5.180   59.8   75.2
Q  -86.4    4.0  112.8  179.5  -69.1    nan  1.063   95.1  3.809  5.305   50.6   71.3
G   70.8   25.1  116.1  179.1    nan    nan    nan   97.0  3.814    nan    nan -112.6
Q  -93.9  151.2  111.5  180.0  -57.1    nan  1.032  103.6  3.817    nan    nan  115.0
S -101.0  146.1  107.5  178.5  -31.3    nan  0.974  108.9  3.801  5.576 -124.6 -132.3
W -151.6  161.5  108.0  177.8   73.0    nan  1.021  151.7  3.788  5.596  171.5  171.7
K -111.3  136.1  107.4  179.6  155.4    nan  0.999  117.1  3.786  5.519 -128.2 -129.0
E -102.1  131.4  108.7  179.3  -68.1    nan  0.995  111.9  3.800  5.857 -142.3 -147.8
E -116.8  105.7  103.6  177.7  -83.2    nan  0.948  108.9  3.806  5.825 -162.2 -170.3
V  -80.6  131.7  112.8 -179.0 -176.8  -55.1  1.066  100.2  3.776  6.023 -154.9 -154.0
V -111.5  114.0  107.1  179.5  174.6  -63.9  0.991  113.5  3.804  5.860 -153.2 -165.1
T  -82.6  155.3  109.1  179.9   58.1  -61.2  0.993   91.1  3.783  5.958 -141.5 -151.5
V  -54.9  -31.3  110.5  179.3   66.7 -170.3  1.038  110.0  3.808  5.390  -74.9  -81.6
E  -63.2  -58.7  108.0  179.1  -48.6    nan  1.004   89.9  3.803  5.483   79.3   90.4
T  -53.4  -41.3  112.5  179.8  -51.4 -172.3  1.039  104.1  3.829  5.189   63.4   75.1
W  -65.9  -46.3  111.1 -179.9 -172.0    nan  1.039   92.6  3.808  5.288   66.7   80.6
Q  -68.5   -9.1  113.0 -179.6  -73.2    nan  1.074  107.7  3.807  5.210   56.0   74.1
E  -68.3  -31.0  108.3  178.0 -169.8    nan  1.009   99.6  3.804  5.747   94.5  105.6
G  100.4  -35.1  121.1  177.0    nan    nan    nan   98.3  3.811    nan    nan -120.7
S  -60.7  -45.7  116.5 -178.4   60.6    nan  1.111   93.6  3.811    nan    nan   95.6
L  -63.6  -48.1  109.5  179.0 -153.0    nan  1.022   94.3  3.836  5.376   67.5   78.5
K  -52.9  -49.4  111.1  179.3 -171.2    nan  1.032  100.1  3.817  5.317   74.0   85.2
A  -60.8  -25.9  113.7 -179.7    nan    nan  1.073  106.6  3.806  5.184   62.0   78.4
S  -88.8  -12.8  112.9  179.1   63.4    nan  1.079   86.3  3.829  5.401   52.1   73.5
C  -77.9  129.8  107.7  178.8  -70.0    nan  0.982   95.4  3.831  5.681   83.8   93.7
L  -43.0  -53.8  115.4 -178.6 -177.7    nan  1.105  101.3  3.823  5.659  -88.7  -95.8
Y -107.3   20.8  111.5  179.5  -57.1    nan  1.042   81.2  3.837  4.964   10.3   30.5
G   64.9   26.7  115.5  179.5    nan    nan    nan  101.8  3.810    nan    nan -101.4
Q -141.8  161.5  113.6 -177.8  -59.3    nan  1.044  145.5  3.795    nan    nan   69.4
L -108.6  164.0  103.4  177.1  -69.3    nan  0.953  111.5  3.802  5.475 -125.1 -130.0
P  -69.6  157.3  117.1   -0.3   34.8    nan  1.030   80.9  3.033  4.760   86.8   82.8
K -122.8  139.8  100.0  176.6  171.7    nan  0.909  120.5  3.759  5.568 -144.3 -152.1
F -134.3  142.8  109.7 -177.6 -175.8    nan  0.989  134.6  3.784  5.714 -173.1 -172.1
Q -128.0  133.4  108.6  178.5  -64.3    nan  1.025  127.2  3.772  5.713 -168.7 -166.7
D -126.8   95.4  100.8  176.7  178.9    nan  0.920  101.9  3.785  5.799 -167.0  179.5
G   69.6 -124.3  104.0 -177.4    nan    nan    nan   89.5  3.789    nan    nan  -20.0
D -102.5   10.1  112.6  179.2   66.3    nan  1.086   81.6  3.807    nan    nan  -34.4
L  -88.1  119.1  105.4  177.1 -149.2    nan  0.960  102.4  3.827  5.882   95.8  102.9
T -108.6  125.4  107.2  179.8  -62.6  176.8  0.983  114.4  3.804  5.954 -166.7 -171.4
L -121.3  155.8  111.1 -179.1  -95.7    nan  1.016  126.8  3.803  5.842 -172.8 -176.9
Y -133.9  162.7  103.2  176.4  -67.8    nan  0.935  135.3  3.811  5.613 -155.4 -162.2
Q   83.5  113.2  110.5 -179.8  -59.3    nan  1.050   68.6  3.858  4.817   70.6   58.6
S  -53.1  -41.6  115.5 -177.6   65.4    nan  1.116  102.7  3.813  5.898 -113.3 -122.1
N  -73.0  -26.4  112.9 -179.9  -65.5    nan  1.089   95.5  3.825  5.357   56.2   75.3
T  -67.9  -42.8  106.2  177.3  -73.7  166.1  0.978   95.7  3.816  5.616   80.0   89.1
I  -61.5  -45.6  109.9  179.2  -60.7  179.1  1.041   96.9  3.820  5.318   64.7   80.8
L  -60.8  -45.7  111.1  179.0  -81.2    nan  1.032   96.6  3.830  5.389   67.6   80.1
R  -64.7  -37.4  112.1  179.6  -74.9    nan  1.063   97.6  3.813  5.274   61.4   77.4
H  -63.3  -47.5  109.8  179.0  173.0    nan  1.016   94.6  3.797  5.407   74.1   85.5
L  -65.6  -37.2  108.9  178.8 -100.5    nan  1.001   98.7  3.812  5.227   60.4   73.1
G  -62.3  -39.5  111.0  179.7    nan    nan    nan   99.1  3.810    nan    nan   86.8
R  -72.5  -47.7  112.2 -179.3 -154.6    nan  1.036   86.3  3.788    nan    nan   76.3
T  -75.6  -27.5  116.0 -178.4   58.1  -62.0  1.099   91.4  3.822  5.212   45.2   68.6
L  -99.2   -0.7  113.7 -179.5  -92.0    nan  1.067   80.5  3.819  5.214   43.7   63.4
G   74.4   41.0  116.2  179.2    nan    nan    nan   85.6  3.816    nan    nan -113.5
L -119.6   44.0  108.6  180.0  -45.3    nan  0.989   80.6  3.818    nan    nan  102.4
Y -129.2   38.0  112.5 -177.0 -140.0    nan  1.025   71.6  3.802  5.612   86.0  100.3
G   83.7  166.5  112.2 -179.6    nan    nan    nan   78.8  3.801    nan    nan  -67.4
K  -90.9  -19.1  112.7 -178.9   73.8    nan  1.063   81.9  3.811    nan    nan -100.5
D -151.5 -179.2  110.3  178.9   54.6    nan  1.053  151.2  3.820  4.964   -4.2   14.2
Q  -61.8  -35.7  113.8 -178.4  -71.6    nan  1.070  100.1  3.828  5.136  -56.2  -55.2
Q  -62.7  -44.9  109.8  179.2  177.1    nan  1.031   96.5  3.780  5.385   75.0   88.1
E  -69.6  -37.0  111.3  179.3  -74.0    nan  1.043   94.3  3.831  5.319   56.3   72.8
A  -60.5  -40.8  109.9  179.3    nan    nan  1.029  100.4  3.813  5.421   76.1   88.5
A  -65.3  -39.0  110.2  179.3    nan    nan  1.030   97.3  3.811  5.349   65.9   80.3
L  -70.4  -34.6  110.5  179.3  -61.9    nan  1.038   95.1  3.799  5.326   61.4   77.4
V  -63.8  -40.8  107.5  178.5  167.8  -70.6  1.005   99.0  3.817  5.486   74.7   86.3
D  -63.6  -44.6  110.5  178.7  -85.7    nan  1.008   95.5  3.839  5.403   69.5   80.7
M  -61.3  -36.9  111.9 -179.2 -176.1    nan  1.048  100.8  3.806  5.222   67.1   82.3
V  -70.3  -45.7  109.0  178.6  170.1  -69.9  1.030   90.9  3.810  5.447   64.3   78.8
N  -60.0  -40.9  113.6 -179.7 -156.5    nan  1.088   98.7  3.801  5.337   67.0   82.3
D  -63.6  -35.7  110.1  178.9  -76.3    nan  1.019  100.5  3.824  5.430   72.9   82.3
G  -66.3  -44.0  109.0  178.5    nan    nan    nan   94.7  3.799    nan    nan   83.2
V  -60.3  -46.4  109.6  179.1  172.9  -65.9  1.022   97.6  3.803    nan    nan   81.5
E  -60.4  -38.2  111.5 -179.9  173.7    nan  1.055  101.0  3.817  5.238   64.2   80.5
D  -62.5  -45.1  110.8  178.9  -83.5    nan  1.026   95.9  3.841  5.520   72.5   85.4
L  -71.7  -33.2  109.6  179.4 -176.5    nan  1.039   95.1  3.809  5.243   55.1   70.7
R  -62.1  -39.4  109.8  179.5 -175.3    nan  1.037   99.9  3.809  5.543   77.6   90.5
C  -62.8  -39.0  111.7 -179.8  -76.4    nan  1.056   98.5  3.815  5.385   70.3   85.0
K  -67.1  -40.8  109.6  178.3  -64.0    nan  1.021   95.3  3.809  5.383   67.0   79.7
Y  -61.9  -46.1  110.4  179.2  167.2    nan  1.017   96.0  3.830  5.369   71.0   83.2
I  -63.8  -38.8  111.0  179.8  -73.7  166.4  1.057   98.2  3.793  5.196   60.3   77.5
S  -62.6  -45.4  108.3  178.5 -174.0    nan  1.001   97.1  3.814  5.441   72.3   83.8
L  -57.8  -59.3  109.7  178.8  172.6    nan  1.001   91.6  3.795  5.315   71.5   82.2
I  -51.1  -45.4  115.9 -178.0  -65.7  172.3  1.088  101.4  3.806  5.086   63.8   79.9
Y  -97.6  -26.2  116.5 -178.4  -64.7    nan  1.097   71.7  3.811  4.994   26.9   50.9
T  -90.6  -55.3  113.8 -178.1  -76.0  164.0  1.083   70.3  3.832  5.332   52.2   74.1
N -148.4   67.4  114.9 -179.6   69.2    nan  1.126   82.9  3.807  4.736  -37.6  -12.6
Y  -60.5  -52.5  113.9 -179.4 -174.0    nan  1.073   91.2  3.781  6.159 -167.0 -175.0
E  -59.1  -54.3  114.7 -179.0  -72.9    nan  1.071   90.5  3.829  5.205   63.3   78.7
A  -70.4  -48.0  116.6 -178.9    nan    nan  1.101   84.9  3.827  5.068   47.0   67.5
G  -91.5    0.5  121.8 -177.6    nan    nan    nan   88.7  3.818    nan    nan   57.3
K  -60.6  -35.8  114.0 -178.9 -176.0    nan  1.079  101.0  3.814    nan    nan  125.8
D  -68.7  -46.8  112.4 -179.0  -72.9    nan  1.070   89.5  3.804  5.377   67.1   84.6
D  -62.9  -45.0  109.1  178.9  -69.7    nan  0.995   96.6  3.829  5.364   67.6   77.0
Y  -53.6  -52.0  111.9  179.4 -171.3    nan  1.049   97.4  3.807  5.266   74.2   87.4
V  -64.7  -26.0  112.9 -179.8  179.6  -59.9  1.079  103.3  3.821  5.221   55.1   72.6
K  -74.3  -37.5  110.3  178.4  -65.3    nan  1.010   90.7  3.839  5.572   73.8   85.2
A  -81.8  -14.9  112.8 -179.7    nan    nan  1.051   92.3  3.817  5.172   50.7   69.3
L  -49.2  -51.6  117.2 -179.1 -122.0    nan  1.122   97.8  3.813  5.723  106.0  122.4
P  -51.0  -41.4  112.0 -179.7  -30.6    nan  0.993  106.2  3.829  5.276   77.8   86.9
G  -63.9  -31.3  112.5 -179.8    nan    nan    nan  101.4  3.781    nan    nan   82.9
Q  -78.9  -29.9  113.3  179.6  -60.8    nan  1.044   88.5  3.809    nan    nan   77.7
L  -85.9  -23.2  113.7 -179.5  -61.5    nan  1.074   84.6  3.819  5.272   52.1   73.5
K  -49.5  -47.2  115.2 -179.2 -127.1    nan  1.097  101.7  3.839  5.678   99.5  113.9
P  -52.7  -39.9  114.4  179.7  -32.0    nan  1.010  104.8  3.842  5.300   78.0   88.8
F  -71.3  -34.2  111.3 -178.9  -56.5    nan  1.062   94.1  3.813  5.241   52.7   78.3
E  -65.6  -40.8  106.7  177.7  179.0    nan  0.980   98.1  3.821  5.469   73.0   84.1
T  -66.8  -44.2  111.5  179.3  -58.3 -177.7  1.055   92.7  3.814  5.290   59.9   78.3
L  -58.4  -45.7  110.0  178.5  -76.1    nan  1.017   99.0  3.835  5.420   72.9   83.2
L  -60.5  -45.6  110.5  179.7 -134.7    nan  1.019   97.2  3.807  5.207   67.0   80.4
S  -61.9  -27.6  112.4 -179.3   78.6    nan  1.069  105.1  3.826  5.338   62.9   80.9
Q  -83.7   -8.5  113.9  179.6  -68.6    nan  1.057   92.8  3.803  5.362   59.2   76.9
N -111.1   98.7  110.6 -179.6 -176.9    nan  1.034  112.3  3.806  5.312   47.6   68.0
Q   46.4   38.2  111.7 -179.8  -61.4    nan  1.050  112.1  3.834  5.207  -22.8  -46.0
G   66.4   24.5  117.3  179.1    nan    nan    nan  100.9  3.809    nan    nan  -85.1
G   73.0   18.6  114.9  179.8    nan    nan    nan   98.5  3.802    nan    nan  -91.3
K  -87.9  -13.9  117.5 -177.8  -58.9    nan  1.102   85.7  3.809    nan    nan  118.3
T -119.8 -114.3  112.0  178.8   47.2  -73.1  1.075   84.7  3.816  5.258   32.3   54.0
F -107.8 -179.5  111.5 -178.2  -54.8    nan  1.051  107.7  3.822  4.683  -46.2  -25.5
I  -65.9  -33.8  112.7 -177.9 -163.5   72.8  1.112   98.2  3.773  5.228  -67.1  -59.2
V -137.3  124.8  108.7  178.1  172.1  -67.0  1.014  126.8  3.845  5.133   -1.6   15.1
G   70.0 -161.7  115.1  179.1    nan    nan    nan   78.5  3.803    nan    nan    0.6
D -111.4   14.2  115.0 -179.7   54.2    nan  1.118   75.0  3.798    nan    nan  -80.3
Q -128.6  151.3  106.3  177.6   67.9    nan  1.004  130.8  3.819  5.556   55.8   67.2
I  -71.1  147.1  110.5 -179.6 -159.3   77.1  1.060   84.8  3.810  5.620  -97.6  -99.7
S -130.7  172.2  108.1 -179.4   70.6    nan  0.997  132.7  3.829  5.755 -157.6 -165.4
F  -65.5  -26.4  111.7 -179.2   66.0    nan  1.077  102.8  3.804  5.320  -73.8  -69.5
A  -66.5  -29.2  111.2  179.4    nan    nan  1.048  100.7  3.812  5.570   79.1   93.0
D  -63.3  -45.8  109.3  178.8  -78.2    nan  1.005   95.8  3.825  5.568   82.1   92.5
Y  -66.4  -37.0  110.9 -179.4  -61.4    nan  1.042   97.1  3.822  5.274   60.7   75.9
N  -69.6  -42.7  110.1 -179.3 -159.2    nan  1.045   92.2  3.785  5.338   64.8   81.2
L  -66.1  -42.3  109.6  179.0  174.5    nan  1.024   95.3  3.832  5.389   64.0   77.4
L  -56.9  -47.0  110.3  178.6  179.8    nan  1.042   99.2  3.821  5.417   74.0   86.3
D  -60.2  -45.5  111.4  179.2  176.9    nan  1.045   97.0  3.809  5.349   67.1   79.7
L  -58.9  -41.7  111.6 -179.7 -174.5    nan  1.046  100.1  3.809  5.334   70.3   83.5
L  -67.8  -41.7  111.4 -179.8  -61.4    nan  1.049   93.3  3.826  5.312   62.2   78.4
L  -63.9  -39.6  111.9  179.4  -67.6    nan  1.062   97.2  3.817  5.371   65.4   81.6
I  -75.4  -21.5  112.7  179.8   66.5  -57.1  1.112   95.6  3.822  5.437   52.4   74.1
H  -80.0  -26.9  109.7  177.4  -83.0    nan  1.053   90.3  3.801  5.589   69.4   83.5
E  -69.5  -25.1  108.3  178.1 -102.1    nan  1.001  101.1  3.806  5.568   76.6   87.9
V  -81.6  -38.5  108.7  178.9  170.9  -67.5  1.021   85.2  3.835  5.449   61.9   78.4
L  -70.1  -48.5  110.9  179.5  178.5    nan  1.017   88.5  3.813  5.331   64.2   77.9
A -131.0   82.4  110.6 -179.4    nan    nan  1.022  100.2  3.800  4.707  -10.4    9.9
P  -49.7  131.8  111.9 -179.9  -30.5    nan  0.987   77.3  3.844  5.997 -141.8 -150.6
G   85.4    2.8  116.4  179.6    nan    nan    nan   93.4  3.801    nan    nan   21.1
C  -62.1  -23.2  113.2 -180.0   60.9    nan  1.079  107.0  3.822    nan    nan  125.3
L  -90.4   -4.0  113.7 -179.6  -93.8    nan  1.053   88.0  3.819  5.384   56.8   75.0
D  -58.4  -34.9  112.3 -179.8  -75.9    nan  1.045  104.2  3.836  5.839  111.0  122.3
A  -78.8   -5.4  112.8  179.8    nan    nan  1.049   99.0  3.834  5.280   57.2   74.4
F -120.1   86.8  113.2 -178.7  -58.9    nan  1.055  108.2  3.815  5.244   41.1   62.5
P  -53.4  -41.8  116.0 -179.6   22.0    nan  1.052  102.1  3.812  5.974 -142.0 -149.9
L  -71.1  -42.8  112.4 -179.1  -93.1    nan  1.074   89.6  3.823  5.301   52.5   77.4
L  -66.4  -40.5  109.1  179.2  -76.4    nan  1.018   96.2  3.831  5.431   65.3   77.7
S  -59.5  -46.6  112.3  178.9  -72.8    nan  1.040   96.4  3.821  5.395   74.2   86.0
A  -67.1  -35.2  111.3  179.5    nan    nan  1.032   97.2  3.809  5.195   60.5   74.2
Y  -63.3  -46.2  109.9  179.7  170.6    nan  1.021   95.2  3.819  5.322   72.6   87.5
V  -62.5  -45.4  110.6  179.8  168.5  -71.3  1.049   95.9  3.825  5.355   61.4   78.4
G  -64.2  -39.2  113.0  179.8    nan    nan    nan   96.6  3.810    nan    nan   78.4
R  -67.0  -47.1  112.2  180.0 -170.9    nan  1.041   90.6  3.791    nan    nan   81.7
L  -70.1  -36.8  111.6  179.9  -68.6    nan  1.052   93.7  3.822  5.250   53.9   71.5
S  -64.7  -16.4  112.6  179.1  -74.6    nan  1.027  108.2  3.832  5.409   73.0   85.1
A  -93.8   -6.7  115.1 -178.5    nan    nan  1.081   83.4  3.809  5.312   56.4   79.1
R  -60.0  130.4  105.6  178.1  -68.6    nan  0.982   81.6  3.812  5.813  108.2  115.2
P  -37.4  -62.8  118.0 -178.7  -32.8    nan  1.069   96.3  3.888  5.536  -80.4  -89.9
K  -68.0  -38.6  113.5 -178.8  -63.7    nan  1.074   93.6  3.804  5.058   39.1   62.7
L  -65.3  -45.3  110.0  179.5 -133.3    nan  1.006   94.2  3.815  5.406   72.3   83.1
K  -58.6  -46.0  110.6  179.8 -174.4    nan  1.028   98.3  3.795  5.228   69.9   82.8
A  -60.6  -44.5  109.5  178.8    nan    nan  1.018   98.4  3.814  5.275   66.4   79.4
F  -64.9  -46.2  113.1 -179.8  178.5    nan  1.065   92.1  3.806  5.265   60.8   78.6
L  -63.8  -20.4  112.8 -178.8  -66.2    nan  1.062  107.0  3.826  5.320   63.9   79.7
A  -97.0   -4.8  112.9  179.6    nan    nan  1.053   81.2  3.801  5.316   50.6   70.8
S  -79.5  152.9  115.7 -178.8   74.5    nan  1.075   91.8  3.833  5.656   84.4  103.6
P  -55.0  -37.3  111.9  179.4  -29.2    nan  0.970  105.8  3.862  5.244  -71.9  -86.1
E  -53.7  -38.3  111.5  179.9 -175.1    nan  0.999  106.3  3.791  5.199   76.3   95.0
Y  -94.1  -59.0  110.8  179.9  177.6    nan  1.035   70.1  3.796  5.060   32.3   56.0
V  -54.8  -40.6  117.0 -177.7  177.0  -62.0  1.112  101.3  3.819  5.167   59.4   77.6
N  -84.1   11.4  116.9 -177.4  -67.3    nan  1.128  100.9  3.809  5.170   45.4   69.5
L -104.6  134.9  106.2  177.5 -115.3    nan  0.951  111.7  3.795  5.709   81.5   88.3
P  -73.7  156.9  108.5  179.2   31.8    nan  0.929   82.0  3.831  5.692 -114.3 -119.9
I  -67.1  -47.5  111.8 -179.6  -62.8  176.1  1.054   90.6  3.820  5.623  -93.9  -89.3
N -121.3  165.9  112.5 -179.4  -55.9    nan  1.049  125.7  3.810  4.801    1.0   21.6
G  -77.8  -13.4  118.8 -179.1    nan    nan    nan   95.5  3.787    nan    nan  -88.0
N -104.4    9.4  113.2  179.9   66.0    nan  1.069   79.5  3.812    nan    nan   71.2
G   81.5   -8.3  116.2  179.0    nan    nan    nan  102.1  3.802    nan    nan  -97.9
K  -87.6  152.2  108.7 -179.8  -65.7    nan  1.029   96.5  3.795    nan    nan   90.4
Q -167.9    nan  108.9 -179.6   51.1    nan  0.995    nan  3.806  5.538  170.5  160.0
