Id   phi    psi    tau  omega    chi    chi2  solid    eta  CA-CA  CB-CB  BA^AB  NA^AC
E    nan -133.9   98.2    nan -150.6    nan  0.869    nan    nan    nan    nan    nan
K -112.2  147.2  104.9  175.5  -88.3    nan  0.989  116.5  3.785  5.024  -80.2  -60.1
K  -74.8  135.9  102.8  178.8 -168.3    nan  0.939   87.8  3.768  5.544  -99.7 -110.6
S -106.6  163.3  107.6 -179.6  157.5    nan  0.975  110.9  3.796  5.777 -147.9 -151.6
I  -51.1  -33.1  107.6  178.4    8.7 -120.5  0.965  113.5  3.811  5.342  -57.0  -69.2
N  -54.1  -32.7  114.1 -179.8  -79.8    nan  1.079  108.3  3.798  5.349   85.3   98.8
E  -87.2   -0.3  113.8  179.7  -75.8    nan  1.064   92.7  3.804  5.281   50.6   69.3
C  -96.4  152.7  113.6 -178.6  -45.5    nan  1.035  106.3  3.822  5.572   75.2   91.6
D  -93.6  115.8  101.6  176.9  175.1    nan  0.936  102.0  3.769  5.536 -117.5 -125.6
L -109.8  -19.9  114.2 -177.8  -51.9    nan  1.096   63.3  3.771  5.924 -178.8 -169.0
K  -47.4  123.1  112.9 -179.2 -169.7    nan  1.065   82.5  3.803  5.735  107.5  118.5
G   60.0   18.3  116.8 -179.3    nan    nan    nan  110.7  3.805    nan    nan  -11.5
K -109.6  145.2  114.0 -179.5  -61.7    nan  1.053  119.7  3.842    nan    nan   94.6
K  -85.6  112.4  105.7  177.9  -70.8    nan  0.985  102.7  3.822  5.660 -115.9 -125.1
V  -95.3  126.2  112.2 -179.0 -170.2  -46.3  1.041  111.0  3.784  5.997 -159.0 -162.5
L  -90.3  114.3  103.8  178.3 -105.0    nan  0.923  102.7  3.775  5.754 -133.4 -151.3
I -118.0  126.8  109.2 -179.9  -46.2 -166.0  1.032  121.0  3.774  5.953  172.1  177.0
R  -98.6  110.3  103.2  178.0 -148.0    nan  0.959  105.3  3.771  5.834 -145.7 -157.3
V -110.4  167.5  110.4 -178.8  -65.5   55.8  1.010  114.3  3.789  5.990 -176.7 -179.5
D -107.9   95.9  106.5  177.3 -167.6    nan  1.004  107.5  3.787  5.493 -123.3 -119.0
F -107.6   25.6  109.5  179.9  -77.1    nan  1.041   82.3  3.773  6.011  168.3  167.9
N  -79.9   69.6  109.1  179.2 -173.3    nan  1.022  111.3  3.783  5.970  116.7  128.6
V  -84.3  154.5  111.1 -179.4  -63.2   60.2  1.010   93.7  3.771  6.107  167.4  165.9
P  -65.2  126.6  108.9  179.2  -30.9    nan  0.906   89.2  3.824  5.209  -80.7  -93.4
V -124.9  144.7  109.8  178.9  -63.4   58.0  1.043  128.9  3.838  5.970  172.0  179.3
K -141.3  124.6  105.8  178.2  172.1    nan  0.978  125.7  3.798  5.652 -172.3  179.6
N   55.8   42.6  110.6 -178.7  -69.5    nan  1.055  102.5  3.808  4.945   11.5   -9.1
G   69.9   12.9  116.9  179.6    nan    nan    nan  103.9  3.797    nan    nan  -77.0
K -121.7  141.1  110.9 -179.4  -42.9    nan  1.029  126.8  3.806    nan    nan   76.5
I  -72.2  128.7  106.4  179.3  -57.6  177.7  0.959   91.1  3.770  5.608 -101.8 -115.5
T  -99.8  -10.4  112.1  178.7   63.4  -57.6  1.076   76.4  3.818  5.930 -155.4 -151.8
N -162.0  123.0  106.5  178.1  179.2    nan  1.003  126.3  3.774  4.948   -3.1    9.4
D -109.2   26.3  113.7 -179.7   64.8    nan  1.113   82.7  3.807  5.926 -168.2 -166.2
Y  -54.3  -38.9  111.5  179.6  177.5    nan  1.042  105.5  3.775  6.089  150.9  153.2
R  -67.9  -32.6  112.1 -178.8  -77.3    nan  1.086   97.4  3.779  5.307   62.3   82.1
I  -75.0  -44.8  109.4  179.2  -61.8  177.3  1.024   87.5  3.804  5.459   66.2   78.9
R  -57.8  -39.2  109.9  177.5  -79.4    nan  1.014  103.3  3.798  5.305   72.6   82.0
S  -64.5  -22.9  113.7 -180.0  -65.7    nan  1.081  104.8  3.831  5.317   65.5   83.7
A  -89.1  -13.6  114.2  179.6    nan    nan  1.062   85.4  3.810  5.353   57.6   75.9
L  -53.1  -46.9  116.3 -178.3  -62.5    nan  1.127   98.7  3.804  5.677  103.1  120.6
P  -49.3  -53.3  115.0 -179.8  -33.4    nan  1.005   97.6  3.860  5.343   84.2   92.9
T  -58.6  -44.5  111.0  178.9  -74.1  162.6  1.034   99.1  3.787  5.155   56.6   76.4
L  -63.2  -39.7  110.4  179.6  -63.1    nan  1.045   98.6  3.813  5.328   64.9   79.5
K  -62.1  -44.7  107.2 -179.9 -179.9    nan  0.986   98.5  3.774  5.393   75.8   84.3
K  -53.4  -57.4  111.1 -179.6 -144.8    nan  1.055   94.4  3.808  5.279   74.1   88.0
V  -58.7  -41.1  112.1  179.6   30.5  152.6  1.109  100.3  3.821  5.292   54.5   72.3
L  -65.5  -39.1  111.7 -179.5  -68.8    nan  1.054   96.3  3.816  5.434   69.3   81.8
T  -66.7  -38.5  109.8  179.0  -81.2  156.2  1.016   96.6  3.784  5.291   66.9   80.2
E  -77.4   -3.1  113.9 -179.8  -63.7    nan  1.054  101.3  3.813  5.251   53.6   72.5
G   90.9   17.8  117.1  178.4    nan    nan    nan   81.1  3.773    nan    nan -101.7
G  -98.5 -169.6  112.6  179.3    nan    nan    nan   94.4  3.798    nan    nan  103.9
S -134.5  151.5  104.0  177.3   55.3    nan  1.001  134.3  3.798    nan    nan -118.5
C -113.9  133.2  115.1 -177.6  -51.7    nan  1.060  124.1  3.789  5.661 -139.2 -137.6
V -124.6  103.4  101.1  173.9   28.9  153.8  1.019  106.6  3.791  5.801 -175.8  178.1
L  -90.9  142.6  113.3 -175.9  -37.9    nan  1.048  104.7  3.773  6.044 -156.9 -164.3
M -128.8  135.1  106.8  178.8  -58.5    nan  0.979  127.1  3.757  5.679 -162.1 -171.3
S -161.1  176.4  109.9  178.6 -165.1    nan  1.027  162.0  3.781  5.566  154.1  149.4
H -130.8  155.2  107.4  178.2   71.5    nan  0.980  133.5  3.813  5.430 -133.8 -131.3
L -133.0  127.2  105.4  177.9 -172.9    nan  0.984  124.5  3.786  5.598 -158.9 -159.0
G   68.9 -147.1  112.7  179.7    nan    nan    nan   83.9  3.769    nan    nan    4.1
R -141.0   73.2  106.0  179.9  -74.1    nan  0.974   86.7  3.764    nan    nan  -96.4
P  -69.7  152.6  109.3 -179.8   33.1    nan  0.944   80.5  3.798  6.047 -174.8 -176.3
K  -54.6  -42.2  112.5 -179.6  -95.8    nan  1.063  102.7  3.799  5.574  -82.8  -83.2
G   84.4  162.1  108.0 -179.1    nan    nan    nan   79.2  3.744    nan    nan -138.6
I -143.2  150.5  105.2 -179.0 -146.0   92.2  0.964  140.8  3.784    nan    nan -161.2
P  -72.4  142.1  108.8  179.5  -30.4    nan  0.928   87.1  3.807  5.468  -95.6 -102.2
M  -50.8  -40.3  111.1 -179.4  -85.0    nan  1.039  107.5  3.787  5.612  -87.7  -92.2
A  -54.8  -48.2  111.1 -179.3    nan    nan  1.042   99.5  3.796  5.348   79.0   92.1
Q  -66.6  -17.0  114.3 -178.7  -61.2    nan  1.105  105.7  3.807  5.156   54.1   75.3
A  -62.6  -49.5  113.7 -179.1    nan    nan  1.072   91.5  3.810  5.668   92.1  107.2
G  -41.7  -48.5  114.0 -179.6    nan    nan    nan  106.9  3.771    nan    nan   97.0
K  -58.8  -46.8  110.5 -179.3  -60.5    nan  1.009   97.8  3.771    nan    nan   81.5
I  -57.9  -53.4  111.0 -179.0  -48.2 -171.6  1.006   94.2  3.803  5.247   72.2   83.2
R  -57.7  -29.3  111.4 -178.6  -56.3    nan  1.054  108.3  3.768  5.036   62.8   78.1
S  -63.8  -43.1  106.8  178.7  -54.7    nan  0.972   98.3  3.829  5.516   81.1   91.1
T  -66.1  -28.2  109.0  178.3  -53.8 -175.8  0.986  102.5  3.766  5.144   61.8   75.2
G  100.0    7.7  111.1 -178.7    nan    nan    nan   77.3  3.821    nan    nan -111.9
G  -90.7  179.2  113.2  179.0    nan    nan    nan   91.0  3.818    nan    nan  102.2
V -107.2  116.9  111.3 -179.4  178.1  -59.1  1.063  116.3  3.813    nan    nan -101.2
P  -50.5  119.8  113.3  179.9  -33.0    nan  0.971   87.1  3.800  5.613  -98.9 -119.5
G   72.6    7.3  116.9  176.9    nan    nan    nan  103.9  3.792    nan    nan   -6.2
F  -53.0  136.1  114.3 -179.3 -176.1    nan  1.086   78.1  3.785    nan    nan  138.2
Q -144.5  104.1  103.7  178.3  -83.0    nan  0.972  109.4  3.807  5.696  177.4  163.9
Q  -37.3  -38.8  116.3 -178.5 -167.5    nan  1.096  116.9  3.772  5.853 -106.7 -115.0
K  -73.9  -11.9  113.7 -177.9    0.8    nan  1.080  101.0  3.813  5.331   59.4   78.8
A -118.8   21.2  116.1 -178.1    nan    nan  1.132   71.9  3.779  5.133   33.8   59.5
T  -72.0  148.0  108.1  178.2  -32.8 -153.0  0.943   83.9  3.813  6.084  133.9  129.7
L  -96.4    2.1  108.3  178.5  -88.1    nan  1.014   84.2  3.779  5.532 -130.8 -130.3
K  -52.7  -55.0  113.1  179.7 -169.9    nan  1.073   95.3  3.801  5.859  118.1  132.9
P  -57.2  -31.0  111.7  179.6   22.2    nan  0.976  107.7  3.794  5.203   66.0   76.5
V  -68.4  -34.0  110.5  178.8  173.2  -65.5  1.053   97.1  3.806  5.421   63.4   86.6
A  -65.4  -41.4  108.5  178.9    nan    nan  0.999   97.0  3.812  5.435   76.3   85.8
K  -65.1  -47.4  109.3 -179.9 -143.1    nan  1.019   93.7  3.762  5.185   64.5   79.9
R  -59.4  -53.3  110.6 -179.3 -176.3    nan  1.027   93.5  3.797  5.315   66.9   80.8
L  -51.3  -42.9  111.4 -179.5 -176.6    nan  1.052  105.3  3.746  5.141   71.3   83.4
S  -61.6  -35.9  110.4  180.0  174.7    nan  1.031  101.8  3.805  5.328   69.2   82.6
E  -69.0  -42.6  112.3 -179.6  -60.3    nan  1.066   91.3  3.803  5.334   63.4   82.9
L  -69.1  -46.5  112.0  179.7  -63.5    nan  1.029   89.5  3.836  5.320   61.6   76.1
L  -69.6  -20.0  113.3 -179.7 -111.0    nan  1.036  101.5  3.817  5.132   57.7   72.8
L   66.6   31.2  112.3  179.8  -57.9    nan  1.055   99.1  3.777  5.345 -139.5 -136.7
R -154.6  156.4  107.7  178.2   81.5    nan  1.011  151.6  3.797  5.390   45.6   56.0
P  -60.8  150.0  111.6 -180.0  -26.3    nan  0.945   74.8  3.816  5.284  -73.6  -84.1
V -131.5  113.6  101.1  176.0  166.0  -74.5  0.941  113.4  3.778  5.746 -166.5 -167.1
T  -88.1  127.3  106.8 -179.1  119.1   -4.3  1.097  102.1  3.763  6.019 -160.4 -153.4
F  -94.2  115.8  112.2 -178.3 -178.1    nan  1.036  111.8  3.763  5.848 -133.8 -148.1
A  -90.5  108.6  106.4  178.4    nan    nan  0.989  105.7  3.799  5.936 -150.4 -160.7
P  -56.7   -9.4  118.3 -179.5   30.7    nan  1.063  118.5  3.852  5.835 -122.5 -130.4
D -148.3  115.0  107.5  179.9 -173.7    nan  0.977  120.2  3.818  5.001    7.7   27.0
C  -66.2  -23.1  115.9 -176.9   71.8    nan  1.136  102.3  3.788  5.976 -133.2 -129.8
L  -99.7   14.6  111.4 -179.9  -67.4    nan  1.065   85.9  3.782  5.340   47.2   66.2
N -145.9   47.4  109.8  179.5 -167.9    nan  1.027   65.1  3.753  5.217   37.6   52.3
A -118.2   12.0  115.2 -178.2    nan    nan  1.092   67.4  3.777  5.729   98.3  114.9
A  -51.2  -43.0  111.5 -178.4    nan    nan  1.078  105.3  3.792  5.990  134.6  144.5
D  -52.4  -57.2  112.1  179.3   54.1    nan  1.044   94.6  3.803  5.427   80.8   91.1
V  -60.9  -47.1  109.8 -178.7  178.7  -60.3  1.012   96.5  3.793  5.097   59.1   71.4
V  -59.3  -47.1  112.1 -178.7  174.3  -64.7  1.084   96.4  3.754  5.234   64.4   82.2
S  -55.3  -38.6  112.5 -178.7   74.4    nan  1.067  104.4  3.796  5.344   73.6   86.5
K  -74.6   -3.0  114.6 -179.7  -60.9    nan  1.090  104.2  3.806  5.276   56.5   76.2
M  -67.7  151.2  113.6 -178.6  -69.1    nan  1.073   81.1  3.810  5.808  101.5  116.0
S -138.9  162.4  104.4 -179.6  -46.1    nan  0.921  140.1  3.800  5.554 -156.4 -172.6
P  -54.4  138.5  110.0  179.7  -34.7    nan  0.950   75.4  3.817  5.184  -68.6  -71.3
G   99.2  -17.4  111.9 -179.1    nan    nan    nan   87.6  3.796    nan    nan   44.2
D  -79.2  147.8  112.1  179.9  -72.7    nan  1.047   92.2  3.790    nan    nan   90.1
V -132.3  125.1  106.4  179.1 -178.9  -55.8  0.985  123.9  3.777  5.650 -159.8 -168.9
V -125.9  133.5  107.5  179.1  157.8  -81.7  1.007  125.5  3.807  5.914 -178.1  175.9
L -115.4  126.4  104.7  178.0  172.9    nan  0.977  116.1  3.769  5.817 -159.2 -165.3
L  -85.8  150.8  108.9  179.2  -53.9    nan  1.000   95.4  3.777  5.840 -133.4 -142.0
E  -59.3  165.4  110.0  178.2  177.1    nan  1.019   65.2  3.773  5.395  -83.7  -91.5
N  -42.3  113.8  110.7  179.9 -162.3    nan  1.008   85.4  3.811  5.076  -49.2  -58.3
V  -65.1  -21.5  112.5  178.6  -64.4   58.9  1.071  105.3  3.828  6.011 -128.7 -135.8
R  -79.8    5.0  112.2  179.1  -77.1    nan  1.077  102.1  3.802  5.469   67.9   85.5
F  -72.1  -11.2  107.1  177.1  -88.1    nan  1.001  104.3  3.793  5.886  106.2  114.3
Y -116.2  129.7  108.1  178.2  -71.0    nan  0.994  119.8  3.838  5.330   39.4   56.5
K  -62.0  -29.1  114.3 -179.6  -63.2    nan  1.082  103.4  3.807  5.726 -108.2 -114.7
E  -63.6  -28.2  113.8 -178.4   11.7    nan  1.118  102.7  3.802  5.525   77.3   96.2
E  -51.5  -47.3  108.6 -178.7 -151.7    nan  1.020  103.8  3.780  5.634  100.1  106.7
G -106.0   13.8  116.5 -178.5    nan    nan    nan   80.5  3.785    nan    nan   39.1
S  -58.3  149.9  111.3  179.3  177.2    nan  1.054   72.6  3.790    nan    nan  137.6
K  -84.3  -20.2  105.6 -179.8  -36.9    nan  0.980   90.1  3.807  5.558 -106.2 -117.7
K  -80.7  101.0  110.7  179.3  -61.1    nan  1.033  108.2  3.794  5.428   65.8   84.1
A  -45.0  -39.6  110.4  179.1    nan    nan  1.033  112.7  3.803  5.910 -114.5 -130.7
K  -54.6  -48.1  108.9  179.5   54.7    nan  1.012  101.0  3.803  5.440   81.1   91.4
D  -62.9  -48.2  111.7 -179.6  -66.4    nan  1.036   93.4  3.782  5.172   62.4   76.7
R  -54.8  -53.0  110.1  179.7  -63.8    nan  1.038   97.0  3.766  5.232   70.3   84.1
E  -58.9  -31.9  113.4 -179.3  -64.7    nan  1.076  105.0  3.823  5.216   60.3   76.9
A  -59.5  -50.9  108.6 -180.0    nan    nan  1.009   96.1  3.799  5.508   85.0   94.8
M  -65.9  -52.6  109.9  179.9 -168.8    nan  1.004   90.0  3.792  5.099   56.9   70.3
A  -50.5  -35.0  112.3 -179.8    nan    nan  1.055  110.7  3.792  5.191   69.6   84.3
K  -58.3  -41.2  110.4 -179.4  -85.3    nan  1.043  101.5  3.804  5.470   80.4   93.8
I  -69.9  -51.8  110.8 -179.9  -47.3 -171.1  1.017   87.2  3.789  5.308   63.3   76.6
L  -56.3  -45.4  110.1 -179.0  -93.7    nan  1.026  100.8  3.793  5.193   67.7   80.2
A  -58.5  -23.7  112.2 -179.4    nan    nan  1.084  110.4  3.781  5.233   66.5   83.9
S  -74.5  -13.5  111.2  179.2   88.7    nan  1.063  100.3  3.790  5.529   71.4   88.3
Y  -71.0  -34.8  115.9 -179.2  -71.3    nan  1.102   91.8  3.802  5.611   83.8  103.0
G -139.6 -178.8  117.2 -177.6    nan    nan    nan  139.0  3.768    nan    nan   18.7
D  -95.2  -63.1  110.3 -178.4  -44.3    nan  1.006   69.5  3.754    nan    nan  -87.5
V  -95.2  155.7  110.9 -178.5   28.8  152.6  1.098  103.2  3.734  4.687    6.2   33.8
Y -133.1  125.5  109.9  178.6  168.0    nan  1.040  126.8  3.831  5.738 -153.5 -158.3
I -127.5  139.4  104.7  176.6   98.0  -22.5  1.050  126.4  3.776  5.864  176.0  171.4
S -111.2  137.3  106.1 -180.0  173.6    nan  0.977  116.2  3.804  5.882 -142.8 -152.3
D -131.7    2.3  106.7  179.6 -134.8    nan  0.981   49.0  3.730  5.659 -172.0 -176.7
A  -84.4   52.7  115.6 -179.2    nan    nan  1.144  113.6  3.774  5.612   76.4  105.2
F  -60.6  134.6   97.2  175.4  163.0    nan  0.841   74.5  3.806  6.201 -170.5  163.9
G  116.9  -19.0  107.4 -179.1    nan    nan    nan   70.1  3.749    nan    nan   62.0
T -126.2  -11.8  103.1  175.4  -45.5 -165.4  0.968   52.0  3.763    nan    nan   36.2
A  -60.9  -21.0  114.4 -179.8    nan    nan  1.078  108.9  3.829  5.652   92.9  111.8
H  -76.2  -26.4  109.6  179.6   60.5    nan  0.984   94.0  3.820  5.523   77.1   88.8
R -100.4  130.0  111.4 -178.7  -55.4    nan  1.014  113.0  3.805  5.190   41.8   62.0
D  -76.2  137.2  100.8  177.4 -165.8    nan  0.902   87.1  3.756  5.649 -116.5 -134.8
S -163.9  175.3  111.6 -179.9   68.5    nan  1.053  165.0  3.808  5.608  149.5  151.7
A  -54.0  -73.8  110.8  179.6    nan    nan  1.060   83.6  3.788  5.127  -54.5  -56.3
T  -59.1  -32.8  113.9 -177.0   59.1  -61.9  1.089  104.1  3.815  4.977   43.1   60.2
M  -76.2  -52.0  115.8 -178.6  -71.5    nan  1.117   79.3  3.793  5.362   60.5   81.6
T -112.1  -32.4  114.4 -178.1   47.8  -71.7  1.080   58.4  3.802  4.821    8.4   29.7
G  -60.5  -62.4  114.9 -179.3    nan    nan    nan   84.4  3.795    nan    nan   95.6
I  -48.6  -53.7  116.0 -177.6  -61.3  178.7  1.144   97.3  3.814    nan    nan   81.5
P  -58.4  -43.5  111.7  179.9   27.9    nan  0.976   99.4  3.809  5.243   69.5   77.6
K  -53.2  -53.7  108.4  179.2  176.5    nan  0.983   98.6  3.854  5.307   71.8   88.8
I  -66.8  -32.9  111.2  178.7  -68.9  166.4  1.023   98.6  3.804  5.095   49.7   66.3
L  -77.4  -29.9  113.2 -176.8 -141.2    nan  1.058   89.9  3.823  5.304   59.7   80.4
G   80.6    5.6  109.3 -177.9    nan    nan    nan   97.5  3.750    nan    nan -130.0
N -148.8  146.3  111.3  179.8   86.8    nan  1.059  144.7  3.786    nan    nan   41.2
G -176.3  134.7  110.9 -179.8    nan    nan    nan  135.9  3.772    nan    nan  142.4
A -139.9  151.0  110.8  178.8    nan    nan  1.051  141.2  3.813    nan    nan  171.5
A  -72.5  129.9  113.3 -179.9    nan    nan  1.079   95.6  3.793  5.506  -97.8 -102.4
G  -78.6  170.1  105.9  177.7    nan    nan    nan   81.4  3.807    nan    nan -136.3
Y  -54.2  -41.5  116.5 -178.1  -60.3    nan  1.126  101.5  3.780    nan    nan  -59.7
L  -65.5  -48.8  109.7 -178.7  176.6    nan  1.038   92.4  3.808  5.402   69.7   82.4
M  -52.8  -55.3  107.0  179.1 -179.7    nan  0.976   98.7  3.783  5.298   77.0   83.7
E  -43.8  -66.1  108.3  179.5  -91.2    nan  0.967   95.4  3.818  5.210   80.2   85.9
K  -48.0  -50.8  113.7 -179.8 -175.8    nan  1.034  101.1  3.772  4.834   61.9   74.2
E  -58.3  -61.4  112.1 -177.9  -67.6    nan  1.053   88.3  3.793  5.194   64.4   81.4
I  -46.3  -52.6  109.6 -179.8  -65.9  172.1  0.986  103.1  3.787  5.121   73.9   80.6
S  -50.2  -45.7  114.2 -179.6  -57.2    nan  1.072  102.8  3.777  5.087   69.9   85.1
Y  -63.7  -69.3  110.8 -179.2 -160.0    nan  1.059   81.9  3.787  5.319   64.3   79.8
F  -49.0  -28.0  112.6 -179.1  -66.3    nan  1.047  116.3  3.786  5.002   61.0   71.7
A  -69.8  -83.1  109.1  179.5    nan    nan  1.033   74.7  3.808  5.480   72.8   88.3
K  -52.7  -22.8  111.7 -179.2   58.1    nan  1.095  116.4  3.804  4.904   38.2   54.8
V  -80.4  -54.1  110.6  177.8  146.1  -92.2  1.072   79.5  3.809  5.545   63.5   82.0
L  -86.6   41.5  115.0  179.4  -80.0    nan  1.169  108.9  3.794  5.091   22.0   50.4
G  -95.2  -68.8   98.6  176.2    nan    nan    nan   80.2  3.793    nan    nan  121.6
N -124.1   67.4  109.5  179.3  -84.1    nan  1.021   92.3  3.804    nan    nan   -6.4
P  -55.4  126.3  111.9  179.8   23.0    nan  0.975   84.9  3.820  6.097 -163.8 -168.5
P  -53.6  101.4  111.9  179.8  -36.2    nan  0.960  100.2  3.866  5.699 -101.1 -113.7
R  -72.4  150.2  111.2 -178.8  -49.9    nan  1.044   84.8  3.807  6.086 -153.8 -154.4
P  -65.6  154.7  115.8   -0.0  -23.3    nan  1.007   78.2  2.977  4.909   92.5   48.5
L -123.3  114.3  107.5  179.2  166.7    nan  0.971  117.1  3.794  5.659 -149.2 -150.9
V -106.4  132.1  110.7  178.3   53.1  176.3  1.050  116.2  3.776  5.946 -175.2 -173.7
A -106.5  118.8  104.4  178.9    nan    nan  0.948  110.2  3.766  5.748 -146.5 -159.0
I -104.6  119.4  104.4  177.9  -54.4 -175.1  0.974  109.5  3.777  5.955 -165.4 -168.5
V -128.6  133.5  111.6  179.2   27.2  150.6  1.126  129.7  3.794  5.886  164.2  171.2
G -149.0 -140.1  110.2 -179.7    nan    nan    nan  122.9  3.766    nan    nan  160.0
G   77.6 -145.8  113.0 -179.4    nan    nan    nan   92.1  3.767    nan    nan  119.3
A -128.2 -145.1  107.3 -179.8    nan    nan  1.000  111.9  3.798    nan    nan  -81.2
K   54.7   35.2  106.9 -178.4  -62.5    nan  0.971  109.6  3.856  4.906   99.9   93.6
V  -47.8  -53.9  116.0 -176.2 -172.0  -49.5  1.145   97.7  3.800  6.123  156.5  172.7
S  -50.7  -38.4  113.7 -178.0   52.6    nan  1.078  107.6  3.796  5.318   75.2   86.7
D  -85.5  -50.2  110.1 -177.9  -38.4    nan  1.006   77.7  3.779  5.199   50.8   66.8
K  -58.6  -35.1  112.1 -177.4 -157.9    nan  1.078  104.0  3.757  5.094   61.7   81.1
I  -64.0  -31.6  111.3 -179.3 -164.1   73.1  1.065  101.7  3.821  5.516   73.2   88.4
Q  -73.9  -12.3  113.5 -179.9  -46.5    nan  1.065  100.9  3.756  5.299   65.8   82.4
L  -91.7  -16.1  111.8 -178.9  -41.4    nan  1.044   82.5  3.799  5.469   63.6   84.2
L  -65.0  -44.2  113.3 -178.1  -67.0    nan  1.087   93.1  3.796  5.608   87.4  106.4
D  -51.2  -50.6  111.1 -179.4  -93.0    nan  1.045  100.4  3.787  5.408   81.8   92.4
N  -75.5   11.1  117.6 -178.7   45.8    nan  1.164  109.4  3.809  5.067   39.6   65.5
M -124.4   -0.8  112.2  178.1   61.5    nan  1.094   55.3  3.816  5.520   54.6   71.4
L  -65.7  -26.4  113.1  179.8  -60.8    nan  1.046  102.2  3.842  5.880  106.7  118.1
Q  -71.8  -32.9  110.4 -179.2  -35.7    nan  1.010   94.8  3.820  5.448   75.8   88.9
R  -86.2  -38.8  114.4 -177.5  -34.3    nan  1.046   78.1  3.827  5.176   52.2   71.1
I  -88.9  161.0  117.2 -177.0   65.7  -55.1  1.134   97.5  3.800  5.062   38.8   65.9
D -111.8  -31.1  109.2  179.4  -59.6    nan  1.015   61.6  3.800  5.442 -124.2 -132.8
Y -132.3  146.3  108.1  178.1  -73.0    nan  0.987  133.4  3.800  4.975    4.3   22.0
L -134.0  101.6  106.1  178.6  173.7    nan  1.004  109.6  3.765  5.630 -169.2 -169.7
L  -89.4  129.3  107.6  178.7  -66.4    nan  0.990  103.1  3.809  6.064 -162.2 -170.8
I -122.2  125.6  113.3 -178.6  -71.6  163.5  1.084  125.6  3.790  5.835 -176.2 -170.6
G -137.2 -159.6  110.2  179.9    nan    nan    nan  127.2  3.781    nan    nan  164.2
G   61.2 -158.4  111.2  179.5    nan    nan    nan   70.6  3.771    nan    nan   81.2
A  -66.1  -32.5  111.1 -179.6    nan    nan  1.042   99.5  3.804    nan    nan  -35.0
M  -44.6  -40.4  113.3  179.7  170.0    nan  1.020  111.2  3.830  5.479   97.9  107.9
A  -58.5  -46.1  114.9 -178.7    nan    nan  1.078   96.0  3.801  5.229   71.5   90.2
Y  -54.3  -38.4  116.3 -177.6  -48.3    nan  1.161  103.5  3.788  5.263   68.4   90.9
T  -63.3  -47.5  108.0  178.3  -62.3  178.3  1.039   95.8  3.772  5.527   73.8   84.6
F  -62.4  -46.5  113.1  179.7  -78.0    nan  1.083   93.8  3.813  5.330   61.3   77.5
L  -58.4  -42.2  112.3 -179.7  -67.3    nan  1.069   99.8  3.801  5.337   69.8   83.7
K  -66.4  -42.4  109.9 -179.3 -160.1    nan  1.034   94.9  3.814  5.353   66.2   79.5
A  -60.2  -31.4  108.1  179.0    nan    nan  1.012  106.5  3.784  5.325   72.0   82.9
Q  -77.0  -17.7  111.4  179.2  -71.8    nan  1.029   96.1  3.813  5.335   61.0   77.7
G  104.4   23.8  116.5  178.5    nan    nan    nan   66.2  3.784    nan    nan -101.4
Y -101.2  164.7  110.6 -179.5  -66.4    nan  1.006  106.2  3.778    nan    nan  107.1
S  -80.9  127.0  106.5  178.0  -64.9    nan  0.984   97.4  3.795  5.363  -93.6  -96.9
I -104.2   -8.5  112.5 -178.2 -102.7  130.5  1.075   72.6  3.806  5.860 -156.9 -158.0
G   56.5 -142.1  109.5 -179.1    nan    nan    nan   74.7  3.819    nan    nan -134.2
K  -88.5   21.3  111.7  177.9  -67.9    nan  1.046   99.1  3.815    nan    nan  -39.0
S  -74.2  155.7  114.0 -179.5  -51.3    nan  1.091   85.0  3.779  5.902  114.9  132.2
K  -58.2  130.9  110.0 -179.7 -167.2    nan  1.027   82.8  3.779  5.274  -73.1  -86.3
C -153.8  145.6  114.7 -180.0  171.1    nan  1.088  147.6  3.802  5.675  156.8  154.3
E  -98.2   81.5  105.6  176.6  -73.4    nan  0.997  104.0  3.790  5.690 -129.2 -137.7
E  -49.1  -29.6  111.7 -179.9  -63.7    nan  1.031  115.5  3.782  6.054 -141.2 -149.6
S  -87.1   14.0  112.2 -179.3   53.5    nan  1.024   98.1  3.802  5.269   53.3   71.9
K -124.7   -5.9  113.7 -178.2 -115.3    nan  1.061   53.1  3.800  5.360   55.5   76.7
L  -45.7  -47.4  115.7 -177.9  -58.5    nan  1.147  104.1  3.795  5.798  115.2  134.5
E  -68.2  -37.8  108.8  178.9  -70.2    nan  1.029   96.3  3.819  5.423   60.7   72.4
F  -58.9  -45.3  108.7  179.7 -170.6    nan  1.007   99.7  3.794  5.405   78.2   88.7
A  -56.1  -50.1  110.0 -179.9    nan    nan  1.028   98.0  3.818  5.283   71.5   84.8
R  -57.9  -44.6  113.6  179.8  -98.8    nan  1.083   98.1  3.805  5.176   62.6   79.7
S  -66.9  -38.5  109.8 -179.8 -163.6    nan  1.019   96.5  3.795  5.272   63.7   76.7
L  -63.1  -39.2  109.6  179.8 -163.6    nan  1.013   99.3  3.783  5.276   70.0   84.4
L  -65.0  -37.8  109.6  178.9  -69.8    nan  1.043   98.5  3.814  5.357   64.0   81.5
K  -61.4  -55.9  109.5  178.6 -116.8    nan  0.993   91.5  3.825  5.437   76.2   85.8
K  -55.4  -41.1  109.6  179.8  -45.0    nan  1.013  104.3  3.802  5.139   64.6   75.8
A  -53.5  -49.9  108.6  179.9    nan    nan  1.019  100.7  3.816  5.389   80.5   91.0
E  -57.2  -54.4  109.2  179.1  -70.4    nan  0.995   95.3  3.804  5.290   69.7   78.8
D  -54.8  -35.8  113.5 -178.9  -58.6    nan  1.074  106.0  3.778  5.079   63.6   79.5
R  -87.8    8.1  112.5 -178.8  -51.8    nan  1.070   95.3  3.840  5.247   45.8   66.3
K   59.6   51.6  113.2 -179.7  -76.8    nan  1.075   92.8  3.793  5.503 -116.1 -117.2
V -120.7  118.0  107.2  179.1  179.7  -56.7  0.972  117.7  3.835  5.964  110.5  109.9
Q  -82.6  100.7  108.0  179.0 -172.0    nan  1.005  106.1  3.794  5.934 -142.2 -147.4
V  -87.2  134.6  107.3  179.5  173.2  -64.9  0.986  100.2  3.797  6.065 -161.2 -169.3
I -127.5  137.7  106.4  179.3  -57.5  180.0  1.013  126.9  3.790  5.813 -173.8 -174.8
L -120.8  169.2  107.7 -179.8  -78.3    nan  0.986  123.5  3.777  5.766 -157.4 -165.0
P  -54.0  138.5  113.0 -180.0  -35.3    nan  0.982   76.7  3.795  5.050  -59.4  -62.9
I  -95.7  -34.5  107.0  178.5  -78.4  154.8  0.955   75.7  3.800  5.777 -133.9 -143.8
D -143.5  169.9  108.0  178.0   52.7    nan  1.046  145.4  3.813  4.843  -16.9    6.5
H -137.7  163.1  113.0 -177.5  -47.9    nan  1.006  141.7  3.803  5.447 -140.7 -143.4
V -112.0  123.1   98.4  175.8  177.4  -62.9  0.901  108.6  3.797  5.480 -127.5 -132.9
C -133.1  170.2  114.3 -175.4  -45.4    nan  1.035  136.4  3.793  5.826  172.9  175.2
H -159.9  157.8  109.6  177.7 -170.7    nan  1.043  155.9  3.744  5.329 -172.1 -171.2
T  -70.7  -19.7  112.1 -179.8   55.3  -63.8  1.025  101.0  3.790  5.316  -84.9  -93.7
E -148.2  155.7  109.7 -180.0   52.9    nan  1.030  148.0  3.799  4.881   -2.2   17.7
F  -70.2   60.6  109.1  180.0 -159.1    nan  0.995  115.8  3.826  5.389  -86.6  -96.8
K -138.8  139.7  107.4 -179.0  -70.0    nan  0.990  134.5  3.793  5.724   96.3  102.0
A  -68.9  149.1  108.2  179.6    nan    nan  0.996   80.8  3.779  5.612 -102.5 -112.4
V -157.0  130.5  105.9  178.6   59.2 -177.4  1.013  132.8  3.758  5.565  170.4  169.2
D  -61.1  132.7  102.7  179.7  -53.1    nan  0.930   79.3  3.759  5.709  -96.2 -115.1
S   59.5   64.4  116.4  178.4  -48.1    nan  1.089   82.8  3.805  4.770   17.3    0.4
P  -79.3 -178.7  108.9  179.2   32.3    nan  0.937   78.8  3.831  6.042  169.9  162.5
L  -73.8  125.1  113.1 -179.0  172.0    nan  1.055   98.5  3.840  5.382  -77.8  -66.1
I -115.9  112.2  108.3  177.3  136.8    9.5  1.087  115.3  3.824  5.915 -175.2 -175.7
T  -69.6  169.8  114.6 -178.1   67.1  -53.6  1.069   74.1  3.811  5.978 -124.1 -139.3
E -108.6  -30.3  108.6  178.7  -65.1    nan  0.973   64.6  3.820  5.340 -113.7 -117.6
D -101.7 -177.7  111.9 -179.1  -95.9    nan  0.990  100.8  3.792  5.029   38.5   55.8
Q  -85.7  -12.4  103.6  176.5  -69.5    nan  0.932   91.3  3.761  5.076  -82.0  -80.9
N  -78.6  137.8  111.2 -178.4  -62.1    nan  1.046   95.2  3.808  5.491   74.6   95.3
I -114.9  130.8  107.3 -179.7  -65.3  171.9  0.971  118.7  3.793  5.757 -148.9 -161.1
P  -55.3  137.8  109.9  179.8  -33.8    nan  0.945   76.5  3.863  5.586  -95.6 -108.8
E  -43.4  -42.5  114.5 -179.0  -16.9    nan  1.091  110.0  3.828  5.691  -84.5  -89.7
G  -83.5    0.6  116.3 -178.6    nan    nan    nan   96.8  3.812    nan    nan   66.2
H -113.3  165.6  112.4 -179.7  -68.3    nan  1.031  118.0  3.788    nan    nan   74.6
M -131.7  130.6  104.5  177.4   46.2    nan  0.973  125.0  3.788  5.446 -145.3 -148.2
A  -78.5  128.9  106.5  179.5    nan    nan  0.995   95.3  3.792  5.816 -123.7 -130.2
L -113.0   -3.7  115.0 -178.8  -66.3    nan  1.105   65.4  3.779  5.798 -165.7 -163.1
D -167.4  159.7  107.3  179.8 -168.3    nan  0.973  159.7  3.829  5.031    1.1   10.6
I  -76.0  147.8  105.9  178.7   56.6  -64.5  1.013   86.4  3.802  5.504  -95.8  -97.3
G  -81.9  173.4  115.1 -179.1    nan    nan    nan   84.7  3.788    nan    nan -111.9
P  -54.1  -43.7  115.3 -179.7   23.2    nan  1.032  100.6  3.823    nan    nan  -58.1
K  -66.2  -34.0  110.6 -179.4  -69.6    nan  1.078   98.9  3.808  5.304   55.1   79.3
T  -70.9  -42.7  109.2  179.0  -50.5 -172.5  1.008   91.7  3.776  5.427   69.4   81.0
I  -58.6  -40.4  109.2  179.7  -74.0  163.0  1.031  102.4  3.815  5.345   71.4   84.6
E  -62.5  -50.3  111.1  179.5  -70.3    nan  1.045   92.8  3.805  5.357   69.5   83.3
K  -61.0  -49.8  111.1  179.8 -178.3    nan  1.067   94.1  3.789  5.270   61.7   76.6
Y  -59.2  -45.8  112.7 -179.1  -75.0    nan  1.054   96.8  3.801  5.277   67.6   79.8
V  -62.8  -43.7  108.0  179.7  168.0  -70.8  1.029   98.1  3.785  5.274   65.1   78.5
Q  -60.2  -50.0  111.2  179.9  179.3    nan  1.039   94.5  3.795  5.297   68.8   82.5
T  -66.1  -33.4  112.3  179.7  131.9    7.4  1.162   98.5  3.773  5.276   47.6   72.7
I  -61.7  -32.5  107.9  178.5  -74.8  164.5  1.012  104.8  3.824  5.720   86.2   89.8
G  -69.5  -22.3  111.7  178.5    nan    nan    nan  101.1  3.770    nan    nan   83.3
K  -84.5   -0.8  111.3  179.7  -59.5    nan  1.029   95.2  3.817    nan    nan   80.4
C -107.4  168.6  116.7 -176.9  -53.6    nan  1.097  112.2  3.808  5.385   57.6   82.7
K -118.2  -12.2  109.5  179.2  -83.3    nan  1.043   58.4  3.779  5.364 -129.2 -128.7
S -139.4  138.0  106.5  178.6  -68.5    nan  0.978  133.4  3.798  5.140   15.6   32.2
A -141.2  125.6  110.7  178.9    nan    nan  1.042  129.3  3.812  5.693  174.7  175.4
I -121.2  118.5  106.4  179.0  -62.3  178.2  1.012  117.3  3.806  5.863 -173.6 -179.8
W -119.9  132.3  115.3 -177.4  175.2    nan  1.054  127.5  3.819  5.914 -175.5  179.8
N -145.4  118.9  110.1  176.4  172.6    nan  1.050  124.7  3.767  5.682  166.0  159.3
G  103.8  123.3  115.3  178.3    nan    nan    nan   77.6  3.760    nan    nan   25.4
P  -58.6  149.8  109.2  179.4  -35.9    nan  0.924   72.0  3.816    nan    nan -122.1
M  -77.8  -11.7  110.8 -179.9  -64.5    nan  1.039   97.9  3.796  5.703 -112.6 -108.6
G -164.0 -168.4  108.9  179.9    nan    nan    nan  157.5  3.759    nan    nan    7.4
V  -82.4   71.4  107.1  179.2 -173.9  -53.7  1.022  108.6  3.800    nan    nan  -64.4
F  -55.0  -19.0  114.3 -178.3   80.0    nan  1.086  115.6  3.811  6.198 -161.5 -162.9
E  -62.5  -21.9  111.1  179.0  -64.4    nan  1.054  108.0  3.793  5.628   91.5  103.5
M -109.5  127.1  107.3  179.5  -67.7    nan  0.994  115.1  3.779  5.209   37.6   55.1
V  -45.7  -50.0  115.7 -177.8  172.3  -66.6  1.120  102.2  3.763  5.705  -92.9 -100.6
P  -63.2  -21.2  116.5 -179.2   30.5    nan  1.051  106.1  3.808  5.155   63.8   78.6
Y -111.1   23.5  111.2 -179.0  -44.7    nan  1.038   78.8  3.807  5.206   30.5   57.0
S -104.7  -15.5  115.8 -178.1   62.0    nan  1.072   69.1  3.798  5.691   87.0  107.1
K  -48.4  -48.3  116.1 -178.1  -69.1    nan  1.109  101.2  3.802  5.692  108.3  123.4
G  -59.3  -47.8  114.7 -179.8    nan    nan    nan   94.4  3.793    nan    nan   82.5
T  -60.2  -49.9  110.9  179.6  -62.7  177.7  1.025   94.8  3.801    nan    nan   80.1
F  -68.4  -28.0  111.9 -178.8  -72.3    nan  1.100   99.3  3.783  5.154   49.4   71.5
A  -66.1  -46.3  109.3  179.9    nan    nan  1.024   93.5  3.796  5.557   79.8   92.0
I  -64.0  -42.5  110.2  179.3  -60.8 -179.8  1.036   96.5  3.808  5.277   62.1   76.2
A  -61.0  -45.5  109.9  178.3    nan    nan  1.019   97.3  3.829  5.353   70.9   81.8
K  -59.4  -46.7  112.2  179.5  177.5    nan  1.033   96.4  3.809  5.253   69.1   81.9
A  -63.7  -42.6  112.4 -179.5    nan    nan  1.057   95.4  3.783  5.150   61.8   78.3
M  -66.4  -40.8  111.2  179.8  -70.2    nan  1.054   94.9  3.784  5.289   62.6   78.9
G  -68.3  -52.4  109.0 -180.0    nan    nan    nan   89.2  3.785    nan    nan   78.1
R  -54.2  -44.4  110.5  179.9 -176.8    nan  1.031  102.7  3.803    nan    nan   80.2
G  -58.3  -49.7  112.4  179.8    nan    nan    nan   95.3  3.787    nan    nan   84.5
T  -63.7  -52.3  109.1  179.1  -55.5 -176.6  1.001   92.3  3.784    nan    nan   73.9
H  -53.2  -64.9  111.4 -179.2 -177.8    nan  1.028   89.4  3.780  5.174   69.6   82.3
E  -70.6  -44.9  117.1 -178.8  -68.6    nan  1.091   86.2  3.749  4.821   37.3   57.1
H -120.7   28.0  119.6 -176.1  -56.6    nan  1.159   75.5  3.793  4.725    1.7   31.8
G   61.0    8.5  119.4  177.5    nan    nan    nan  114.5  3.814    nan    nan -102.8
L  -51.1  136.7  112.5  179.2  160.4    nan  1.030   75.4  3.823    nan    nan  139.4
M  -87.7  100.8  103.5  178.0 -162.2    nan  0.962  102.8  3.818  5.804 -126.9 -136.1
S  -98.1  133.5  112.4 -179.8   49.5    nan  1.060  111.7  3.794  6.015 -177.2 -177.0
I -135.4  132.7  108.6 -179.9  -63.5  174.6  1.034  130.4  3.782  5.744 -179.6  174.5
I -128.1  152.3  107.3 -178.6  -61.5  177.4  0.970  130.9  3.783  5.788 -167.2 -177.5
G -156.4  166.9  107.9  178.8    nan    nan    nan  157.0  3.787    nan    nan  173.6
G   98.2  124.3  112.1  179.8    nan    nan    nan   76.9  3.789    nan    nan   75.8
G  -44.3  -50.9  118.8 -178.6    nan    nan    nan  101.0  3.788    nan    nan -104.1
D  -75.0  -25.8  111.2 -178.6  -60.3    nan  1.061   94.7  3.775    nan    nan   66.5
S  -71.3  -43.7  110.5 -179.7  -70.0    nan  1.051   90.1  3.787  5.467   72.7   89.4
A  -68.0  -30.0  108.0  177.7    nan    nan  1.024  100.5  3.784  5.308   59.8   73.5
S  -61.9  -46.3  109.0  177.6  -77.5    nan  0.993   96.8  3.829  5.600   83.1   91.6
A  -62.8  -42.8  112.6 -179.1    nan    nan  1.054   95.9  3.815  5.122   64.1   78.8
A  -64.0  -40.0  110.4  178.7    nan    nan  1.022   97.8  3.788  5.220   66.5   79.7
E  -71.7  -40.9  110.2  179.4  -71.4    nan  1.043   91.3  3.819  5.327   58.4   75.3
L  -59.2  -32.5  110.8 -180.0 -121.3    nan  1.013  105.6  3.808  5.361   76.6   86.6
S -103.4    7.3  113.3 -179.4   62.2    nan  1.065   79.6  3.795  5.054   30.0   54.0
G   67.2   19.4  117.3  177.6    nan    nan    nan  103.0  3.774    nan    nan -114.6
E  -95.3  -21.1  113.5  179.7  -62.4    nan  1.056   76.8  3.769    nan    nan  108.4
A  -50.8  -44.2  111.5 -179.1    nan    nan  1.063  104.8  3.807  5.662  101.8  114.1
K  -65.2  -24.9  112.5  180.0   46.9    nan  1.039  103.6  3.801  5.281   65.7   78.7
R  -83.5  -17.3  112.2 -179.6  -50.0    nan  1.060   89.8  3.816  5.339   59.4   79.4
M  -71.4  148.6  110.9  179.5  -61.0    nan  1.013   84.5  3.797  5.604   84.3   97.0
S  -58.1  -46.7  106.2  178.3  -61.9    nan  0.979  101.0  3.768  5.419  -81.3  -94.2
H -159.3  123.5  112.8 -179.0  166.6    nan  1.035  129.1  3.769  4.593  -36.9  -19.6
V -102.4  116.8  105.5  178.0   48.9  173.0  1.025  109.3  3.782  5.901 -159.6 -165.3
S  -90.1  158.9  113.7 -178.1  176.9    nan  1.043   98.4  3.797  5.976 -144.7 -153.1
T  -88.9    3.0  106.6  178.3   51.0  -68.6  1.022   91.9  3.741  5.465 -110.2 -111.9
G  -97.9  136.4  117.3 -179.0    nan    nan    nan  114.4  3.783    nan    nan   94.9
G  -85.2  -92.1  108.9  177.4    nan    nan    nan   71.0  3.812    nan    nan -136.4
G  -82.5    7.3  113.0  176.2    nan    nan    nan  100.3  3.830    nan    nan   15.4
A  -82.0  -11.1  107.9  178.8    nan    nan  1.011   94.5  3.852    nan    nan  108.2
S  -88.5  -37.5  104.0  177.0  -37.4    nan  0.950   82.8  3.809  5.576   70.3   82.3
L  -71.8  -66.6  111.8 -179.4  -54.3    nan  1.066   78.5  3.827  5.248   57.1   77.0
E  -54.3  -33.3  112.8 -179.6 -176.1    nan  1.093  108.3  3.817  5.126   53.1   69.0
L  -56.3  -37.6  110.9  179.1  164.4    nan  1.045  105.0  3.830  5.546   84.6   96.0
L  -46.4  -38.1  114.9  179.5  -82.3    nan  1.105  110.7  3.843  5.489   86.1  101.8
E  -69.6   29.0  111.6  178.9 -158.8    nan  1.057  118.2  3.837  5.430   64.9   79.8
G   43.3   11.8  116.8  178.4    nan    nan    nan  130.5  3.873    nan    nan -114.9
K  -66.0  126.3  110.4 -178.8   29.8    nan  1.032   91.0  3.774    nan    nan  129.1
T  -53.4  128.5  108.5  178.0   33.4  -88.9  0.970   80.0  3.785  5.706  -93.1 -114.2
L  -75.5  114.8  106.6  177.5  -55.2    nan  0.992   98.4  3.787  5.802 -125.9 -130.4
P  -54.6  -40.1  112.8 -180.0   24.6    nan  0.990  103.9  3.840  5.775 -111.4 -122.8
G  -61.9  -36.7  110.5  179.0    nan    nan    nan  101.1  3.803    nan    nan   84.5
V  -73.9  -50.9  108.3  178.9  178.6  -58.1  1.002   86.7  3.787    nan    nan   75.4
T  -53.2  -41.3  113.6 -179.0  -46.1 -166.3  1.078  103.8  3.792  5.202   70.0   83.8
V  -62.0  -18.8  112.9 -179.7   74.6 -161.9  1.065  109.5  3.823  5.396   71.0   85.3
L  -72.6  143.7  113.0 -179.3  -49.5    nan  1.069   88.8  3.829  5.585   78.3   96.0
D  -61.3  107.0  107.9  179.7  -55.0    nan  0.989   96.8  3.813  5.545  -85.8 -102.4
D  -79.2   86.8  112.9  180.0   63.9    nan  1.081  113.1  3.801  6.029 -152.3 -153.6
K -122.4    nan  110.6  179.6  -68.4    nan  1.045    nan  3.784  5.930  145.8  142.4
