Id   phi    psi    tau  omega    chi    chi2  solid    eta  CA-CA  CB-CB  BA^AB  NA^AC
E    nan   85.3  108.3    nan  173.7    nan  0.991    nan    nan    nan    nan    nan
K  -76.7  167.2  111.3 -179.5  -64.5    nan  1.039   81.6  3.840  6.174 -171.0 -172.0
K  -82.6  149.3  110.1  179.9  179.5    nan  1.034   93.6  3.801  5.337  -93.4  -93.6
S -104.9  167.8  111.7 -179.1  164.9    nan  1.013  109.1  3.821  5.673 -130.2 -135.4
I  -58.8  -35.4  105.2  177.4    3.4 -124.9  0.938  107.0  3.784  5.186  -58.7  -72.7
N  -52.2  -35.2  114.3 -180.0  -78.6    nan  1.097  108.3  3.788  5.304   83.9   97.9
E  -85.6   -0.3  113.0 -179.5  -76.6    nan  1.059   94.3  3.808  5.296   51.4   69.1
C  -96.4  152.5  113.3 -177.9  -55.4    nan  1.052  106.3  3.804  5.560   73.4   92.2
D  -94.3  114.3  101.6  176.4  175.4    nan  0.948  102.4  3.786  5.572 -117.7 -127.1
L -109.5  -21.2  114.7 -177.4  -52.6    nan  1.080   63.0  3.795  5.931 -176.5 -170.5
K  -46.6  125.4  111.0 -179.4 -171.0    nan  1.033   79.3  3.789  5.690  107.7  117.6
G   59.8   15.8  117.3  179.4    nan    nan    nan  112.1  3.775    nan    nan   -9.6
K -108.2  146.1  113.8 -179.9  -59.0    nan  1.055  118.3  3.809    nan    nan   93.8
K  -85.5  112.6  105.7  176.9  -73.1    nan  0.988  102.6  3.830  5.652 -115.1 -124.5
V  -97.1  124.6  111.8 -178.5 -166.3  -43.2  1.032  111.9  3.778  5.940 -159.9 -164.3
L  -88.1  114.3  103.9  177.5 -102.3    nan  0.925  101.9  3.766  5.783 -133.7 -151.6
I -118.5  122.7  110.5  179.7  -43.6 -164.2  1.040  121.1  3.815  5.962  171.7  176.2
R  -96.2  108.5  103.8  179.5 -147.4    nan  0.965  105.0  3.797  5.867 -146.3 -158.8
V -109.7  165.8  109.7 -177.9  -61.1   58.4  0.995  113.9  3.789  5.986 -175.3  178.6
D -108.2   94.8  106.5  178.2 -169.2    nan  0.967  107.2  3.769  5.456 -121.6 -121.3
F -107.2   25.4  109.6  179.4  -73.7    nan  1.055   82.5  3.788  5.985  162.9  167.3
N  -76.7   69.1  108.9  178.5 -173.0    nan  1.009  112.1  3.791  6.004  122.2  130.7
V  -83.9  151.9  111.4 -179.1  -66.6   54.4  1.028   94.4  3.788  6.130  164.7  166.0
P  -64.6  127.1  108.0  179.7  -31.7    nan  0.895   87.9  3.827  5.286  -80.4  -95.5
V -125.5  143.3  109.8  178.6  -68.5   53.0  1.019  129.1  3.826  5.961  172.3 -179.9
K -138.2  125.1  106.7  178.9  176.6    nan  0.990  125.9  3.808  5.659 -172.4 -177.7
N   54.4   43.0  110.2 -178.3  -66.6    nan  1.049  103.6  3.799  4.923   12.2   -9.8
G   71.6   13.9  118.1  178.6    nan    nan    nan  101.4  3.769    nan    nan  -76.5
K -126.3  146.5  109.9  179.0  -37.0    nan  1.026  130.2  3.777    nan    nan   71.9
I  -72.2  126.9  107.4  178.4  -57.2 -179.9  0.982   92.5  3.770  5.509  -98.5 -110.0
T  -98.8  -14.4  110.9  179.7   63.5  -56.6  1.080   76.3  3.826  5.941 -155.4 -152.6
N -159.3  122.7  107.0  178.6  179.0    nan  1.009  126.3  3.790  4.959   -5.2    8.9
D -110.0   28.6  114.0 -179.3   62.9    nan  1.093   83.2  3.791  5.904 -168.9 -165.7
Y  -55.0  -37.4  111.9  179.9  178.0    nan  1.031  105.7  3.807  6.101  152.8  154.7
R  -67.8  -31.3  112.4 -179.8  -80.3    nan  1.115   98.1  3.757  5.264   61.3   83.0
I  -75.9  -47.8  109.1  178.3  -61.3  177.1  1.015   85.9  3.792  5.485   67.4   78.4
R  -56.1  -37.2  110.5  178.4  -79.1    nan  1.016  105.5  3.776  5.224   71.5   81.6
S  -66.7  -21.7  113.6 -179.6  -64.5    nan  1.094  103.4  3.796  5.288   63.6   84.0
A  -91.4  -10.4  112.9  179.7    nan    nan  1.061   84.6  3.795  5.376   56.4   75.0
L  -51.1  -49.4  115.9 -177.7  -65.1    nan  1.143   98.7  3.803  5.731  106.8  125.7
P  -48.5  -52.5  115.4 -179.4  -34.8    nan  1.014   98.5  3.837  5.303   82.6   91.8
T  -60.9  -44.0  110.7  179.3  -70.2  166.7  1.039   97.8  3.777  5.147   55.0   75.3
L  -64.8  -37.0  110.0  179.8  -63.3    nan  1.042   98.9  3.803  5.336   63.9   78.4
K  -61.0  -45.7  108.3  179.7 -172.9    nan  0.986   98.2  3.810  5.462   79.4   87.6
K  -55.3  -56.8  111.5 -178.8 -144.8    nan  1.050   93.4  3.793  5.191   72.3   86.3
V  -59.4  -39.6  112.1 -179.8   28.6  151.1  1.114  100.7  3.776  5.209   54.0   73.0
L  -65.7  -42.1  110.5  179.4  -69.9    nan  1.058   95.2  3.806  5.477   69.6   81.7
T  -63.6  -37.5  110.9  178.9  -85.3  153.3  1.032   99.1  3.774  5.254   67.4   80.4
E  -78.8   -2.7  114.4 -179.9  -63.3    nan  1.061  100.1  3.804  5.257   52.9   72.4
G   89.0   19.4  117.6  179.3    nan    nan    nan   82.1  3.787    nan    nan -102.5
G  -99.2 -169.8  111.7  178.0    nan    nan    nan   95.3  3.803    nan    nan  103.3
S -133.3  153.4  104.5  177.4   57.2    nan  0.985  134.0  3.797    nan    nan -117.5
C -114.2  132.6  116.1 -177.6  -50.1    nan  1.059  124.9  3.799  5.641 -139.1 -135.3
V -125.3  103.5  100.1  175.6   26.2  150.8  0.994  105.9  3.783  5.794 -175.2  177.5
L  -91.2  141.7  113.4 -176.6  -41.4    nan  1.030  105.2  3.755  6.010 -157.1 -164.3
M -127.8  134.5  106.5  178.7  -53.0    nan  0.972  126.1  3.778  5.695 -163.1 -170.9
S -160.4  178.8  110.0  178.8 -168.9    nan  1.036  160.7  3.772  5.552  152.9  150.3
H -132.1  159.1  106.6  179.0   72.2    nan  0.988  134.6  3.788  5.397 -133.5 -129.2
L -136.3  128.9  103.5  177.4 -172.1    nan  0.947  125.4  3.773  5.582 -156.5 -158.2
G   64.8 -145.7  114.5  179.6    nan    nan    nan   81.9  3.787    nan    nan    2.1
R -138.7   73.2  107.5  179.2  -71.7    nan  1.001   88.4  3.785    nan    nan  -92.0
P  -69.8  154.3  109.4 -179.9   33.7    nan  0.957   79.9  3.820  6.078 -174.4 -176.7
K  -55.4  -40.5  112.4 -179.8  -93.7    nan  1.075  103.2  3.801  5.597  -82.1  -82.0
G   84.5  161.1  107.7 -177.9    nan    nan    nan   79.1  3.759    nan    nan -136.2
I -143.8  149.7  104.0 -179.6 -151.8   86.2  0.944  140.2  3.798    nan    nan -162.7
P  -70.2  139.5  109.9  179.8  -29.9    nan  0.943   87.1  3.806  5.439  -95.2 -100.4
M  -48.5  -42.7  111.3 -179.0  -93.0    nan  1.040  107.6  3.807  5.644  -86.8  -93.0
A  -53.9  -47.2  111.7  179.4    nan    nan  1.040  100.5  3.788  5.308   77.7   89.7
Q  -67.2  -17.7  113.9 -179.6  -62.1    nan  1.084  104.8  3.790  5.125   55.2   74.9
A  -62.7  -49.2  112.5 -179.6    nan    nan  1.049   92.4  3.781  5.609   90.5  105.9
G  -39.5  -46.4  113.6 -178.0    nan    nan    nan  110.3  3.818    nan    nan  100.1
K  -63.3  -47.6  111.7  179.9  -61.4    nan  1.025   93.3  3.762    nan    nan   78.5
I  -58.2  -52.6  110.2 -179.8  -45.6 -168.7  0.998   95.0  3.781  5.231   71.7   81.8
R  -55.0  -31.2  112.1 -178.4  -54.9    nan  1.064  109.3  3.785  5.098   65.9   81.4
S  -63.6  -42.5  107.1  179.7  -57.4    nan  0.981   98.6  3.802  5.448   79.8   90.5
T  -65.8  -29.2  109.1  177.9  -56.5 -179.1  0.996  102.2  3.748  5.145   61.6   75.8
G  101.0    8.0  111.0 -179.1    nan    nan    nan   76.2  3.830    nan    nan -111.9
G  -91.0  177.2  113.2  179.8    nan    nan    nan   92.1  3.817    nan    nan  102.5
V -103.5  116.0  111.8 -180.0 -178.9  -56.6  1.068  115.2  3.826    nan    nan -100.6
P  -52.6  123.1  112.7 -179.7  -33.1    nan  0.970   85.7  3.817  5.654 -102.0 -122.0
G   70.4    7.6  117.0  178.2    nan    nan    nan  106.0  3.768    nan    nan   -3.7
F  -54.1  132.7  115.1 -179.0 -175.7    nan  1.084   81.7  3.797    nan    nan  137.9
Q -140.5  105.8  104.9  178.5  -81.7    nan  0.997  111.6  3.822  5.728  177.1  163.6
Q  -39.0  -38.6  116.4 -177.9 -169.9    nan  1.088  115.6  3.783  5.853 -103.5 -114.8
K  -74.8  -10.5  113.8 -177.2    1.7    nan  1.088  100.8  3.780  5.251   59.0   78.6
A -122.8   22.9  114.4 -178.0    nan    nan  1.116   68.6  3.760  5.119   32.5   56.6
T  -71.3  148.5  106.9  177.1  -30.8 -151.9  0.922   82.5  3.791  6.093  136.9  131.0
L  -95.6    2.2  107.9  177.0  -82.0    nan  1.006   85.1  3.811  5.590 -130.2 -129.4
K  -52.5  -51.7  114.2 -179.5 -168.0    nan  1.083   97.0  3.776  5.830  119.8  134.2
P  -60.8  -28.8  111.1 -179.9   26.8    nan  0.986  106.0  3.799  5.185   64.0   76.8
V  -69.9  -35.7  108.8  179.1  172.9  -65.7  1.044   95.9  3.807  5.488   63.0   86.8
A  -61.7  -42.6  108.7  179.3    nan    nan  1.008   99.0  3.808  5.476   77.2   87.7
K  -65.7  -47.1  111.1 -179.3 -142.2    nan  1.007   92.3  3.775  5.208   66.0   79.2
R  -62.1  -49.1  111.8  179.6 -177.7    nan  1.030   93.4  3.778  5.214   64.8   78.5
L  -53.8  -42.8  109.6  179.1 -177.7    nan  1.031  104.4  3.783  5.221   73.0   83.6
S  -60.3  -37.9  111.0  179.3  175.0    nan  1.032  101.5  3.762  5.318   70.3   83.3
E  -68.7  -41.0  111.8 -179.4  -61.5    nan  1.081   92.7  3.807  5.322   62.0   81.5
L  -72.4  -42.9  113.9 -179.8  -65.5    nan  1.051   87.6  3.816  5.329   60.9   75.6
L  -73.1  -18.1  112.6  179.8 -118.7    nan  1.030   99.4  3.811  5.128   57.6   72.8
L   67.4   33.3  112.7  179.3  -55.4    nan  1.084   97.2  3.829  5.466 -139.9 -134.6
R -156.8  159.2  107.8  178.6   76.4    nan  1.008  154.4  3.804  5.410   49.2   55.7
P  -62.5  150.4  111.6 -179.9  -26.0    nan  0.924   76.1  3.786  5.190  -71.5  -82.6
V -133.1  118.9   99.3  176.5  165.7  -74.7  0.913  115.7  3.765  5.693 -167.9 -168.4
T  -92.9  127.0  108.4  179.6  127.7    5.0  1.111  106.4  3.757  5.951 -162.9 -153.0
F  -93.4  111.8  114.0 -176.9 -175.9    nan  1.059  113.5  3.791  5.872 -133.0 -146.9
A  -85.1  104.7  108.6  177.7    nan    nan  1.011  106.6  3.808  5.942 -148.6 -160.3
P  -55.2   -6.9  119.1 -179.1   29.1    nan  1.074  121.3  3.852  5.860 -125.3 -132.4
D -151.9  115.8  106.1 -179.5 -178.1    nan  0.965  120.1  3.772  4.946    7.9   25.6
C  -64.8  -26.1  115.3 -177.1   69.3    nan  1.104  102.3  3.782  5.940 -128.1 -128.1
L  -95.6    8.9  113.1  179.8  -69.2    nan  1.077   88.0  3.779  5.272   46.7   67.7
N -142.1   45.7  110.2 -178.0 -167.7    nan  1.029   66.5  3.782  5.183   36.2   52.3
A -117.5   15.4  114.0 -178.8    nan    nan  1.083   69.6  3.799  5.798   96.8  112.5
A  -50.9  -47.8  110.6  179.0    nan    nan  1.026  102.7  3.823  6.026  141.3  145.7
D  -49.7  -56.4  113.5  179.6   59.5    nan  1.055   96.0  3.813  5.268   76.4   89.4
V  -64.7  -43.5  110.7 -178.8  177.9  -60.3  1.026   95.2  3.815  5.127   55.4   69.1
V  -61.5  -47.4  111.2 -178.9  177.0  -61.0  1.074   95.1  3.756  5.268   67.0   83.3
S  -55.1  -38.6  113.4 -179.3   73.7    nan  1.064  104.1  3.790  5.324   74.3   86.0
K  -75.8   -1.7  114.7 -179.9  -58.0    nan  1.063  103.5  3.810  5.217   56.9   74.9
M  -69.3  157.0  112.0 -179.2  -69.7    nan  1.046   79.1  3.804  5.788  100.5  115.0
S -143.9  162.9  104.0  179.0  -42.3    nan  0.906  144.5  3.790  5.504 -157.8 -170.5
P  -50.6  137.6  111.6  179.7  -37.0    nan  0.959   73.9  3.805  5.104  -64.5  -66.8
G   98.6  -17.0  111.2  179.4    nan    nan    nan   87.8  3.778    nan    nan   41.5
D  -78.6  149.2  111.7 -179.6  -74.0    nan  1.034   90.9  3.776    nan    nan   91.2
V -134.6  124.7  106.9  178.8 -179.5  -58.2  1.011  124.7  3.780  5.656 -163.8 -169.3
V -126.0  131.6  107.0  179.8  158.2  -82.2  0.988  124.6  3.812  5.916 -175.5  175.6
L -112.9  126.6  105.2  179.0  172.3    nan  0.972  115.2  3.775  5.819 -158.7 -163.9
L  -86.9  150.3  109.2  179.9  -53.2    nan  1.000   96.7  3.788  5.865 -135.2 -142.1
E  -60.2  163.4  108.4  178.8  175.6    nan  0.999   66.5  3.744  5.377  -84.4  -92.9
N  -41.0  114.2  110.2  179.5 -167.2    nan  1.010   84.1  3.805  5.069  -51.0  -60.1
V  -66.9  -19.9  111.9  180.0  -63.5   60.5  1.059  104.6  3.814  5.986 -128.6 -136.3
R  -80.0    7.2  112.9  179.0  -78.5    nan  1.097  102.7  3.763  5.422   66.4   86.9
F  -74.4  -11.3  106.7  176.9  -84.8    nan  1.015  102.1  3.787  5.910  104.4  113.9
Y -115.8  130.0  107.6  178.1  -71.1    nan  0.982  119.2  3.806  5.350   40.2   57.0
K  -62.5  -27.9  114.8  179.4  -64.0    nan  1.076  103.5  3.808  5.744 -108.5 -115.4
E  -66.5  -25.2  113.9 -178.5    9.4    nan  1.123  101.7  3.797  5.491   75.5   94.9
E  -52.7  -47.0  108.8 -179.8 -150.9    nan  1.009  103.0  3.786  5.667  102.2  107.4
G -103.5   10.9  116.5 -179.3    nan    nan    nan   81.5  3.787    nan    nan   40.8
S  -56.7  148.7  111.7  179.1  174.2    nan  1.063   72.1  3.807    nan    nan  136.4
K  -84.6  -18.0  105.6 -180.0  -36.3    nan  0.972   90.4  3.791  5.564 -106.8 -119.4
K  -84.1  105.4  108.5  179.9  -60.6    nan  1.014  106.1  3.803  5.460   65.2   83.0
A  -49.4  -38.5  111.4  179.3    nan    nan  1.047  109.7  3.807  5.897 -114.8 -129.6
K  -55.0  -48.2  107.5  178.7   56.6    nan  0.999  101.4  3.799  5.443   82.8   91.2
D  -62.1  -47.0  112.1 -179.8  -65.0    nan  1.041   94.4  3.831  5.244   62.6   77.0
R  -58.2  -51.7  109.6 -180.0  -64.4    nan  1.032   95.9  3.776  5.246   69.5   82.2
E  -59.6  -32.8  113.6 -179.6  -63.1    nan  1.094  103.8  3.768  5.182   59.5   77.3
A  -57.6  -51.4  109.5  179.8    nan    nan  1.022   96.6  3.839  5.591   86.3   95.8
M  -65.4  -51.3  108.9 -180.0 -173.0    nan  0.998   91.7  3.776  5.059   57.7   70.3
A  -52.9  -34.0  112.1 -179.8    nan    nan  1.049  109.4  3.807  5.222   67.8   83.1
K  -57.0  -42.9  110.3 -179.1  -90.1    nan  1.052  101.6  3.803  5.474   82.2   96.0
I  -68.0  -51.4  112.5 -179.6  -51.3 -172.3  1.040   87.5  3.771  5.273   63.7   77.2
L  -59.7  -42.7  110.6 -179.4  -87.5    nan  1.038   99.4  3.789  5.164   64.7   77.5
A  -59.3  -26.7  111.5 -179.5    nan    nan  1.046  108.3  3.786  5.298   71.1   85.5
S  -72.9  -11.7  111.0  179.6   89.0    nan  1.071  102.7  3.800  5.471   68.0   87.1
Y  -73.9  -30.5  115.1 -179.7  -73.4    nan  1.100   91.8  3.815  5.683   82.8  101.7
G -141.6 -176.9  116.9 -177.7    nan    nan    nan  140.1  3.786    nan    nan   20.0
D  -98.7  -66.5  111.7 -178.4  -47.6    nan  1.025   66.7  3.770    nan    nan  -88.2
V  -98.1  138.6  110.9  179.1   32.0  154.1  1.091  109.8  3.756  4.834    0.1   26.9
Y -110.9  139.7  109.3  179.5  169.2    nan  0.991  118.1  3.816  5.776 -142.2 -155.2
I -140.5  138.7  106.2  176.0  106.1  -16.6  1.055  134.1  3.772  5.727  173.0  174.4
S -107.7  125.9  110.4 -180.0 -177.2    nan  1.018  116.6  3.784  5.755 -141.0 -149.6
D -124.3    4.8  108.6  179.2 -141.0    nan  0.999   57.3  3.807  5.847 -175.8  178.3
A  -86.5   54.5  116.7 -178.2    nan    nan  1.142  113.6  3.760  5.584   79.2  106.9
F  -62.5  131.3   98.1  175.0  163.6    nan  0.880   77.8  3.813  6.212 -175.3  163.5
G  126.6  -17.2  104.7 -177.4    nan    nan    nan   59.4  3.790    nan    nan   70.5
T -137.5    6.6  104.2  176.5  -45.0 -164.6  0.951   44.5  3.761    nan    nan   27.1
A  -64.9  -22.3  110.8 -179.3    nan    nan  1.045  105.6  3.814  5.832  109.3  126.0
H  -80.7  -20.4  108.6  178.6   57.2    nan  1.005   92.4  3.790  5.436   67.4   81.8
R  -84.5  100.5  110.7 -179.4  -56.4    nan  1.018  109.2  3.814  5.445   64.2   82.0
D  -71.7   97.2  101.7  176.5  175.8    nan  0.911   98.7  3.794  5.984 -142.6 -159.4
S -131.0  178.0  116.7 -177.7   65.3    nan  1.109  131.9  3.846  5.909  138.5  150.8
A  -52.3  -57.0  112.3  180.0    nan    nan  1.062   94.7  3.769  4.921  -47.5  -51.6
T  -77.9  -24.9  115.0 -178.4   56.1  -63.6  1.093   90.9  3.804  5.064   37.2   57.6
M  -81.9  -45.3  114.5 -179.8  -71.7    nan  1.086   78.9  3.807  5.422   64.6   82.1
T -119.8  -32.8  113.5 -177.8   46.8  -71.4  1.057   52.7  3.807  4.788    7.2   27.7
G  -60.9  -47.8  114.6 -179.6    nan    nan    nan   93.3  3.788    nan    nan   94.4
I  -62.7  -60.1  111.9 -179.9  -59.7  178.6  1.097   86.7  3.802    nan    nan   78.5
P  -50.1  -37.6  111.1 -179.6   26.0    nan  0.964  109.9  3.837  5.237   72.7   78.4
K  -57.9  -63.2  107.8  178.4  157.7    nan  0.984   90.5  3.787  5.273   71.1   89.0
I  -63.7  -32.9  115.5 -178.6  -58.4 -178.5  1.101   99.4  3.825  5.025   41.9   63.6
L  -79.7  -27.1  109.5 -178.1 -159.4    nan  1.022   90.5  3.810  5.364   61.8   76.9
G   84.5   13.9  114.4  179.8    nan    nan    nan   89.7  3.769    nan    nan -127.9
N -157.7  162.0  110.2  177.6   77.6    nan  1.063  157.0  3.792    nan    nan   37.2
G  174.0  130.6  109.0  179.2    nan    nan    nan  128.5  3.759    nan    nan  151.0
A -121.9  173.6  106.5  178.2    nan    nan  0.982  123.5  3.784    nan    nan -175.4
A  -99.6  129.5  109.7  179.9    nan    nan  1.011  111.2  3.806  5.352 -105.8 -102.3
G  -70.8  178.8  104.9  179.5    nan    nan    nan   71.1  3.787    nan    nan -126.3
Y  -67.8  -34.7  114.6 -179.7  -66.0    nan  1.072   95.3  3.784    nan    nan  -63.3
L  -68.5  -45.4  108.2 -179.2  179.0    nan  1.014   92.9  3.781  5.383   71.5   84.7
M  -50.2  -53.1  107.0  179.1 -177.9    nan  0.994  101.8  3.787  5.358   80.7   88.9
E  -59.0  -49.8  111.6  178.5  -73.5    nan  1.033   95.3  3.805  5.214   62.0   73.6
K  -52.0  -48.5  111.4 -179.5 -160.1    nan  1.037  101.1  3.802  5.290   76.1   86.1
E  -69.1  -54.1  115.1 -178.4  -62.7    nan  1.061   83.6  3.777  5.063   56.0   72.9
I  -55.7  -43.1  112.2 -179.2  -68.8  169.6  1.061  101.5  3.766  5.177   65.5   80.4
S  -64.7  -49.0  113.3 -179.0  -61.1    nan  1.070   90.6  3.807  5.283   65.5   81.3
Y  -59.0  -51.3  109.9  179.2 -178.6    nan  1.048   95.4  3.755  5.321   67.8   79.5
F  -61.4  -38.9  110.0 -179.3  -79.3    nan  1.068  100.6  3.784  5.244   61.6   75.4
A  -54.5  -66.2  109.0  179.3    nan    nan  1.008   89.5  3.778  5.454   83.8   91.9
K  -54.8  -35.4  112.7 -178.3   69.2    nan  1.115  106.8  3.771  4.979   49.0   69.2
V  -81.2  -37.7  117.6 -178.9  137.9  -98.6  1.151   80.8  3.797  5.280   49.7   74.6
L  -75.6  -18.9  113.3 -179.5  -70.1    nan  1.081   96.4  3.825  5.401   59.5   77.0
G  -61.5  -65.5  109.3  178.4    nan    nan    nan   86.1  3.782    nan    nan  103.5
N -136.5   91.8  110.3  178.5 -165.7    nan  1.062  105.2  3.795    nan    nan  -12.3
P  -86.9  144.7  112.4 -179.8   36.5    nan  0.974  100.1  3.763  5.899 -165.8 -176.7
P  -59.2  139.2  107.5  179.2  -34.9    nan  0.888   77.4  3.805  5.453  -86.6  -99.4
R -110.0  152.2  107.7  179.1 -108.1    nan  0.983  115.8  3.771  5.813 -157.4 -152.2
P  -71.1  158.5  113.1   -0.4  -22.1    nan  0.983   80.5  2.870  4.686   76.3   49.5
L -117.8  116.8  109.0 -179.8  170.5    nan  0.995  117.8  3.819  5.640 -140.1 -140.9
V -107.9  135.1  110.1  177.7   51.1  173.3  1.045  116.6  3.804  5.999 -173.2 -173.4
A -108.2  122.5  102.4  178.2    nan    nan  0.921  109.9  3.747  5.673 -144.1 -158.7
I -107.4  115.0  103.7  177.2  -57.6 -177.9  0.959  109.3  3.781  5.972 -164.4 -168.2
V -124.4  128.3  112.4  179.0   29.5  152.8  1.153  126.6  3.792  5.900  160.6  172.0
G -141.7 -142.5  112.2 -179.5    nan    nan    nan  118.7  3.784    nan    nan  162.4
G   77.8 -144.4  114.7 -180.0    nan    nan    nan   93.8  3.789    nan    nan  117.6
A -127.0 -144.1  107.4  178.8    nan    nan  1.008  110.3  3.788    nan    nan  -78.4
K   54.9   32.4  108.7 -179.1  -61.2    nan  0.997  110.2  3.859  4.930  100.3   93.6
V  -45.8  -54.0  115.8 -177.0 -172.8  -50.4  1.131   99.1  3.781  6.055  157.6  170.9
S  -51.6  -36.9  115.5 -178.0   50.5    nan  1.095  107.1  3.794  5.303   72.2   86.2
D  -87.6  -49.5  109.8 -178.8  -38.3    nan  1.002   76.7  3.779  5.233   51.2   65.6
K  -59.4  -38.1  111.4 -177.5 -157.3    nan  1.073  101.9  3.732  5.064   62.4   80.7
I  -61.0  -30.3  111.5 -178.8 -162.2   75.9  1.069  104.9  3.814  5.481   72.8   88.9
Q  -75.9   -8.9  113.7 -179.6  -48.3    nan  1.057  100.3  3.767  5.310   65.3   81.9
L  -92.1  -19.2  110.8  180.0  -48.1    nan  1.013   81.3  3.787  5.509   69.0   85.7
L  -62.5  -43.3  115.4 -178.1  -65.8    nan  1.114   94.3  3.753  5.455   85.8  106.3
D  -55.6  -46.4  110.8 -179.3  -87.9    nan  1.046  100.3  3.789  5.459   79.2   89.7
N  -78.1   13.9  117.4 -179.4   45.6    nan  1.170  108.0  3.761  5.085   41.1   66.8
M -125.4    0.8  111.2  176.8   67.5    nan  1.113   54.9  3.832  5.587   55.2   72.1
L  -66.4  -27.1  112.9 -180.0  -62.2    nan  1.047  101.2  3.806  5.878  109.3  119.1
Q  -71.8  -31.2  110.3 -179.2  -36.5    nan  1.000   95.5  3.787  5.425   75.6   88.3
R  -87.6  -36.8  114.7 -177.1  -34.0    nan  1.047   77.5  3.808  5.160   52.0   71.9
I  -89.6  162.1  117.6 -176.7   68.0  -53.2  1.119   97.8  3.765  5.004   41.1   67.9
D -110.7  -30.1  110.8  178.2  -59.7    nan  1.039   61.8  3.828  5.475 -125.4 -130.3
Y -134.7  147.6  107.4  177.6  -71.8    nan  0.960  135.1  3.806  4.981    5.9   20.3
L -133.3  103.1  106.0  178.7  177.7    nan  0.983  110.5  3.772  5.623 -167.0 -167.4
L  -90.5  130.3  106.3  178.4  -65.3    nan  0.953  102.7  3.811  6.048 -160.3 -170.8
I -120.8  124.5  114.0 -179.7  -68.7  170.3  1.110  125.3  3.785  5.780 -177.6 -168.8
G -137.7 -158.7  110.3  179.9    nan    nan    nan  127.2  3.794    nan    nan  162.8
G   62.3 -155.8  110.9 -179.5    nan    nan    nan   72.9  3.786    nan    nan   83.8
A  -70.1  -28.8  110.8  179.1    nan    nan  1.034   98.0  3.795    nan    nan  -36.4
M  -48.1  -39.8  114.5  179.0  167.8    nan  1.049  108.3  3.828  5.491   94.2  107.7
A  -57.0  -47.5  116.0 -178.9    nan    nan  1.086   95.6  3.798  5.295   73.6   92.5
Y  -53.1  -41.7  115.3 -176.7  -47.5    nan  1.159  102.7  3.790  5.231   69.0   91.7
T  -60.0  -45.0  108.3  178.6  -63.1  178.0  1.042   99.3  3.775  5.500   73.9   84.7
F  -65.9  -45.5  113.0 -179.8  -77.9    nan  1.070   91.8  3.824  5.342   60.1   76.9
L  -60.6  -40.7  112.2  178.9  -66.5    nan  1.070   99.1  3.765  5.298   67.2   81.4
K  -67.6  -39.3  108.7 -179.6 -161.7    nan  1.020   96.2  3.825  5.407   67.6   79.3
A  -60.4  -29.2  110.5  178.9    nan    nan  1.038  106.4  3.790  5.352   73.9   85.8
Q  -82.1  -17.9  111.8  179.2  -67.1    nan  1.015   91.0  3.793  5.329   61.1   75.3
G  108.3   21.9  117.8  179.8    nan    nan    nan   62.8  3.763    nan    nan  -97.8
Y -101.6  161.9  111.0  178.8  -64.2    nan  1.021  107.5  3.792    nan    nan  103.5
S  -80.5  128.9  105.6  179.4  -62.9    nan  0.964   95.9  3.766  5.313  -93.2  -99.8
I -104.8  -10.5  112.8 -178.3 -101.0  134.0  1.073   71.4  3.763  5.800 -156.6 -156.8
G   58.1 -139.7  110.5 -179.1    nan    nan    nan   77.8  3.830    nan    nan -134.6
K  -91.9   22.1  111.5  178.0  -68.7    nan  1.023   96.1  3.817    nan    nan  -39.5
S  -74.1  156.0  112.9 -179.0  -52.0    nan  1.065   84.4  3.798  5.913  116.9  132.9
K  -58.6  131.3  110.4 -179.9 -166.7    nan  1.023   83.1  3.779  5.286  -74.9  -85.4
C -153.3  144.8  113.1 -179.0  166.1    nan  1.053  146.3  3.806  5.662  159.3  155.6
E  -97.8   81.2  105.9  177.1  -74.4    nan  1.001  104.3  3.775  5.698 -131.5 -137.4
E  -49.8  -29.7  112.9 -179.8  -61.8    nan  1.046  114.4  3.782  6.066 -142.6 -150.0
S  -86.9   13.9  112.0 -180.0   51.8    nan  1.028   98.2  3.807  5.268   53.9   71.6
K -125.3   -1.6  112.5 -178.3 -114.3    nan  1.034   54.1  3.807  5.387   56.4   75.5
L  -50.8  -45.1  115.0 -178.0  -60.0    nan  1.132  102.4  3.815  5.842  115.1  133.6
E  -69.3  -36.1  109.2  178.4  -72.6    nan  1.043   96.0  3.796  5.394   61.0   73.0
F  -61.5  -44.5  108.7  179.4 -170.1    nan  1.017   98.3  3.798  5.419   76.7   87.5
A  -59.8  -45.7  109.7  179.7    nan    nan  1.036   98.2  3.797  5.299   67.7   81.9
R  -60.6  -40.8  113.4 -179.5 -100.5    nan  1.076   98.3  3.819  5.317   65.5   81.7
S  -69.1  -38.3  109.8 -179.1 -168.9    nan  1.004   94.8  3.789  5.287   66.9   78.5
L  -65.6  -36.9  108.6 -179.6 -166.2    nan  1.002   99.0  3.735  5.179   67.7   82.5
L  -66.6  -34.7  109.7  178.2  -70.4    nan  1.050   98.6  3.770  5.342   62.7   81.6
K  -64.3  -51.8  108.8  178.8 -120.2    nan  0.989   92.3  3.818  5.471   76.1   86.0
K  -58.0  -40.7  110.6 -179.5  -47.4    nan  1.042  102.0  3.788  5.176   63.8   77.7
A  -54.3  -50.1  107.8 -179.9    nan    nan  1.018  100.6  3.775  5.349   80.3   90.9
E  -57.7  -51.7  109.6  179.3  -67.2    nan  0.997   96.3  3.792  5.313   69.1   78.2
D  -55.5  -39.4  113.2 -179.2  -66.0    nan  1.068  103.4  3.760  5.070   66.2   81.1
R  -88.3   13.1  113.1 -179.5  -49.7    nan  1.054   96.8  3.774  5.134   42.9   62.7
K   58.0   50.5  113.9 -179.7  -79.6    nan  1.084   94.1  3.834  5.562 -113.0 -114.0
V -117.7  120.4  107.1  179.9 -178.3  -55.7  0.982  117.4  3.796  5.914  112.6  112.5
Q  -84.9  101.2  107.5  178.6 -170.5    nan  0.997  106.0  3.755  5.868 -141.6 -147.6
V  -86.3  133.3  108.0  178.6  172.5  -64.5  0.980  100.4  3.816  6.094 -159.1 -168.4
I -127.6  132.5  107.3  179.7  -57.0 -178.8  1.015  125.9  3.783  5.762 -175.7 -175.9
L -116.3  168.1  108.4 -178.8  -75.5    nan  0.990  119.5  3.794  5.798 -156.8 -165.8
P  -54.8  139.9  112.5  179.9  -33.0    nan  0.982   76.2  3.780  5.059  -61.7  -65.1
I  -96.2  -33.9  107.3  179.4  -81.9  151.5  0.948   75.2  3.785  5.732 -131.7 -142.8
D -144.4  172.5  108.1  178.7   56.3    nan  1.059  146.1  3.787  4.792  -19.6    6.4
H -141.7  165.3  112.2 -178.0  -47.1    nan  1.007  144.9  3.797  5.469 -142.8 -144.5
V -113.9  122.3   98.4  176.1  177.7  -62.3  0.892  109.2  3.794  5.449 -125.0 -132.1
C -131.6  173.4  113.8 -176.9  -45.8    nan  1.007  134.0  3.796  5.839  174.6  174.9
H -162.8  161.6  108.6  176.8 -173.4    nan  1.028  159.4  3.717  5.226 -173.9 -170.0
T  -75.1  -17.6  111.6 -178.8   56.5  -62.1  1.030   97.9  3.784  5.327  -87.1  -92.1
E -149.9  155.3  110.2  179.9   55.1    nan  1.034  149.1  3.774  4.848   -1.3   18.0
F  -70.1   64.8  108.8 -179.6 -157.4    nan  0.977  114.8  3.804  5.372  -85.7  -96.8
K -143.4  144.0  106.4 -179.3  -74.0    nan  0.971  138.5  3.793  5.707   96.3  101.1
A  -71.2  146.4  109.3 -179.9    nan    nan  1.020   84.6  3.743  5.529 -103.2 -109.2
V -154.5  130.7  107.2  178.2   61.6 -176.5  1.022  133.2  3.787  5.638  171.9  168.1
D  -62.2  135.3  103.4  179.1  -51.4    nan  0.936   79.2  3.746  5.661  -98.3 -116.2
S   59.4   67.6  116.9  178.8  -48.6    nan  1.092   80.5  3.763  4.690   19.5    3.0
P  -84.3  178.7  109.3  178.8   32.1    nan  0.940   84.7  3.832  6.034  168.0  160.3
L  -72.2  125.3  112.8 -178.1  168.8    nan  1.047   97.1  3.839  5.396  -77.3  -67.3
I -115.4  114.5  108.3  177.2  134.9    5.6  1.123  115.9  3.782  5.892 -178.3 -174.2
T  -70.6  169.4  115.3 -178.4   67.7  -53.3  1.096   75.4  3.786  5.979 -122.0 -137.9
E -108.4  -33.1  108.3  179.2  -64.1    nan  0.975   64.7  3.786  5.314 -112.4 -117.9
D -101.7 -171.1  110.3 -178.9  -99.6    nan  0.969   98.6  3.779  5.067   37.5   53.5
Q  -86.5  -16.0  105.3  177.3  -74.0    nan  0.941   89.2  3.729  4.865  -77.2  -72.8
N  -75.8  139.5  112.1 -178.5  -63.8    nan  1.048   92.9  3.796  5.422   73.4   94.7
I -115.4  132.9  107.0 -179.9  -65.9  170.9  0.983  119.0  3.774  5.733 -151.0 -159.2
P  -55.3  139.2  110.7  179.4  -33.7    nan  0.930   76.1  3.859  5.564  -91.6 -106.4
E  -47.1  -36.9  116.6 -178.9  -14.8    nan  1.140  110.4  3.844  5.757  -92.5  -90.1
G  -86.7   -0.4  115.3 -179.0    nan    nan    nan   93.2  3.791    nan    nan   68.7
H -110.6  164.7  114.0 -177.5  -66.9    nan  1.040  116.1  3.789    nan    nan   78.4
M -131.6  130.5  105.1  177.3   45.3    nan  0.983  125.4  3.744  5.400 -147.8 -148.4
A  -74.7  128.7  108.1  179.5    nan    nan  1.018   93.9  3.799  5.805 -120.4 -126.5
L -114.1   -5.7  115.0 -178.9  -66.9    nan  1.121   63.6  3.789  5.817 -167.6 -164.7
D -165.1  163.0  107.1  178.5 -168.7    nan  0.999  161.2  3.820  5.081   -0.4   10.9
I  -77.2  146.6  106.1  178.4   53.6  -70.0  1.018   87.9  3.792  5.445  -93.3  -94.7
G  -82.0  173.7  112.7 -179.2    nan    nan    nan   84.5  3.794    nan    nan -113.6
P  -54.9  -41.7  115.3  179.9   25.1    nan  1.029  101.3  3.843    nan    nan  -58.9
K  -67.2  -34.8  109.6 -179.9  -75.8    nan  1.057   98.2  3.803  5.325   56.4   79.6
T  -68.0  -44.5  109.6  179.1  -51.6 -170.6  1.032   92.8  3.786  5.430   68.9   83.0
I  -57.8  -38.6  110.7  179.5  -73.2  163.4  1.051  103.3  3.818  5.335   70.2   84.0
E  -64.4  -51.6  110.8  179.6  -73.6    nan  1.039   91.0  3.769  5.335   69.4   83.6
K  -60.2  -50.0  111.2 -179.6 -178.9    nan  1.071   94.6  3.809  5.246   60.7   76.5
Y  -60.0  -46.5  111.3  179.5  -73.5    nan  1.039   96.6  3.833  5.343   67.3   77.5
V  -62.4  -41.4  110.1  179.3  171.6  -68.4  1.063   98.4  3.776  5.241   63.3   78.2
Q  -61.2  -51.4  111.2  178.7  177.0    nan  1.029   93.0  3.799  5.308   70.4   83.0
T  -63.5  -37.0  113.5  178.2  133.3    9.5  1.184   98.1  3.798  5.283   46.1   72.8
I  -60.5  -30.9  107.1  177.7  -73.0  164.1  0.982  106.9  3.848  5.726   87.1   86.9
G  -70.2  -23.4  111.7  177.4    nan    nan    nan  100.0  3.775    nan    nan   83.5
K  -82.7   -2.2  113.0  178.9  -58.0    nan  1.045   96.4  3.797    nan    nan   80.9
C -106.9  168.8  117.6 -177.2  -52.4    nan  1.115  111.8  3.814  5.369   55.8   82.1
K -115.9  -11.0  110.7  178.5  -83.8    nan  1.071   60.7  3.771  5.355 -128.2 -126.0
S -140.8  140.1  108.1  177.0  -67.5    nan  1.005  136.1  3.821  5.232   13.9   31.1
A -142.2  125.8  110.1  179.1    nan    nan  1.026  129.3  3.805  5.658  179.0  175.7
I -121.1  117.7  106.3  178.7  -60.7  177.1  0.989  116.9  3.766  5.796 -172.5 -179.6
W -118.4  131.8  116.4 -178.0  177.3    nan  1.079  127.5  3.813  5.893 -178.9 -179.3
N -144.6  116.9  110.7  176.0  172.1    nan  1.045  123.4  3.776  5.687  167.6  159.4
G  107.2  122.9  114.6  177.6    nan    nan    nan   80.0  3.777    nan    nan   26.4
P  -58.1  148.7  110.0  179.3  -32.8    nan  0.925   72.5  3.842    nan    nan -121.4
M  -76.0  -14.7  111.6 -179.5  -67.4    nan  1.058   98.3  3.781  5.704 -113.4 -107.2
G -160.4 -170.2  109.1  179.8    nan    nan    nan  155.4  3.760    nan    nan    8.8
V  -80.1   70.4  107.1  179.4 -176.6  -55.5  1.029  109.4  3.786    nan    nan  -64.3
F  -54.1  -19.9  115.7 -177.7   81.2    nan  1.120  115.6  3.811  6.202 -163.9 -162.3
E  -63.3  -22.4  110.2  178.9  -65.2    nan  1.032  107.4  3.798  5.662   91.9  101.9
M -107.7  125.8  107.3  178.9  -65.3    nan  1.002  114.1  3.814  5.257   37.3   55.8
V  -43.8  -52.9  114.9 -179.0  169.0  -70.3  1.122  101.7  3.776  5.706  -92.8 -101.3
P  -60.0  -20.4  116.7 -179.7   24.6    nan  1.045  109.4  3.833  5.243   64.8   78.3
Y -112.2   22.2  112.3 -178.6  -45.6    nan  1.041   77.5  3.784  5.138   30.7   57.6
S -103.1  -14.6  116.9 -178.2   63.3    nan  1.092   70.7  3.802  5.666   85.6  107.1
K  -51.3  -48.1  115.4 -178.6  -70.1    nan  1.092   99.7  3.814  5.716  107.2  121.2
G  -58.5  -47.2  113.8 -179.2    nan    nan    nan   95.9  3.775    nan    nan   83.6
T  -61.3  -47.2  112.4 -179.2  -65.3  173.5  1.037   94.7  3.793    nan    nan   80.8
F  -70.6  -28.6  111.8 -179.2  -73.8    nan  1.094   97.1  3.737  5.083   49.7   71.8
A  -65.2  -45.9  110.4  179.3    nan    nan  1.045   93.7  3.795  5.574   78.5   92.2
I  -63.6  -43.2  108.9  179.4  -61.0  177.0  1.019   97.2  3.794  5.274   64.4   76.9
A  -59.1  -49.4  109.0 -179.7    nan    nan  1.024   97.0  3.784  5.338   70.6   84.1
K  -58.1  -44.9  112.0 -179.5  174.8    nan  1.056   98.6  3.797  5.213   65.0   80.2
A  -64.0  -39.9  111.9 -179.5    nan    nan  1.047   96.9  3.813  5.257   64.6   79.4
M  -70.2  -43.6  113.1  179.8  -72.7    nan  1.071   89.5  3.802  5.259   60.1   78.0
G  -69.3  -42.4  111.9  179.0    nan    nan    nan   91.4  3.794    nan    nan   75.3
R  -60.0  -44.3  107.9  179.8 -171.9    nan  0.982   99.9  3.818    nan    nan   83.9
G  -58.2  -45.5  112.9  179.4    nan    nan    nan   97.7  3.789    nan    nan   83.8
T  -70.2  -47.9  108.2 -179.9  -57.8 -178.3  0.982   90.5  3.769    nan    nan   72.3
H  -58.5  -36.6  116.5 -178.5  175.1    nan  1.106  101.1  3.749  5.080   64.0   82.8
E -103.3  -22.6  115.2 -178.7  -57.0    nan  1.102   68.2  3.778  5.007   28.4   53.0
H -134.6   12.5  118.9 -177.8  -47.0    nan  1.134   52.4  3.810  4.942    9.1   35.0
G   72.3   12.5  114.5  179.7    nan    nan    nan  102.1  3.790    nan    nan -103.0
L  -51.5  128.9  104.6  178.4  174.9    nan  0.915   76.3  3.810    nan    nan  140.7
M  -86.5  106.7  108.1  179.1 -161.0    nan  1.036  106.2  3.719  5.772 -143.7 -138.0
S -106.7  134.2  114.9 -178.3   54.4    nan  1.079  119.3  3.801  5.961 -176.4 -179.9
I -132.5  123.8  109.7  178.7  -62.4  174.8  1.028  125.6  3.805  5.766 -174.5  175.6
I -115.7  140.9  107.3  179.9  -72.3  165.5  0.981  120.3  3.817  5.907 -166.1 -175.3
G -139.7  156.8  111.8  179.6    nan    nan    nan  142.7  3.772    nan    nan -178.9
G  105.9  148.4  114.7  178.3    nan    nan    nan   91.3  3.771    nan    nan   69.0
G  -59.4  -54.6  113.9 -179.6    nan    nan    nan   90.6  3.774    nan    nan  -93.8
D  -68.6  -35.8  112.7 -178.8  -58.8    nan  1.058   95.0  3.785    nan    nan   67.9
S  -63.7  -48.4  109.0  179.1  -74.4    nan  1.026   94.3  3.760  5.389   73.3   86.6
A  -58.5  -40.9  109.7  179.6    nan    nan  1.044  101.9  3.812  5.304   66.7   79.5
S  -62.4  -39.6  110.5  179.2  -48.6    nan  1.023   99.1  3.830  5.447   73.1   83.0
A  -64.1  -49.7  106.9  179.7    nan    nan  0.988   94.7  3.805  5.297   72.5   82.1
A  -52.7  -43.4  110.9  179.6    nan    nan  1.032  104.2  3.778  5.165   70.4   83.3
E  -75.4  -30.0  113.7 -179.0  -69.9    nan  1.086   91.3  3.793  5.182   50.1   70.9
L  -69.7  -35.7  108.1  179.1 -123.1    nan  1.008   96.4  3.806  5.471   74.8   86.2
S  -79.9  -27.5  112.0  178.7   57.4    nan  1.035   89.1  3.819  5.293   52.8   70.9
G   96.1   -1.2  110.5 -179.6    nan    nan    nan   84.3  3.817    nan    nan -115.4
E  -79.9   -9.0  113.4 -179.4  -65.2    nan  1.068   96.4  3.757    nan    nan  105.2
A  -60.3  -44.2  112.5 -179.2    nan    nan  1.076   97.1  3.786  5.743  101.8  116.7
K  -64.0  -28.6  112.0 -179.1   51.2    nan  1.049  102.9  3.793  5.264   66.1   80.7
R  -83.9   -6.4  115.2 -179.3  -45.8    nan  1.087   93.4  3.796  5.328   55.0   76.9
M  -78.8  163.2  108.7 -179.6  -55.4    nan  0.979   84.5  3.826  5.733   92.3  100.5
S  -75.5  -28.0  106.8  177.4  -54.0    nan  0.972   95.1  3.775  5.354  -89.0  -93.0
H -171.3  124.6  113.9 -178.1  180.0    nan  1.017  127.7  3.784  4.578  -28.2  -15.4
V -111.9  110.5  101.6  176.6    1.3  126.9  1.057  107.8  3.781  5.931 -176.7 -174.5
S  -83.3  158.5  109.9 -178.0 -171.2    nan  0.973   90.9  3.761  5.932 -133.2 -153.6
T  -93.4    4.6  107.7  178.3   47.6  -72.8  1.001   88.0  3.758  5.494 -116.2 -116.2
G  -98.5  146.5  111.2  178.2    nan    nan    nan  108.7  3.778    nan    nan   91.6
G  -96.9 -112.0  107.8  177.2    nan    nan    nan   76.3  3.815    nan    nan -133.3
G  -58.2  -13.2  112.2  177.2    nan    nan    nan  116.1  3.822    nan    nan   19.2
A  -52.3  -69.2  107.1  178.0    nan    nan  0.971   90.0  3.827    nan    nan  116.5
S  -47.1  -23.3  109.8 -179.6  -41.4    nan  1.028  121.8  3.792  5.070   61.2   71.3
L  -74.3  -59.2  106.7  177.6  -65.5    nan  1.028   84.3  3.791  5.523   71.9   86.0
E  -55.4  -29.8  111.1 -179.9 -179.5    nan  1.057  110.2  3.804  5.263   60.5   72.7
L  -54.9  -51.3  110.9  179.3 -131.1    nan  1.039   97.5  3.786  5.532   89.8  100.5
L  -49.9  -22.1  113.1 -178.6  -83.3    nan  1.098  119.0  3.875  5.332   71.6   87.4
E  -61.4  -13.1  107.7  176.9  178.4    nan  0.965  114.0  3.787  5.618   94.3   99.2
G   79.0    3.5  116.9  178.7    nan    nan    nan   99.4  3.811    nan    nan -120.9
K  -75.4  160.5  110.4  179.8   27.8    nan  1.030   82.8  3.828    nan    nan  112.8
T  -89.8  138.8  108.3  178.4   58.8  -61.1  1.019  101.8  3.788  5.480 -108.9 -108.8
L  -72.3  123.4  113.7 -177.5  -53.4    nan  1.055   98.7  3.839  5.727 -107.3 -112.9
P  -58.6  -39.5  113.6  180.0   28.7    nan  1.002  100.6  3.844  5.695 -106.6 -119.7
G  -64.9  -33.2  111.0  178.2    nan    nan    nan  100.2  3.832    nan    nan   81.8
V  -76.3  -51.3  106.1  177.6  177.1  -60.6  0.972   86.5  3.794    nan    nan   74.9
T  -51.1  -47.0  113.5 -179.8  -50.8 -170.3  1.069  101.6  3.792  5.213   71.4   84.1
V  -57.8  -19.9  114.2 -178.7   71.1 -166.4  1.091  112.5  3.812  5.315   70.3   85.1
L  -71.1  149.4  113.1 -179.0  -48.4    nan  1.083   84.9  3.828  5.580   79.9   97.0
D  -65.5  105.9  109.0  179.6  -53.3    nan  0.998   99.9  3.806  5.484  -85.6  -99.4
D  -77.8   86.2  114.3 -179.1   62.2    nan  1.110  114.6  3.809  6.052 -153.5 -152.4
K -122.4    nan  110.2 -179.7  -68.8    nan  1.047    nan  3.772  5.918  146.0  142.5
