Id   phi    psi    tau  omega    chi    chi2  solid    eta  CA-CA  CB-CB  BA^AB  NA^AC
E    nan  156.0  106.0    nan  -50.5    nan  0.972    nan    nan    nan    nan    nan
K -111.4  155.3  109.2  179.2  -72.8    nan  1.024  117.4  3.833  5.656 -137.4 -134.3
K  -65.5  131.7  112.4 -179.3 -174.7    nan  1.076   89.0  3.834  5.534  -87.4  -89.7
S  -95.6  163.6  112.5 -179.5  163.4    nan  1.029  101.6  3.806  5.765 -136.3 -146.6
I  -55.4  -33.6  105.3  177.0    1.0 -126.7  0.926  110.6  3.815  5.289  -57.6  -74.8
N  -51.8  -34.4  114.5 -179.9  -81.8    nan  1.085  109.1  3.786  5.293   85.9   99.9
E  -87.0    0.4  113.5 -179.7  -76.5    nan  1.066   93.2  3.822  5.269   49.0   68.3
C  -97.2  151.2  114.1 -179.6  -55.1    nan  1.075  107.7  3.812  5.548   70.7   90.7
D  -93.0  115.8  101.5  177.6  171.2    nan  0.946  101.7  3.783  5.588 -115.6 -127.0
L -109.6  -20.0  115.2 -177.3  -53.0    nan  1.086   63.1  3.763  5.891 -175.2 -169.2
K  -49.2  124.4  111.6 -179.0 -171.5    nan  1.045   82.0  3.794  5.688  104.2  116.7
G   59.5   18.2  116.3  179.5    nan    nan    nan  111.3  3.780    nan    nan  -10.9
K -108.5  147.2  113.7  179.7  -62.2    nan  1.065  118.3  3.824    nan    nan   95.3
K  -86.3  112.1  105.7  177.2  -73.0    nan  0.987  103.1  3.804  5.608 -114.2 -124.0
V  -96.6  126.2  111.8 -179.4 -168.3  -44.5  1.039  111.4  3.798  6.021 -160.8 -164.7
L  -89.1  116.8  103.3  177.1 -100.6    nan  0.916  101.4  3.768  5.749 -131.9 -151.6
I -120.8  125.5  109.4  179.3  -43.5 -165.8  1.036  122.0  3.781  5.915  170.4  176.7
R  -97.9  111.8  103.0  178.3 -147.2    nan  0.952  105.0  3.774  5.839 -145.9 -157.6
V -111.8  168.0  109.2 -178.5  -65.6   54.6  0.974  115.2  3.789  5.964 -173.7 -179.8
D -109.1   94.0  107.1  177.6 -171.9    nan  0.995  107.5  3.785  5.427 -124.4 -119.5
F -105.2   25.1  109.5 -179.7  -75.7    nan  1.041   84.3  3.785  6.005  167.9  168.5
N  -78.9   71.4  109.5  179.8 -174.5    nan  1.037  111.8  3.789  6.011  116.7  129.6
V  -85.2  153.4  110.5 -178.7  -67.4   56.5  1.010   94.7  3.770  6.097  170.7  166.6
P  -67.2  128.2  108.0  179.7  -31.9    nan  0.899   89.1  3.812  5.234  -82.9  -96.5
V -125.8  149.7  108.6  179.6  -67.9   55.3  1.034  129.4  3.780  5.906  171.8 -178.5
K -143.6  121.5  107.5  177.7  177.2    nan  1.003  124.9  3.797  5.620 -171.3 -176.9
N   56.9   43.1  109.3 -178.8  -68.8    nan  1.040  102.1  3.802  4.940   11.4  -11.8
G   70.8   12.9  117.1  179.3    nan    nan    nan  103.0  3.771    nan    nan  -75.8
K -122.7  139.0  110.5 -179.1  -42.8    nan  1.020  127.0  3.775    nan    nan   76.1
I  -67.3  131.8  107.1  178.8  -54.3 -177.5  0.984   86.9  3.748  5.587 -100.5 -113.3
T -102.9  -13.7  110.5  179.1   61.3  -61.0  1.079   72.6  3.815  5.909 -155.2 -151.5
N -158.4  123.8  106.4  178.5 -179.9    nan  0.991  127.1  3.781  4.968   -1.5   10.6
D -110.3   27.5  113.3 -179.0   59.5    nan  1.111   82.1  3.768  5.873 -170.1 -165.1
Y  -53.4  -40.7  112.2  178.8  177.8    nan  1.034  104.7  3.789  6.116  154.1  154.6
R  -65.5  -31.0  112.0 -178.5  -76.2    nan  1.096  100.4  3.799  5.283   62.9   83.1
I  -76.4  -49.1  109.4  179.0  -63.2  175.9  1.018   84.9  3.780  5.462   66.3   78.8
R  -56.2  -38.0  108.8  179.0  -79.9    nan  1.006  105.9  3.801  5.277   71.2   80.5
S  -65.3  -25.4  113.2 -178.7  -65.1    nan  1.088  102.9  3.812  5.312   65.2   84.9
A  -86.5  -11.7  112.6  179.3    nan    nan  1.049   89.0  3.792  5.357   57.7   75.7
L  -52.2  -45.8  117.6 -177.9  -62.9    nan  1.172   99.5  3.827  5.741  102.1  123.8
P  -51.1  -52.9  115.2  179.8  -37.3    nan  1.010   96.6  3.876  5.381   84.6   92.2
T  -59.3  -44.7  110.4  178.4  -73.3  165.4  1.039   98.7  3.802  5.204   56.2   75.6
L  -64.1  -36.5  109.4  179.3  -60.7    nan  1.034  100.0  3.812  5.365   65.5   77.9
K  -63.5  -42.7  107.9 -178.9 -174.6    nan  0.996   98.2  3.804  5.440   77.1   86.6
K  -56.1  -58.8  111.8  179.7 -143.9    nan  1.054   91.5  3.777  5.254   73.7   87.1
V  -58.2  -41.5  112.9  180.0   28.0  151.0  1.128  100.1  3.795  5.219   53.1   72.3
L  -64.0  -42.1  110.7  179.6  -67.2    nan  1.050   96.4  3.820  5.475   71.2   82.0
T  -64.8  -36.9  111.0  178.5  -82.4  154.8  1.031   98.3  3.797  5.253   65.4   79.1
E  -77.6   -6.1  113.7  179.8  -65.0    nan  1.043   99.9  3.808  5.276   55.4   73.7
G   93.9   16.8  116.9 -179.5    nan    nan    nan   78.7  3.779    nan    nan -100.1
G  -99.2 -169.3  112.2  178.1    nan    nan    nan   95.0  3.784    nan    nan  101.7
S -134.5  153.9  104.0  178.8   57.6    nan  0.980  134.8  3.806    nan    nan -117.8
C -116.4  133.4  115.8 -177.6  -49.5    nan  1.061  126.0  3.773  5.623 -141.3 -136.7
V -124.8  102.6  100.7  174.9   28.1  152.2  0.984  105.8  3.776  5.766 -172.9  178.3
L  -91.0  140.8  113.7 -177.0  -39.1    nan  1.047  105.5  3.786  6.050 -160.4 -165.6
M -125.7  136.4  106.6  178.4  -55.8    nan  0.986  125.6  3.766  5.708 -161.6 -170.1
S -161.5  175.8  110.9  178.4 -167.5    nan  1.050  162.5  3.794  5.586  154.4  150.5
H -131.4  158.6  105.6  179.7   71.0    nan  0.970  133.5  3.812  5.426 -132.8 -132.4
L -137.1  129.0  103.0  178.7 -175.6    nan  0.949  125.5  3.743  5.546 -158.1 -158.9
G   67.8 -147.5  113.8  179.7    nan    nan    nan   83.2  3.768    nan    nan    5.6
R -140.4   71.9  106.5  179.0  -74.3    nan  0.977   86.2  3.792    nan    nan  -96.2
P  -70.1  153.0  109.0  180.0   32.4    nan  0.937   80.5  3.800  6.024 -176.0 -178.2
K  -55.4  -38.3  113.0 -179.4  -94.2    nan  1.091  104.2  3.804  5.618  -85.5  -83.1
G   81.6  160.5  108.2 -178.9    nan    nan    nan   76.1  3.772    nan    nan -137.6
I -142.8  152.7  104.5 -179.3 -152.7   87.4  0.950  141.0  3.793    nan    nan -161.9
P  -71.7  141.2  110.2  179.9  -29.9    nan  0.943   87.8  3.806  5.445  -94.4  -98.0
M  -49.8  -41.3  111.3  179.9  -88.2    nan  1.018  107.6  3.818  5.629  -85.1  -92.8
A  -54.6  -49.1  110.0  179.8    nan    nan  1.034   99.6  3.798  5.327   78.4   90.5
Q  -65.6  -17.7  115.0 -178.1  -59.3    nan  1.116  106.1  3.810  5.166   54.6   75.7
A  -65.8  -48.3  112.8 -179.2    nan    nan  1.050   90.6  3.778  5.595   89.8  103.3
G  -42.4  -46.8  112.4 -179.1    nan    nan    nan  108.5  3.823    nan    nan   97.2
K  -60.7  -49.0  110.9  179.5  -64.4    nan  1.025   95.0  3.768    nan    nan   79.9
I  -56.4  -49.1  110.5 -179.0  -48.6 -172.5  1.000   98.2  3.783  5.251   73.1   82.8
R  -60.1  -29.1  111.7 -178.5  -57.7    nan  1.067  106.2  3.783  5.124   63.6   79.7
S  -67.1  -38.8  107.6  177.7  -53.0    nan  0.989   97.4  3.802  5.474   77.6   87.8
T  -68.4  -30.9  107.9  176.9  -56.8 -179.8  0.961   99.7  3.807  5.276   64.1   76.0
G  103.3    6.7  110.8 -179.2    nan    nan    nan   74.4  3.822    nan    nan -111.6
G  -86.7  179.9  112.3  180.0    nan    nan    nan   86.7  3.793    nan    nan  105.7
V -109.1  116.4  110.8  179.3  178.5  -58.9  1.045  116.5  3.793    nan    nan -103.0
P  -49.5  117.5  114.8 -179.9  -33.8    nan  1.001   89.0  3.839  5.622 -100.6 -119.1
G   72.5    6.8  116.4  179.3    nan    nan    nan  104.4  3.809    nan    nan   -7.5
F  -50.8  131.6  115.3 -178.9 -176.2    nan  1.106   80.1  3.839    nan    nan  140.2
Q -141.1  103.1  104.6  179.1  -81.7    nan  0.985  109.4  3.794  5.716  177.4  162.6
Q  -35.2  -41.6  115.7 -179.1 -167.5    nan  1.074  116.4  3.806  5.872 -103.3 -115.0
K  -72.9  -13.2  114.3 -177.5    3.2    nan  1.105  101.4  3.813  5.262   55.7   77.5
A -117.8   19.7  115.0 -178.4    nan    nan  1.108   71.7  3.771  5.170   35.9   59.1
T  -71.0  146.2  109.0  178.7  -29.2 -150.6  0.959   84.3  3.828  6.064  131.6  130.2
L  -93.5    1.1  109.6  179.0  -84.1    nan  1.047   86.9  3.771  5.560 -131.0 -128.4
K  -52.5  -52.3  113.8 -179.2 -167.0    nan  1.087   96.8  3.781  5.867  118.3  133.1
P  -58.4  -30.6  110.7  179.7   24.9    nan  0.982  107.3  3.802  5.227   66.4   77.9
V  -67.2  -38.5  110.2  178.5  171.4  -68.0  1.053   96.0  3.802  5.446   63.4   87.4
A  -60.8  -43.5  108.1 -179.8    nan    nan  1.002   99.7  3.813  5.448   76.2   86.8
K  -63.9  -47.0  111.4 -179.4 -142.1    nan  1.032   93.5  3.782  5.192   64.6   79.9
R  -61.9  -52.1  110.0  180.0 -175.7    nan  1.021   93.0  3.768  5.244   64.7   78.7
L  -51.5  -44.0  109.6 -179.3 -176.5    nan  1.047  105.4  3.782  5.220   70.7   83.8
S  -58.0  -39.5  111.0  179.5  173.5    nan  1.025  102.4  3.771  5.333   72.9   84.5
E  -69.3  -40.1  112.4 -177.9  -59.3    nan  1.088   92.3  3.794  5.241   58.8   80.7
L  -70.0  -45.7  112.2 -179.9  -62.5    nan  1.041   89.1  3.822  5.405   63.6   78.1
L  -70.3  -19.1  113.3 -179.2 -113.2    nan  1.046  101.3  3.814  5.107   57.7   73.1
L   65.3   31.9  112.3  178.8  -59.5    nan  1.056   99.9  3.796  5.424 -141.8 -137.5
R -154.6  158.2  107.9  179.1   78.2    nan  1.001  152.6  3.809  5.391   47.5   57.2
P  -61.0  154.2  111.4 -179.7  -25.0    nan  0.935   72.7  3.804  5.261  -72.2  -81.9
V -137.4  114.3   98.8  177.4  162.0  -77.8  0.883  113.4  3.740  5.651 -164.0 -168.2
T  -90.4  126.1  108.1 -179.6  124.1    2.7  1.125  104.8  3.743  5.965 -167.0 -154.4
F  -92.1  114.9  112.9 -177.6 -175.6    nan  1.060  111.6  3.798  5.875 -131.4 -147.7
A  -90.8  108.0  106.2  178.1    nan    nan  0.990  105.6  3.798  5.945 -149.9 -162.6
P  -57.0   -8.3  118.7 -179.6   27.1    nan  1.083  118.7  3.838  5.861 -125.2 -130.9
D -149.5  114.2  107.5 -179.5 -171.7    nan  0.979  119.5  3.830  5.054    9.1   27.0
C  -64.5  -24.8  115.4 -178.3   71.0    nan  1.129  103.2  3.788  5.980 -131.6 -130.3
L  -96.6   15.0  112.5  179.4  -69.4    nan  1.086   89.2  3.783  5.335   47.5   67.3
N -147.7   48.8  109.8  178.7 -168.5    nan  1.017   65.1  3.783  5.230   38.0   50.1
A -119.6   13.9  113.6 -178.0    nan    nan  1.065   66.7  3.770  5.724   99.3  114.3
A  -49.1  -49.0  110.5  179.7    nan    nan  1.040  103.3  3.774  5.951  139.0  146.6
D  -50.7  -55.0  112.8 -179.7   56.9    nan  1.086   96.8  3.799  5.287   72.1   87.7
V  -64.2  -43.4  111.7 -178.6  177.2  -61.0  1.024   95.0  3.795  5.175   59.5   71.1
V  -62.7  -47.2  111.3 -179.2  175.1  -64.1  1.064   94.3  3.748  5.201   65.7   82.3
S  -55.2  -38.2  112.6 -179.4   76.1    nan  1.079  104.7  3.794  5.344   71.6   85.8
K  -76.2   -2.2  114.3 -179.3  -59.2    nan  1.090  102.9  3.828  5.302   56.0   75.3
M  -69.1  152.2  114.0 -179.3  -71.1    nan  1.056   82.0  3.797  5.776  101.6  115.2
S -139.6  162.5  104.5 -179.1  -46.6    nan  0.926  140.9  3.792  5.538 -158.8 -171.1
P  -51.6  137.1  110.5  179.8  -35.4    nan  0.955   74.4  3.817  5.162  -64.8  -68.4
G   98.5  -14.4  111.3 -179.5    nan    nan    nan   86.9  3.761    nan    nan   41.7
D  -80.7  149.3  112.6 -179.8  -76.7    nan  1.044   93.1  3.765    nan    nan   92.1
V -134.1  128.0  106.3  176.9 -175.5  -54.7  1.001  126.0  3.780  5.642 -163.7 -169.6
V -127.5  135.3  107.2  178.8  156.9  -82.5  0.994  126.7  3.781  5.804 -175.2  176.7
L -116.7  125.1  105.6  178.0  173.7    nan  0.987  117.1  3.799  5.841 -160.8 -163.9
L  -86.0  153.4  107.8 -179.3  -55.1    nan  0.978   94.3  3.795  5.879 -132.6 -142.4
E  -59.9  163.6  110.9  178.3  178.0    nan  1.045   66.8  3.746  5.325  -84.3  -88.7
N  -41.5  115.6  110.5 -179.7 -164.8    nan  1.002   83.4  3.820  5.086  -47.4  -59.5
V  -66.3  -22.6  112.1 -179.9  -66.8   56.6  1.068  103.8  3.810  5.973 -127.9 -134.2
R  -78.2    4.7  112.9  178.9  -79.3    nan  1.084  103.6  3.755  5.409   67.5   86.0
F  -71.6  -11.6  106.5  177.4  -86.1    nan  1.006  104.7  3.807  5.925  105.5  114.5
Y -114.4  128.6  108.5  179.4  -71.9    nan  1.000  119.0  3.848  5.353   41.6   58.8
K  -62.6  -28.9  114.0 -179.3  -67.2    nan  1.070  103.2  3.781  5.743 -108.7 -116.0
E  -65.3  -25.5  114.0 -177.7   14.3    nan  1.128  102.6  3.785  5.470   75.2   95.7
E  -51.0  -49.4  108.9  179.9 -148.8    nan  1.021  102.6  3.777  5.682  103.0  108.7
G -104.0   12.1  116.4 -178.7    nan    nan    nan   81.6  3.786    nan    nan   39.0
S  -55.9  147.9  111.0  179.8  176.4    nan  1.045   71.5  3.790    nan    nan  138.6
K  -84.0  -18.7  106.4  179.7  -38.1    nan  0.965   90.5  3.787  5.533 -107.0 -119.8
K  -83.1  103.6  109.5  179.5  -60.5    nan  1.011  107.1  3.804  5.403   65.2   83.3
A  -48.2  -36.5  111.5 -179.4    nan    nan  1.064  111.9  3.788  5.902 -118.1 -129.4
K  -56.1  -47.5  109.5  178.8   52.3    nan  1.015  100.0  3.784  5.453   81.8   92.6
D  -63.1  -46.3  111.9  179.8  -71.5    nan  1.028   94.1  3.825  5.248   62.8   76.6
R  -58.7  -47.3  110.0 -179.9  -63.5    nan  1.039   97.8  3.794  5.248   69.2   82.5
E  -63.0  -33.7  113.1 -179.1  -65.8    nan  1.084  100.5  3.793  5.206   60.1   78.4
A  -57.9  -53.4  108.9  179.8    nan    nan  1.007   95.6  3.793  5.494   84.3   94.4
M  -64.3  -50.2  110.2  179.3 -176.4    nan  1.019   92.3  3.776  5.074   55.0   69.2
A  -53.9  -33.0  112.0 -179.6    nan    nan  1.059  109.3  3.819  5.231   68.1   83.6
K  -59.1  -41.7  111.9  179.3  -81.8    nan  1.058   99.8  3.816  5.505   79.9   94.1
I  -70.7  -49.8  111.1  179.7  -48.7 -171.3  1.034   87.4  3.797  5.293   61.1   75.3
L  -58.8  -44.9  109.7 -179.5  -89.4    nan  1.039   99.4  3.816  5.274   66.3   79.2
A  -56.7  -25.8  111.5 -179.9    nan    nan  1.059  111.1  3.782  5.290   71.4   85.4
S  -71.7  -14.4  111.7  179.0   85.6    nan  1.051  102.5  3.813  5.532   73.1   88.6
Y  -73.4  -31.1  116.4 -179.5  -69.0    nan  1.105   91.4  3.771  5.517   80.5  100.1
G -140.4  179.8  118.2 -178.9    nan    nan    nan  140.5  3.781    nan    nan   20.7
D  -95.1  -63.5  110.9 -179.7  -44.8    nan  1.021   69.0  3.756    nan    nan  -89.8
V  -97.7  151.0  111.4 -178.6   27.3  149.7  1.093  107.0  3.819  4.836    4.6   31.0
Y -128.9  125.6  110.8 -179.0  167.8    nan  1.021  126.2  3.813  5.701 -150.6 -158.2
I -128.4  137.7  104.9  176.6   94.2  -27.1  1.059  126.5  3.747  5.814  172.0  171.0
S -108.1  135.7  107.0  179.7  179.2    nan  0.987  114.6  3.801  5.848 -141.2 -151.4
D -131.1    1.9  108.5 -179.8 -135.3    nan  1.012   49.5  3.766  5.704 -174.3 -177.0
A  -84.9   54.4  113.6 -179.0    nan    nan  1.084  112.1  3.792  5.643   80.6  103.7
F  -62.1  134.2   97.0  176.2  162.0    nan  0.854   75.6  3.778  6.160 -175.7  165.4
G  118.1  -14.6  107.1 -178.1    nan    nan    nan   67.0  3.723    nan    nan   63.5
T -129.9  -10.7  101.9  175.1  -47.3 -166.9  0.950   48.8  3.755    nan    nan   36.5
A  -58.9  -23.7  114.1 -179.9    nan    nan  1.070  109.4  3.815  5.661   95.8  114.5
H  -74.1  -19.7  111.7 -179.9   58.5    nan  1.009   97.9  3.817  5.493   76.1   89.4
R -105.5  125.6  112.0 -178.6  -58.7    nan  1.019  116.7  3.791  5.222   44.4   63.2
D  -73.9  135.9  101.4  176.5 -166.8    nan  0.899   86.2  3.756  5.676 -118.1 -137.9
S -165.4  176.6  109.8 -179.8   71.1    nan  1.017  166.2  3.832  5.619  147.9  148.5
A  -56.0  -66.1  112.3 -179.4    nan    nan  1.085   86.6  3.780  5.065  -57.9  -56.0
T  -66.9  -29.9  114.4 -179.1   57.7  -63.0  1.102   98.6  3.836  5.139   41.2   58.9
M  -79.6  -50.0  115.8 -178.9  -64.8    nan  1.106   77.7  3.803  5.377   61.4   81.0
T -112.2  -34.0  116.1 -178.0   46.9  -73.1  1.089   57.3  3.788  4.813    9.4   32.4
G  -60.1  -59.9  114.4  179.3    nan    nan    nan   86.5  3.805    nan    nan   93.7
I  -47.8  -54.4  115.8 -178.2  -60.4  178.9  1.185   97.4  3.827    nan    nan   83.8
P  -60.3  -39.3  111.5  179.9   28.1    nan  0.957  100.5  3.817  5.283   71.3   75.1
K  -56.8  -53.6  109.4  178.8  179.2    nan  0.997   95.8  3.811  5.254   70.6   89.0
I  -68.6  -31.9  110.8  178.6  -72.4  164.8  1.031   97.7  3.795  5.107   48.5   64.8
L  -78.2  -24.9  114.8 -177.3 -138.9    nan  1.064   90.7  3.814  5.292   60.9   80.7
G   77.8    6.2  110.4 -178.0    nan    nan    nan  100.0  3.771    nan    nan -128.5
N -147.7  152.6  113.5  179.0   85.2    nan  1.132  148.1  3.840    nan    nan   42.2
G  176.0  131.0  109.9  179.1    nan    nan    nan  129.6  3.789    nan    nan  141.3
A -136.4  153.7  111.9  179.1    nan    nan  1.057  139.8  3.816    nan    nan  171.7
A  -75.9  129.4  112.5 -179.8    nan    nan  1.061   97.6  3.813  5.486  -98.2 -102.5
G  -77.7  171.6  105.9  177.8    nan    nan    nan   80.1  3.769    nan    nan -135.2
Y  -54.5  -40.5  117.5 -179.5  -60.8    nan  1.102  101.4  3.785    nan    nan  -59.0
L  -69.3  -46.4  108.9 -179.3  173.3    nan  1.032   91.4  3.818  5.356   64.8   79.4
M  -52.0  -48.4  107.1  179.1  174.6    nan  0.979  103.6  3.782  5.338   79.5   86.4
E  -58.4  -61.8  110.1  178.6 -107.9    nan  1.014   89.4  3.797  5.223   66.4   78.5
K  -43.7  -43.8  111.2 -179.5 -158.6    nan  1.032  110.4  3.803  5.101   71.7   82.5
E  -72.9  -56.4  112.4 -179.2  -66.7    nan  1.041   82.0  3.826  5.186   54.9   72.0
I  -52.7  -57.7  107.5  178.3  -72.4  164.8  0.961   97.0  3.781  5.218   72.4   77.1
S  -49.7  -47.0  114.2 -178.6  -56.1    nan  1.089  102.3  3.782  4.985   64.6   80.9
Y  -64.1  -69.5  110.3 -179.9 -158.8    nan  1.058   82.0  3.773  5.312   63.0   77.6
F  -48.6  -29.0  112.6  179.5  -66.9    nan  1.040  116.1  3.789  5.062   61.7   70.6
A  -67.7  -85.6  110.0 -179.7    nan    nan  1.035   73.4  3.817  5.447   74.9   90.2
K  -51.4  -24.2  111.1 -179.2   58.7    nan  1.089  117.0  3.805  4.866   37.1   54.0
V  -78.0  -51.3  111.3  179.4  146.5  -91.6  1.091   81.6  3.834  5.549   63.9   84.1
L  -93.8   44.7  113.6  178.4  -79.0    nan  1.149  103.5  3.808  5.130   18.1   44.8
G  -97.6  -80.4   99.7  175.4    nan    nan    nan   79.3  3.796    nan    nan  122.2
N -125.1   87.0  105.2  176.7  174.2    nan  0.981  100.6  3.817    nan    nan  -20.6
P  -81.6  157.9  113.4 -179.5   39.2    nan  0.970   90.7  3.830  6.022 -169.5 -173.3
P  -67.9  121.4  107.4  179.4  -28.9    nan  0.891   92.3  3.818  5.349  -84.8  -92.4
R -104.0  164.5  107.6  179.3  -73.1    nan  1.054  108.1  3.787  5.948 -176.6 -163.7
P  -59.1  147.3  111.7   -0.7  -16.2    nan  0.958   74.9  3.010  4.820  124.2   78.1
L -116.0  118.5  104.9  179.7  163.6    nan  0.953  114.4  3.770  5.723 -149.3 -152.5
V -108.4  132.2  110.1  178.9   55.2  176.6  1.049  117.0  3.787  5.981 -172.7 -170.8
A -108.1  122.3  103.2  178.1    nan    nan  0.944  110.4  3.749  5.755 -149.0 -160.8
I -106.4  116.3  104.5  178.0  -58.4  179.8  0.949  109.9  3.789  5.955 -160.2 -167.1
V -125.2  134.6  112.1  179.2   26.7  148.9  1.128  128.6  3.783  5.835  162.1  171.9
G -151.9 -142.7  109.8 -179.2    nan    nan    nan  127.3  3.761    nan    nan  158.2
G   78.8 -144.3  113.0 -179.3    nan    nan    nan   93.8  3.781    nan    nan  117.7
A -127.0 -145.5  108.6  179.6    nan    nan  1.014  110.5  3.780    nan    nan  -78.2
K   54.4   36.0  107.6 -179.7  -62.5    nan  0.971  109.0  3.850  4.853   98.0   92.1
V  -48.6  -54.5  115.4 -177.5 -175.6  -53.0  1.120   97.0  3.788  6.086  156.9  171.4
S  -49.4  -38.4  114.9 -178.9   51.8    nan  1.076  108.1  3.827  5.329   75.2   86.6
D  -85.0  -50.7  109.8 -178.8  -39.8    nan  0.994   78.2  3.785  5.200   52.5   66.6
K  -59.7  -37.6  111.8 -177.1 -157.8    nan  1.067  101.8  3.743  5.047   61.4   79.6
I  -61.3  -32.9  111.5 -177.7 -164.1   73.7  1.077  103.2  3.817  5.465   73.2   90.0
Q  -73.3  -11.2  113.6  179.8  -47.0    nan  1.069  102.0  3.769  5.304   64.6   81.3
L  -92.0  -16.7  110.2 -179.2  -44.7    nan  1.019   82.4  3.810  5.489   65.9   84.3
L  -63.0  -46.5  113.9 -179.0  -67.8    nan  1.091   93.0  3.764  5.540   86.9  107.0
D  -51.5  -49.8  112.1 -179.3  -91.3    nan  1.054  100.2  3.793  5.401   78.9   90.6
N  -75.1   11.8  117.4 -178.6   44.5    nan  1.151  110.1  3.782  5.074   42.4   67.1
M -124.8   -0.2  111.6  178.6   65.9    nan  1.116   55.1  3.822  5.510   53.1   72.1
L  -64.8  -30.3  112.4 -179.9  -63.2    nan  1.059  101.2  3.812  5.914  108.6  119.6
Q  -69.7  -30.9  111.0 -178.8  -33.7    nan  1.009   97.2  3.798  5.419   75.4   87.6
R  -85.2  -39.8  114.0 -178.6  -35.8    nan  1.031   78.8  3.812  5.208   55.6   73.3
I  -89.4  161.7  117.9 -175.7   70.0  -51.6  1.133   97.9  3.800  5.002   37.8   65.7
D -111.1  -31.5  109.5  178.9  -59.7    nan  1.017   62.0  3.805  5.453 -123.6 -131.1
Y -131.7  146.4  107.4  179.1  -72.2    nan  0.978  132.7  3.806  4.960    6.3   22.7
L -135.0  100.6  106.2  178.8  175.9    nan  0.987  108.9  3.764  5.614 -168.6 -170.8
L  -90.1  130.6  105.8  179.3  -62.8    nan  0.980  102.0  3.817  6.087 -164.7 -172.7
I -120.4  123.8  113.7 -179.4  -67.8  167.4  1.099  124.8  3.780  5.808 -173.8 -167.9
G -135.8 -162.0  110.6 -179.8    nan    nan    nan  127.3  3.796    nan    nan  164.4
G   62.1 -155.1  111.5  180.0    nan    nan    nan   73.2  3.791    nan    nan   79.5
A  -68.3  -33.1  111.4  179.7    nan    nan  1.041   97.2  3.825    nan    nan  -33.5
M  -44.8  -40.1  113.3  180.0  162.2    nan  1.032  111.3  3.807  5.456   96.9  107.6
A  -60.0  -41.9  115.6 -178.1    nan    nan  1.105   97.0  3.790  5.257   69.1   89.8
Y  -56.8  -38.3  116.6 -178.5  -48.9    nan  1.176  101.4  3.800  5.349   69.5   92.0
T  -63.8  -45.7  108.9  177.3  -61.4  178.7  1.042   95.7  3.781  5.529   73.5   83.6
F  -63.0  -47.4  112.4  178.8  -79.7    nan  1.061   93.3  3.828  5.370   63.6   77.9
L  -58.9  -42.7  112.3  180.0  -67.4    nan  1.087   99.2  3.799  5.291   66.0   81.8
K  -67.4  -39.3  109.7  179.9 -164.3    nan  1.027   95.8  3.807  5.388   65.6   77.6
A  -59.6  -31.6  108.0  178.9    nan    nan  1.009  106.9  3.801  5.383   75.3   86.1
Q  -79.0  -14.7  112.2  179.2  -69.4    nan  1.043   95.2  3.815  5.331   58.4   75.8
G  103.6   18.4  117.6  178.8    nan    nan    nan   68.6  3.788    nan    nan  -99.5
Y  -96.8  164.8  110.3 -180.0  -64.4    nan  1.028  101.8  3.786    nan    nan  106.0
S  -82.4  127.0  106.5  178.2  -66.5    nan  0.986   98.4  3.787  5.344  -93.2  -98.3
I -103.9   -7.6  112.8 -178.1 -101.8  132.7  1.088   73.3  3.787  5.829 -156.9 -158.0
G   54.1 -140.9  110.7 -178.8    nan    nan    nan   74.1  3.815    nan    nan -135.4
K  -89.7   24.0  112.1  177.9  -65.7    nan  1.042   99.0  3.823    nan    nan  -38.5
S  -75.7  154.0  113.4 -179.9  -50.5    nan  1.084   87.0  3.789  5.928  117.1  132.5
K  -57.6  129.7  110.0 -179.7 -165.8    nan  1.020   83.1  3.787  5.300  -74.1  -87.2
C -152.4  141.4  114.6 -179.4  174.1    nan  1.070  144.4  3.807  5.679  158.1  154.8
E  -95.3   79.8  106.2  177.6  -73.2    nan  0.993  104.9  3.804  5.738 -129.7 -139.2
E  -48.0  -28.8  113.3 -179.6  -61.9    nan  1.056  116.4  3.796  6.076 -143.7 -149.6
S  -89.5   18.4  112.0  179.6   54.5    nan  1.017   97.3  3.821  5.269   52.4   69.3
K -128.8   -2.3  112.3 -179.8 -113.9    nan  1.042   50.4  3.813  5.414   55.4   74.8
L  -50.2  -47.0  115.8 -177.7  -61.5    nan  1.164  101.1  3.831  5.857  113.4  134.0
E  -67.4  -37.1  109.2  178.4  -68.8    nan  1.040   97.2  3.811  5.430   62.7   73.3
F  -60.2  -45.7  109.3  179.3 -169.7    nan  1.013   98.2  3.819  5.440   77.9   87.9
A  -57.5  -49.1  107.8  179.7    nan    nan  1.007   99.1  3.802  5.269   71.3   82.5
R  -58.7  -44.3  114.2 -179.4 -101.8    nan  1.102   97.3  3.802  5.211   61.1   80.1
S  -66.6  -38.0  110.4 -179.9 -167.2    nan  1.026   96.6  3.795  5.288   64.3   77.5
L  -63.6  -37.8  110.5  179.7 -169.1    nan  1.020   99.2  3.780  5.295   70.0   84.8
L  -67.1  -36.8  107.9  179.7  -69.5    nan  1.027   98.2  3.805  5.359   64.9   81.2
K  -60.8  -55.3  108.7  178.2 -117.4    nan  0.994   92.7  3.795  5.447   77.0   86.6
K  -56.1  -42.0  110.2 -179.9  -46.7    nan  1.022  102.9  3.809  5.154   63.7   75.9
A  -53.7  -49.6  109.2  179.9    nan    nan  1.028  100.5  3.783  5.330   78.6   90.4
E  -58.5  -51.0  109.3  179.3  -65.5    nan  0.984   96.3  3.820  5.331   70.2   78.2
D  -57.1  -37.5  112.4 -179.4  -59.3    nan  1.048  103.6  3.797  5.134   66.5   79.9
R  -86.3    9.2  112.9 -178.1  -52.0    nan  1.068   97.3  3.813  5.172   46.0   67.0
K   60.6   50.7  113.3 -179.5  -75.6    nan  1.086   92.6  3.788  5.488 -115.6 -115.2
V -121.0  120.2  107.5  179.4 -179.9  -56.0  0.965  118.8  3.830  5.936  109.9  109.3
Q  -84.9  101.5  107.1  179.4 -172.9    nan  1.001  105.6  3.803  5.909 -143.1 -147.6
V  -86.1  136.3  107.0  178.9  173.4  -64.7  0.978   98.8  3.775  6.053 -158.5 -167.8
I -128.9  134.0  107.6  178.4  -56.9 -177.2  1.027  127.3  3.793  5.784 -175.4 -174.4
L -117.7  171.8  107.7 -179.7  -76.7    nan  0.993  119.9  3.799  5.823 -158.3 -165.1
P  -56.6  138.3  112.7  179.7  -35.6    nan  0.967   78.7  3.781  5.012  -58.3  -62.3
I  -93.4  -39.5  106.7  178.7  -85.3  148.9  0.958   76.8  3.777  5.725 -133.3 -142.1
D -138.9  170.8  107.9  178.3   50.0    nan  1.055  140.9  3.841  4.910  -18.4    6.6
H -138.2  166.8  111.7 -178.6  -47.4    nan  1.006  141.5  3.791  5.450 -141.2 -143.1
V -114.3  123.4   98.8  174.8  178.8  -59.6  0.910  110.1  3.803  5.441 -127.1 -130.8
C -132.6  173.1  113.7 -175.9  -45.9    nan  0.995  135.0  3.818  5.857  176.6  175.4
H -163.0  158.2  109.0  177.8 -171.4    nan  1.021  157.4  3.729  5.234 -173.6 -170.6
T  -72.0  -18.0  111.6 -178.6   55.2  -62.2  1.028  100.8  3.772  5.297  -87.1  -93.6
E -148.7  157.4  110.6  179.6   51.3    nan  1.043  149.2  3.788  4.883   -1.9   18.9
F  -73.0   65.9  107.9 -179.8 -159.7    nan  0.975  112.9  3.797  5.373  -86.9  -97.2
K -143.4  142.6  106.8  179.9  -72.7    nan  0.989  138.0  3.779  5.711   96.6  101.8
A  -70.8  149.1  108.5 -180.0    nan    nan  1.010   82.7  3.753  5.553 -102.6 -110.5
V -156.4  130.2  107.0  178.2   61.6 -174.6  1.015  132.9  3.770  5.578  172.3  169.3
D  -61.8  133.5  102.3  179.3  -53.9    nan  0.927   79.1  3.763  5.692  -97.6 -116.8
S   59.4   69.8  115.2  178.9  -50.9    nan  1.083   80.3  3.781  4.747   18.3    1.8
P  -84.6 -179.0  108.1  179.3   34.4    nan  0.923   84.3  3.843  6.059  171.0  162.6
L  -75.0  126.1  112.5 -179.2  170.2    nan  1.033   98.4  3.829  5.385  -78.6  -67.8
I -114.4  113.6  108.5  176.8  136.1    8.5  1.126  115.4  3.790  5.882 -177.2 -173.2
T  -72.1  168.8  114.7 -178.6   69.7  -51.8  1.079   77.1  3.830  6.043 -123.8 -140.1
E -107.1  -30.5  107.8  179.5  -65.6    nan  0.973   66.4  3.805  5.340 -112.3 -117.0
D -101.1 -178.3  111.0 -178.7 -101.7    nan  0.986  100.5  3.775  5.061   39.8   56.3
Q  -84.5  -13.2  104.4  176.6  -71.7    nan  0.941   92.1  3.753  5.012  -81.5  -80.5
N  -78.1  137.9  112.0 -179.1  -61.1    nan  1.032   95.3  3.824  5.488   75.0   94.6
I -115.1  130.1  107.5 -178.8  -61.8  174.0  0.984  118.8  3.782  5.765 -151.3 -160.6
P  -56.2  137.2  110.0  179.7  -35.1    nan  0.935   77.6  3.843  5.561  -95.6 -110.5
E  -41.9  -41.6  116.2 -178.4  -19.6    nan  1.082  111.2  3.844  5.683  -81.8  -88.4
G  -85.0   -2.2  116.3 -178.5    nan    nan    nan   94.0  3.773    nan    nan   66.5
H -108.4  164.0  114.1 -178.7  -69.2    nan  1.050  114.3  3.787    nan    nan   77.8
M -132.0  129.5  104.5  176.7   45.7    nan  0.968  124.7  3.787  5.453 -147.5 -150.4
A  -75.9  126.5  107.6  179.3    nan    nan  1.011   95.2  3.800  5.818 -122.8 -128.9
L -112.1   -3.0  115.4 -178.4  -66.0    nan  1.113   66.6  3.802  5.832 -166.0 -165.2
D -167.6  160.2  107.4  178.3 -167.4    nan  0.994  160.1  3.825  5.059   -0.2   10.3
I  -73.8  150.2  106.4  177.1   56.6  -66.9  1.018   83.9  3.766  5.446  -93.4  -95.4
G  -84.5  173.7  114.2 -179.6    nan    nan    nan   87.1  3.804    nan    nan -112.2
P  -54.2  -44.8  115.6 -179.8   25.3    nan  1.022   99.7  3.837    nan    nan  -57.7
K  -65.0  -34.1  110.3 -179.8  -74.0    nan  1.065  100.0  3.784  5.261   55.6   79.2
T  -70.1  -42.7  109.3  179.3  -51.7 -170.9  1.012   92.3  3.788  5.453   69.9   81.8
I  -59.1  -41.6  108.5  179.9  -75.2  162.3  1.030  101.7  3.780  5.302   71.5   84.3
E  -61.9  -48.1  112.2  179.7  -72.1    nan  1.063   93.8  3.796  5.352   68.2   83.3
K  -62.8  -49.8  110.5  179.9 -176.9    nan  1.055   93.2  3.805  5.325   63.6   77.1
Y  -58.3  -47.1  111.9 -179.6  -74.5    nan  1.057   97.2  3.814  5.274   68.0   80.0
V  -62.2  -42.6  110.3  178.7  169.7  -69.0  1.037   97.8  3.777  5.305   66.0   77.5
Q  -60.7  -51.5  110.6  179.3  176.4    nan  1.020   93.7  3.815  5.303   72.2   82.9
T  -63.5  -36.7  112.8  179.4  133.1    9.0  1.190   98.6  3.787  5.246   46.4   73.4
I  -61.4  -31.3  107.4  178.5  -74.4  161.4  1.009  105.8  3.850  5.752   84.0   87.0
G  -68.7  -22.9  111.0  177.7    nan    nan    nan  101.8  3.800    nan    nan   84.4
K  -83.8   -4.0  112.2  179.7  -61.7    nan  1.035   94.7  3.826    nan    nan   80.4
C -105.2  168.9  116.9 -177.3  -56.2    nan  1.106  110.0  3.816  5.385   56.2   81.8
K -117.0  -10.6  109.9  178.5  -83.5    nan  1.063   59.9  3.775  5.353 -129.2 -127.0
S -141.7  139.3  108.1  177.5  -69.5    nan  1.006  136.1  3.813  5.194   13.4   30.8
A -142.0  128.1  109.3  180.0    nan    nan  1.005  130.2  3.797  5.651 -179.9  175.2
I -123.2  120.1  104.7  178.2  -62.5  176.4  0.981  117.3  3.770  5.807 -173.9 -179.9
W -120.6  133.5  114.7 -178.8  173.9    nan  1.036  127.7  3.815  5.903 -176.0 -179.3
N -144.5  117.4  111.0  176.4  172.1    nan  1.054  124.1  3.778  5.682  167.4  161.8
G  103.5  125.5  115.4  178.0    nan    nan    nan   78.2  3.777    nan    nan   23.0
P  -60.1  147.2  110.2  179.5  -35.3    nan  0.950   75.1  3.819    nan    nan -121.0
M  -75.1  -14.0  111.9 -178.9  -66.0    nan  1.053   99.3  3.802  5.725 -111.5 -108.2
G -161.2 -170.2  109.8  179.9    nan    nan    nan  156.1  3.775    nan    nan    8.4
V  -80.4   71.6  107.0 -180.0 -175.3  -54.6  1.019  109.0  3.788    nan    nan  -64.2
F  -55.1  -18.3  115.6 -177.6   81.0    nan  1.107  115.6  3.821  6.227 -163.5 -161.9
E  -64.3  -24.2  110.7  179.1  -66.0    nan  1.037  105.3  3.765  5.593   91.1  102.6
M -106.4  126.5  108.0  178.7  -66.5    nan  1.006  113.9  3.795  5.231   36.3   55.6
V  -43.8  -51.6  116.4 -179.2  170.3  -67.9  1.134  102.0  3.809  5.724  -92.9 -100.4
P  -63.4  -20.1  115.7 -179.6   30.4    nan  1.040  106.7  3.830  5.206   61.9   76.5
Y -110.7   22.7  112.1 -179.5  -44.7    nan  1.047   79.0  3.825  5.240   30.5   58.2
S -103.7  -15.5  114.6 -178.3   63.4    nan  1.069   70.3  3.797  5.706   87.2  106.5
K  -49.2  -46.8  116.7 -178.1  -72.2    nan  1.127  101.5  3.809  5.698  106.2  122.7
G  -60.4  -46.2  114.6  179.9    nan    nan    nan   94.7  3.787    nan    nan   82.8
T  -63.2  -45.3  113.0 -178.7  -60.1  178.2  1.066   94.0  3.777    nan    nan   80.8
F  -69.7  -29.3  111.3 -179.7  -73.9    nan  1.088   97.8  3.752  5.149   54.3   74.0
A  -65.7  -47.1  109.4 -179.9    nan    nan  1.027   93.3  3.806  5.551   77.9   91.2
I  -63.5  -43.3  109.3  178.4  -61.7  175.9  1.014   96.9  3.758  5.209   62.9   75.1
A  -57.8  -48.5  109.5  179.4    nan    nan  1.018   98.2  3.797  5.314   71.8   84.8
K  -59.3  -43.4  113.6 -179.4  174.6    nan  1.051   97.7  3.785  5.173   64.4   80.5
A  -67.1  -40.5  111.8 -179.4    nan    nan  1.058   94.3  3.788  5.238   60.9   78.6
M  -67.1  -35.6  109.6 -179.6  -76.3    nan  1.048   97.9  3.792  5.319   64.5   80.1
G  -72.1  -55.1  110.3  178.7    nan    nan    nan   84.6  3.768    nan    nan   78.6
R  -50.2  -46.3  109.5  179.2  174.7    nan  1.005  104.9  3.771    nan    nan   81.2
G  -55.8  -51.1  115.1 -178.7    nan    nan    nan   94.6  3.811    nan    nan   86.6
T  -63.9  -48.1  107.0  179.4  -60.7  179.9  0.975   95.7  3.788    nan    nan   72.9
H  -58.1  -65.4  112.2 -179.0 -176.9    nan  1.039   85.9  3.741  5.123   66.8   81.3
E  -66.7  -50.0  117.2 -178.7  -67.1    nan  1.087   86.1  3.766  4.871   41.0   60.6
H -114.4   15.9  119.8 -175.1  -55.6    nan  1.126   74.2  3.796  4.695    6.3   34.0
G   73.5    4.6  120.0  179.5    nan    nan    nan  104.2  3.807    nan    nan -101.0
L  -48.3  141.1  112.1  179.4  158.2    nan  1.009   70.1  3.813    nan    nan  138.8
M  -90.5   96.0  104.6  178.1 -159.3    nan  0.977  104.6  3.815  5.742 -128.4 -133.9
S  -96.5  134.9  111.2 -178.1   54.1    nan  1.035  109.5  3.788  6.039 -179.8 -178.4
I -134.9  130.2  108.0 -179.6  -63.5  175.3  0.985  128.5  3.803  5.788 -174.0  176.1
I -122.0  148.3  109.6 -179.7  -62.1  176.3  1.017  126.9  3.801  5.837 -169.9 -173.8
G -149.4  156.8  108.4  179.0    nan    nan    nan  148.7  3.801    nan    nan  176.7
G  107.1  129.2  113.0 -179.2    nan    nan    nan   84.0  3.793    nan    nan   72.5
G  -53.5  -49.1  115.4 -179.1    nan    nan    nan   97.4  3.791    nan    nan -108.5
D  -70.9  -33.5  111.4 -179.6  -59.9    nan  1.061   94.8  3.770    nan    nan   70.2
S  -66.9  -43.1  109.1  179.9  -68.7    nan  1.024   94.7  3.805  5.444   71.7   85.9
A  -63.3  -38.2  106.8  178.4    nan    nan  1.002  101.2  3.763  5.288   66.3   78.4
S  -57.8  -45.3  110.4  179.1  -73.6    nan  1.004   99.5  3.848  5.508   80.0   88.7
A  -67.7  -40.7  110.7 -179.1    nan    nan  1.032   94.3  3.768  5.085   61.8   75.4
A  -62.0  -43.5  111.9 -179.5    nan    nan  1.070   96.5  3.777  5.270   67.9   85.0
E  -70.7  -37.6  112.1  180.0  -69.9    nan  1.056   92.6  3.827  5.303   58.4   74.1
L  -59.5  -36.8  110.4  177.7 -117.3    nan  1.006  103.1  3.788  5.363   78.4   87.7
S  -98.0    5.0  114.1 -178.9   62.0    nan  1.046   84.1  3.848  5.105   33.3   55.8
G   71.7   14.6  116.3 -179.8    nan    nan    nan  101.4  3.772    nan    nan -110.0
E  -91.8  -20.4  116.8 -179.7  -63.5    nan  1.091   79.3  3.822    nan    nan  109.2
A  -51.2  -49.5  109.4 -178.0    nan    nan  1.026  102.2  3.786  5.634  106.3  115.2
K  -62.8  -21.5  113.7 -177.8   68.9    nan  1.073  107.1  3.787  5.109   60.2   77.3
R  -90.3  -10.6  112.1 -179.8  -49.0    nan  1.063   85.7  3.790  5.363   55.7   76.4
M  -75.3  147.8  111.0  179.2  -59.5    nan  0.993   88.3  3.835  5.690   88.9   98.9
S  -59.1  -37.9  108.0  179.2  -59.9    nan  1.007  104.0  3.793  5.454  -86.5  -94.3
H -168.1  138.3  109.3 -179.6  161.2    nan  1.007  140.9  3.774  4.653  -36.6  -22.0
V -117.9  108.0  105.0  177.3   -6.5  121.8  1.083  111.2  3.747  5.823 -168.7 -162.6
S  -66.1  156.0  111.4 -179.1 -177.3    nan  1.007   76.4  3.763  5.948 -120.1 -140.4
T  -97.2    8.2  104.7  176.3   56.0  -65.7  0.987   84.9  3.760  5.546 -123.4 -123.6
G -102.5  139.1  110.3  176.8    nan    nan    nan  112.7  3.772    nan    nan   89.9
G  -91.9 -108.0  104.0  177.3    nan    nan    nan   77.3  3.808    nan    nan -138.3
G  -69.8   30.0  114.0  176.3    nan    nan    nan  119.3  3.825    nan    nan   10.7
A  -88.4  -68.3   96.7  178.5    nan    nan  0.863   84.4  3.818    nan    nan  119.7
S  -46.9  -29.9  109.5 -179.6  -48.1    nan  1.042  118.1  3.773  4.976   56.1   68.5
L  -68.2  -51.8  108.4  178.9  -73.2    nan  1.077   90.0  3.811  5.550   70.5   87.2
E  -70.1  -30.9  112.5  179.9 -171.1    nan  1.103   96.1  3.776  5.282   48.8   66.8
L  -58.9  -43.1  107.9  179.3  167.3    nan  1.011  101.4  3.796  5.565   86.7   95.4
L  -44.6  -23.0  113.5 -179.8 -115.2    nan  1.056  123.1  3.825  5.383   84.9   98.0
E  -60.5  -46.5  109.4  179.8  164.0    nan  0.995   97.4  3.799  5.592   92.8  102.0
G  127.6  -22.8  111.5  179.5    nan    nan    nan   63.3  3.740    nan    nan -102.4
K  -57.2  150.5  111.3  178.9   36.8    nan  1.052   71.3  3.795    nan    nan  104.6
T  -82.4  147.2  109.2  178.7   41.8  -79.9  1.052   93.7  3.829  5.682 -109.5 -114.0
L  -77.8  115.7  114.8 -179.1  -49.2    nan  1.051  106.1  3.798  5.506 -102.6 -111.4
P  -53.3  -39.2  113.2 -179.9   26.8    nan  1.003  105.3  3.853  5.767 -110.0 -123.0
G  -64.1  -32.2  109.8  179.8    nan    nan    nan  102.0  3.800    nan    nan   83.9
V  -79.2  -51.4  106.6  179.4  177.0  -60.5  0.990   84.1  3.748    nan    nan   74.5
T  -47.7  -48.3  113.9 -179.0  -46.1 -166.9  1.059  103.0  3.750  5.204   76.4   88.1
V  -57.4  -20.0  113.3 -177.5   74.9 -161.2  1.085  113.1  3.814  5.251   68.2   85.1
L  -71.7  146.1  112.5 -178.9  -51.1    nan  1.076   86.7  3.800  5.561   78.3   96.1
D  -62.7  104.8  108.5  179.9  -57.1    nan  0.993   98.9  3.814  5.524  -84.7 -101.0
D  -78.1   88.7  112.0 -179.2   59.8    nan  1.068  111.8  3.778  6.010 -152.7 -154.4
K -123.6    nan  112.3  179.3  -69.3    nan  1.073    nan  3.801  5.940  144.3  144.0
