Id   phi    psi    tau  omega    chi    chi2  solid    eta  CA-CA  CB-CB  BA^AB  NA^AC
E    nan  156.7  108.7    nan  164.6    nan  1.031    nan    nan    nan    nan    nan
K  -81.7  146.1  115.7 -178.7  -56.8    nan  1.086   96.9  3.805  5.544 -102.2 -102.9
K  -63.3  148.5  109.4  178.3  172.9    nan  0.975   76.8  3.766  5.290  -85.5 -105.7
S -110.2  166.7  111.4 -179.9  140.1    nan  1.022  114.5  3.826  5.691 -143.7 -141.3
I  -56.7  -34.3  106.9  177.8    7.2 -123.0  0.947  108.5  3.836  5.333  -57.1  -71.2
N  -51.2  -33.3  114.0 -179.8  -80.3    nan  1.083  110.4  3.766  5.290   87.2  100.2
E  -86.5   -2.6  113.5 -179.5  -79.3    nan  1.060   92.4  3.777  5.238   50.7   69.8
C  -95.1  151.3  114.9 -178.2  -56.0    nan  1.068  106.2  3.794  5.480   70.5   91.6
D  -93.3  114.2  102.3  176.9  173.3    nan  0.956  102.6  3.800  5.622 -117.4 -127.3
L -107.6  -23.1  114.6 -177.3  -54.0    nan  1.073   64.3  3.767  5.899 -172.6 -169.4
K  -46.1  125.5  111.8 -177.8 -170.5    nan  1.050   79.3  3.812  5.697  107.3  117.9
G   59.0   18.9  117.2  179.6    nan    nan    nan  111.1  3.761    nan    nan  -10.4
K -110.0  147.4  113.9  179.6  -60.4    nan  1.073  119.6  3.834    nan    nan   94.1
K  -88.6  108.0  106.3  177.9  -70.8    nan  1.001  105.0  3.820  5.631 -115.9 -125.8
V  -93.6  123.3  112.3 -177.8 -169.0  -45.3  1.023  110.6  3.772  5.955 -159.2 -164.9
L  -86.5  115.8  103.9  177.8 -101.4    nan  0.921  100.9  3.780  5.803 -134.4 -150.9
I -118.7  127.2  108.6 -179.9  -46.8 -167.3  1.018  120.8  3.791  5.958  172.7  178.1
R  -99.2  112.3  102.8  178.5 -147.3    nan  0.952  105.3  3.798  5.852 -146.3 -156.7
V -111.3  169.2  109.0 -178.5  -66.4   53.4  0.987  114.5  3.779  5.945 -173.4 -178.8
D -110.9   92.9  107.1  177.1 -172.5    nan  1.015  107.0  3.765  5.404 -126.4 -120.0
F -106.2   26.8  109.6 -179.1  -76.0    nan  1.053   84.1  3.793  6.037  166.6  166.8
N  -79.2   69.7  108.2  178.1 -173.0    nan  1.013  110.6  3.773  6.006  119.7  128.9
V  -85.7  156.1  111.3 -179.1  -64.5   56.8  1.017   94.5  3.771  6.077  164.9  165.3
P  -65.4  127.2  109.3  179.0  -33.0    nan  0.913   89.2  3.813  5.219  -79.8  -91.6
V -127.2  143.3  110.1 -179.8  -68.3   53.6  1.024  130.4  3.831  5.942  171.9  179.4
K -139.5  123.6  107.4  178.8  177.3    nan  0.990  125.7  3.816  5.665 -173.4 -179.3
N   56.4   42.9  109.5 -179.0  -69.1    nan  1.025  102.5  3.785  4.867   12.3   -9.8
G   67.0   17.1  116.9  179.8    nan    nan    nan  104.5  3.771    nan    nan  -79.2
K -123.6  145.0  109.1 -179.8  -41.3    nan  1.008  127.6  3.777    nan    nan   78.1
I  -75.3  126.6  106.4  179.0  -58.3  178.5  0.964   93.9  3.800  5.652 -103.0 -113.6
T  -98.4  -14.3  111.1 -179.6   63.4  -57.7  1.077   76.7  3.809  5.931 -155.0 -152.0
N -158.5  119.3  108.0  177.9 -179.6    nan  1.030  123.6  3.781  4.966   -5.8    9.7
D -107.7   28.5  114.0 -178.7   64.6    nan  1.104   85.3  3.814  5.959 -168.2 -167.5
Y  -59.1  -34.1  111.5  179.4  176.3    nan  1.047  104.5  3.796  6.094  146.9  150.3
R  -70.2  -28.5  111.6  179.6  -82.9    nan  1.081   97.6  3.776  5.379   64.1   83.2
I  -78.6  -46.4  109.0  179.5  -60.3  179.0  1.042   84.5  3.805  5.507   64.2   79.3
R  -56.1  -39.0  110.6  177.4  -83.1    nan  1.034  104.4  3.775  5.304   73.6   82.0
S  -67.2  -21.0  113.4 -179.8  -62.7    nan  1.094  103.4  3.779  5.277   62.6   82.0
A  -91.6   -8.5  110.9 -178.7    nan    nan  1.044   85.4  3.798  5.399   57.3   76.2
L  -52.3  -47.6  116.7 -178.7  -68.2    nan  1.147   98.6  3.809  5.800  106.9  125.7
P  -52.2  -49.2  116.2 -179.7  -31.8    nan  1.036   97.9  3.835  5.276   79.8   90.1
T  -61.1  -42.5  110.3  178.4  -71.6  165.0  1.023   98.7  3.813  5.271   59.3   77.4
L  -67.0  -38.1  110.0  179.8  -60.7    nan  1.036   96.5  3.831  5.371   63.7   77.7
K  -61.3  -44.0  107.8  178.9 -176.9    nan  0.992   99.2  3.784  5.415   78.6   85.7
K  -54.7  -57.2  110.9 -179.5 -144.9    nan  1.053   93.9  3.820  5.292   74.2   87.7
V  -58.9  -42.6  112.0  179.8   31.7  153.8  1.130   99.4  3.792  5.216   52.6   72.5
L  -63.3  -42.0  111.4  179.5  -66.4    nan  1.064   96.6  3.799  5.516   70.2   81.6
T  -65.4  -36.4  110.6  179.5  -84.0  154.0  1.043   98.4  3.793  5.274   66.2   79.5
E  -78.9   -2.1  113.2 -179.9  -63.3    nan  1.044  100.3  3.799  5.314   56.0   73.2
G   90.1   19.8  118.5  179.2    nan    nan    nan   80.6  3.760    nan    nan -101.5
G -103.1 -168.6  112.2  179.1    nan    nan    nan   98.6  3.781    nan    nan  101.1
S -133.4  153.2  105.0  178.0   55.2    nan  0.983  134.3  3.791    nan    nan -115.6
C -115.9  135.0  114.5 -177.7  -49.4    nan  1.035  124.9  3.775  5.637 -140.3 -137.7
V -126.4  102.3  100.7  174.6   26.3  151.0  1.010  105.8  3.759  5.717 -176.7  179.1
L  -89.6  144.1  113.5 -176.2  -37.8    nan  1.055  103.2  3.770  6.033 -157.6 -164.1
M -129.2  138.5  106.7  178.9  -53.9    nan  0.971  128.4  3.758  5.651 -160.2 -169.7
S -164.6  177.5  110.0  177.6 -172.7    nan  1.037  165.3  3.771  5.526  152.1  149.0
H -129.2  159.4  106.3  179.3   71.3    nan  0.983  131.9  3.778  5.364 -130.3 -128.2
L -135.9  128.6  103.3  176.4 -173.4    nan  0.959  125.0  3.786  5.603 -156.8 -158.5
G   65.3 -149.4  114.3  179.0    nan    nan    nan   80.3  3.765    nan    nan    2.1
R -139.2   73.3  105.2  179.4  -73.1    nan  0.978   87.0  3.756    nan    nan  -97.0
P  -69.8  154.5  108.2  179.9   33.0    nan  0.914   79.3  3.791  6.013 -172.2 -176.7
K  -55.6  -39.5  114.4 -179.4  -93.1    nan  1.085  102.7  3.805  5.565  -84.8  -81.2
G   83.1  164.1  108.3 -179.8    nan    nan    nan   78.4  3.749    nan    nan -137.3
I -143.0  148.9  106.8  178.9 -147.2   92.1  0.993  140.7  3.766    nan    nan -158.7
P  -71.0  141.1  108.9  179.5  -29.8    nan  0.929   86.5  3.835  5.501  -94.4 -102.5
M  -50.0  -38.2  112.1 -179.3  -87.6    nan  1.044  109.0  3.803  5.622  -87.5  -92.4
A  -57.6  -48.3  111.7  179.2    nan    nan  1.050   97.1  3.769  5.339   77.0   90.5
Q  -65.9  -14.7  113.6 -179.1  -61.5    nan  1.080  107.6  3.793  5.161   56.5   75.5
A  -65.1  -49.9  114.8 -178.8    nan    nan  1.084   88.9  3.818  5.651   90.0  107.4
G  -43.2  -46.9  112.9 -179.7    nan    nan    nan  107.7  3.775    nan    nan   95.3
K  -59.8  -47.2  110.5 -179.9  -59.4    nan  1.022   96.8  3.787    nan    nan   81.3
I  -59.1  -48.9  109.8 -179.3  -47.5 -168.2  1.004   96.8  3.810  5.294   70.9   81.3
R  -58.7  -30.2  113.5 -179.4  -56.9    nan  1.074  106.1  3.805  5.185   66.0   80.7
S  -66.4  -40.2  107.2  178.3  -54.4    nan  0.980   97.5  3.776  5.413   78.2   88.0
T  -67.4  -25.2  108.6  178.1  -56.6 -178.9  0.967  102.8  3.834  5.278   64.1   76.4
G   98.2    4.4  111.8 -179.3    nan    nan    nan   80.2  3.807    nan    nan -111.5
G  -87.4 -179.7  113.7  179.7    nan    nan    nan   87.3  3.805    nan    nan  102.9
V -108.4  118.4  110.1 -179.7 -179.3  -56.4  1.033  115.9  3.792    nan    nan -101.4
P  -51.5  120.7  113.6 -180.0  -33.2    nan  0.986   87.2  3.803  5.615 -101.7 -118.2
G   71.4    9.6  117.3  177.7    nan    nan    nan  104.0  3.799    nan    nan   -5.8
F  -56.7  134.8  114.3 -178.6 -177.8    nan  1.066   81.8  3.776    nan    nan  137.4
Q -142.1  106.8  104.0  178.3  -82.4    nan  0.981  111.7  3.794  5.717  177.0  164.6
Q  -38.3  -40.7  117.1 -178.7 -168.1    nan  1.097  114.3  3.763  5.802 -103.6 -113.6
K  -74.1  -12.5  113.2 -177.8    3.3    nan  1.095  100.7  3.819  5.293   56.6   77.0
A -116.8   21.4  115.7 -178.8    nan    nan  1.111   73.8  3.781  5.191   37.4   60.3
T  -74.1  143.9  108.8  178.2  -31.8 -152.0  0.949   87.8  3.841  6.122  131.5  128.1
L  -89.8    1.3  109.2  177.3  -85.9    nan  1.031   90.6  3.788  5.558 -128.6 -128.6
K  -49.1  -56.9  113.2 -179.3 -167.7    nan  1.098   96.2  3.785  5.877  121.3  136.3
P  -56.1  -30.6  112.0  179.9   24.0    nan  0.972  108.8  3.816  5.217   67.7   76.2
V  -68.7  -37.8  110.5  179.1  173.8  -65.0  1.051   95.0  3.801  5.398   63.6   86.8
A  -61.7  -44.9  108.0  178.7    nan    nan  1.001   98.3  3.803  5.431   75.9   85.5
K  -61.8  -49.0  110.2 -178.4 -141.6    nan  1.023   94.6  3.795  5.203   65.3   80.9
R  -60.6  -52.9  111.3 -179.0 -177.2    nan  1.027   92.5  3.748  5.228   64.7   78.9
L  -50.8  -42.9  109.7  179.6 -179.9    nan  1.043  106.6  3.769  5.159   71.6   83.3
S  -60.8  -36.1  111.1  180.0  177.8    nan  1.047  102.0  3.818  5.368   69.1   83.3
E  -69.5  -42.4  112.9  179.9  -59.1    nan  1.083   90.7  3.777  5.286   62.4   82.1
L  -70.6  -44.1  112.4 -179.6  -59.6    nan  1.035   89.3  3.799  5.274   60.7   76.0
L  -71.2  -17.4  113.1 -179.0 -115.1    nan  1.043  101.3  3.815  5.140   56.7   74.0
L   64.4   31.3  112.1  179.8  -55.7    nan  1.070  101.1  3.807  5.467 -140.3 -135.9
R -153.5  162.3  106.6  178.8   81.4    nan  1.003  153.0  3.808  5.435   49.1   57.7
P  -65.2  149.9  111.6 -179.9  -25.8    nan  0.929   78.7  3.810  5.208  -71.6  -81.4
V -131.2  114.6  102.2  175.4  168.1  -72.7  0.933  114.8  3.775  5.726 -165.7 -167.4
T  -89.7  127.8  107.1 -179.1  130.1    3.5  1.103  103.3  3.740  5.946 -162.6 -154.2
F  -95.3  106.9  114.1 -177.8 -175.5    nan  1.056  114.6  3.768  5.834 -134.3 -148.3
A  -83.8  107.5  108.5  179.8    nan    nan  1.018  105.6  3.808  5.985 -153.2 -161.7
P  -51.1  -12.5  119.3 -178.9   30.2    nan  1.067  122.0  3.853  5.784 -116.3 -126.6
D -147.3  114.7  106.9 -178.2 -173.7    nan  0.968  119.6  3.805  4.947    7.5   26.5
C  -64.3  -25.4  114.9 -178.2   68.6    nan  1.095  103.2  3.810  5.996 -128.7 -129.3
L  -97.5   11.3  113.7 -179.8  -66.1    nan  1.085   87.2  3.809  5.274   45.9   67.0
N -143.4   46.4  109.8 -179.5 -169.6    nan  1.013   66.0  3.791  5.265   38.8   51.9
A -114.9   12.3  114.2 -178.1    nan    nan  1.066   70.7  3.781  5.759  102.4  116.5
A  -49.2  -49.7  110.7 -179.5    nan    nan  1.044  102.6  3.819  5.996  137.4  145.6
D  -49.8  -57.6  113.9  179.6   57.4    nan  1.071   94.8  3.810  5.287   74.5   87.7
V  -62.5  -44.9  110.2 -179.7  175.3  -60.5  0.998   96.3  3.789  5.103   58.7   69.4
V  -59.8  -47.5  110.2 -176.7  173.1  -68.8  1.073   96.8  3.772  5.209   65.3   84.9
S  -56.8  -37.1  113.2 -178.6   75.0    nan  1.081  103.8  3.753  5.307   70.1   84.5
K  -77.5    1.9  114.1 -179.4  -61.8    nan  1.086  103.2  3.787  5.277   56.3   75.4
M  -69.0  153.0  113.9 -178.8  -67.8    nan  1.079   81.5  3.798  5.824  104.3  119.3
S -141.5  160.4  105.8  179.7  -45.3    nan  0.954  142.5  3.778  5.528 -160.4 -172.7
P  -51.1  137.4  110.3 -179.8  -36.9    nan  0.957   73.8  3.789  5.163  -65.6  -70.2
G   99.9  -14.3  111.9  179.1    nan    nan    nan   85.7  3.752    nan    nan   42.4
D  -81.7  147.5  110.9 -178.9  -76.4    nan  1.011   94.0  3.760    nan    nan   91.2
V -130.1  126.8  105.9  178.4 -179.8  -59.5  0.986  123.6  3.769  5.639 -161.4 -166.4
V -127.4  132.2  106.9  179.6  157.4  -81.7  0.992  125.4  3.827  5.916 -177.7  177.2
L -113.9  127.0  105.4  178.4  171.7    nan  0.992  116.0  3.775  5.837 -161.3 -164.1
L  -86.5  153.7  108.4 -179.7  -57.9    nan  0.996   94.8  3.761  5.841 -133.3 -140.8
E  -62.2  161.9  109.3  178.3  175.1    nan  1.014   69.4  3.768  5.375  -84.2  -90.9
N  -39.4  113.3  110.5  179.2 -164.4    nan  1.010   84.2  3.845  5.131  -49.7  -60.3
V  -65.0  -22.0  111.1  179.4  -63.1   59.7  1.058  105.6  3.844  6.038 -127.5 -136.3
R  -78.8    6.9  112.1  179.4  -80.3    nan  1.101  103.7  3.771  5.435   65.9   86.0
F  -73.0  -15.2  106.9  176.9  -89.3    nan  1.016  102.0  3.775  5.911  105.6  115.0
Y -112.2  130.0  110.2  177.8  -69.2    nan  1.010  119.1  3.841  5.363   38.9   56.9
K  -62.3  -28.1  114.2 -179.4  -66.2    nan  1.080  103.8  3.798  5.712 -108.1 -114.8
E  -64.7  -25.9  112.9 -177.9    8.3    nan  1.123  103.4  3.779  5.521   76.7   96.5
E  -52.8  -48.6  110.1 -179.9 -146.9    nan  1.027  101.3  3.779  5.689  101.9  107.0
G -103.7   14.9  116.4 -179.6    nan    nan    nan   83.2  3.770    nan    nan   39.6
S  -60.2  148.5  111.6  178.8  176.4    nan  1.053   75.2  3.827    nan    nan  136.5
K  -83.9  -17.7  106.7  179.7  -36.6    nan  0.978   90.8  3.801  5.558 -106.8 -118.9
K  -84.3  107.0  108.5  179.7  -60.5    nan  1.007  105.8  3.761  5.370   65.4   83.2
A  -50.7  -37.2  111.2  179.1    nan    nan  1.045  109.5  3.787  5.891 -116.6 -129.1
K  -55.3  -46.1  108.0  179.4   56.6    nan  1.013  102.2  3.813  5.466   81.9   92.8
D  -62.7  -48.7  112.4  179.6  -69.2    nan  1.049   92.8  3.802  5.220   62.6   77.8
R  -58.6  -48.1  110.4  179.6  -62.6    nan  1.040   97.3  3.783  5.233   66.5   80.3
E  -61.7  -32.7  113.6 -179.6  -67.9    nan  1.089  102.0  3.785  5.219   60.4   78.8
A  -57.4  -54.1  108.9  179.8    nan    nan  1.017   95.4  3.785  5.519   85.3   95.9
M  -65.4  -46.6  110.4  179.9 -178.3    nan  1.004   93.2  3.794  5.067   55.4   68.1
A  -57.3  -32.9  112.5  179.7    nan    nan  1.065  106.2  3.807  5.249   67.1   83.4
K  -57.1  -44.4  109.8  179.7  -85.9    nan  1.047  100.9  3.791  5.492   83.3   96.0
I  -66.8  -51.4  111.9 -179.5  -51.5 -172.6  1.032   88.7  3.794  5.276   63.5   76.7
L  -58.3  -44.3  110.2  179.8  -92.7    nan  1.023   99.8  3.775  5.140   66.1   78.1
A  -58.5  -25.4  112.6 -179.6    nan    nan  1.093  109.4  3.784  5.260   66.1   84.8
S  -73.8  -13.9  110.2  180.0   78.7    nan  1.064  101.0  3.798  5.543   70.2   87.8
Y  -70.0  -35.9  115.7 -179.9  -70.5    nan  1.107   92.2  3.791  5.630   83.3  103.1
G -137.5 -178.7  117.5 -178.2    nan    nan    nan  136.9  3.781    nan    nan   19.9
D  -93.4  -64.8  111.2 -179.4  -45.1    nan  1.032   69.4  3.767    nan    nan  -86.0
V -100.5  144.4  112.7 -179.8   20.1  143.1  1.093  111.6  3.809  4.862    0.6   27.0
Y -113.8  140.6  110.0  177.7  170.7    nan  1.028  120.7  3.822  5.777 -145.4 -151.9
I -141.2  138.9  106.9  176.9  108.1  -17.4  1.080  135.0  3.785  5.728  174.7  174.7
S -109.1  127.5  108.2 -179.6 -173.3    nan  0.997  115.7  3.757  5.744 -141.0 -150.5
D -125.4    6.8  108.3  178.5 -147.1    nan  1.009   56.9  3.779  5.794 -176.5  178.1
A  -87.2   55.6  117.5 -179.7    nan    nan  1.159  114.1  3.826  5.694   79.0  106.8
F  -65.8  128.0   94.6  175.5  166.2    nan  0.827   78.7  3.829  6.245 -174.1  160.5
G  132.2  -25.3  103.4 -178.0    nan    nan    nan   57.8  3.753    nan    nan   73.7
T -133.5    9.1  104.6  177.1  -42.1 -161.6  0.961   49.3  3.743    nan    nan   23.7
A  -64.5  -24.8  110.9  179.2    nan    nan  1.036  104.8  3.799  5.829  112.7  127.9
H  -81.1   -9.2  109.4  179.0   58.6    nan  1.008   95.8  3.803  5.407   64.3   79.7
R  -95.3  107.5  110.3  179.3  -57.4    nan  1.044  111.0  3.797  5.475   60.9   81.3
D  -78.0   93.2  101.8  176.9  176.1    nan  0.925  100.9  3.774  5.936 -141.5 -158.5
S -126.8  177.4  116.2 -177.7   66.8    nan  1.098  127.9  3.815  5.912  139.1  151.3
A  -57.4  -50.3  112.7 -179.7    nan    nan  1.071   95.4  3.765  4.971  -55.3  -56.7
T  -77.9  -31.7  111.9 -179.1   55.4  -63.8  1.103   89.2  3.813  5.195   39.7   62.3
M  -75.2  -52.8  114.1 -178.4  -67.6    nan  1.082   80.8  3.816  5.497   66.0   82.8
T -113.5  -30.7  114.3 -176.8   48.9  -68.1  1.069   57.6  3.785  4.726    6.6   28.4
G  -65.3  -42.3  116.2  179.9    nan    nan    nan   92.2  3.797    nan    nan   92.5
I  -67.4  -51.6  112.3  179.7  -61.8  178.4  1.098   88.0  3.815    nan    nan   79.5
P  -56.3  -35.1  110.5  179.8   23.5    nan  0.964  106.7  3.797  5.266   73.6   80.2
K  -59.7  -62.5  107.5  179.1  155.0    nan  0.994   90.2  3.799  5.331   70.6   90.0
I  -65.7  -28.8  115.1 -178.0  -59.4 -179.8  1.097  100.1  3.800  5.035   41.6   62.7
L  -81.6  -26.6  110.7 -179.9 -162.9    nan  1.032   88.5  3.792  5.383   63.2   77.8
G   82.8   16.0  115.1 -179.2    nan    nan    nan   90.2  3.795    nan    nan -127.8
N -159.8  161.5  109.0  178.6   76.1    nan  1.055  157.7  3.799    nan    nan   37.0
G  174.6  126.5  109.6 -179.6    nan    nan    nan  124.5  3.765    nan    nan  151.4
A -120.4  171.3  104.8  179.1    nan    nan  0.967  122.2  3.764    nan    nan -178.0
A  -98.1  135.4  109.6  180.0    nan    nan  1.015  109.5  3.821  5.448 -107.6 -103.2
G  -73.4 -179.7  108.5  177.8    nan    nan    nan   73.3  3.780    nan    nan -121.8
Y  -65.5  -40.2  113.3  179.8  -68.0    nan  1.065   94.9  3.764    nan    nan  -60.1
L  -65.2  -44.3  109.5 -179.6 -178.1    nan  1.046   95.1  3.800  5.346   66.9   82.4
M  -56.8  -54.8  107.6  178.2 -176.3    nan  0.997   96.3  3.820  5.444   75.6   83.5
E  -50.2  -54.1  111.0  178.1  -81.4    nan  1.004   98.8  3.814  5.225   73.0   80.0
K  -52.4  -56.9  113.3  179.9  179.8    nan  1.052   94.1  3.807  5.107   68.2   81.5
E  -57.3  -54.1  109.8 -178.4  -56.3    nan  1.018   94.9  3.818  5.195   63.5   75.7
I  -53.9  -42.1  112.0 -179.4  -71.4  168.7  1.062  103.5  3.782  5.182   66.3   80.2
S  -67.3  -50.7  112.4 -179.5  -63.1    nan  1.058   88.4  3.802  5.315   64.3   79.1
Y  -59.6  -48.2  109.8 -178.8 -178.4    nan  1.059   96.9  3.744  5.241   65.1   78.8
F  -61.3  -43.9  109.9  179.7  -83.7    nan  1.046   98.0  3.752  5.294   65.7   77.6
A  -53.1  -64.5  109.4 -178.7    nan    nan  1.031   91.0  3.783  5.363   78.7   90.2
K  -53.5  -35.5  112.4 -178.1   66.7    nan  1.109  107.9  3.779  5.088   53.3   72.1
V  -81.0  -39.6  117.6 -178.5  134.5 -100.4  1.160   80.2  3.781  5.253   48.9   75.0
L  -74.1  -14.4  112.8 -178.6  -68.0    nan  1.074  100.0  3.831  5.419   60.4   77.3
G  -74.4  -61.3  112.3  179.1    nan    nan    nan   79.0  3.761    nan    nan   97.1
N -114.3   59.1  110.6 -178.5  -60.6    nan  0.998   93.7  3.812    nan    nan   16.8
P  -65.4  137.5  114.1 -179.4   38.2    nan  0.970   86.9  3.808  6.040  174.1  175.8
P  -73.2  124.0  103.7  178.8  -26.9    nan  0.849   91.5  3.824  5.680 -109.0 -121.5
R  -95.3  159.5  106.3  179.8  -64.0    nan  0.996  100.6  3.781  5.921 -161.7 -151.7
P  -64.2  149.3  109.7    0.6  -28.4    nan  0.926   77.4  2.984  4.857  111.4   67.3
L -116.2  113.2  108.2  178.9  167.2    nan  1.003  115.5  3.793  5.738 -151.5 -149.9
V -105.7  133.2  110.9  178.5   51.4  172.8  1.027  115.8  3.774  5.949 -170.8 -174.4
A -106.3  118.1  104.7  177.8    nan    nan  0.947  110.3  3.758  5.698 -146.7 -159.0
I -104.0  115.2  104.8  177.4  -58.0 -177.6  0.954  109.1  3.785  5.956 -163.4 -169.5
V -124.7  129.0  112.5  178.4   26.1  149.8  1.140  127.1  3.795  5.866  160.7  170.8
G -142.9 -142.8  111.7 -179.4    nan    nan    nan  120.0  3.793    nan    nan  161.5
G   74.9 -145.5  115.0 -179.3    nan    nan    nan   90.9  3.783    nan    nan  114.3
A -125.7 -145.7  108.5  179.3    nan    nan  1.023  109.6  3.803    nan    nan  -77.8
K   55.9   35.2  108.3 -178.3  -63.2    nan  0.997  108.0  3.849  4.911   99.9   93.6
V  -50.2  -50.6  116.6 -177.3 -173.4  -51.6  1.140   98.0  3.801  6.095  154.8  169.3
S  -54.1  -37.2  114.4 -179.1   58.7    nan  1.064  105.4  3.802  5.367   75.5   85.9
D  -85.2  -48.2  109.7 -178.2  -38.5    nan  0.995   78.8  3.798  5.234   53.6   67.8
K  -62.4  -33.0  113.0 -177.5 -156.8    nan  1.082  101.5  3.763  5.064   60.2   79.2
I  -66.2  -29.0  110.6 -179.5 -161.9   75.9  1.062  101.3  3.814  5.528   72.2   88.1
Q  -77.4  -10.6  113.3 -179.6  -49.5    nan  1.065   98.3  3.768  5.334   64.0   81.7
L  -90.3  -19.5  110.7  179.9  -46.0    nan  1.009   82.9  3.797  5.523   69.3   85.8
L  -64.0  -41.9  114.5 -178.4  -65.3    nan  1.104   94.4  3.782  5.489   83.4  104.0
D  -54.6  -48.3  111.1 -179.9  -91.4    nan  1.051   99.6  3.802  5.479   80.8   91.2
N  -76.5   10.3  117.4 -178.9   43.8    nan  1.152  108.0  3.801  5.096   42.2   66.7
M -122.3    0.7  111.4  178.3   66.9    nan  1.081   58.0  3.819  5.534   56.1   72.9
L  -66.8  -28.6  112.4 -179.6  -60.4    nan  1.059  100.2  3.826  5.871  105.7  118.6
Q  -71.6  -28.4  110.4 -179.2  -33.3    nan  1.014   96.9  3.787  5.433   74.4   87.1
R  -88.9  -38.5  114.1 -177.6  -36.2    nan  1.036   76.1  3.794  5.207   54.1   73.1
I  -87.6  159.9  117.8 -175.5   63.5  -53.9  1.143   96.9  3.772  5.009   40.4   68.7
D -109.7  -34.9  110.1  179.3  -60.6    nan  1.046   62.6  3.804  5.476 -125.1 -131.7
Y -129.1  145.6  108.4  178.5  -73.6    nan  0.976  131.2  3.796  4.962    6.2   22.1
L -133.8  101.7  106.0  178.4  176.7    nan  0.998  109.6  3.783  5.654 -170.3 -170.5
L  -90.8  128.7  107.2  179.0  -64.2    nan  0.978  103.8  3.793  6.042 -162.8 -171.8
I -119.4  122.4  114.5 -179.6  -67.9  168.6  1.108  124.6  3.784  5.782 -176.4 -168.3
G -131.0 -157.6  111.1  179.7    nan    nan    nan  120.2  3.808    nan    nan  167.6
G   55.0 -153.6  113.4  179.6    nan    nan    nan   68.3  3.798    nan    nan   77.8
A  -69.0  -27.9  112.5 -178.9    nan    nan  1.069   98.6  3.787    nan    nan  -30.8
M  -50.3  -40.1  113.4  179.9  171.8    nan  1.021  107.0  3.806  5.520   97.2  107.4
A  -57.5  -47.1  116.3 -179.2    nan    nan  1.103   95.3  3.797  5.245   71.2   91.4
Y  -52.9  -39.6  116.1 -178.4  -47.3    nan  1.160  103.9  3.801  5.285   70.0   90.9
T  -64.2  -44.3  108.1  178.1  -59.2 -177.6  1.043   96.7  3.795  5.552   71.7   82.4
F  -62.8  -49.7  112.3  178.7  -79.8    nan  1.081   92.2  3.840  5.401   63.8   79.0
L  -57.5  -41.2  112.5  179.7  -68.8    nan  1.075  101.0  3.798  5.290   66.7   80.9
K  -68.3  -40.0  110.0 -179.9 -159.0    nan  1.033   94.5  3.813  5.380   64.4   78.3
A  -60.2  -31.3  108.7  178.3    nan    nan  1.018  106.2  3.794  5.374   73.4   84.7
Q  -78.2  -14.6  111.8  179.0  -70.8    nan  1.044   96.1  3.813  5.363   59.4   77.0
G  103.8   18.2  117.9  179.6    nan    nan    nan   68.4  3.806    nan    nan  -98.3
Y  -95.0  166.1  111.4  179.8  -62.8    nan  1.041   99.8  3.815    nan    nan  107.6
S  -83.2  127.7  105.9  178.9  -66.3    nan  0.966   98.2  3.774  5.298  -91.3  -97.4
I -104.6  -10.4  113.7 -178.3 -104.4  127.9  1.092   71.4  3.774  5.813 -158.3 -157.6
G   58.6 -139.2  110.2 -178.9    nan    nan    nan   78.3  3.811    nan    nan -133.7
K  -93.0   25.0  111.0  178.1  -66.9    nan  1.026   96.0  3.798    nan    nan  -39.9
S  -75.4  152.3  112.2 -179.7  -53.0    nan  1.071   87.0  3.799  5.961  118.1  133.6
K  -56.8  129.3  109.0  179.8 -166.1    nan  1.004   82.2  3.806  5.309  -74.6  -88.9
C -152.7  144.3  112.8 -179.6  161.4    nan  1.061  145.6  3.820  5.714  156.2  154.2
E  -96.3   83.4  105.4  177.2  -73.0    nan  0.992  104.5  3.792  5.701 -128.2 -137.1
E  -51.9  -29.8  112.6 -179.7  -64.9    nan  1.053  112.7  3.814  6.095 -143.1 -149.8
S  -87.2   16.6  112.4  178.9   59.7    nan  1.020   98.9  3.806  5.299   54.4   70.4
K -128.0   -0.6  110.9 -178.4 -116.3    nan  1.017   51.8  3.806  5.380   57.5   74.9
L  -50.5  -46.3  116.4 -178.0  -63.3    nan  1.160  101.1  3.810  5.828  114.0  135.1
E  -68.8  -37.2  108.7  178.4  -68.4    nan  1.018   96.2  3.821  5.414   62.6   72.5
F  -59.8  -44.0  108.4  179.4 -170.0    nan  0.993   99.9  3.787  5.406   78.3   88.0
A  -59.4  -45.1  109.4 -179.3    nan    nan  1.025   99.0  3.790  5.242   69.7   83.3
R  -61.6  -43.6  113.8 -180.0 -103.8    nan  1.077   95.7  3.785  5.238   64.2   81.0
S  -66.6  -40.1  109.7 -179.2 -158.7    nan  1.020   96.0  3.787  5.234   64.7   78.3
L  -63.0  -35.8  109.5  180.0 -167.1    nan  1.013  101.2  3.795  5.277   67.9   83.2
L  -69.0  -34.0  108.4  179.1  -69.6    nan  1.027   97.6  3.809  5.395   63.6   80.8
K  -63.7  -56.7  107.9  178.2 -117.1    nan  0.980   90.7  3.797  5.469   77.6   86.3
K  -54.2  -43.5  110.2 -179.6  -46.1    nan  1.031  103.4  3.793  5.134   64.7   76.5
A  -52.6  -48.1  109.6 -179.9    nan    nan  1.049  102.0  3.800  5.367   78.1   90.2
E  -61.1  -48.4  109.5  178.8  -68.3    nan  0.994   95.9  3.831  5.402   69.4   76.9
D  -57.8  -37.6  112.9 -179.6  -65.6    nan  1.064  102.7  3.783  5.133   67.2   81.6
R  -88.2   10.7  114.3 -179.3  -48.4    nan  1.080   96.2  3.820  5.197   43.2   64.3
K   60.9   52.1  113.5  179.3  -73.1    nan  1.088   91.3  3.779  5.454 -112.5 -114.4
V -122.3  121.3  107.7  178.7 -174.2  -51.1  0.967  119.8  3.785  5.895  110.6  108.7
Q  -85.7  101.4  107.5  178.1 -171.3    nan  0.993  106.2  3.777  5.864 -142.3 -148.4
V  -87.5  134.6  107.0  179.0  170.9  -64.4  0.956  100.2  3.801  6.040 -158.8 -169.3
I -126.8  131.4  108.4  178.8  -56.3 -178.4  1.022  125.8  3.788  5.731 -174.4 -174.4
L -113.9  171.6  108.1 -179.4  -79.0    nan  0.987  116.2  3.801  5.788 -155.9 -165.3
P  -59.6  139.1  113.1  179.7  -33.7    nan  0.982   80.8  3.793  5.075  -63.7  -65.1
I  -91.7  -38.7  107.9  179.2  -79.8  154.4  0.958   77.6  3.786  5.727 -128.5 -139.6
D -142.3  172.5  107.5  178.8   52.6    nan  1.033  144.0  3.786  4.767  -19.4    4.4
H -139.9  166.5  112.6 -178.3  -48.2    nan  1.001  143.3  3.794  5.464 -142.0 -142.5
V -114.3  125.3   99.1  175.2 -178.9  -58.7  0.918  110.8  3.780  5.406 -128.4 -130.9
C -135.6  174.6  113.6 -177.0  -37.0    nan  1.018  137.5  3.798  5.795  173.9  173.2
H -164.4  161.5  107.5  178.2 -173.0    nan  1.001  159.9  3.708  5.190 -171.1 -170.1
T  -73.7  -19.0  112.6 -178.1   56.6  -62.3  1.045   98.4  3.761  5.305  -88.1  -90.3
E -147.6  156.9  109.9 -179.8   53.6    nan  1.034  148.1  3.749  4.847   -0.9   19.4
F  -73.1   67.8  108.0  179.9 -158.3    nan  0.969  112.6  3.805  5.368  -87.5  -98.1
K -145.5  144.6  106.0  179.7  -72.4    nan  0.969  139.6  3.791  5.708   97.5  100.8
A  -71.8  149.1  108.6 -179.9    nan    nan  1.001   83.5  3.751  5.521 -101.8 -109.2
V -157.2  129.4  106.3  178.5   62.2 -176.5  1.006  132.0  3.757  5.559  171.9  168.4
D  -61.4  134.7  102.1  179.0  -53.1    nan  0.917   78.1  3.763  5.677  -98.2 -117.3
S   58.0   67.9  116.7  179.3  -47.3    nan  1.108   81.2  3.790  4.764   15.9    2.0
P  -83.4  179.3  108.7  179.3   33.8    nan  0.926   83.7  3.849  6.058  171.6  161.5
L  -71.8  126.1  113.3 -178.6  173.7    nan  1.058   96.8  3.827  5.387  -78.0  -66.4
I -116.3  111.0  108.9  176.5  136.9    8.5  1.125  115.5  3.787  5.872 -177.7 -175.0
T  -68.6  168.3  114.4 -178.7   71.3  -49.2  1.082   73.7  3.818  6.024 -122.2 -140.4
E -108.0  -31.8  108.4  179.9  -65.5    nan  0.977   65.2  3.811  5.342 -112.8 -118.8
D -102.4 -178.7  111.9 -179.7  -96.8    nan  0.997  101.9  3.782  5.053   36.2   53.5
Q  -83.9  -11.9  103.9  177.0  -71.0    nan  0.935   93.2  3.750  5.015  -80.2  -80.4
N  -80.1  142.3  110.4 -179.1  -60.8    nan  1.041   94.3  3.797  5.490   72.4   94.0
I -115.8  128.3  107.9 -179.5  -66.8  170.6  0.979  119.1  3.774  5.713 -145.6 -157.3
P  -54.9  137.8  110.6  179.4  -35.5    nan  0.938   76.6  3.865  5.613  -97.4 -111.1
E  -45.7  -37.7  115.8 -177.3  -14.4    nan  1.127  111.3  3.837  5.747  -89.9  -90.2
G  -85.8   -1.1  116.8 -179.5    nan    nan    nan   93.6  3.788    nan    nan   68.6
H -109.9  164.0  114.5 -177.9  -66.4    nan  1.034  115.8  3.802    nan    nan   77.8
M -129.8  130.4  105.8  176.5   49.0    nan  1.002  125.0  3.767  5.454 -148.4 -148.2
A  -78.0  129.1  106.0 -179.8    nan    nan  0.995   94.5  3.792  5.811 -121.7 -129.8
L -115.6   -5.7  114.1 -178.3  -65.7    nan  1.114   62.1  3.767  5.817 -168.7 -165.2
D -162.2  159.5  107.5  178.0 -166.9    nan  1.008  157.5  3.830  5.135    1.6   13.7
I  -75.3  146.7  105.9  177.6   55.0  -68.3  1.012   86.2  3.783  5.472  -93.5  -97.4
G  -78.8  169.9  114.2 -179.6    nan    nan    nan   83.1  3.826    nan    nan -111.4
P  -55.3  -41.1  114.8 -179.6   25.1    nan  1.017  101.7  3.836    nan    nan  -63.6
K  -66.1  -35.1  110.7  179.8  -74.2    nan  1.070   98.4  3.789  5.311   57.4   81.1
T  -70.2  -42.5  108.9  179.5  -52.1 -171.8  1.034   92.5  3.791  5.428   66.5   80.8
I  -58.6  -39.1  109.6  179.1  -74.0  162.4  1.031  102.9  3.793  5.395   72.4   84.5
E  -63.2  -52.3  112.3  179.9  -74.2    nan  1.063   90.5  3.795  5.344   68.5   84.6
K  -60.3  -48.2  110.5  179.3 -176.6    nan  1.054   95.9  3.801  5.257   61.6   75.2
Y  -59.1  -47.9  112.0 -179.9  -76.4    nan  1.062   96.0  3.847  5.359   67.6   80.4
V  -63.1  -42.9  108.5  179.7  169.2  -70.1  1.039   98.0  3.769  5.270   63.5   76.2
Q  -59.6  -51.7  110.8  179.8  176.6    nan  1.034   94.2  3.784  5.324   71.3   83.9
T  -64.9  -32.9  112.9 -179.8  134.9   13.8  1.200   99.5  3.810  5.283   44.6   72.6
I  -62.4  -33.2  106.7  177.6  -75.9  160.4  1.009  104.4  3.827  5.807   87.0   88.7
G  -68.2  -23.2  111.1  178.8    nan    nan    nan  102.1  3.767    nan    nan   83.8
K  -84.4   -2.3  112.5  179.5  -59.9    nan  1.046   94.7  3.822    nan    nan   79.7
C -105.1  166.6  116.5 -176.8  -56.7    nan  1.075  110.7  3.821  5.412   62.0   83.2
K -116.8  -13.1  109.2  178.8  -88.7    nan  1.058   59.7  3.756  5.361 -133.5 -129.4
S -138.1  138.8  107.6  178.6  -71.3    nan  0.978  133.8  3.816  5.224   16.9   32.7
A -142.0  126.6  110.5  179.6    nan    nan  1.035  130.0  3.782  5.629  176.0  175.0
I -122.6  119.5  105.0  178.1  -63.4  178.1  1.000  117.1  3.795  5.865 -175.1  179.4
W -119.0  133.9  114.9 -178.0  175.4    nan  1.035  126.9  3.794  5.903 -172.9 -178.1
N -144.7  120.3  111.2  175.8  172.9    nan  1.068  126.4  3.785  5.672  165.4  162.0
G  102.5  120.2  114.6  178.5    nan    nan    nan   76.0  3.754    nan    nan   25.5
P  -57.4  151.6  108.2  179.7  -33.7    nan  0.914   69.6  3.838    nan    nan -123.5
M  -76.7  -13.4  112.5  179.5  -64.3    nan  1.061   97.9  3.774  5.630 -111.9 -105.4
G -162.9 -165.8  109.7  178.6    nan    nan    nan  154.5  3.796    nan    nan    6.4
V  -81.8   70.8  108.0  179.0 -176.8  -55.0  1.035  109.6  3.785    nan    nan  -60.5
F  -55.5  -20.6  114.3 -177.5   80.3    nan  1.106  114.2  3.848  6.254 -164.1 -163.5
E  -63.0  -24.4  111.2  178.9  -64.4    nan  1.052  106.2  3.768  5.586   90.1  101.7
M -104.7  126.7  107.3  178.1  -64.4    nan  1.002  112.4  3.802  5.250   37.7   56.5
V  -45.4  -51.3  115.9 -178.6  172.0  -66.8  1.123  101.3  3.795  5.755  -92.9 -101.1
P  -63.3  -17.7  116.4 -179.3   31.3    nan  1.043  108.0  3.839  5.191   63.7   77.3
Y -112.4   22.7  110.9 -178.5  -48.4    nan  1.009   77.0  3.803  5.196   34.6   59.1
S -106.1  -10.8  116.1 -177.7   61.2    nan  1.077   69.4  3.778  5.624   82.7  105.1
K  -54.5  -45.7  115.6 -177.9  -69.2    nan  1.102   98.8  3.783  5.689  106.9  122.2
G  -60.5  -45.8  114.2 -179.9    nan    nan    nan   95.0  3.749    nan    nan   83.6
T  -61.9  -46.8  111.6 -178.8  -62.4  176.2  1.033   94.9  3.802    nan    nan   81.7
F  -71.4  -26.0  113.4 -179.4  -73.9    nan  1.101   97.0  3.735  5.057   50.2   71.6
A  -68.8  -46.7  109.9  178.9    nan    nan  1.031   90.9  3.827  5.590   77.6   90.7
I  -62.1  -46.4  109.0  177.5  -58.6  179.5  1.019   96.6  3.808  5.267   64.4   76.1
A  -56.6  -48.3  109.1  179.6    nan    nan  1.015   99.3  3.829  5.320   71.3   83.0
K  -58.2  -47.1  112.1 -179.7  176.4    nan  1.046   97.1  3.801  5.231   66.5   80.9
A  -62.1  -41.9  112.1 -179.7    nan    nan  1.049   97.2  3.778  5.197   64.4   79.1
M  -70.0  -44.5  110.6 -179.2  -76.9    nan  1.040   90.7  3.763  5.199   59.9   76.8
G  -62.4  -42.9  109.1 -179.5    nan    nan    nan   98.2  3.775    nan    nan   80.4
R  -67.7  -44.9  111.3 -179.8 -175.7    nan  1.022   91.8  3.802    nan    nan   76.6
G  -56.0  -47.2  110.3 -179.5    nan    nan    nan   99.7  3.775    nan    nan   86.5
T  -62.9  -55.2  109.9 -179.9  -62.3  177.1  1.021   90.6  3.791    nan    nan   77.1
H  -59.0  -39.6  116.4 -179.2  173.7    nan  1.076   98.8  3.759  5.042   59.0   75.5
E -101.1  -10.5  116.8 -177.8  -57.9    nan  1.102   74.4  3.797  4.981   27.5   53.5
H -146.4   10.6  117.4 -178.7  -50.1    nan  1.106   39.5  3.813  4.961   11.2   31.6
G   73.0   11.3  114.8  179.6    nan    nan    nan  102.0  3.800    nan    nan -104.2
L  -51.6  124.5  103.2  178.3 -173.6    nan  0.909   78.2  3.811    nan    nan  139.0
M  -84.2  110.6  107.6  179.1 -169.9    nan  1.037  104.3  3.734  5.837 -145.4 -140.1
S -111.2  136.3  117.4 -176.4   57.3    nan  1.069  124.0  3.778  5.880 -174.8 -177.5
I -131.8  123.9  109.5  178.2  -57.5 -178.8  1.000  125.3  3.818  5.768 -171.5  177.1
I -114.6  136.5  106.6  178.1  -60.2 -179.7  0.971  118.7  3.849  5.900 -165.9 -175.8
G -137.4  154.8  116.1 -179.5    nan    nan    nan  142.5  3.798    nan    nan -178.8
G  109.6  153.8  111.4  179.3    nan    nan    nan   98.6  3.778    nan    nan   70.7
G  -63.9  -53.0  114.1  179.7    nan    nan    nan   88.4  3.781    nan    nan  -91.4
D  -68.0  -37.6  110.6  179.8  -57.0    nan  1.055   95.6  3.793    nan    nan   68.3
S  -59.9  -49.3  109.8  179.4  -71.4    nan  1.030   96.0  3.780  5.407   75.4   88.3
A  -58.0  -37.3  111.0  179.3    nan    nan  1.067  103.7  3.838  5.271   64.4   79.4
S  -63.5  -48.2  110.0  178.1  -52.6    nan  1.009   94.0  3.811  5.439   75.3   84.4
A  -59.4  -46.7  110.8 -179.3    nan    nan  1.046   97.3  3.811  5.184   65.8   80.2
A  -56.5  -41.9  109.7  178.1    nan    nan  1.015  102.8  3.808  5.294   71.8   82.1
E  -71.8  -33.1  113.2 -179.6  -64.2    nan  1.102   93.3  3.806  5.214   53.4   74.6
L  -67.5  -41.0  109.2  179.2 -122.0    nan  0.997   95.1  3.779  5.434   76.2   85.6
S  -75.5  -28.9  111.6 -179.7   52.8    nan  1.020   92.7  3.796  5.153   54.8   71.3
G   94.3   -1.2  110.5  179.7    nan    nan    nan   86.1  3.765    nan    nan -118.7
E  -79.2   -9.4  112.4 -179.8  -63.9    nan  1.051   97.2  3.768    nan    nan  105.5
A  -52.2  -47.8  111.7 -179.5    nan    nan  1.042  101.3  3.793  5.749  112.0  123.2
K  -66.8  -25.7  112.8 -179.7   57.1    nan  1.076  101.6  3.783  5.126   55.9   74.3
R  -85.4   -2.9  115.9 -179.4  -50.6    nan  1.100   93.3  3.821  5.397   55.8   78.8
M  -82.8  167.6  108.5  179.9  -56.2    nan  0.967   86.8  3.846  5.767   91.7   99.2
S  -80.3  -26.8  106.9  177.3  -52.0    nan  0.984   91.2  3.778  5.325  -93.2  -92.0
H -167.8  138.3  110.7 -179.0 -175.1    nan  0.994  141.2  3.765  4.644  -25.0  -11.0
V -122.9  105.6  102.7  176.6   39.7  163.4  1.055  108.9  3.768  5.765 -174.7 -169.8
S  -81.3  147.2  114.5 -177.4  179.3    nan  1.057   95.4  3.792  6.080 -142.3 -154.6
T  -82.8   -2.4  107.9  176.9   52.2  -69.5  0.981   96.4  3.743  5.489 -109.7 -121.2
G -108.1  132.2  112.8  178.4    nan    nan    nan  118.8  3.772    nan    nan   75.5
G -102.0  -85.0  105.9  177.4    nan    nan    nan   73.4  3.808    nan    nan -155.6
G  -55.7  -30.7  109.8  178.4    nan    nan    nan  110.0  3.789    nan    nan   46.9
A  -63.5  -53.2  106.4  178.2    nan    nan  1.000   93.8  3.789    nan    nan   89.4
S  -58.3  -25.8  112.7  178.8  -61.6    nan  1.056  109.3  3.804  5.242   60.0   74.7
L  -84.6  -40.8  111.7 -179.6  -70.4    nan  1.068   80.2  3.829  5.413   57.6   77.7
E  -61.9  -42.7  108.3  179.6 -164.7    nan  0.993   99.1  3.812  5.376   74.7   83.6
L  -52.1  -21.4  112.5  179.0 -147.5    nan  1.057  117.5  3.785  5.253   75.0   90.3
L  -67.6  -38.8  110.4  178.9  -92.2    nan  1.074   95.4  3.787  5.616   79.2   96.7
E  -48.9  -21.1  114.2  179.8 -174.9    nan  1.072  120.1  3.777  5.505   89.5   98.9
G   96.7  -14.2  114.5  179.4    nan    nan    nan   89.3  3.804    nan    nan -110.6
K  -71.8  153.1  110.1  178.6   28.6    nan  1.013   82.5  3.775    nan    nan   98.4
T  -89.1  115.0  108.5  178.0   46.0  -76.3  1.011  106.3  3.795  5.600 -113.3 -118.2
L  -43.0  130.0  108.9  179.2  -52.4    nan  0.974   72.5  3.790  5.642  -94.7 -115.2
P  -55.5  -38.5  113.1 -179.8   27.8    nan  0.997  104.0  3.824  5.628 -101.0 -108.4
G  -63.4  -34.1  110.5  179.0    nan    nan    nan  101.2  3.800    nan    nan   84.7
V  -77.3  -50.7  106.8  178.7  177.3  -60.1  0.979   85.5  3.765    nan    nan   74.1
T  -50.0  -47.2  112.8 -179.2  -48.5 -167.5  1.078  102.6  3.764  5.199   71.7   86.4
V  -57.6  -20.6  113.6 -176.9   73.6 -163.8  1.107  112.5  3.799  5.376   69.7   86.4
L  -69.4  150.0  114.3 -177.0  -49.9    nan  1.119   83.6  3.798  5.581   81.1   99.8
D  -66.3  105.8  108.0  179.4  -64.1    nan  1.003   99.4  3.780  5.455  -84.4 -100.4
D  -79.1   86.2  112.0  179.0   59.5    nan  1.068  112.3  3.793  6.048 -151.3 -156.2
K -122.9    nan  110.4  179.8  -71.5    nan  1.051    nan  3.754  5.907  143.8  142.1
