Id   phi    psi    tau  omega    chi    chi2  solid    eta  CA-CA  CB-CB  BA^AB  NA^AC
M    nan  147.3  108.6    nan -177.1    nan  1.039    nan    nan    nan    nan    nan
N -155.9  172.1  108.9  178.9   65.0    nan  1.070  157.3  3.771  5.596  170.8  167.5
I  -51.7  -46.4  114.8 -177.9 -168.7   69.7  1.225  100.9  3.831  5.353  -63.3  -56.1
F  -61.4  -44.8  112.5 -180.0  -71.6    nan  1.083   95.9  3.798  5.525   70.7   81.3
E  -69.2  -36.3  110.5 -179.7  -54.9    nan  1.021   95.3  3.749  5.301   62.4   74.5
M  -63.4  -47.4  110.4  179.8  174.8    nan  1.046   94.3  3.741  5.278   72.7   86.8
L  -73.2  -27.7  112.6  179.8  -80.2    nan  1.066   94.9  3.794  5.226   49.4   68.5
R  -64.5  -31.8  109.0  179.7  164.5    nan  1.030  102.2  3.752  5.541   81.2   94.0
I  -73.1  -45.6  112.9  178.6  -78.4  163.3  1.062   86.5  3.750  5.307   64.5   81.3
D  -71.8  -30.9  112.8 -179.3  -75.5    nan  1.017   94.6  3.734  5.154   58.3   72.5
E  -96.5  -31.5  117.4 -174.9  -65.1    nan  1.100   70.4  3.830  5.133   39.9   68.1
G   83.6 -175.7  108.4 -177.2    nan    nan    nan   85.0  3.713    nan    nan -126.6
L -136.6  124.8  109.6  176.7  177.0    nan  1.074  127.2  3.776    nan    nan -127.7
R -138.9  122.0  111.1  179.7  -74.6    nan  1.081  126.8  3.724  5.619  169.6  161.8
L  -84.0    0.5  116.2 -179.5  -57.3    nan  1.107   96.2  3.752  5.833 -135.7 -145.1
K -125.2  149.0  109.6 -179.4 -151.3    nan  0.906  129.4  3.800  5.363   55.8   61.9
I  -55.2  135.0  109.2  179.0  -66.7  173.3  1.034   77.7  3.777  5.455  -86.7  -88.2
Y -140.7  172.4  109.5 -180.0   68.3    nan  1.138  142.6  3.794  5.755  170.0  171.9
K -102.3  138.3  109.3  176.6  -73.3    nan  1.043  111.9  3.772  5.343 -105.1 -107.0
D  -84.1 -170.8  110.1 -179.8   66.4    nan  1.119   81.0  3.768  5.774 -128.4 -125.9
T  -60.5  -23.3  113.0 -179.3   77.1  -41.7  1.084  108.5  3.821  5.029  -42.5  -44.4
E  -99.0   -3.8  114.6 -179.2  -49.9    nan  1.146   79.5  3.881  5.379   44.2   67.3
G   97.8    8.3  115.2  178.9    nan    nan    nan   78.8  3.844    nan    nan  -92.5
Y  -93.5  149.0  114.8 -179.3  -45.1    nan  1.115  105.6  3.778    nan    nan  102.7
Y  -63.3  116.0  112.4  179.1  -78.9    nan  1.063   96.3  3.663  5.101  -86.3 -101.8
T -134.7  170.2  109.9 -177.4  -59.1  174.3  0.962  137.3  3.791  5.843  171.8  157.6
I -160.2  165.0  110.6  176.2 -158.5   83.3  1.084  160.0  3.809  5.510  178.6 -170.7
G   66.0 -129.8  113.0  176.3    nan    nan    nan   90.8  3.845    nan    nan   41.0
I -105.8   79.5  111.4  179.7  -58.1 -177.3  1.111  107.2  3.749    nan    nan  -39.6
G   68.9   20.4  115.4 -179.9    nan    nan    nan  101.4  3.764    nan    nan  -44.3
H  -80.8  102.0  112.1 -179.8 -174.6    nan  1.074  109.3  3.880    nan    nan  123.8
L  -63.7  130.4  110.6 -179.2  170.3    nan  1.067   87.3  3.842  6.058 -136.3 -144.8
L  -95.8  -44.6  111.6  179.3  -76.4    nan  1.072   70.7  3.711  5.847 -145.8 -144.4
T -168.8  155.3  111.6 -178.0 -176.9   60.5  1.047  157.1  3.799  4.723  -39.1  -27.1
K  -92.8   -9.7  110.9  178.3  -55.1    nan  1.091   83.8  3.762  5.469 -119.6 -118.8
S  -69.6  142.1  110.9  179.4  149.3    nan  1.093   86.0  3.791  5.727   87.6  105.3
P  -70.9    5.8  113.7 -179.3   -1.3    nan  0.957  111.4  3.771  5.374  -90.1 -113.2
S -104.6  119.4  117.8 -176.8  172.3    nan  1.145  121.1  3.784  5.325   57.6   91.8
L  -58.8  -35.6  110.6  179.8 -172.6    nan  1.090  104.2  3.783  5.775 -109.2 -128.5
N  -70.5  -41.9  110.5  179.6  -62.5    nan  1.145   91.7  3.704  5.369   58.9   80.9
A  -57.6  -40.5  107.6  176.6    nan    nan  0.973  104.0  3.697  5.467   81.9   84.2
A  -63.1  -43.6  110.8 -180.0    nan    nan  1.059   96.3  3.819  5.319   64.3   82.8
K  -62.1  -38.4  111.6 -179.0  -75.5    nan  1.147   99.4  3.746  5.354   62.7   82.9
S  -61.9  -49.6  110.9  178.8 -170.2    nan  1.109   93.8  3.769  5.418   73.7   85.6
E  -57.3  -44.1  111.1  177.3  -70.6    nan  1.058  100.2  3.758  5.322   67.4   78.5
L  -58.6  -48.6  114.6  179.3  178.7    nan  1.084   94.5  3.797  5.354   68.5   85.1
D  -62.0  -38.1  112.0 -177.3  -65.6    nan  1.136   99.5  3.836  5.324   57.9   80.6
K  -64.8  -39.8  110.8  175.6  166.0    nan  0.977   97.0  3.771  5.354   74.2   80.6
A  -67.6  -36.3  111.7 -179.9    nan    nan  1.085   96.0  3.876  5.298   55.8   80.2
I  -93.7  -28.3  113.6 -175.9  -57.6 -179.8  1.022   75.7  3.828  5.143   45.3   61.7
G   87.1   26.6  112.2 -179.2    nan    nan    nan   82.9  3.701    nan    nan -124.9
R -161.9  171.2  111.7  177.9   73.1    nan  1.106  163.1  3.849    nan    nan   44.7
N  -83.0   98.2  106.8  178.9 -131.1    nan  1.020  105.5  3.760  5.220  -85.6  -90.5
T  -83.5  -36.3  117.3 -174.7   67.2  -56.6  1.130   79.7  3.698  6.035 -164.3 -159.4
N   69.8   31.5  109.9 -176.2 -159.4    nan  1.118   97.4  3.687  5.274 -145.8 -144.9
G   73.9    5.5  119.9  174.8    nan    nan    nan  103.3  3.867    nan    nan  -87.7
V -127.8  137.3  110.4 -179.9   61.7 -175.4  1.059  129.6  3.748    nan    nan   62.5
I -129.0  169.2  107.9 -179.2   62.2  -57.2  1.017  131.5  3.842  5.868 -166.8 -174.2
T  -96.4  167.6  108.3  178.4   69.9  -48.3  1.003  100.1  3.785  5.412 -106.4 -104.6
K  -56.2  -46.1  111.7 -179.6 -144.5    nan  1.013   99.4  3.833  5.202  -61.6  -67.5
D  -56.8  -41.9  111.6  177.9  -37.5    nan  1.122  101.6  3.794  5.316   64.4   83.1
E  -61.9  -45.8  110.9  179.1  -75.2    nan  1.060   95.9  3.803  5.353   71.7   82.7
A  -58.1  -45.4  111.9  178.7    nan    nan  1.019   98.4  3.822  5.335   70.1   82.5
E  -66.2  -28.8  111.0 -179.8  -99.0    nan  1.036  101.3  3.693  5.001   59.6   76.4
K  -72.1  -44.5  110.9  178.7 -172.4    nan  1.196   89.0  3.768  5.452   55.2   85.2
L  -60.4  -36.2  108.9  176.9  -62.8    nan  0.991  103.4  3.802  5.642   80.0   79.6
F  -62.5  -47.0  111.8 -177.7 -171.9    nan  1.086   94.3  3.823  5.254   70.3   89.4
N  -60.0  -44.4  110.8  177.8  -83.1    nan  1.019   98.2  3.783  5.361   66.8   79.0
Q  -63.2  -39.7  110.1 -178.9  -64.3    nan  1.079   98.7  3.682  5.177   61.5   80.7
D  -70.9  -37.0  114.7 -178.2  -71.3    nan  1.123   91.3  3.752  5.352   59.8   79.5
V  -66.8  -44.2  107.8  179.6  175.6  -62.0  1.045   94.9  3.793  5.524   72.3   83.2
D  -54.0  -47.8  111.5  179.5 -164.1    nan  1.083  100.1  3.734  5.294   72.5   87.7
A  -62.4  -37.1  111.9 -179.4    nan    nan  1.036   99.8  3.814  5.369   65.3   78.5
A  -62.2  -51.4  110.7  179.9    nan    nan  1.071   92.7  3.838  5.450   72.0   87.5
V  -57.0  -48.6  110.9  177.9  175.3  -63.9  1.083   97.8  3.760  5.288   65.9   77.7
R  -64.0  -39.6  111.5 -177.5 -108.2    nan  1.158   97.4  3.755  5.195   55.2   77.6
G  -68.5  -26.5  112.0  178.0    nan    nan    nan   99.9  3.776    nan    nan   78.6
I  -70.9  -44.7  108.2  178.2  -84.7  156.9  0.970   91.4  3.777    nan    nan   87.6
L  -64.7  -23.5  114.1 -174.9  -97.9    nan  1.088  104.1  3.758  5.047   62.5   82.1
R  -99.5   -5.5  111.9  178.4  -87.4    nan  1.066   78.5  3.746  5.267   44.5   64.5
N  -85.7  120.8  109.9 -179.7 -165.8    nan  1.129  104.7  3.816  5.606   71.2   94.9
A  -63.8  -24.8  113.0 -177.5    nan    nan  1.075  104.7  3.783  5.830 -109.0 -125.1
K  -88.8  -35.5  110.4  179.0  -99.1    nan  1.062   79.4  3.757  5.371   53.0   74.0
L  -78.2  -44.6  116.3 -178.5  -59.2    nan  1.114   80.8  3.776  5.247   54.5   76.2
K  -46.1  -49.9  115.3 -175.7 -179.2    nan  1.143  102.2  3.727  5.336   83.5  101.4
P  -63.8  -31.9  112.3 -176.9    6.5    nan  0.998  101.3  3.761  5.207   69.1   78.2
V  -71.9  -47.7  109.2  178.4  176.8  -53.4  0.999   88.7  3.739  5.299   65.9   82.1
Y  -53.7  -50.8  112.1 -180.0 -173.7    nan  1.052   98.0  3.734  5.123   68.7   85.5
D  -57.2  -34.9  111.5 -179.8  -78.2    nan  1.009  105.6  3.757  5.201   67.4   80.2
S  -78.5  -10.7  115.8 -179.2   80.8    nan  1.108   96.8  3.728  5.194   52.0   77.6
L  -91.6  158.6  116.5 -175.1  -58.5    nan  1.085  100.8  3.818  5.492   69.9   91.0
D  -78.6  173.3  108.4  174.9   56.8    nan  1.005   80.8  3.802  5.429  -96.7 -103.7
A  -57.9  -37.0  118.8 -177.4    nan    nan  1.311  100.4  3.834  5.347  -78.5  -58.6
V  -72.4  -47.7  111.6  179.6  175.9  -65.8  1.049   86.8  3.784  5.621   73.3   79.9
R  -59.2  -34.8  111.2 -179.1  -70.3    nan  1.085  104.1  3.740  5.213   64.2   81.7
R  -62.3  -40.5  110.2  177.8  -63.7    nan  1.058   98.9  3.815  5.596   77.6   87.7
A  -55.9  -41.3  110.4  178.0    nan    nan  1.060  103.3  3.776  5.451   80.5   88.7
A  -63.3  -42.4  110.8 -178.7    nan    nan  1.077   96.8  3.800  5.327   68.1   83.4
L  -62.1  -38.7  108.7  178.1 -171.9    nan  1.059  100.8  3.799  5.485   67.7   80.8
I  -62.3  -46.9  111.3  179.0  -64.6  175.7  1.082   94.7  3.848  5.481   68.5   84.9
N  -54.3  -48.2  111.4  179.3 -163.8    nan  0.934   99.7  3.743  5.359   82.8   85.7
M  -61.2  -40.1  108.9 -177.5  -71.9    nan  1.046  100.7  3.789  5.211   61.7   80.1
V  -69.1  -31.8  111.3  179.8  168.9  -73.1  1.123   97.2  3.789  5.369   61.2   78.2
F  -67.3  -44.4  109.1  179.4 -176.3    nan  0.942   93.7  3.708  5.402   82.9   86.9
Q  -74.0  -42.1  115.7 -178.4  172.3    nan  1.053   85.7  3.773  5.103   48.6   72.2
M -109.8   -3.2  119.2 -175.1   71.7    nan  1.362   68.7  3.783  4.754   -0.4   45.2
G   82.2  155.5  112.6 -179.9    nan    nan    nan   73.7  3.823    nan    nan -106.7
E  -56.9  -43.7  115.6 -178.0  102.3    nan  1.330   98.3  3.738    nan    nan  -81.9
T  -62.4  -43.7  111.1  179.6  -58.6  180.0  1.073   96.6  3.717  5.572   75.8   82.1
G  -56.5  -50.6  112.0 -178.2    nan    nan    nan   96.3  3.743    nan    nan   88.7
V  -67.9  -38.1  112.2 -176.3 -175.4  -57.4  1.053   94.6  3.753    nan    nan   73.6
A  -56.8  -21.7  111.6  178.9    nan    nan  1.053  113.3  3.694  5.306   74.9   91.4
G  -75.2  -21.9  115.1  179.6    nan    nan    nan   94.8  3.807    nan    nan   90.7
F  -73.5   52.3  107.6  179.7  -73.6    nan  0.961  113.8  3.736    nan    nan   90.5
T  -48.4  -51.3  115.2 -178.7  -46.5 -166.6  1.007   99.6  3.733  6.071 -176.9 -174.3
N  -66.0  -36.6  115.1 -176.7  -54.4    nan  1.204   95.4  3.692  4.975   44.9   76.5
S  -72.3  -28.0  110.9 -180.0  -36.5    nan  1.055   96.3  3.777  5.578   69.9   79.8
L  -69.4  -38.6  110.7 -179.2  -63.6    nan  1.117   94.0  3.793  5.465   70.8   89.6
R  -65.8  -40.8  108.4  178.7  176.3    nan  1.038   97.1  3.803  5.403   68.0   81.0
M  -67.1  -42.8  109.4  177.9  -70.5    nan  1.053   94.5  3.807  5.495   58.8   77.1
A  -57.1  -49.1  109.0 -178.5    nan    nan  1.063   98.6  3.766  5.416   74.9   87.7
Q  -62.0  -28.7  110.4 -179.9 -147.2    nan  1.061  105.3  3.679  5.174   61.9   76.3
Q  -85.5   -1.6  112.6  179.2  -53.3    nan  1.125   93.9  3.796  5.544   49.3   74.7
K   66.6   28.0  112.3 -179.2  -43.2    nan  1.180  100.8  3.822  5.596 -116.9 -118.9
R  -89.7   72.7  105.6  175.2  -72.7    nan  0.936  105.0  3.772  5.996  124.3  116.4
W  -47.7  -60.0  120.8 -176.2  -43.4    nan  1.347   90.5  3.841  6.225 -176.1 -151.1
D  -60.9  -38.9  112.2 -179.2  -69.6    nan  1.120   99.9  3.843  5.401   62.6   71.9
E  -70.6  -39.2  111.4 -179.1  -35.1    nan  1.167   92.3  3.782  5.471   55.9   79.7
M  -62.1  -41.0  111.8  179.3  172.8    nan  1.022   97.9  3.791  5.493   78.2   85.2
A  -64.9  -47.0  109.9 -179.0    nan    nan  1.003   93.7  3.795  5.209   66.5   82.0
V  -55.0  -46.6  110.3  177.6  159.4  -80.2  1.077  100.8  3.787  5.298   65.2   82.9
N  -67.6  -37.6  110.8  179.7 -171.9    nan  1.047   95.8  3.786  5.240   59.2   73.3
L  -64.6  -26.2  111.2 -178.2  -80.7    nan  1.008  104.0  3.741  5.424   73.5   86.9
A  -76.6  -16.8  113.4 -173.5    nan    nan  1.148   96.3  3.736  5.209   59.8   90.2
K  -88.8   68.4  107.8  179.5  -63.0    nan  0.981  107.0  3.719  5.507   69.2   80.1
S -151.3  161.8  109.7 -177.1   52.3    nan  0.958  152.1  3.726  5.569   98.2   98.7
R  -61.6  -44.2  110.3  173.2  172.5    nan  0.961   97.4  3.701  5.078  -76.3  -83.2
W  -49.0  -49.3  108.5 -178.9  166.1    nan  0.982  104.2  3.845  5.281   81.9   93.4
Y  -63.2  -41.2  115.2  177.9 -179.6    nan  1.114   95.2  3.790  5.171   52.2   74.6
N  -70.1  -27.4  113.0 -178.9  -78.0    nan  1.052   97.6  3.850  5.345   62.7   78.7
Q  -86.6  -42.8  114.7  179.6  -51.8    nan  1.192   76.2  3.761  5.254   43.2   74.9
T -130.0   66.9  109.3  178.0   52.2  -64.1  1.027   88.9  3.798  5.091    1.1   15.5
P  -58.5  -40.2  116.8 -177.8   15.6    nan  1.033   98.7  3.840  6.112 -166.7 -170.1
N  -67.3  -44.8  110.2 -178.9  -75.6    nan  1.056   92.8  3.761  5.379   62.2   82.3
R  -65.2  -53.0  109.5  179.9 -166.2    nan  1.043   90.6  3.735  5.272   65.2   77.2
A  -48.0  -46.7  110.5  177.9    nan    nan  1.068  105.6  3.750  5.215   71.8   84.1
K  -55.8  -43.5  111.9 -179.0 -108.3    nan  1.054  101.2  3.808  5.364   72.1   85.5
R  -63.3  -41.8  112.6 -179.8  -68.6    nan  1.085   96.0  3.787  5.351   66.0   81.5
V  -70.3  -41.5  112.9 -178.2  177.9  -60.6  1.116   90.6  3.811  5.275   60.1   77.8
I  -63.3  -41.8  110.9  179.3  -66.2  172.3  1.134   97.0  3.783  5.410   64.5   82.3
T  -62.0  -41.3  110.7  178.0  -69.2  169.5  1.006   98.4  3.782  5.449   75.1   81.8
T  -60.5  -46.7  110.4 -179.4  -54.6 -172.1  1.119   96.8  3.753  5.234   62.0   85.5
L  -67.8  -36.7  111.1 -178.8 -163.8    nan  1.023   95.9  3.736  5.155   60.7   73.9
R  -73.4  -46.6  113.8 -179.9 -175.0    nan  1.018   85.1  3.755  5.371   62.5   78.5
T  -94.0  -20.3  116.9 -175.0   69.9  -52.9  1.078   77.2  3.698  4.763   33.8   55.7
G   71.3   23.3  113.3 -175.5    nan    nan    nan   98.4  3.718    nan    nan -129.9
T -133.8  173.7  108.8  177.2   71.2  -50.4  0.959  135.5  3.837    nan    nan   72.0
W  -99.9   16.7  111.6 -179.2  -70.5    nan  0.976   86.5  3.770  5.264 -105.5 -100.1
D  -50.4  -41.9  117.3 -175.5  -58.7    nan  1.252  103.8  3.757  5.936  124.0  153.9
A  -64.5  -15.5  114.0 -178.3    nan    nan  1.196  108.4  3.773  5.463   65.7   84.8
Y -106.7    0.4  114.5 -179.8  -74.3    nan  1.064   73.4  3.750  5.470   50.8   67.7
K -105.9    nan  110.9 -179.2  -53.8    nan  1.121    nan  3.785  5.420   57.1   81.9
