Id   phi    psi    tau  omega    chi    chi2  solid    eta  CA-CA  CB-CB  BA^AB  NA^AC
M    nan  154.0  107.3    nan  164.6    nan  1.047    nan    nan    nan    nan    nan
N -156.1  173.9  107.9  178.3   60.8    nan  1.050  157.3  3.795  5.652  176.9  176.5
I  -49.9  -46.1  114.1  179.2 -169.4   66.1  1.185  102.8  3.829  5.236  -58.6  -54.3
F  -63.9  -47.6  112.0 -179.9  -68.0    nan  1.074   92.8  3.807  5.514   67.9   79.1
E  -62.6  -42.7  111.5 -179.8  -71.3    nan  1.023   96.7  3.765  5.251   66.1   78.3
M  -58.9  -50.2  111.2  179.8 -174.1    nan  0.998   95.3  3.754  5.215   72.8   85.3
L  -70.8  -30.4  110.4 -178.0  -90.7    nan  1.093   96.7  3.806  5.138   45.0   69.3
R  -66.3  -30.4  108.1  179.3  167.6    nan  0.978  101.7  3.749  5.532   80.7   88.9
I  -72.0  -44.1  110.6  179.1  -79.5  159.0  1.109   89.3  3.745  5.339   59.5   83.8
D  -71.2  -37.4  114.0 -177.3  -77.7    nan  1.051   91.3  3.787  5.251   61.9   75.4
E  -94.4  -26.7  115.5 -175.9  -65.3    nan  1.021   74.8  3.742  5.079   42.4   63.2
G   79.8 -170.5  109.7 -174.7    nan    nan    nan   83.1  3.760    nan    nan -125.0
L -145.6  120.9  111.1  178.4  164.2    nan  1.039  126.8  3.837    nan    nan -129.8
R -133.4  132.5  108.9 -179.4  -59.9    nan  1.066  129.6  3.775  5.767  168.6  163.3
L  -89.5   -4.6  114.1 -178.4  -59.7    nan  1.181   88.6  3.734  5.758 -137.2 -138.9
K -119.5  153.8  110.0  177.5  -44.0    nan  1.075  125.0  3.833  5.610   45.0   61.1
I  -57.0  137.2  108.8 -178.2  -80.1  157.9  1.035   77.5  3.736  5.324  -71.3  -84.0
Y -142.4  175.9  109.3  178.9   65.2    nan  1.083  143.6  3.769  5.690  170.6  175.0
K -105.5  131.3  109.0  178.8  -71.9    nan  1.100  114.4  3.818  5.469 -112.6 -105.3
D  -73.2 -167.7  112.5 -178.1   73.0    nan  1.235   68.8  3.795  5.879 -124.6 -122.5
T  -67.4  -24.8  111.6 -179.1   65.6  -52.6  1.130  101.9  3.757  5.027  -47.1  -46.8
E  -95.0   -0.6  115.1  179.7  -52.9    nan  1.139   84.8  3.831  5.432   46.7   68.2
G   91.3   13.0  113.8  179.1    nan    nan    nan   83.5  3.880    nan    nan  -95.5
Y  -97.5  142.8  114.2 -177.4  -50.5    nan  1.115  110.5  3.826    nan    nan  104.2
Y  -59.6  125.1  111.1 -178.9  -74.6    nan  1.084   87.9  3.727  5.349  -88.1 -102.2
T -141.3  171.2  109.7 -177.5  -58.6  178.2  0.941  143.5  3.738  5.724  178.0  161.0
I -159.0  163.3  111.5  174.5 -167.7   74.6  1.062  158.7  3.774  5.448  179.4 -167.3
G   67.8 -125.8  113.7  173.6    nan    nan    nan   94.6  3.802    nan    nan   38.6
I -107.8   75.0  109.6 -179.1  -60.6  179.1  1.057  103.2  3.796    nan    nan  -37.6
G   70.1   21.7  114.3  179.6    nan    nan    nan  100.0  3.764    nan    nan  -46.6
H  -81.0  105.4  112.5 -179.6 -175.2    nan  1.071  108.8  3.845    nan    nan  125.5
L  -67.5  127.0  111.4 -178.6  168.6    nan  1.078   92.2  3.831  6.095 -134.4 -145.4
L  -94.5  -45.4  111.5 -178.9  -69.2    nan  1.066   71.7  3.703  5.798 -145.3 -145.8
T -165.3  159.3  110.3 -177.8 -174.5   62.8  1.019  159.4  3.771  4.670  -35.9  -23.9
K  -96.6  -17.5  111.5  178.5  -57.6    nan  1.114   77.3  3.786  5.497 -122.2 -117.9
S  -61.3  145.0  109.5  178.1  152.9    nan  1.019   77.0  3.789  5.709   96.0  104.3
P  -76.9   -5.4  115.5 -179.5    2.8    nan  1.055  100.7  3.800  5.553 -108.0 -112.5
S  -86.8  126.1  114.8 -179.7 -176.0    nan  1.111  107.8  3.823  5.587   69.7   95.1
L  -68.3  -30.4  110.3  179.5  180.0    nan  1.029   99.0  3.735  5.670 -110.0 -130.2
N  -68.1  -44.9  110.0  179.3  -66.3    nan  1.045   92.3  3.711  5.387   71.4   87.6
A  -57.2  -36.6  109.0  177.8    nan    nan  1.017  105.8  3.706  5.268   72.7   82.9
A  -68.9  -37.4  110.4  179.8    nan    nan  1.064   95.1  3.784  5.323   62.5   81.2
K  -68.2  -35.5  111.0 -179.4  -74.4    nan  1.100   96.3  3.775  5.379   61.8   82.3
S  -66.2  -43.0  110.2  179.9  173.6    nan  1.117   94.6  3.747  5.435   65.3   85.1
E  -61.9  -44.1  111.0 -179.4  -78.7    nan  1.037   96.8  3.768  5.444   71.7   82.5
L  -60.4  -45.0  110.7 -179.6  175.8    nan  0.991   97.6  3.759  5.222   73.6   83.2
D  -65.3  -42.5  110.7 -177.8  -73.2    nan  1.068   95.2  3.822  5.211   58.0   79.0
K  -60.0  -40.6  111.3  175.2  162.0    nan  1.051  100.1  3.695  5.226   66.6   81.1
A  -68.2  -38.1  113.6 -179.8    nan    nan  1.048   93.6  3.872  5.408   62.4   79.5
I  -88.1  -34.9  114.4 -176.3  -62.8  179.6  1.003   78.0  3.790  5.032   49.6   66.3
G   94.8   26.2  113.6 -179.8    nan    nan    nan   75.4  3.754    nan    nan -124.2
R -162.1  171.4  112.4 -179.8   85.6    nan  1.137  163.4  3.763    nan    nan   44.5
N  -85.3  103.9  105.7  177.8 -129.2    nan  1.056  104.0  3.761  5.315  -90.9  -93.4
T  -90.2  -29.7  116.4 -175.5   56.8  -67.1  1.061   77.1  3.716  6.041 -157.4 -160.2
N   64.9   32.0  110.3 -173.8 -156.8    nan  1.113  101.2  3.730  5.284 -143.1 -141.7
G   76.0    7.6  118.2  175.4    nan    nan    nan  100.3  3.873    nan    nan  -84.6
V -126.9  141.3  113.0  177.8 -171.0  -48.7  1.014  131.6  3.760    nan    nan   65.4
I -128.9  171.5  110.7  176.1   61.0  -57.9  1.099  131.5  3.755  5.640 -176.2 -171.8
T  -98.4  166.5  109.2  177.8   76.2  -42.1  0.989  102.6  3.701  5.223  -99.9 -105.1
K  -58.6  -43.1  111.8 -180.0 -159.1    nan  1.081   99.5  3.774  5.222  -73.5  -71.5
D  -61.3  -39.9  111.0 -179.4  -59.8    nan  0.988   99.6  3.795  5.384   73.7   83.7
E  -65.5  -44.6  108.3  178.8  -76.6    nan  0.990   95.4  3.770  5.147   66.0   80.1
A  -55.3  -47.8  111.2  178.3    nan    nan  1.052   99.3  3.826  5.383   70.3   85.3
E  -65.0  -33.3  113.6 -179.4  -77.8    nan  1.075   98.8  3.735  5.096   59.8   76.1
K  -70.2  -41.1  108.6  179.3 -172.9    nan  1.001   93.4  3.687  5.394   71.6   83.4
L  -61.1  -36.9  109.2  178.2  -62.4    nan  1.038  102.3  3.812  5.515   72.8   82.9
F  -61.6  -46.8  112.0 -179.2 -173.2    nan  1.103   95.0  3.802  5.262   72.2   88.7
N  -57.2  -43.5  112.6  178.2  -77.0    nan  1.038   99.8  3.785  5.467   70.0   82.6
Q  -64.3  -38.7  111.6 -179.2  -61.5    nan  1.042   97.5  3.721  5.226   66.8   81.2
D  -66.6  -39.8  112.6 -176.2  -69.4    nan  1.180   94.5  3.785  5.248   58.5   85.1
V  -68.1  -47.1  109.0  178.8  170.4  -68.4  1.068   91.9  3.752  5.500   66.7   78.7
D  -56.5  -45.5  111.2 -179.3 -172.1    nan  1.056   99.9  3.745  5.328   71.0   83.9
A  -61.7  -41.0  111.0 -178.5    nan    nan  1.037   98.6  3.757  5.262   68.1   81.6
A  -60.6  -52.8  109.5  179.8    nan    nan  1.026   93.7  3.778  5.343   73.2   84.9
V  -52.7  -49.4  112.1  178.9  175.0  -65.4  1.074   99.6  3.751  5.185   67.7   81.1
R  -65.7  -38.8  111.0 -177.5  -97.2    nan  1.114   96.7  3.778  5.141   53.6   75.3
G  -60.1  -43.0  109.1  177.7    nan    nan    nan   99.9  3.740    nan    nan   85.9
I  -62.0  -45.2  109.8  179.2  -79.6  158.0  0.966   96.8  3.798    nan    nan   80.9
L  -68.1  -22.1  116.5 -176.8  -58.2    nan  1.195  100.9  3.760  5.100   48.1   78.7
R  -92.1  -11.8  110.7  177.9  -85.7    nan  0.965   83.8  3.723  5.437   68.2   72.5
N  -85.1  122.4  111.9 -177.5 -172.4    nan  1.131  105.6  3.847  5.409   62.8   91.7
A  -58.0  -34.6  113.0 -178.1    nan    nan  1.010  104.4  3.814  5.714  -95.2 -120.7
K  -86.8  -32.8  110.4 -179.1  -45.4    nan  1.118   81.9  3.697  5.082   39.7   68.2
L  -79.0  -41.1  116.8 -178.2  -53.0    nan  1.276   81.5  3.744  5.356   45.8   79.5
K  -47.3  -50.5  116.3 -176.9 -159.1    nan  1.175  100.4  3.792  5.638   90.9  102.8
P  -62.2  -36.7  112.4 -177.2   -6.9    nan  1.006  100.0  3.721  5.160   70.7   79.4
V  -65.5  -56.7  110.6  179.3 -177.2  -55.1  1.081   87.7  3.738  5.297   61.4   84.7
Y  -49.8  -46.9  111.0  178.8 -172.2    nan  0.994  104.0  3.700  5.120   72.0   80.2
D  -60.6  -32.6  111.7 -180.0  -78.3    nan  1.058  103.9  3.804  5.311   62.8   80.3
S  -79.5  -14.7  114.6 -179.0   75.7    nan  1.035   94.1  3.717  5.242   63.1   78.8
L  -87.7  164.9  117.4 -174.7  -53.4    nan  1.076   94.7  3.777  5.376   67.5   92.3
D  -80.8  168.9  109.7  174.5   59.4    nan  1.001   84.7  3.764  5.211  -92.0  -99.5
A  -57.8  -41.8  117.7 -176.6    nan    nan  1.354   97.8  3.798  5.429  -86.8  -63.3
V  -68.3  -43.0  111.7  179.8 -179.3  -59.9  1.023   92.1  3.800  5.640   78.2   79.5
R  -64.9  -36.9  112.6 -177.5  -63.4    nan  1.146   97.5  3.728  5.240   54.8   82.7
R  -53.2  -41.1  108.1  176.8  -69.3    nan  0.990  106.7  3.836  5.688   91.0   93.2
A  -63.1  -36.7  110.1  179.9    nan    nan  1.045  100.3  3.787  5.292   67.1   82.3
A  -63.7  -38.8  111.1  178.8    nan    nan  1.031   98.2  3.764  5.439   73.2   85.8
L  -68.7  -41.4  110.1 -179.6 -172.7    nan  1.042   93.5  3.809  5.321   64.1   80.2
I  -59.2  -41.4  110.1  179.6  -64.1  173.0  1.017  101.0  3.814  5.427   73.7   85.9
N  -58.3  -50.9  111.1 -179.1 -171.1    nan  1.057   95.4  3.788  5.334   71.6   87.6
M  -60.3  -39.3  109.6  179.3  -81.3    nan  0.983  101.5  3.758  5.283   69.1   76.0
V  -65.4  -40.2  110.0 -179.2  172.1  -72.0  1.138   96.7  3.781  5.307   58.5   83.0
F  -58.5  -46.6  110.5  179.7 -171.5    nan  0.965   98.1  3.763  5.462   84.8   87.4
Q  -74.5  -33.4  115.2 -177.8  168.1    nan  1.073   89.9  3.767  5.052   47.6   70.0
M -124.4   -0.5  119.3 -173.6   75.0    nan  1.265   55.3  3.749  4.690    2.4   39.7
G   82.1  151.8  111.5 -179.3    nan    nan    nan   72.9  3.760    nan    nan -104.0
E  -58.8  -37.5  112.0 -178.0  143.5    nan  1.142  102.5  3.727    nan    nan  -91.6
T  -67.2  -45.8  110.5 -179.9   37.4  -81.7  1.187   92.2  3.735  5.514   56.0   82.7
G  -57.8  -53.3  112.4  178.9    nan    nan    nan   93.5  3.780    nan    nan   82.9
V  -65.8  -39.5  114.2  179.2 -172.9  -54.2  1.064   94.5  3.790    nan    nan   70.2
A  -55.6  -24.3  107.7  178.8    nan    nan  1.014  114.3  3.763  5.413   78.0   90.6
G  -69.3  -17.3  116.2  178.8    nan    nan    nan  102.4  3.823    nan    nan   92.3
F  -86.2   52.5  108.0  179.6  -74.8    nan  0.995  106.5  3.818    nan    nan   82.5
T  -46.8  -55.7  115.5 -177.5  -71.2  167.6  0.998   97.2  3.728  6.076 -171.7 -171.8
N  -61.1  -43.2  112.5 -178.5  -56.3    nan  1.183   97.0  3.699  4.931   45.5   74.7
S  -65.4  -32.9  109.6 -179.4  -35.1    nan  1.072  100.6  3.817  5.656   69.6   79.7
L  -64.6  -42.1  110.8 -178.0  -61.0    nan  1.123   95.9  3.791  5.522   73.8   90.6
R  -61.6  -42.0  110.0  179.8  158.0    nan  1.147   98.7  3.765  5.390   64.2   83.1
M  -64.5  -39.2  110.0  178.9  -72.7    nan  1.064   98.0  3.783  5.547   66.6   79.6
A  -59.3  -48.7  109.0  178.0    nan    nan  1.006   97.2  3.755  5.445   78.7   86.4
Q  -58.0  -37.6  111.8 -179.6  -95.3    nan  1.053  103.2  3.737  5.221   66.1   81.0
Q  -82.8    1.3  110.9 -180.0  -52.9    nan  1.060   97.7  3.793  5.336   49.7   68.6
K   62.0   37.5  113.3  177.6  -53.1    nan  1.144   99.2  3.787  5.541 -124.4 -123.4
R  -99.7   77.9  106.1  178.7  -68.4    nan  0.964  103.4  3.793  6.005  119.4  117.6
W  -54.9  -53.1  118.8 -175.5  -42.5    nan  1.323   91.7  3.824  6.207 -173.6 -154.0
D  -69.0  -31.8  111.7 -179.6  -55.1    nan  1.181   97.0  3.781  5.452   53.1   69.5
E  -72.9  -40.2  111.4  179.0  -44.5    nan  1.131   89.9  3.726  5.564   65.2   82.7
M  -60.4  -40.2  112.3  179.0  176.7    nan  1.035   99.4  3.695  5.415   77.4   86.2
A  -63.9  -36.4  109.8 -178.2    nan    nan  1.024  100.0  3.790  5.233   68.9   84.6
V  -67.6  -43.8  110.4  176.9  158.8  -79.3  1.039   93.0  3.798  5.477   64.6   80.6
N  -65.0  -37.3  112.8  179.7 -168.7    nan  1.042   97.1  3.772  5.237   65.5   79.0
L  -65.8  -27.3  108.9 -176.9  -78.9    nan  0.982  103.2  3.743  5.422   75.3   86.7
A  -71.4  -22.7  114.5 -175.0    nan    nan  1.171   98.2  3.756  5.283   63.8   92.8
K  -86.7   71.6  108.7 -179.4  -55.8    nan  1.014  108.8  3.777  5.536   66.2   78.1
S -154.1  157.5  111.1 -176.7   57.8    nan  0.992  153.0  3.743  5.556   99.7   98.2
R  -61.3  -39.7  109.7  176.2  175.8    nan  0.936  100.4  3.725  5.190  -75.1  -86.6
W  -49.3  -49.0  109.8  179.5  168.2    nan  0.988  103.5  3.788  5.240   85.0   96.0
Y  -70.0  -40.0  111.7 -179.3  173.6    nan  1.013   92.2  3.745  5.041   54.8   70.2
N  -67.0  -32.0  113.5  180.0  -73.1    nan  1.103   97.8  3.831  5.327   59.0   81.5
Q  -82.3  -36.9  116.5  179.5  -53.4    nan  1.150   80.9  3.847  5.466   52.5   75.5
T -133.8   67.9  108.8  178.4   53.3  -63.1  0.986   87.4  3.858  5.046    7.8   17.0
P  -57.8  -40.9  115.6 -178.9   10.3    nan  1.022   99.4  3.762  5.981 -166.6 -169.9
N  -66.3  -38.5  113.6 -178.2  -66.1    nan  1.133   94.9  3.765  5.324   56.4   84.1
R  -71.7  -48.2  108.9 -179.4  168.4    nan  0.993   88.9  3.715  5.335   69.6   78.0
A  -52.3  -42.8  110.1  178.2    nan    nan  1.063  105.3  3.671  5.213   71.5   84.8
K  -57.0  -41.5  111.5 -178.3  -87.8    nan  1.072  101.8  3.857  5.478   76.2   88.5
R  -61.7  -46.3  111.9  179.4  -68.0    nan  1.099   95.2  3.769  5.344   69.0   84.0
I  -63.6  -42.9  111.6  178.9  -61.3  173.2  1.028   95.8  3.812  5.345   68.5   77.4
I  -59.2  -44.3  111.6  179.5  -63.5  177.3  1.160   98.3  3.779  5.271   62.1   84.9
T  -66.3  -34.3  110.9 -179.8  -78.6  160.9  1.036   98.5  3.771  5.436   68.8   77.6
T  -65.1  -43.6  109.8 -178.6  -53.9 -170.0  1.120   95.3  3.687  5.284   65.3   88.2
F  -68.6  -38.3  112.2  179.4  -90.0    nan  0.977   93.9  3.765  5.440   69.3   75.3
R  -65.0  -45.3  113.3 -178.9 -147.2    nan  1.097   92.5  3.710  5.124   65.7   85.6
T  -96.7  -19.6  117.0 -176.4   70.3  -50.8  1.113   74.8  3.773  5.016   30.8   52.9
G   66.5   20.6  112.6 -175.1    nan    nan    nan  104.4  3.733    nan    nan -132.8
T -130.4  174.2  109.8  179.4   79.2  -38.4  0.923  132.2  3.923    nan    nan   73.8
W  -99.0   20.7  111.3  179.9  -67.7    nan  0.938   88.9  3.827  5.286 -103.9  -99.6
D  -53.2  -36.1  115.7 -177.6  -55.4    nan  1.242  106.2  3.766  5.924  123.0  153.1
A  -68.8  -16.8  112.5 -178.1    nan    nan  1.144  104.1  3.774  5.554   69.2   85.5
Y -108.2    7.0  113.7 -178.5  -72.9    nan  1.041   74.7  3.716  5.334   47.8   65.7
K -105.3    nan  111.9  179.2  -55.1    nan  1.141    nan  3.800  5.533   61.4   87.3
