Id   phi    psi    tau  omega    chi    chi2  solid    eta  CA-CA  CB-CB  BA^AB  NA^AC
M    nan  157.6  108.4    nan  156.4    nan  1.020    nan    nan    nan    nan    nan
N -151.3  174.6  111.8  179.3   65.0    nan  1.080  152.8  3.813  5.611 -176.9 -174.4
I  -53.9  -42.2  112.1 -178.2 -168.7   67.9  1.145  103.4  3.834  5.260  -59.1  -56.2
F  -64.9  -49.3  112.9  178.5  -70.4    nan  1.063   90.6  3.781  5.526   68.2   80.4
E  -61.4  -34.9  111.7  179.4  -58.1    nan  1.084  102.0  3.785  5.306   62.8   77.5
M  -65.1  -58.1  110.7  179.8 -173.5    nan  1.007   87.1  3.784  5.405   79.2   86.5
L  -62.5  -34.5  111.7  178.4  -81.0    nan  1.016  101.2  3.792  5.102   54.3   67.1
R  -62.9  -34.0  108.1 -177.9  159.7    nan  1.055  102.9  3.799  5.417   72.5   90.6
I  -69.5  -45.5  110.5  177.9  -78.8  160.8  1.095   90.7  3.753  5.450   63.6   81.4
D  -70.4  -33.1  116.8 -178.9  -74.3    nan  1.074   92.8  3.759  5.260   61.6   75.1
E  -99.5  -23.4  114.5 -175.4  -59.7    nan  1.034   71.7  3.795  5.046   42.1   62.4
G   76.0 -172.2  109.1 -177.8    nan    nan    nan   78.6  3.779    nan    nan -127.9
L -139.3  126.4  110.2  178.8  165.7    nan  1.033  129.1  3.826    nan    nan -125.3
R -138.1  128.5  110.6  179.6  -67.1    nan  1.075  130.4  3.769  5.742  169.8  163.0
L  -88.7   -4.7  115.5 -178.4  -53.1    nan  1.160   89.3  3.757  5.778 -137.0 -143.6
K -122.5  154.6  108.8  177.6  152.1    nan  1.023  127.0  3.756  5.355   43.8   58.1
I  -55.2  139.5  110.1 -180.0  -65.4  171.3  1.050   75.4  3.851  5.535  -74.2  -81.0
Y -142.7  174.4  110.1  179.3   68.3    nan  1.130  144.3  3.762  5.628  171.0  176.1
K -103.9  136.1  109.1  177.3  -68.5    nan  1.076  113.1  3.779  5.504 -110.4 -104.9
D  -79.2 -174.1  109.6 -179.2   76.3    nan  1.175   77.3  3.763  5.786 -127.7 -123.4
T  -60.1  -27.2  112.4 -178.9   69.0  -48.3  1.092  107.0  3.848  5.186  -43.6  -48.1
E  -88.9   -1.4  114.0  178.5  -44.0    nan  1.126   90.5  3.829  5.380   49.7   71.1
G   88.6   11.3  112.1 -179.5    nan    nan    nan   87.1  3.861    nan    nan  -97.5
Y  -92.1  147.3  114.1 -179.3  -52.5    nan  1.078  104.5  3.846    nan    nan  106.6
Y  -65.8  121.2  112.1 -179.8  -77.9    nan  1.041   94.6  3.741  5.261  -90.5 -103.1
T -136.6  167.4  110.7 -175.5  -59.4  176.0  0.981  139.6  3.756  5.768  174.5  161.5
I -157.0  163.2  110.1  176.7 -164.9   74.5  1.052  157.0  3.765  5.503 -177.8 -169.7
G   66.0 -123.9  113.0  175.1    nan    nan    nan   93.9  3.818    nan    nan   38.1
I -108.0   73.6  110.8 -179.5  -65.0  172.7  1.071  103.7  3.739    nan    nan  -35.5
G   68.1   24.9  115.4 -179.5    nan    nan    nan   99.8  3.776    nan    nan  -49.7
H  -83.5  105.3  110.9  178.5 -175.4    nan  0.998  108.2  3.851    nan    nan  123.8
L  -63.5  131.5  110.7  179.2  169.2    nan  1.011   86.6  3.861  6.055 -130.4 -142.4
L  -94.1  -50.0  109.4  179.1  -74.0    nan  1.048   72.6  3.670  5.683 -144.5 -143.2
T -161.4  155.5  111.7 -177.3 -173.3   63.0  1.066  155.7  3.769  4.672  -39.6  -23.8
K  -94.0   -3.8  111.0  175.7  -63.7    nan  1.108   84.7  3.781  5.524 -120.8 -122.2
S  -80.4  143.8  110.6  178.7  118.3    nan  1.170   94.0  3.792  5.785   77.6  100.4
P  -70.5    3.2  114.9 -177.4   -3.7    nan  1.030  110.9  3.716  5.292  -87.8 -109.0
S -101.4  124.7  116.8 -178.8  174.9    nan  1.141  118.4  3.832  5.539   60.0   91.0
L  -65.2  -26.3  110.2  179.4  178.1    nan  1.063  103.7  3.779  5.732 -109.9 -128.8
N  -76.1  -43.2  108.6 -178.8  -60.2    nan  1.073   87.8  3.695  5.378   64.0   84.9
A  -58.4  -35.3  107.1  177.2    nan    nan  0.993  106.4  3.674  5.360   73.4   82.2
A  -67.4  -44.9  110.3  179.2    nan    nan  1.058   92.7  3.805  5.381   64.4   82.8
K  -62.5  -32.5  110.8 -179.6  -58.4    nan  1.124  102.7  3.739  5.309   60.4   80.7
S  -69.1  -45.4  112.6  179.8  168.3    nan  1.169   89.7  3.780  5.485   63.5   85.6
E  -59.7  -42.8  108.5  177.4  -72.6    nan  1.000  100.6  3.752  5.406   73.9   79.9
L  -56.2  -52.2  113.8  178.8 -175.5    nan  1.043   94.3  3.790  5.380   73.3   87.1
D  -61.0  -37.4  112.4 -176.4  -57.2    nan  1.192  100.5  3.781  5.129   52.5   79.0
K  -67.0  -36.7  111.2  177.8  159.9    nan  1.041   96.6  3.716  5.362   71.2   81.3
A  -71.6  -36.6  112.7 -178.9    nan    nan  1.067   92.0  3.846  5.371   58.4   80.4
I  -91.3  -32.0  112.6 -176.7  -64.0  176.3  1.023   77.2  3.734  4.991   44.6   63.3
G   93.3   20.6  114.1 -179.5    nan    nan    nan   78.6  3.748    nan    nan -123.7
R -159.1  176.3  109.8  179.0   76.3    nan  1.051  160.0  3.777    nan    nan   42.6
N  -86.7  104.1  106.4  178.8 -115.6    nan  0.982  105.1  3.749  5.227  -86.6  -87.3
T  -90.6  -35.5  114.9 -174.3   64.4  -58.1  1.040   75.4  3.726  6.031 -162.3 -160.3
N   70.7   31.8  110.1 -174.8 -166.4    nan  1.099   96.3  3.705  5.215 -145.5 -142.1
G   73.8   15.6  116.2  175.6    nan    nan    nan   98.8  3.843    nan    nan  -86.2
V -134.5  135.2  111.9  178.3  178.5  -60.1  1.053  133.2  3.756    nan    nan   64.4
I -130.1  169.7  108.9 -179.0   59.7  -61.0  1.062  132.7  3.842  5.836 -174.7 -176.9
T  -97.5  170.2  107.3  178.0   73.9  -44.0  0.945  100.3  3.715  5.293 -100.6 -105.6
K  -58.7  -44.8  111.9 -178.4  177.4    nan  1.055   98.2  3.775  5.139  -69.1  -66.4
D  -59.7  -39.1  109.6  178.9  -73.8    nan  0.952  102.1  3.700  5.178   74.1   81.8
E  -68.0  -39.5  111.6 -178.9  -77.5    nan  1.101   94.1  3.783  5.201   57.4   81.2
A  -63.6  -39.5  111.5 -179.8    nan    nan  1.017   97.7  3.796  5.353   74.7   84.2
E  -71.4  -32.0  111.1 -179.0  -85.6    nan  1.057   95.2  3.724  5.083   57.0   77.1
K  -67.8  -43.4  110.2  176.6 -168.6    nan  1.065   93.2  3.729  5.513   69.5   84.5
L  -61.1  -38.1  111.3  178.5  -71.5    nan  1.009  100.6  3.810  5.416   76.9   81.5
F  -62.0  -51.1  110.5 -179.3 -174.5    nan  1.045   93.0  3.798  5.205   71.5   86.9
N  -53.0  -46.5  110.5  176.5  -78.5    nan  1.035  102.3  3.793  5.348   68.5   80.4
Q  -60.8  -43.3  111.0 -179.8  -70.1    nan  1.043   98.1  3.770  5.324   67.3   80.4
D  -64.5  -40.2  113.9 -176.2  -70.4    nan  1.167   95.4  3.769  5.195   58.7   83.5
V  -67.0  -46.7  108.6  179.3  170.2  -68.3  1.063   93.1  3.811  5.494   66.0   79.7
D  -56.6  -45.4  111.6  180.0 -166.4    nan  1.048   99.6  3.757  5.338   70.0   83.6
A  -65.4  -37.3  112.3 -178.6    nan    nan  1.042   97.0  3.778  5.257   63.7   78.6
A  -65.3  -46.1  108.0  178.9    nan    nan  1.022   95.0  3.778  5.407   72.0   83.3
V  -59.3  -45.6  110.8  179.5  179.2  -62.8  1.097   98.0  3.754  5.361   66.0   81.3
R  -64.8  -35.4  112.2 -177.9  -85.2    nan  1.252   98.5  3.805  5.305   50.9   79.5
G  -62.1  -45.6  111.6  177.6    nan    nan    nan   95.5  3.769    nan    nan   87.7
I  -58.9  -48.2  109.7  178.5  -76.7  164.4  1.005   97.4  3.736    nan    nan   81.5
L  -70.5  -12.9  115.7 -174.7  -54.8    nan  1.170  103.6  3.746  5.135   48.2   75.6
R -100.7   -8.9  110.0  180.0  -61.6    nan  1.045   76.3  3.725  5.408   61.1   73.9
N  -88.1  121.8  111.5 -179.6 -171.3    nan  1.143  107.0  3.733  5.472   62.8   89.6
A  -60.2  -33.5  114.0 -178.0    nan    nan  1.026  102.7  3.778  5.692  -97.4 -123.5
K  -87.0  -32.7  108.2 -178.9  -50.4    nan  1.001   82.9  3.717  5.110   50.6   68.6
L  -83.0  -39.0  117.3 -178.8  -51.1    nan  1.201   79.0  3.738  5.186   42.3   75.2
K  -49.6  -50.1  116.8 -175.1  176.1    nan  1.153   98.7  3.760  5.516   89.5  104.6
P  -61.0  -32.7  113.7 -177.2    4.8    nan  1.028  102.6  3.734  5.202   69.9   81.5
V  -69.3  -50.3  108.8 -180.0 -179.0  -57.7  1.034   89.7  3.776  5.379   67.7   85.0
Y  -58.9  -42.0  110.6  179.9 -173.6    nan  0.941  100.5  3.678  5.065   72.2   77.8
D  -62.7  -31.7  111.5 -178.3  -76.5    nan  1.075  102.7  3.755  5.244   62.2   84.3
S  -79.4  -10.2  115.8 -178.5   76.1    nan  1.044   96.1  3.738  5.268   65.7   79.9
L  -94.2  164.5  114.4 -173.7  -64.4    nan  1.037  100.4  3.799  5.365   68.1   89.6
D  -81.0  173.6  110.6  173.1   57.4    nan  1.016   83.3  3.784  5.318  -96.4  -99.1
A  -59.6  -38.4  118.2 -176.5    nan    nan  1.305   98.3  3.799  5.341  -79.3  -59.4
V  -72.4  -45.8  110.9 -178.3 -177.5  -60.7  1.036   88.1  3.759  5.505   74.5   80.1
R  -63.4  -30.4  112.6  179.7  -59.6    nan  1.118  102.3  3.757  5.286   57.7   79.0
R  -62.7  -37.9  107.1  178.4  -73.1    nan  0.976  101.6  3.828  5.663   88.5   91.5
A  -61.7  -37.2  109.2 -179.1    nan    nan  1.101  101.7  3.765  5.304   67.0   86.9
A  -63.2  -42.4  110.9  179.1    nan    nan  1.050   96.8  3.804  5.574   75.1   85.7
L  -63.8  -41.6  109.8  178.8 -168.8    nan  1.035   97.4  3.793  5.309   68.1   79.9
I  -62.7  -41.2  110.7  179.0  -62.1  174.8  1.018   97.9  3.793  5.366   68.9   82.1
N  -55.3  -49.6  111.5  177.3 -161.9    nan  0.995   98.0  3.822  5.438   78.8   88.2
M  -59.1  -45.4  110.2  180.0  -67.3    nan  1.071   98.6  3.786  5.215   62.5   79.1
V  -63.1  -38.3  112.5 -179.8  173.5  -69.4  1.173   98.2  3.791  5.371   57.5   79.8
F  -63.1  -38.1  111.1  179.4 -176.7    nan  0.952   99.1  3.757  5.413   83.0   85.5
Q  -76.8  -48.5  116.1 -178.8 -179.5    nan  1.138   80.3  3.817  5.140   43.3   75.0
M -107.9   -7.1  114.7 -175.0  -38.1    nan  1.023   69.2  3.859  5.018   23.9   39.4
G   82.3  154.5  109.9 -179.1    nan    nan    nan   74.5  3.714    nan    nan -109.9
E  -53.5  -42.3  114.1 -177.2  -76.8    nan  1.019  102.6  3.735    nan    nan  -80.3
T  -66.3  -45.3  110.0 -175.8  -55.3 -174.3  1.106   93.5  3.726  5.123   61.4   83.0
G  -57.4  -46.8  110.5  179.7    nan    nan    nan   98.9  3.738    nan    nan   84.0
V  -70.1  -41.0  112.1 -177.8 -176.9  -58.2  1.049   91.4  3.779    nan    nan   73.7
A  -54.3  -25.7  109.0 -180.0    nan    nan  1.098  114.3  3.727  5.310   73.2   91.3
G  -66.0  -11.5  115.5  176.4    nan    nan    nan  108.7  3.872    nan    nan   91.9
F  -92.0   54.2  104.8  178.5  -73.0    nan  0.979  100.7  3.805    nan    nan   81.2
T  -48.2  -51.0  115.4 -177.0  -58.6 -178.1  1.021   99.8  3.730  6.124 -171.5 -169.8
N  -64.6  -39.2  113.7 -176.4  -49.8    nan  1.237   96.0  3.740  5.014   45.2   77.8
S  -63.1  -44.4  110.5  178.8  -80.4    nan  0.995   96.0  3.804  5.600   82.3   84.2
L  -58.6  -44.6  111.3 -179.7  -66.1    nan  1.115   98.9  3.784  5.216   63.6   84.1
R  -65.1  -40.4  111.2 -179.6  168.5    nan  1.036   96.1  3.832  5.334   65.7   78.3
M  -69.5  -34.7  108.6  178.7  -96.7    nan  0.981   96.8  3.752  5.323   63.2   76.0
A  -67.0  -39.9  109.0 -179.2    nan    nan  1.083   96.2  3.733  5.295   65.4   85.5
Q  -62.3  -35.6  108.5 -179.8 -129.7    nan  0.980  102.4  3.699  5.374   76.2   84.2
Q  -81.9    1.3  114.1  179.1  -52.8    nan  1.101   98.6  3.785  5.321   46.6   70.8
K   63.8   32.8  115.1  178.6  -39.8    nan  1.239   99.4  3.840  5.615 -122.7 -121.4
R  -94.4   74.0  106.8  177.4  -66.8    nan  0.981  104.8  3.790  5.979  123.2  117.5
W  -49.2  -53.1  118.5 -175.6  -39.5    nan  1.404   96.0  3.816  6.304 -179.7 -151.9
D  -65.6  -32.3  112.7 -179.8  -66.3    nan  1.162   99.3  3.796  5.516   62.8   72.7
E  -70.4  -37.4  113.7  178.3  -49.3    nan  1.183   92.1  3.772  5.574   60.2   84.6
V  -59.1  -45.3  109.2  178.9  166.6  -72.2  1.039   99.3  3.781  5.605   81.7   89.4
A  -65.2  -39.1  111.9 -176.6    nan    nan  1.074   96.5  3.798  5.197   61.5   79.6
V  -66.6  -48.9  110.5  178.6  154.6  -85.3  1.063   91.1  3.716  5.379   65.2   81.0
N  -64.5  -43.3  113.3  179.9 -173.4    nan  1.064   93.9  3.767  5.232   62.0   75.1
A  -63.7  -24.0  113.2 -177.6    nan    nan  1.083  105.1  3.737  5.277   66.2   84.1
A  -73.7  -18.6  114.6 -178.8    nan    nan  1.151   97.9  3.814  5.517   66.7   91.5
K  -83.7   71.4  106.2  178.1  -65.6    nan  0.975  107.3  3.749  5.546   74.7   82.2
S -154.1  158.0  109.5 -176.2   56.6    nan  1.001  152.7  3.752  5.538   94.9   99.7
R  -59.8  -40.8  108.4  176.1  171.9    nan  0.953  101.7  3.709  5.183  -72.1  -85.3
W  -46.8  -56.3  110.0  179.9  170.0    nan  0.997   99.9  3.804  5.297   88.4   97.4
Y  -62.2  -41.8  113.9  178.7 -177.4    nan  1.070   96.3  3.824  5.094   52.8   69.6
N  -66.9  -35.3  113.5  179.8  -67.1    nan  1.138   96.2  3.852  5.386   57.9   80.1
Q  -77.7  -44.4  116.3  178.8  -60.8    nan  1.130   81.4  3.778  5.406   57.2   76.3
T -130.9   71.3  110.2  179.5   53.1  -64.9  0.999   92.2  3.853  4.924    1.0   14.3
P  -62.2  -39.9  117.6 -176.7   17.7    nan  1.060   95.4  3.756  5.993 -170.1 -169.2
N  -65.5  -43.5  110.8 -178.6  -68.3    nan  1.153   94.5  3.752  5.371   56.3   84.8
R  -68.5  -50.9  110.0  179.7 -167.5    nan  0.998   89.1  3.762  5.421   69.6   75.1
A  -50.9  -47.9  109.7  176.9    nan    nan  1.070  103.2  3.754  5.216   69.3   82.6
K  -54.7  -43.9  112.7  179.0  -55.2    nan  1.116  101.5  3.865  5.569   71.1   83.9
R  -60.4  -46.4  110.9  179.4  -77.5    nan  1.060   96.7  3.783  5.375   75.2   83.1
V  -64.8  -43.0  114.0 -179.1  176.7  -63.0  1.140   93.5  3.809  5.264   56.5   78.3
I  -62.2  -38.9  112.4  179.8  -68.9  169.7  1.146   98.7  3.800  5.419   64.1   82.9
T  -66.1  -37.9  109.1  179.4  -75.4  165.9  1.003   97.8  3.771  5.502   76.3   81.6
T  -66.1  -42.8  108.4 -177.6  -58.1 -179.2  1.091   95.8  3.683  5.159   63.5   84.0
L  -67.4  -39.9  110.4 -178.2 -163.7    nan  1.053   95.1  3.774  5.268   59.8   77.8
R  -68.8  -47.8  114.3 -179.9 -168.9    nan  1.058   87.7  3.774  5.396   61.4   79.3
T  -93.1  -22.6  116.8 -176.9   70.6  -49.2  1.112   77.1  3.774  4.907   30.9   54.3
G   72.0   20.2  112.5 -175.7    nan    nan    nan   99.5  3.694    nan    nan -131.2
T -130.0  169.3  108.1  177.2   73.1  -47.2  0.918  132.5  3.878    nan    nan   71.7
W  -96.9   16.0  112.3 -179.6  -67.7    nan  0.968   89.3  3.848  5.308 -106.3 -103.6
D  -48.2  -40.5  115.0 -176.5  -56.2    nan  1.243  107.6  3.784  5.926  124.5  153.5
A  -67.6  -14.0  112.1 -177.6    nan    nan  1.082  106.6  3.762  5.509   71.1   82.6
Y -105.5   -4.7  113.8 -177.8  -73.8    nan  1.109   72.7  3.676  5.214   45.1   71.8
K -103.5    nan  111.6 -179.3  -45.8    nan  1.127    nan  3.745  5.428   55.0   79.7
