Id   phi    psi    tau  omega    chi    chi2  solid    eta  CA-CA  CB-CB  BA^AB  NA^AC
M    nan  154.0  108.1    nan  167.7    nan  1.019    nan    nan    nan    nan    nan
N -154.1  173.7  111.3  178.5   65.7    nan  1.087  155.7  3.784  5.585  176.9  177.6
I  -51.3  -43.3  114.2 -179.2 -172.0   67.6  1.208  103.6  3.793  5.232  -60.6  -55.0
F  -66.2  -46.8  112.1  179.4  -70.0    nan  1.080   91.4  3.816  5.593   67.8   79.0
E  -65.5  -35.1  109.9 -179.8  -60.3    nan  1.036   99.3  3.763  5.332   65.3   76.1
M  -61.7  -53.3  112.3 -179.8 -178.1    nan  1.077   90.9  3.773  5.376   75.7   90.0
L  -66.2  -32.8  112.5  178.7  -82.1    nan  1.062   98.7  3.779  5.153   54.0   68.7
R  -65.0  -33.5  109.7 -179.0  166.4    nan  1.087  100.7  3.757  5.404   69.9   89.8
I  -71.6  -44.2  111.5  177.4  -76.6  160.3  1.088   89.1  3.755  5.452   61.6   80.1
D  -70.9  -30.8  115.0 -178.8  -75.5    nan  1.056   94.4  3.803  5.283   60.3   75.2
E -102.2  -26.8  114.8 -174.4  -64.3    nan  1.054   68.1  3.755  5.013   38.8   62.4
G   78.2 -175.6  108.9 -177.4    nan    nan    nan   79.7  3.768    nan    nan -128.8
L -137.8  120.2  110.8  178.5  168.4    nan  1.066  125.4  3.812    nan    nan -128.3
R -131.3  124.6  110.2 -179.3  -60.2    nan  1.062  126.1  3.817  5.815  173.5  164.8
L  -86.9   -1.0  114.7 -177.4  -57.0    nan  1.145   92.7  3.730  5.868 -141.4 -141.9
K -123.1  147.5  110.7 -179.4 -166.6    nan  0.987  128.3  3.790  5.400   52.6   62.3
I  -53.1  137.6  108.2 -179.5  -69.2  168.9  1.018   74.0  3.771  5.452  -78.5  -88.7
Y -144.9  170.9  111.1  179.0   70.3    nan  1.148  147.2  3.761  5.623  165.6  171.2
K  -99.9  133.4  109.8  178.8  -69.4    nan  1.058  111.1  3.796  5.505 -104.7 -104.9
D  -76.9 -175.2  111.9  178.5   69.0    nan  1.200   75.1  3.760  5.806 -131.4 -124.3
T  -56.2  -24.7  112.6 -179.1   74.8  -44.4  1.053  111.8  3.782  4.959  -35.2  -45.9
E  -96.1   -5.0  113.4 -178.8  -55.2    nan  1.115   81.9  3.850  5.330   46.2   68.0
G   95.3    3.4  113.5  179.7    nan    nan    nan   83.3  3.843    nan    nan  -95.0
Y  -83.9  148.1  115.5 -179.9  -48.0    nan  1.151   97.8  3.812    nan    nan  107.0
Y  -69.4  123.8  111.1  179.3  -78.4    nan  1.009   94.8  3.740  5.274  -88.0 -106.6
T -140.4  168.3  109.6 -173.7  -53.0 -176.6  0.938  142.9  3.769  5.737  175.8  160.2
I -159.5  166.6  108.9  178.0 -166.2   73.0  1.022  159.6  3.763  5.536 -179.2 -171.3
G   65.4 -128.2  112.8  175.8    nan    nan    nan   91.2  3.774    nan    nan   42.1
I -107.2   74.5  110.8 -179.0  -65.4  175.1  1.059  104.3  3.749    nan    nan  -38.8
G   72.4   17.9  114.5  179.6    nan    nan    nan   99.5  3.772    nan    nan  -45.5
H  -78.6  102.1  113.3 -180.0 -174.0    nan  1.100  109.7  3.827    nan    nan  124.1
L  -62.7  125.7  113.2  177.7  171.8    nan  1.130   90.9  3.804  6.029 -135.7 -146.3
L  -93.0  -45.2  112.2  179.9  -68.8    nan  1.056   72.3  3.732  5.795 -139.8 -147.9
T -166.5  158.2  112.8 -178.2  178.7   58.8  1.062  159.5  3.750  4.612  -38.8  -24.7
K  -95.1  -12.1  112.1  178.5  -93.5    nan  1.131   80.5  3.734  5.453 -121.5 -116.9
S  -70.4  147.9  112.3  178.1  126.3    nan  1.076   84.6  3.764  5.715   89.2  101.8
P  -74.5   -0.5  114.2 -178.7   -0.5    nan  1.014  105.3  3.754  5.347  -95.0 -109.2
S  -91.1  120.3  118.0 -178.6  178.2    nan  1.204  114.5  3.762  5.489   63.2   98.2
L  -62.3  -27.8  110.4  178.5  173.7    nan  1.066  105.5  3.730  5.686 -108.1 -130.5
N  -73.9  -39.9  110.8 -178.9  -61.3    nan  1.117   89.7  3.721  5.443   63.8   86.3
A  -62.2  -33.2  108.1  178.9    nan    nan  1.005  103.9  3.676  5.351   76.1   83.6
A  -66.7  -47.8  109.1  179.8    nan    nan  1.057   92.4  3.755  5.302   67.0   85.3
K  -61.3  -35.3  111.6  179.7  -85.5    nan  1.105  101.9  3.782  5.252   59.3   78.0
S  -65.0  -50.9  112.0  177.7 -171.9    nan  1.103   90.2  3.784  5.434   67.8   84.8
E  -60.9  -40.8  108.6  178.9  -73.5    nan  1.000  100.7  3.754  5.254   66.5   75.0
L  -60.5  -49.6  114.9 -179.0  179.4    nan  1.082   92.3  3.749  5.316   68.8   87.5
D  -60.6  -37.2  111.2 -177.9  -65.8    nan  1.087  101.5  3.783  5.255   62.8   80.5
K  -66.9  -38.6  110.8  177.9  157.5    nan  1.039   95.9  3.734  5.280   67.6   81.2
A  -71.6  -32.9  110.1  178.8    nan    nan  0.979   95.1  3.830  5.381   63.3   76.4
I  -90.7  -29.3  112.9 -175.5  -58.3 -179.2  1.066   78.4  3.760  5.088   42.5   68.8
G   89.5   24.8  114.4 -177.7    nan    nan    nan   80.4  3.735    nan    nan -123.3
R -165.1  171.8  108.9  179.2   83.8    nan  1.054  165.5  3.796    nan    nan   39.3
N  -84.5  102.9  105.5  179.0 -120.0    nan  1.010  103.8  3.800  5.310  -88.2  -91.9
T  -94.9  -29.2  112.9 -173.0   67.4  -54.5  1.014   74.7  3.707  5.996 -162.5 -166.1
N   69.0   31.6  110.4 -176.3 -168.3    nan  1.074   97.7  3.640  5.170 -143.0 -140.1
G   75.0   10.7  116.5  176.6    nan    nan    nan  100.0  3.813    nan    nan  -85.2
V -131.7  136.3  111.2  179.3 -175.4  -56.6  1.023  131.9  3.770    nan    nan   63.4
I -128.5  168.7  109.5  178.8   60.6  -60.6  1.090  131.5  3.808  5.814 -177.5 -174.2
T  -95.5  168.3  108.3  178.1   67.9  -52.7  0.963   99.1  3.753  5.297  -97.8 -105.0
K  -55.2  -49.6  110.7 -179.9 -171.7    nan  1.052   98.5  3.793  5.193  -66.6  -66.3
D  -58.5  -41.4  112.3 -179.5  -88.8    nan  1.040  100.3  3.706  5.189   67.0   80.4
E  -63.5  -39.0  109.7 -178.5  -81.2    nan  1.040   99.0  3.758  5.258   66.8   83.7
A  -60.2  -42.9  111.2  177.7    nan    nan  1.002   98.6  3.818  5.398   74.4   85.3
E  -70.8  -30.3  112.0 -178.2  -85.7    nan  1.076   96.1  3.731  5.053   54.9   76.0
K  -67.6  -43.3  110.1  176.6 -170.0    nan  1.044   93.4  3.734  5.460   72.7   86.2
L  -63.4  -36.5  109.7  178.7  -68.4    nan  0.987  100.4  3.793  5.433   72.8   79.5
F  -62.1  -52.4  111.1 -177.3 -172.7    nan  1.095   91.9  3.773  5.152   69.9   89.7
N  -53.5  -46.5  110.7  175.0  -80.4    nan  1.010  101.7  3.773  5.362   70.2   77.8
Q  -62.9  -42.2  111.2 -179.2  -67.6    nan  1.058   97.0  3.746  5.274   64.1   79.3
D  -65.4  -38.7  113.5 -177.8  -68.2    nan  1.106   95.6  3.822  5.336   64.8   82.2
V  -69.0  -44.3  108.7  179.5  170.8  -68.0  1.047   92.8  3.755  5.421   66.9   79.7
D  -54.0  -47.5  110.4  179.7 -162.5    nan  1.014  100.9  3.817  5.395   77.9   87.7
A  -63.0  -38.3  112.8 -178.8    nan    nan  1.049   98.3  3.812  5.202   61.7   78.3
A  -63.2  -49.6  107.6  178.4    nan    nan  1.011   94.9  3.767  5.390   73.3   83.8
V  -59.5  -43.9  112.7 -179.4  173.8  -67.4  1.096   97.7  3.755  5.264   63.4   79.0
R  -65.7  -37.9  110.3 -178.9  -97.3    nan  1.187   97.5  3.823  5.338   55.8   79.2
G  -58.7  -45.4  112.1  178.5    nan    nan    nan   97.8  3.763    nan    nan   88.9
I  -58.9  -48.3  110.4  178.5  -79.9  162.0  1.021   96.9  3.773    nan    nan   81.7
L  -68.9  -13.1  117.1 -175.9  -51.2    nan  1.198  104.8  3.726  5.070   48.5   76.2
R -101.1  -16.1  109.0 -178.9  -57.8    nan  1.003   74.1  3.761  5.503   65.6   73.6
N  -81.0  123.0  112.8 -178.4 -165.8    nan  1.154  103.6  3.710  5.324   63.4   90.6
A  -62.9  -34.5  114.9 -177.9    nan    nan  1.063   99.4  3.764  5.730 -102.8 -123.9
K  -86.0  -31.8  110.2 -179.2  -20.4    nan  1.080   82.9  3.718  5.112   45.5   69.1
L  -84.1  -37.2  115.3 -178.7  -57.0    nan  1.102   79.9  3.764  5.375   51.6   74.8
K  -50.0  -51.7  116.2 -176.0 -175.4    nan  1.152   97.7  3.753  5.371   85.7  104.3
P  -61.8  -34.1  112.0 -179.5    5.5    nan  0.972  101.9  3.731  5.209   70.1   76.8
V  -66.9  -49.9  109.4 -179.5 -178.2  -55.3  0.985   91.1  3.770  5.370   71.6   86.6
Y  -53.0  -48.0  112.7 -179.6 -174.9    nan  1.002  100.0  3.710  5.014   74.3   84.4
D  -62.5  -29.8  111.4 -179.3  -77.9    nan  1.018  103.9  3.743  5.129   64.1   78.5
S  -78.0  -12.8  114.3 -179.1   67.8    nan  1.058   96.6  3.772  5.312   63.0   81.8
L  -92.8  161.1  117.6 -175.2  -58.3    nan  1.057  101.3  3.733  5.318   67.0   88.7
D  -77.9  173.6  109.0  172.9   58.2    nan  1.030   80.0  3.773  5.379  -97.8 -101.0
A  -58.1  -42.2  117.8 -176.0    nan    nan  1.251   97.2  3.820  5.251  -71.5  -58.3
V  -68.9  -47.1  111.4 -179.3 -179.6  -60.1  1.067   89.8  3.754  5.403   67.1   79.2
R  -62.9  -32.1  110.4 -178.6  -70.6    nan  1.085  102.8  3.726  5.254   58.8   78.9
R  -60.2  -42.7  109.8  177.1  -86.5    nan  1.003   99.5  3.793  5.598   85.4   91.4
A  -60.2  -37.4  108.1  179.7    nan    nan  0.979  103.4  3.776  5.267   75.3   83.2
A  -62.2  -41.7  111.5  179.7    nan    nan  1.047   97.6  3.750  5.387   72.7   87.0
L  -63.6  -40.1  109.9  179.1 -163.4    nan  1.047   98.3  3.791  5.359   68.6   81.3
I  -64.1  -39.9  110.1 -179.3  -61.6  170.2  1.058   97.9  3.824  5.417   66.4   83.5
N  -55.7  -49.3  110.9  179.2 -168.7    nan  0.990   98.3  3.813  5.495   80.2   90.2
M  -58.5  -46.1  111.6 -179.5  -73.4    nan  1.039   97.8  3.769  5.171   64.7   80.4
V  -65.9  -38.4  111.0 -179.9  170.7  -72.3  1.113   96.7  3.807  5.245   56.2   76.0
F  -59.3  -43.9  109.6  176.7 -173.0    nan  0.924   99.6  3.735  5.436   85.8   86.3
Q  -74.2  -46.7  115.8 -176.7 -178.3    nan  1.105   83.2  3.771  4.999   46.4   73.4
M -116.5    2.4  118.4 -174.0   69.0    nan  1.264   64.7  3.743  4.704   -1.0   35.1
G   84.0  154.8  112.1  179.1    nan    nan    nan   75.3  3.777    nan    nan -101.3
E  -60.2  -35.7  110.5 -178.1  -82.2    nan  0.956  103.0  3.758    nan    nan  -87.6
T  -66.1  -49.2  110.7 -177.2  -58.0 -175.1  1.089   91.1  3.674  5.071   67.1   87.3
G  -56.7  -48.1  110.9  179.9    nan    nan    nan   98.3  3.704    nan    nan   81.4
V  -70.5  -33.7  110.7 -178.7 -178.3  -61.0  1.051   95.3  3.744    nan    nan   71.2
A  -61.2  -21.6  111.4 -179.1    nan    nan  1.194  109.3  3.697  5.324   66.5   92.7
G  -76.2    5.6  116.1  176.5    nan    nan    nan  106.2  3.840    nan    nan   86.8
F -104.7   47.6  106.3  177.3  -80.8    nan  0.967   91.7  3.793    nan    nan   83.6
T  -46.3  -51.8  117.5 -176.7  -59.1  177.9  1.044   99.5  3.782  6.136 -178.8 -174.5
N  -65.3  -41.3  111.4 -175.6  -50.1    nan  1.190   95.5  3.689  4.908   48.7   77.1
S  -66.9  -38.4  110.0  178.9  -57.8    nan  0.970   96.4  3.795  5.625   77.6   78.3
L  -64.4  -41.4  110.1 -177.9  -54.7    nan  1.099   96.8  3.799  5.272   67.3   85.5
R  -65.4  -38.6  110.2  178.8  167.6    nan  1.046   97.4  3.735  5.273   66.6   79.3
M  -71.4  -31.9  109.0  179.8  -76.5    nan  1.049   96.2  3.808  5.491   58.3   77.0
A  -65.1  -36.8  107.8 -179.2    nan    nan  1.026   99.9  3.761  5.453   77.9   89.2
Q  -68.1  -34.1  110.2 -180.0  -79.0    nan  1.020   97.4  3.697  5.373   69.2   82.0
Q  -76.3   -8.6  112.4 -179.8  -64.2    nan  1.059  100.3  3.731  5.279   61.3   77.9
K   70.2   32.7  113.6  179.3  -51.0    nan  1.236   94.7  3.824  5.566 -130.8 -123.5
R  -94.0   74.0  106.7  177.5  -46.3    nan  0.977  104.9  3.772  6.059  124.6  118.7
W  -49.7  -46.6  120.4 -175.6  -40.2    nan  1.358   99.4  3.838  6.240 -174.5 -151.7
D  -68.1  -35.5  112.1 -178.7  -71.7    nan  1.172   95.8  3.814  5.504   64.6   77.2
E  -69.6  -35.3  113.5  178.2  -45.3    nan  1.169   93.9  3.800  5.602   61.1   81.5
V  -61.8  -46.3  109.5  178.0  165.2  -71.7  0.991   96.5  3.795  5.609   85.4   88.1
A  -66.4  -35.7  111.5 -175.9    nan    nan  1.011   97.4  3.790  5.078   61.8   78.1
V  -67.1  -49.5  109.1  179.1  160.9  -81.5  1.063   91.3  3.692  5.313   63.9   83.6
N  -62.1  -40.3  112.7 -179.9 -170.8    nan  1.030   97.8  3.735  5.180   65.9   76.3
M  -69.3  -22.5  113.5 -177.1  -69.3    nan  1.066  100.6  3.715  5.302   63.2   82.3
A  -70.3  -18.8  111.0 -177.7    nan    nan  1.056  102.2  3.776  5.438   79.5   95.7
K  -88.3   72.9  108.1  179.8  -61.6    nan  0.972  107.7  3.785  5.481   65.3   78.7
S -162.4  153.9  109.7 -176.6   64.1    nan  0.963  154.3  3.714  5.383   92.2   90.4
R  -54.5  -43.5  110.9  176.8  175.2    nan  0.977  102.8  3.731  5.242  -73.8  -84.4
W  -48.4  -52.1  109.4 -179.2  168.0    nan  0.991  102.2  3.764  5.213   84.5   94.6
Y  -64.9  -40.1  112.0  179.4 -176.9    nan  1.033   96.1  3.782  5.126   55.2   70.9
N  -68.2  -37.5  113.1 -179.3  -71.9    nan  1.093   94.1  3.807  5.302   60.1   80.8
Q  -72.0  -48.8  115.5  179.2  -60.2    nan  1.192   84.0  3.751  5.313   53.0   79.2
T -125.9   71.7  109.7 -179.8   54.0  -61.5  1.011   94.3  3.878  5.033    2.8   15.7
P  -61.4  -42.7  115.6 -176.6   11.5    nan  1.032   95.4  3.765  6.077 -166.2 -167.6
N  -64.2  -44.9  111.6 -177.4  -70.8    nan  1.135   94.2  3.719  5.285   57.9   84.3
R  -63.7  -49.7  109.9 -179.6 -167.4    nan  1.033   93.1  3.757  5.404   71.4   79.2
A  -54.4  -43.6  110.6  178.4    nan    nan  1.087  102.9  3.744  5.218   68.2   81.8
K  -59.9  -40.5  112.1  179.5  -54.1    nan  1.067   99.8  3.847  5.569   72.9   83.7
R  -62.0  -44.4  111.3 -179.8  -73.4    nan  1.032   96.4  3.758  5.346   76.3   85.3
V  -65.6  -44.1  113.3 -179.6 -179.4  -60.5  1.164   92.6  3.805  5.212   54.4   78.6
I  -62.5  -40.7  113.1  176.8  -66.0  174.7  1.132   97.1  3.794  5.450   64.6   79.1
T  -62.4  -40.8  109.6  178.7  -64.9  176.1  1.008   99.0  3.812  5.490   77.2   83.2
T  -61.5  -49.7  110.9 -178.6  -52.6 -172.4  1.098   94.0  3.753  5.197   64.6   85.4
L  -63.5  -41.7  109.2  179.0 -163.3    nan  0.963   97.9  3.789  5.205   64.5   73.4
R  -65.5  -52.1  113.1  179.8 -157.8    nan  1.050   88.4  3.795  5.355   62.6   80.2
T  -89.2  -26.0  117.6 -176.2   75.2  -47.1  1.147   79.0  3.779  4.861   29.9   54.7
G   77.2   17.9  110.9 -175.8    nan    nan    nan   96.0  3.715    nan    nan -128.9
T -129.5  175.7  107.9  177.9   71.6  -48.4  0.926  130.7  3.885    nan    nan   71.7
W -100.9   11.7  112.0 -178.4  -66.2    nan  0.982   83.6  3.835  5.357 -105.5  -98.6
D  -44.6  -39.4  117.4 -177.6  -57.7    nan  1.152  110.2  3.716  5.875  135.0  152.5
A  -69.0  -12.3  109.0 -175.2    nan    nan  1.025  106.6  3.790  5.399   72.2   84.1
Y -109.5   -0.8  112.7 -177.7  -72.8    nan  1.119   70.2  3.633  5.149   39.0   68.7
K -104.8    nan  111.7  178.8  -29.1    nan  1.180    nan  3.784  5.527   54.4   81.1
