Id   phi    psi    tau  omega    chi    chi2  solid    eta  CA-CA  CB-CB  BA^AB  NA^AC
M    nan  139.7  107.8    nan -179.5    nan  1.078    nan    nan    nan    nan    nan
N -156.5  170.0  111.6 -179.2   67.1    nan  1.077  158.3  3.769  5.665  170.2  158.2
I  -53.0  -39.2  114.3 -176.1 -173.2   61.4  1.194  105.0  3.806  5.292  -64.5  -59.4
F  -62.6  -54.2  110.4  178.8  -74.5    nan  1.109   91.1  3.743  5.552   70.9   85.0
E  -59.6  -40.9  112.0  179.0  -64.7    nan  1.063   99.8  3.773  5.326   63.9   73.8
M  -57.5  -59.9  111.8  179.2 -168.1    nan  1.024   89.9  3.801  5.317   77.2   88.0
L  -61.6  -29.7  113.1  178.3  -82.4    nan  1.035  104.0  3.797  5.109   50.7   66.9
R  -66.9  -32.8  108.5 -178.2  165.7    nan  1.012   99.9  3.829  5.555   77.4   91.5
I  -69.4  -46.3  110.9  178.2  -76.0  163.2  1.097   90.1  3.722  5.293   64.8   82.9
D  -73.8  -27.8  114.5 -176.8  -78.9    nan  1.029   93.5  3.713  5.180   59.0   72.0
E -102.1  -21.6  114.5 -174.6  -57.8    nan  1.114   69.9  3.725  5.024   35.2   64.9
G   77.0 -177.4  107.5 -178.0    nan    nan    nan   77.8  3.714    nan    nan -125.6
L -138.8  123.3  111.1  177.6  164.3    nan  1.029  127.7  3.813    nan    nan -131.7
R -141.0  129.4  109.9 -179.6  -76.4    nan  1.029  131.2  3.796  5.664  163.8  160.5
L  -85.5    0.4  116.2 -177.1  -50.8    nan  1.162   94.7  3.805  5.818 -136.0 -137.3
K -122.8  148.9  108.2  179.7 -105.3    nan  1.007  126.9  3.796  5.494   51.2   63.0
I  -55.7  144.5  107.3  178.0  -77.4  163.4  0.982   71.6  3.776  5.471  -75.5  -90.2
Y -153.5  168.5  110.4  179.5   72.3    nan  1.098  155.2  3.794  5.567  165.9  169.6
K  -92.6  134.0  111.0  178.4  -77.0    nan  1.134  106.8  3.787  5.493 -106.5 -101.7
D  -79.5 -167.9  111.1  179.3   82.8    nan  1.292   75.4  3.692  5.750 -135.6 -127.2
T  -68.9  -19.1  113.0 -177.3   69.0  -51.7  1.177  102.8  3.836  5.152  -47.7  -47.6
E -100.1   -1.6  112.2  177.3  -58.7    nan  1.102   79.3  3.837  5.569   48.8   66.0
G   90.8   12.7  114.1 -179.2    nan    nan    nan   84.0  3.861    nan    nan  -95.8
Y  -89.6  142.7  115.7 -178.6  -52.1    nan  1.122  104.9  3.886    nan    nan  110.2
Y  -63.4  123.8  109.9  178.3  -69.4    nan  1.133   90.2  3.736  5.437  -97.4 -108.3
T -142.5  162.1  108.8 -174.0  -66.5  173.7  0.927  144.6  3.733  5.669 -174.5  157.9
I -153.4  168.1  111.6  175.1 -154.9   86.0  1.120  155.4  3.741  5.504  172.7 -172.8
G   61.6 -123.6  113.8  175.8    nan    nan    nan   91.8  3.849    nan    nan   40.0
I -109.5   75.6  113.2 -179.6  -61.2  177.5  1.075  106.0  3.730    nan    nan  -35.6
G   68.2   24.8  113.7 -179.9    nan    nan    nan  100.4  3.773    nan    nan  -48.5
H  -86.2  104.2  111.5 -179.8 -175.8    nan  1.049  109.8  3.856    nan    nan  123.3
L  -65.0  128.3  112.7  179.7  168.8    nan  1.081   90.7  3.776  5.993 -137.4 -143.7
L  -90.6  -50.7  113.0  178.7  -70.1    nan  1.072   71.9  3.728  5.807 -139.4 -144.3
T -160.4  151.4  112.5 -177.5 -173.3   66.7  1.055  152.7  3.846  4.731  -37.0  -22.3
K  -90.3   -6.1  108.6  178.7  -77.7    nan  1.050   87.8  3.763  5.559 -116.6 -121.1
S  -76.8  142.3  114.3 -179.3  128.9    nan  1.239   93.6  3.760  5.591   75.0  103.5
P  -65.3  -15.3  114.4 -177.4    0.7    nan  1.004  107.8  3.730  5.205  -77.7 -109.3
S  -87.7  127.3  116.1 -178.0  139.8    nan  1.129  109.0  3.828  5.391   57.0   86.6
L  -71.3  -25.4  112.1  178.4  177.9    nan  1.104   97.8  3.773  5.705 -117.2 -132.6
N  -78.8  -38.2  110.1  178.9  -53.6    nan  1.112   86.8  3.717  5.403   60.8   82.0
A  -61.7  -32.6  107.7  175.9    nan    nan  0.941  104.8  3.674  5.394   79.4   83.2
A  -71.7  -44.0  111.9 -179.9    nan    nan  1.121   88.9  3.838  5.318   55.9   82.3
K  -62.7  -34.3  109.3  178.8 -105.5    nan  1.038  102.3  3.778  5.378   70.8   79.6
S  -70.4  -40.4  113.3 -178.9  178.0    nan  1.170   90.8  3.773  5.320   57.9   83.4
E  -65.5  -40.5  109.0  178.2  -83.0    nan  0.963   97.1  3.792  5.478   77.5   79.9
L  -64.5  -39.7  111.9 -179.1  176.7    nan  1.041   96.7  3.754  5.138   65.8   82.8
D  -69.3  -36.4  111.7  179.3  -62.1    nan  1.159   94.5  3.827  5.365   52.7   78.8
K  -63.2  -44.6  109.3  176.2  177.0    nan  0.942   96.5  3.811  5.441   80.8   83.6
A  -64.5  -43.8  114.5  179.6    nan    nan  1.044   92.9  3.849  5.105   57.1   78.2
I  -87.3  -23.2  113.0 -176.9  -58.2  177.5  1.021   83.6  3.823  4.969   41.3   60.6
G   78.9   26.7  113.5 -179.7    nan    nan    nan   89.8  3.800    nan    nan -128.4
R -162.1  168.1  111.5  179.0   88.7    nan  1.133  162.6  3.799    nan    nan   44.9
N  -82.6  103.6  106.1  179.4 -131.2    nan  0.964  103.7  3.715  5.134  -82.2  -93.6
T  -89.6  -33.4  118.3 -175.3   67.3  -59.9  1.109   75.2  3.790  6.067 -166.3 -160.6
N   73.3   33.4  110.1 -176.8 -145.6    nan  1.110   93.4  3.738  5.272 -139.7 -138.3
G   71.1   14.4  114.1  177.7    nan    nan    nan  102.6  3.818    nan    nan  -84.9
V -134.9  136.8  112.5 -179.3 -176.4  -57.1  1.078  134.5  3.768    nan    nan   64.3
I -131.1  168.2  109.3  179.9   60.5  -59.8  1.050  133.9  3.775  5.752 -171.5 -178.1
T  -97.2  172.6  109.5  178.0   72.1  -45.6  0.970   99.6  3.788  5.397 -103.5 -106.7
K  -57.5  -44.3  113.6  179.6 -146.4    nan  1.022   98.6  3.758  5.051  -61.6  -62.6
D  -63.8  -33.8  111.7 -177.0  -42.8    nan  1.128  100.5  3.745  5.128   59.0   82.8
E  -70.7  -38.6  110.3  178.3  -88.4    nan  1.027   93.1  3.785  5.443   68.9   81.2
A  -65.5  -39.3  111.3  178.5    nan    nan  1.057   96.4  3.865  5.483   65.7   82.1
E  -67.2  -36.0  111.7  179.5  -92.3    nan  1.042   96.6  3.718  5.268   68.7   80.8
K  -62.8  -45.3  111.2  176.2 -176.2    nan  1.128   95.3  3.674  5.404   68.9   85.9
L  -60.9  -36.7  108.5 -178.5  -68.9    nan  0.988  102.9  3.813  5.489   81.0   82.0
F  -61.9  -48.6  110.2 -175.8 -177.5    nan  1.107   94.8  3.766  5.184   67.9   90.6
N  -54.1  -44.3  110.9  176.1  -81.8    nan  1.036  102.6  3.812  5.434   68.8   81.2
Q  -66.3  -38.8  110.9 -179.9  -60.7    nan  1.087   96.2  3.695  5.239   57.9   77.5
D  -72.3  -40.8  112.3 -177.0  -54.9    nan  1.199   89.7  3.744  5.337   52.5   79.5
V  -61.2  -43.9  107.7  179.4  174.0  -68.1  1.063   99.4  3.780  5.643   75.5   84.3
D  -59.2  -40.9  113.8 -179.8 -163.5    nan  1.166   99.2  3.735  5.275   59.8   84.2
A  -67.0  -34.6  112.3 -179.4    nan    nan  1.077   97.1  3.822  5.555   65.3   81.2
A  -64.0  -50.6  109.1  179.5    nan    nan  1.031   93.0  3.759  5.415   75.8   87.5
V  -59.0  -52.1  110.4  178.0  177.7  -62.2  1.062   94.6  3.728  5.241   63.8   76.3
R  -60.1  -34.3  111.4 -179.0  -85.0    nan  1.122  103.5  3.810  5.252   57.9   76.7
G  -62.9  -45.6  111.4  178.4    nan    nan    nan   94.9  3.763    nan    nan   88.7
I  -57.3  -52.4  110.7 -178.5  -81.6  159.9  1.050   95.4  3.702    nan    nan   85.6
L  -63.9  -12.5  115.5 -176.3  -59.2    nan  1.164  110.2  3.738  5.092   51.4   75.9
R -101.1  -13.2  110.2  179.8  -77.8    nan  1.016   74.7  3.797  5.582   61.9   73.4
N  -88.4  128.9  111.0 -177.8 -167.7    nan  1.080  105.1  3.750  5.314   64.9   86.7
A  -61.8  -41.3  113.1 -178.0    nan    nan  1.066   97.3  3.783  5.678 -101.4 -117.7
K  -78.7  -36.3  112.3  177.5  -40.0    nan  1.116   86.4  3.748  5.200   43.2   67.6
L  -76.9  -45.0  116.2 -177.3  -59.7    nan  1.183   81.7  3.772  5.347   51.7   78.6
K  -45.9  -47.7  116.7 -177.0 -176.2    nan  1.199  103.3  3.749  5.421   82.2  100.5
P  -69.0  -33.2  111.0 -178.7   -0.7    nan  1.009   96.7  3.770  5.295   64.1   74.2
V  -61.2  -48.2  111.1  177.5 -179.3  -59.1  1.040   95.0  3.702  5.410   74.1   90.6
Y  -58.4  -44.1  112.9 -178.6 -171.1    nan  1.045   98.4  3.707  5.049   68.0   82.2
D  -65.1  -29.6  110.5 -179.3  -76.5    nan  1.012  102.1  3.773  5.258   65.0   79.2
S  -82.2   -0.6  114.5 -177.7   75.1    nan  1.015   97.5  3.771  5.297   61.3   79.6
L -101.7  162.3  117.3 -174.2  -64.1    nan  1.026  109.3  3.796  5.367   70.3   90.7
D  -80.6  170.3  108.3  173.5   56.7    nan  0.997   83.8  3.820  5.337  -98.8 -103.3
A  -62.2  -39.6  118.3 -176.8    nan    nan  1.280   95.2  3.836  5.452  -84.0  -65.4
V  -65.6  -48.0  108.2 -178.1  175.3  -68.7  0.990   93.8  3.790  5.517   83.1   84.6
R  -63.5  -35.0  112.9 -179.7  -69.2    nan  1.177   99.6  3.735  5.155   48.6   76.4
R  -61.7  -32.9  107.5  176.2  -58.5    nan  0.973  104.8  3.831  5.755   88.4   86.7
A  -67.3  -33.2  110.3  178.8    nan    nan  1.039   98.5  3.790  5.389   71.4   85.3
A  -65.7  -37.4  111.6  178.2    nan    nan  1.024   97.1  3.831  5.499   75.6   87.0
L  -65.1  -46.7  110.3  177.2 -169.7    nan  1.044   93.4  3.845  5.345   66.9   82.0
I  -58.0  -47.3  109.7  177.7  -59.2  177.7  1.047   98.6  3.811  5.441   67.6   80.5
N  -49.6  -52.9  110.2 -179.7 -164.7    nan  1.039  100.4  3.824  5.436   80.8   89.6
M  -61.7  -41.7  111.1 -179.5  -68.3    nan  1.046   98.2  3.788  5.220   62.0   73.8
V  -63.9  -40.8  111.4 -177.5  168.9  -74.6  1.212   96.8  3.742  5.273   56.7   84.2
F  -54.2  -49.7  111.1  176.6 -170.3    nan  1.003   98.9  3.769  5.506   86.7   88.7
Q  -70.6  -52.8  114.7 -178.2 -177.5    nan  1.135   83.5  3.811  5.107   44.5   70.1
M -107.4    2.2  118.8 -175.8   53.9    nan  1.232   73.7  3.850  4.957    5.3   37.0
G   79.1  159.0  113.1 -179.5    nan    nan    nan   71.6  3.737    nan    nan -105.3
E  -54.9  -46.1  111.7 -179.7  -93.9    nan  0.965  100.4  3.869    nan    nan  -78.5
T  -60.5  -49.1  112.7 -177.5  -59.4 -176.0  1.173   94.0  3.731  4.969   58.8   83.3
G  -54.8  -55.5  109.4  178.6    nan    nan    nan   95.9  3.788    nan    nan   82.5
V  -60.5  -48.6  113.2 -178.3 -175.9  -57.7  1.148   94.0  3.783    nan    nan   73.8
A  -55.3  -26.6  111.9 -179.3    nan    nan  1.068  111.8  3.761  5.358   74.0   84.9
G  -77.4  -11.3  115.5 -179.5    nan    nan    nan   97.6  3.767    nan    nan   85.1
F  -79.3   53.3  106.9  179.0  -77.5    nan  1.013  109.9  3.838    nan    nan   94.0
T  -43.0  -54.1  117.0 -177.4  -50.3 -168.9  1.136  100.3  3.804  6.138 -175.5 -167.1
N  -63.9  -35.5  113.3 -179.5  -51.3    nan  1.211   98.7  3.750  5.284   46.3   73.5
S  -68.8  -29.5  110.5  178.8  -62.7    nan  0.965   98.9  3.772  5.621   84.0   82.7
L  -67.5  -39.8  110.7 -174.6  -60.6    nan  1.147   94.8  3.809  5.342   67.3   93.6
R  -66.4  -35.8  110.8 -179.4  164.5    nan  1.078   97.7  3.714  5.348   68.1   81.4
M  -73.0  -40.2  109.6 -179.7  -52.5    nan  1.078   90.9  3.817  5.476   58.8   78.0
I  -56.9  -49.0  107.7  178.4  -77.7  163.0  0.976   99.5  3.715  5.454   84.5   87.5
Q  -59.6  -45.3  111.8 -177.9  -96.8    nan  1.142   97.4  3.701  5.086   57.3   80.3
Q  -71.1   -2.8  112.0  178.6  -58.3    nan  1.079  107.8  3.820  5.513   59.6   71.3
K   58.9   34.1  112.0  179.4  -54.2    nan  1.064  104.4  3.825  5.557 -123.3 -127.8
R  -87.5   78.0  110.5  179.2  -86.9    nan  1.032  110.5  3.801  5.960  121.1  128.9
W  -48.6  -60.0  121.5 -173.8  -37.1    nan  1.525   89.5  3.804  6.227 -176.0 -147.1
D  -63.4  -41.2  113.3 -177.7  -52.2    nan  1.193   96.0  3.743  5.408   64.4   71.4
E  -62.9  -41.4  110.0  179.7  -83.7    nan  0.976   98.1  3.773  5.600   79.7   83.4
L  -57.6  -44.5  109.7 -177.9  168.7    nan  0.999  100.5  3.701  5.209   78.2   88.9
A  -61.1  -38.5  111.2 -177.2    nan    nan  1.078  100.5  3.725  5.105   65.5   84.1
V  -65.8  -46.7  112.5  177.9  167.8  -72.9  1.063   91.6  3.786  5.422   66.4   81.7
N  -57.3  -49.7  111.1  179.3 -173.7    nan  1.033   96.8  3.808  5.250   71.9   82.7
M  -62.3  -30.1  113.0 -178.6  -88.4    nan  1.066  103.2  3.814  5.282   62.2   77.7
A  -66.9  -23.1  114.4 -180.0    nan    nan  1.212  102.2  3.748  5.360   64.3   90.8
K  -85.7   66.4  109.5  179.3  -54.5    nan  1.086  109.6  3.840  5.600   62.8   77.2
S -155.0  153.9  114.4 -174.6   65.8    nan  1.046  153.0  3.736  5.575   96.1   93.3
R  -53.8  -45.3  110.3  175.6 -174.6    nan  0.974  102.5  3.742  5.223  -69.1  -85.0
W  -47.9  -54.9  108.0 -177.6  169.5    nan  0.987  101.4  3.846  5.212   84.3   94.1
Y  -64.9  -43.3  111.8  178.2  179.1    nan  1.013   94.5  3.706  5.072   54.4   67.3
N  -65.5  -32.9  114.3 -177.7  -72.1    nan  1.168   98.3  3.809  5.277   55.3   82.2
Q  -81.9  -36.9  115.2 -179.0  -60.3    nan  1.112   82.0  3.732  5.364   57.6   76.2
T -132.4   66.3  110.5 -179.6   57.0  -64.3  1.041   88.0  3.830  4.982    1.9   20.4
P  -51.5  -54.6  117.8 -177.6    5.0    nan  1.069   93.6  3.803  6.100 -161.3 -164.7
N  -58.3  -45.1  110.5 -177.5  -62.8    nan  1.061   99.2  3.786  5.284   62.7   79.1
R  -62.8  -55.1  110.4  179.7 -176.0    nan  1.017   90.5  3.781  5.387   72.7   79.3
A  -54.6  -38.3  110.2 -179.3    nan    nan  1.086  106.3  3.722  5.034   64.0   78.7
K  -59.8  -40.9  110.8  178.5  -76.4    nan  1.074  100.3  3.833  5.654   76.1   87.5
R  -61.2  -46.8  111.0 -179.4  -69.5    nan  1.131   95.8  3.801  5.441   71.4   85.7
V  -63.9  -45.2  111.8 -179.1  178.6  -62.2  1.140   94.2  3.767  5.293   61.0   78.0
I  -60.6  -40.8  112.9  178.2  -69.4  169.7  1.195   98.7  3.819  5.493   60.2   80.9
T  -62.5  -39.5  109.8  177.5  -72.6  166.5  1.029   99.5  3.820  5.626   78.7   82.3
T  -56.3  -48.8  109.6  179.4  -54.2 -169.1  1.142   98.9  3.746  5.323   68.4   89.7
W  -62.6  -41.5  111.3  177.6  -81.1    nan  0.987   97.5  3.746  5.418   69.3   74.2
R  -68.6  -47.2  113.2 -175.2 -160.0    nan  1.066   88.8  3.751  5.194   62.9   82.3
T  -96.5  -14.4  115.7 -175.1   72.4  -49.7  1.097   77.5  3.730  4.877   29.6   52.3
G   68.4   11.2  113.3 -178.3    nan    nan    nan  106.8  3.748    nan    nan -129.6
T -119.7  177.6  109.3  178.6   63.0  -57.2  0.956  120.4  3.904    nan    nan   75.7
W -100.5   19.4  111.0  177.2  -66.2    nan  0.977   86.9  3.858  5.310 -104.0  -98.8
D  -52.1  -39.8  117.8 -176.6  -57.2    nan  1.260  103.6  3.786  5.968  126.7  154.2
A  -65.3  -18.0  111.4 -177.5    nan    nan  1.040  107.1  3.814  5.531   80.9   85.8
Y -102.8    7.6  112.1 -178.8  -72.7    nan  1.062   80.2  3.712  5.174   45.3   68.6
K -110.1    nan  114.3 -179.8  -36.8    nan  1.188    nan  3.794  5.471   53.9   85.5
