Id   phi    psi    tau  omega    chi    chi2  solid    eta  CA-CA  CB-CB  BA^AB  NA^AC
M    nan  142.4  108.5    nan  178.5    nan  1.028    nan    nan    nan    nan    nan
N -147.8  175.9  110.2  178.1   62.2    nan  1.113  149.0  3.818  5.815  173.9  168.5
I  -60.3  -37.7  113.9 -176.4 -175.6   56.3  1.143  100.2  3.789  5.065  -59.7  -59.0
F  -65.1  -50.6  109.6 -179.8  -72.6    nan  1.102   91.8  3.756  5.506   68.3   84.8
E  -60.2  -43.0  110.5 -179.5  -70.7    nan  1.055   99.0  3.764  5.363   68.2   77.1
M  -58.6  -52.6  113.0  179.4 -178.2    nan  1.084   92.9  3.723  5.229   71.7   85.4
L  -68.8  -31.1  113.6 -179.1  -81.8    nan  1.103   96.7  3.828  5.306   49.9   69.6
R  -63.0  -39.0  108.8 -179.0  162.7    nan  1.056   99.9  3.789  5.448   77.6   93.2
I  -65.3  -47.8  109.4  176.9  -73.3  164.5  1.090   93.3  3.742  5.492   61.0   79.8
D  -67.4  -34.7  114.3 -179.0  -73.0    nan  1.059   95.7  3.751  5.326   64.5   74.5
E -100.8  -19.1  113.2 -175.4  -54.6    nan  1.001   72.4  3.762  5.116   42.6   59.8
G   71.2  179.7  110.0 -175.5    nan    nan    nan   71.1  3.781    nan    nan -127.6
L -132.4  118.8  110.6  179.8  164.6    nan  1.030  123.5  3.842    nan    nan -127.2
R -122.1  130.6  109.2  177.5  -50.0    nan  1.019  123.9  3.807  5.862  178.7  171.6
L  -91.2   -0.1  114.6 -179.7  -57.0    nan  1.185   88.8  3.827  5.921 -148.7 -139.5
K -132.0  145.7  110.3 -178.8  122.3    nan  1.081  134.3  3.790  5.338   39.0   54.1
I  -51.4  136.0  111.6 -177.3  -60.8  178.0  1.083   75.6  3.753  5.478  -74.1  -88.3
Y -148.4  169.0  110.7  180.0   74.8    nan  1.069  150.6  3.702  5.518  170.3  164.0
K -106.4  138.7  110.0  177.5  -50.2    nan  1.093  115.3  3.735  5.497 -121.2 -115.2
D  -83.9 -178.5  110.1  179.7   71.1    nan  1.105   83.3  3.748  5.599 -121.7 -129.8
T  -60.2  -23.7  113.9 -178.5   58.0  -64.8  1.023  108.3  3.850  5.317  -45.0  -52.6
E  -88.8   -7.3  113.2 -178.9 -118.7    nan  1.069   88.4  3.743  5.144   57.5   76.8
G   92.2   13.9  114.0 -178.3    nan    nan    nan   82.2  3.781    nan    nan  -99.1
Y  -91.5  140.9  114.5 -178.1  -53.3    nan  1.086  106.4  3.842    nan    nan  110.5
Y  -69.2  130.2  111.2  177.6  -69.5    nan  1.100   91.7  3.724  5.530 -106.5 -113.4
T -142.9  163.3  109.1 -174.9  -56.8 -179.6  0.930  145.2  3.856  5.752 -172.5  163.5
I -154.7  167.9  110.8  176.0 -156.8   79.4  1.083  156.4  3.763  5.469  176.0 -172.9
G   63.7 -129.3  115.6  177.1    nan    nan    nan   91.1  3.826    nan    nan   42.0
I -108.5   80.6  109.2  180.0  -65.1  173.4  1.035  104.8  3.773    nan    nan  -42.0
G   67.7   25.2  115.2 -178.9    nan    nan    nan  100.1  3.735    nan    nan  -42.8
H  -86.0  107.7  115.2  178.8 -171.2    nan  1.077  112.5  3.803    nan    nan  124.2
L  -69.6  121.8  111.6  178.7 -176.3    nan  1.103   96.3  3.836  6.041 -138.7 -147.9
L  -87.5  -55.7  110.4  178.3  -78.1    nan  1.026   74.8  3.707  5.808 -136.4 -149.9
T -160.1  152.4  114.0 -177.4  179.4   62.1  1.026  153.8  3.752  4.536  -41.4  -26.6
K  -91.8    3.4  109.8  178.4  -84.1    nan  1.019   89.4  3.736  5.525 -117.5 -121.5
S  -88.4  136.1  113.1 -179.1  117.8    nan  1.206  104.6  3.831  5.631   73.4  101.9
P  -65.4    0.8  114.1 -177.8    6.2    nan  1.080  115.0  3.848  5.577  -92.8 -112.8
S  -88.8  117.0  113.2  178.0  176.7    nan  1.111  110.0  3.770  5.737   74.2   96.8
L  -68.7  -25.9  109.3  178.0  159.6    nan  1.068  101.1  3.738  5.755 -122.4 -139.9
N  -75.3  -32.1  112.7  179.4  -80.5    nan  1.267   91.0  3.717  5.405   51.3   86.2
A  -69.7  -37.6  106.9  176.5    nan    nan  0.970   96.2  3.719  5.621   80.4   81.7
A  -64.4  -41.3  109.6  179.0    nan    nan  1.044   97.1  3.695  5.249   65.7   83.4
K  -62.4  -34.4  112.1 -177.8  -53.1    nan  1.126  101.2  3.760  5.369   64.2   85.6
S  -68.9  -38.2  111.8 -178.3  158.6    nan  1.149   93.9  3.774  5.394   64.8   85.3
E  -63.6  -43.2  110.6  177.4  -63.8    nan  1.018   96.2  3.782  5.440   73.3   83.2
L  -60.2  -49.4  110.8  178.9 -137.2    nan  1.019   95.1  3.809  5.367   68.6   82.7
D  -59.8  -38.1  113.3 -178.8  -74.2    nan  1.058  100.6  3.790  5.202   65.2   80.2
K  -70.4  -39.1  109.7  179.2  179.9    nan  0.975   93.5  3.737  5.158   65.9   78.4
A  -69.4  -36.2  113.0  177.9    nan    nan  1.026   93.9  3.770  5.302   60.3   78.2
I  -86.9  -33.6  112.8 -176.4  -59.4  177.1  1.082   80.3  3.809  5.115   47.2   68.8
G   90.2   27.4  110.7  179.1    nan    nan    nan   80.5  3.735    nan    nan -127.2
R -162.4  165.7  109.6  179.3   82.5    nan  1.109  161.6  3.759    nan    nan   45.8
N  -78.8  102.9  108.0  179.5 -132.7    nan  1.009  104.6  3.726  5.273  -85.2  -91.8
T  -93.8  -22.6  117.6 -175.4   79.3  -42.5  1.091   76.2  3.770  6.061 -168.8 -165.9
N   65.1   16.7  114.8 -178.2 -146.6    nan  1.138  107.0  3.737  5.303 -139.5 -139.8
G   89.3    9.3  114.8  178.4    nan    nan    nan   86.8  3.831    nan    nan  -83.4
V -134.1  133.5  110.7  179.9    3.6  124.5  1.130  131.5  3.802    nan    nan   60.5
I -122.3  168.9  109.4 -179.0   56.4  -62.1  1.022  125.4  3.825  5.839 -159.3 -169.5
T  -88.7  169.5  110.0  176.1   68.5  -49.8  1.030   92.3  3.760  5.381 -102.2  -98.1
K  -61.6  -42.2  110.2  178.4 -160.4    nan  1.009   98.5  3.836  5.293  -66.6  -71.2
D  -58.3  -35.9  112.0  179.6  -59.0    nan  1.148  103.9  3.799  5.338   63.9   86.3
E  -71.9  -41.2  108.8  179.7  -61.5    nan  1.087   91.8  3.799  5.482   63.3   78.9
A  -60.1  -41.3  109.9  177.4    nan    nan  1.053  100.3  3.796  5.514   71.9   83.1
E  -66.4  -35.4  113.6 -179.2  -81.0    nan  1.082   96.5  3.792  5.245   63.6   80.5
K  -68.4  -44.3  109.2  175.9  171.8    nan  1.031   92.8  3.740  5.380   68.2   80.1
L  -63.2  -33.6  110.9  178.0  -61.2    nan  1.012  101.5  3.779  5.434   69.9   78.6
F  -62.9  -46.1  112.8 -178.2 -172.3    nan  1.120   93.8  3.837  5.342   69.9   91.6
N  -60.9  -40.7  110.0  179.4  -78.1    nan  1.014  100.0  3.826  5.388   69.4   80.1
Q  -64.8  -43.9  110.5  178.4  -74.2    nan  1.034   95.0  3.797  5.338   65.1   80.0
D  -70.2  -38.6  112.7 -177.0  -68.8    nan  1.083   92.2  3.739  5.192   58.4   76.9
V  -68.4  -40.5  107.8 -178.5  166.7  -74.4  1.009   95.5  3.773  5.365   68.9   81.4
D  -58.4  -45.5  112.4  177.7 -174.0    nan  1.077   97.8  3.742  5.317   68.2   85.9
A  -64.0  -33.8  110.0 -178.6    nan    nan  0.976  101.2  3.799  5.350   71.2   79.4
A  -68.7  -45.1  111.6 -179.5    nan    nan  1.106   90.7  3.685  5.178   61.5   85.4
V  -61.5  -47.3  111.0  179.5  175.3  -65.1  1.010   95.3  3.796  5.398   70.7   80.8
R  -61.8  -40.1  109.7 -179.5  -77.6    nan  1.093   99.8  3.833  5.240   57.8   78.6
G  -56.7  -45.3  112.6  175.7    nan    nan    nan   99.1  3.816    nan    nan   86.5
I  -60.1  -52.8  109.6  179.5  -79.0  161.9  1.044   94.1  3.790    nan    nan   81.8
L  -61.9  -25.0  115.8 -175.7  -73.9    nan  1.190  105.4  3.701  4.920   50.0   77.2
R  -95.0  -18.3  110.1  179.3  -38.8    nan  1.059   79.0  3.812  5.589   51.6   68.0
N  -78.1  127.3  115.2 -179.5 -172.8    nan  1.134  101.9  3.766  5.420   70.4   91.6
A  -64.4  -26.7  114.6 -178.4    nan    nan  1.016  102.5  3.820  5.673  -99.0 -123.1
K  -92.0  -35.1  111.3  177.8  -60.7    nan  1.001   76.3  3.690  5.081   49.9   68.8
L  -81.7  -36.2  115.8 -176.4  -55.4    nan  1.097   82.1  3.796  5.216   49.5   75.8
K  -53.1  -50.0  114.9 -176.9 -177.4    nan  1.229   97.4  3.744  5.369   75.8  101.4
P  -63.3  -34.2  112.1 -179.3    5.4    nan  1.031  100.5  3.777  5.385   68.4   76.6
V  -62.5  -53.1  107.5  177.4  173.9  -68.1  1.038   93.7  3.768  5.447   70.4   87.3
Y  -53.2  -51.1  112.9  179.6 -163.3    nan  1.021   97.7  3.773  5.225   71.2   80.5
D  -54.3  -28.5  113.8  179.1  -79.8    nan  0.979  110.8  3.780  5.107   73.4   82.2
S  -85.8   -4.7  116.0 -179.6   70.8    nan  1.044   92.2  3.768  5.159   53.9   76.4
L -104.1  166.5  115.0 -172.9  -55.7    nan  0.980  109.4  3.776  5.334   68.8   86.1
D  -79.1  177.6  106.9  176.1   54.8    nan  0.985   79.8  3.790  5.311  -94.7  -94.6
A  -68.9  -33.1  116.9 -177.0    nan    nan  1.096   94.1  3.867  5.358  -71.3  -63.2
V  -70.7  -44.7  109.6 -179.0  172.5  -71.8  1.086   90.7  3.740  5.331   66.4   85.3
R  -64.5  -29.2  112.3  179.9  -64.4    nan  1.160  102.1  3.751  5.327   56.2   78.7
R  -66.1  -39.6  108.8  178.6  -87.9    nan  0.978   97.1  3.832  5.655   84.8   89.7
A  -63.9  -41.4  110.3 -179.9    nan    nan  1.100   97.1  3.737  5.170   59.8   83.3
A  -61.3  -40.6  110.7  178.7    nan    nan  1.035   99.4  3.807  5.465   70.1   83.3
L  -64.3  -39.5  109.5  179.5 -178.1    nan  1.015   98.2  3.814  5.403   68.2   81.6
I  -61.3  -40.8  110.6  178.5  -68.0  172.5  1.068   99.3  3.795  5.390   68.7   84.8
N  -61.4  -44.7  109.8 -178.2 -173.1    nan  1.001   97.5  3.796  5.308   73.0   85.9
M  -59.7  -45.6  111.7  177.6  -64.4    nan  1.124   97.2  3.828  5.416   57.5   81.0
V  -65.1  -39.8  111.6 -179.4  169.8  -70.3  1.105   96.3  3.811  5.423   63.4   78.1
F  -56.6  -48.7  108.7  178.3 -178.3    nan  0.910   99.3  3.797  5.433   90.0   88.5
Q  -70.6  -55.8  115.0 -178.2 -179.8    nan  1.122   81.8  3.785  4.919   43.8   70.8
M  -91.7  -14.2  116.9 -177.2  -54.9    nan  1.103   82.0  3.846  4.980   26.3   47.2
G   84.9  155.0  111.9 -177.8    nan    nan    nan   76.2  3.754    nan    nan -112.9
E  -53.6  -56.0  114.2 -177.4 -165.4    nan  1.000   93.3  3.758    nan    nan  -81.6
T  -58.7  -42.4  112.1  178.2  -69.9  169.2  1.014   99.6  3.756  4.983   55.7   73.2
G  -56.6  -53.8  112.3  178.2    nan    nan    nan   94.0  3.767    nan    nan   87.1
V  -66.8  -43.9  112.6 -178.3 -177.8  -60.5  1.061   92.2  3.713    nan    nan   70.5
A  -58.9  -15.9  110.4 -176.9    nan    nan  1.063  114.5  3.755  5.275   68.9   87.1
G  -87.9  -14.2  115.0  179.9    nan    nan    nan   86.0  3.780    nan    nan   84.8
F  -77.2   68.4  109.7  180.0  -56.1    nan  1.013  112.8  3.811    nan    nan   95.2
T  -43.9  -56.1  116.7 -177.0  -40.7 -160.5  1.228   98.3  3.797  6.201 -163.0 -154.9
N  -64.0  -41.0  110.7  179.6  -78.7    nan  0.974   97.1  3.732  5.302   71.0   70.2
S  -55.4  -44.8  111.0 -178.1  -91.3    nan  1.088  101.2  3.681  5.164   74.7   91.9
L  -62.1  -46.0  111.7 -176.0  -60.3    nan  1.129   95.2  3.778  5.310   64.2   83.8
R  -55.9  -45.9  111.3  177.7  161.9    nan  1.019  100.1  3.733  5.302   76.5   83.6
M  -58.3  -46.9  111.3  179.4  -76.0    nan  1.044   97.7  3.775  5.270   66.7   83.0
I  -57.2  -41.0  109.1  179.0  -87.3  154.3  1.022  103.2  3.742  5.242   69.0   82.2
Q  -65.9  -37.0  112.7 -178.3  -74.7    nan  1.125   96.6  3.774  5.321   59.5   82.0
Q  -84.2    4.2  110.0  179.9  -32.5    nan  1.021   97.3  3.770  5.339   55.4   66.8
K   59.1   35.7  116.6 -179.4  -61.9    nan  1.166  101.1  3.728  5.426 -127.5 -121.7
R  -92.4   74.2  108.9 -179.6  -46.0    nan  1.010  107.5  3.771  5.981  121.3  125.3
W  -51.7  -56.4  119.5 -176.6  -38.1    nan  1.240   91.2  3.777  6.147 -166.9 -154.7
D  -61.7  -43.9  115.9 -175.2  -53.5    nan  1.342   94.2  3.730  5.143   44.9   78.5
E  -63.7  -36.1  110.4  178.5  -16.6    nan  1.013  100.0  3.801  5.677   77.7   79.6
W  -63.9  -48.3  107.5 -179.7  173.0    nan  1.002   95.2  3.735  5.356   73.9   86.3
A  -56.4  -50.5  111.2 -178.2    nan    nan  1.073   96.8  3.674  5.122   65.5   83.2
V  -56.5  -43.2  110.5 -178.7 -175.1  -54.1  1.075  101.6  3.796  5.328   66.6   81.6
N  -62.3  -52.2  113.1  178.8 -174.1    nan  0.970   90.6  3.663  5.078   72.9   81.0
M  -58.6  -26.9  114.3 -177.3  -73.7    nan  1.141  107.8  3.816  5.273   53.7   81.0
A  -63.4   -6.2  112.3 -179.1    nan    nan  1.101  114.1  3.739  5.511   83.8   97.5
K  -95.1   -8.6  112.8 -179.7  -89.4    nan  1.077   81.6  3.777  5.561   66.8   86.8
S  -68.3  161.2  115.2 -176.2   56.2    nan  1.045   77.2  3.710  5.591   98.3  112.5
R  -61.7  -42.8  107.0  174.0  174.7    nan  1.007   99.9  3.706  5.238  -76.4  -85.4
W  -49.3  -50.2  111.9 -178.0  167.9    nan  1.050  101.6  3.793  5.325   82.9   94.9
Y  -68.0  -37.6  112.5  179.2  177.1    nan  1.000   94.6  3.752  5.099   56.6   70.4
N  -73.3  -25.9  112.9 -178.0  -74.1    nan  1.089   95.5  3.820  5.269   54.6   79.5
Q  -79.5  -39.3  113.8 -178.9 -161.1    nan  1.173   83.7  3.675  5.202   55.4   83.6
T -141.7   71.7  108.9  176.7   48.3  -72.3  0.985   86.8  3.870  5.250   -8.4    5.2
P  -48.9  -43.5  118.7 -176.8   11.2    nan  1.074  103.1  3.800  5.997 -154.5 -155.9
N  -65.3  -51.3  112.2 -176.9  -79.0    nan  1.009   89.6  3.838  5.341   68.4   83.4
R  -62.5  -48.0  108.2  177.9 -175.0    nan  1.003   95.9  3.775  5.141   61.2   72.3
A  -56.2  -46.3  113.4  180.0    nan    nan  1.070   98.4  3.773  5.224   67.3   83.3
K  -57.6  -37.4  110.3  179.7 -159.9    nan  1.050  104.4  3.765  5.233   67.4   83.6
R  -64.5  -48.4  111.9  177.8  -70.6    nan  1.107   92.0  3.807  5.504   64.6   83.7
V  -64.6  -43.0  112.4  179.7  172.5  -65.7  1.049   94.5  3.793  5.215   63.7   75.4
I  -62.1  -38.5  112.5 -179.4  -79.0  161.5  1.053   99.0  3.779  5.298   66.9   83.4
T  -70.8  -36.5  108.9  180.0  -69.7  165.8  0.987   94.7  3.733  5.240   66.5   78.0
T  -64.8  -46.2  109.9 -179.3  -59.2 -175.1  1.106   94.2  3.712  5.274   62.7   85.9
F  -63.1  -38.3  111.6 -178.5 -143.6    nan  0.997   98.7  3.755  5.265   69.1   79.2
R  -71.5  -44.2  114.0 -176.6 -169.3    nan  1.077   87.6  3.727  5.146   57.9   81.4
T  -95.2  -20.6  114.4 -174.5   66.1  -55.1  1.031   76.8  3.732  4.970   37.3   56.2
G   74.6   13.8  110.8 -176.5    nan    nan    nan  100.1  3.713    nan    nan -127.1
T -117.3  164.7  111.1  176.3   80.2  -39.6  1.037  121.7  3.849    nan    nan   80.0
W  -96.1   17.1  110.7  178.2  -70.1    nan  0.958   90.1  3.894  5.492 -104.3 -109.6
D  -50.7  -42.7  114.4 -176.6  -69.6    nan  1.121  104.4  3.781  5.919  132.6  151.9
A  -64.2  -20.7  113.4 -178.5    nan    nan  1.088  106.3  3.801  5.354   66.2   83.4
Y  -98.6    4.9  111.0 -177.6  -73.1    nan  1.026   83.2  3.755  5.321   51.5   70.6
K -109.4    nan  110.4 -179.3   97.0    nan  1.114    nan  3.710  5.358   56.0   82.2
