Id   phi    psi    tau  omega    chi    chi2  solid    eta  CA-CA  CB-CB  BA^AB  NA^AC
M    nan  149.8  108.1    nan  166.6    nan  1.007    nan    nan    nan    nan    nan
N -151.0  176.4  109.8  178.2   61.8    nan  1.058  152.0  3.792  5.633  175.8  176.1
I  -53.8  -41.8  114.6 -177.5 -172.3   63.5  1.206  102.4  3.806  5.243  -62.2  -52.7
F  -65.4  -48.1  111.7  179.3  -71.4    nan  1.056   91.6  3.808  5.602   70.6   80.9
E  -62.9  -37.9  111.8 -179.0  -63.9    nan  1.038   99.0  3.740  5.218   65.7   78.2
M  -64.5  -50.3  111.3 -179.2 -178.4    nan  1.018   91.3  3.779  5.261   72.5   85.3
L  -69.5  -28.4  111.6  178.9  -85.7    nan  1.039   98.3  3.808  5.169   50.8   68.4
R  -66.2  -35.4  108.6  179.7  167.8    nan  1.046   99.1  3.799  5.484   73.2   91.2
I  -70.0  -43.7  110.0  178.1  -77.0  160.0  1.080   91.4  3.756  5.434   60.6   79.8
D  -70.4  -32.3  114.9 -177.9  -79.3    nan  1.052   94.1  3.760  5.281   62.2   76.6
E -100.0  -26.6  116.1 -172.9  -55.5    nan  1.120   69.5  3.775  5.072   35.5   64.7
G   77.0 -169.5  109.1 -175.9    nan    nan    nan   80.6  3.756    nan    nan -127.9
L -142.8  125.7  109.7  178.3  169.4    nan  0.947  129.1  3.816    nan    nan -126.2
R -137.9  134.4  109.4 -179.8  -67.4    nan  1.103  132.7  3.763  5.659  159.3  164.4
L  -95.8   -2.0  115.4 -175.2  -61.4    nan  1.146   83.4  3.730  5.712 -135.3 -140.0
K -122.9  148.7  107.8  177.7  -25.3    nan  0.992  126.7  3.743  5.434   47.5   59.5
I  -49.2  142.1  110.3  178.3  -74.9  164.8  1.026   69.2  3.711  5.333  -72.7  -83.3
Y -148.1  166.5  112.4  177.6   71.0    nan  1.142  150.7  3.844  5.686  166.5  171.4
K  -95.7  133.2  110.1  177.8  -67.0    nan  1.102  108.5  3.778  5.510 -108.7 -106.7
D  -74.0 -167.0  110.4 -179.6   75.0    nan  1.241   69.9  3.753  5.783 -127.0 -122.5
T  -71.7  -18.3  113.1 -178.9   72.0  -45.3  1.103  100.4  3.832  5.066  -48.1  -50.2
E -100.9    1.3  113.1  178.1  -52.6    nan  1.139   79.6  3.854  5.494   43.2   66.5
G   88.3    6.8  114.7  179.5    nan    nan    nan   88.8  3.871    nan    nan  -96.5
Y  -92.2  146.6  114.1 -178.3  -49.0    nan  1.062  104.9  3.818    nan    nan  103.4
Y  -63.6  125.2  112.1  179.0  -71.6    nan  1.034   91.1  3.773  5.276  -89.9 -102.5
T -141.9  163.4  108.3 -173.5  -59.9  177.5  0.940  144.0  3.791  5.711  176.9  159.4
I -155.3  164.0  109.8  177.0 -164.9   72.6  1.068  155.8  3.737  5.566  177.8 -173.0
G   67.5 -127.2  111.3  174.7    nan    nan    nan   92.1  3.819    nan    nan   40.5
I -105.0   74.7  111.1  179.6  -59.2 -179.3  1.094  105.5  3.744    nan    nan  -37.0
G   69.2   25.7  115.4  178.9    nan    nan    nan   98.4  3.764    nan    nan  -49.4
H  -87.1  104.9  112.0 -179.9 -174.6    nan  1.027  110.4  3.832    nan    nan  122.7
L  -69.4  127.1  110.6 -178.1  175.6    nan  1.019   92.9  3.797  5.974 -136.5 -147.1
L  -89.2  -50.1  112.2  179.7  -70.3    nan  1.078   73.7  3.711  5.807 -143.3 -143.0
T -162.3  153.6  109.9 -178.0  179.6   57.0  1.010  154.1  3.813  4.709  -37.3  -24.7
K  -87.4  -19.2  108.9  177.9  -73.2    nan  1.065   86.3  3.760  5.547 -115.9 -116.1
S  -62.6  147.8  114.3  179.5  129.7    nan  1.190   78.8  3.766  5.617   80.4  103.6
P  -71.2  -10.6  117.2 -175.5  -11.3    nan  1.005  103.7  3.738  5.117  -79.8 -107.5
S  -97.9  126.7  116.8 -176.3  172.1    nan  1.097  116.1  3.745  5.204   54.0   83.2
L  -64.5  -34.6  113.0  178.5 -173.9    nan  1.083   98.9  3.776  5.693 -110.7 -126.5
N  -68.4  -39.1  108.7  179.0  -60.6    nan  1.085   95.6  3.710  5.388   66.4   83.5
A  -62.0  -33.8  110.0  179.0    nan    nan  1.011  102.8  3.680  5.381   75.8   84.9
A  -72.5  -38.1  110.9 -178.7    nan    nan  1.118   91.5  3.753  5.271   56.9   81.8
K  -65.8  -33.4  109.7  178.8  -65.9    nan  1.045   99.9  3.750  5.482   70.8   82.1
S  -70.2  -39.5  111.3  179.4  161.4    nan  1.133   92.6  3.805  5.503   63.0   83.2
E  -63.3  -42.2  108.9  178.5  -75.1    nan  1.002   97.9  3.771  5.491   79.4   82.9
L  -60.3  -43.8  112.9 -179.3  178.8    nan  1.069   97.1  3.778  5.277   69.0   85.3
D  -63.6  -40.0  111.9 -179.1  -74.7    nan  1.088   97.2  3.834  5.299   62.6   81.6
K  -65.6  -38.9  110.8  177.6  166.2    nan  0.999   96.9  3.740  5.228   66.6   79.8
A  -70.0  -38.6  112.1 -179.0    nan    nan  1.035   92.7  3.816  5.279   59.4   79.8
I  -88.3  -30.9  114.8 -176.5  -63.2  175.8  1.056   79.1  3.783  5.015   43.2   65.6
G   89.4   27.3  114.4  179.7    nan    nan    nan   79.6  3.760    nan    nan -125.5
R -161.8  170.6  108.8  179.3   76.1    nan  1.075  162.5  3.802    nan    nan   45.3
N  -84.7  106.2  107.6 -179.9 -133.2    nan  0.991  105.3  3.732  5.251  -86.4  -91.1
T  -90.9  -26.1  116.5 -173.7   64.9  -57.0  1.076   77.8  3.762  6.007 -161.1 -158.9
N   67.7   19.2  110.4 -177.1 -146.9    nan  1.125  104.6  3.706  5.302 -138.8 -138.7
G   83.2   10.9  116.9  175.9    nan    nan    nan   91.8  3.830    nan    nan  -89.4
V -131.4  139.0  109.9  179.1  178.4  -59.9  1.018  131.8  3.762    nan    nan   63.2
I -128.0  174.4  109.0  178.4   57.5  -65.0  1.043  129.6  3.781  5.742 -171.2 -170.6
T  -98.1  166.7  110.0  177.2   71.4  -48.9  1.011  102.4  3.738  5.270 -103.0 -100.0
K  -57.2  -39.8  111.5  179.0 -172.2    nan  1.044  102.7  3.800  5.251  -66.6  -70.2
D  -66.2  -36.8  110.2 -178.6  -75.3    nan  1.121   97.7  3.740  5.238   60.4   82.3
E  -69.3  -37.4  109.8  178.2  -75.4    nan  1.032   95.1  3.793  5.512   67.7   79.5
A  -65.5  -37.6  109.5 -179.4    nan    nan  1.067   98.3  3.823  5.412   66.1   84.1
E  -72.5  -31.6  112.2  179.7  -65.5    nan  1.093   93.9  3.749  5.329   57.9   77.7
K  -65.5  -45.0  110.2  176.8 -177.7    nan  1.051   94.1  3.729  5.510   75.2   87.5
L  -59.7  -39.7  110.3  177.1  -70.1    nan  0.966  101.4  3.816  5.410   76.7   80.3
F  -63.2  -43.9  112.0 -178.0 -175.2    nan  1.043   95.3  3.851  5.142   66.4   85.9
N  -59.9  -44.3  109.7  177.3  -78.9    nan  1.021   98.9  3.808  5.409   66.1   81.3
Q  -64.9  -38.3  111.0  179.8  -70.1    nan  0.997   97.5  3.723  5.293   68.7   78.5
D  -68.6  -41.9  111.9 -175.7  -67.6    nan  1.140   92.3  3.792  5.255   59.9   84.2
V  -65.5  -43.0  110.3  179.0  172.6  -67.7  1.031   95.0  3.741  5.430   70.5   79.7
D  -59.7  -42.3  110.7  179.7 -175.5    nan  1.022   99.6  3.779  5.330   70.0   84.2
A  -63.8  -35.2  112.7 -179.9    nan    nan  1.071   99.2  3.835  5.451   65.0   81.9
A  -65.5  -48.1  109.7  178.9    nan    nan  1.064   92.7  3.803  5.429   73.8   85.4
V  -59.7  -51.0  110.8  179.5  178.6  -62.8  1.027   94.6  3.771  5.340   69.9   79.4
R  -62.6  -35.5  110.3 -177.8  -85.6    nan  1.065  101.3  3.779  5.152   58.1   76.3
G  -58.4  -49.5  110.5  177.7    nan    nan    nan   96.5  3.727    nan    nan   90.6
I  -56.7  -46.4  110.7  179.6  -78.9  164.1  1.006   99.5  3.784    nan    nan   80.7
L  -68.9  -18.3  115.7 -175.7  -60.2    nan  1.134  102.4  3.797  5.152   52.5   77.3
R  -96.9  -10.8  111.1  178.8  -75.0    nan  1.018   79.4  3.737  5.388   59.7   71.9
N  -88.6  124.0  111.4 -177.0 -172.5    nan  1.101  106.8  3.804  5.381   64.8   89.4
A  -57.8  -36.1  113.0 -177.8    nan    nan  1.007  103.6  3.820  5.727  -94.4 -119.3
K  -87.0  -31.3  112.0 -179.7  -62.8    nan  1.052   81.4  3.688  5.035   44.2   66.9
L  -84.3  -40.0  117.4 -175.8  -59.4    nan  1.194   77.4  3.767  5.177   46.5   77.9
K  -51.8  -48.6  115.8 -178.1 -178.2    nan  1.117   98.8  3.732  5.453   85.6   98.9
P  -63.1  -33.7  111.4 -178.7   -5.3    nan  1.007  101.3  3.778  5.240   66.7   78.8
V  -66.6  -51.9  109.6  177.7  178.0  -58.9  1.027   90.2  3.735  5.368   67.8   84.8
Y  -54.0  -45.6  112.6  178.8 -171.4    nan  1.021  100.9  3.767  5.142   68.6   80.6
D  -63.0  -25.6  110.4 -179.3  -71.5    nan  1.003  106.0  3.786  5.324   65.9   80.0
S  -83.2   -7.5  114.7 -177.6   74.1    nan  1.075   93.6  3.740  5.288   59.5   82.9
L  -96.1  163.1  118.2 -173.5  -56.0    nan  1.063  103.8  3.771  5.398   70.2   91.3
D  -79.6  170.7  108.5  174.5   57.2    nan  0.996   82.7  3.763  5.259  -93.6 -100.8
A  -60.4  -40.7  117.5 -176.0    nan    nan  1.286   96.5  3.828  5.386  -81.6  -63.5
V  -68.2  -45.8  109.8  180.0  177.2  -68.3  0.978   91.9  3.777  5.533   78.6   80.1
R  -64.5  -33.5  111.1 -176.9  -64.4    nan  1.137  100.4  3.769  5.224   51.8   79.9
R  -58.6  -38.5  109.2  176.4  -69.8    nan  1.007  103.5  3.819  5.686   87.4   91.2
A  -64.7  -39.1  109.4  178.1    nan    nan  1.052   98.2  3.831  5.421   67.1   81.8
A  -61.4  -41.0  111.7  178.6    nan    nan  1.044   98.5  3.795  5.502   75.6   85.5
L  -65.9  -41.0  109.8  179.7 -171.9    nan  1.028   96.0  3.777  5.280   67.9   80.2
I  -60.2  -47.2  109.7  179.8  -67.8  171.6  1.056   97.1  3.801  5.438   69.9   85.2
N  -53.5  -48.4  111.9  179.1 -171.1    nan  1.024   99.9  3.812  5.323   75.7   85.4
M  -60.8  -42.1  110.9 -179.9  -70.8    nan  1.039   98.9  3.751  5.245   63.1   79.0
V  -68.1  -34.5  110.2 -177.7  166.4  -72.9  1.100   97.2  3.768  5.318   59.3   79.3
F  -63.3  -39.7  109.6 -179.9 -177.6    nan  0.962   98.9  3.768  5.435   83.0   88.5
Q  -76.5  -48.7  114.8 -177.6 -172.1    nan  1.080   81.3  3.773  5.109   48.6   74.0
M -110.2    2.7  117.7 -174.5   62.4    nan  1.277   71.1  3.741  4.740   -0.7   39.1
G   76.0  153.2  112.7 -178.2    nan    nan    nan   67.3  3.740    nan    nan -105.9
E  -51.9  -44.9  110.7 -178.5 -132.1    nan  0.894  104.0  3.792    nan    nan  -83.4
T  -63.7  -42.7  112.3 -179.1  -86.6  153.6  1.136   95.5  3.692  4.905   49.3   79.9
G  -63.1  -50.0  109.9 -178.7    nan    nan    nan   93.4  3.777    nan    nan   82.9
V  -65.5  -42.8  113.5 -178.0  179.8  -57.5  1.082   93.3  3.763    nan    nan   74.9
A  -57.1  -17.9  111.1 -179.4    nan    nan  1.069  115.1  3.787  5.384   73.8   88.2
G  -84.3  -12.3  115.4  179.7    nan    nan    nan   90.3  3.758    nan    nan   86.0
F  -78.6   55.6  105.8 -179.2  -78.8    nan  0.990  109.4  3.831    nan    nan   94.7
T  -42.0  -57.9  115.1 -177.4  -55.5 -172.5  1.055   98.9  3.792  6.172 -166.3 -164.1
N  -60.8  -39.4  111.7 -178.4  -60.2    nan  1.129   99.9  3.737  5.099   51.2   72.9
S  -63.5  -39.3  112.1 -178.9  -68.4    nan  1.009   97.6  3.797  5.519   78.7   85.5
L  -60.4  -40.4  109.5 -178.3  -59.8    nan  1.108  100.8  3.757  5.264   69.0   88.3
R  -63.3  -43.8  111.4 -179.5  171.5    nan  1.079   95.6  3.747  5.409   69.7   83.8
M  -65.9  -37.9  109.7  178.9  -63.7    nan  1.064   97.7  3.765  5.374   61.7   77.0
M  -59.2  -47.2  107.5  179.0  -77.5    nan  0.952   99.1  3.720  5.510   86.2   88.2
Q  -63.5  -33.3  114.8 -176.8 -121.5    nan  1.116   99.6  3.694  5.022   56.3   80.3
Q  -82.4   -4.7  110.6 -179.1  -59.8    nan  1.028   96.0  3.798  5.456   58.8   73.5
K   59.6   38.2  113.4 -179.9  -42.0    nan  1.115  100.8  3.794  5.555 -129.6 -128.9
R  -92.7   77.6  106.2  177.8  -71.5    nan  0.907  105.2  3.766  5.941  130.7  124.8
W  -56.1  -45.9  118.5 -174.1  -39.2    nan  1.297   95.9  3.832  6.222  179.7 -153.1
D  -69.4  -38.1  112.2 -178.2  -67.7    nan  1.240   93.3  3.752  5.380   53.8   76.6
E  -67.2  -37.9  110.9  178.1  -74.4    nan  1.007   96.0  3.736  5.644   76.8   81.2
L  -60.8  -46.0  111.9 -178.9  172.5    nan  1.036   96.0  3.697  5.206   74.1   89.3
A  -60.0  -37.6  111.1 -176.6    nan    nan  1.062  101.9  3.798  5.253   65.8   84.6
V  -69.7  -44.6  110.6  178.3  170.8  -69.1  1.067   90.9  3.732  5.386   62.3   78.9
N  -64.0  -40.6  111.4 -179.0  177.7    nan  0.998   96.9  3.748  5.275   71.4   80.1
M  -67.5  -23.9  113.1 -176.4  -88.9    nan  1.051  101.7  3.830  5.336   63.9   83.4
A  -73.8  -17.8  111.6 -178.1    nan    nan  1.096   99.1  3.753  5.389   69.6   91.1
K  -88.5   70.5  108.0  177.8  -50.1    nan  1.031  107.5  3.792  5.560   61.5   78.2
S -153.1  154.8  112.6 -176.3   67.0    nan  1.039  151.7  3.758  5.557   97.3   99.2
R  -60.2  -40.4  108.8  176.5  175.4    nan  0.946  101.3  3.755  5.339  -75.4  -88.6
W  -49.0  -52.9  110.9  179.7  164.5    nan  1.045  100.4  3.798  5.288   80.5   95.8
Y  -65.6  -40.4  111.6 -179.7  175.3    nan  0.997   95.6  3.789  5.226   60.4   70.7
N  -66.2  -32.1  112.8 -179.5  -74.9    nan  1.086   98.8  3.872  5.327   62.1   81.7
Q  -80.6  -36.9  116.0  178.8  -57.3    nan  1.170   82.6  3.812  5.409   51.4   76.3
T -135.1   74.4  107.2  178.6   49.8  -64.3  0.992   90.6  3.794  4.984    4.3   15.7
P  -62.1  -42.5  116.6 -177.5    9.0    nan  1.081   94.5  3.741  6.100 -167.6 -165.0
N  -63.1  -43.6  113.5 -177.8  -66.4    nan  1.106   94.7  3.777  5.389   65.8   86.1
R  -65.1  -49.6  107.5  177.8  168.7    nan  0.965   93.7  3.769  5.378   73.1   76.9
A  -56.3  -37.6  111.8 -179.0    nan    nan  1.106  104.5  3.821  5.225   63.1   82.0
K  -64.1  -38.9  110.8 -179.8  -63.2    nan  1.046   98.0  3.829  5.569   75.0   85.8
R  -62.5  -45.5  109.0  178.5  -76.9    nan  1.035   96.7  3.787  5.450   76.3   83.9
I  -65.2  -44.0  112.0 -178.6  -65.7  168.6  1.070   93.7  3.801  5.235   64.3   78.1
I  -60.6  -43.6  111.9  179.1  -72.5  167.7  1.133   97.5  3.832  5.352   61.5   82.4
T  -62.3  -34.0  110.4  177.0  -66.2  175.3  1.026  102.3  3.789  5.491   70.9   79.4
T  -65.3  -44.6  110.0 -179.9  -58.3 -174.8  1.104   94.6  3.759  5.367   66.4   87.3
W  -65.5  -43.0  110.4  178.4  -82.5    nan  0.957   95.0  3.776  5.399   71.4   76.0
R  -64.0  -48.4  113.7 -178.8 -148.5    nan  1.122   91.2  3.761  5.111   58.4   82.0
T  -95.5  -20.6  117.3 -177.6   68.8  -48.3  1.069   75.5  3.764  5.052   31.7   51.2
G   71.9   16.3  112.9 -177.2    nan    nan    nan  101.3  3.746    nan    nan -130.6
T -122.4  174.5  110.2  176.3   72.8  -47.8  0.960  124.1  3.890    nan    nan   76.0
W  -97.0   17.7  109.9  178.2  -70.2    nan  0.924   89.2  3.862  5.241  -98.3  -99.2
D  -53.5  -38.5  115.9 -176.3  -58.5    nan  1.199  104.3  3.762  5.903  124.0  151.2
A  -66.2  -20.0  111.3 -178.2    nan    nan  1.076  105.4  3.778  5.515   75.2   85.4
Y  -98.3   -0.3  112.7 -177.7  -74.2    nan  1.090   81.6  3.700  5.246   48.4   72.5
K  -97.4    nan  112.8 -179.1  -60.8    nan  1.181    nan  3.767  5.534   60.9   90.4
