Id   phi    psi    tau  omega    chi    chi2  solid    eta  CA-CA  CB-CB  BA^AB  NA^AC
M    nan  117.2  117.5    nan -157.6    nan  1.281    nan    nan    nan    nan    nan
N -159.5  177.3  107.9 -177.8   58.9    nan  1.006  160.2  3.724  5.569  161.1  126.6
I  -47.9  -44.6  115.3  179.3 -175.2   66.4  1.203  104.8  3.790  5.181  -57.6  -47.8
F  -57.9  -47.3  111.6  177.5  -67.0    nan  1.111   97.5  3.858  5.517   70.6   83.5
E  -72.5  -41.1  110.9  178.2  -62.6    nan  1.039   90.2  3.813  5.351   53.8   67.2
M  -59.8  -47.6  110.3 -179.0 -171.9    nan  0.932   96.8  3.789  5.305   80.0   86.8
L  -62.9  -35.3  114.2 -177.6  -78.2    nan  1.173   99.3  3.850  5.069   46.8   79.7
R  -63.5  -39.7  107.3  178.8  -86.8    nan  1.017   99.9  3.807  5.596   78.4   86.4
I  -68.5  -54.2  107.7  178.9  -73.7  165.2  1.049   89.2  3.750  5.272   61.1   77.0
D  -59.1  -46.0  113.5 -179.1  -75.9    nan  1.062   96.4  3.806  5.258   59.3   75.2
E  -91.0  -25.3  120.9 -178.2  -49.7    nan  1.147   76.4  3.815  5.166   29.0   59.6
G   78.7 -173.2  108.6 -174.8    nan    nan    nan   80.9  3.805    nan    nan -124.4
L -146.2  120.1  107.5 -179.8 -178.4    nan  1.003  124.1  3.841    nan    nan -134.4
R -131.9  124.7  108.3 -179.4  -63.5    nan  1.141  124.9  3.808  5.914  164.5  163.1
L  -87.9   -6.5  114.6 -176.5  -58.6    nan  1.259   89.4  3.808  5.963 -141.7 -143.5
K -118.4  140.5  108.6  178.9 -133.1    nan  0.887  123.0  3.767  5.498   61.7   58.9
I  -49.4  134.9  108.8  175.6  -65.0  177.6  1.067   73.4  3.817  5.576  -94.0  -96.5
Y -141.9  163.6  109.9 -179.2   70.0    nan  1.088  144.6  3.777  5.671  176.2  169.0
K  -99.0  133.2  111.6  178.3 -104.6    nan  0.964  111.8  3.797  5.344 -101.3 -117.6
D  -83.4 -174.0  110.5  178.2   55.0    nan  1.105   81.3  3.789  5.782 -137.4 -134.3
T  -69.9   -9.2  113.2 -179.5   48.4  -67.0  1.204  106.3  3.791  5.292  -69.4  -56.5
E -101.6   -3.1  111.4 -178.9  -69.7    nan  1.037   77.3  3.869  5.678   67.7   76.7
G   93.2    5.4  112.5 -179.7    nan    nan    nan   84.8  3.795    nan    nan  -95.7
Y  -88.4  158.2  109.7 -178.6  -51.2    nan  1.050   95.7  3.810    nan    nan  103.8
Y  -95.6  125.2  112.7 -176.1  -76.6    nan  0.958  111.7  3.703  5.290 -103.5 -114.0
E -129.0  171.3  111.0  177.6  -51.7    nan  1.028  131.6  3.761  5.724  170.6  171.1
I -150.8  166.4  106.3  178.0 -160.1   73.3  1.107  151.7  3.852  5.608 -169.7 -158.2
G   55.8 -124.5  115.0 -179.9    nan    nan    nan   88.2  3.783    nan    nan   35.1
I -105.2   79.1  111.2  178.7  -58.3 -177.5  1.058  107.0  3.765    nan    nan  -33.4
G   64.8   27.5  113.5 -179.6    nan    nan    nan  102.2  3.804    nan    nan  -47.4
H  -85.0  116.1  108.3 -179.9  175.8    nan  0.997  104.0  3.795    nan    nan  126.7
L  -69.7  126.5  112.1  179.7 -176.8    nan  1.065   94.4  3.830  5.963 -128.0 -136.9
L  -96.5  -54.2  113.3  177.9  -58.2    nan  1.166   67.3  3.791  5.903 -154.2 -153.5
T -164.4  152.4  110.0 -177.9 -177.8   63.8  1.008  153.7  3.757  4.649  -36.8  -30.2
K  -99.1   -9.4  108.5  179.4  -66.6    nan  1.082   78.0  3.822  5.684 -133.0 -126.4
S  -66.5  141.9  109.7  177.6  117.6    nan  1.081   82.9  3.813  5.797   89.5  106.6
P  -68.6  -12.7  118.5 -177.1   20.3    nan  1.105  104.9  3.835  5.633 -100.2 -104.3
S  -79.5  120.0  117.0 -179.8  166.1    nan  1.044  107.2  3.767  5.597   79.8   97.1
L  -58.4  -28.2  110.8  176.4  174.2    nan  1.030  108.6  3.793  5.643 -116.2 -128.2
N  -71.4  -34.6  114.2  178.4  -66.9    nan  1.158   92.4  3.818  5.582   58.8   87.3
A  -67.4  -31.0  108.5  178.7    nan    nan  0.987  100.3  3.798  5.567   81.8   84.3
A  -65.0  -49.1  108.5  178.5    nan    nan  1.027   93.4  3.774  5.330   73.7   88.2
K  -57.4  -40.9  108.4  178.8  -62.6    nan  0.957  103.5  3.841  5.414   75.0   78.9
S  -61.9  -43.7  114.1  178.7 -134.9    nan  1.142   95.3  3.755  5.151   62.0   83.8
E  -61.4  -38.8  107.5  179.6  -69.4    nan  0.996  102.0  3.818  5.589   78.2   81.9
L  -60.1  -58.0  112.6 -178.8 -177.0    nan  1.147   89.0  3.714  5.136   67.6   88.4
D  -60.1  -18.0  112.9 -179.6  -60.2    nan  1.001  111.7  3.833  5.503   67.2   71.8
K  -84.2  -34.0  108.1  179.5  -79.0    nan  1.039   84.9  3.676  5.254   67.6   84.7
A  -67.3  -44.3  112.0  179.3    nan    nan  1.033   92.0  3.786  5.459   72.8   85.1
I  -76.6  -48.6  112.3 -177.8  -68.6  168.1  1.021   82.9  3.779  5.034   54.7   69.2
G  100.9   24.3  110.0  179.8    nan    nan    nan   71.9  3.744    nan    nan -130.2
R -154.8  173.9  112.6  179.9   90.8    nan  1.098  156.5  3.697    nan    nan   51.7
N  -85.3  116.5  102.7  178.9 -144.3    nan  0.928   99.2  3.732  5.231  -82.9  -90.4
T -110.2  -21.9  116.2 -175.9   66.2  -52.1  1.069   61.7  3.810  6.039 -175.3 -167.4
N   58.5   24.5  111.3 -177.3 -138.6    nan  1.225  110.3  3.745  5.611 -150.1 -143.0
G   78.8   26.8  114.2  179.5    nan    nan    nan   89.6  3.769    nan    nan  -84.7
V -139.5  134.4  108.9  178.9 -169.8  -53.4  1.097  133.0  3.818    nan    nan   69.5
I -128.6  165.0  111.8  179.7   53.5  -66.2  1.082  132.7  3.807  5.763 -170.3 -174.0
T  -77.2  162.0  108.8  178.1   60.0  -59.1  1.012   83.5  3.754  5.247  -84.1  -93.1
K  -68.8  -33.3  107.6 -179.9  162.3    nan  0.964   98.5  3.741  5.239  -81.0  -85.8
D  -65.9  -34.3  112.1 -179.2  -92.5    nan  1.026   98.3  3.681  5.286   68.7   88.1
E  -69.6  -35.2  107.7  179.3  -79.1    nan  0.972   96.9  3.702  5.293   72.3   82.4
A  -59.5  -46.6  112.0  178.4    nan    nan  1.089   96.5  3.821  5.417   73.7   90.0
E  -58.8  -42.1  111.1 -179.0  -72.3    nan  1.029  100.3  3.802  5.264   74.4   82.8
K  -60.1  -48.1  113.0  179.4 -161.6    nan  1.001   94.7  3.672  5.147   74.3   84.8
L  -62.3  -46.4  107.4 -177.6  -85.6    nan  0.995   97.4  3.716  5.018   62.9   79.1
F  -52.9  -47.5  113.1 -178.6 -177.3    nan  1.046  100.2  3.738  5.207   70.2   88.6
N  -56.5  -50.2  111.0  178.2  -83.6    nan  1.034   97.1  3.826  5.387   69.1   82.3
Q  -60.2  -34.7  113.0  179.3  -54.5    nan  1.038  102.4  3.750  5.194   66.4   77.9
D  -70.4  -38.6  113.5 -179.4  -66.2    nan  1.135   91.6  3.786  5.333   60.1   83.8
V  -70.9  -41.5  105.9  179.7  169.1  -67.0  0.999   94.2  3.768  5.417   69.4   77.1
D  -60.1  -42.6  110.7  177.7  176.1    nan  1.090   99.2  3.764  5.415   67.8   82.7
A  -66.4  -34.6  115.4  178.3    nan    nan  1.084   96.2  3.843  5.376   65.5   78.7
A  -61.9  -43.7  108.7  178.1    nan    nan  1.019   98.3  3.871  5.498   74.7   88.7
V  -65.8  -43.6  111.5  176.8  175.1  -66.2  1.047   93.8  3.862  5.327   58.4   75.0
R  -59.9  -43.5  111.2  178.1  -76.1    nan  1.092   98.6  3.813  5.330   63.8   82.5
G  -56.1  -45.6  112.7  175.3    nan    nan    nan   99.3  3.787    nan    nan   83.6
I  -62.8  -44.0  110.1  176.8  -79.4  165.3  1.052   96.6  3.827    nan    nan   76.9
L  -66.5  -31.9  116.8 -174.7  -57.4    nan  1.260   96.8  3.847  5.242   52.8   82.5
R  -93.0  -10.4  114.0  180.0   56.7    nan  1.153   82.8  3.784  5.462   47.0   65.3
N  -89.2  120.7  112.2 -177.2 -170.5    nan  1.146  108.5  3.801  5.540   68.3   89.4
A  -61.3  -24.2  115.7 -176.6    nan    nan  1.137  106.4  3.812  5.863 -108.4 -123.5
K  -90.3  -35.4  112.1  178.7  -74.3    nan  1.015   77.2  3.781  5.490   61.6   73.1
L  -86.6  -38.0  115.6 -176.8  -63.6    nan  0.986   77.4  3.772  5.012   57.0   71.1
K  -50.7  -52.3  116.6 -179.7 -165.6    nan  1.281   96.5  3.704  5.269   65.0  100.1
P  -60.8  -23.9  111.1 -178.5  -11.5    nan  0.979  108.6  3.873  5.511   79.5   77.9
V  -76.7  -51.5  110.0 -177.8  173.2  -60.6  1.099   83.3  3.799  5.421   60.4   87.7
Y  -55.5  -48.6  111.3 -179.6 -174.2    nan  0.994   98.6  3.653  5.111   73.6   80.9
D  -53.7  -37.7  111.5 -178.8  -72.2    nan  1.086  106.7  3.775  5.256   66.3   86.1
S  -74.2  -13.3  117.3 -179.4   80.6    nan  1.130   99.5  3.787  5.330   58.7   77.9
L  -88.4  154.8  117.5 -177.3  -57.5    nan  1.088   99.8  3.817  5.478   72.0   90.5
D  -73.7 -178.7  105.7  176.4   53.7    nan  0.944   73.4  3.845  5.470  -90.5 -104.1
A  -65.4  -32.9  115.7 -177.9    nan    nan  1.198   97.8  3.783  5.271  -74.2  -57.2
V  -75.3  -44.2  110.4 -177.5 -172.9  -50.3  1.124   86.9  3.783  5.520   66.2   82.7
R  -66.6  -26.5  112.9 -178.7  -51.1    nan  1.274  101.4  3.783  5.384   49.7   78.4
R  -62.7  -43.4  110.1  178.1  -88.5    nan  1.038   97.1  3.761  5.788   92.9   95.6
A  -63.2  -39.2  109.1  180.0    nan    nan  0.987   99.5  3.758  5.175   66.9   80.2
A  -59.6  -38.0  108.4 -180.0    nan    nan  1.098  103.4  3.880  5.424   62.7   86.9
L  -76.0  -37.2  112.6  178.4 -168.4    nan  1.083   88.1  3.839  5.443   54.4   72.8
I  -66.0  -31.5  104.4 -179.3  -64.1  172.9  0.944  103.2  3.779  5.534   74.8   83.3
N  -66.2  -42.2  110.7 -177.6 -172.2    nan  1.044   94.7  3.790  5.417   72.2   89.7
M  -66.8  -41.4  109.0  179.1  -75.3    nan  0.920   95.6  3.793  5.345   74.1   77.6
V  -60.7  -40.4  114.8  179.0  175.1  -54.7  1.198   97.8  3.748  5.192   55.9   85.0
F  -61.6  -35.4  109.8  178.8 -178.9    nan  0.974  102.4  3.826  5.489   83.8   84.6
Q  -83.2  -28.4  115.5 -176.7 -157.1    nan  1.094   84.3  3.854  5.266   47.2   72.3
M -125.4   -9.8  116.4 -176.3  -64.7    nan  1.108   50.7  3.817  4.907   18.7   39.2
G   85.8  158.5  113.5 -177.2    nan    nan    nan   77.6  3.793    nan    nan -107.7
E  -59.1  -46.2  113.3 -179.2   48.7    nan  1.145   96.3  3.888    nan    nan  -81.1
T  -70.4  -33.9  110.3  179.4   77.7  -39.4  1.092   95.5  3.719  5.255   55.1   72.0
G  -69.5  -34.2  112.6  178.8    nan    nan    nan   94.9  3.824    nan    nan   83.8
V  -79.3  -34.0  108.9 -179.9  175.5  -65.7  0.993   88.6  3.760    nan    nan   74.6
A  -57.3  -23.0  110.0 -180.0    nan    nan  1.026  112.6  3.850  5.453   79.7   94.3
G  -76.0  -11.7  113.3  178.4    nan    nan    nan   99.1  3.835    nan    nan   86.3
F  -83.3   57.1  110.1 -178.8  -78.6    nan  1.009  110.5  3.827    nan    nan   93.1
T  -41.6  -47.2  119.2 -177.8  -75.0  166.8  1.039  105.7  3.747  5.992 -162.1 -163.0
N  -75.2  -36.4  115.7 -176.7  -61.9    nan  1.103   87.5  3.791  5.078   43.8   73.0
S  -66.2  -41.2  109.5 -179.0  -59.5    nan  1.081   95.8  3.755  5.320   67.3   85.4
L  -69.4  -38.2  109.7  177.9  -54.7    nan  1.092   94.7  3.827  5.493   60.3   74.6
R  -57.4  -46.4  107.0  177.5  -84.0    nan  0.987  101.1  3.859  5.739   91.1   87.9
M  -65.0  -43.1  113.6 -178.4  -62.2    nan  1.056   93.5  3.847  5.178   66.7   77.2
L  -65.3  -38.6  109.6 -179.2  -63.0    nan  1.005   97.8  3.771  5.406   71.2   80.3
Q  -60.9  -36.2  111.0 -177.9  168.1    nan  1.028  102.0  3.731  5.139   76.1   88.7
Q  -89.6    8.5  114.6  179.0  -60.7    nan  0.967   93.9  3.770  5.134   46.7   62.7
K   67.6   21.1  116.1  178.9  -27.2    nan  1.387  102.0  3.850  5.642 -130.0 -111.8
R  -94.7   73.8  108.2  178.0  -72.5    nan  1.000  106.0  3.893  6.162  119.9  107.6
W  -59.7  -36.7  117.4 -175.8  -40.2    nan  1.211   99.6  3.753  6.154 -174.1 -163.5
D  -74.4  -43.6  110.4  179.3  -62.7    nan  1.087   87.9  3.657  5.384   62.5   78.1
E  -67.8  -27.4  112.3  178.2  -52.8    nan  1.124  100.0  3.719  5.346   55.0   75.6
A  -69.6  -42.1  109.0  179.8    nan    nan  1.033   93.1  3.911  5.756   79.4   89.5
A  -53.2  -44.2  111.5  177.4    nan    nan  1.005  103.0  3.856  5.419   81.7   88.4
V  -66.0  -45.7  109.1  178.8  167.5  -79.3  1.045   94.0  3.799  5.203   61.3   76.1
N  -66.1  -33.7  111.9  178.4  -73.2    nan  1.130   98.5  3.832  5.305   53.2   74.7
L  -65.3  -33.8  109.7  180.0  -70.8    nan  1.105  100.2  3.818  5.586   70.0   87.5
A  -73.0  -23.7  113.6  179.3    nan    nan  1.199   96.5  3.813  5.465   55.2   80.2
K  -86.9   73.1  109.1  179.2  -59.8    nan  0.995  109.2  3.794  5.458   66.2   76.6
S -151.8  163.2  109.8 -177.7   61.6    nan  1.009  152.8  3.692  5.517   95.2  101.9
R  -67.2  -39.8  105.9  178.6  176.2    nan  1.047   97.9  3.674  5.277  -84.4  -85.7
W  -47.9  -55.1  112.2 -179.5  169.1    nan  0.949   98.9  3.815  5.473   92.7   98.0
Y  -60.4  -34.2  112.0 -178.3  179.3    nan  0.990  103.0  3.770  4.830   54.1   74.7
N  -78.8  -19.2  108.8  179.4  -74.6    nan  0.995   94.5  3.835  5.376   53.6   74.0
Q  -82.9  -53.9  112.0  179.4  -65.3    nan  1.053   76.8  3.791  5.554   66.8   84.4
T -127.8   63.5  112.0 -177.4   71.9  -55.0  1.138   89.5  3.773  4.625  -12.2   10.4
P  -58.4  -33.1  117.1 -175.8   21.0    nan  1.022  103.1  3.784  6.154 -160.9 -170.7
N  -66.3  -43.4  112.1 -176.5  -76.7    nan  1.070   93.1  3.710  5.238   69.5   92.6
R  -65.3  -49.5  109.5  178.3  150.4    nan  1.027   92.3  3.831  5.322   63.0   76.9
A  -57.6  -39.8  110.0  179.0    nan    nan  1.054  103.1  3.746  5.181   63.5   79.2
K  -62.2  -38.6  115.0  178.9  -56.9    nan  1.232   97.5  3.760  5.532   56.9   85.4
R  -65.8  -43.2  111.6  177.8  -74.4    nan  0.994   94.0  3.804  5.516   84.6   82.3
V  -64.0  -45.3  111.1  178.4  170.9  -69.0  1.058   94.5  3.875  5.247   61.5   78.7
I  -65.1  -31.3  110.6  178.7  -54.8 -179.2  1.006  101.1  3.791  5.342   65.3   76.4
T  -69.8  -34.1  108.9 -179.8  -62.0  175.6  1.068   96.6  3.810  5.477   66.4   85.8
T  -64.4  -42.5  111.0  179.5  -50.5 -172.6  1.065   95.7  3.772  5.390   72.2   87.4
F  -71.8  -31.3  109.9  179.7  -91.1    nan  0.901   95.7  3.752  5.395   70.8   73.3
R  -67.5  -48.1  112.9 -177.1 -170.5    nan  1.094   89.3  3.718  5.115   69.6   90.9
T  -93.8  -31.3  119.5 -174.8   60.5  -61.6  1.131   71.8  3.726  4.779   32.1   53.1
G   76.8   15.4  110.3 -178.8    nan    nan    nan   97.5  3.737    nan    nan -134.9
T -120.8  174.0  113.3  178.7   77.6  -47.9  1.050  123.0  3.789    nan    nan   79.9
W  -93.9   12.8  111.9 -179.7  -67.0    nan  1.140   91.0  3.788  5.395 -107.2  -94.3
D  -43.3  -40.5  119.7 -178.6  -85.0    nan  1.158  109.4  3.802  6.045  145.4  153.6
A  -75.9  -16.6  115.4 -179.8    nan    nan  1.105   96.6  3.841  5.298   56.6   75.3
Y  -96.5  -20.1  114.5 -179.0  -69.6    nan  1.099   75.6  3.832  5.387   53.8   74.9
K  -82.4    nan  115.1 -179.9 -109.7    nan  1.044    nan  3.843  5.457   70.6   84.4
