Id   phi    psi    tau  omega    chi    chi2  solid    eta  CA-CA  CB-CB  BA^AB  NA^AC
M    nan  139.6  109.1    nan  -29.5    nan  0.981    nan    nan    nan    nan    nan
N  -71.5  158.7  107.9  174.1   86.0    nan  1.190   79.1  3.697  5.809 -133.2 -114.5
I  -49.3  -41.5  123.4 -178.5   59.6  -81.1  1.388  102.2  3.943  5.819  -73.4  -67.1
F  -61.0  -30.6  110.8 -180.0  161.7    nan  1.027  105.0  3.746  5.499   90.9   87.5
E  -71.9  -39.7  110.6  179.7 -113.7    nan  1.090   91.5  3.805  5.541   61.6   84.4
I  -63.9  -53.0  108.8  175.5  -82.1  160.0  0.998   92.0  3.761  5.329   74.0   79.4
L  -65.1  -29.5  115.9  175.4  -83.5    nan  1.247   99.9  3.725  5.333   36.5   68.8
R  -52.3  -48.0  109.6 -177.9 -170.9    nan  1.129  102.2  3.806  5.777  101.5  106.0
I  -65.0  -40.3  113.5 -179.5  -74.0  162.8  1.010   95.1  3.771  5.279   72.8   75.1
D  -79.9  -50.4  113.8 -179.2  -82.2    nan  1.074   78.8  3.807  5.145   51.2   70.9
E  -79.0  -42.1  110.0 -178.3  -95.1    nan  0.975   85.2  3.801  5.263   55.4   61.6
G   99.4  150.6  107.8 -174.5    nan    nan    nan   89.7  3.721    nan    nan -121.1
L -119.3  128.1  108.1 -175.9  160.4    nan  0.995  121.0  3.819    nan    nan -145.0
R -122.8  124.7  112.0  178.4  -48.6    nan  1.191  124.5  3.800  5.863  174.5 -176.9
L  -93.8    7.7  114.7 -178.3  -58.4    nan  1.126   89.4  3.767  5.801 -138.4 -150.3
K -132.4  137.2  111.9  179.2 -102.8    nan  1.074  133.0  3.787  5.394   43.5   59.2
I  -49.9  129.9  109.0  178.4  -69.5  168.1  0.948   77.2  3.814  5.412  -75.7  -99.4
Y -141.5  175.9  111.5  178.3   61.5    nan  1.070  142.9  3.824  5.732  160.7  165.9
K -102.8  129.0  109.3  178.8  -66.4    nan  1.138  113.0  3.873  5.482 -115.7 -101.9
D  -78.8 -162.6  114.5 -176.4   73.3    nan  1.134   72.1  3.840  5.882 -122.5 -127.1
T  -63.3  -32.7  112.5  178.8   50.1  -74.2  1.102  101.1  3.843  5.189  -41.0  -37.4
E  -97.8   16.6  110.6 -180.0  -48.2    nan  0.998   88.3  3.738  5.101   49.0   57.9
G   62.6   27.6  115.5  179.1    nan    nan    nan  103.3  3.775    nan    nan -107.6
Y  -90.5  150.5  110.0  175.7  -68.4    nan  1.011  100.2  3.813    nan    nan  117.1
Y  -77.6  135.6  109.0  179.7  -78.7    nan  1.067   93.9  3.858  5.739 -108.1 -107.2
T -155.3  160.1  115.6 -174.8  -12.2 -133.6  1.019  156.3  3.783  5.670  178.9  154.8
I -156.9  163.9  108.0  180.0 -161.7   69.7  0.922  156.6  3.766  5.291 -170.5  178.5
G   69.5 -140.5  112.8  178.3    nan    nan    nan   87.8  3.786    nan    nan   44.2
I  -91.2   72.5  110.5  177.8  -66.2  173.5  1.118  109.1  3.708    nan    nan  -38.1
G   64.5   34.6  113.9  179.9    nan    nan    nan   98.4  3.732    nan    nan  -54.0
H  -82.8  102.0  113.4  179.7 -176.1    nan  1.049  111.0  3.815    nan    nan  136.0
L  -58.3  134.9  111.9 -177.9  154.9    nan  1.279   81.5  3.875  6.243 -148.1 -138.0
L -104.5  -39.3  107.9  179.1  -71.1    nan  1.030   67.5  3.748  5.826 -136.3 -148.2
T -167.4  151.7  111.2 -179.3 -173.0   66.5  1.120  153.7  3.690  4.612  -42.2  -22.1
K  -93.8  -24.0  110.0  177.3  -59.8    nan  1.048   78.5  3.821  5.622 -115.8 -125.1
S  -55.1  139.2  112.5  175.9   73.6    nan  1.112   76.8  3.793  5.577   85.9  103.1
P  -84.6   83.8  109.2  179.6   29.8    nan  0.908  109.6  3.774  5.668 -108.8 -126.0
S -167.6  112.8  114.8  178.0  130.6    nan  1.170  117.5  3.749  5.305   78.2   91.3
L  -54.4  -27.6  113.9  178.9 -178.7    nan  1.098  111.4  3.760  5.764 -105.8 -130.2
N  -72.8  -51.3  113.0 -178.7  -82.1    nan  1.249   83.9  3.728  5.370   58.4   88.8
A  -56.8  -36.0  107.7  176.9    nan    nan  0.915  107.1  3.784  5.575   84.0   76.9
A  -62.2  -53.8  111.8 -177.6    nan    nan  1.058   90.6  3.788  5.187   69.4   90.3
K  -55.7  -41.1  109.7  177.2  -72.1    nan  1.075  104.1  3.767  5.183   60.4   76.1
S  -59.5  -46.4  112.7  178.2 -144.0    nan  1.087   96.3  3.843  5.556   71.4   85.2
E  -55.8  -45.4  112.0 -179.5  -84.5    nan  1.044  100.1  3.762  5.158   75.1   85.7
L  -60.5  -53.0  110.8  177.7 -179.9    nan  0.969   92.9  3.796  5.226   70.7   79.7
D  -49.0  -52.9  111.1 -177.2  -79.3    nan  1.078  100.3  3.787  5.067   68.2   87.5
K  -53.1  -47.8  112.3  177.1 -159.5    nan  0.963  100.4  3.733  5.092   73.7   79.2
A  -70.6  -29.2  111.4 -177.1    nan    nan  1.011   97.0  3.821  5.081   54.9   72.6
I  -91.5  -38.7  114.6 -175.5  -56.5  179.5  1.157   73.7  3.665  4.986   42.3   72.4
G   94.3   45.2  109.7 -177.9    nan    nan    nan   73.0  3.740    nan    nan -123.8
R -178.0  178.5  111.1 -178.0  103.5    nan  1.088  178.0  3.801    nan    nan   45.7
N  -94.9   99.2  108.2 -179.3  -86.0    nan  1.218  108.7  3.747  5.449 -110.2  -89.9
C  -81.2  -20.1  117.0 -174.9  -64.0    nan  1.289   89.3  3.719  6.040 -156.5 -158.9
N   48.3   40.5  108.9 -179.2 -158.1    nan  1.050  110.5  3.651  5.568 -146.0 -152.0
G   63.8   19.0  117.2  178.0    nan    nan    nan  106.4  3.747    nan    nan  -85.1
V -125.6  156.0  109.9  177.7 -172.3  -50.1  1.081  130.1  3.821    nan    nan   77.0
I -138.9  172.7  111.0  177.6   66.4  -57.8  1.111  141.1  3.808  5.651 -166.6 -162.0
T -111.6  175.8  108.1  178.5   55.3  -59.3  0.954  112.8  3.751  5.245 -110.8 -114.9
K  -55.9  -45.1  110.9 -179.5 -124.5    nan  1.108  100.7  3.753  5.286  -65.4  -56.4
D  -61.6  -41.8  112.0 -178.2  -60.2    nan  1.114   97.7  3.754  5.252   64.7   82.2
E  -62.6  -41.2  110.2  178.5  -78.5    nan  1.117   98.3  3.608  5.364   62.4   82.4
A  -61.4  -35.8  111.4 -179.9    nan    nan  1.033  101.7  3.763  5.448   74.2   84.8
E  -66.9  -38.9  111.9  178.1 -175.5    nan  1.159   95.2  3.785  5.403   61.5   83.1
K  -63.0  -43.2  111.4  175.2  -58.4    nan  1.021   96.2  3.834  5.717   84.7   81.8
L  -64.8  -41.4  109.9 -179.2  -62.6    nan  1.007   96.6  3.822  5.171   72.1   79.8
F  -61.9  -40.7  113.2 -179.5  158.4    nan  1.188   97.5  3.792  5.300   55.8   84.7
N  -60.3  -41.4  112.6  179.4  -72.2    nan  1.041   98.7  3.794  5.593   80.2   86.5
Q  -70.7  -37.0  112.0  178.8  -80.6    nan  1.007   93.0  3.759  5.126   65.1   74.7
D  -69.2  -37.5  112.5  176.4  -66.0    nan  1.154   93.7  3.801  5.276   55.4   78.8
V  -64.9  -53.5  108.8  175.8  175.1  -67.1  1.085   91.0  3.888  5.650   69.9   80.6
D  -55.4  -40.6  112.7  178.5  -66.6    nan  1.079  103.0  3.831  5.395   68.6   77.7
A  -71.1  -37.2  112.1  178.8    nan    nan  1.082   92.5  3.750  5.219   59.0   75.8
A  -61.5  -34.5  110.5  176.5    nan    nan  1.125  102.6  3.790  5.535   68.0   85.6
V  -71.1  -46.4  110.9 -178.7 -178.9  -59.2  1.069   88.8  3.854  5.544   69.9   82.5
R  -55.9  -43.1  107.9 -179.5  -68.6    nan  1.072  103.6  3.696  5.291   70.8   84.7
G  -61.1  -50.1  111.7 -180.0    nan    nan    nan   93.6  3.820    nan    nan   82.6
I  -50.2  -43.5  107.2 -179.9  -90.5  151.2  1.012  107.9  3.771    nan    nan   86.3
L  -75.4   -3.3  118.9 -179.7  -44.8    nan  1.286  103.0  3.767  5.204   33.6   71.6
R -103.8    5.4  109.4 -177.2  -95.3    nan  0.966   78.1  3.808  5.660   80.8   80.6
N -121.4  110.3  114.8 -175.9  174.9    nan  1.007  121.1  3.646  4.967   51.3   72.8
A  -60.2  -17.6  117.1  178.3    nan    nan  1.295  110.8  3.793  6.086 -146.5 -134.9
K  -79.8  -29.3  110.7  177.1  -89.4    nan  1.146   89.1  3.690  5.678   75.9   88.8
L  -94.8  -43.4  118.9 -177.8  -43.5    nan  1.308   66.9  3.801  5.379   32.3   68.4
K  -39.6  -50.2  117.2 -179.3 -152.3    nan  1.180  105.6  3.841  5.662  101.1  106.2
P  -57.3  -46.4  109.4  179.5  -15.5    nan  0.987   99.8  3.784  5.251   77.2   81.2
V  -57.7  -62.2  111.2  177.6 -167.0  -47.2  1.057   88.8  3.719  5.208   64.3   81.1
Y  -50.3  -42.4  113.0 -176.7 -172.7    nan  1.075  105.7  3.764  5.036   65.9   79.0
D  -61.5  -37.1  112.2 -176.2  -70.3    nan  1.119  100.3  3.702  5.270   66.9   87.3
S  -78.0   -6.7  115.4 -177.4  114.5    nan  1.016   99.1  3.760  5.281   64.8   75.6
L  -96.2  160.1  112.6 -176.3  -54.8    nan  1.123  103.4  3.764  5.396   58.3   88.6
D  -75.9 -172.9  104.9  177.7   46.0    nan  0.995   74.2  3.716  5.282  -86.8  -98.5
A  -74.5  -44.5  117.4  179.9    nan    nan  1.239   83.1  3.802  5.287  -80.6  -59.2
V  -60.0  -47.4  110.1  179.3  175.3  -58.7  1.052   96.8  3.800  5.521   78.0   83.6
R  -61.8  -29.9  114.4 -179.2  -65.3    nan  1.194  103.2  3.819  5.289   54.1   79.8
R  -67.6  -37.5  107.8  177.6  -87.0    nan  0.966   97.5  3.700  5.586   87.7   87.3
C  -70.2  -27.3  108.0 -176.0  -89.2    nan  1.239   99.7  3.783  5.053   47.1   81.0
A  -74.7  -26.5  111.7  173.3    nan    nan  1.161   94.5  3.860  5.924   58.6   78.8
L  -75.7  -46.9  110.3  174.0 -171.5    nan  1.069   85.6  3.832  5.649   69.0   80.4
I  -54.9  -38.9  110.2  177.5  -90.9  144.9  1.154  105.7  3.892  5.428   61.8   82.7
N  -55.6  -46.5  107.0  174.5 -172.8    nan  1.040  102.3  3.859  5.730   79.6   86.6
M  -65.0  -43.0  112.0  179.3  -67.6    nan  1.104   94.5  3.870  5.457   58.5   75.3
V  -61.1  -38.1  110.4  178.5  158.2  -74.1  1.067  101.1  3.864  5.472   70.0   82.3
F  -54.3  -56.6  109.6  176.4 -104.4    nan  1.040   95.3  3.817  5.459   77.5   90.5
Q  -66.8  -39.6  115.2  179.9 -179.0    nan  1.144   93.1  3.836  5.174   41.9   65.7
M -129.2    4.4  116.3 -178.9   39.2    nan  1.194   52.9  3.757  4.836   -5.5   25.6
G   77.2  164.8  115.7  179.5    nan    nan    nan   71.0  3.766    nan    nan -106.4
E  -53.9  -62.5  114.4 -176.2  -50.9    nan  1.093   88.6  3.776    nan    nan  -67.1
T  -45.0  -40.0  111.0 -177.2  -85.3  153.0  1.066  112.3  3.626  4.757   71.6   84.1
G  -66.5  -48.5  114.2  179.2    nan    nan    nan   89.0  3.869    nan    nan   81.1
V  -63.6  -37.9  109.5 -178.5  179.8  -56.3  0.963   99.6  3.827    nan    nan   77.5
A  -48.1  -35.6  116.2 -178.4    nan    nan  1.133  110.7  3.856  5.402   80.5  101.7
G  -78.9   -0.6  114.3 -178.5    nan    nan    nan  100.9  3.751    nan    nan   76.1
F  -85.3   54.5  105.5  175.4  -70.7    nan  0.972  105.3  3.840    nan    nan   95.1
T  -43.8  -50.5  116.6 -175.1  -61.6  176.5  1.157  102.7  3.770  6.115 -177.3 -164.8
N  -76.1  -49.9  114.2 -179.9  -49.3    nan  1.165   81.4  3.782  5.258   41.2   65.2
S  -55.0  -37.9  114.1 -178.8  -61.1    nan  1.074  104.3  3.785  5.369   75.0   85.3
L  -68.7  -29.2  105.9 -179.5 -118.4    nan  0.933  101.1  3.799  5.292   70.9   80.5
R  -70.8  -46.7  109.6  179.4  158.9    nan  1.022   89.7  3.781  5.451   65.2   85.4
M  -56.5  -34.2  109.7  177.6  -71.1    nan  1.034  107.3  3.681  5.191   72.4   81.8
L  -68.8  -42.6  112.6 -176.7  -73.0    nan  1.093   91.4  3.851  5.467   67.6   86.6
Q  -69.7  -26.3  110.3 -178.9  173.9    nan  1.083   99.6  3.744  5.216   60.9   76.4
Q  -83.7  -25.8  113.0  177.1  -80.5    nan  1.093   85.9  3.700  5.340   56.0   75.8
K   92.6   17.3  113.6 -179.6  -36.9    nan  1.351   80.6  3.819  5.523 -132.2 -116.5
R  -73.2   53.6  108.5  174.6 -104.1    nan  0.983  114.6  3.769  6.104  138.5  122.6
W  -32.9  -50.7  119.5 -177.1  -44.6    nan  1.240  109.0  3.846  6.236 -169.5 -156.8
D  -74.9  -28.1  113.3 -177.0  -43.8    nan  1.151   92.8  3.849  5.404   53.8   69.0
E  -71.3  -33.4  109.1 -179.8  -75.0    nan  1.048   95.6  3.829  5.566   79.5   87.3
A  -66.4  -49.7  108.6  177.7    nan    nan  1.073   92.1  3.696  5.315   66.5   84.3
A  -54.3  -53.6  114.2 -177.8    nan    nan  1.134   94.5  3.760  5.457   69.0   85.7
V  -52.6  -41.7  108.7 -177.4  170.2  -71.6  0.988  106.5  3.681  5.211   83.5   84.2
N  -68.3  -42.0  114.7 -177.2 -148.9    nan  1.135   90.9  3.720  5.051   57.9   80.3
L  -67.3  -22.6  108.1 -179.8  -73.7    nan  1.064  104.2  3.772  5.390   64.9   78.5
A  -74.9  -11.8  113.0 -178.7    nan    nan  1.092  100.2  3.646  5.412   70.2   90.9
K  -90.4   -4.5  114.9 -178.3  -19.1    nan  1.150   87.6  3.795  5.555   61.5   87.9
S  -75.2  159.8  117.9 -175.7   81.4    nan  1.170   85.2  3.772  5.634   91.0  110.0
R  -65.1  -41.0  106.7  177.8 -160.2    nan  1.001   98.4  3.739  5.181  -72.9  -90.4
W  -48.3  -50.3  112.3  178.3  168.4    nan  1.056  101.9  3.787  5.342   80.9   94.6
Y  -61.7  -37.4  110.8  177.3 -170.4    nan  0.923  100.8  3.707  5.117   69.2   74.2
N  -67.8  -41.8  113.8 -179.0  -69.5    nan  1.160   91.8  3.751  5.241   54.7   84.2
Q  -62.3  -39.8  114.3  179.8  -66.7    nan  1.081   97.0  3.775  5.342   76.1   83.9
T -148.6   77.1  110.7 -176.9   58.8  -60.0  1.032   89.4  3.791  4.705  -14.6    1.1
P  -56.2  -51.2  111.5 -177.5   -2.9    nan  0.982   96.3  3.716  5.921 -149.9 -161.0
N  -58.7  -53.5  116.9 -177.5  -56.7    nan  1.257   89.8  3.802  5.148   45.7   81.6
R  -63.3  -45.5  107.7  178.8  165.5    nan  0.980   96.9  3.703  5.305   70.6   71.5
A  -64.8  -30.4  113.6  178.0    nan    nan  1.201  100.6  3.732  5.124   46.2   75.9
K  -69.4  -44.7  108.7  177.0  -33.4    nan  1.115   92.2  3.797  5.789   72.2   85.1
R  -63.6  -34.9  113.1  177.9  -40.0    nan  1.072   99.4  3.744  5.438   68.8   78.3
V  -67.9  -25.3  111.5  178.8  177.9  -60.4  1.144  101.2  3.765  5.450   63.4   84.6
I  -78.0  -42.2  113.2 -177.9  -70.7  164.8  1.086   84.0  3.771  5.446   70.3   86.6
T  -55.8  -42.3  110.7  177.7  -54.5 -175.2  1.013  102.6  3.678  5.233   75.1   87.6
T  -59.9  -41.3  109.5  177.0  -39.4 -167.2  1.080  100.8  3.784  5.392   63.1   82.3
F  -60.5  -47.3  108.7  177.1  -81.4    nan  1.094   97.4  3.845  5.631   72.4   82.4
R  -59.1  -62.8  115.3 -178.8 -164.5    nan  1.058   84.8  3.774  5.287   75.5   82.1
T  -85.0  -22.6  117.6 -176.1   74.8  -42.6  1.170   84.5  3.759  4.666   20.7   49.4
G   77.7   21.1  112.3  178.7    nan    nan    nan   93.7  3.796    nan    nan -129.9
T -141.5  172.8  110.0 -179.8   70.6  -46.7  1.060  143.5  3.792    nan    nan   63.0
W  -97.2   23.7  114.2 -179.0  -65.1    nan  1.045   92.7  3.718  5.222 -102.0  -98.6
D  -55.9  -33.1  112.3 -179.0  -66.3    nan  1.136  107.4  3.853  6.116  133.0  150.2
A  -60.2  -22.4  113.5 -179.0    nan    nan  1.082  109.1  3.649  5.567   86.3   95.7
Y  -99.6   14.1  114.5 -172.6  -58.6    nan  1.116   86.4  3.767  5.183   50.4   72.9
K  -52.6    nan  112.8  180.0   -8.6    nan  1.072    nan  3.811  6.086  140.7  143.8
