Id   phi    psi    tau  omega    chi    chi2  solid    eta  CA-CA  CB-CB  BA^AB  NA^AC
M    nan  117.2  116.0    nan -136.0    nan  1.175    nan    nan    nan    nan    nan
N -118.7  162.9  111.0  178.2   86.0    nan  1.181  123.5  3.638  5.719  176.9  173.5
I  -47.8  -46.0  114.2 -179.1 -145.9   81.6  1.209  104.3  3.662  5.122  -60.7  -65.0
F  -54.6  -48.0  111.8 -179.8 -171.0    nan  1.141   99.3  3.804  5.626   72.9   87.7
E  -61.9  -40.5  112.9 -179.3  -35.0    nan  1.117   97.8  3.821  5.551   67.1   79.3
I  -62.3  -56.1  111.9 -179.4  -45.5 -164.3  1.053   89.1  3.685  5.337   78.4   86.0
L  -61.9  -30.3  115.9 -174.9  -70.8    nan  1.321  102.2  3.802  5.088   39.6   76.3
R  -72.3  -36.5  105.7  178.7  129.8    nan  0.997   95.2  3.689  5.614   81.7   83.1
I  -59.8  -50.3  107.3  173.9  -80.0  163.4  1.056   97.1  3.789  5.549   69.9   84.2
D  -72.5  -39.7  115.8 -175.4  -72.1    nan  1.169   88.0  3.725  5.185   45.8   70.7
E  -97.5  -29.9  114.5 -171.9  -60.4    nan  1.200   71.5  3.693  5.009   31.5   61.1
G   94.4  171.2  107.6 -178.2    nan    nan    nan   91.7  3.763    nan    nan -116.3
L -134.4  119.3  108.9 -179.9 -176.9    nan  1.065  123.0  3.855    nan    nan -139.9
R -133.0  125.7  111.2 -178.5  -48.2    nan  1.077  127.8  3.776  5.742  169.2  165.6
L  -88.1   -2.4  116.3 -177.4  -31.4    nan  1.339   90.8  3.709  5.883 -155.7 -141.8
K -132.0  151.9  109.5  175.6   61.8    nan  1.101  135.0  3.821  5.659   40.9   48.6
I  -49.6  135.5  110.9 -178.4  -66.4  169.7  1.128   74.3  3.764  5.268  -70.1  -79.7
Y -149.1  157.1  112.2  179.9   81.8    nan  1.183  150.0  3.816  5.709  164.7  164.0
K  -88.2  126.6  110.3  178.2  -90.0    nan  0.999  105.1  3.802  5.435  -97.3 -112.2
D  -84.7 -164.8  114.5 -178.9   71.2    nan  1.111   78.6  3.791  5.831 -143.1 -136.7
T  -58.8  -26.3  113.1  179.3   31.4  -90.8  1.025  108.4  3.840  5.070  -31.8  -35.3
E  -99.3    5.4  110.2 -178.9  -60.1    nan  1.099   82.6  3.731  5.043   41.9   63.8
G   87.7   13.0  113.7  177.4    nan    nan    nan   87.0  3.692    nan    nan  -97.2
Y  -96.8  139.0  112.9 -178.0  -62.1    nan  1.025  110.0  3.813    nan    nan  102.4
Y  -73.4  126.4  108.3  179.8  -74.8    nan  1.050   94.1  3.790  5.694 -110.1 -119.0
T -134.2  173.5  110.1  179.7  -55.1 -174.8  0.952  136.1  3.670  5.515 -176.5  168.1
I -161.5  138.7  112.7 -179.7 -154.3   85.5  1.081  142.5  3.777  5.463 -174.5 -167.8
G   84.4 -132.0  109.3  174.5    nan    nan    nan  100.3  3.780    nan    nan   26.4
I -109.3   86.9  109.0  177.8  -60.1 -178.5  0.970  106.8  3.689    nan    nan  -48.5
G   70.3   13.5  115.1  175.1    nan    nan    nan  103.6  3.807    nan    nan  -39.2
H  -77.5  117.5  108.6  178.4 -165.2    nan  0.983  100.1  3.689    nan    nan  119.3
L  -78.6  123.1  109.7  178.0  168.7    nan  1.078   99.7  3.827  5.999 -141.3 -146.4
L  -89.6  -47.9  110.6 -177.0  -75.4    nan  1.082   75.1  3.741  5.836 -142.1 -145.7
T -164.2  158.8  112.5  177.4  166.0   49.5  1.043  159.2  3.776  4.894  -42.0  -27.0
K  -99.1    4.9  110.7  177.0  -58.6    nan  1.097   82.7  3.711  5.502 -129.4 -116.0
S  -84.0  143.6  111.7 -175.8  -92.2    nan  1.038   97.7  3.763  5.734   96.3  109.8
P  -71.7   72.5  106.9  175.2   26.1    nan  0.928  110.9  3.692  5.398  -99.1 -114.6
S -158.1  108.0  112.9 -178.3  127.7    nan  1.065  115.2  3.744  5.278   82.0   95.4
L  -59.6  -32.0  110.6  177.7 -127.5    nan  1.024  105.6  3.828  6.047 -122.8 -138.0
N  -60.1  -57.7  111.2  179.4  -52.6    nan  1.202   90.1  3.757  5.524   69.4   94.2
A  -54.7  -46.2  110.1  179.0    nan    nan  1.033  101.4  3.797  5.440   74.3   74.8
A  -52.1  -52.4  111.2  176.6    nan    nan  1.051   98.5  3.692  5.269   75.5   86.1
K  -62.2  -33.8  112.8 -176.6  -48.5    nan  1.161  101.3  3.874  5.374   54.3   76.8
S  -76.4  -33.9  111.6  178.2   68.3    nan  1.175   89.7  3.711  5.320   58.0   77.1
E  -63.6  -44.0  106.9  175.8  -86.5    nan  0.960   98.0  3.822  5.622   82.4   85.2
L  -58.3  -44.5  112.1  176.9  170.1    nan  1.188   98.7  3.789  5.324   55.8   82.1
D  -60.6  -47.6  110.7 -179.2  -75.9    nan  1.150   95.9  3.763  5.486   67.9   83.2
K  -59.9  -31.2  112.9  177.8  -54.0    nan  1.095  104.7  3.767  5.529   70.0   79.1
A  -72.7  -56.1  110.3 -178.0    nan    nan  0.982   83.7  3.794  5.333   76.2   84.9
I  -67.8  -57.6  113.9 -179.0  -55.9 -176.4  1.108   83.5  3.736  4.924   40.2   66.6
G  120.2   -5.4  111.5  179.9    nan    nan    nan   61.9  3.795    nan    nan -118.8
R -122.4  175.6  109.7  179.7  100.7    nan  0.987  123.8  3.805    nan    nan   57.6
N  -96.9  108.4  104.1  178.6   95.1    nan  1.103  105.5  3.710  5.335 -115.9  -98.4
C -107.7  -16.7  114.0 -173.1  -26.7    nan  1.095   66.2  3.812  6.201 -170.0 -172.0
N   54.2   52.3  114.1  179.5 -146.4    nan  1.271   95.5  3.689  5.611 -151.3 -146.3
G   63.7   24.3  113.4  175.0    nan    nan    nan  104.9  3.687    nan    nan  -77.7
V -138.5  132.8  111.9  177.0  162.0  -79.3  1.199  133.7  3.689    nan    nan   68.8
I -129.5  168.3  108.5 -179.3   68.0  -63.7  1.053  132.2  3.790  5.854 -163.4 -179.8
T -107.7  165.9  108.9  178.1   19.6  -99.2  0.998  111.7  3.771  5.231 -111.4 -120.1
K  -55.6  -31.2  111.9  179.5 -116.2    nan  1.028  108.9  3.718  4.971  -63.9  -70.8
D  -66.8  -58.0  109.5 -178.9 -133.8    nan  0.956   87.1  3.732  5.344   80.1   89.1
E  -59.2  -43.0  110.3 -178.6   -2.7    nan  1.054   99.9  3.769  4.971   55.7   71.8
A  -54.5  -35.4  108.4  177.3    nan    nan  1.039  108.9  3.760  5.392   77.9   86.6
E  -76.5  -36.8  114.0 -179.4 -123.7    nan  1.143   87.1  3.826  5.339   52.5   76.4
K  -62.5  -46.4  110.3  178.5 -151.0    nan  1.108   95.6  3.714  5.524   73.8   87.3
L  -58.0  -51.4  111.0 -178.2  -87.2    nan  0.970   95.4  3.814  5.354   82.3   84.0
F  -52.8  -44.5  108.0  179.3  169.6    nan  1.043  105.0  3.688  4.970   67.1   82.3
N  -62.3  -40.3  111.3 -177.7  -70.4    nan  1.159   98.5  3.792  5.436   58.2   82.0
Q  -68.4  -33.5  112.0  178.1  -83.5    nan  1.065   96.6  3.728  5.459   68.6   78.2
D  -63.1  -46.9  112.2 -178.4  -75.4    nan  1.185   93.6  3.790  5.389   65.6   91.5
V  -73.3  -31.5  113.6 -177.2  175.6  -62.8  1.143   92.5  3.831  5.404   51.3   71.4
D  -63.2  -41.9  110.9  175.2  -72.6    nan  0.968   97.1  3.793  5.617   87.9   88.4
A  -65.6  -43.1  107.4 -179.4    nan    nan  0.998   96.7  3.810  5.050   66.1   79.2
A  -56.3  -64.9  107.5  174.4    nan    nan  1.079   90.5  3.823  5.499   66.9   81.7
V  -48.8  -45.3  111.7  177.1  163.9  -77.1  1.105  105.4  3.862  5.263   62.9   71.5
R  -67.6  -26.5  110.7  178.4  -84.8    nan  1.125  101.2  3.798  5.436   57.2   74.3
G  -61.4  -62.4  109.0  178.0    nan    nan    nan   88.1  3.740    nan    nan   96.0
I  -47.6  -48.7  113.8  177.4  -70.5  168.2  1.075  102.7  3.868    nan    nan   75.8
L  -61.2  -33.9  116.5 -178.9  -69.7    nan  1.216  100.5  3.857  5.230   56.2   80.8
R  -81.8  -16.8  110.5  176.6   97.7    nan  0.996   92.1  3.849  5.559   64.7   69.7
N  -92.7  125.8  113.3 -178.1  177.7    nan  1.163  110.3  3.806  5.305   50.3   80.1
A  -61.5  -31.2  114.4 -176.5    nan    nan  1.023  102.7  3.757  5.512  -92.5 -122.3
K  -90.3  -31.4  109.6 -178.9  -54.8    nan  0.996   79.7  3.725  5.190   50.2   68.3
L  -78.7  -44.3  112.6 -174.2  -57.3    nan  1.111   83.0  3.727  5.040   57.1   82.0
K  -43.7  -57.8  116.1 -178.4 -173.4    nan  1.227   97.4  3.771  5.409   76.0  100.7
P  -57.8  -38.4  109.0  178.3   -8.3    nan  0.927  104.2  3.739  5.223   74.6   72.5
V  -68.4  -55.8  110.5  179.3 -163.4  -45.4  1.184   86.4  3.721  5.152   46.5   80.2
Y  -51.2  -47.0  113.7  179.2  176.9    nan  1.027  101.4  3.718  5.273   74.1   80.6
D  -62.0  -22.4  112.9 -177.8  -97.0    nan  1.007  107.7  3.783  5.171   65.9   81.4
S  -99.0  -19.7  113.9 -177.4   71.9    nan  1.033   73.7  3.717  5.153   47.9   71.2
L  -75.7  169.5  111.9 -177.3  -68.1    nan  1.026   79.8  3.843  5.527   79.3   94.0
D  -90.2 -178.4  112.1  177.8   50.5    nan  1.084   89.5  3.742  5.316 -105.0  -97.4
A  -63.6  -30.6  115.6 -176.8    nan    nan  1.275  100.7  3.755  5.265  -72.2  -53.7
V  -77.8  -43.0  111.9 -179.2  168.7  -69.5  1.030   84.6  3.774  5.621   77.1   81.3
R  -66.7  -33.1  112.6  179.3  -72.1    nan  1.177   98.0  3.686  5.007   53.1   77.8
R  -66.3  -31.9  112.9  178.8 -110.0    nan  0.947   98.8  3.799  5.552   85.3   87.3
C  -67.4  -38.9  107.8  179.9  -96.0    nan  1.136   97.0  3.798  5.211   57.9   86.8
A  -62.7  -34.3  111.6  176.9    nan    nan  1.116  101.2  3.737  5.535   66.0   82.9
L  -68.7  -48.5  108.5 -179.8 -170.9    nan  1.014   91.1  3.804  5.557   74.3   83.9
I  -55.1  -35.0  113.8  176.2  -83.2  161.0  1.035  106.2  3.763  5.167   72.8   80.8
N  -63.8  -46.8  108.8  179.6 -170.1    nan  1.143   95.2  3.842  5.337   63.6   87.5
M  -61.6  -39.8  115.0  178.0  -45.9    nan  1.159   97.3  3.881  5.692   61.8   78.4
V  -64.7  -43.0  109.1 -178.7  169.6  -66.8  1.103   96.3  3.849  5.417   71.1   84.0
F  -56.6  -47.5  109.4  176.7 -164.7    nan  1.012   99.6  3.775  5.483   77.4   83.7
Q  -74.1  -52.1  114.9 -179.5  171.9    nan  1.108   81.3  3.697  5.113   47.8   68.9
M -104.7    1.2  120.2 -172.2   70.1    nan  1.289   75.9  3.725  4.704    5.5   45.1
G   84.5  155.1  114.3 -179.6    nan    nan    nan   74.9  3.725    nan    nan -100.4
E  -51.2  -36.7  114.8 -178.2  110.2    nan  1.195  107.9  3.892    nan    nan  -78.9
T  -80.9  -30.8  117.3 -178.0  -84.9  153.3  1.108   84.5  3.735  5.244   56.9   74.4
G  -73.1  -33.9  111.4 -179.1    nan    nan    nan   92.7  3.773    nan    nan   85.3
V  -75.9  -39.3  109.1 -179.6 -166.5  -47.2  1.006   89.2  3.762    nan    nan   77.5
A  -57.5  -24.7  111.1 -179.3    nan    nan  1.115  111.2  3.696  5.233   70.1   90.0
G  -86.5   12.5  114.6 -178.2    nan    nan    nan   98.6  3.753    nan    nan   79.1
F -102.7   45.8  107.5 -179.1  -75.5    nan  1.013   93.3  3.809    nan    nan   94.8
T  -31.6  -57.8  121.2 -174.8  -65.3  173.3  1.292  102.9  3.750  6.076  176.8 -161.3
N  -63.6  -57.1  109.2  179.9   -5.6    nan  0.951   89.7  3.816  5.336   67.9   70.0
S  -43.7  -49.3  111.0  178.1  -88.9    nan  1.037  106.5  3.814  5.033   70.6   84.5
L  -64.8  -37.7  111.1 -179.5  -70.9    nan  1.133   97.9  3.747  5.072   51.2   74.3
R  -62.2  -52.4  109.6  178.2  -91.8    nan  1.009   92.8  3.777  5.564   76.7   85.1
M  -61.8  -34.0  113.5 -179.7  -86.4    nan  1.164  101.2  3.750  5.089   51.3   74.9
L  -58.3  -45.8  106.5  177.8  -75.7    nan  1.112  101.1  3.750  5.667   77.6   91.9
Q  -54.0  -51.3  110.9  178.5 -139.5    nan  1.056   98.2  3.854  5.652   78.4   84.9
Q  -75.6   39.9  111.1 -179.8  -74.1    nan  1.015  114.5  3.712  5.025   52.0   62.2
K   32.9   28.0  115.8 -179.6  -89.7    nan  1.093  129.1  3.772  5.525 -108.4 -112.7
R  -97.8   65.8  114.6 -177.9  -70.1    nan  1.057  108.7  3.928  6.009  103.0  117.1
W  -45.3  -48.5  118.9 -175.5  -31.2    nan  1.212  102.0  3.765  6.056 -162.4 -158.4
D  -70.5  -31.1  116.5 -178.0  -50.0    nan  1.422   93.9  3.779  5.261   33.9   75.2
E  -63.1  -48.9  105.7  172.5  -39.4    nan  0.989   96.6  3.800  5.884   93.4   85.7
A  -55.7  -59.8  107.9  176.9    nan    nan  0.984   93.7  3.826  5.372   72.7   78.2
A  -42.8  -52.8  112.3 -178.8    nan    nan  1.147  103.8  3.782  5.130   69.0   85.2
V  -63.3  -32.3  116.1 -177.7  175.3  -62.9  1.136   99.7  3.772  5.192   56.6   76.1
N  -76.5  -45.3  110.5 -179.1  -89.1    nan  1.065   85.6  3.781  5.549   62.4   80.6
L  -49.1  -42.1  107.8  179.6  -65.1    nan  1.048  109.3  3.699  5.368   83.0   91.4
A  -61.8  -42.4  116.7 -178.6    nan    nan  1.241   94.7  3.809  5.312   56.7   85.0
K  -62.9   12.9  111.9  178.1  -85.2    nan  0.999  121.2  3.764  5.477   79.8   82.1
S  -93.7  173.3  116.1 -178.6   75.4    nan  1.097   96.7  3.824  5.653   83.5  107.2
R  -73.7  -40.5  109.2  177.2   38.9    nan  0.996   90.5  3.786  5.066  -73.1  -80.4
W  -55.2  -38.1  110.3 -177.8  162.1    nan  0.969  105.9  3.753  5.106   80.6   91.3
Y  -73.2  -42.2  112.6 -177.6 -179.0    nan  1.043   88.1  3.658  4.998   55.9   78.1
N  -62.5  -33.9  112.2  175.7  -78.0    nan  1.053  101.4  3.765  5.219   65.3   79.3
Q  -87.0  -27.8  117.9 -176.7 -137.6    nan  1.160   80.2  3.750  5.099   43.5   72.0
T -146.7   62.2  104.8 -180.0   58.6  -62.1  1.030   74.6  3.749  4.882   -5.0   12.4
P  -54.0  -39.3  115.8 -173.2   16.8    nan  1.105  103.4  3.767  6.153 -173.6 -165.5
N  -67.2  -42.1  112.3 -179.7  -84.8    nan  1.036   93.0  3.777  5.316   65.6   82.3
R  -69.9  -51.2  106.1  177.0 -145.4    nan  0.959   90.7  3.872  5.479   65.2   72.2
A  -52.3  -48.0  112.6 -176.4    nan    nan  1.081  100.6  3.784  5.150   73.6   85.9
K  -62.7  -35.6  113.4  179.8  -79.2    nan  1.160   99.7  3.717  5.138   57.3   77.8
R  -59.6  -60.9  108.7  178.0  -87.1    nan  1.180   90.3  3.776  5.603   71.3   90.0
V  -47.0  -56.0  112.7  173.9  161.6  -81.2  1.051   98.5  3.816  5.366   71.7   74.5
I  -54.5  -38.3  113.7 -179.7  -81.4  154.5  1.070  104.6  3.809  5.139   64.7   78.6
T  -70.2  -28.2  111.9  175.0  -67.4  172.7  1.000   97.6  3.804  5.355   65.1   75.5
T  -63.5  -51.0  108.8  176.5  -66.1  178.6  1.119   93.2  3.803  5.515   71.2   91.6
F  -61.3  -47.3  113.6  179.1  -80.4    nan  0.950   93.9  3.773  5.336   74.9   75.1
R  -58.4  -46.2  114.3 -176.8  166.8    nan  1.223   96.3  3.838  5.074   54.3   85.7
T  -95.0  -29.3  115.0 -177.2   89.6  -29.1  1.080   73.6  3.810  5.087   38.1   51.2
G   75.0   18.6  112.3 -179.3    nan    nan    nan   97.4  3.758    nan    nan -137.0
T -129.4 -177.6  113.0  178.0   67.0  -56.7  1.051  128.4  3.783    nan    nan   74.0
W  -97.4   18.4  106.9  177.2  -74.2    nan  0.999   88.3  3.791  5.169  -94.5  -90.6
D  -45.5  -46.0  116.7 -179.5  -90.8    nan  1.389  104.8  3.768  6.047  123.5  156.8
A  -66.2  -22.2  115.5 -178.8    nan    nan  1.104  103.0  3.798  5.568   76.7   79.1
Y -109.0   -1.5  115.7 -178.9  -63.6    nan  1.044   70.4  3.853  5.279   42.9   60.3
K  -77.8  -39.3  113.6 -175.3  -66.1    nan  1.069   85.2  3.801  5.580   91.8  111.2
N -119.7  101.8  108.4 -178.3  -83.6    nan  0.899  111.7  3.722  4.772   19.2   30.7
L -122.7    nan  112.2  178.9  -85.5    nan  1.098    nan  3.795  5.910  144.1  159.0
