Id   phi    psi    tau  omega    chi    chi2  solid    eta  CA-CA  CB-CB  BA^AB  NA^AC
M    nan  -97.8  114.3    nan  -95.2    nan  1.312    nan    nan    nan    nan    nan
N  173.5  173.2  109.0 -179.4  178.3    nan  0.920  169.2  3.965  5.008  -88.6  -95.4
I  -64.0  -55.9  115.5 -176.2 -152.5   93.7  1.251   85.7  3.807  5.536  -89.6  -63.5
F  -64.3  -29.9  112.6 -176.2  171.0    nan  1.042  101.7  3.796  5.208   65.0   73.2
E  -73.2  -48.7  111.4 -176.5  -51.6    nan  1.010   85.9  3.724  5.152   66.0   85.0
I  -62.0  -35.9  111.3  177.7  -82.2  155.8  1.019  101.1  3.685  5.077   61.0   75.7
L  -82.3  -34.4  114.2  178.4  -89.8    nan  1.283   83.2  3.818  5.216   31.6   68.5
R  -55.3  -40.2  107.3  175.2  143.8    nan  1.071  106.1  3.877  5.960   93.7   92.5
I  -61.7  -75.2  111.6  175.8  -76.2  162.2  1.077   78.9  3.777  5.490   74.4   81.2
D  -43.3  -56.7  115.9 -178.8  -79.5    nan  1.156   98.6  3.764  4.948   59.6   72.7
E  -78.9  -55.3  114.8 -176.0  -97.7    nan  0.998   76.8  3.790  4.972   49.0   58.9
G  110.3  151.9  112.9 -177.1    nan    nan    nan   97.7  3.809    nan    nan -123.5
L -110.5  125.8  108.8 -179.9  174.1    nan  1.092  116.8  3.773    nan    nan -136.8
R -122.4  113.1  108.6  179.7  -78.5    nan  1.189  117.3  3.785  5.908  176.6 -177.4
L  -84.2  -11.3  113.2 -175.5  -72.3    nan  1.102   91.3  3.822  5.986 -133.7 -150.8
K -127.4  138.1  114.4  174.8   85.6    nan  1.288  132.2  3.813  5.265    9.8   45.3
I  -35.5  119.1  114.7 -178.8  -52.6 -176.8  1.086   79.4  3.850  5.335  -52.7  -84.5
Y -130.4  161.8  110.9  179.3   66.6    nan  1.098  134.4  3.740  5.781  164.9  167.5
K  -88.5  136.2  111.5 -178.9 -134.8    nan  1.128  103.6  3.713  5.406 -106.5 -104.8
D  -67.4  163.0  115.9 -179.7 -148.8    nan  1.001   75.5  3.740  5.533  -92.6 -113.4
T  -64.9  -34.3  104.9  174.2 -162.9   71.1  0.982  102.7  3.728  5.146  -85.4  -87.0
E  -76.1  -22.7  108.2  176.3  -62.5    nan  1.017   96.0  3.830  5.553   55.2   72.3
G  108.0   19.1  115.1  178.3    nan    nan    nan   64.9  3.774    nan    nan -102.1
Y -101.2  144.3  115.3 -179.9  -39.5    nan  1.086  113.7  3.834    nan    nan  102.7
Y  -77.3  118.6  110.7  176.1  -56.9    nan  1.179  101.3  3.864  5.737 -119.7 -117.4
T -128.4  154.7  110.5 -173.2  -64.9  166.2  0.864  132.8  3.703  5.504 -153.1  164.0
I -144.7  170.2  110.4  178.9 -153.9   80.3  1.050  147.0  3.826  5.608  174.5 -170.8
G   50.1 -135.3  111.2 -178.6    nan    nan    nan   74.8  3.805    nan    nan   35.5
I  -94.8   91.3  112.7  178.0  -62.1  169.9  1.071  112.7  3.843    nan    nan  -36.7
G   62.0    8.2  115.9  175.5    nan    nan    nan  114.2  3.847    nan    nan  -44.3
H  -63.5  103.6  115.6  177.3 -173.2    nan  1.082  105.7  3.782    nan    nan  126.9
L  -69.0  122.1  116.9  178.7 -179.7    nan  1.183   99.6  3.808  6.019 -148.6 -149.6
L  -88.4  -57.3  111.1 -179.9  -69.3    nan  1.031   73.3  3.879  5.954 -132.4 -151.8
T -154.2  144.9  112.4  179.5 -175.0   64.6  1.093  146.3  3.759  4.651  -44.9  -22.8
K  -90.1   -6.1  110.5  174.7    3.1    nan  1.242   87.7  3.757  5.714 -138.7 -129.1
S  -73.3  150.6  111.6  174.6  -47.8    nan  1.053   85.6  3.810  5.994  100.9  102.3
P  -83.8   70.2  108.1  178.2   34.5    nan  0.881  109.1  3.797  5.280  -98.7 -117.6
S -159.9  117.8  114.1 -177.2  173.2    nan  1.032  124.2  3.795  5.374   77.0   90.3
L  -70.7  -34.9  112.1 -176.8  164.1    nan  1.211   93.9  3.753  5.910 -143.0 -134.2
N  -56.2  -50.0  107.6  178.7  -83.9    nan  0.999   99.5  3.737  5.631   88.5   93.6
A  -53.3  -56.0  110.1  177.4    nan    nan  1.165   96.0  3.718  5.164   57.3   80.9
A  -57.5  -41.8  111.6  175.6    nan    nan  0.965  101.1  3.792  5.417   70.5   71.1
K  -57.2  -42.3  107.1 -178.9  -98.7    nan  0.967  103.5  3.753  5.268   77.6   88.1
S  -67.8  -26.7  116.7 -177.7  101.6    nan  1.256   98.6  3.781  5.090   46.7   79.6
E  -78.7  -32.3  113.9 -178.8 -147.4    nan  1.201   87.4  3.778  5.590   62.9   84.9
L  -63.1  -60.5  109.8  178.5 -178.8    nan  0.987   87.7  3.717  5.477   85.4   89.4
D  -47.3  -33.3  109.7  180.0  -79.3    nan  1.057  115.5  3.780  5.001   65.2   79.3
K  -69.1  -58.9  109.5  179.8 -134.2    nan  0.916   85.2  3.808  5.337   78.3   82.7
A  -64.9  -25.8  116.0  179.7    nan    nan  1.004  102.0  3.752  4.641   48.3   65.0
I  -88.0  -40.2  109.6 -180.0  -79.8  156.5  1.028   79.0  3.781  5.222   51.3   74.2
G   94.3   33.2  109.1 -179.5    nan    nan    nan   76.0  3.752    nan    nan -128.6
R -178.8  153.5  114.3 -179.8   84.2    nan  1.032  153.9  3.769    nan    nan   32.6
N  -60.4   86.0  111.2  177.0  -48.8    nan  1.047  110.4  3.854  5.380  -83.2  -93.4
C  -74.1  -44.8  118.7 -177.2  -64.9    nan  1.219   82.4  3.811  6.153 -171.9 -167.9
N   75.5   28.5  111.7 -177.5 -140.4    nan  1.107   92.9  3.789  5.392 -143.4 -147.8
G   71.9   21.1  115.1  177.7    nan    nan    nan   98.3  3.767    nan    nan  -89.8
V -141.0  149.0  108.4  178.7 -178.9  -60.5  1.057  140.2  3.789    nan    nan   62.4
I -148.9  165.4  110.0 -179.1   49.0  -72.2  1.135  150.8  3.764  5.632  177.5  179.5
T  -89.4  157.2  111.3  178.2   73.9  -44.1  0.986   97.6  3.762  5.212  -91.0 -103.8
K  -52.9  -33.3  108.8  176.5 -139.6    nan  1.009  111.3  3.806  5.302  -70.9  -80.8
D  -68.8  -54.1  112.7  179.8 -102.1    nan  1.262   85.5  3.780  5.352   53.2   84.9
E  -58.0  -29.8  108.8  176.1  -45.6    nan  1.043  108.9  3.828  5.602   72.0   72.9
A  -64.4  -41.9  108.3  177.6    nan    nan  0.964   97.6  3.846  5.597   84.1   89.2
E  -67.0  -38.3  114.7 -179.2 -170.5    nan  1.088   93.9  3.643  4.980   60.2   79.9
K  -67.3  -38.1  110.6  178.4  165.1    nan  0.973   95.9  3.769  5.374   73.3   81.5
L  -60.6  -51.7  107.6  178.1  -79.2    nan  0.966   95.6  3.755  5.272   75.2   85.9
F  -46.6  -56.2  108.9 -179.1  174.0    nan  1.024  100.7  3.823  5.244   74.5   88.0
N  -45.1  -48.7  113.2  177.3  -62.8    nan  1.126  104.9  3.749  5.373   71.7   84.0
Q  -68.2  -34.4  113.4 -176.5  -44.4    nan  1.200   95.7  3.782  5.266   54.3   75.9
D  -66.9  -38.2  112.3  179.5  -72.1    nan  1.127   95.3  3.716  5.503   71.4   85.7
V  -64.4  -48.7  109.2  177.4  167.1  -71.8  1.003   93.6  3.819  5.599   77.5   82.2
D  -58.0  -47.4  112.4  178.3  -69.6    nan  1.095   97.0  3.855  5.217   64.5   79.0
A  -60.9  -40.7  110.1  179.0    nan    nan  0.995  100.0  3.857  5.488   73.7   78.8
A  -63.5  -34.8  111.0 -179.8    nan    nan  1.057  100.6  3.795  5.229   69.5   82.9
V  -70.0  -44.0  110.7  178.1  160.6  -78.7  1.065   90.9  3.707  5.306   65.9   81.2
R  -63.3  -32.5  114.2 -179.9  -49.2    nan  1.215  100.5  3.804  5.429   56.5   81.3
G  -69.4  -36.5  111.5  178.4    nan    nan    nan   94.6  3.768    nan    nan   85.0
I  -58.2  -46.3  111.1  179.3  -81.9  159.0  1.045   98.1  3.790    nan    nan   91.2
L  -69.5  -19.3  111.9 -178.2  -53.3    nan  1.142  102.5  3.736  5.032   48.8   73.5
R  -91.2  -12.5  109.7  176.6 -119.4    nan  0.889   84.6  3.768  5.517   69.7   73.5
N  -86.6  112.3  113.0 -179.8 -161.3    nan  1.141  109.7  3.775  5.263   56.1   87.9
A  -48.6  -42.4  112.7  178.6    nan    nan  0.988  107.1  3.722  5.508  -96.7 -125.2
K  -87.6  -24.2  111.2 -178.6  -65.6    nan  1.026   83.7  3.778  5.075   36.7   60.3
L  -94.0  -30.4  113.4 -176.0 -100.1    nan  1.100   74.8  3.691  5.174   46.3   76.0
K  -48.6  -48.0  118.8 -174.9  164.6    nan  1.302  100.1  3.757  5.477   81.8  112.7
P  -66.4  -33.8  115.2 -179.0   -7.3    nan  1.059   96.6  3.840  5.365   69.6   77.6
V  -69.3  -44.5  106.2  176.1 -177.5  -52.9  0.909   94.0  3.743  5.461   74.8   80.8
Y  -50.7  -66.1  110.6 -177.3 -162.6    nan  1.048   90.5  3.791  5.225   78.4   92.3
D  -43.2  -41.4  111.1 -177.9  -67.6    nan  1.036  112.6  3.711  5.030   74.4   80.7
S  -65.8  -32.2  116.7 -175.8  111.4    nan  1.200   97.4  3.750  5.162   58.2   85.3
L  -75.5  145.4  114.7 -176.7  -49.5    nan  1.145   91.4  3.751  5.361   63.8   83.3
D  -79.1  168.3  101.1  176.1   30.6    nan  0.825   81.6  3.733  5.426  -89.7 -121.7
A  -52.9  -49.0  116.7 -179.5    nan    nan  1.279   97.2  3.774  5.273  -85.7  -61.4
V  -52.1  -49.3  115.7  179.4  167.1  -78.4  1.511   98.1  3.809  5.697   50.0   88.2
R  -65.0  -37.3  111.2 -179.0  -81.7    nan  1.016   97.9  3.771  5.657   85.3   76.0
R  -57.2  -36.2  109.5 -179.2  -64.8    nan  1.053  105.8  3.811  5.407   76.8   92.2
C  -68.9  -33.6  109.7 -178.7  -79.4    nan  1.237   97.2  3.710  5.228   51.5   82.2
A  -73.2  -37.1  107.5 -179.7    nan    nan  1.073   93.2  3.797  5.692   64.9   79.6
L  -58.7  -50.5  108.4  175.4 -133.9    nan  0.990   97.0  3.841  5.639   78.9   85.9
I  -59.6  -35.9  111.1  178.0  -57.3  180.0  1.028  103.2  3.751  5.145   62.9   75.4
N  -57.8  -41.4  109.6  178.7 -179.9    nan  1.067  102.2  3.828  5.469   75.4   91.6
M  -64.4  -45.5  113.3 -178.9  -89.6    nan  1.096   92.7  3.823  5.342   63.2   82.0
V  -60.9  -35.9  108.8 -179.2  174.4  -66.7  1.051  103.2  3.848  5.357   67.3   81.6
F  -66.7  -27.8  109.1  179.1 -110.8    nan  0.934  102.1  3.719  5.364   77.2   82.5
Q  -86.2  -42.4  112.0 -175.4 -169.6    nan  1.052   78.3  3.737  5.085   53.8   76.6
M -130.4    7.1  113.8 -177.4  -22.2    nan  1.034   52.7  3.748  4.721    0.3   20.2
G   65.2  160.4  110.7 -178.4    nan    nan    nan   59.8  3.749    nan    nan -110.9
E  -36.2  -48.1  115.4  179.5 -105.8    nan  1.046  110.5  3.823    nan    nan  -58.3
T  -58.6  -30.4  117.0 -176.1 -178.9   59.2  1.239  104.6  3.749  5.049   55.7   86.5
G  -82.3  -47.2  110.2 -179.8    nan    nan    nan   80.8  3.843    nan    nan   75.2
V  -56.1  -36.7  110.3  178.4 -168.1  -48.9  1.116  106.0  3.788    nan    nan   82.3
A  -73.5  -10.2  111.4 -178.8    nan    nan  1.085  102.6  3.810  5.492   64.0   78.5
G  -72.7  -24.5  113.1  178.9    nan    nan    nan   96.6  3.779    nan    nan  102.7
F  -79.8   60.1  110.8 -179.6  -65.8    nan  1.025  113.1  3.816    nan    nan   83.1
T  -51.1  -50.9  115.3 -174.0   94.6  -24.1  1.285   97.9  3.705  6.047  172.1 -167.5
N  -69.3  -55.1  112.9  177.9  -45.5    nan  1.189   84.5  3.756  5.646   50.0   68.7
S  -47.4  -38.5  115.6 -177.8  -24.5    nan  1.223  109.3  3.866  5.476   72.4   88.4
L  -59.3  -57.9  108.8  179.6  -93.2    nan  0.982   92.1  3.783  5.555   88.8   89.0
R  -59.2  -34.7  110.2  179.1  145.8    nan  1.178  104.6  3.786  5.034   46.3   69.7
M  -74.6  -45.1  106.6  177.0  -72.1    nan  1.006   89.6  3.729  5.640   72.5   75.3
L  -50.4  -42.1  108.1 -179.2 -103.3    nan  0.977  108.3  3.727  5.311   88.5   90.0
Q  -64.0  -29.4  112.8 -176.9  142.9    nan  1.276  102.2  3.697  5.030   49.4   83.6
Q  -93.1   23.7  113.1  179.5  -41.3    nan  1.162   96.2  3.830  5.602   45.7   65.8
K   53.2   13.9  113.2  179.4  -26.4    nan  1.192  120.4  3.766  5.645 -107.1 -109.5
R  -78.6   58.5  109.9  178.9  -67.0    nan  1.057  112.8  3.767  5.978  110.3  118.2
W  -46.0  -42.7  118.0 -176.2  -20.3    nan  1.341  106.4  3.815  6.265  176.5 -164.6
D  -74.1  -37.1  112.3 -178.1  -79.9    nan  1.212   89.9  3.788  5.510   56.2   75.1
E  -57.8  -39.7  108.3  175.3  -98.5    nan  1.004  103.9  3.760  5.665   85.0   87.6
A  -73.4  -49.0  114.1 -177.7    nan    nan  1.044   83.8  3.856  5.310   61.8   76.5
A  -49.6  -43.5  111.0 -179.7    nan    nan  1.102  106.4  3.715  5.111   74.0   89.7
V  -61.0  -47.3  109.9  178.2  158.6  -72.7  0.947   96.3  3.793  5.328   74.4   81.0
N  -57.0  -77.7  114.0 -179.2 -117.3    nan  1.173   77.4  3.775  5.210   56.3   84.3
L  -37.6  -40.2  113.0 -179.4  -41.5    nan  1.098  116.8  3.756  5.037   68.4   75.8
A  -52.5  -13.7  111.4  177.8    nan    nan  1.047  121.6  3.715  5.237   77.8   92.4
K -116.8   87.2  108.4  179.5  -72.3    nan  1.087  105.0  3.834  5.399   26.5   56.3
S -170.1  166.0  111.1 -179.9   17.9    nan  1.096  166.1  3.730  5.399   99.5   92.9
R  -59.1  -33.5  107.7  179.2 -113.7    nan  1.055  106.5  3.747  5.339  -67.5  -73.0
W  -49.4  -60.6  108.1  179.7  177.8    nan  1.078   96.5  3.793  5.624   87.6  101.2
Y  -62.6  -33.8  108.2  178.8 -160.4    nan  0.987  103.1  3.739  5.161   56.0   63.4
N  -58.3  -57.8  113.6  178.5 -130.8    nan  1.092   89.6  3.734  5.313   73.2   92.8
Q  -82.1  -30.9  115.8 -177.4  -62.2    nan  1.196   84.1  3.812  5.101   24.2   54.8
T -132.6   69.2  110.5  178.1   70.5  -51.7  1.101   90.1  3.747  5.048    5.8   24.2
P  -52.8  -61.1  110.4  177.3    9.2    nan  0.933   92.8  3.681  5.899 -147.1 -169.0
N  -44.7  -56.9  116.4 -178.4  -68.1    nan  1.173   97.2  3.806  4.963   56.6   84.1
R  -62.1  -50.7  107.8  178.2  172.7    nan  0.973   95.1  3.835  5.273   63.1   69.2
A  -56.0  -36.0  110.6 -178.2    nan    nan  1.107  106.3  3.783  5.222   60.5   81.6
K  -57.3  -54.5  107.8 -179.2 -150.7    nan  0.952   96.0  3.781  5.559   91.4   93.0
R  -48.0  -64.2  109.9 -178.9  -91.9    nan  1.123   93.6  3.662  4.907   63.7   84.8
V  -49.0  -50.7  114.7 -178.9 -175.1  -57.3  1.104   99.9  3.785  5.298   64.6   76.4
I  -49.6  -57.7  108.7 -178.8  -66.1  174.5  1.068   98.0  3.788  5.227   75.9   88.5
T  -48.3  -43.3  110.6  178.9  -53.2 -177.1  1.041  107.7  3.757  5.254   69.7   80.2
T  -61.3  -37.8  110.3  178.9  -40.1 -164.1  1.059  101.1  3.807  5.451   67.2   82.0
F  -66.0  -43.2  107.4 -178.1  -88.2    nan  0.953   96.3  3.702  5.220   73.7   83.9
R  -60.7  -72.5  113.5  178.8 -146.0    nan  1.086   79.4  3.796  5.142   56.5   81.4
T  -71.7  -39.6  116.2 -179.1   78.8  -42.8  1.218   88.5  3.876  5.025   19.9   49.2
G   92.0   30.9  108.6 -178.6    nan    nan    nan   78.9  3.797    nan    nan -127.9
T -154.0  162.9  113.6  179.2   70.6  -49.2  1.091  155.6  3.729    nan    nan   59.7
W  -77.5   20.9  110.3  179.2  -66.3    nan  1.035  108.9  3.668  5.026  -90.0  -95.9
D  -47.0  -51.8  111.8  179.7  -79.3    nan  1.088  102.0  3.793  6.160  141.6  155.5
A  -55.2  -10.5  117.2 -177.1    nan    nan  1.127  119.5  3.856  5.228   68.6   84.1
Y -112.2  -24.9  108.0 -179.6  -59.6    nan  1.056   62.4  3.764  5.309   44.9   63.4
K  -52.4    nan  112.5  179.5  -14.2    nan  1.082    nan  3.839  5.678   92.1  106.7
