Id   phi    psi    tau  omega    chi    chi2  solid    eta  CA-CA  CB-CB  BA^AB  NA^AC
M    nan  148.2  108.0    nan -153.3    nan  1.015    nan    nan    nan    nan    nan
N -159.7  171.1  106.5  176.1   67.5    nan  1.133  160.4  3.682  5.440  157.1  165.5
I  -56.7  -36.4  110.9 -179.2 -146.9   91.2  1.042  105.3  3.756  5.311  -53.2  -62.5
F  -60.0  -62.1  108.5  180.0  178.1    nan  1.028   89.5  3.715  5.453   77.8   89.9
E  -55.9  -27.5  111.3  179.1  -86.7    nan  1.065  111.0  3.783  5.106   57.5   69.3
M  -71.2  -30.0  109.7 -178.7 -171.3    nan  1.050   96.9  3.695  5.279   71.2   89.2
L  -83.7  -36.4  114.2 -177.9  -85.6    nan  1.214   81.2  3.772  5.245   38.1   74.9
R  -53.8  -47.3  106.8  174.1 -172.0    nan  0.978  103.3  3.824  5.765   91.6   91.1
I  -64.0  -56.0  108.1  176.6  -71.5  166.3  1.020   90.8  3.752  5.107   60.6   71.7
D  -56.8  -68.1  117.6 -177.7  -83.4    nan  1.254   81.1  3.746  5.111   48.3   78.1
E -105.8  -22.5  113.4 -176.6  -29.4    nan  1.025   66.6  3.824  5.101   13.0   23.8
G   83.8  172.4  114.5  179.4    nan    nan    nan   80.7  3.688    nan    nan -123.1
L -105.4  141.3  116.2 -175.8 -159.5    nan  1.130  118.3  3.777    nan    nan -110.3
R -134.1  118.1  107.7 -179.8  -55.9    nan  0.972  121.3  3.752  5.580 -159.1  177.8
L -103.6    3.4  119.2 -175.4  -69.4    nan  1.116   78.0  3.692  5.737 -167.8 -159.9
K -131.4  147.6  102.8  179.6 -157.6    nan  0.994  130.3  3.689  5.183   38.4   55.1
I  -55.4  119.7  115.5 -176.4  -49.5 -173.5  1.158   91.5  3.740  5.663  -86.1  -84.2
Y -116.9  128.3  111.0  173.7   62.3    nan  1.084  122.1  3.806  5.957 -175.3  176.6
K  -76.2  135.1  106.3  176.0  176.7    nan  1.003   91.3  3.747  5.678 -117.5 -133.6
D  -82.8 -155.1  120.5 -176.3   77.7    nan  1.284   71.0  3.725  5.735 -138.1 -121.1
T  -69.7  -23.4  111.9 -177.9   38.9  -82.8  1.000  100.3  3.739  4.195  -25.8  -26.2
E -137.7   27.7  114.4 -177.6  -64.7    nan  1.155   58.3  3.734  4.715   -3.4   28.2
G   92.8  -22.2  115.7  174.1    nan    nan    nan   96.8  3.823    nan    nan  -72.1
Y  -63.3  152.0  112.4 -176.7  -52.4    nan  1.031   76.3  3.640    nan    nan  104.4
Y  -90.0  154.5  104.6  171.0  -68.7    nan  1.001   96.2  3.561  5.235 -120.6 -124.7
T -154.0  151.5  110.1 -178.9  -52.1 -171.7  1.105  149.5  3.666  5.424  177.7  179.8
I -147.7  154.0  111.4 -179.6 -104.1  138.7  1.157  147.7  3.743  5.595 -176.5 -178.7
G   65.0 -130.1  106.7 -176.9    nan    nan    nan   85.8  3.795    nan    nan   31.5
I -102.9   85.1  112.6  174.6  -55.8 -178.3  1.121  110.8  3.853    nan    nan  -42.9
G   70.5   16.5  115.8  175.7    nan    nan    nan  101.8  3.781    nan    nan  -41.7
H  -77.0  108.5  109.1  179.9  174.5    nan  1.067  103.4  3.707    nan    nan  123.3
L  -73.1  147.3  112.1 -178.3 -154.9    nan  1.021   87.1  3.712  5.935 -135.0 -144.9
L -107.7   89.1  102.1  172.2  -53.0    nan  1.043  101.2  3.780  5.810 -148.5 -148.2
A  -68.8  -19.8  119.1 -174.6    nan    nan  1.194  100.8  3.801  6.094 -158.4 -152.8
A  -92.8   -8.1  116.1 -177.6    nan    nan  1.056   83.6  3.829  5.408   61.6   77.7
A  -99.3  118.9  116.5 -178.2    nan    nan  1.175  117.6  3.800  5.285   50.3   83.5
A -107.0   12.4  107.9  176.3    nan    nan  1.124   77.1  3.862  6.087 -169.3 -174.1
S -123.6 -120.5  113.1 -177.4  163.9    nan  1.020   89.9  3.818  5.583   64.7   73.6
L -175.1  -33.6  105.3 -178.7  174.2    nan  0.999   32.6  3.707  4.746 -118.8 -103.0
N  -70.3  -41.4   98.0  174.2 -172.2    nan  0.909   99.5  3.585  5.312   69.2   74.9
A  -52.0  -43.2  108.5  178.1    nan    nan  1.029  106.1  3.747  5.253   73.7   87.5
A  -65.0  -36.0  115.0  179.8    nan    nan  1.071   96.7  3.800  5.192   62.4   78.6
K  -74.9  -40.4  111.5  179.9  -70.7    nan  1.149   88.3  3.720  5.283   52.5   78.4
S  -59.1  -51.6  110.1  176.6  144.3    nan  1.033   95.1  3.732  5.517   81.1   85.0
E  -42.4  -61.0  101.7 -179.6 -100.0    nan  0.886  103.8  3.747  5.355   96.2   91.1
L  -58.1  -59.7  118.6 -175.6 -170.7    nan  1.219   85.2  3.684  4.733   42.5   71.9
D  -51.4  -61.4  106.6 -178.3  -40.9    nan  1.074   95.8  3.715  5.402   71.7   79.3
K  -36.0  -59.1  110.4  177.5  176.2    nan  1.109  103.8  3.717  5.242   75.9   86.5
A  -50.1  -51.6  115.4 -177.4    nan    nan  1.152   98.1  3.819  5.358   65.0   81.7
I  -82.2  -35.0  108.9 -178.5  137.6   13.6  1.094   85.8  3.707  5.127   39.3   57.8
G   91.4   53.9  114.0  179.0    nan    nan    nan   69.9  3.747    nan    nan -128.4
R -159.1 -179.7  111.2  177.4   84.2    nan  1.264  159.0  3.823    nan    nan   71.2
N  -70.7  -29.1  115.2 -177.7  -71.8    nan  1.274   95.4  3.789  5.328  -70.8  -62.6
C   37.2  -54.6  116.1  177.8  -74.4    nan  1.097  132.7  3.806  5.815 -170.6 -173.3
N   62.7   29.9  119.2 -178.5 -110.3    nan  1.395  100.4  3.732  5.372  171.9 -169.9
G   96.3   11.2  114.4  177.1    nan    nan    nan   79.2  3.809    nan    nan  -66.5
V -149.4  121.4  111.7 -178.7 -171.1  -45.3  1.007  127.5  3.779    nan    nan   45.5
I -108.7  162.1  110.7 -178.4   82.8  -35.4  1.118  114.0  3.769  5.836 -174.0 -168.5
T  -64.6 -141.5  111.9 -180.0   69.9  -57.2  1.153   56.9  3.781  5.619  -81.0  -80.5
K -105.4  -45.6  111.6 -178.5 -128.0    nan  0.978   64.0  3.800  4.559  -56.7  -51.8
D  -69.2  -27.1  110.4  178.7  -72.5    nan  1.007   99.6  3.844  5.078   53.3   71.4
E  -68.2  -51.3  109.5  178.2  -62.9    nan  1.078   89.4  3.784  5.399   69.1   88.4
A  -54.6  -44.1  109.0  174.4    nan    nan  1.059  103.3  3.814  5.320   66.2   76.2
E  -66.6  -36.7  109.3  176.3 -156.2    nan  1.078   97.9  3.916  5.534   57.9   73.2
K  -48.4  -60.7  110.9  177.4  176.1    nan  1.007   95.3  3.811  5.581   94.2   98.5
L  -56.8  -41.3  116.4 -179.5  -60.6    nan  1.053   99.6  3.808  4.841   56.7   71.9
F  -63.3  -44.9  114.0 -177.9  168.7    nan  1.041   93.5  3.820  5.176   68.8   85.8
N  -56.5  -45.2  108.5  179.6 -120.2    nan  0.941  101.6  3.737  5.045   75.2   85.0
Q  -70.6  -30.7  109.1  177.3  -64.8    nan  0.994   97.3  3.756  5.104   53.6   68.9
D  -69.9  -39.7  109.8  178.1  -69.8    nan  1.223   93.5  3.711  5.285   53.7   84.6
V  -62.2  -48.8  111.6  179.4  176.6  -62.0  1.091   93.6  3.776  5.569   72.1   84.4
D  -56.2  -49.5  112.3  179.1  -71.8    nan  1.067   97.0  3.763  5.290   66.9   82.3
A  -55.8  -39.9  112.8  178.1    nan    nan  1.079  103.0  3.811  5.274   65.4   81.2
A  -65.9  -40.1  110.2  176.9    nan    nan  0.995   96.2  3.743  5.324   71.4   79.2
V  -62.3  -41.4  108.6  180.0  172.3  -70.8  1.069   99.3  3.768  5.281   68.4   84.1
R  -60.7  -47.1  111.3  177.9  -75.7    nan  0.991   95.8  3.716  5.438   81.3   82.9
G  -60.0  -37.5  114.7 -177.4    nan    nan    nan  100.1  3.757    nan    nan   84.0
I  -61.1  -44.5  113.4  179.8  -79.5  163.1  1.033   95.8  3.858    nan    nan   89.0
L  -62.8  -27.7  116.0 -179.2  -65.8    nan  1.185  102.9  3.828  5.143   53.2   81.7
R  -91.9   -8.4  108.5  177.2  -66.5    nan  0.987   85.5  3.824  5.563   57.7   65.6
N  -88.0  122.3  112.1  178.8 -164.9    nan  1.152  107.4  3.812  5.485   63.7   88.5
A  -68.1  -40.8  113.8 -178.0    nan    nan  1.175   92.1  3.783  5.826 -117.8 -130.1
K  -72.3  -27.7  110.2 -179.8  -71.1    nan  0.987   96.7  3.760  5.526   71.2   75.8
L  -95.9  -39.8  121.2 -175.7  -49.4    nan  1.166   65.9  3.765  5.035   42.9   70.7
K  -51.2  -46.9  117.0 -175.9  159.5    nan  1.201   99.8  3.876  5.492   84.2  102.5
P  -56.8  -49.9  112.6  178.6  -12.8    nan  0.968   96.2  3.823  5.299   81.5   84.0
V  -58.5  -64.7  109.1  177.5 -178.2  -54.9  1.012   88.4  3.780  5.118   59.5   77.3
Y  -40.6  -52.6  113.8  179.3 -159.6    nan  1.077  104.6  3.784  5.042   67.5   81.8
D  -54.7  -38.3  110.8  179.7  -75.6    nan  1.005  105.9  3.822  5.313   72.1   80.9
S  -73.1  -14.5  114.3 -179.9   59.8    nan  1.180  100.6  3.807  5.166   50.6   76.2
L  -87.8  155.8  114.3 -179.0  -61.4    nan  1.104   97.7  3.809  5.685   71.3   86.3
D  -79.7  174.5  106.4  176.4   43.7    nan  1.085   81.3  3.698  5.374 -101.3 -109.4
A  -71.3  -13.1  115.8 -177.9    nan    nan  1.225  102.7  3.709  5.100  -79.6  -71.5
V  -96.3  -42.1  111.1  179.3  152.2  -84.1  1.117   71.3  3.853  5.609   58.1   76.3
R  -71.5  -35.0  111.6  178.0  -51.7    nan  1.107   93.4  3.743  5.315   53.2   72.9
R  -58.9  -43.3  106.6  179.1  -74.3    nan  1.020  102.0  3.783  5.584   81.1   91.0
C  -55.3  -39.2  111.0 -179.8  -80.1    nan  1.085  104.8  3.803  5.335   71.1   87.2
A  -67.9  -40.1  111.2  179.9    nan    nan  1.002   94.1  3.778  5.261   67.9   79.8
L  -66.5  -36.1  111.0 -179.8 -173.9    nan  1.047   97.4  3.805  5.260   63.4   80.4
I  -68.4  -47.6  110.5  175.2  -71.9  170.6  1.070   90.5  3.739  5.249   64.8   78.8
N  -49.8  -43.0  106.8  176.7 -163.8    nan  0.980  108.8  3.772  5.397   80.2   85.9
M  -63.7  -30.6  112.9  177.6  -69.6    nan  1.074  101.7  3.685  5.307   63.0   79.3
V  -69.5  -47.2  109.7 -177.6  164.8  -74.6  1.066   90.4  3.773  5.400   72.8   88.8
F  -54.2  -21.3  113.1  179.3 -100.5    nan  1.077  115.4  3.732  5.282   71.0   85.2
Q  -95.2  -58.1  112.7 -176.9 -162.7    nan  1.089   68.1  3.808  5.360   50.6   74.6
M -100.9  -18.7  116.3 -177.7  -19.4    nan  1.035   71.4  3.768  4.776   17.9   34.9
G   75.3  157.2  113.4 -179.3    nan    nan    nan   67.5  3.804    nan    nan -126.4
E  -35.3  -54.4  117.8 -176.9  -97.0    nan  1.060  104.8  3.848    nan    nan  -59.5
T  -50.5  -40.4  108.3 -179.6  -70.4  161.7  0.937  109.1  3.749  4.932   78.4   84.6
G  -67.3  -82.3  106.8 -179.0    nan    nan    nan   77.7  3.689    nan    nan   78.6
V  -30.7  -52.1  112.2  179.8  177.3  -59.6  1.055  112.1  3.694    nan    nan   74.8
A  -53.1  -42.0  113.8 -179.0    nan    nan  1.207  103.2  3.728  5.125   58.2   84.1
G  -52.5  -29.3  113.6  179.1    nan    nan    nan  112.0  3.870    nan    nan   92.5
F  -64.2   39.5  110.4  178.6  -81.2    nan  0.952  122.4  3.808    nan    nan   91.7
T  -36.6  -16.9  116.4 -177.4  -58.6  179.0  1.173  133.7  3.785  6.107  168.7 -174.5
N -103.1  -50.4  120.0 -176.3   72.0    nan  1.217   58.7  3.827  5.383   45.1   75.8
S  -61.5  -27.6  109.1 -178.0  -50.6    nan  1.085  106.9  3.721  5.356   67.3   79.8
L  -63.2  -42.1  110.3 -179.8  -82.0    nan  1.079   97.2  3.745  5.559   79.6   95.0
R  -57.9  -47.4  108.1  178.0 -148.1    nan  1.016   99.5  3.764  5.440   76.6   84.6
M  -64.6  -40.2  109.4 -179.2  -53.6    nan  1.088   97.7  3.773  5.221   56.1   75.6
L  -60.0  -48.6  110.6  179.6 -102.1    nan  1.014   95.8  3.670  5.362   75.7   86.1
Q  -58.0  -40.9  107.4 -179.9 -173.0    nan  1.053  103.5  3.747  5.228   64.7   80.2
Q  -81.8   20.1  118.6 -180.0   46.2    nan  1.291  107.3  3.755  5.232   31.8   67.4
K   67.3   -9.6  120.7  177.1 -100.0    nan  1.288  117.4  3.846  5.533  -93.0 -104.7
R  -61.9   68.3  113.6  178.8  -44.2    nan  1.094  120.1  3.845  5.835  105.2  112.9
W  -51.7    1.1  122.9 -176.7  -63.1    nan  1.172  128.9  3.919  6.290 -162.4 -163.2
D -139.7  -33.6  112.2 -177.2  -61.4    nan  1.001   39.6  3.822  5.168   41.0   49.0
E  -58.0  -54.8  107.2 -179.7  -60.8    nan  0.996   95.8  3.758  5.417   84.6   94.2
A  -64.0  -51.2  111.1 -179.4    nan    nan  1.017   91.4  3.786  4.895   57.9   68.1
A  -57.1  -28.2  106.0  177.3    nan    nan  0.949  111.7  3.762  5.177   70.0   76.4
V  -77.9  -27.5  106.6  175.5  165.5  -76.3  1.090   93.3  3.713  5.315   52.5   76.1
N  -70.6  -27.6  113.5  179.7 -163.0    nan  1.067   96.9  3.832  5.615   74.7   88.0
L  -75.2  -22.3  116.4 -177.7  -65.3    nan  1.168   94.2  3.808  5.321   62.2   87.0
A  -76.1  -14.3  114.0 -179.3    nan    nan  1.129   97.8  3.853  5.636   71.3   90.5
K  -95.7   28.6  115.7 -179.9  -68.8    nan  1.106   96.9  3.822  5.466   58.3   78.3
S -116.0  140.5  112.6 -178.4   27.6    nan  1.010  123.9  3.711  5.565   88.3   97.7
R  -37.6  -33.4  108.9  175.2  -29.3    nan  1.055  123.5  3.762  5.392  -73.7  -86.8
W  -61.3  -45.0  113.3  179.0  167.8    nan  1.047   95.3  3.824  5.449   76.7   90.6
Y  -57.9  -47.7  107.9  178.0 -172.5    nan  0.995   99.5  3.723  5.227   70.5   82.7
N  -67.3  -39.6  114.9 -179.9  -51.9    nan  1.200   92.9  3.803  5.080   43.4   72.6
Q  -65.6  -56.8  112.2  178.4 -104.8    nan  1.052   86.5  3.897  5.709   73.3   81.8
T -126.4   95.0  109.6 -178.7   49.8  -71.7  0.997  108.7  3.850  4.807   -5.6    7.6
P  -74.8  -49.0  118.0 -179.8  -33.4    nan  1.203   80.2  3.733  5.889 -167.7 -160.8
N  -66.2  -18.6  111.6  179.8  -51.5    nan  1.147  106.0  3.743  5.493   53.0   75.1
R  -77.5  -59.5  110.8  178.4 -158.7    nan  1.137   79.1  3.831  5.816   71.1   88.9
A  -52.4  -41.2  111.1  177.4    nan    nan  1.099  105.8  3.705  5.082   66.1   74.3
K  -57.4  -64.9  110.7  179.2  -81.9    nan  1.092   87.6  3.763  5.491   73.5   87.9
R  -48.6  -28.0  112.1  178.2  -83.5    nan  1.037  116.9  3.728  5.024   67.0   73.7
V  -77.3  -46.4  115.3 -178.4  148.4  -87.5  1.217   81.3  3.786  5.237   52.6   84.7
I  -82.5   26.2  114.7 -179.6  -31.0 -153.5  0.998  107.5  3.909  5.420   54.0   61.6
T -135.4  -11.7  109.6 -174.5  -59.3  175.5  1.000   41.8  3.752  5.157   61.6   74.9
T  -98.2  -18.0  100.5  171.0  -60.9  179.2  1.014   78.9  3.746  5.487   41.8   66.9
F -101.8   -9.2  111.3  176.1  -68.6    nan  1.080   75.0  3.835  5.649   41.3   62.8
R  -94.9  -33.8  109.2  176.6  -86.1    nan  1.073   75.3  3.771  5.549   66.0   80.7
T -117.5   -4.2  121.5 -173.4   80.7  -34.9  1.076   60.3  3.773  4.779   24.6   43.7
G   64.7   23.3  109.0 -178.8    nan    nan    nan  106.1  3.782    nan    nan -122.3
T -130.0  140.9  119.9 -175.0   77.9  -46.0  1.024  137.8  3.764    nan    nan   84.2
W  -74.1   10.3  106.0  171.6  -55.2    nan  1.123  108.5  3.703  5.633 -124.7 -124.1
D  -37.0  -45.8  114.9  179.6   98.5    nan  1.411  112.1  3.868  6.327  131.4  156.1
A  -48.8  -70.0  117.8 -176.4    nan    nan  1.148   84.0  3.893  5.889   95.9   97.4
Y  -66.3  -52.6  114.6 -177.1  -57.5    nan  1.043   86.7  3.695  4.631   49.2   59.6
K  -42.9    nan  114.5 -175.6   59.2    nan  1.077    nan  3.817  5.158   80.6   96.8
