Id   phi    psi    tau  omega    chi    chi2  solid    eta  CA-CA  CB-CB  BA^AB  NA^AC
R    nan  -73.2  113.1    nan   -2.6    nan  0.932    nan    nan    nan    nan    nan
T -124.4    0.2  113.0  177.6   62.4  -61.8  1.189   55.7  3.729  4.818  -49.6   -4.5
D  -98.4   13.5  120.0 -177.1   56.3    nan  1.038   88.4  3.749  5.582   85.5   94.3
C  -60.4  -25.9  117.8 -175.7  -60.8    nan  1.050  105.5  3.757  5.864  130.4  142.3
Y -112.8   13.7  114.8 -176.0  -60.9    nan  1.073   73.4  3.743  4.876   31.5   56.0
G  121.0  178.3  114.6 -179.2    nan    nan    nan  120.3  3.763    nan    nan  -53.9
N -130.6  112.7  111.3 -177.4 -170.1    nan  0.993  120.4  3.854    nan    nan -128.0
V  -57.1  -28.3  112.5 -174.9   89.2 -147.1  1.133  109.0  3.718  5.731 -125.6 -127.9
N  -66.9  -26.3  113.8 -179.9  -83.2    nan  1.085  100.8  3.782  5.631   71.4   92.5
R  -86.3   -1.3  113.9  178.5  -63.2    nan  1.101   93.2  3.786  5.327   52.9   74.6
I  -93.2  137.7  110.6 -178.2  -58.3  177.1  0.985  106.1  3.758  5.587   80.8   94.2
D  -75.9  142.7  108.0  175.6   54.1    nan  0.963   89.3  3.693  5.619 -112.7 -125.0
T -146.7  143.8  115.8  178.5  173.6   52.1  1.111  144.7  3.791  5.676  170.8  173.7
T -103.0    4.0  110.2  175.0   47.4  -67.5  1.053   78.4  3.838  5.748 -135.9 -145.7
G   60.0 -151.2  116.5  179.3    nan    nan    nan   75.4  3.790    nan    nan -121.4
A  -70.0  137.9  115.2 -178.0    nan    nan  1.088   90.9  3.800    nan    nan  -26.0
S  -76.7  166.1  104.9  173.9   73.5    nan  1.005   80.7  3.725  5.623 -112.7 -128.0
C  -63.7  -24.0  110.2  176.7  -67.6    nan  1.062  106.2  3.825  5.322  -75.1  -77.9
K  -65.6  -26.6  112.1  178.9  -65.5    nan  1.114  102.5  3.823  5.597   78.0   95.7
T  -92.7  -46.9  109.4  177.0  -69.1  167.5  1.014   74.1  3.722  5.313   53.4   65.6
A  -63.9  -44.7  119.5 -176.3    nan    nan  1.085   90.1  3.833  5.299   65.2   82.4
K  -55.1  -53.7  115.3 -174.9 -116.0    nan  1.252   93.3  3.793  5.149   66.4   94.7
P  -58.2  -25.7  110.7  179.0  -19.7    nan  1.013  110.2  3.719  5.262   72.8   76.7
E  -83.8    2.1  111.3  177.3  -68.2    nan  1.038   97.0  3.806  5.351   56.5   75.7
G   89.0   16.2  115.7  177.4    nan    nan    nan   84.0  3.720    nan    nan  -98.5
L -102.3  153.2  110.1 -180.0  -51.6    nan  1.092  110.0  3.774    nan    nan   99.8
S  -94.9   -0.9  112.4  178.4   57.1    nan  0.997   84.7  3.704  5.482 -112.7 -121.3
Y -133.5  165.8  104.8 -176.4   53.9    nan  1.015  135.5  3.817  5.147   31.4   51.9
C -125.0 -174.9  113.7 -175.8  -40.2    nan  1.087  122.8  3.864  5.498 -136.8 -135.9
G   84.5 -164.5  118.7  179.7    nan    nan    nan   92.1  3.814    nan    nan   82.7
V  -54.1  -48.3  113.2 -178.2  177.0  -60.3  1.135   98.8  3.753    nan    nan  -28.1
S  -64.7  -33.2  110.2 -178.7   62.5    nan  1.102  100.7  3.882  5.416   60.3   76.4
A  -67.0  -43.8  109.5  177.8    nan    nan  1.016   94.0  3.858  5.604   73.1   84.6
S  -54.7  -49.0  110.5  177.2  -70.2    nan  1.072   99.4  3.801  5.396   72.1   85.6
K  -65.4  -37.4  113.6 -178.4  -57.8    nan  1.112   96.3  3.763  5.180   58.4   75.6
K  -63.3  -47.0  108.5  177.3  175.4    nan  1.020   95.7  3.816  5.436   73.4   83.7
I  -60.4  -45.2  109.6  178.0  -59.7  178.1  1.097   98.1  3.875  5.384   57.8   77.4
A  -55.7  -45.5  111.7  175.4    nan    nan  1.077  100.3  3.834  5.463   71.2   82.2
E  -63.7  -42.2  111.1  177.4  172.8    nan  1.079   96.4  3.808  5.337   62.9   76.5
R  -59.5  -26.0  112.1  177.1  -83.2    nan  0.970  108.3  3.833  5.513   81.8   83.4
D  -95.8   -3.8  114.4 -179.8  -69.2    nan  1.044   82.6  3.862  5.181   47.6   66.8
L  -58.3  -44.0  116.9 -176.4 -175.9    nan  1.086   96.3  3.807  5.716  111.7  126.8
Q  -63.8  -41.0  112.8 -178.5  -54.5    nan  1.130   96.1  3.756  5.312   59.9   83.2
A  -67.7  -40.6  110.6  176.7    nan    nan  1.084   94.4  3.777  5.411   62.7   76.7
M  -57.0  -43.4  113.1  176.2 -161.1    nan  1.065   99.8  3.801  5.485   76.0   86.5
D  -54.9  -24.4  114.2 -177.7  -71.8    nan  1.188  112.7  3.791  5.308   68.7   91.7
R  -62.3  -24.7  114.2  176.7  -49.0    nan  1.102  105.7  3.799  5.843   90.9   98.0
Y -115.3    7.9  114.1 -177.1  -48.7    nan  1.035   68.1  3.783  4.963   38.8   51.0
K  -49.8  -46.8  117.7 -176.7  178.4    nan  1.270  100.6  3.760  5.817  113.9  144.9
T  -61.3  -43.5  112.4 -179.2   43.9  -64.7  1.139   96.8  3.747  5.555   67.4   82.4
I  -67.3  -42.6  111.0 -179.0  169.8   50.6  1.145   93.4  3.779  5.361   60.3   77.8
I  -59.8  -45.8  108.6  179.1  -68.2  168.8  1.052   98.8  3.829  5.513   73.1   83.4
K  -69.1  -38.3  112.5  179.6  -75.5    nan  1.089   93.3  3.743  5.204   53.3   72.9
K  -60.8  -47.3  111.4  177.1 -173.0    nan  1.005   95.5  3.810  5.441   76.3   86.0
V  -63.2  -42.2  113.1  178.6  178.4  -63.6  1.085   95.6  3.816  5.208   56.4   76.9
G  -60.3  -46.8  110.3  178.7    nan    nan    nan   96.8  3.830    nan    nan   83.7
E  -61.5  -42.1  110.4  177.5 -165.4    nan  1.153   98.5  3.788    nan    nan   77.1
K  -62.0  -44.1  112.6  179.7 -164.1    nan  1.011   95.8  3.871  5.563   75.5   82.8
L  -98.5    1.7  115.4 -175.1  -66.1    nan  1.076   82.2  3.762  4.793   26.4   51.9
C   58.4   49.2  116.0  179.3 -160.3    nan  1.187   93.4  3.746  5.593 -132.7 -125.6
V -133.3  145.6  109.8  176.1   70.3 -171.5  1.176  134.8  3.784  5.816   86.5   91.9
E  -64.4  129.8  113.2 -178.4  -65.2    nan  1.043   89.8  3.801  5.606  -82.5  -98.1
P  -57.2  -36.5  111.4  177.1  -24.2    nan  0.985  104.7  3.827  5.608  -99.2 -115.3
A  -60.4  -34.0  111.0  178.8    nan    nan  0.942  103.6  3.821  5.315   76.4   88.9
V  -65.5  -45.1  109.7  177.1  172.4  -69.8  1.080   94.3  3.871  5.378   62.1   84.7
I  -58.3  -48.2  109.3  177.8  -54.9  178.8  1.084   98.1  3.868  5.460   67.0   81.2
A  -57.7  -44.0  110.7  176.6    nan    nan  1.139  100.2  3.890  5.461   60.5   78.2
G  -61.8  -42.4  113.3  179.1    nan    nan    nan   96.6  3.799    nan    nan   81.6
I  -63.1  -45.5  110.0  176.3  -74.6  168.7  1.072   95.7  3.816    nan    nan   79.3
I  -54.6  -48.1  113.9  178.0  -61.8  170.5  1.233   98.1  3.842  5.422   60.2   85.5
S  -58.3  -48.7  112.5  176.8  173.0    nan  1.097   95.9  3.767  5.475   70.3   79.9
R  -66.3  -44.3  114.5 -178.9  174.2    nan  1.072   91.3  3.753  5.220   58.0   75.8
E  -72.7  -41.8  117.0 -175.5  -74.1    nan  1.058   86.1  3.764  5.171   57.9   78.0
S -136.7    5.6  118.9 -175.6   63.4    nan  1.065   46.2  3.836  4.640   -5.6   16.6
H   55.1   45.2  108.6 -175.3  -80.2    nan  1.050  102.6  3.793  5.499 -120.7 -119.2
A   59.6   35.6  114.1 -179.9    nan    nan  1.125  101.9  3.781  5.424  -76.7  -82.7
G   90.6  -14.1  116.1  178.5    nan    nan    nan   95.6  3.808    nan    nan  -64.8
K  -56.1  -32.7  114.1 -176.8  -93.7    nan  1.053  106.6  3.813    nan    nan  118.3
V -102.8   18.6  113.1 -175.8  -60.7   54.9  1.114   84.9  3.822  5.231   29.7   58.7
L -103.9  159.1  111.3 -178.3  -59.0    nan  1.024  110.5  3.766  5.739   93.4  100.7
K -125.4  101.9  107.6  178.4  -64.0    nan  1.066  111.1  3.799  5.520 -149.4 -148.3
N   57.8   36.2  109.2 -177.8  -83.9    nan  1.066  105.4  3.699  5.039   -2.8  -29.5
G   88.8   -8.6  116.2 -180.0    nan    nan    nan   95.0  3.817    nan    nan  -64.2
W  -98.7  142.9  114.5 -177.6  -66.1    nan  1.022  111.6  3.820    nan    nan   82.6
G  -76.8  172.4  109.4  176.8    nan    nan    nan   79.5  3.746    nan    nan -120.3
D  -61.2  -19.7  119.9 -173.4  -52.3    nan  1.143  107.9  3.728    nan    nan  -60.9
R -101.9   -1.4  109.9  178.6  -85.3    nan  1.170   77.7  3.817  5.261   44.2   65.4
G   76.9    7.3  114.4  178.9    nan    nan    nan  100.0  3.769    nan    nan -111.5
N  -97.6  -37.0  114.7  179.3  -65.5    nan  1.055   69.2  3.830    nan    nan   96.8
G  -88.1  137.0  113.4  179.3    nan    nan    nan  104.3  3.815    nan    nan   64.3
F -123.2  136.1  114.2 -179.3  179.5    nan  0.964  129.2  3.742    nan    nan -168.7
G   90.5  169.5  114.3  175.7    nan    nan    nan   86.2  3.822    nan    nan   28.4
L  -53.2  -33.3  113.4  177.5  -72.7    nan  0.988  109.1  3.741    nan    nan  -64.4
M  -98.1   -1.8  114.3 -178.0  -60.7    nan  1.129   81.2  3.833  4.995   29.5   59.4
Q   56.6   54.6  117.1  177.0  -62.1    nan  1.250   90.5  3.748  5.687 -137.6 -132.6
V  -64.6  129.4  107.8  173.6  170.8  -65.7  0.972   86.6  3.777  6.152 -173.6  162.5
D  -81.9  114.5  111.5 -179.8 -173.7    nan  1.093  105.8  3.852  5.895 -134.9 -134.7
K  -57.9  -28.7  110.5 -177.3   80.7    nan  1.076  108.8  3.801  5.847 -109.4 -129.5
R  -69.3  -23.9  112.3  178.3  -53.0    nan  1.064  100.3  3.830  5.594   76.5   87.6
S -108.3  -29.8  115.4 -178.9  -53.5    nan  1.026   61.7  3.823  5.230   44.3   58.6
H -141.9  134.5  109.8 -178.6  -54.3    nan  0.958  134.5  3.757  4.736    6.3   16.3
K  -71.0  129.2  106.4  176.0 -148.9    nan  0.961   90.1  3.798  5.644 -113.1 -122.1
P  -74.6  133.1  114.0 -178.5  -15.6    nan  1.104   96.0  3.810  5.845 -128.5 -125.1
Q -108.6  147.2  111.4  178.2  -59.7    nan  0.958  117.1  3.748  5.750 -141.7 -161.4
G   76.8 -177.2  114.8  177.7    nan    nan    nan   78.0  3.863    nan    nan   29.7
T  -78.4  159.1  101.6  174.9   51.9  -57.1  0.907   83.2  3.850    nan    nan  -74.8
W  -69.5  -20.1  115.7 -171.0   73.3    nan  1.158  100.9  3.748  5.501  -95.2  -82.2
N -128.1   29.6  115.6 -175.9   63.0    nan  1.141   68.4  3.719  4.992   18.5   44.3
G -112.9  177.8  117.0 -178.3    nan    nan    nan  113.9  3.790    nan    nan  103.1
E  -59.6  -34.1  113.8 -179.4  179.0    nan  1.127  103.0  3.785    nan    nan  -58.1
V  -65.0  -45.4  111.7  179.6  169.0  -66.7  1.206   93.4  3.838  5.622   64.3   88.2
H  -62.0  -53.3  113.0  176.7  163.8    nan  1.105   90.2  3.725  5.401   68.9   77.9
I  -59.9  -37.8  108.0 -179.8  -61.1 -178.5  1.027  103.4  3.822  5.271   62.8   74.8
T  -59.0  -49.2  111.1  176.8  -60.5  179.3  1.105   95.9  3.813  5.512   67.6   87.0
Q  -60.3  -50.7  111.0 -180.0 -177.8    nan  1.075   94.2  3.777  5.320   64.4   78.3
G  -59.1  -42.6  112.6  180.0    nan    nan    nan   98.9  3.781    nan    nan   78.6
T  -67.0  -36.5  109.6 -178.3  -62.2 -177.7  1.102   97.5  3.800    nan    nan   79.3
T  -64.7  -40.0  110.6  178.6  -66.1  170.2  1.124   97.1  3.792  5.508   63.4   84.4
I  -62.2  -43.9  109.6  179.0  -71.7  163.9  1.098   97.5  3.745  5.487   65.6   83.9
L  -57.9  -52.7  110.1  177.9  169.5    nan  1.074   95.2  3.765  5.487   70.4   83.0
I  -54.7  -39.3  112.0  179.7  -69.0  170.2  1.108  104.6  3.800  5.292   65.5   80.1
N  -62.0  -34.9  112.3  178.5  -62.3    nan  1.117  101.1  3.797  5.534   67.6   85.3
F  -70.4  -40.7  109.2  177.3  -83.4    nan  1.017   93.0  3.825  5.440   69.6   79.2
I  -57.9  -51.6  109.1  176.6  -61.1  178.0  1.135   96.5  3.814  5.470   65.0   84.6
K  -57.7  -38.5  114.4  178.5  -68.7    nan  1.107  101.6  3.812  5.377   67.3   77.8
T  -65.8  -43.0  110.4  179.3  -64.9  171.0  0.988   94.8  3.714  5.300   74.5   83.0
I  -65.4  -37.9  110.6  178.6  -67.6  167.5  1.057   97.6  3.772  5.231   59.2   77.9
Q  -59.2  -37.4  110.6  179.7  -66.8    nan  1.055  102.9  3.870  5.552   75.6   89.2
K  -73.9  -39.1  113.4  178.3  -62.6    nan  1.201   88.5  3.797  5.323   47.9   75.5
K  -69.7  -34.7  112.9 -177.9 -178.5    nan  1.107   94.4  3.780  5.322   65.1   80.8
F -136.7   73.6  111.5  179.8  -64.9    nan  0.941   92.0  3.845  4.967    4.7   16.9
P  -72.8   -4.9  114.8 -176.1   14.0    nan  1.088  105.0  3.752  5.941  170.0 -176.9
S  -94.6    0.1  110.2  176.9   80.5    nan  1.036   85.4  3.809  5.657   63.7   84.6
W  -83.4  162.0  107.9  175.5  -72.1    nan  0.980   89.1  3.863  5.901   89.7   98.0
T  -79.9  161.2  106.1  175.5   75.9  -45.0  1.021   85.5  3.792  5.370  -98.5 -100.5
K  -56.6  -42.1  111.5 -177.4 -160.8    nan  1.107  101.7  3.774  5.314  -71.9  -73.9
D  -67.8  -34.8  112.6 -179.1  -45.9    nan  1.090   96.2  3.787  5.391   62.5   79.0
Q  -65.8  -39.0  108.8  177.7  -78.6    nan  0.968   97.7  3.769  5.492   79.4   84.3
Q  -62.8  -41.5  111.4  179.4  -66.4    nan  1.138   97.3  3.793  5.286   62.2   84.2
L  -57.7  -47.1  109.1  176.6  176.5    nan  1.026   99.3  3.820  5.467   78.3   84.4
K  -55.7  -51.4  112.6  176.8 -166.8    nan  1.213   95.9  3.752  5.262   54.8   81.8
G  -59.9  -39.4  111.0  179.7    nan    nan    nan  101.0  3.789    nan    nan   76.9
G  -61.9  -40.8  112.7  178.5    nan    nan    nan   97.7  3.838    nan    nan   85.0
I  -65.5  -40.5  111.9  176.9  -62.6  167.9  1.074   95.4  3.802    nan    nan   79.1
S  -63.7  -39.0  109.5  178.3 -165.2    nan  0.981   99.0  3.819  5.313   71.8   81.3
A  -68.4  -31.1  113.4 -179.0    nan    nan  1.039   97.2  3.789  5.242   60.2   81.1
Y  -50.7  -39.2  107.8  176.4 -174.1    nan  0.991  110.0  3.788  5.471   91.7  100.6
N  -84.7  -48.9  112.8 -179.4  177.2    nan  1.069   76.7  3.825  5.271   43.8   64.5
A -115.1    3.6  118.9 -172.9    nan    nan  1.095   66.7  3.750  4.596   11.7   35.2
G   90.8  155.1  111.4 -178.7    nan    nan    nan   81.8  3.765    nan    nan  -91.2
A  -62.5  -31.3  115.1  179.9    nan    nan  1.313  101.4  3.768    nan    nan  -88.9
G  -62.8  -26.7  113.3 -179.5    nan    nan    nan  104.5  3.682    nan    nan   94.4
N  -76.1  -13.8  111.5 -175.7 -162.3    nan  1.061   98.5  3.766    nan    nan   88.1
V  -94.2  101.0  108.3 -178.2  179.8  -44.1  1.105  108.7  3.830  5.487   55.1   79.6
R -113.2  -12.3  113.0 -176.5  -52.7    nan  1.062   62.5  3.797  6.012  177.5  169.7
S -160.0  165.6  110.9 -179.2   78.3    nan  0.970  160.2  3.816  4.893    2.8   11.1
Y  -74.6  -47.3  113.2  176.5 -176.0    nan  1.098   84.4  3.768  5.357  -97.1  -88.2
A  -65.8  -35.9  116.1 -175.0    nan    nan  1.100   95.5  3.815  5.284   62.4   80.5
R -114.0   18.4  113.5 -176.5  -73.9    nan  1.016   74.3  3.800  4.918   26.6   44.5
M  -51.2  -39.5  113.9 -176.6   73.4    nan  1.107  106.5  3.848  6.031  134.9  152.5
D  -79.2   -9.9  114.5 -175.5  -83.1    nan  1.133   96.6  3.806  5.321   50.9   75.2
I  -70.4  127.2  108.1  176.2  -64.2 -177.8  1.092   91.8  3.788  5.716   89.2  101.9
G  102.3  -16.8  113.1 -175.6    nan    nan    nan   84.6  3.709    nan    nan   36.8
T  -80.6  169.3  104.5  174.9   66.8  -70.5  0.925   83.5  3.775    nan    nan   83.8
T  -56.7  122.9  109.0  176.7  -57.0 -175.4  1.032   86.0  3.880  5.271  -68.0  -67.9
H   67.1    8.4  114.6 -177.8  -57.5    nan  1.126  109.2  3.830  5.057   22.1   -1.5
D   57.3   33.2  113.0 -179.0  -61.2    nan  1.142  105.8  3.810  5.618 -112.2 -118.4
D -152.4   13.5  117.0 -175.8   66.6    nan  1.044   35.7  3.817  5.330   64.4   66.3
Y  -39.8  -69.7  118.6 -173.1 -165.8    nan  1.385   88.8  3.688  5.915  125.5  162.1
A  -67.0  -39.0  112.9 -176.3    nan    nan  1.046   94.5  3.736  5.272   56.6   60.1
N  -57.9  -47.5  109.8  178.6  -87.9    nan  1.016   98.5  3.836  5.384   78.5   88.9
D  -60.1  -57.7  112.8  177.0 -175.5    nan  1.106   89.0  3.793  5.266   57.6   77.8
V  -50.0  -45.6  114.6  177.9  166.4  -64.1  1.202  102.8  3.810  5.329   59.3   79.8
V  -62.2  -40.8  111.6  178.8  163.1  -71.0  1.088   98.1  3.761  5.471   69.3   79.9
A  -64.9  -41.4  110.3  179.6    nan    nan  1.097   96.3  3.830  5.432   63.1   81.4
R  -62.2  -43.3  111.2  177.4  -58.9    nan  1.100   96.9  3.844  5.510   64.9   81.4
A  -60.3  -40.8  110.7  178.1    nan    nan  1.114  100.1  3.792  5.360   67.1   81.7
Q  -63.1  -37.9  112.3  178.6  -68.8    nan  1.109   98.6  3.802  5.445   67.6   82.8
Y  -58.5  -53.6  108.2  173.3  174.9    nan  1.028   95.5  3.853  5.560   75.5   84.4
Y  -53.3  -44.1  116.2  177.9  -58.9    nan  1.311  100.5  3.851  5.343   48.1   79.6
K  -56.7  -38.2  108.9 -178.0 -165.7    nan  1.039  105.3  3.755  5.512   84.3   88.7
Q  -66.7  -19.1  113.5  179.0 -139.2    nan  0.903  104.7  3.804  5.327   76.1   81.2
H -109.9   29.6  115.0 -176.3  -67.0    nan  1.136   84.3  3.820  4.851   28.7   61.0
G   78.3   15.1  117.0  176.2    nan    nan    nan   94.6  3.755    nan    nan  -84.1
Y  -88.7    nan  109.3  177.9  -79.3    nan  1.004    nan  3.688    nan    nan  110.5
