Id   phi    psi    tau  omega    chi    chi2  solid    eta  CA-CA  CB-CB  BA^AB  NA^AC
R    nan  -67.4  110.2    nan   -5.1    nan  0.927    nan    nan    nan    nan    nan
T -130.2    3.3  109.9  178.9   62.8  -65.0  1.095   51.0  3.701  4.762  -43.0   -6.4
D -103.1   13.7  119.0 -175.9   55.4    nan  1.031   83.8  3.727  5.508   79.4   93.1
C  -58.9  -28.9  117.0 -176.2  -58.7    nan  1.109  105.3  3.792  5.905  126.9  142.3
Y -111.2   13.0  115.2 -177.2  -55.8    nan  1.138   74.8  3.657  4.846   27.7   53.8
G  122.0  177.1  114.0 -179.6    nan    nan    nan  120.8  3.783    nan    nan  -54.9
N -130.2  116.7  112.5 -178.2 -172.1    nan  1.062  123.4  3.822    nan    nan -128.3
V  -60.1  -26.5  114.9 -175.4   85.0 -145.5  1.149  106.5  3.656  5.614 -120.7 -126.2
N  -70.1  -22.6  112.5 -179.5  -84.3    nan  1.059  100.1  3.744  5.568   71.6   91.6
R  -86.6   -6.3  114.2  179.8  -59.5    nan  1.183   90.8  3.778  5.378   48.9   78.4
I  -85.5  132.0  114.4  179.9  -52.1 -179.1  1.136  104.7  3.783  5.675   79.1   95.4
D  -75.8  142.5  107.2  175.4   54.0    nan  0.976   88.9  3.679  5.617 -111.2 -132.0
T -148.4  141.2  116.2  179.7  170.7   57.8  1.104  144.0  3.810  5.643  171.3  172.0
T  -99.4    0.9  109.7  177.1   47.6  -69.6  1.050   80.9  3.714  5.650 -134.9 -144.6
G   66.9 -160.0  116.5  179.3    nan    nan    nan   76.8  3.741    nan    nan -118.4
A  -64.0  137.1  115.0  180.0    nan    nan  1.112   86.5  3.768    nan    nan  -32.5
S  -78.7  165.3  105.0  174.3   75.0    nan  0.979   82.8  3.730  5.645 -113.1 -129.9
C  -59.8  -27.0  110.7  177.3  -63.1    nan  1.137  108.0  3.791  5.385  -79.4  -74.3
K  -63.8  -26.9  111.8  178.4  -58.9    nan  1.132  104.1  3.797  5.669   78.6   94.2
T  -92.4  -40.3  109.4  177.4  -68.5  167.0  0.970   75.7  3.692  5.319   57.3   67.2
A  -64.3  -47.5  119.2 -175.0    nan    nan  1.109   88.2  3.789  5.182   63.9   88.9
K  -55.6  -51.1  119.1 -176.8 -117.0    nan  1.211   92.5  3.673  5.081   65.8   91.2
P  -58.2  -27.2  109.2  178.7  -18.6    nan  0.979  109.9  3.763  5.221   76.1   79.4
E  -80.0   -1.0  112.2  177.4  -60.4    nan  1.109   99.6  3.785  5.325   52.5   78.1
G   91.1   14.1  118.0  175.6    nan    nan    nan   82.4  3.697    nan    nan -100.8
L -100.9  156.9  109.4 -178.4  -47.0    nan  1.085  107.5  3.782    nan    nan   99.4
S  -97.9   -3.0  112.7  179.2   54.6    nan  1.076   81.0  3.676  5.408 -117.5 -120.1
Y -133.0  168.4  102.7 -177.3   49.6    nan  0.969  134.4  3.759  5.200   35.3   50.3
C -127.3 -169.2  111.1 -176.7  -38.0    nan  1.036  122.8  3.773  5.463 -138.8 -134.0
G   84.5 -164.8  117.4  178.8    nan    nan    nan   91.6  3.782    nan    nan   89.4
V  -52.3  -45.8  114.6 -178.2 -179.5  -64.6  1.144  101.0  3.732    nan    nan  -26.7
S  -66.7  -34.0  111.4 -177.8   58.8    nan  1.167   98.1  3.750  5.344   54.4   78.4
A  -66.0  -44.0  111.3  179.0    nan    nan  1.062   93.5  3.759  5.498   74.7   86.4
S  -55.3  -45.8  109.6  177.9  -66.1    nan  1.043  101.5  3.781  5.429   74.9   85.7
K  -66.3  -38.7  114.5  179.6  -57.0    nan  1.161   94.3  3.733  5.105   54.9   76.4
K  -62.0  -41.9  111.3  175.7  179.0    nan  1.010   97.8  3.796  5.473   75.2   83.6
I  -63.6  -44.8  109.9  179.5  -62.9  177.7  1.080   95.8  3.841  5.332   58.7   81.0
A  -58.7  -39.6  111.8  177.0    nan    nan  1.053  101.4  3.707  5.325   69.3   81.4
E  -64.0  -41.6  110.2  179.1  173.2    nan  1.129   97.0  3.764  5.337   61.9   82.8
R  -61.0  -24.6  112.6  178.4 -110.5    nan  0.930  107.5  3.808  5.449   83.2   83.6
D  -97.7   -2.1  114.8 -178.9  -65.8    nan  1.069   81.4  3.807  5.138   39.9   67.4
L  -57.5  -48.8  115.7 -177.0 -178.1    nan  1.129   94.5  3.793  5.773  111.3  128.2
Q  -57.2  -41.6  114.3  178.6  -52.3    nan  1.155  100.1  3.778  5.413   62.2   82.3
A  -73.7  -37.1  110.3  177.9    nan    nan  1.036   91.4  3.799  5.372   59.8   72.0
M  -59.0  -41.7  110.7  178.0 -163.7    nan  1.029  100.6  3.745  5.408   74.9   88.9
D  -54.6  -23.7  115.1 -178.0  -73.7    nan  1.224  113.0  3.777  5.323   65.0   92.8
R  -65.7  -25.0  111.8  177.7  -58.5    nan  1.030  103.3  3.808  5.849   93.9   95.6
Y -112.2    5.7  114.7 -178.4  -52.2    nan  1.043   70.3  3.763  4.950   36.6   52.9
K  -50.1  -45.9  116.7 -177.0 -171.1    nan  1.224  101.5  3.777  5.846  116.4  142.1
T  -62.5  -41.9  114.3 -179.0   57.5  -57.9  1.194   95.7  3.638  5.367   61.6   82.8
I  -68.2  -42.9  111.6 -179.4  167.5   51.4  1.177   92.3  3.779  5.398   59.1   78.8
I  -58.0  -45.7  110.0  177.9  -65.5  170.0  1.052   99.3  3.773  5.524   76.1   84.4
K  -64.9  -43.0  111.9  179.1  -73.6    nan  1.166   94.6  3.763  5.221   52.2   76.5
K  -58.4  -47.8  114.1  177.6 -169.7    nan  1.067   95.4  3.715  5.393   73.3   85.0
V  -63.1  -40.3  112.6  179.6  178.0  -63.0  1.087   97.1  3.811  5.292   57.3   77.9
G  -57.2  -51.5  109.5  179.6    nan    nan    nan   96.7  3.848    nan    nan   88.8
E  -59.6  -47.1  109.8  178.9 -160.6    nan  1.162   97.6  3.698    nan    nan   75.2
K  -61.1  -41.5  114.4  179.8 -178.7    nan  1.043   97.0  3.797  5.466   68.9   79.8
L  -98.1   -0.9  113.9 -175.5  -65.0    nan  1.076   81.5  3.740  4.942   27.6   55.5
C   65.6   46.3  116.0 -179.9 -160.8    nan  1.184   89.8  3.767  5.523 -127.0 -120.8
V -132.8  144.1  109.7  177.5   71.8 -170.2  1.144  134.1  3.716  5.712   85.3   90.9
E  -62.2  128.7  112.6 -178.8  -64.2    nan  1.024   88.5  3.834  5.654  -81.2  -98.6
P  -60.8  -30.4  110.8  178.5  -27.0    nan  0.983  105.3  3.742  5.510 -105.0 -119.2
A  -64.4  -31.6  110.9  179.3    nan    nan  1.021  101.5  3.730  5.354   70.6   91.3
V  -68.0  -45.1  107.1  178.3  171.6  -71.3  1.013   94.1  3.865  5.481   70.0   84.8
I  -58.1  -46.4  109.5  177.5  -56.4  177.3  1.069   99.2  3.810  5.372   65.9   80.8
A  -64.3  -38.2  111.4 -179.6    nan    nan  1.116   97.9  3.806  5.336   58.1   77.1
G  -65.1  -38.8  111.1  179.2    nan    nan    nan   97.1  3.719    nan    nan   83.7
I  -64.2  -47.8  107.4  178.3  -75.8  171.4  1.063   95.3  3.858    nan    nan   81.8
I  -57.7  -42.2  113.2  177.4  -60.7  169.5  1.147   99.9  3.819  5.386   63.2   79.5
S  -63.6  -47.5  109.8  180.0  164.7    nan  1.108   94.4  3.760  5.456   66.4   81.9
R  -65.8  -43.3  113.3 -179.1  170.6    nan  1.015   92.9  3.759  5.286   64.0   76.1
E  -72.5  -43.1  116.1 -175.1  -74.3    nan  1.079   86.1  3.814  5.167   54.3   78.4
S -138.9    5.8  118.8 -177.0   63.6    nan  1.047   44.1  3.789  4.596   -7.0   12.2
H   57.1   42.4  109.4 -177.1  -70.5    nan  1.138  102.3  3.793  5.531 -122.7 -118.8
A   56.4   40.9  113.7 -179.8    nan    nan  1.095  101.5  3.696  5.371  -74.3  -88.0
G   95.2  -17.9  115.5  176.6    nan    nan    nan   92.6  3.830    nan    nan  -57.4
K  -54.7  -39.2  115.5 -175.2  -92.0    nan  1.125  103.0  3.686    nan    nan  117.8
V  -99.3   21.6  115.5 -176.8  -61.6   57.0  1.139   90.3  3.735  5.098   30.1   56.0
L -106.2  157.0  113.2 -178.9  -61.0    nan  1.026  113.9  3.782  5.719   95.3  100.6
K -124.7  105.5  105.7  177.9  -67.4    nan  1.011  111.5  3.817  5.540 -150.0 -150.1
N   53.9   36.4  110.0 -177.4  -80.2    nan  1.082  108.1  3.694  5.090   -7.1  -28.8
G   88.4   -6.9  118.3  178.0    nan    nan    nan   94.8  3.763    nan    nan  -66.9
W  -98.4  143.6  113.5 -179.8  -65.2    nan  1.024  110.6  3.771    nan    nan   82.6
G  -77.4  172.7  109.5  176.5    nan    nan    nan   79.9  3.714    nan    nan -120.0
D  -56.6  -27.1  120.1 -174.0  -48.3    nan  1.222  107.4  3.709    nan    nan  -56.3
R  -98.2    1.8  112.7  179.1  -92.0    nan  1.090   82.5  3.808  5.317   51.4   63.3
G   72.9    6.9  116.1  178.2    nan    nan    nan  103.9  3.726    nan    nan -113.4
N  -94.5  -39.2  115.2  178.1  -66.0    nan  1.105   70.8  3.743    nan    nan   98.0
G  -92.5  138.9  113.5 -179.5    nan    nan    nan  107.2  3.798    nan    nan   59.7
F -120.6  135.9  114.2 -179.4 -179.8    nan  0.964  127.7  3.697    nan    nan -163.7
G   88.9  170.1  116.1  175.9    nan    nan    nan   84.6  3.822    nan    nan   26.0
L  -52.2  -35.4  111.3  178.4  -72.5    nan  0.955  109.5  3.772    nan    nan  -63.0
M  -94.6   -3.3  115.9 -178.8  -58.7    nan  1.186   84.0  3.864  5.060   25.9   60.1
Q   52.7   59.9  116.8  177.9  -66.1    nan  1.155   89.6  3.776  5.604 -133.6 -136.6
V  -66.6  128.6  105.8  172.4  170.5  -68.6  0.947   87.0  3.800  6.087 -177.6  163.1
D  -83.5  115.5  111.3 -178.1 -173.9    nan  1.043  106.1  3.840  5.880 -134.3 -134.8
K  -57.3  -24.4  112.4 -177.7   81.3    nan  1.112  111.1  3.797  5.864 -114.3 -126.9
R  -73.7  -24.8  113.2  179.5  -53.2    nan  1.124   95.6  3.753  5.536   73.0   89.1
S -108.8  -25.3  114.2 -178.6  -52.4    nan  1.041   62.7  3.762  5.241   43.5   56.9
H -143.0  138.1  109.9 -178.9  -53.5    nan  0.941  137.0  3.781  4.760   10.8   19.2
K  -76.6  128.9  104.2  176.5 -153.6    nan  0.881   92.3  3.764  5.594 -112.5 -123.2
P  -73.7  135.7  115.6 -178.5  -19.4    nan  1.057   95.1  3.754  5.694 -128.1 -123.2
Q -110.3  150.5  111.9  177.0  -56.2    nan  0.955  118.3  3.695  5.627 -148.3 -158.9
G   70.3 -172.5  116.2  177.0    nan    nan    nan   73.7  3.871    nan    nan   26.4
T  -76.0  158.3  104.5  176.8   50.7  -66.0  0.957   82.2  3.791    nan    nan  -64.3
W  -67.9  -19.2  118.4 -173.3   72.0    nan  1.166  102.2  3.682  5.390  -91.5  -82.6
N -131.6   27.0  113.6 -174.8   62.6    nan  1.133   62.9  3.751  4.964   19.0   41.5
G -110.8 -179.9  114.6  179.6    nan    nan    nan  110.8  3.715    nan    nan  101.3
E  -60.5  -35.8  115.6 -178.9 -175.5    nan  1.123  100.4  3.768    nan    nan  -55.4
V  -64.3  -43.6  111.8  178.8  171.6  -69.7  1.153   94.8  3.779  5.458   66.0   87.2
H  -65.0  -49.0  111.2  178.7  162.2    nan  1.010   91.7  3.705  5.351   70.9   78.2
I  -58.1  -39.2  110.9  178.6  -59.9 -177.8  1.153  102.6  3.784  5.231   56.7   79.5
T  -61.1  -46.1  112.8  177.3  -59.9  179.5  1.066   95.3  3.772  5.504   74.3   85.0
Q  -60.7  -49.4  110.3  179.4 -176.6    nan  1.063   95.1  3.785  5.313   65.1   80.6
G  -60.2  -41.0  114.5  178.9    nan    nan    nan   98.0  3.753    nan    nan   78.2
T  -68.3  -33.1  109.1  179.9  -57.7 -171.6  1.113   98.3  3.825    nan    nan   78.4
T  -67.2  -39.9  111.8  178.5  -62.5  179.2  1.159   94.5  3.761  5.561   61.8   85.6
I  -64.2  -41.5  107.8  179.8  -68.2  165.7  1.101   98.3  3.683  5.408   65.6   82.5
L  -61.0  -47.0  112.3  179.9  169.0    nan  1.035   95.0  3.790  5.562   73.5   84.4
I  -58.6  -41.7  111.7  179.5  -67.3  171.7  1.068  100.3  3.770  5.192   66.4   82.1
N  -60.1  -36.0  112.0  178.5  -62.4    nan  1.112  102.2  3.768  5.429   65.9   84.8
F  -68.5  -40.9  110.4  176.3  -80.9    nan  1.054   93.7  3.740  5.411   68.2   79.8
I  -56.5  -49.6  109.0  176.5  -62.0  178.4  1.123   98.7  3.852  5.527   69.9   86.0
K  -61.0  -37.7  116.0  178.0  -69.5    nan  1.074   98.6  3.725  5.269   67.1   76.7
T  -62.1  -44.9  110.3  177.6  -65.0  174.7  0.989   96.6  3.699  5.250   75.6   86.3
I  -63.1  -37.2  112.1  179.7  -64.9  168.1  1.090   99.1  3.753  5.165   56.3   79.5
Q  -58.1  -39.3  111.8  178.5  -62.5    nan  1.117  102.1  3.809  5.552   73.4   90.6
K  -76.7  -31.8  113.6 -179.5  -57.4    nan  1.140   89.4  3.770  5.293   52.7   73.3
K  -74.0  -37.9  112.2 -178.1  178.8    nan  1.081   89.7  3.655  5.190   65.2   83.7
F -128.7   75.3  110.8 -179.3  -67.7    nan  0.943   96.3  3.822  4.972    6.8   22.9
P  -76.1   -5.3  116.6 -175.9   18.2    nan  1.114  101.4  3.731  5.907  167.3 -176.4
S  -94.7    3.3  110.3  177.0   85.1    nan  1.007   86.5  3.804  5.598   66.5   84.2
W  -86.0  162.6  108.7  176.0  -74.5    nan  0.976   91.7  3.834  5.832   87.0   99.1
T  -81.3  159.8  106.3  176.5   77.1  -46.0  1.008   87.3  3.791  5.394  -98.7 -100.4
K  -57.3  -38.6  112.8 -178.5 -154.3    nan  1.042  102.7  3.763  5.253  -70.2  -75.9
D  -68.4  -35.0  110.8 -177.9  -50.5    nan  1.067   96.4  3.761  5.261   63.1   82.4
Q  -66.6  -39.5  110.4  177.5  -79.2    nan  0.994   95.9  3.705  5.387   74.0   83.4
Q  -64.4  -37.5  109.0  180.0  -65.1    nan  1.095   99.4  3.825  5.291   62.8   82.3
L  -61.8  -45.6  110.3  178.1  172.0    nan  1.061   96.4  3.785  5.468   73.9   85.4
K  -57.2  -50.2  110.2  178.5 -163.3    nan  1.084   97.1  3.713  5.302   66.4   83.1
G  -56.4  -43.3  109.0 -179.1    nan    nan    nan  102.5  3.823    nan    nan   80.9
G  -58.9  -42.3  114.4  178.8    nan    nan    nan   98.3  3.779    nan    nan   84.2
I  -67.2  -36.2  108.5 -179.4  -64.1  166.7  1.012   98.1  3.725    nan    nan   78.7
S  -67.6  -37.0  111.9 -179.7 -159.4    nan  0.988   95.6  3.768  5.316   70.1   83.4
A  -68.3  -28.4  112.5  178.6    nan    nan  1.034   99.0  3.765  5.174   63.9   81.3
Y  -53.6  -37.3  110.5  179.3 -175.1    nan  1.030  107.5  3.783  5.518   92.6  103.0
N  -86.1  -46.5  115.1  179.9  179.0    nan  1.035   75.0  3.753  5.137   50.8   65.4
A -113.8    4.2  119.9 -175.4    nan    nan  1.061   68.4  3.793  4.641   15.2   37.0
G   83.9  157.5  110.1 -177.9    nan    nan    nan   76.8  3.762    nan    nan  -95.6
A  -66.9  -24.7  115.4 -178.5    nan    nan  1.201  101.1  3.814    nan    nan  -88.9
G  -66.8  -22.3  112.7  179.6    nan    nan    nan  103.3  3.671    nan    nan   96.1
N  -78.2  -13.8  112.1 -178.4 -162.1    nan  1.047   96.4  3.769    nan    nan   87.8
V  -95.3  100.5  108.9  179.7 -178.0  -50.9  1.063  109.6  3.818  5.409   56.0   77.1
R -114.9   -8.2  113.1 -178.2  -57.2    nan  1.016   62.1  3.743  5.914  173.9  166.3
S -161.2  166.6  110.5 -179.6   76.5    nan  0.990  161.3  3.844  4.941    1.7   13.6
Y  -76.2  -48.1  112.9  177.2 -173.3    nan  1.115   83.0  3.822  5.368  -97.5  -88.2
A  -64.5  -37.6  117.3 -175.8    nan    nan  1.141   95.1  3.722  5.200   58.7   80.9
R -111.5   16.1  117.5 -177.5  -71.2    nan  1.047   76.6  3.814  4.973   26.6   46.3
M  -49.7  -38.3  114.5 -175.2   69.1    nan  1.136  108.2  3.772  5.975  134.0  152.5
D  -80.1   -9.1  114.4 -175.1  -85.7    nan  1.131   96.1  3.770  5.347   54.7   75.9
I  -71.6  124.5  106.9  178.4  -67.8  178.2  1.054   92.7  3.749  5.713   94.4  103.0
G  107.8  -20.0  115.5 -173.9    nan    nan    nan   81.5  3.664    nan    nan   39.5
T  -81.6  172.6  106.5  174.2   60.6  -60.8  0.955   83.8  3.738    nan    nan   80.3
T  -56.8  125.6  110.0  175.7  -52.2 -172.3  1.038   85.0  3.775  5.151  -64.7  -64.2
H   65.2    8.9  114.8 -178.6  -52.1    nan  1.180  110.8  3.796  5.024   19.2   -1.2
D   55.6   33.4  111.6  179.6  -68.4    nan  1.057  107.7  3.738  5.493 -106.8 -120.3
D -151.1   16.5  115.9 -178.2   68.8    nan  1.033   38.8  3.800  5.173   59.5   67.0
Y  -39.9  -69.2  119.7 -173.2 -163.4    nan  1.424   88.5  3.687  5.901  123.5  165.0
A  -68.5  -37.9  112.7 -177.0    nan    nan  1.042   93.9  3.686  5.188   55.5   58.8
N  -59.3  -46.4  108.3  178.9  -85.9    nan  1.030   99.0  3.791  5.436   76.2   88.4
D  -63.8  -51.0  112.9  177.7 -179.1    nan  1.129   90.4  3.826  5.274   55.5   75.4
V  -57.3  -42.7  113.8  179.1  168.4  -70.1  1.103   99.6  3.724  5.303   64.0   80.1
V  -62.3  -41.4  111.0 -179.7  164.2  -77.8  1.047   98.0  3.746  5.307   67.7   83.4
A  -65.6  -41.0  110.7  179.9    nan    nan  1.083   95.7  3.812  5.375   60.7   80.1
R  -63.7  -40.3  109.8  177.2  -64.3    nan  1.080   98.1  3.802  5.483   68.1   80.1
A  -65.5  -37.0  111.5  179.8    nan    nan  1.069   97.5  3.693  5.262   70.4   81.4
Q  -60.3  -41.5  109.8  179.0  -65.2    nan  1.154  100.2  3.837  5.435   67.6   88.5
Y  -59.5  -51.1  112.0  173.5  175.1    nan  1.041   93.9  3.771  5.504   74.2   80.8
Y  -57.2  -40.5  113.2  179.1  -64.8    nan  1.207  101.3  3.782  5.307   54.6   79.8
K  -55.4  -38.6  109.9 -177.6 -164.8    nan  1.074  105.6  3.733  5.483   83.4   92.9
Q  -71.4  -12.7  111.8  178.3 -141.3    nan  0.872  103.6  3.776  5.161   71.7   75.6
H -114.5   30.1  113.8 -178.5  -67.3    nan  1.110   79.9  3.793  5.040   24.4   62.2
G   82.0   13.4  119.8  175.7    nan    nan    nan   91.2  3.681    nan    nan  -82.0
Y  -91.2    nan  107.9  177.4  -79.1    nan  0.975    nan  3.698    nan    nan  104.7
