Id   phi    psi    tau  omega    chi    chi2  solid    eta  CA-CA  CB-CB  BA^AB  NA^AC
N    nan  -20.0   90.7    nan  130.6    nan  0.694    nan    nan    nan    nan    nan
E  -47.7   23.2  103.5 -179.8   23.3    nan  0.981  133.4  3.800  5.413   99.1  112.9
G   11.2  106.1  106.3 -179.8    nan    nan    nan   71.1  3.800    nan    nan -146.5
D  -92.7 -135.3   94.7 -179.7 -141.9    nan  0.914   88.6  3.800    nan    nan -171.9
A  174.4  -42.3   92.1 -179.7    nan    nan  0.824   42.8  3.800  5.325 -138.0 -137.9
A  -49.6  -50.6   99.3 -179.8    nan    nan  0.884  108.4  3.800  5.398   92.4   87.8
K  -75.0  -34.7  106.7 -179.7  -39.3    nan  1.008   93.1  3.800  5.015   45.1   59.1
G  -58.5  -41.4  116.6 -179.7    nan    nan    nan   97.9  3.800    nan    nan   93.8
E  -76.5  -41.6  107.7 -179.8   81.3    nan  1.010   88.8  3.800    nan    nan   70.7
K  -47.2  -51.7  105.7 -179.7 -126.2    nan  1.000  105.4  3.800  5.442   87.5   95.8
E  -66.7  -28.6  117.5 -179.8 -128.3    nan  1.072   98.3  3.801  5.237   55.2   70.4
F  -43.9  -23.2  102.0 -179.8 -167.3    nan  0.970  127.3  3.799  5.518  106.1  112.0
N  -55.7  -11.0  108.5 -179.8  -70.0    nan  1.021  120.2  3.800  5.631   87.6  104.6
K  -96.3  -12.1  110.4 -179.7 -100.0    nan  1.033   79.6  3.800  5.488   58.6   79.2
C -108.4  -56.5   92.6 -173.7  -30.5    nan  1.008   77.9  4.204  5.878   46.8   66.2
K  -18.2  -47.1  126.0 -170.0 -111.3    nan  1.127  120.9  4.059  5.984  115.0  115.9
A  -58.3  -35.5  114.0 -179.7    nan    nan  0.991  103.1  3.800  5.118   81.1   87.1
C  -92.9  -38.2  101.2  178.4  -66.7    nan  1.062   80.8  4.315  5.772   34.0   56.2
H -114.7  134.7  118.0 -161.6 -107.3    nan  1.120  126.7  3.401  4.488   23.2   52.3
M  -85.0  168.7  105.0  177.9  160.6    nan  0.991   88.0  4.227  6.106 -122.5 -139.4
I -124.4  -64.7   98.0 -179.8 -152.8   81.9  0.934   69.8  3.800  5.583 -135.4 -135.0
Q   35.4  173.6  113.8 -179.8 -131.1    nan  1.051   33.3  3.799  5.344  146.1  149.3
A -136.5 -177.9  101.2 -179.7    nan    nan  0.899  136.1  3.799  5.459 -136.2 -141.5
P  -57.4   -1.5  103.3 -179.7   25.3    nan  0.934  122.2  3.799  4.854  -55.2  -52.8
D -140.6  -59.2  128.6 -179.8  119.0    nan  1.142   42.6  3.799  5.154   12.5   48.2
G -118.7  172.2  107.1 -179.7    nan    nan    nan  120.8  3.800    nan    nan   18.0
T -107.2  113.6  123.3 -179.7   -3.1 -122.7  1.107  126.7  3.799    nan    nan -106.2
D  -83.7  149.9   89.3 -179.7  -18.2    nan  0.866   84.2  3.800  5.897 -145.3 -165.0
I   48.5 -174.3  103.5 -179.8  -51.5 -176.9  0.975   50.1  3.800  5.080   28.3   15.4
K -159.3  128.9   98.8 -179.8  -50.1    nan  0.951  129.0  3.800  5.362 -155.3 -150.9
G -150.9  151.3  120.4 -179.8    nan    nan    nan  152.2  3.800    nan    nan  159.7
G  -35.4  159.7  110.1 -179.8    nan    nan    nan   45.9  3.800    nan    nan  -71.2
K  -98.4    4.9  109.3 -179.8  -51.5    nan  1.026   83.2  3.799    nan    nan -117.7
T  -54.6  -61.4  107.1 -179.8  -49.1 -168.8  0.999   93.8  3.800  5.869  122.1  132.9
G  -96.6  162.7  115.1 -179.7    nan    nan    nan  103.6  3.799    nan    nan   33.2
P  -57.4  176.4  120.2 -179.7   25.4    nan  1.061   59.2  3.800    nan    nan  -73.4
N  -73.0  126.7   97.2 -179.8 -141.6    nan  0.934   85.5  3.799  5.189  -76.6  -76.6
L  -88.1   -7.7  108.4 -179.7  -98.1    nan  1.015   89.5  3.800  6.015 -138.8 -140.4
Y  -75.6  148.3  102.8 -179.7  145.3    nan  0.975   84.3  3.799  5.643   84.2  100.1
G   90.2  -75.0  111.3 -179.7    nan    nan    nan  110.5  3.799    nan    nan   48.3
V   16.9  -99.7  105.1 -179.8  -90.5   39.4  0.994   85.1  3.800    nan    nan  128.0
V  -29.6   96.0  114.7 -179.7   40.2  170.2  1.059   96.5  3.800  4.881   50.8   59.3
G  125.6  -41.9  102.7 -179.8    nan    nan    nan   71.7  3.800    nan    nan   28.3
R  -27.7 -101.6  130.9 -178.9 -154.9    nan  1.249   61.6  3.884    nan    nan  116.0
K  147.2  100.5  108.6 -174.4 -175.4    nan  1.021   89.1  3.831  4.543 -118.8 -114.9
I  -28.3  115.9  113.2 -179.7  -65.6  169.0  1.039   77.5  3.801  5.831  -93.4 -113.0
A   71.1    1.2  125.0 -179.7    nan    nan  1.061  108.2  3.801  4.568   18.6  -11.3
S  -50.5  -91.6  106.2 -179.7  121.2    nan  0.999   76.6  3.800  5.806  122.1  133.1
E    6.2  113.6  114.9 -179.7 -131.0    nan  1.056   63.9  3.800  5.105   99.1  100.3
E  -79.8  155.2  129.3 -179.7  152.0    nan  1.135   95.8  3.801  5.937 -139.0 -145.5
G   70.4   32.4  120.3 -179.8    nan    nan    nan   91.7  3.799    nan    nan   26.6
F -125.6  164.4  103.8 -179.7  168.1    nan  0.983  127.8  3.801    nan    nan   86.9
K  -97.8   78.0  111.3 -179.7 -121.1    nan  1.039  108.9  3.801  5.580 -113.0 -109.9
Y  -62.8  142.3  113.4 -179.8  -89.1    nan  1.053   81.7  3.800  6.101 -160.9 -166.6
G  -65.1  142.4  101.6 -179.8    nan    nan    nan   77.2  3.801    nan    nan -109.1
E  -51.1  -28.1  118.0 -179.8 -113.3    nan  1.076  112.4  3.801    nan    nan  -88.5
G  -69.2  -57.1  117.6 -179.6    nan    nan    nan   80.2  3.800    nan    nan   92.5
I  -53.9  -35.6  103.2 -179.7  174.4   49.0  0.972  111.8  3.799    nan    nan   77.7
L  -59.8  -45.5  116.9 -179.8  -62.6    nan  1.071   94.2  3.801  5.439   75.5   91.1
E  -73.9  -35.1  111.0 -179.8 -162.8    nan  1.097   91.7  3.800  5.076   49.4   70.6
V  -69.1  -44.4  109.1 -179.8  -47.0   83.0  1.023   92.3  3.800  5.426   68.6   82.5
A  -52.1  -42.8   96.8 -179.7    nan    nan  0.864  112.7  3.800  5.503   89.7   87.0
E  -61.1  -47.6  120.5 -179.7  -65.5    nan  1.089   89.9  3.801  5.246   69.0   82.4
K  -66.1  -35.8  103.4 -179.7  -71.3    nan  0.984  101.8  3.800  5.131   65.5   75.2
N -117.0   78.9  110.5 -179.8  -73.4    nan  1.033  102.6  3.800  5.004   12.0   34.5
P  -57.3  -10.9  100.3 -179.8   25.4    nan  0.910  120.1  3.800  6.025 -153.9 -163.4
D  -68.5  -71.7  122.1 -179.7  -36.9    nan  1.107   69.2  3.799  5.644   77.8  108.3
L  -20.7   88.7  135.0 -179.8  -77.3    nan  1.172  105.8  3.800  5.092   93.4  101.7
T -100.0   74.9  111.6 -179.7   56.1  -63.5  1.032  107.8  3.799  5.816  171.3  156.0
W    0.8   73.9  123.4 -179.7  -77.6    nan  1.116  105.7  3.801  5.817  -97.5 -110.7
T  -42.3 -114.8  100.6 -179.8  -43.0 -162.6  0.948   65.0  3.799  5.981 -141.4 -158.5
E -174.9    8.3   99.1 -179.8   34.8    nan  0.949   10.4  3.799  5.087 -118.7 -104.2
A -106.5  -14.4   92.3 -179.7    nan    nan  0.826   73.5  3.800  5.843   75.5   83.1
N  -91.8  -38.3   99.3 -179.7 -101.2    nan  0.951   82.8  3.799  5.318   59.4   75.8
L  -57.5  -48.2  106.6 -179.7  -80.3    nan  1.003  100.2  3.800  5.467   71.8   87.5
I  -54.2  -49.5  110.4 -179.8  -52.5 -177.9  1.021   99.5  3.799  5.362   72.8   83.7
E  -63.3  -70.3  109.6 -179.8 -108.7    nan  1.023   82.5  3.800  5.232   63.5   74.8
Y  -29.6  -85.8  111.3 -179.8 -170.6    nan  1.039   83.4  3.799  5.110   80.3   87.6
V  -39.4  -36.4  116.6 -179.7  -41.9   88.0  1.072  117.0  3.798  4.926   54.5   66.0
T  -44.2  -68.9  100.5 -179.8  -60.4 -180.0  0.946   98.0  3.800  5.417   95.9  104.3
D -157.1   93.5  101.8 -179.7 -178.8    nan  0.970   97.8  3.800  4.818  -62.3  -41.6
P  -57.5  -25.3  132.4 -179.7   25.4    nan  1.135  104.1  3.800  6.014 -139.1 -138.8
K  -65.1  -52.4  104.4 -179.8  108.9    nan  0.991   94.5  3.801  5.381   85.1   97.6
P  -57.4   -0.9  119.4 -179.8   25.4    nan  1.055  122.2  3.799  5.097   63.0   78.4
L -114.7  -64.8   94.0 -179.0  146.2    nan  0.949   76.4  3.870  5.629   48.6   66.8
V  -65.7  150.7   83.8 -176.6   91.6 -138.5  0.815   66.0  3.784  5.128   43.8   49.4
K   87.5 -150.5   89.9 -179.7   75.1    nan  0.879   87.8  3.802  5.085   62.2   58.0
K   32.9  -72.5  103.9 -179.7  116.5    nan  0.987  112.1  3.801  4.907   66.0   63.2
M  -53.8  -25.8  125.9 -179.7  -59.3    nan  1.122  109.0  3.800  5.044   49.4   64.5
T  -97.1  -42.8   95.1 -179.8   77.4  -42.2  0.901   81.3  3.800  5.056   50.8   62.9
D  100.3  -18.4  100.6 -179.7  -89.0    nan  0.961   83.5  3.800  5.293 -138.9 -126.0
D  -71.1  109.3  105.8 -179.7  140.7    nan  0.999   97.8  3.800  5.606   74.5   94.1
K  -75.3  137.9  106.0 -179.7  -45.5    nan  1.004   89.4  3.801  6.056 -140.3 -148.9
G  106.3   52.3   99.4 -179.8    nan    nan    nan   72.8  3.799    nan    nan   55.1
A  -48.3  -96.5  102.5 -179.7    nan    nan  0.909   76.4  3.798    nan    nan -175.2
K  136.8  -63.5  107.2 -179.8 -123.6    nan  1.012   81.7  3.800  4.863 -144.2 -139.1
T   57.8  169.4  109.1 -179.8  -60.0 -162.9  0.964   54.9  3.800  5.249  179.7  175.2
K -130.6   -4.9   99.0 -179.7  -69.4    nan  0.951   48.8  3.800  5.369 -144.9 -140.6
M -105.2  124.6  111.2  179.1  158.9    nan  1.040  115.9  3.704  5.306   48.6   74.5
T -119.1   -4.4  110.9 -176.6 -151.2   89.1  1.025   59.4  3.825  5.921 -173.5 -171.6
F  -59.8  146.2  102.2 -179.7 -149.2    nan  0.971   71.6  3.800  5.784  103.8  118.1
K -129.8  131.4   91.7 -179.7  -56.1    nan  0.895  116.1  3.802  5.783 -162.9 -166.7
M -131.8   98.9  107.4  179.0 -116.2    nan  1.008  108.9  3.826  5.944  177.3 -177.9
G -109.7   16.5  128.1 -179.7    nan    nan    nan   80.9  3.801    nan    nan  174.8
K -111.9  -40.7  118.5 -179.7 -142.8    nan  1.084   55.1  3.800    nan    nan   90.5
N -131.3   61.1  121.1 -179.8  -61.7    nan  1.100   91.2  3.802  4.709    0.2   21.6
Q  -55.8  -62.9  129.7 -179.8  -78.2    nan  1.148   77.6  3.801  6.062 -171.5 -174.4
A  -66.7  -32.0  108.2 -179.7    nan    nan  0.950  100.6  3.801  4.908   57.8   66.1
D  -48.4  -50.2  102.1 -179.7 -104.8    nan  0.973  107.7  3.800  5.421   91.8  103.0
V  -70.7  -51.4  122.4 -179.7  139.7  -90.3  1.108   79.0  3.801  5.202   46.9   68.6
V  -51.3  -40.6   99.6 -179.7  153.3  -76.7  0.952  113.0  3.801  5.160   77.3   85.8
A  -43.0  -73.8  105.5 -179.7    nan    nan  0.930   91.7  3.800  5.561   94.2   98.8
F  -43.5  -45.7  116.6 -179.7 -178.4    nan  1.071  106.6  3.800  4.879   58.8   71.1
L  -75.3  -16.7  112.6 -179.7 -108.0    nan  1.044   97.8  3.800  5.141   52.9   69.5
A  -67.8  -64.3   93.3 -179.7    nan    nan  0.834   96.7  3.800  5.765  101.0   97.1
Q  -37.9  -50.3  125.2 -179.7  169.7    nan  1.122  103.3  3.800  4.993   73.3   82.5
D  -59.3  -33.2  114.7 -179.7 -103.1    nan  1.061  103.3  3.799  5.119   69.0   83.4
D  -98.2   83.5   97.0 -179.8   19.4    nan  0.931   95.9  3.800  5.123   38.2   54.0
P  -57.3  -15.6  119.8 -179.7   25.3    nan  1.058  114.0  3.800  6.098 -153.3 -149.9
D  -87.6  119.7  114.2 -179.7  -76.1    nan  1.057  109.6  3.801  5.387   62.9   85.5
A -148.5   -2.2   84.4 -179.7    nan    nan  0.758   31.8  3.801  5.943  167.9  141.2
X   53.3   24.8  120.7 -179.7    nan    nan    nan  111.8  3.800    nan    nan -134.6
X   88.7  -39.5  101.8 -179.7    nan    nan    nan   98.4  3.800    nan    nan  -72.5
X -158.5  -95.3  109.9 -179.8    nan    nan    nan   87.8  3.800    nan    nan  -14.0
X -120.4 -115.3  171.1 -179.7    nan    nan    nan   56.4  3.801    nan    nan   56.5
X  136.3   10.1  120.6 -179.7    nan    nan    nan   39.4  3.800    nan    nan  -77.5
X  175.0  -84.8  127.8 -179.8    nan    nan    nan   87.9  3.801    nan    nan    2.3
X  119.7  -62.2  126.6 -179.8    nan    nan    nan  103.1  3.801    nan    nan -141.9
X  -29.9  107.2  112.0 -177.5    nan    nan    nan   85.5  3.769    nan    nan  102.0
X  -20.2  143.9  122.7 -177.7    nan    nan    nan   49.6  3.693    nan    nan  -99.3
X   85.6  -41.1  103.8 -179.8    nan    nan    nan  102.3  3.800    nan    nan   34.3
X -101.8 -166.1  104.6 -179.7    nan    nan    nan   98.0  3.800    nan    nan   43.0
X  120.8   52.5  103.5 -179.8    nan    nan    nan   61.9  3.801    nan    nan  133.2
X -149.0    nan  105.6 -179.8    nan    nan    nan    nan  3.800    nan    nan   84.9
