Id   phi    psi    tau  omega    chi    chi2  solid    eta  CA-CA  CB-CB  BA^AB  NA^AC
M    nan  151.6  107.9    nan  169.1    nan  0.968    nan    nan    nan    nan    nan
N -154.4  178.3  108.1  177.8   59.1    nan  1.024  154.9  3.760  5.601  172.0  174.8
I  -52.9  -40.6  115.6 -177.3 -171.6   63.8  1.216  103.5  3.801  5.240  -60.8  -49.0
F  -64.7  -50.0  112.8 -179.7  -66.9    nan  1.119   90.4  3.768  5.549   69.6   83.8
E  -66.1  -37.2  110.0  179.9  -69.8    nan  0.940   97.7  3.723  5.243   71.0   72.4
M  -64.0  -49.5  110.3 -178.8  176.4    nan  0.970   92.7  3.706  5.114   73.2   86.7
L  -66.7  -30.7  112.5  179.5  -81.2    nan  1.077   99.3  3.829  5.196   50.0   71.9
R  -61.8  -36.3  110.6  177.7  170.2    nan  1.110  101.4  3.807  5.527   75.0   92.3
I  -71.3  -44.9  109.8  177.3  -79.1  156.5  1.082   90.1  3.780  5.436   61.8   77.2
D  -69.3  -34.9  116.0  179.7  -77.3    nan  1.117   93.1  3.828  5.346   57.3   74.6
E  -99.4  -26.6  115.8 -175.8  -55.0    nan  1.096   70.2  3.789  5.106   38.6   60.2
G   77.5 -168.4  109.2 -176.5    nan    nan    nan   81.5  3.805    nan    nan -128.4
L -144.0  127.3  109.4  176.3  162.6    nan  0.988  130.2  3.815    nan    nan -126.4
R -137.5  134.2  107.7  179.5  -67.3    nan  1.050  131.4  3.789  5.768  166.1  166.3
L  -95.4   -4.1  116.4 -175.9  -58.1    nan  1.142   82.8  3.759  5.774 -137.4 -139.0
K -120.1  152.1  109.0  173.7  -23.2    nan  1.009  125.1  3.736  5.491   48.3   57.4
I  -51.2  137.4  109.5  179.0  -64.3  173.2  1.021   73.4  3.754  5.170  -70.0  -82.5
Y -146.0  167.3  106.4  178.5   62.5    nan  1.027  147.5  3.816  5.732  169.1  169.2
K  -95.7  136.1  110.9  177.4  -65.5    nan  1.072  108.6  3.756  5.472 -111.2 -105.2
D  -77.5 -171.9  111.9 -178.9   77.2    nan  1.180   74.6  3.784  5.696 -125.1 -122.4
T  -65.7  -17.0  111.4 -177.5   74.1  -42.1  1.073  107.2  3.843  5.221  -46.3  -49.8
E  -98.4    0.1  113.8  178.9  -55.5    nan  1.113   81.6  3.794  5.441   51.0   72.2
G   87.0   17.2  112.0 -179.0    nan    nan    nan   86.5  3.823    nan    nan  -97.0
Y -100.4  145.5  112.1 -179.6  -51.7    nan  1.045  111.0  3.829    nan    nan  103.8
Y  -63.6  125.5  111.0 -179.6  -72.5    nan  1.007   90.2  3.714  5.232  -87.1 -103.0
T -140.3  165.0  110.0 -176.1  -58.9 -177.7  0.943  143.1  3.700  5.654  176.4  160.4
I -151.0  164.7  109.7  174.0 -165.6   69.0  1.030  152.5  3.770  5.593 -177.0 -166.7
G   71.1 -130.8  112.4  171.4    nan    nan    nan   93.6  3.826    nan    nan   42.9
I -105.2   73.5  110.0  178.8  -61.9 -179.6  1.033  104.0  3.772    nan    nan  -41.6
G   70.7   25.2  115.0  179.0    nan    nan    nan   97.4  3.740    nan    nan  -48.2
H  -80.8  103.2  112.1  179.9 -176.5    nan  1.059  108.9  3.828    nan    nan  128.3
L  -65.8  132.4  110.4 -178.0  172.1    nan  1.034   87.6  3.862  6.108 -134.6 -144.2
L  -94.5  -48.5  111.4 -179.3  -69.0    nan  1.104   71.0  3.743  5.856 -144.7 -141.5
T -167.3  155.2  108.7 -176.8 -172.7   59.7  0.996  156.2  3.762  4.617  -35.9  -28.5
K  -95.6   -3.8  110.6  176.4  -63.4    nan  1.134   83.1  3.793  5.609 -129.5 -123.1
S  -71.0  142.1  109.8  176.7  159.4    nan  1.062   86.6  3.824  5.905   94.6  106.8
P  -72.8   -5.5  114.2 -177.5  -21.6    nan  0.957  104.9  3.712  5.349  -92.9 -112.4
S  -95.2  123.8  116.9 -175.7  169.1    nan  1.086  115.1  3.714  5.191   61.5   90.9
L  -64.4  -29.2  113.6 -179.6  178.8    nan  1.059  101.6  3.789  5.709 -111.8 -128.3
N  -74.3  -42.7  109.5  178.4  -66.6    nan  0.973   88.9  3.714  5.389   73.1   82.5
A  -55.7  -42.7  106.9  176.9    nan    nan  1.007  104.6  3.648  5.117   74.4   85.1
A  -64.8  -41.0  112.9  179.7    nan    nan  1.028   95.2  3.846  5.396   65.3   79.3
K  -65.2  -33.3  109.6  179.7  -94.5    nan  0.966  100.6  3.773  5.326   74.2   81.2
S  -71.5  -41.1  113.4  179.8  153.0    nan  1.226   89.5  3.672  5.086   51.3   83.1
E  -66.7  -35.2  106.2  177.8  -75.7    nan  0.920  100.1  3.763  5.594   81.3   77.3
L  -62.9  -46.6  113.0  179.8  177.7    nan  1.068   93.4  3.790  5.337   71.1   88.7
D  -61.9  -36.3  113.9 -178.6  -66.6    nan  1.097   99.7  3.803  5.234   63.6   81.8
K  -63.9  -39.6  110.7  176.6  167.0    nan  1.058   97.9  3.836  5.413   67.7   83.9
A  -70.0  -37.9  114.8  177.5    nan    nan  1.107   91.6  3.843  5.354   55.9   76.7
I  -90.7  -28.1  113.2 -177.0  -54.9 -177.7  1.035   78.6  3.892  5.257   46.0   63.2
G   85.4   34.2  110.6  178.6    nan    nan    nan   82.5  3.733    nan    nan -126.4
R -166.9  170.5  109.6  179.1   88.8    nan  1.055  166.7  3.768    nan    nan   46.8
N  -81.2   99.3  108.4  179.8 -124.4    nan  1.044  106.5  3.761  5.317  -87.1  -88.3
T  -89.1  -30.1  113.1 -175.3   65.4  -56.7  1.020   79.4  3.682  5.958 -160.5 -165.7
N   65.4   33.5  109.5 -174.2 -162.4    nan  1.077  100.4  3.728  5.321 -144.4 -142.3
G   74.3   10.2  119.6  177.6    nan    nan    nan  100.5  3.881    nan    nan  -83.9
V -131.5  142.5  107.9  179.4  179.0  -60.3  1.031  131.8  3.763    nan    nan   62.8
I -134.4  170.3  106.7  179.6   62.3  -60.1  1.017  136.4  3.792  5.742 -170.7 -172.9
T  -95.3  173.2  109.5  177.7   73.5  -49.3  0.981   97.6  3.688  5.305 -100.8 -102.3
K  -59.9  -48.3  112.2  177.8 -161.4    nan  1.089   95.1  3.828  5.161  -68.9  -65.8
D  -60.3  -39.2  111.3  178.6  -60.8    nan  0.979  100.6  3.778  5.356   74.8   78.4
E  -66.4  -39.6  109.7  179.7  -83.7    nan  0.985   96.4  3.816  5.241   69.9   81.5
A  -60.6  -47.4  109.1  178.2    nan    nan  1.006   97.1  3.808  5.332   71.6   84.6
E  -62.9  -34.4  112.1 -178.8  -88.1    nan  1.085  100.7  3.776  5.164   59.2   78.4
K  -67.6  -45.4  112.5  179.0 -173.4    nan  1.062   90.9  3.702  5.361   69.7   85.2
L  -57.0  -40.9  109.2  174.9  -69.4    nan  0.964  103.3  3.810  5.419   77.7   80.9
F  -59.2  -49.9  112.2 -179.4 -172.7    nan  1.075   94.7  3.779  5.195   69.8   87.2
N  -53.6  -43.6  112.7  177.1  -72.6    nan  1.118  102.5  3.803  5.404   67.1   82.3
Q  -66.1  -41.6  111.2 -179.8  -63.3    nan  0.982   94.8  3.795  5.400   73.4   78.7
D  -63.0  -40.9  112.7  179.7  -72.7    nan  1.111   96.8  3.772  5.196   62.1   82.9
V  -69.7  -45.5  110.6  179.2  175.0  -62.6  1.116   90.4  3.792  5.393   58.2   77.1
D  -55.9  -45.2  111.0  178.2 -169.3    nan  1.025  100.6  3.801  5.376   72.6   84.2
A  -63.3  -37.7  114.0  179.8    nan    nan  1.068   97.6  3.798  5.338   59.3   79.9
A  -62.5  -47.1  108.2  179.7    nan    nan  1.060   96.4  3.804  5.421   71.9   86.3
V  -60.5  -51.6  109.8  179.4  173.6  -67.0  1.067   94.3  3.802  5.393   65.6   78.8
R  -61.4  -36.2  111.7 -176.7  -96.9    nan  1.195  101.2  3.732  5.156   50.9   77.7
G  -66.5  -37.4  112.0  178.0    nan    nan    nan   96.2  3.744    nan    nan   83.4
I  -62.4  -43.8  109.1  178.1  -81.8  158.8  1.007   97.7  3.814    nan    nan   85.3
L  -66.5  -22.9  114.1 -176.4  -54.4    nan  1.244  102.8  3.816  5.206   48.2   80.5
R  -94.3   -7.9  111.4  179.0  -77.4    nan  0.988   82.8  3.807  5.610   65.3   69.5
N  -92.4  123.9  112.3 -176.7 -173.4    nan  1.141  109.8  3.778  5.314   59.3   89.7
A  -67.6  -23.2  113.7 -176.8    nan    nan  1.066  101.7  3.712  5.802 -110.0 -124.2
K  -86.9  -29.3  110.7  179.7  -79.8    nan  0.992   82.8  3.720  5.313   64.6   77.6
L  -90.3  -37.8  117.3 -177.5  -56.4    nan  1.102   73.4  3.742  5.070   46.1   72.7
K  -51.6  -46.7  116.1 -175.2 -173.0    nan  1.101  100.1  3.732  5.356   85.0  103.6
P  -64.7  -32.2  111.6 -176.8   -9.1    nan  0.984  100.6  3.765  5.308   68.4   80.7
V  -67.4  -51.3  110.4  178.5  178.8  -57.6  1.063   89.4  3.659  5.253   66.1   86.6
Y  -55.2  -42.5  111.0 -179.6 -176.7    nan  0.956  102.9  3.749  5.141   73.9   81.3
D  -64.8  -31.7  112.8 -179.5  -80.3    nan  1.059  100.2  3.777  5.186   58.9   81.2
S  -76.1  -17.7  115.3 -179.3   77.4    nan  1.051   95.9  3.742  5.270   65.5   81.9
L  -86.8  157.6  117.3 -174.8  -63.4    nan  1.069   97.0  3.791  5.339   67.2   89.0
D  -78.0  170.1  109.0  172.6   59.0    nan  0.988   81.3  3.783  5.346  -95.7 -106.8
A  -60.2  -38.2  117.6 -174.8    nan    nan  1.297   98.2  3.859  5.383  -83.0  -63.2
V  -66.9  -46.8  112.0  178.7 -178.9  -61.2  1.099   91.0  3.738  5.532   73.4   83.2
R  -69.7  -30.2  112.2 -177.0  -71.9    nan  1.062   97.0  3.766  5.255   57.1   74.9
R  -57.4  -40.5  108.6  175.7  -87.2    nan  0.993  103.6  3.802  5.643   87.4   94.7
A  -60.4  -37.9  110.2  177.7    nan    nan  1.059  101.8  3.827  5.317   68.2   83.4
A  -65.5  -37.0  112.0  177.7    nan    nan  1.020   97.3  3.831  5.555   72.7   82.4
L  -68.1  -40.5  109.4  179.5 -174.3    nan  1.053   94.8  3.794  5.320   67.2   81.5
I  -61.8  -43.5  111.1  178.4  -64.7  169.7  1.064   97.1  3.763  5.420   69.6   83.5
N  -56.7  -48.1  108.8 -177.7 -169.5    nan  0.964   99.6  3.800  5.347   79.7   88.1
M  -59.9  -42.7  111.8  180.0  -65.8    nan  1.076   98.7  3.693  5.262   61.1   79.7
V  -66.9  -34.3  109.9 -178.6  168.3  -71.2  1.041   98.5  3.880  5.427   68.8   79.3
F  -60.7  -42.6  109.3  179.8 -173.3    nan  0.987   99.5  3.770  5.393   80.2   90.7
Q  -75.2  -47.9  115.5 -177.4  178.0    nan  1.120   82.1  3.770  5.134   46.6   73.1
M -108.4   -4.9  118.9 -173.0   65.8    nan  1.352   69.3  3.777  4.816    1.5   41.7
G   78.1  156.4  108.0 -179.8    nan    nan    nan   71.9  3.691    nan    nan -111.1
E  -61.2  -36.3  115.2 -175.1 -157.7    nan  0.970   99.7  3.620    nan    nan  -84.4
T  -70.3  -43.9  109.5  179.6  -46.9 -167.9  0.994   91.4  3.703  5.152   60.7   81.0
G  -54.5  -49.8  109.7  179.2    nan    nan    nan   99.5  3.771    nan    nan   87.1
V  -69.0  -37.1  112.8 -177.9  179.1  -58.4  1.078   93.9  3.804    nan    nan   71.5
A  -58.0  -22.8  107.6 -179.3    nan    nan  1.131  112.9  3.787  5.429   69.6   91.6
G  -68.6  -14.5  117.0  175.3    nan    nan    nan  104.3  3.867    nan    nan   91.5
F  -91.6   41.7  107.5  179.3  -73.4    nan  1.014  100.3  3.888    nan    nan   79.0
A  -46.8  -46.7  115.6 -177.8    nan    nan  1.114  103.9  3.738  6.154  167.8  178.3
N  -65.5  -42.9  113.8  179.8  -57.9    nan  1.160   93.1  3.754  5.292   57.2   77.5
S  -65.9  -39.1  109.8  178.8  -59.7    nan  0.950   97.1  3.799  5.482   79.1   78.4
L  -58.3  -43.2  111.4  179.9  -62.4    nan  1.059   99.9  3.839  5.324   74.0   89.1
A  -62.9  -40.5  110.5  179.8    nan    nan  1.000   98.3  3.762  5.274   72.1   81.3
M  -66.0  -40.7  111.9  178.9  -67.0    nan  1.098   94.9  3.735  5.292   59.9   80.4
L  -63.9  -40.0  108.0  179.3  -74.2    nan  0.985   99.1  3.738  5.394   76.1   81.9
Q  -64.6  -33.3  112.6 -178.9 -161.5    nan  0.964   99.7  3.726  5.248   73.2   83.8
Q  -83.7    1.8  113.0 -179.9  -60.8    nan  1.024   97.0  3.713  5.099   50.4   72.8
K   66.1   31.0  116.9 -179.9  -45.3    nan  1.284   97.7  3.773  5.577 -128.3 -118.0
R  -96.0   80.4  105.3  176.3  -73.1    nan  0.936  104.0  3.829  6.018  125.0  113.1
W  -57.8  -47.9  117.3 -173.2  -40.3    nan  1.269   94.0  3.828  6.248 -174.8 -151.6
D  -67.6  -41.5  112.2 -179.5  -74.3    nan  1.104   93.1  3.791  5.416   63.1   75.1
E  -65.5  -37.8  112.5  178.2  -62.4    nan  1.003   96.6  3.737  5.429   70.0   80.2
A  -64.6  -39.0  110.3 -178.8    nan    nan  1.022   97.8  3.753  5.275   70.0   86.2
A  -62.8  -40.7  110.5 -177.5    nan    nan  1.029   98.3  3.756  5.263   71.3   86.9
V  -65.7  -45.7  110.4  178.1  166.7  -74.7  1.067   93.5  3.703  5.273   61.6   79.6
N  -65.6  -38.4  112.1 -179.3 -171.4    nan  1.033   96.4  3.796  5.343   64.1   77.5
L  -60.5  -29.8  111.3 -179.4  -78.1    nan  1.009  105.7  3.800  5.488   78.2   89.0
A  -72.5  -19.7  113.2 -176.7    nan    nan  1.186   99.0  3.775  5.251   58.9   87.8
K  -87.3   69.3  110.1  178.2  -50.1    nan  1.038  109.7  3.840  5.764   67.0   78.9
S -153.2  155.6  107.3 -174.4   63.1    nan  0.960  150.3  3.729  5.460  101.3   97.9
R  -57.1  -42.6  107.3  174.4  176.3    nan  0.927  103.4  3.781  5.301  -74.0  -86.5
W  -44.0  -53.2  112.1  177.5  173.2    nan  1.064  102.8  3.861  5.352   81.7   96.8
Y  -69.3  -37.8  113.3 -178.6 -179.9    nan  0.965   93.0  3.775  5.067   59.3   68.2
N  -70.8  -31.3  112.1 -179.6  -74.6    nan  1.078   95.5  3.791  5.166   55.3   80.2
Q  -83.0  -41.7  115.0  179.3  -58.7    nan  1.131   79.2  3.878  5.539   51.9   74.3
T -130.5   72.7  106.2  179.9   53.7  -62.3  1.011   90.6  3.768  4.860    3.2   17.2
P  -62.3  -41.7  115.6 -176.5   15.1    nan  1.024   95.3  3.728  6.080 -162.6 -166.4
N  -65.8  -41.4  113.4 -177.7  -69.9    nan  1.117   93.9  3.809  5.273   59.3   84.0
R  -67.8  -48.5  109.0  177.4 -174.1    nan  0.975   91.4  3.756  5.401   70.9   76.5
A  -53.2  -45.4  112.5  179.7    nan    nan  1.126  101.7  3.745  5.150   66.1   85.3
K  -61.2  -36.3  110.4 -179.9  -62.5    nan  1.044  102.0  3.838  5.509   71.9   81.2
R  -64.3  -42.6  112.2 -179.9  -67.9    nan  1.090   95.0  3.726  5.393   72.3   87.3
V  -69.8  -41.4  109.9 -177.2  172.2  -63.5  1.051   92.8  3.811  5.269   62.9   77.7
I  -60.1  -43.8  112.1  178.2  -73.5  168.6  1.099   97.7  3.794  5.409   66.7   84.4
T  -62.1  -36.7  110.9 -180.0  -67.6  171.7  1.023  100.8  3.822  5.417   71.9   82.0
T  -63.2  -43.1  109.8  178.6  -57.9 -175.9  1.025   97.0  3.742  5.294   70.5   85.5
F  -69.7  -37.0  110.7  178.4  -86.1    nan  0.949   94.5  3.843  5.396   65.6   73.7
R  -62.9  -48.3  114.8  177.8 -156.0    nan  1.120   91.4  3.799  5.291   65.9   86.1
T  -95.3  -28.5  117.8 -176.0   63.5  -55.9  1.126   72.4  3.818  5.032   32.3   52.3
G   75.6   17.9  111.5 -174.8    nan    nan    nan   97.3  3.772    nan    nan -131.3
T -127.2  175.0  107.4  177.5   63.8  -59.4  0.901  128.5  3.810    nan    nan   73.5
W  -98.8   18.0  110.7  179.3  -66.9    nan  0.966   87.9  3.753  5.217 -104.9  -99.6
D  -52.9  -33.3  118.5 -176.2  -69.3    nan  1.139  107.3  3.731  5.880  133.9  153.0
A  -72.2  -17.1  108.7 -175.8    nan    nan  1.021  101.7  3.837  5.430   73.3   86.0
Y -100.4   -5.6  112.9 -179.1  -70.4    nan  1.128   77.5  3.747  5.378   42.4   71.6
K  -94.2    nan  112.3  177.9  -59.1    nan  1.134    nan  3.852  5.671   66.4   85.4
