Id   phi    psi    tau  omega    chi    chi2  solid    eta  CA-CA  CB-CB  BA^AB  NA^AC
M    nan  153.2  107.1    nan  179.8    nan  0.968    nan    nan    nan    nan    nan
N -155.1  173.0  104.5  176.8   61.6    nan  1.029  155.9  3.788  5.638  169.1  175.3
I  -49.6  -42.6  114.2  179.8 -173.0   66.3  1.201  105.4  3.737  5.262  -59.6  -54.8
F  -67.9  -40.5  112.4 -179.9  -73.2    nan  1.027   93.3  3.796  5.532   71.7   78.8
E  -69.3  -38.0  109.8 -180.0  -74.9    nan  0.977   94.8  3.721  5.235   67.5   77.8
M  -60.6  -47.1  113.9  178.0 -172.5    nan  1.014   94.3  3.686  5.148   74.7   87.3
L  -71.3  -32.6  113.3 -179.8  -79.6    nan  1.103   93.9  3.761  5.099   46.4   71.7
R  -63.3  -33.1  108.7 -179.6  165.8    nan  0.988  102.7  3.716  5.345   79.7   91.2
I  -72.6  -44.1  112.3  176.6  -74.5  164.5  1.076   87.8  3.746  5.370   55.7   79.2
D  -69.5  -33.1  112.3 -179.3  -76.8    nan  1.048   95.7  3.829  5.300   61.6   75.7
E  -99.1  -25.5  117.7 -177.3  -55.1    nan  1.121   70.1  3.784  5.087   33.0   61.8
G   76.7 -177.2  109.8 -176.4    nan    nan    nan   77.7  3.819    nan    nan -128.1
L -136.9  126.4  109.7  177.5  165.5    nan  1.113  128.2  3.806    nan    nan -129.1
R -136.2  125.7  109.4  180.0  -51.7    nan  1.051  127.4  3.817  5.780 -179.8  164.4
L  -95.6   -0.4  113.5 -173.9  -65.9    nan  1.077   84.2  3.685  5.756 -141.7 -148.9
K -129.0  141.7  108.3  177.7  120.7    nan  1.138  130.2  3.661  4.939   26.0   54.8
I  -42.7  132.5  112.4 -177.5  -69.5  171.5  1.089   72.2  3.908  5.812  -64.4  -83.3
Y -145.5  173.1  106.8 -179.8   67.2    nan  1.058  146.9  3.777  5.679  167.4  164.5
K -103.2  130.9  109.3  178.9  -70.4    nan  1.021  113.2  3.750  5.387 -107.0 -106.3
D  -77.1 -179.1  110.3 -178.4   80.5    nan  1.129   76.7  3.735  5.707 -127.6 -129.0
T  -56.6  -27.1  113.8 -176.2   75.7  -42.8  1.121  109.7  3.853  5.319  -48.4  -48.8
E  -87.3   -4.1  113.6  178.9  -51.6    nan  1.106   91.0  3.833  5.522   55.9   73.3
G   94.8   10.6  109.6  180.0    nan    nan    nan   81.7  3.711    nan    nan  -95.6
Y  -99.6  147.1  115.4  178.1  -52.7    nan  1.058  111.7  3.889    nan    nan   98.0
Y  -68.8  126.0  112.0  178.3  -70.8    nan  1.018   94.0  3.762  5.269  -95.9 -106.7
T -136.7  167.8  109.8 -176.4  -53.0 -177.4  0.943  139.5  3.737  5.721 -178.1  162.1
I -153.8  161.6  108.8  174.1 -162.8   73.2  1.070  153.7  3.703  5.516  179.1 -166.4
G   75.4 -136.2  111.9  172.5    nan    nan    nan   93.9  3.812    nan    nan   43.8
I -104.9   75.7  106.6 -179.6  -55.2 -172.6  0.969  101.8  3.750    nan    nan  -47.3
G   64.1   32.7  115.2  179.8    nan    nan    nan   99.2  3.718    nan    nan  -50.0
H  -84.5  107.0  110.8  177.9 -176.2    nan  1.041  108.1  3.740    nan    nan  130.1
L  -66.4  131.5  113.2  178.7  170.0    nan  1.031   90.3  3.868  6.073 -132.1 -142.4
L  -95.2  -48.6  110.8 -179.3  -73.5    nan  1.021   71.0  3.711  5.730 -142.2 -143.9
T -161.3  157.9  111.6 -177.2 -172.2   65.2  1.049  157.2  3.686  4.509  -39.6  -21.8
K  -98.6   -3.9  108.7  175.2  -68.7    nan  1.001   80.2  3.687  5.452 -119.1 -122.6
S  -70.3  147.7  110.2  177.7  149.7    nan  1.086   83.6  3.779  5.731   90.1  109.3
P  -81.5    6.3  114.6 -177.3    6.9    nan  1.008  101.0  3.778  5.491 -101.4 -112.2
S  -99.6  126.7  114.3 -178.7  162.1    nan  1.037  115.2  3.742  5.475   72.2   94.0
L  -65.5  -35.4  110.2  177.8 -169.8    nan  1.061   99.0  3.727  5.712 -117.2 -126.5
N  -64.5  -34.6  111.0 -179.6  -60.1    nan  1.056   99.8  3.733  5.608   73.5   87.9
A  -65.1  -39.9  109.2 -179.3    nan    nan  1.107   97.6  3.618  5.261   70.1   87.7
A  -61.4  -45.1  110.0 -179.5    nan    nan  0.996   97.1  3.768  5.461   78.0   85.8
K  -61.7  -38.5  112.6 -178.8  -72.9    nan  0.996   99.2  3.765  5.226   70.2   81.9
S  -64.5  -38.7  110.0 -179.7  171.4    nan  0.979   98.2  3.666  5.014   71.3   84.6
E  -68.5  -42.5  108.4  178.6  -71.6    nan  1.009   94.1  3.718  5.362   62.2   78.6
L  -58.4  -41.5  111.3 -178.8  174.7    nan  1.003  100.8  3.715  5.226   78.4   86.8
D  -62.1  -43.9  114.5 -180.0  -70.1    nan  1.093   94.8  3.800  5.357   64.4   84.9
K  -61.0  -40.5  110.6  177.7  164.9    nan  0.959   99.7  3.691  5.115   73.7   81.3
A  -70.6  -33.1  115.6 -178.8    nan    nan  1.008   93.2  3.794  5.202   58.3   79.3
I  -89.6  -35.9  111.7 -176.9  -62.8 -179.0  1.068   77.8  3.852  5.173   45.2   68.1
G   95.5   19.7  110.9  179.4    nan    nan    nan   77.9  3.683    nan    nan -125.0
R -157.3  169.7  108.2  177.9   77.7    nan  1.062  158.3  3.756    nan    nan   44.1
N  -78.6  104.5  107.5  178.6 -124.5    nan  0.967  103.6  3.765  5.244  -79.8  -87.7
T  -93.7  -20.4  116.2 -172.6   68.0  -56.8  1.085   77.7  3.789  6.084 -168.7 -162.1
N   59.5   20.9  114.6 -172.2 -133.9    nan  1.393  110.2  3.684  5.570 -144.4 -139.0
G   79.4    7.7  116.7  175.0    nan    nan    nan   97.0  3.913    nan    nan  -92.7
V -125.0  137.4  112.2  179.2 -177.0  -60.0  1.017  129.2  3.694    nan    nan   67.5
I -131.0  170.2  109.9 -180.0   54.4  -71.0  1.050  133.7  3.762  5.707 -177.0 -173.8
T  -94.7  174.0  110.3  178.2   72.8  -46.9  1.014   96.8  3.627  5.222 -102.3 -100.1
K  -63.4  -47.8  113.6  178.5 -169.8    nan  1.104   92.1  3.738  5.099  -70.9  -66.8
D  -54.3  -41.0  109.5  176.1 -104.1    nan  0.876  105.2  3.783  5.342   87.3   82.3
E  -66.4  -42.5  110.5 -179.2  -75.2    nan  1.029   94.5  3.848  5.085   60.2   80.3
A  -63.1  -39.8  107.7 -179.6    nan    nan  1.054  100.0  3.829  5.337   63.8   81.1
E  -69.9  -27.9  113.3  179.4  -67.8    nan  1.183   97.4  3.772  5.514   52.0   77.9
K  -74.5  -38.5  110.5  178.8 -176.1    nan  0.953   90.0  3.739  5.502   85.0   84.4
L  -61.9  -35.9  111.2  175.2  -69.9    nan  0.969  101.2  3.741  5.232   71.3   83.2
F  -64.6  -48.5  111.9 -179.7 -173.9    nan  1.061   91.8  3.813  5.230   66.0   86.8
N  -58.6  -41.7  111.8  178.7  -76.5    nan  0.993  100.2  3.768  5.327   70.5   80.0
Q  -62.8  -40.0  109.3 -179.2  -76.0    nan  1.003   99.3  3.751  5.289   69.7   83.4
D  -69.9  -39.0  112.1 -176.6  -69.2    nan  1.106   92.5  3.781  5.244   58.3   80.5
V  -66.4  -44.9  107.8  178.9  167.8  -73.6  1.017   94.9  3.788  5.417   69.4   80.7
D  -56.2  -42.1  112.6  179.8 -161.9    nan  1.082  101.5  3.792  5.293   65.5   85.6
A  -68.1  -40.8  113.4  179.9    nan    nan  1.072   92.4  3.756  5.372   59.8   78.5
A  -61.0  -44.1  105.7  178.8    nan    nan  1.000  100.6  3.786  5.339   74.3   83.7
V  -59.3  -49.7  110.8  178.0  178.8  -62.1  1.084   95.6  3.898  5.527   64.8   81.0
R  -65.3  -35.4  114.2 -178.5  -55.2    nan  1.194   97.2  3.687  5.098   50.7   75.8
G  -58.8  -46.2  110.9  175.9    nan    nan    nan   97.9  3.834    nan    nan   89.6
I  -56.3  -46.8  109.5  179.5  -78.5  161.9  1.007  100.2  3.888    nan    nan   83.7
L  -71.2  -16.6  113.4 -174.8  -58.5    nan  1.156  101.6  3.744  5.134   48.8   75.2
R -100.2   -3.6  110.8 -178.9  -69.9    nan  1.012   78.6  3.669  5.404   60.2   72.1
N  -97.6  128.7  108.1 -175.4  176.9    nan  1.032  108.9  3.770  5.410   66.4   88.8
A  -63.1  -24.0  113.2 -177.8    nan    nan  1.029  105.6  3.708  5.697 -104.6 -114.8
K  -88.7  -31.6  112.9 -179.0 -128.3    nan  1.064   79.3  3.693  5.189   53.4   77.1
L  -87.5  -33.6  115.6 -176.7  -55.6    nan  1.090   78.3  3.790  5.232   50.5   73.7
K  -53.7  -52.3  116.3 -175.7 -176.9    nan  1.120   94.6  3.704  5.363   86.5  104.4
P  -67.8  -28.7  110.9 -176.5   14.6    nan  0.984  100.0  3.770  5.161   63.3   73.0
V  -67.4  -53.9  107.9  176.3  178.8  -55.3  1.028   89.8  3.783  5.495   70.5   87.1
Y  -51.5  -47.4  111.7  179.4 -174.0    nan  0.985  102.0  3.800  5.167   71.7   81.1
D  -58.3  -32.0  111.4  178.4  -75.3    nan  1.038  106.4  3.815  5.418   65.6   80.9
S  -80.7  -11.2  115.8 -178.2   78.6    nan  1.071   94.3  3.752  5.239   62.3   79.3
L  -90.0  157.4  114.7 -173.5  -60.8    nan  1.053   99.2  3.764  5.399   72.4   92.0
D  -78.8  169.2  107.3  173.8   57.1    nan  0.976   82.1  3.778  5.335  -96.1 -107.6
A  -57.0  -42.1  118.2 -176.0    nan    nan  1.219   97.9  3.810  5.323  -74.6  -61.9
V  -66.3  -45.7  111.6 -178.2 -176.6  -59.9  1.063   92.2  3.716  5.371   70.3   82.9
R  -65.4  -33.3  113.0 -179.4  -65.0    nan  1.144   98.8  3.702  5.196   52.4   78.0
R  -61.7  -36.9  108.8  177.0  -66.0    nan  0.945  102.0  3.786  5.704   89.0   89.4
A  -59.9  -41.3  110.2  179.4    nan    nan  1.068  100.4  3.795  5.364   72.1   89.1
A  -60.0  -37.2  111.1  177.4    nan    nan  1.016  102.1  3.815  5.502   78.3   83.7
L  -68.6  -40.0  112.3  179.5 -168.2    nan  1.064   93.0  3.784  5.326   65.2   81.8
I  -65.2  -37.3  108.3 -179.8  -64.5  169.5  1.010   99.3  3.763  5.385   69.9   81.9
N  -57.6  -48.3  110.7  178.4 -168.5    nan  1.013   97.7  3.799  5.416   78.7   90.0
M  -59.7  -44.2  113.1  179.9  -78.6    nan  1.050   97.2  3.781  5.272   64.8   80.3
V  -64.7  -38.8  111.0 -178.8  172.7  -64.9  1.104   97.5  3.830  5.302   62.1   80.1
F  -59.1  -40.9  108.9  179.0 -176.2    nan  0.967  101.9  3.809  5.508   83.9   87.7
Q  -76.6  -48.0  116.2 -177.1 -176.1    nan  1.092   80.6  3.694  4.996   48.7   74.0
M -106.1   -7.4  118.5 -175.6   57.6    nan  1.351   70.5  3.812  4.898   -0.7   42.5
G   84.1  151.8  106.1 -179.1    nan    nan    nan   77.3  3.678    nan    nan -106.7
E  -69.1  -31.5  118.8 -173.2  107.3    nan  1.158   93.9  3.628    nan    nan  -91.3
T  -64.7  -40.9  107.4  177.4  -81.9  159.8  0.982   98.4  3.762  5.503   80.2   88.7
G  -64.4  -45.1  111.2  179.0    nan    nan    nan   94.3  3.730    nan    nan   80.9
V  -69.7  -35.8  113.3  178.9  176.8  -59.9  1.044   93.6  3.808    nan    nan   73.5
A  -60.5  -16.1  110.8 -179.0    nan    nan  1.076  112.8  3.824  5.444   74.7   91.7
G  -73.6  -18.0  117.5  179.7    nan    nan    nan   97.6  3.779    nan    nan   97.4
F  -85.2   63.9  108.1 -178.5  -70.7    nan  0.983  108.3  3.787    nan    nan   84.6
A  -48.6  -52.4  113.6 -177.4    nan    nan  1.035   99.5  3.683  6.082 -166.8 -163.3
A  -63.7  -44.7  114.7 -178.4    nan    nan  1.127   92.9  3.702  5.046   52.8   75.2
A  -66.5  -36.5  110.0 -178.8    nan    nan  0.990   97.7  3.765  5.323   70.5   78.3
L  -63.6  -40.3  110.3 -179.1  -63.4    nan  1.053   98.0  3.823  5.406   69.4   87.0
A  -66.3  -38.8  112.4  179.2    nan    nan  1.054   95.4  3.779  5.286   66.5   80.7
A  -65.7  -43.1  108.6  178.8    nan    nan  1.037   95.9  3.806  5.394   65.1   81.4
L  -62.5  -43.8  109.9  179.9  -78.7    nan  0.974   97.2  3.764  5.382   73.7   81.1
A  -65.9  -31.6  111.4 -179.4    nan    nan  1.065  100.0  3.784  5.217   59.0   78.7
A  -85.5    2.4  110.8  179.7    nan    nan  1.003   95.3  3.754  5.319   55.3   71.4
K   66.0   33.0  116.5 -179.8  -49.2    nan  1.289   96.8  3.802  5.619 -128.4 -117.8
R -102.7   78.5  105.6  176.8  -49.3    nan  1.019  102.3  3.837  6.074  116.5  109.0
W  -54.9  -46.7  115.6 -174.0  -45.4    nan  1.175   97.9  3.748  6.154 -157.9 -152.4
D  -70.0  -34.9  112.5 -178.7  -62.8    nan  1.160   94.3  3.706  5.341   53.2   74.6
E  -65.7  -41.7  111.0  177.1  -52.1    nan  1.058   95.1  3.783  5.681   78.8   84.7
A  -58.9  -44.0  109.3  176.9    nan    nan  1.037  100.1  3.836  5.423   75.9   83.6
A  -63.2  -41.1  113.0 -177.5    nan    nan  1.089   96.3  3.772  5.245   63.3   82.5
V  -69.7  -37.6  110.4 -179.1  166.4  -74.8  0.997   94.4  3.684  5.353   68.0   78.5
N  -66.3  -42.5  113.1 -179.3 -175.2    nan  0.998   93.0  3.695  5.240   74.5   85.0
L  -54.6  -37.5  110.4 -178.5  -79.1    nan  1.020  106.7  3.751  5.222   78.3   91.3
A  -70.3  -15.9  114.6 -178.0    nan    nan  1.088  102.5  3.772  5.275   62.5   82.3
K  -89.8   75.0  108.8  177.5  -56.7    nan  1.018  108.2  3.742  5.475   64.2   79.7
S -159.4  155.9  110.1 -175.0   59.9    nan  1.003  154.6  3.787  5.470   97.3   96.7
R  -59.7  -37.4  107.4  176.6  172.4    nan  0.914  104.2  3.736  5.225  -72.8  -87.7
W  -52.4  -50.1  111.6  179.8  166.0    nan  1.003   99.7  3.778  5.287   81.5   95.8
Y  -66.5  -41.1  111.1 -177.6  176.4    nan  0.954   94.8  3.745  5.054   62.2   74.0
N  -70.1  -29.6  113.9 -179.2  -73.5    nan  1.070   96.2  3.794  5.175   55.6   78.5
Q  -82.8  -38.3  115.8 -179.6  -63.9    nan  1.096   80.3  3.754  5.363   57.1   78.4
T -130.6   71.5  103.9 -179.1   51.5  -60.7  0.988   88.1  3.795  4.872    5.1   20.0
P  -63.0  -40.0  117.6 -176.0   16.6    nan  1.069   94.8  3.748  6.096 -170.0 -165.8
N  -66.5  -41.7  111.4 -177.9  -73.9    nan  1.051   94.3  3.854  5.428   66.6   84.6
R  -67.4  -46.2  110.8  177.6 -173.1    nan  1.005   91.6  3.798  5.331   67.2   76.9
A  -55.2  -47.6  111.0  177.7    nan    nan  1.042   99.6  3.802  5.266   72.1   83.9
K  -60.5  -38.2  110.4 -179.2  -93.3    nan  0.954  101.5  3.779  5.263   75.8   80.0
R  -62.0  -44.1  110.3  178.2  -80.2    nan  1.050   97.1  3.799  5.322   70.7   85.2
V  -71.7  -39.3  113.0 -178.1  170.0  -65.7  1.019   90.4  3.762  5.139   61.3   74.7
I  -62.7  -39.3  110.7  179.6  -76.7  165.9  1.045   99.0  3.779  5.347   67.0   85.1
T  -63.2  -38.8  112.7  177.8  -71.8  170.6  1.040   97.8  3.766  5.385   71.1   83.5
T  -62.1  -42.4  107.6  179.2  -57.1 -175.8  1.033   99.5  3.781  5.306   69.5   84.9
F  -66.6  -40.1  112.3  177.2  -85.4    nan  1.000   94.6  3.833  5.489   66.1   76.3
R  -66.0  -46.8  111.7 -177.7 -138.2    nan  1.082   91.8  3.755  5.202   65.2   83.7
T  -92.7  -31.9  117.9 -175.5   70.0  -52.4  1.129   73.3  3.835  5.118   33.3   55.3
G   81.1   14.3  111.3 -178.1    nan    nan    nan   93.5  3.718    nan    nan -132.1
T -127.8  171.8  107.5 -178.5   66.3  -51.1  0.919  129.9  3.807    nan    nan   71.5
W  -96.0   14.1  111.7  179.1  -67.0    nan  1.023   89.3  3.834  5.377 -108.0 -101.0
D  -49.4  -39.2  117.1 -178.5  -62.4    nan  1.129  106.6  3.790  5.986  137.0  149.8
A  -68.0  -11.6  110.6 -176.2    nan    nan  1.066  107.5  3.796  5.378   69.9   84.9
Y -107.4   -6.9  113.3 -177.0  -69.5    nan  1.129   70.0  3.737  5.339   45.0   71.4
K  -91.3    nan  109.2  179.1  -53.7    nan  1.077    nan  3.823  5.698   71.6   87.5
