Id   phi    psi    tau  omega    chi    chi2  solid    eta  CA-CA  CB-CB  BA^AB  NA^AC
M    nan  153.1  108.4    nan  170.1    nan  0.990    nan    nan    nan    nan    nan
N -157.6  179.4  106.6  178.0   55.0    nan  0.992  157.8  3.737  5.520  173.4  173.1
I  -52.8  -45.5  114.9 -177.7 -169.2   61.1  1.209  100.6  3.744  5.223  -61.4  -47.9
F  -62.5  -47.6  112.1 -178.3  -73.3    nan  1.048   93.7  3.724  5.477   73.8   82.5
E  -63.5  -36.1  110.8  179.1  -63.8    nan  0.978   99.9  3.748  5.265   70.3   76.4
M  -65.8  -49.8  111.0 -178.9 -178.0    nan  0.981   90.8  3.754  5.166   74.6   86.0
L  -66.5  -29.6  112.3  177.9  -80.9    nan  1.050  100.1  3.802  5.159   52.1   70.7
R  -65.7  -34.5  112.2  178.5  168.5    nan  1.023   98.3  3.790  5.467   78.7   91.1
I  -69.5  -45.7  110.8  175.8  -79.5  157.6  1.036   90.4  3.770  5.247   63.9   79.7
D  -69.9  -32.2  114.9 -179.0  -77.8    nan  1.090   94.6  3.852  5.271   54.2   74.2
E -101.7  -27.6  115.8 -174.7  -65.7    nan  1.038   67.9  3.740  5.027   42.0   61.1
G   76.8 -170.5  109.4 -175.9    nan    nan    nan   80.1  3.812    nan    nan -129.3
L -143.2  122.0  109.1  178.4  162.3    nan  0.951  126.2  3.778    nan    nan -127.5
R -132.7  130.1  109.0  177.9  -52.0    nan  1.060  128.3  3.863  5.864  163.7  164.2
L  -86.6   -7.3  114.4 -179.4  -62.1    nan  1.167   90.3  3.732  5.711 -135.6 -140.0
K -122.4  157.7  109.2  174.0   19.4    nan  1.101  127.0  3.758  5.572   33.4   54.3
I  -52.8  136.2  109.8  179.7  -66.3  172.0  0.997   75.5  3.734  5.072  -58.2  -76.5
Y -141.8  171.8  107.5  178.2   63.4    nan  1.025  143.6  3.791  5.709  170.8  171.7
K -101.4  139.2  109.6  176.2  -65.0    nan  1.014  111.4  3.752  5.499 -111.0 -105.7
D  -79.8 -173.3  111.1  179.9   77.2    nan  1.135   77.5  3.712  5.585 -126.4 -121.6
T  -59.4  -24.9  112.7 -178.8   63.9  -51.9  1.079  108.8  3.904  5.263  -43.6  -46.4
E  -92.1   -3.4  113.4  177.9  -49.0    nan  1.088   86.6  3.898  5.474   52.6   69.6
G   84.4   25.0  111.8  179.4    nan    nan    nan   86.1  3.811    nan    nan -103.8
Y -101.3  144.6  111.2  178.5  -55.8    nan  1.041  111.4  3.775    nan    nan  107.6
Y  -65.8  125.4  109.9  179.6  -71.0    nan  1.022   90.9  3.754  5.288  -92.6 -107.0
T -140.2  165.6  110.7 -174.7  -59.1  179.5  0.935  143.2  3.740  5.703 -178.4  160.1
I -154.7  161.8  108.1  174.7 -164.3   72.7  1.037  154.2  3.743  5.545  177.9 -169.9
G   71.0 -128.8  112.4  173.0    nan    nan    nan   94.4  3.761    nan    nan   40.3
I -102.2   71.9  109.3  178.6  -58.3 -179.0  1.089  104.0  3.744    nan    nan  -36.6
G   69.5   26.0  115.0  177.8    nan    nan    nan   98.0  3.792    nan    nan  -51.8
H  -86.3  105.8  110.3  178.4 -179.2    nan  1.016  108.4  3.755    nan    nan  122.4
L  -65.4  132.2  112.9  179.9  169.5    nan  1.016   89.0  3.784  5.952 -132.8 -142.4
L  -94.0  -50.1  112.5  179.5  -66.5    nan  1.089   70.2  3.733  5.856 -146.3 -142.1
T -163.0  153.0  109.5 -176.2 -174.1   58.7  0.963  153.7  3.780  4.571  -30.3  -24.3
K  -92.2   -5.9  109.8  175.0  -70.5    nan  1.138   85.9  3.756  5.613 -132.2 -122.2
S  -69.3  147.4  112.7  177.1  172.4    nan  1.053   84.0  3.821  5.826   97.6  107.7
P  -90.7   19.8  117.2 -175.9   12.5    nan  1.088   98.3  3.807  5.597 -119.9 -120.1
S -111.1  122.5  111.9  179.4  162.7    nan  1.016  119.1  3.704  5.523   77.1   91.7
L  -63.5  -34.9  111.9 -179.0  178.9    nan  1.119  100.1  3.778  5.872 -120.2 -127.1
N  -70.2  -41.9  108.4  178.3  -72.8    nan  1.015   93.1  3.695  5.445   70.4   80.4
A  -56.5  -39.7  108.7  176.1    nan    nan  1.060  104.7  3.709  5.352   72.6   84.8
A  -66.4  -39.2  114.4  178.3    nan    nan  0.999   94.1  3.873  5.464   71.9   80.1
K  -66.4  -31.8  109.0  179.8  -78.8    nan  1.014  100.5  3.799  5.256   67.7   81.8
S  -73.1  -39.8  113.6  179.9  159.2    nan  1.167   88.7  3.701  5.234   57.0   82.8
E  -65.5  -38.8  105.7  177.5  -79.8    nan  0.954   99.7  3.749  5.438   75.6   79.2
L  -63.7  -42.6  114.6 -179.4  174.2    nan  1.119   94.2  3.736  5.264   61.1   85.6
D  -67.9  -35.2  110.4 -177.4  -67.9    nan  1.011   97.0  3.835  5.375   67.6   80.0
K  -64.2  -41.6  111.1  177.3  167.4    nan  1.059   96.4  3.724  5.235   65.8   85.1
A  -69.4  -35.8  114.0  179.6    nan    nan  1.063   93.6  3.829  5.329   58.0   77.3
I  -91.6  -24.2  113.3 -179.2  -59.4  179.2  0.997   79.1  3.845  5.180   45.6   62.5
G   79.8   30.8  113.0  179.1    nan    nan    nan   87.4  3.753    nan    nan -129.8
R -162.1  163.5  108.9  177.2   86.0    nan  1.107  160.1  3.778    nan    nan   47.3
N  -78.8  103.3  106.2  179.1 -122.0    nan  0.976  102.8  3.736  5.325  -83.6  -95.3
T  -89.5  -33.1  116.2 -173.4   68.3  -50.8  1.084   76.5  3.777  6.102 -163.9 -159.6
N   68.9   26.8  111.4 -175.4 -164.4    nan  1.182   99.6  3.747  5.398 -146.0 -142.3
G   80.5    9.1  117.7  175.8    nan    nan    nan   95.2  3.903    nan    nan  -85.3
V -131.5  139.2  110.8  178.7  177.8  -58.5  1.001  132.5  3.742    nan    nan   61.7
I -131.2  172.9  107.4  178.5   59.6  -61.2  1.000  132.9  3.834  5.737 -173.2 -174.2
T  -99.2  169.9  107.2  178.6   70.2  -48.7  0.946  102.0  3.729  5.333 -103.5 -102.8
K  -55.0  -46.4  113.0  178.7 -163.9    nan  1.008   99.4  3.769  5.060  -62.4  -64.6
D  -56.1  -44.3  113.7  176.6  -87.2    nan  1.026   99.6  3.756  5.177   70.6   83.1
E  -63.2  -42.1  110.2  178.2  -79.7    nan  0.984   97.3  3.810  5.139   67.7   78.9
A  -61.7  -42.2  109.4  178.9    nan    nan  0.979   98.9  3.811  5.256   68.5   82.1
E  -68.8  -28.9  111.2 -178.2  -80.0    nan  1.099   98.8  3.789  5.195   53.7   77.8
K  -72.6  -43.6  111.6  177.6 -173.7    nan  1.072   88.5  3.672  5.405   69.1   84.0
L  -61.7  -35.0  107.5  176.2  -72.0    nan  0.906  103.7  3.814  5.447   79.6   78.5
F  -63.3  -51.0  113.3 -178.0 -174.6    nan  1.149   90.4  3.781  5.156   61.5   90.2
N  -52.6  -45.9  111.1  176.1  -76.9    nan  1.036  102.6  3.781  5.444   73.0   81.4
Q  -62.7  -41.9  111.0 -179.7  -63.8    nan  0.983   97.4  3.771  5.324   70.9   79.6
D  -67.2  -34.9  112.5 -177.0  -67.0    nan  1.117   96.7  3.788  5.229   59.4   81.3
V  -76.2  -35.8  109.4 -179.3  170.4  -66.3  1.009   90.3  3.759  5.399   66.4   77.6
D  -63.0  -40.3  109.7  178.9 -165.5    nan  1.013   98.7  3.755  5.262   68.4   86.7
A  -64.7  -40.5  113.4  179.7    nan    nan  1.037   95.2  3.757  5.306   62.9   82.5
A  -61.6  -50.3  109.2  179.4    nan    nan  1.088   94.7  3.777  5.350   66.4   84.6
V  -56.2  -50.5  109.3  178.9  173.6  -66.2  1.048   98.1  3.747  5.384   71.6   79.7
R  -65.7  -30.7  112.1 -175.8  -76.5    nan  1.131  100.3  3.730  5.119   52.4   75.6
G  -65.5  -44.3  112.4  176.6    nan    nan    nan   93.2  3.700    nan    nan   88.7
I  -54.3  -47.8  110.4  176.1  -77.5  162.6  0.961  100.5  3.850    nan    nan   85.2
L  -65.5  -22.8  112.5 -176.3  -61.0    nan  1.158  104.4  3.782  5.073   49.4   78.0
R  -98.8   -1.4  112.4  179.4  -29.5    nan  1.080   80.6  3.733  5.423   49.6   67.6
N  -94.3  121.8  109.6 -176.6 -179.5    nan  1.064  109.0  3.752  5.479   72.9   93.1
A  -61.6  -21.6  112.5 -177.6    nan    nan  1.080  108.5  3.784  5.901 -111.5 -121.3
K  -90.0  -31.7  112.2  179.9  -85.7    nan  1.010   78.5  3.713  5.374   62.7   77.4
L  -87.2  -37.5  115.2 -175.3  -60.5    nan  1.058   77.3  3.718  5.052   52.4   74.5
K  -48.4  -47.8  116.8 -176.9 -165.1    nan  1.092  101.3  3.702  5.291   88.1  104.8
P  -68.3  -32.9  110.8 -175.8   -8.5    nan  0.982   97.5  3.764  5.154   63.9   77.1
V  -67.2  -48.6  110.4  176.8 -179.5  -51.6  1.070   90.9  3.731  5.333   63.6   84.6
Y  -57.3  -44.6  110.8  178.2 -174.3    nan  0.981  100.1  3.806  5.296   71.7   79.8
D  -62.6  -30.4  111.9 -179.2  -80.9    nan  1.036  103.2  3.834  5.290   63.5   81.2
S  -78.7  -17.8  115.9 -178.9   80.1    nan  1.091   93.2  3.764  5.261   58.9   80.8
L  -88.6  161.5  116.0 -176.2  -57.2    nan  1.034   96.6  3.787  5.425   68.4   86.5
D  -78.9  173.6  108.6  172.9   56.5    nan  0.994   81.0  3.780  5.319  -96.4 -102.2
A  -60.3  -41.9  118.0 -175.3    nan    nan  1.265   95.5  3.826  5.333  -76.9  -59.4
V  -64.4  -49.3  111.6  178.9 -172.6  -55.9  1.086   91.7  3.760  5.472   72.9   82.3
R  -64.6  -32.4  112.2 -178.7  -66.5    nan  1.108  100.3  3.750  5.242   56.1   75.7
R  -59.9  -40.6  110.2  176.6  -80.3    nan  0.986  100.7  3.810  5.652   87.4   91.5
A  -58.2  -40.1  109.3  178.0    nan    nan  1.005  102.8  3.825  5.316   75.3   85.8
A  -64.2  -38.1  112.8  177.9    nan    nan  1.006   97.3  3.847  5.388   71.2   81.4
L  -70.4  -37.7  107.0 -180.0 -174.2    nan  0.963   95.6  3.804  5.277   66.5   78.6
I  -62.3  -40.9  111.7  177.7  -60.5  170.7  1.079   97.9  3.785  5.410   65.6   85.0
N  -62.1  -44.0  110.7 -177.9 -172.4    nan  0.962   96.8  3.790  5.308   77.5   85.9
M  -62.2  -42.3  110.8  180.0  -73.1    nan  1.038   97.6  3.687  5.275   63.1   81.5
V  -64.2  -36.4  109.7 -178.8  170.6  -72.5  1.081   99.7  3.834  5.400   66.8   81.7
F  -63.7  -39.1  109.7 -180.0 -175.8    nan  0.960   98.8  3.801  5.450   80.8   86.4
Q  -74.9  -45.6  114.0 -178.1  179.6    nan  1.092   84.3  3.793  5.191   50.7   75.8
M -110.6   -7.4  120.3 -173.3   65.8    nan  1.333   65.8  3.761  4.745    2.5   41.5
G   84.6  152.3  108.1  180.0    nan    nan    nan   76.9  3.749    nan    nan -107.4
E  -69.2  -27.4  112.3 -173.2  101.4    nan  1.071   98.8  3.631    nan    nan  -93.8
T  -67.7  -46.8  109.7  178.9  -61.9 -179.3  1.065   91.8  3.672  5.521   71.9   90.6
G  -57.2  -48.6  110.6  179.3    nan    nan    nan   97.9  3.729    nan    nan   82.6
V  -63.7  -42.9  114.3 -176.6 -176.7  -55.0  1.142   94.2  3.788    nan    nan   79.4
A  -55.2  -20.5  112.2 -179.0    nan    nan  1.114  115.2  3.799  5.385   74.6   90.6
G  -81.1   -6.5  117.3  178.2    nan    nan    nan   95.9  3.914    nan    nan   84.7
F  -86.2   49.3  105.8  175.9  -80.5    nan  1.008  104.4  3.807    nan    nan   88.6
T  -46.1  -50.5  115.2 -177.2  -52.6 -169.5  1.073  101.8  3.767  6.212 -179.3 -173.2
N  -67.4  -41.7  115.3 -178.0  -53.8    nan  1.200   91.4  3.662  5.039   47.4   74.8
S  -64.8  -37.9  110.7  178.9  -59.3    nan  0.966   98.0  3.824  5.560   80.4   81.1
L  -58.5  -44.7  110.6 -180.0  -60.8    nan  1.081   99.3  3.849  5.347   71.9   89.9
A  -64.2  -38.4  111.0  179.2    nan    nan  0.997   98.1  3.774  5.284   70.4   78.1
M  -70.5  -37.5  110.7  179.9  -80.8    nan  1.088   93.6  3.759  5.304   57.2   78.9
L  -64.5  -43.7  108.7  179.9  -73.8    nan  1.004   96.4  3.735  5.417   76.0   84.5
Q  -61.2  -36.0  111.2 -177.4 -165.3    nan  1.024  101.7  3.765  5.198   68.8   84.0
A  -84.0   -0.6  112.3 -178.9    nan    nan  1.038   95.8  3.720  5.147   48.7   69.9
K   65.6   36.7  115.7 -179.0  -47.5    nan  1.220   95.5  3.865  5.688 -127.2 -119.5
R -102.3   78.7  105.5  176.9  -70.4    nan  0.910  102.4  3.805  6.023  125.6  112.6
W  -55.9  -53.8  117.7 -173.9  -43.0    nan  1.263   91.2  3.810  6.159 -173.7 -152.8
D  -63.4  -42.0  112.2  177.8  -70.7    nan  1.136   96.1  3.778  5.357   57.2   71.7
E  -65.5  -42.2  111.5  178.6  -73.4    nan  1.036   94.8  3.779  5.550   69.7   79.7
A  -61.3  -40.3  111.1  180.0    nan    nan  1.035   99.3  3.761  5.286   73.2   84.3
A  -61.6  -40.0  110.6 -178.3    nan    nan  1.044   99.6  3.795  5.298   71.2   86.5
V  -64.7  -47.5  111.1  178.6  161.6  -79.0  1.081   92.8  3.692  5.266   62.3   81.5
N  -66.1  -40.6  110.1 -179.7 -171.9    nan  1.017   95.9  3.780  5.283   61.4   74.3
L  -57.7  -30.4  113.4 -179.5  -77.5    nan  1.044  106.9  3.793  5.484   76.4   89.7
A  -75.0  -17.0  113.9 -175.9    nan    nan  1.096   97.7  3.819  5.318   66.0   86.0
K  -92.1   70.4  108.2  177.7  -55.0    nan  0.996  106.4  3.820  5.545   63.7   75.8
S -152.4  154.5  109.0 -174.1   61.0    nan  0.975  149.9  3.749  5.554  101.7   99.2
R  -62.3  -39.0  108.2  175.0  175.7    nan  0.923  100.7  3.754  5.305  -79.2  -92.1
W  -46.2  -50.8  110.4  178.2  170.9    nan  1.030  104.0  3.821  5.334   84.7   98.6
Y  -69.0  -39.1  114.0 -178.0  177.6    nan  1.017   92.2  3.775  5.064   55.7   71.1
N  -69.7  -32.1  113.5 -179.4  -77.8    nan  1.038   95.4  3.762  5.171   60.0   80.7
Q  -83.0  -39.5  114.0 -179.7  -61.0    nan  1.080   80.7  3.822  5.370   51.6   74.2
T -129.7   69.0  107.1  180.0   51.7  -65.5  1.034   89.0  3.765  4.878    0.9   19.9
P  -61.8  -38.1  118.0 -175.9   20.5    nan  1.058   96.7  3.767  6.110 -167.8 -167.9
N  -68.6  -41.2  113.1 -179.0  -70.8    nan  1.107   92.0  3.816  5.356   59.6   84.0
R  -68.3  -47.1  108.4  177.8 -175.1    nan  0.962   92.1  3.768  5.397   70.1   76.3
A  -55.2  -45.3  111.7  179.5    nan    nan  1.091  100.7  3.758  5.187   65.6   84.3
K  -58.5  -37.8  108.9  179.4  -64.1    nan  1.027  104.1  3.845  5.530   75.7   82.7
R  -65.8  -43.6  113.8  179.1  -66.6    nan  1.127   92.5  3.754  5.388   68.2   83.9
V  -69.5  -41.5  109.9 -179.0  170.0  -65.6  1.044   92.9  3.790  5.256   65.3   76.1
I  -59.4  -41.8  113.6  177.2  -69.7  170.4  1.145   98.6  3.818  5.441   64.1   84.4
T  -65.7  -31.8  109.9  179.1  -69.9  171.8  0.969  100.7  3.898  5.502   76.8   79.4
T  -65.7  -46.2  109.6  177.7  -60.1 -176.8  1.062   93.7  3.747  5.276   67.2   86.9
F  -66.6  -42.1  110.4  177.1  -81.9    nan  0.971   94.6  3.766  5.357   65.1   72.7
R  -58.9  -49.6  113.1 -179.6 -147.4    nan  1.143   94.6  3.786  5.278   64.1   87.0
T  -93.3  -27.8  119.2 -174.9   71.3  -49.3  1.173   73.8  3.795  5.030   29.5   54.0
G   76.7   15.3  110.1 -174.5    nan    nan    nan   97.6  3.758    nan    nan -129.3
T -128.5  172.6  108.6  177.4   65.5  -56.6  0.946  130.5  3.789    nan    nan   71.0
W  -93.5   14.5  112.4  178.7  -67.5    nan  0.992   92.1  3.793  5.235 -102.0  -96.7
D  -52.2  -32.2  117.9 -175.2  -60.9    nan  1.139  108.8  3.748  5.926  130.3  150.7
A  -71.0  -12.8  107.4 -175.2    nan    nan  0.988  104.8  3.804  5.438   79.6   88.1
Y -106.0    0.7  113.6 -177.5  -69.6    nan  1.176   74.3  3.749  5.250   37.1   71.6
K  -95.3    nan  114.7 -179.4  -61.1    nan  1.243    nan  3.808  5.654   65.7   92.8
