Id   phi    psi    tau  omega    chi    chi2  solid    eta  CA-CA  CB-CB  BA^AB  NA^AC
D    nan  111.5  110.5    nan   20.0    nan  1.020    nan    nan    nan    nan    nan
I  -80.8  120.7  104.2  177.8  -86.4  155.1  0.950   97.3  3.801  6.024 -141.0 -156.0
V  -90.1  130.7  110.8  178.7  178.8  -59.6  1.018  105.7  3.795  5.951 -147.3 -150.2
L -105.1  126.3  108.0  177.8  -67.1    nan  0.998  113.2  3.818  5.813 -151.8 -158.7
T -115.3  125.3  107.6  179.3  -64.2  175.4  0.996  118.0  3.785  5.864 -167.0 -170.9
Q -106.1  144.2  107.9 -180.0  -67.5    nan  1.012  113.4  3.792  5.879 -159.1 -162.6
S -147.2  133.8  112.7 -178.7 -168.8    nan  1.051  137.1  3.770  5.585  179.0  176.5
P  -85.4 -180.0  109.1    0.1   16.5    nan  0.956   85.4  2.857  4.858   42.7   17.4
A  -80.8  -35.9  110.0 -179.6    nan    nan  1.029   86.1  3.807  5.361  -85.5  -75.3
I -135.3  133.3  108.1  179.4  171.3   49.8  0.999  130.2  3.772  4.875   -2.6   15.8
M -144.7  147.6  111.2  179.0   98.6    nan  1.070  143.2  3.756  5.626  165.5  166.9
S -118.7  146.5  110.2 -178.7   -7.0    nan  1.014  124.6  3.773  5.641 -144.4 -152.4
A -158.8  143.6  109.9  179.7    nan    nan  1.022  145.4  3.768  5.512  168.6  164.3
S  -80.9  158.3  106.8  179.4  -20.8    nan  0.985   87.7  3.784  5.655 -111.4 -120.4
L  -63.4  146.8  110.8  179.9  -77.3    nan  1.035   78.4  3.776  5.363  -81.8  -85.1
G   87.7  -15.3  111.1 -179.9    nan    nan    nan   97.6  3.801    nan    nan   42.1
E  -74.1  153.1  109.4  179.9 -116.8    nan  0.990   84.3  3.775    nan    nan   95.9
R  -89.0  139.7  104.6  177.9 -176.6    nan  0.956   98.6  3.789  5.540 -112.6 -119.1
V -130.8  135.1  113.3 -178.0  167.9  -69.6  1.055  132.4  3.794  5.741 -171.8 -168.9
T -134.4  130.5  110.6  178.5  -74.4  167.1  1.037  130.2  3.800  5.795 -177.3  176.1
M -128.4  151.8  105.4  177.4   43.7    nan  0.983  130.2  3.795  5.815 -175.8  177.6
T -117.2  167.1  115.5 -178.2   64.6  -54.6  1.086  122.1  3.768  5.628 -146.9 -140.6
C -150.7  116.3  105.3 -179.6  172.2    nan  0.959  120.2  3.764  5.356 -157.7 -165.0
T -118.4  135.5  110.7 -179.9   76.5  -43.5  1.037  123.9  3.795  5.944  176.7  177.6
A  -93.8  149.2  110.4 -179.6    nan    nan  1.020  103.6  3.798  5.728 -132.3 -141.5
S  -71.7  -16.5  110.3  179.6   67.9    nan  1.023  102.0  3.803  5.553  -97.8 -104.2
S -153.7  150.3  106.1  180.0  137.0    nan  0.992  147.1  3.809  4.869   -3.3   13.7
S  -58.4  146.4  119.3 -176.9  146.2    nan  1.120   78.2  3.820  5.577  -84.2  -85.1
V -137.8  162.6  110.5  177.7  -44.9   77.5  1.035  141.0  3.796  5.628 -168.2 -177.6
S  -70.5  133.8  106.7  178.9  170.2    nan  0.982   88.0  3.788  5.301  -81.4  -88.5
S  -59.9  -18.0  108.6 -180.0   65.4    nan  0.997  113.1  3.803  5.682  -98.4 -109.2
S  -79.7  -17.5  112.6 -179.5   81.0    nan  1.034   93.3  3.788  5.425   70.5   89.0
N -107.3   18.1  112.5 -179.0  -66.9    nan  1.044   80.3  3.818  5.229   42.6   63.8
L -115.3  122.5  108.2  178.0 -166.9    nan  1.021  117.8  3.781  5.599   69.5   86.1
H -127.9  157.2  113.6 -178.2  -38.5    nan  1.047  133.5  3.798  5.803  179.3  174.1
W -118.1  141.6  108.9  179.0  -71.5    nan  1.008  123.1  3.794  5.560 -139.4 -141.8
Y -124.0  144.3  109.7 -179.7  -74.4    nan  1.006  128.1  3.780  5.686 -159.1 -163.6
Q -111.6  140.2  106.8  177.1 -170.1    nan  0.995  117.1  3.749  5.685 -148.2 -149.5
Q -138.9  125.4  111.1  178.7  167.3    nan  1.041  129.0  3.767  5.670 -179.2 -180.0
K -108.7  148.5  105.5  178.1  -86.2    nan  0.975  113.9  3.786  5.841 -158.2 -169.2
P  -44.9  131.2  117.0 -179.6  -29.6    nan  1.057   77.0  3.855  5.379  -72.1  -76.9
G   81.5  -21.6  114.6  179.1    nan    nan    nan  106.8  3.780    nan    nan   14.6
S  -95.9  165.2  112.6 -179.8 -150.7    nan  1.054  101.4  3.798    nan    nan   71.2
S  -86.2  153.0  111.0  179.8   89.6    nan  1.039   95.9  3.778  5.384  -99.4  -98.9
P  -55.3  140.3  111.1  179.8  -24.1    nan  0.975   75.6  3.830  5.314  -73.6  -84.2
K -121.5  138.5  111.8 -179.2 -138.7    nan  1.033  126.9  3.805  5.807 -163.9 -162.1
L  -69.0  118.5  107.5  179.3 -176.5    nan  0.998   94.3  3.790  5.634 -103.5 -115.4
W -101.5  -61.0  111.3 -178.1 -138.8    nan  1.039   65.9  3.801  5.913 -160.5 -163.2
I -123.4  128.2  107.8  179.0  -68.2  171.3  1.001  122.7  3.808  4.823  -14.9    5.0
Y -114.3  146.7  111.9  178.9   69.0    nan  1.065  122.1  3.804  5.876 -167.7 -167.0
S   57.8   47.2  111.5 -179.4  -64.4    nan  1.049   97.7  3.800  4.754   37.8   13.6
T   70.5  -43.8  118.9  177.7  -63.0  176.5  1.125  123.8  3.796  5.315  -64.6  -74.4
S -136.4    4.9  119.2 -176.1   58.0    nan  1.110   46.1  3.809  4.653   -6.4   16.0
N  -95.7  126.1  111.8  179.2  -57.4    nan  1.039  110.9  3.810  5.649   79.9   94.8
L  -74.7  138.6  109.6  179.2  -61.8    nan  1.004   90.9  3.811  5.804 -120.6 -133.5
A  -79.6  168.9  109.1  179.5    nan    nan  1.016   83.4  3.804  5.700 -117.6 -123.4
S  -58.0  129.6  110.2 -179.7  150.2    nan  1.021   83.6  3.791  5.185  -63.3  -67.8
G   82.9   10.8  118.0  179.1    nan    nan    nan   92.0  3.798    nan    nan   16.0
V  -94.9  130.2  110.3  180.0  178.8  -59.5  1.027  108.6  3.810    nan    nan  100.6
P  -57.5  149.5  114.9 -179.7  -18.0    nan  1.028   73.5  3.872  5.675  -99.8 -110.6
A  -67.2  -19.5  115.2 -179.0    nan    nan  1.086  103.6  3.823  5.594  -96.4  -99.7
R  -71.8    2.6  112.2  179.5   57.4    nan  1.042  109.1  3.812  5.580   81.4   95.3
F -106.3  140.3  110.0 -179.8  -83.9    nan  0.999  115.2  3.820  5.562   66.8   81.9
S -153.2  154.6  108.8  177.3   65.5    nan  1.027  150.3  3.783  5.582  165.0  162.5
G -131.9  151.2  110.2  179.3    nan    nan    nan  135.2  3.792    nan    nan -156.8
S -142.0  161.0  113.2 -178.4 -104.7    nan  1.024  145.5  3.791    nan    nan -171.0
G  132.4  177.7  118.0  177.7    nan    nan    nan  131.3  3.771    nan    nan   99.7
S  177.0  164.1  104.0  179.0   81.7    nan  0.962  163.1  3.782    nan    nan  173.4
G   71.7 -112.6  112.8  179.5    nan    nan    nan  102.6  3.786    nan    nan   47.4
T -119.2    2.5  113.6 -179.3   66.4  -53.3  1.056   61.9  3.791    nan    nan  -34.8
S -124.8  124.2  113.6 -179.7 -170.1    nan  1.065  126.3  3.800  5.282   44.5   64.9
Y -133.7  162.3  109.3 -179.6  -59.8    nan  1.017  137.0  3.802  5.786  175.6  165.4
S -156.1  152.9  110.1  180.0   75.8    nan  1.039  151.3  3.759  5.456 -174.5 -173.9
L -122.0  133.9  104.2  179.5 -179.7    nan  0.948  121.1  3.770  5.599 -143.6 -151.4
T -126.8  144.7  113.8 -178.8  -71.6  167.8  1.057  132.5  3.776  5.782 -174.3 -171.0
I -122.2  114.5  104.0  177.2  -55.1 -174.4  0.968  114.1  3.795  5.747 -154.1 -163.3
S  -60.4  -54.3  111.5 -179.4   48.2    nan  1.039   91.6  3.809  5.911 -118.9 -127.5
S -130.0  111.1  109.4  179.3 -151.2    nan  1.013  118.0  3.803  4.759  -14.5    5.1
M  -70.3  134.1  115.7 -178.4  157.4    nan  1.080   93.3  3.793  5.935 -134.6 -140.3
E -120.9  164.7  107.8  178.4  -83.0    nan  1.004  124.3  3.802  5.762 -163.2 -172.7
A  -55.2  -45.2  113.3 -178.9    nan    nan  1.062   99.9  3.813  5.289  -66.0  -68.7
E  -65.7   -2.7  113.0 -179.2   65.7    nan  1.050  113.2  3.798  5.241   63.2   78.6
D  -86.1  -21.6  111.8  179.5  -74.4    nan  1.052   85.8  3.798  5.625   78.8   97.1
A  -59.6  119.7  108.4  179.1    nan    nan  1.011   89.1  3.811  5.617   92.6  103.0
A -174.9 -165.5  107.1 -178.3    nan    nan  0.972  163.3  3.785  5.483  133.1  118.1
T -118.3  134.9  104.6  178.1  -65.3  175.4  0.974  119.5  3.801  5.240 -108.7  -97.3
Y -114.5  128.8  111.5 -179.4  -63.5    nan  1.044  121.3  3.800  5.822 -159.6 -158.4
Y -115.3  132.6  111.9 -179.5  -66.5    nan  1.009  122.6  3.807  5.857 -159.8 -168.8
C  -97.9  152.9  102.9  174.8   51.7    nan  0.991  102.9  3.783  5.818 -148.2 -151.7
H -144.3  140.7  108.4 -176.6  169.1    nan  0.972  138.2  3.771  5.525 -164.3 -169.7
Q -113.8  124.1  107.9  177.0   65.9    nan  1.007  117.3  3.811  5.859 -155.5 -156.0
Y -113.1   40.7  103.9  179.1 -175.0    nan  0.943   81.2  3.780  5.814 -162.9 -173.4
H  -94.3  -52.6  114.4 -178.1 -170.1    nan  1.064   68.2  3.781  5.890  111.7  133.0
R -139.4  120.8  109.9 -179.5 -170.3    nan  1.013  125.4  3.795  4.696  -20.9   -1.6
S  -67.1  150.5  111.4 -179.8  113.5    nan  1.048   80.0  3.797  5.846 -121.4 -130.1
P  -68.7  134.3  111.1    0.1   28.7    nan  0.972   89.2  2.858  4.747   82.3   40.5
Y  -64.1  130.3  108.7  179.3  -53.8    nan  1.017   86.4  3.794  5.745 -109.2 -115.1
T -110.6  168.2  114.5 -177.0   40.7  -78.2  1.074  115.1  3.785  5.849 -158.0 -158.7
F -133.9  149.7  106.3  179.6  -78.3    nan  0.961  134.5  3.797  5.449 -139.9 -145.8
G  -82.3  170.6  106.0  178.4    nan    nan    nan   84.9  3.769    nan    nan -113.9
G  -71.6   -3.9  111.4  180.0    nan    nan    nan  106.9  3.786    nan    nan  -77.6
G   76.5  157.3  113.4  179.7    nan    nan    nan   68.7  3.775    nan    nan -113.2
T -123.5  119.4  106.8  178.6  -63.3  176.6  0.984  118.7  3.797    nan    nan -148.1
K  -88.0  119.1  108.1  179.6 -170.8    nan  1.009  104.7  3.789  5.925 -145.4 -150.7
L -100.3  115.9  109.3 -179.7  179.9    nan  1.013  111.8  3.785  5.907 -156.9 -163.8
E -114.1  162.1  111.7  179.7  105.4    nan  1.035  119.5  3.803  5.933 -176.1  179.8
I  -84.0  122.9  110.3  179.6  -54.4 -176.9  1.003  103.5  3.801  5.421  -96.0 -101.6
K  -82.4  149.6  109.5  179.0  173.0    nan  1.020   93.1  3.793  5.843 -135.9 -143.1
R -155.2  173.5  108.8  179.8   54.7    nan  1.005  156.6  3.792  5.549  177.8  171.0
A  -61.7  140.1  110.5 -179.9    nan    nan  1.028   80.5  3.791  5.152  -64.5  -65.7
D  -52.7  154.1  108.3  179.2  -77.8    nan  1.008   64.1  3.792  5.530  -83.7  -97.7
A -155.7  127.0  109.8  179.9    nan    nan  1.030  131.3  3.809  5.563  179.1  176.7
A  -71.9  153.2  110.2  180.0    nan    nan  1.024   82.6  3.784  5.769 -117.7 -128.9
P  -85.1  143.8  111.0  179.8   32.1    nan  0.963   98.2  3.818  5.461 -106.2 -111.6
T  -98.9  105.3  105.9  177.7   70.7  -50.3  1.002  107.5  3.790  5.834 -140.1 -138.3
V  -80.0  154.2  115.6 -178.6 -167.8  -46.1  1.086   91.7  3.801  6.050 -150.2 -154.6
S -154.8  121.2  108.9  179.1  -58.8    nan  1.006  125.9  3.809  5.525 -175.7  174.2
I -101.6  142.6  107.2  179.0 -168.1   69.9  1.004  109.6  3.798  5.951 -158.0 -163.6
F -130.0  123.0  111.7 -179.9  -66.3    nan  1.039  126.0  3.794  5.723 -165.9 -167.5
P  -72.2  165.3  108.7  179.5  -11.8    nan  0.945   77.4  3.820  5.722 -119.3 -134.7
P  -59.0  175.2  112.9  180.0  -19.8    nan  1.002   61.0  3.822  5.338  -74.4  -71.8
S -103.3  144.6  110.6  180.0 -109.1    nan  1.023  112.7  3.792  5.432 -111.6 -103.5
S  -54.7  -56.8  104.5  178.8   -2.4    nan  0.946   98.4  3.784  5.439  -78.5  -95.6
E  -48.2  -47.6  110.6  179.4  168.9    nan  1.027  104.9  3.766  5.083   67.8   80.1
Q  -66.6  -37.3  111.6 -179.6  161.3    nan  1.045   96.3  3.803  5.271   58.6   74.4
L  -63.5  -36.9  110.1 -179.8  -83.8    nan  1.030  100.0  3.780  5.339   73.3   86.3
T  -56.5  -29.5  112.5  179.6  -42.0 -162.5  1.049  108.9  3.806  5.443   79.1   92.8
S  -86.4   -0.3  112.4 -179.9   45.6    nan  1.052   93.5  3.812  5.296   53.7   72.7
G   86.3   11.8  115.4  179.5    nan    nan    nan   88.6  3.803    nan    nan -101.6
G -122.1  156.0  109.2  179.6    nan    nan    nan  126.8  3.790    nan    nan   74.2
A -146.0  122.8  111.4 -179.5    nan    nan  1.042  128.4  3.797    nan    nan -169.5
S -124.2  123.8  111.2 -179.5  -70.5    nan  1.033  124.2  3.786  5.831 -178.0  176.3
V -100.0  125.8  105.5  178.5 -154.2  -31.9  0.978  108.3  3.785  5.902 -150.9 -161.8
V -113.1  140.8  112.2 -178.1  168.9  -68.8  1.046  121.6  3.778  5.872 -165.1 -166.0
C -129.0  126.9  108.9  179.4 -168.1    nan  1.001  125.4  3.762  5.671 -164.2 -171.8
F -108.0  130.5  110.8  179.5  -68.8    nan  1.019  117.2  3.785  5.849 -158.3 -163.2
L -121.0   97.0  102.3  177.5  -59.9    nan  0.939  104.1  3.803  5.805 -167.2 -176.6
N -102.5  159.3  117.9 -177.3  -65.8    nan  1.117  111.3  3.774  5.992  169.5 -179.5
N   34.8   77.7  118.6  179.0  -47.8    nan  1.129   84.7  3.805  4.636   22.9    3.0
F -136.7  170.1  111.2  179.0   61.4    nan  1.045  139.4  3.789  5.790  122.7  116.5
Y -162.2  138.7  107.7  180.0 -166.7    nan  0.988  141.0  3.797  5.402 -168.5 -172.5
P  -70.0 -176.7  112.6    0.2   -5.9    nan  0.993   68.8  2.945  5.063   73.1   40.1
K  -70.0  -27.3  110.7 -179.9   14.8    nan  1.032   98.7  3.794  5.186  -68.3  -61.3
D  -56.4  126.7  110.5 -179.9  -78.5    nan  1.032   84.4  3.777  5.534   89.8  102.0
I -164.2  149.3  107.5  179.9 -163.9   74.5  1.002  150.4  3.790  5.634  148.4  135.1
N -131.1  112.6  110.3 -179.8 -148.8    nan  1.025  119.6  3.791  5.655 -160.8 -161.4
V  -99.8  144.3  110.8 -179.8 -171.5  -49.8  1.034  110.0  3.782  5.974 -163.5 -169.8
K -138.6  143.3  108.4  179.4  -90.0    nan  0.998  136.6  3.790  5.648 -170.5 -177.6
W -106.2  133.6  109.7  179.4  -88.2    nan  1.021  115.3  3.792  5.729 -142.2 -143.7
K -126.0  115.0  110.9  179.5 -109.1    nan  1.037  120.6  3.775  5.754 -172.0 -173.6
I -105.2  100.1  107.8  178.8  -49.1 -171.4  0.993  109.7  3.786  5.945 -164.6 -174.8
D   66.5   53.4  107.7 -178.6  -77.3    nan  1.001   90.8  3.789  4.958   -1.5  -23.1
G   66.9  -10.4  114.5  179.5    nan    nan    nan  117.0  3.801    nan    nan  -68.6
S  -90.7  139.8  110.5 -179.8 -132.2    nan  1.025  103.6  3.790    nan    nan   85.5
E  -78.8  130.1  109.7  179.7 -127.7    nan  1.011   97.4  3.798  5.676 -113.0 -122.2
R -123.1  127.9  109.6  179.6 -143.8    nan  1.018  123.8  3.797  5.803 -171.4 -175.5
Q -123.9   -1.0  111.8 -179.2  -29.4    nan  1.034   55.8  3.797  5.801 -172.8 -177.7
N  -92.5  115.5  110.5  180.0 -175.5    nan  1.028  109.5  3.780  5.552   73.9   92.3
G  100.8   12.6  114.5  178.9    nan    nan    nan   74.2  3.795    nan    nan   19.6
V  -96.4  132.4  112.6 -179.7 -164.1  -42.5  1.053  111.0  3.784    nan    nan  102.1
L -131.3  113.2  111.1  179.8  -68.6    nan  1.025  120.5  3.818  5.761 -174.0  176.8
N -100.7  156.7  112.3 -179.5  -52.0    nan  1.045  108.6  3.791  5.919 -164.6 -169.8
S -153.2  135.6  108.5  179.9  173.9    nan  0.998  137.6  3.787  5.500 -173.0 -179.3
W -118.8  150.1  110.7  179.8  -59.5    nan  1.006  124.9  3.818  5.831 -159.7 -164.6
T  -96.6  174.1  105.1  177.4   57.0  -63.7  0.952   98.1  3.784  5.578 -122.2 -129.6
D  -87.1  167.7  106.7  178.8  -71.4    nan  0.976   90.7  3.796  5.301  -92.5  -90.1
Q  -50.6  128.3  107.4  178.8 -175.8    nan  0.974   77.8  3.792  5.143  -55.4  -63.2
D  -53.8  139.6  110.1 -179.9 -172.3    nan  1.030   74.3  3.786  5.712  -99.3 -108.9
S  -72.2  -21.1  112.4 -179.3  -16.0    nan  1.044   98.9  3.784  5.623 -106.3 -114.8
K -104.4  -57.2  114.3 -179.1  -34.8    nan  1.075   62.0  3.796  5.214   40.4   64.4
D  -99.5    9.9  114.9 -178.8   88.2    nan  1.105   84.8  3.795  4.850   11.7   37.4
S   49.9   34.4  116.2  178.3  -54.9    nan  1.089  110.0  3.804  5.616 -123.9 -126.8
T -104.1  176.4  111.0  178.6   33.3  -89.3  1.025  105.3  3.818  5.943  104.4  112.5
Y -120.8  157.4  109.4  179.5  -71.7    nan  1.014  125.7  3.784  5.281 -124.6 -120.0
S -141.5  152.7  108.1  179.3  -77.6    nan  1.001  141.6  3.769  5.543 -163.2 -164.6
M -147.9  150.5  109.1  179.6  151.2    nan  1.013  145.4  3.756  5.535 -174.6 -176.4
S -130.5  137.1  106.5  178.5  103.0    nan  0.987  128.6  3.780  5.641 -158.4 -162.4
S -127.2  127.4  109.0  179.4 -174.2    nan  1.012  125.0  3.792  5.760 -169.1 -171.5
T -120.0  128.0  113.6 -178.9  -52.3 -172.6  1.061  125.6  3.778  5.822 -171.2 -172.6
L -106.8  119.3  105.6  178.7 -177.5    nan  0.964  111.4  3.798  5.803 -150.9 -165.9
T -112.3  121.8  113.9 -178.2  -61.8  177.4  1.064  121.2  3.797  5.921 -173.1 -171.7
L -131.5 -177.4  109.5  179.4  -40.6    nan  1.009  130.6  3.803  5.833  175.8  164.4
T  -94.8  162.5  110.0  179.5   65.9  -54.0  1.015  100.5  3.793  5.198  -91.9  -86.3
K  -54.7  -37.4  106.6  179.3 -149.3    nan  0.968  108.5  3.792  5.199  -63.3  -74.0
D  -67.0  -80.5  113.9 -179.1  -63.8    nan  1.069   72.3  3.772  5.215   63.4   83.0
E  -53.0   -6.1  115.2 -178.2  105.4    nan  1.120  124.2  3.790  4.899   41.2   60.3
Y  -95.8  -35.8  107.7  177.9  152.7    nan  0.990   75.0  3.808  5.656   70.8   82.4
E  -78.3   -2.4  111.1 -179.7  -82.7    nan  1.041  100.9  3.781  5.197   55.3   73.2
R -105.9   25.8  111.8  179.1   75.1    nan  1.067   84.7  3.798  5.459   55.1   78.0
H -144.2  151.5  106.2  179.1  -72.4    nan  0.977  142.2  3.821  5.483   53.4   62.6
N -103.1  -55.1  116.0 -178.4  -44.8    nan  1.090   61.4  3.799  5.668 -133.7 -126.9
S  -99.8  134.3  114.4 -178.4 -117.4    nan  1.079  114.2  3.779  4.859   16.8   39.8
Y -121.0  125.6  106.9  178.5  -71.9    nan  1.007  120.1  3.790  5.744 -162.7 -173.2
T -124.7  135.5  116.8 -177.1  -52.2 -173.1  1.086  131.7  3.779  5.849 -176.3 -176.9
C -111.6  108.0  106.4  178.1  178.7    nan  0.976  111.3  3.777  5.697 -149.8 -164.2
E -109.0  137.7  112.5 -178.5 -153.7    nan  1.038  119.0  3.807  5.959 -179.5  179.4
A -144.8  124.2  114.9 -179.7    nan    nan  1.077  131.3  3.796  5.631  173.2  170.4
T -103.4  128.4  108.3  178.4   35.9  -84.8  1.013  112.5  3.816  5.917 -153.9 -165.6
H -131.5  146.5  107.7 -179.2 -174.4    nan  0.987  132.7  3.807  5.789 -178.3  174.5
K  -41.1  -42.5  107.3  179.4  -72.6    nan  0.973  115.1  3.824  5.429  -63.2  -78.8
T  -53.0   -5.6  113.4 -179.8 -136.6  101.3  1.060  124.6  3.777  5.210   75.5   90.6
S -166.2  140.8  114.8 -179.7 -148.4    nan  1.075  144.6  3.809  4.887   -4.7   11.6
T  -92.4  -12.5  107.2  178.6   47.2  -73.2  0.993   83.9  3.793  5.694 -125.0 -137.5
S -101.5  100.0  108.3  179.3    0.7    nan  0.999  109.7  3.805  5.375   53.2   71.0
P  -43.5  124.6  112.8 -179.8    5.4    nan  1.002   78.9  3.834  5.871 -115.6 -127.3
I  -72.7  136.1  108.0  179.0  -57.1 -179.2  1.004   89.5  3.802  5.933 -124.5 -134.0
V -129.0  139.8  114.2 -178.3  169.1  -69.2  1.070  133.3  3.792  5.747 -171.9 -172.0
K -139.2  118.5  105.2  178.5 -133.8    nan  0.968  120.8  3.793  5.682 -173.7  173.9
S -133.9 -180.0  113.6 -179.0  -62.1    nan  1.054  133.9  3.788  5.811  164.9  165.2
F -166.6  153.2  109.9  178.7   76.1    nan  1.042  154.7  3.771  5.260 -167.9 -165.0
N -110.4  153.6  106.7  179.3 -169.1    nan  0.973  115.6  3.790  5.600 -131.7 -138.9
R  -61.5  113.6  111.6  179.8 -108.9    nan  1.055   96.1  3.797  5.498  -86.5  -87.7
N   93.1    nan  114.2 -180.0 -140.5    nan  1.091    nan  3.838  4.999   37.1   11.0
