Id   phi    psi    tau  omega    chi    chi2  solid    eta  CA-CA  CB-CB  BA^AB  NA^AC
M    nan  154.0  107.8    nan  173.3    nan  0.905    nan    nan    nan    nan    nan
N -153.0  177.8  107.3  176.2   56.7    nan  1.022  153.5  3.756  5.595  168.3  178.8
I  -52.2  -41.0  114.7 -177.4 -173.0   64.8  1.189  104.3  3.766  5.208  -57.8  -49.3
F  -65.7  -46.2  112.7 -179.1  -73.1    nan  1.057   91.8  3.800  5.485   71.6   83.0
E  -65.3  -38.6  108.9  179.6  -62.8    nan  1.006   98.2  3.735  5.273   64.7   76.2
M  -62.1  -52.4  111.0 -178.7 -174.1    nan  0.998   92.0  3.741  5.210   76.2   86.9
L  -67.9  -29.0  111.8  179.9  -79.5    nan  1.046   99.4  3.783  5.162   49.1   68.7
R  -65.0  -34.1  109.2  178.9  174.9    nan  1.033  100.5  3.836  5.480   76.4   91.3
I  -69.7  -47.1  111.2  174.5  -77.8  160.9  1.063   89.3  3.807  5.456   59.9   79.1
D  -66.0  -36.1  115.3 -177.9  -71.1    nan  1.160   95.6  3.858  5.325   53.7   77.7
E  -99.0  -27.2  115.7 -176.8  -58.6    nan  1.043   70.4  3.786  5.102   42.7   58.7
G   79.4 -175.6  106.4 -177.9    nan    nan    nan   80.7  3.875    nan    nan -127.5
L -137.8  125.1  107.5  177.3  161.8    nan  1.023  126.2  3.788    nan    nan -128.9
R -135.7  128.1  107.0  179.6  -70.2    nan  0.994  127.1  3.810  5.844  175.0  165.5
L  -95.9    2.4  114.3 -175.9  -55.9    nan  1.163   85.1  3.728  5.840 -149.6 -146.6
K -122.4  151.3  108.2  173.0  -52.7    nan  0.988  126.6  3.787  5.591   55.4   60.5
I  -53.4  135.2  109.5  178.6  -69.0  170.9  1.041   76.4  3.833  5.432  -76.2  -84.7
Y -142.8  170.7  107.5  179.7   66.1    nan  1.087  144.7  3.779  5.707  170.0  169.3
K -100.5  133.6  110.3  177.6  -70.0    nan  1.099  111.9  3.776  5.479 -111.2 -106.9
D  -80.5 -171.3  110.0 -178.2   74.4    nan  1.162   77.7  3.737  5.748 -127.7 -127.6
T  -58.3  -25.6  114.1 -177.0   75.0  -43.6  1.140  108.9  3.846  5.088  -42.9  -41.5
E  -95.3   -2.0  112.3  179.1  -54.0    nan  1.043   84.0  3.823  5.457   52.1   66.4
G   90.3   14.2  113.7  180.0    nan    nan    nan   84.0  3.780    nan    nan  -99.0
Y  -99.2  145.5  113.8  177.9  -56.2    nan  1.050  110.9  3.817    nan    nan  100.2
Y  -67.0  127.8  110.5 -179.3  -70.6    nan  1.060   90.9  3.747  5.391  -96.2 -105.9
T -141.9  170.1  108.8 -175.9  -54.2  176.2  0.943  144.1  3.764  5.679 -179.3  161.2
I -156.8  164.1  107.2  174.4 -165.1   68.3  0.972  156.3  3.789  5.577 -174.5 -167.3
G   73.8 -134.2  109.5  172.5    nan    nan    nan   92.0  3.807    nan    nan   46.3
I -103.3   75.4  108.0  179.1  -53.4 -172.1  1.016  103.4  3.731    nan    nan  -44.3
G   69.4   27.7  115.3  176.6    nan    nan    nan   97.2  3.754    nan    nan  -49.2
H  -85.9  103.6  112.1  177.8 -177.6    nan  1.072  110.3  3.741    nan    nan  124.3
L  -66.7  129.0  111.7  179.5  168.9    nan  1.058   90.8  3.866  6.101 -136.6 -147.3
L  -93.3  -45.9  111.9 -178.2  -71.5    nan  1.064   72.1  3.734  5.833 -141.1 -144.7
T -170.0  153.4  109.0 -176.0 -176.3   62.7  0.979  155.0  3.746  4.555  -38.3  -28.7
K  -91.6   -6.4  111.0  175.6  -67.8    nan  1.066   86.1  3.772  5.590 -122.5 -121.0
S  -69.0  146.6  110.2  177.2  152.4    nan  1.067   83.0  3.828  5.795   93.9  107.2
P  -81.3    5.0  114.1 -176.5   -0.8    nan  0.951  100.7  3.817  5.492  -97.1 -113.8
S  -96.5  127.1  114.2 -177.6  172.5    nan  1.001  113.1  3.682  5.336   75.8   96.8
L  -66.3  -37.3  111.5  177.6  177.7    nan  1.115   96.7  3.719  5.751 -123.7 -126.6
N  -67.1  -38.1  109.2 -178.3 -101.5    nan  0.912   96.9  3.705  5.453   81.7   84.2
A  -59.1  -36.2  108.9  178.5    nan    nan  1.035  104.5  3.712  5.184   71.2   87.6
A  -70.8  -39.1  110.1 -179.1    nan    nan  0.980   92.9  3.815  5.379   72.3   80.7
K  -65.7  -37.7  110.8 -178.3  -88.0    nan  0.985   97.3  3.740  5.175   72.0   83.5
S  -66.0  -40.1  112.9  177.2  158.6    nan  1.137   94.7  3.712  5.124   59.2   82.0
E  -66.8  -37.3  107.4  178.1  -75.5    nan  0.971   98.5  3.815  5.514   72.7   78.6
L  -63.9  -43.8  112.9 -179.4  175.4    nan  1.070   94.4  3.709  5.216   67.7   86.5
D  -65.3  -39.1  111.9 -178.7  -66.6    nan  1.062   96.4  3.787  5.355   64.1   80.4
K  -67.1  -32.6  110.7  178.3  145.2    nan  1.011   98.7  3.725  5.183   66.8   80.2
A  -74.3  -34.2  112.8 -179.8    nan    nan  1.034   90.8  3.827  5.429   60.5   81.2
I  -90.5  -31.0  113.6 -177.2  -69.8  167.3  1.092   77.6  3.853  5.190   43.4   66.4
G   88.8   20.7  114.5 -179.9    nan    nan    nan   82.7  3.678    nan    nan -126.4
R -150.6  168.5  107.5  175.4   62.3    nan  1.109  152.0  3.789    nan    nan   49.4
N  -81.1  105.6  106.8  178.7 -126.4    nan  0.962  103.5  3.688  5.094  -80.2  -91.4
T  -89.8  -25.7  118.6 -173.9   72.6  -49.4  1.134   78.2  3.771  6.062 -168.4 -156.8
N   61.6   24.8  113.4 -171.6 -146.2    nan  1.205  106.6  3.693  5.430 -137.9 -140.3
G   78.8    4.5  118.0  174.2    nan    nan    nan   99.0  3.863    nan    nan  -90.4
V -122.5  140.1  109.8  178.3 -178.7  -56.1  1.014  126.5  3.760    nan    nan   66.5
I -130.5  168.3  107.0  178.7   57.4  -65.2  1.036  132.9  3.828  5.747 -173.2 -171.7
T  -90.6  168.2  110.6  179.1   80.8  -38.6  1.019   94.7  3.710  5.240  -99.0  -99.6
K  -59.0  -48.7  111.4  178.3 -168.1    nan  1.086   96.0  3.826  5.343  -71.3  -70.5
D  -56.9  -40.5  113.3  177.4 -105.5    nan  0.974  101.6  3.769  5.265   75.7   80.5
E  -65.3  -41.4  108.6  179.7  -81.0    nan  1.016   97.0  3.803  5.257   66.3   81.3
A  -62.5  -41.6  110.4  178.7    nan    nan  1.043   98.1  3.839  5.358   70.0   81.8
E  -67.5  -30.3  112.3 -180.0  -73.0    nan  1.111   98.8  3.788  5.306   58.1   78.8
K  -69.2  -43.5  111.7  177.1 -178.5    nan  1.050   91.1  3.763  5.497   73.3   85.6
L  -60.3  -40.5  109.3  175.1  -67.0    nan  0.991  100.9  3.849  5.468   73.4   79.4
F  -63.2  -45.9  111.2 -178.8 -174.0    nan  1.033   94.7  3.804  5.177   69.8   84.0
N  -57.3  -44.2  112.3  176.6  -82.3    nan  1.048   99.4  3.796  5.348   66.6   81.8
Q  -66.7  -38.8  111.5 -179.3  -60.4    nan  0.983   95.6  3.796  5.356   68.6   78.3
D  -65.2  -39.9  114.1 -179.6  -70.7    nan  1.101   94.8  3.784  5.237   65.0   84.6
V  -67.6  -44.9  109.1  177.2  170.0  -66.0  1.072   93.2  3.840  5.456   65.1   77.8
D  -62.0  -42.8  110.1  178.9 -168.9    nan  0.981   97.9  3.788  5.284   71.2   79.2
A  -62.0  -43.1  112.2  179.8    nan    nan  1.047   96.6  3.748  5.254   63.6   82.7
A  -61.4  -45.9  110.1  179.8    nan    nan  1.062   96.7  3.788  5.316   69.1   82.8
V  -59.2  -47.0  108.9  178.5  175.2  -63.7  1.042   98.4  3.858  5.457   70.7   80.7
R  -67.3  -33.4  112.3 -177.9  -96.3    nan  1.136   97.5  3.708  5.168   53.2   75.8
G  -63.9  -40.2  111.3  178.7    nan    nan    nan   97.2  3.780    nan    nan   89.0
I  -59.9  -45.6  109.0  178.4  -76.2  160.2  0.999   98.6  3.878    nan    nan   85.1
L  -69.0  -22.7  114.1 -175.5  -58.5    nan  1.151  100.5  3.763  5.137   50.9   77.2
R  -92.5  -15.3  110.7  177.8  -65.1    nan  0.977   82.2  3.716  5.469   64.2   71.3
N  -82.6  123.7  110.3 -175.0 -176.7    nan  1.092  102.4  3.806  5.348   67.9   93.0
A  -60.0  -28.1  112.7 -178.0    nan    nan  1.035  106.5  3.727  5.786 -101.8 -117.8
K  -84.9  -33.2  114.3 -179.0  -71.2    nan  1.089   81.4  3.799  5.351   56.4   77.0
L  -86.3  -37.8  114.3 -177.1  -57.8    nan  1.070   78.5  3.755  5.126   55.7   72.6
K  -48.1  -51.0  116.6 -176.6 -170.6    nan  1.103   99.3  3.732  5.392   89.3  104.8
P  -64.2  -31.8  111.2 -176.7    5.6    nan  1.005  101.5  3.796  5.151   65.0   77.4
V  -68.4  -50.4  109.3  178.6 -179.5  -55.8  1.064   89.9  3.755  5.393   63.9   85.5
Y  -56.0  -45.1  111.6  179.5 -173.7    nan  1.007  100.3  3.744  5.175   69.7   80.3
D  -63.2  -31.6  111.7  179.7  -79.8    nan  1.013  102.1  3.800  5.315   65.4   79.3
S  -79.7  -15.6  116.9  179.7   83.5    nan  1.063   93.0  3.715  5.137   59.8   78.6
L  -89.0  158.4  115.1 -174.5  -61.0    nan  1.004   98.1  3.831  5.412   71.5   88.4
D  -77.0  175.2  110.2  172.8   58.2    nan  1.010   78.7  3.814  5.422  -99.2 -103.8
A  -56.0  -49.1  118.0 -177.5    nan    nan  1.331   94.2  3.873  5.325  -75.7  -55.2
V  -63.8  -48.2  111.8 -179.6 -177.2  -59.7  1.069   92.6  3.726  5.393   72.1   77.7
R  -64.3  -31.7  114.8 -179.7  -63.9    nan  1.154   99.8  3.752  5.255   52.9   77.1
R  -58.7  -41.5  107.9  177.3  -83.4    nan  0.998  102.4  3.823  5.653   88.5   93.5
A  -60.3  -41.3  111.7  177.3    nan    nan  1.052   99.2  3.760  5.306   68.9   82.7
A  -60.7  -38.8  110.4  178.7    nan    nan  1.038  101.1  3.831  5.454   73.1   84.3
L  -68.3  -38.8  110.2  179.6 -172.4    nan  1.040   95.0  3.816  5.396   65.5   79.9
I  -62.6  -39.8  110.6  178.2  -61.5  167.3  1.083   98.9  3.736  5.367   65.6   84.4
N  -57.9  -46.8  110.4 -179.2 -171.7    nan  1.020   98.5  3.856  5.485   75.5   89.4
M  -61.2  -45.0  112.4  178.4  -64.4    nan  1.073   96.1  3.758  5.372   61.3   78.8
V  -65.7  -35.7  110.4 -178.2  170.6  -68.9  1.011   98.6  3.811  5.305   69.3   79.0
F  -61.9  -42.4  110.1  179.7 -175.3    nan  0.960   98.2  3.801  5.367   79.3   88.6
Q  -71.5  -52.8  114.7  179.7 -174.8    nan  1.133   82.9  3.820  5.148   48.0   74.4
M -106.3   -4.9  119.4 -174.7   65.1    nan  1.288   71.3  3.838  4.913    3.2   38.4
G   82.0  155.7  109.7  179.6    nan    nan    nan   74.6  3.747    nan    nan -108.1
E  -60.1  -42.5  115.2 -177.2  123.2    nan  1.092   96.8  3.714    nan    nan  -84.2
T  -62.4  -41.9  109.0 -179.2  -53.6 -176.1  0.936   98.8  3.704  5.412   80.8   83.9
G  -57.9  -50.6  111.6 -177.9    nan    nan    nan   95.6  3.720    nan    nan   88.6
V  -67.2  -35.1  112.2 -179.9 -175.6  -56.9  1.056   96.7  3.776    nan    nan   71.2
A  -61.1  -21.2  110.2  179.3    nan    nan  1.119  110.0  3.798  5.426   69.0   90.0
G  -74.8   -5.1  115.2  177.8    nan    nan    nan  103.0  3.832    nan    nan   90.1
F  -91.6   59.2  109.3 -179.6  -75.5    nan  1.004  105.6  3.856    nan    nan   89.7
T  -50.6  -52.2  116.1 -173.0  -56.8 -172.5  1.041   96.9  3.739  6.116 -169.8 -165.4
A  -62.0  -46.5  113.8 -178.0    nan    nan  1.122   93.7  3.751  5.073   56.0   77.9
S  -61.6  -40.6  110.3  180.0  -77.0    nan  0.967   99.3  3.831  5.338   75.8   79.8
L  -62.7  -41.9  109.4  179.9  -59.1    nan  1.077   98.4  3.838  5.348   64.2   83.2
R  -69.1  -36.8  111.9 -179.6  138.5    nan  1.092   94.4  3.672  5.210   60.5   77.4
M  -67.8  -39.6  109.8  178.6  -82.9    nan  1.074   95.2  3.776  5.476   65.2   81.4
L  -65.4  -42.3  111.6  176.4  -71.1    nan  0.985   94.8  3.753  5.436   75.4   79.9
Q  -59.9  -33.4  110.2 -179.2 -159.6    nan  0.993  104.7  3.724  5.173   72.2   85.7
Q  -81.4   -3.8  112.9  179.7  -70.2    nan  1.053   97.1  3.770  5.280   52.1   73.2
K   64.5   35.8  114.1 -178.6  -51.8    nan  1.144   97.6  3.803  5.486 -125.5 -122.9
R -100.3   73.8  106.0  176.9  -65.6    nan  0.981  102.1  3.831  6.034  114.0  114.1
W  -55.4  -47.8  117.2 -171.4  -42.6    nan  1.211   95.9  3.836  6.248 -169.9 -154.3
D  -68.6  -38.4  113.3 -179.3  -71.6    nan  1.148   93.3  3.757  5.326   55.2   74.7
E  -65.0  -44.2  111.9  175.5  -63.9    nan  1.087   93.8  3.796  5.595   68.6   81.2
A  -62.2  -42.6  110.9  180.0    nan    nan  1.023   97.4  3.829  5.379   72.2   81.4
A  -58.1  -39.3  112.4  179.2    nan    nan  1.038  101.8  3.778  5.303   72.7   86.0
V  -71.8  -38.0  110.4 -179.8  168.4  -70.5  0.987   92.4  3.753  5.327   65.7   77.5
N  -68.1  -37.6  109.8 -178.4 -174.6    nan  1.007   95.9  3.740  5.292   69.2   82.2
L  -60.5  -34.6  110.9 -178.2  -76.0    nan  1.070  103.3  3.743  5.376   76.0   90.2
A  -71.4  -15.0  114.2 -177.2    nan    nan  1.128  102.0  3.810  5.348   64.3   84.4
K  -88.5   73.5  110.1  177.1  -58.1    nan  0.997  109.6  3.813  5.593   70.2   81.5
S -158.8  154.0  112.2 -174.6   62.3    nan  0.998  153.9  3.733  5.432   96.1   94.9
R  -55.4  -43.5  108.7  174.1 -173.8    nan  0.945  103.3  3.696  5.189  -72.1  -88.1
W  -49.0  -52.8  111.4  179.4  170.4    nan  0.997  100.2  3.790  5.200   82.8   93.0
Y  -67.7  -35.9  112.6 -177.5  175.8    nan  0.951   95.6  3.724  4.983   58.6   71.2
N  -71.2  -30.2  113.6 -179.2  -75.4    nan  1.082   95.0  3.812  5.212   57.7   82.1
Q  -87.8  -35.0  114.5 -179.9  -63.4    nan  1.035   78.1  3.780  5.350   57.2   72.1
T -129.2   69.9  107.7  178.8   52.3  -63.9  1.054   90.2  3.792  4.907    1.5   23.7
P  -65.4  -37.7  115.9 -175.0   14.0    nan  1.040   94.9  3.747  6.050 -168.5 -170.4
N  -67.9  -42.1  112.4 -177.2  -71.6    nan  1.121   92.5  3.740  5.354   59.4   86.3
R  -66.5  -45.3  110.5  179.6 -171.0    nan  0.981   93.0  3.784  5.341   72.3   79.1
A  -52.8  -47.8  109.2  177.6    nan    nan  1.066  102.3  3.838  5.251   68.5   86.2
K  -60.1  -38.2  111.8  179.1  -63.7    nan  1.085  101.1  3.829  5.456   66.0   78.7
R  -64.9  -43.6  110.5  178.3  -71.2    nan  1.041   95.1  3.787  5.427   75.5   83.1
V  -68.2  -43.7  111.2 -178.7  176.7  -64.2  1.030   92.1  3.805  5.187   62.7   77.1
I  -60.0  -40.1  112.7  178.8  -77.7  163.9  1.083   99.6  3.752  5.252   63.9   83.3
T  -62.0  -36.5  111.4  178.0  -73.0  171.6  1.068  100.8  3.861  5.514   70.6   83.8
T  -67.6  -39.7  108.4 -179.3  -51.5 -174.1  1.049   96.1  3.788  5.344   67.9   82.9
F  -72.4  -35.6  112.0  178.0  -80.4    nan  0.946   92.2  3.801  5.518   68.0   74.6
R  -64.9  -45.4  113.9 -178.1 -160.4    nan  1.074   92.1  3.747  5.163   69.5   89.0
T  -95.7  -31.9  116.0 -175.5   69.8  -54.1  1.090   71.7  3.783  4.938   32.5   53.8
G   76.4   19.4  114.1 -175.4    nan    nan    nan   95.1  3.758    nan    nan -134.7
T -128.5  172.7  105.1  179.4   67.2  -54.3  0.913  130.0  3.806    nan    nan   73.2
W  -96.4   13.6  111.0 -178.6  -70.6    nan  0.935   88.6  3.766  5.263  -99.4  -98.3
D  -45.2  -37.4  118.2 -177.3  -67.4    nan  1.143  110.9  3.716  5.844  134.5  154.4
A  -68.1  -15.0  110.5 -175.8    nan    nan  1.045  106.0  3.796  5.395   72.9   86.8
Y -104.2   -4.5  116.3 -177.3  -69.8    nan  1.156   73.8  3.771  5.254   42.3   71.8
K -102.0    nan  110.0 -179.9  -64.0    nan  1.030    nan  3.953  5.743   67.7   79.7
