Id   phi    psi    tau  omega    chi    chi2  solid    eta  CA-CA  CB-CB  BA^AB  NA^AC
M    nan  151.2  105.5    nan  171.5    nan  0.921    nan    nan    nan    nan    nan
N -153.8  176.8  107.3 -179.8   56.9    nan  1.004  154.6  3.764  5.708  172.8  176.2
I  -53.1  -41.3  114.9 -177.0 -170.3   66.9  1.228  103.2  3.793  5.189  -63.6  -51.1
F  -66.1  -47.5  112.5 -179.7  -68.0    nan  1.072   90.9  3.771  5.561   71.5   81.8
E  -65.9  -36.4  109.7  179.9  -64.9    nan  0.981   98.4  3.753  5.268   66.8   74.7
M  -62.4  -55.0  111.2  178.8 -173.1    nan  0.989   90.2  3.752  5.273   76.2   87.0
L  -64.5  -28.1  113.3  179.0  -81.3    nan  1.094  102.2  3.760  5.078   48.1   69.2
R  -68.5  -31.4  111.2  178.8  169.3    nan  1.049   97.9  3.817  5.561   75.9   89.9
I  -71.3  -43.6  110.0  176.6  -83.2  151.7  1.046   90.5  3.815  5.464   65.6   81.6
D  -66.3  -39.1  113.8 -178.4  -74.6    nan  1.172   94.6  3.854  5.328   55.5   79.2
E  -98.0  -28.3  118.7 -175.4  -61.2    nan  1.078   69.7  3.764  5.075   41.4   58.8
G   80.5 -172.3  108.3 -174.8    nan    nan    nan   83.0  3.778    nan    nan -124.7
L -140.8  120.7  108.6  176.8  167.3    nan  0.973  124.6  3.788    nan    nan -128.3
R -131.8  127.7  107.0  177.3  -55.6    nan  1.042  125.5  3.859  5.887  164.1  163.9
L  -90.6    0.9  113.9 -178.1  -63.8    nan  1.095   89.8  3.729  5.764 -137.5 -143.6
K -126.6  146.9  108.9  177.2 -172.8    nan  1.028  129.9  3.806  5.359   40.1   58.1
I  -47.6  138.3  109.9 -178.7  -68.4  169.7  1.113   70.4  3.858  5.698  -76.5  -82.6
Y -146.0  169.8  107.9  177.2   67.7    nan  1.042  147.8  3.795  5.681  175.1  169.7
K -103.7  139.7  109.5  175.3  -41.6    nan  1.071  112.9  3.736  5.582 -120.9 -109.9
D  -76.9 -172.6  111.7 -178.7   74.4    nan  1.145   74.3  3.738  5.519 -116.2 -118.5
T  -54.5  -27.1  114.2 -179.1   69.6  -48.9  1.152  111.4  3.831  5.104  -42.5  -40.6
E  -96.0   -2.4  114.7 -178.9  -46.6    nan  1.148   83.0  3.858  5.397   45.6   66.4
G   89.4   16.5  113.4 -179.1    nan    nan    nan   84.1  3.791    nan    nan  -98.2
Y  -97.5  142.9  112.1 -179.5  -59.0    nan  1.027  109.2  3.842    nan    nan  104.9
Y  -65.7  125.7  109.4 -179.1  -77.6    nan  0.985   90.3  3.707  5.289  -93.7 -107.9
T -141.6  167.7  107.8 -176.4  -54.6  179.4  0.916  143.7  3.785  5.726  174.2  159.7
I -155.9  162.7  108.6  175.8 -164.3   73.9  1.001  155.5  3.786  5.609 -176.7 -169.1
G   69.8 -128.5  113.1  174.5    nan    nan    nan   94.2  3.794    nan    nan   40.8
I -105.0   70.4  112.2  178.6  -55.4 -174.5  1.070  104.9  3.831    nan    nan  -38.4
G   72.9   24.0  114.6  178.4    nan    nan    nan   96.1  3.723    nan    nan  -50.2
H  -83.1  103.2  112.9 -179.6 -175.3    nan  1.098  110.4  3.787    nan    nan  125.8
L  -66.8  131.9  111.8 -178.6  170.4    nan  1.021   89.4  3.834  5.992 -131.9 -146.4
L  -98.3  -44.8  112.4 -178.6  -69.5    nan  1.053   68.4  3.732  5.823 -147.3 -144.3
T -162.7  152.7  112.2 -178.1 -172.3   62.5  1.037  154.1  3.737  4.530  -34.1  -20.0
K  -93.6   -6.5  109.1  176.3  -65.4    nan  1.086   84.3  3.812  5.663 -125.1 -124.6
S  -70.8  142.5  112.3  177.2  160.4    nan  1.139   87.6  3.786  5.746   85.4  105.5
P  -72.9  -11.8  114.8 -176.3   -1.6    nan  1.000  101.9  3.777  5.406  -91.2 -112.4
S  -86.0  129.7  116.1 -177.8  175.5    nan  1.095  107.1  3.721  5.273   64.0   92.0
L  -70.3  -28.0  111.9  178.6  179.3    nan  1.035   97.7  3.799  5.746 -111.9 -126.9
N  -73.8  -35.4  111.4  179.4  -77.5    nan  0.974   91.5  3.720  5.422   76.5   85.5
A  -63.6  -34.4  108.3  179.2    nan    nan  1.029  102.0  3.684  5.132   72.5   86.8
A  -69.1  -45.5  110.0  179.1    nan    nan  0.984   91.3  3.794  5.366   70.4   82.0
K  -63.1  -35.4  110.7  178.9  -78.6    nan  1.025  100.7  3.747  5.203   64.6   77.8
S  -70.3  -40.7  110.8  178.7  166.7    nan  1.060   92.2  3.715  5.243   66.0   80.9
E  -64.4  -39.4  108.1  179.0  -77.0    nan  0.964   99.0  3.742  5.372   74.0   80.8
L  -60.2  -45.1  114.0  178.5  179.2    nan  1.100   95.8  3.791  5.317   67.4   86.6
D  -65.8  -36.2  112.6 -177.7  -71.1    nan  1.037   97.1  3.786  5.315   66.3   80.2
K  -65.6  -37.5  111.3  178.3  157.8    nan  1.043   97.3  3.702  5.194   66.4   84.3
A  -71.9  -35.5  112.4 -179.6    nan    nan  1.083   92.4  3.861  5.435   57.1   78.9
I  -89.7  -28.0  113.8 -177.9  -65.6  176.3  1.043   79.3  3.821  5.220   48.5   65.4
G   83.2   26.3  113.2 -179.7    nan    nan    nan   86.2  3.709    nan    nan -128.7
R -157.4  166.7  108.0  175.5   73.4    nan  1.107  157.8  3.791    nan    nan   47.3
N  -79.9   99.1  106.1  178.5 -128.5    nan  0.996  104.0  3.785  5.289  -82.3  -93.4
T  -90.4  -22.4  114.2 -172.6   66.9  -56.4  1.037   80.6  3.718  6.022 -165.6 -164.1
N   59.3   35.8  110.6 -175.9 -163.6    nan  1.084  103.7  3.680  5.362 -144.5 -142.2
G   76.1    7.0  118.9  175.8    nan    nan    nan  100.5  3.897    nan    nan  -81.7
V -130.3  141.9  109.5  178.4 -172.7  -48.8  0.991  131.8  3.833    nan    nan   60.4
I -132.0  168.7  108.3  179.8   56.5  -73.4  1.033  134.6  3.771  5.635 -172.5 -171.4
T  -95.3  172.8  108.9  177.0   66.2  -55.1  0.929   97.6  3.758  5.425  -99.5 -104.3
K  -57.9  -49.0  112.3  178.0 -166.3    nan  1.105   96.1  3.881  5.240  -71.9  -64.2
D  -53.0  -46.6  112.8  176.4  -91.6    nan  0.930  100.9  3.759  5.276   84.6   82.9
E  -63.2  -43.0  109.5 -179.8  -80.0    nan  1.043   97.3  3.804  4.982   59.1   77.9
A  -62.7  -43.9  109.0  178.5    nan    nan  1.039   97.4  3.847  5.351   66.1   79.6
E  -65.4  -30.7  113.7  178.5  -79.6    nan  1.118   99.9  3.795  5.327   56.8   77.4
K  -70.2  -45.0  110.9  177.0 -177.0    nan  1.072   90.1  3.762  5.478   70.2   84.4
L  -60.7  -37.2  110.0  175.7  -67.2    nan  0.955  102.1  3.811  5.501   76.6   78.1
F  -63.7  -43.8  111.3 -177.8 -176.5    nan  1.022   95.4  3.818  5.166   72.4   87.6
N  -61.4  -40.3  110.9  178.0  -82.4    nan  1.007   99.4  3.841  5.342   67.3   80.5
Q  -64.9  -44.8  112.0  178.4  -62.8    nan  1.067   93.5  3.770  5.348   65.4   81.2
D  -66.7  -35.5  113.7 -178.9  -69.9    nan  1.059   96.2  3.781  5.225   65.9   78.1
V  -71.6  -46.3  107.8  177.9  171.3  -62.8  1.049   90.5  3.801  5.451   64.0   78.5
D  -56.4  -44.6  111.4  177.0 -177.7    nan  1.089  100.4  3.785  5.313   66.9   81.7
A  -61.1  -41.2  113.1  177.7    nan    nan  1.043   97.9  3.833  5.468   66.8   80.4
A  -62.1  -46.2  110.0  179.5    nan    nan  1.032   96.1  3.818  5.401   71.6   83.8
V  -60.6  -50.4  110.6  179.8  178.8  -61.2  1.053   94.4  3.807  5.312   66.7   80.3
R  -62.5  -31.8  110.3  178.8  -86.5    nan  1.149  103.3  3.751  5.264   51.9   74.3
G  -66.3  -41.7  111.2  178.4    nan    nan    nan   94.6  3.820    nan    nan   87.5
I  -60.4  -48.6  108.5  176.6  -78.5  159.1  0.970   96.9  3.860    nan    nan   81.6
L  -67.0  -20.7  113.5 -175.9  -61.9    nan  1.110  103.6  3.820  5.121   52.6   75.9
R  -89.6  -18.7  111.3  178.6  -78.7    nan  1.009   83.7  3.755  5.466   63.1   76.3
N  -84.4  117.0  113.5 -174.9 -172.5    nan  1.165  108.0  3.791  5.256   56.9   88.6
A  -56.8  -23.8  113.2 -179.4    nan    nan  1.007  111.6  3.819  5.850  -98.1 -125.0
K  -86.7  -41.6  114.2  178.9  -95.0    nan  1.028   76.7  3.788  5.250   59.7   76.9
L  -81.8  -41.5  115.6 -177.4  -60.6    nan  1.072   79.9  3.729  4.949   47.3   69.3
K  -51.5  -50.8  116.9 -174.1 -177.2    nan  1.113   96.8  3.742  5.283   79.6  101.1
P  -61.2  -31.7  110.5 -177.8    8.8    nan  0.975  104.3  3.797  5.327   68.5   79.3
V  -65.6  -53.4  107.8  178.0 -178.3  -55.8  1.057   91.3  3.794  5.503   68.7   87.2
Y  -50.4  -48.0  110.1  179.0 -174.5    nan  1.035  103.3  3.713  5.151   74.1   81.6
D  -64.9  -28.4  112.9 -179.0  -73.7    nan  1.069  101.8  3.817  5.327   59.1   76.4
S  -79.9  -13.2  115.8  179.8   75.3    nan  1.033   94.1  3.760  5.340   66.5   81.3
L  -89.6  160.6  114.6 -173.9  -63.8    nan  1.037   97.6  3.801  5.363   69.8   90.9
D  -78.1  172.2  108.7  173.7   56.1    nan  1.002   80.7  3.838  5.431  -95.5 -101.8
A  -56.7  -42.5  118.2 -178.0    nan    nan  1.337   98.0  3.846  5.386  -80.4  -59.2
V  -66.6  -47.1  111.9  179.5 -173.2  -55.9  1.084   91.1  3.781  5.582   73.5   80.2
R  -67.8  -26.2  111.8 -178.3  -64.6    nan  1.131  100.8  3.749  5.282   52.5   75.2
R  -63.6  -39.3  109.8  178.0  -78.8    nan  1.036   98.8  3.765  5.730   87.7   94.8
A  -62.3  -38.2  110.8  178.2    nan    nan  1.053   99.8  3.758  5.281   70.7   83.7
A  -61.0  -37.9  111.4  177.8    nan    nan  1.068  100.8  3.864  5.588   72.3   86.0
L  -71.0  -38.6  109.0 -179.6 -173.7    nan  1.039   93.6  3.788  5.366   66.1   78.6
I  -63.6  -41.0  110.3  178.0  -61.8  169.8  1.075   97.6  3.766  5.402   66.4   83.2
N  -55.1  -47.5  110.8  178.4 -171.0    nan  1.041   99.9  3.896  5.521   76.0   89.0
M  -58.6  -45.7  113.9  177.8  -62.4    nan  1.128   96.7  3.804  5.450   62.2   80.5
V  -66.2  -37.8  110.0 -177.7  170.2  -70.0  1.071   97.3  3.826  5.327   66.7   78.3
F  -60.0  -44.8  109.7  178.4 -175.3    nan  1.006   98.6  3.765  5.387   75.9   87.2
Q  -71.5  -49.3  114.7 -179.4  175.4    nan  1.045   84.6  3.813  5.243   53.4   72.9
M -115.1    8.2  119.8 -173.3   76.9    nan  1.254   69.2  3.747  4.604   -4.0   34.8
G   74.0  154.1  110.9  178.7    nan    nan    nan   66.5  3.756    nan    nan -104.8
E  -52.6  -45.5  113.1 -177.7 -161.2    nan  0.953  101.8  3.703    nan    nan  -82.8
T  -62.5  -45.9  111.2 -178.1  -33.6 -160.4  0.959   95.2  3.768  5.225   68.2   81.6
G  -55.2  -56.3  109.1 -179.5    nan    nan    nan   95.4  3.686    nan    nan   85.8
V  -65.2  -39.7  113.8 -179.3  179.5  -59.0  1.068   95.1  3.752    nan    nan   68.2
A  -57.6  -22.1  107.9 -179.1    nan    nan  1.109  113.5  3.773  5.404   70.5   90.2
G  -71.5  -12.0  118.7  177.0    nan    nan    nan  102.4  3.795    nan    nan   92.4
F  -85.9   56.0  107.9 -179.5  -76.1    nan  1.001  107.2  3.884    nan    nan   88.2
T  -48.6  -52.1  116.4 -175.7  -49.8 -168.9  1.076   98.2  3.763  6.212 -174.1 -168.5
N  -65.9  -38.7  113.4 -178.4  -56.4    nan  1.145   95.3  3.691  5.016   53.2   74.2
S  -68.2  -39.8  111.7 -179.7  -52.7    nan  0.985   93.7  3.774  5.488   77.7   81.7
L  -59.1  -43.8  110.5 -179.9  -58.8    nan  1.111   99.3  3.794  5.260   69.1   87.8
R  -62.9  -41.4  110.9  177.8 -172.1    nan  0.912   97.5  3.741  5.238   78.1   78.8
M  -65.8  -41.4  110.5  179.0  -76.4    nan  1.115   95.5  3.754  5.168   50.3   79.4
L  -64.6  -40.4  110.3  179.0  -68.7    nan  1.017   97.2  3.747  5.434   72.8   80.7
A  -60.7  -34.1  109.7 -179.1    nan    nan  1.050  104.0  3.737  5.303   69.5   86.3
Q  -84.0   -0.8  116.0  179.6  -64.1    nan  1.093   95.6  3.744  5.260   50.1   71.3
K   65.1   27.7  114.2 -179.8  -45.5    nan  1.211  101.5  3.863  5.667 -126.5 -120.3
R  -94.7   78.0  105.5  177.2  -61.6    nan  0.940  104.0  3.852  6.063  117.9  112.5
W  -59.5  -48.8  118.8 -170.1  -42.1    nan  1.283   91.3  3.803  6.175 -177.0 -152.4
D  -65.7  -39.7  112.6  179.7  -66.8    nan  1.064   95.3  3.724  5.339   67.0   75.8
E  -65.7  -39.6  114.1  177.3  -59.3    nan  1.079   94.6  3.684  5.352   63.8   81.6
A  -64.5  -39.0  110.4 -179.9    nan    nan  1.020   97.8  3.730  5.281   72.0   84.0
A  -61.1  -37.6  110.2  179.9    nan    nan  1.011  101.4  3.761  5.316   72.4   86.4
V  -71.5  -39.5  110.4 -179.8  163.6  -77.6  1.043   91.9  3.653  5.181   59.5   78.9
N  -68.5  -37.5  112.3 -178.1 -174.4    nan  1.053   94.4  3.730  5.314   63.9   81.6
L  -57.7  -33.5  113.0 -179.9  -77.2    nan  1.075  105.3  3.760  5.445   78.3   92.4
A  -70.3  -20.3  113.9 -176.6    nan    nan  1.115  100.6  3.797  5.313   66.9   86.6
K  -92.0   73.4  109.5  178.5  -43.9    nan  0.998  108.1  3.766  5.536   61.8   74.8
S -152.0  157.1  108.1 -175.1   63.1    nan  0.947  150.5  3.700  5.425  105.6  102.3
R  -59.3  -43.5  107.6  175.3  179.8    nan  0.952  101.1  3.707  5.265  -78.0  -86.2
W  -46.8  -50.6  111.9  179.1  173.2    nan  0.961  103.0  3.811  5.262   86.5   94.6
Y  -67.9  -41.2  112.1 -179.0  178.0    nan  0.960   93.1  3.756  4.970   57.0   71.6
N  -66.9  -34.2  114.9 -179.7  -79.4    nan  1.059   96.1  3.755  5.120   59.2   81.3
Q  -81.6  -35.2  116.2 -179.7  -67.6    nan  1.060   82.4  3.817  5.335   56.0   75.0
T -134.4   68.7  106.8 -179.4   54.2  -67.1  1.021   86.5  3.824  4.887    1.1   18.9
P  -62.8  -38.9  116.5 -176.7   17.3    nan  1.021   96.1  3.768  6.099 -167.7 -170.3
N  -67.2  -40.6  109.7 -175.4  -76.2    nan  1.089   95.3  3.819  5.375   60.6   86.2
R  -69.4  -46.2  110.3  178.9 -170.2    nan  1.016   90.6  3.744  5.328   65.9   76.5
A  -55.8  -46.2  109.7 -179.5    nan    nan  1.129  100.8  3.791  5.294   63.5   85.1
K  -58.9  -37.7  112.9  179.4  -63.4    nan  1.083  101.8  3.811  5.480   70.9   81.9
R  -67.9  -41.6  110.2  179.2  -72.1    nan  1.010   94.0  3.852  5.500   73.1   81.4
V  -66.7  -44.8  111.5  179.0  175.5  -60.2  1.106   92.6  3.807  5.222   59.3   78.3
I  -59.8  -43.9  111.8  176.7  -71.2  170.1  1.109   98.0  3.828  5.455   65.4   80.4
T  -63.6  -32.9  111.9  179.8  -70.2  173.3  0.981  101.0  3.859  5.482   75.0   80.4
T  -66.0  -43.5  109.4  179.2  -58.6 -177.8  1.029   94.9  3.766  5.243   69.3   86.8
F  -67.3  -42.5  110.9  177.7  -84.8    nan  1.000   93.6  3.833  5.444   64.1   74.8
R  -64.1  -43.1  112.6  179.9 -155.2    nan  1.063   94.8  3.802  5.240   67.2   81.0
T  -99.7  -25.7  118.9 -177.2   63.9  -61.7  1.063   69.0  3.733  4.992   32.1   53.4
G   77.8   14.5  113.4 -174.8    nan    nan    nan   96.2  3.753    nan    nan -127.4
T -126.5  176.9  107.3  178.3   67.4  -52.8  0.922  127.3  3.819    nan    nan   71.4
W -101.9   20.5  109.0 -179.8  -69.0    nan  0.919   85.3  3.772  5.189 -101.7 -100.3
D  -54.3  -34.4  118.7 -177.6  -66.6    nan  1.112  105.2  3.726  5.836  133.1  153.3
A  -66.2  -19.6  109.5 -177.1    nan    nan  1.045  106.1  3.806  5.384   74.3   89.7
Y -102.7    1.7  113.3 -178.9  -67.8    nan  1.107   78.0  3.741  5.294   40.8   67.3
K -104.8    nan  112.4 -179.0  -46.5    nan  1.215    nan  3.856  5.611   55.8   85.2
