Id   phi    psi    tau  omega    chi    chi2  solid    eta  CA-CA  CB-CB  BA^AB  NA^AC
M    nan  148.6  105.9    nan  171.3    nan  0.938    nan    nan    nan    nan    nan
N -151.1  176.2  107.8  178.1   61.8    nan  1.079  152.1  3.711  5.614  168.2  174.6
I  -52.7  -41.5  113.3 -178.8 -171.8   62.6  1.175  104.2  3.833  5.278  -56.3  -53.0
F  -66.7  -47.5  112.0 -178.8  -70.3    nan  1.091   90.7  3.789  5.522   67.1   81.3
E  -64.6  -39.8  109.8  179.1  -73.7    nan  0.953   97.7  3.715  5.254   71.8   75.0
M  -61.7  -53.2  110.5  179.6 -172.4    nan  0.978   92.1  3.738  5.154   74.3   85.1
L  -63.4  -32.5  115.2  179.8  -79.5    nan  1.115  100.0  3.810  5.150   49.4   72.8
R  -62.6  -35.8  108.1  179.0  165.2    nan  1.013  102.2  3.796  5.511   81.2   90.8
I  -70.2  -43.5  111.4  177.8  -77.9  157.3  1.110   90.6  3.752  5.365   58.2   79.4
D  -70.8  -32.5  115.4 -178.3  -79.0    nan  1.105   93.4  3.810  5.298   59.3   76.3
E -100.2  -26.8  115.6 -174.4  -64.6    nan  1.025   69.5  3.812  5.100   44.1   62.5
G   77.2 -169.6  110.1 -175.8    nan    nan    nan   80.9  3.789    nan    nan -128.0
L -140.8  125.6  108.3  176.7  161.2    nan  1.006  127.8  3.799    nan    nan -124.4
R -136.2  128.8  110.0  178.6  -59.3    nan  1.117  129.5  3.875  5.860  165.3  164.6
L  -92.7   -3.8  115.6 -175.3  -64.4    nan  1.127   85.7  3.746  5.778 -134.3 -143.5
K -120.4  150.2  108.4  175.3  -77.3    nan  0.942  125.0  3.833  5.606   52.9   58.1
I  -53.5  139.4  109.3  179.9  -65.9  168.1  1.018   73.8  3.800  5.293  -79.0  -85.1
Y -143.5  172.0  107.4  179.5   63.0    nan  1.041  145.2  3.854  5.773  173.9  174.2
K -101.2  137.0  109.4  177.4  -72.0    nan  1.010  111.4  3.737  5.405 -108.3 -105.1
D  -78.0 -171.7  111.1 -178.7   75.8    nan  1.159   75.2  3.759  5.688 -128.0 -121.3
T  -63.8  -21.6  113.8 -178.8   73.2  -42.8  1.133  106.0  3.836  5.268  -50.1  -47.9
E  -94.1   -3.0  111.3  178.4  -54.4    nan  1.057   84.8  3.849  5.540   58.4   70.7
G   90.7   16.4  112.4  179.4    nan    nan    nan   83.1  3.812    nan    nan  -98.7
Y  -97.6  144.2  111.7 -179.2  -60.1    nan  1.013  108.8  3.804    nan    nan  105.6
Y  -63.9  129.2  111.3  179.6  -74.7    nan  1.035   88.5  3.705  5.343  -93.6 -103.8
T -142.2  164.5  108.9 -175.0  -58.1  177.4  0.942  144.5  3.764  5.675  179.3  163.8
I -147.6  162.8  110.1  174.8 -163.2   74.7  1.073  149.4  3.797  5.682 -176.7 -162.9
G   69.5 -132.0  114.7  171.7    nan    nan    nan   93.2  3.814    nan    nan   38.5
I -103.3   73.5  109.3  179.4  -60.4 -178.9  1.070  104.0  3.796    nan    nan  -39.9
G   68.0   27.6  116.6 -179.8    nan    nan    nan   98.0  3.766    nan    nan  -50.2
H  -87.1  103.9  109.4  179.4 -178.9    nan  1.011  108.1  3.835    nan    nan  123.1
L  -66.4  131.3  110.1 -179.4  165.2    nan  0.996   88.4  3.769  5.960 -134.9 -145.7
L  -94.5  -48.6  111.8 -178.4  -70.5    nan  1.069   70.7  3.769  5.868 -144.8 -142.9
T -163.8  161.0  108.5 -178.1 -177.7   56.9  0.982  159.5  3.767  4.630  -35.4  -25.2
K  -98.4   -8.8  111.3  174.3  -63.8    nan  1.117   78.5  3.787  5.571 -128.6 -117.8
S  -64.5  144.9  110.0  178.8  159.3    nan  1.071   80.0  3.799  5.807   97.9  110.2
P  -76.2    1.9  113.1 -177.5  -15.0    nan  0.959  104.6  3.748  5.400  -95.0 -112.0
S -100.6  126.3  115.6 -175.8  166.2    nan  1.057  116.8  3.711  5.256   64.2   92.3
L  -68.2  -28.0  112.6 -178.9  172.2    nan  1.068   99.3  3.785  5.725 -117.6 -127.7
N  -72.0  -39.4  109.4  178.8  -87.7    nan  0.972   92.2  3.709  5.466   75.4   86.0
A  -59.2  -41.7  108.6  177.4    nan    nan  1.090  101.5  3.685  5.163   66.3   85.5
A  -64.3  -40.8  111.6  179.1    nan    nan  1.035   96.4  3.875  5.464   67.6   80.0
K  -65.6  -37.5  111.5  178.5  -88.6    nan  1.005   97.2  3.814  5.382   69.4   80.0
S  -70.9  -39.1  112.4  178.5  161.6    nan  1.160   91.5  3.716  5.104   53.9   78.6
E  -65.7  -39.7  105.9  174.8  -76.9    nan  0.950   99.0  3.796  5.602   75.5   77.4
L  -61.2  -41.6  114.7 -179.5  177.6    nan  1.119   96.7  3.835  5.385   65.9   87.0
D  -66.7  -38.4  112.4 -177.7  -69.2    nan  1.101   95.3  3.860  5.426   65.9   82.1
K  -63.1  -41.9  110.9  176.3  171.2    nan  1.028   97.1  3.751  5.271   71.6   82.4
A  -68.2  -39.0  112.0 -178.5    nan    nan  1.084   94.0  3.872  5.374   56.6   78.8
I  -89.2  -31.6  114.9 -176.0  -59.5  176.9  1.125   77.9  3.866  5.182   40.4   63.8
G   88.4   27.5  112.1 -179.9    nan    nan    nan   81.4  3.712    nan    nan -126.5
R -162.6  169.3  106.5  177.6   70.6    nan  1.057  162.4  3.757    nan    nan   44.1
N  -81.1   99.3  106.1 -180.0 -116.8    nan  0.902  104.2  3.704  5.046  -75.6  -91.1
T  -93.7  -21.0  114.6 -172.7   73.6  -50.3  1.052   77.9  3.656  5.921 -179.4 -166.1
N   62.2   29.5  112.4 -176.8 -162.5    nan  1.116  103.9  3.714  5.316 -141.8 -139.9
G   78.4   10.1  117.5  174.5    nan    nan    nan   96.8  3.916    nan    nan  -86.1
V -133.6  142.5  111.4  177.9 -176.2  -55.9  0.976  135.1  3.710    nan    nan   60.3
I -135.1  167.5  107.0  179.4   60.5  -63.8  1.022  137.4  3.758  5.642 -178.2 -174.7
T  -91.8  172.4  110.0  178.9   72.8  -48.4  0.983   94.3  3.733  5.364  -99.8 -101.6
K  -61.6  -42.0  112.4  179.1 -171.0    nan  1.101   97.5  3.774  5.212  -73.3  -67.3
D  -60.8  -42.7  110.4  179.4  -85.1    nan  0.937   98.8  3.784  5.391   81.5   84.0
E  -64.3  -40.0  111.8 -179.9  -76.6    nan  1.031   96.8  3.781  5.065   62.8   80.7
A  -62.5  -43.1  109.7  178.1    nan    nan  1.025   97.6  3.846  5.396   69.6   82.9
E  -66.0  -33.3  112.3  179.9  -84.3    nan  1.136   98.6  3.747  5.223   55.9   78.6
K  -67.6  -43.5  111.3  178.1 -172.3    nan  1.072   92.6  3.684  5.450   72.3   85.2
L  -61.0  -39.5  109.1  177.0  -67.3    nan  0.988  101.1  3.808  5.443   75.0   80.2
F  -62.5  -45.3  111.9 -179.6 -175.0    nan  1.067   95.1  3.787  5.194   67.7   85.2
N  -58.8  -42.1  111.3  178.0  -75.5    nan  1.061  100.2  3.814  5.505   68.2   81.9
Q  -64.7  -40.6  111.9 -179.8  -68.1    nan  1.001   96.0  3.800  5.367   74.0   81.2
D  -68.5  -39.2  112.2 -177.5  -71.2    nan  1.093   93.5  3.794  5.193   60.6   80.9
V  -66.2  -47.7  110.2  177.9  174.1  -63.9  1.096   92.2  3.769  5.402   64.0   80.4
D  -57.7  -43.3  110.8  178.3 -168.6    nan  1.025  100.6  3.781  5.303   69.3   80.5
A  -65.3  -38.2  112.3 -179.6    nan    nan  1.023   96.6  3.760  5.307   63.0   79.8
A  -64.8  -44.8  108.7 -178.9    nan    nan  1.013   95.6  3.802  5.373   70.8   84.8
V  -58.5  -51.1  111.1  179.1  173.9  -66.7  1.065   95.1  3.786  5.344   68.6   82.9
R  -62.8  -35.5  112.0 -178.8  -86.0    nan  1.061  100.3  3.732  5.067   59.1   75.5
G  -65.1  -38.4  112.6  176.6    nan    nan    nan   96.5  3.777    nan    nan   84.6
I  -60.1  -48.4  109.2  175.8  -78.7  159.5  0.998   96.8  3.823    nan    nan   84.7
L  -63.7  -27.0  111.7 -176.6  -56.5    nan  1.191  104.2  3.830  5.206   51.5   78.1
R  -89.2  -14.4  112.8  177.8  -64.6    nan  1.037   85.3  3.751  5.515   61.7   70.8
N  -85.5  122.4  113.7 -175.8 -173.5    nan  1.146  107.3  3.782  5.334   63.6   91.7
A  -59.1  -25.9  113.9 -177.6    nan    nan  1.025  108.0  3.814  5.840  -98.9 -119.2
K  -91.6  -27.5  113.1 -177.3  -69.7    nan  1.095   78.1  3.731  5.159   48.4   73.5
L  -88.9  -41.5  113.9 -177.8  -61.6    nan  1.110   75.3  3.715  5.224   52.4   74.3
K  -48.8  -49.6  116.5 -175.5 -177.8    nan  1.152   99.9  3.717  5.346   82.4  101.8
P  -64.4  -31.1  111.4 -175.8   -4.4    nan  0.999  101.5  3.744  5.230   67.7   79.3
V  -67.9  -52.1  111.1  178.5 -177.6  -55.6  1.112   88.2  3.765  5.415   62.8   86.9
Y  -54.7  -45.6  110.2  179.1 -174.8    nan  0.953  101.7  3.764  5.207   76.3   79.8
D  -63.5  -32.2  111.6 -179.3  -80.4    nan  1.026  101.6  3.806  5.250   61.2   79.2
S  -77.0  -15.3  115.8  179.7   76.4    nan  1.069   96.0  3.786  5.282   62.0   79.9
L  -92.6  159.1  116.5 -174.6  -64.1    nan  0.996  101.6  3.785  5.360   69.6   86.3
D  -74.8  171.7  109.3  173.3   57.7    nan  1.007   77.7  3.792  5.388  -97.1 -101.5
A  -60.5  -41.1  117.8 -174.9    nan    nan  1.247   96.0  3.807  5.300  -76.7  -62.0
V  -66.4  -49.6  110.6  178.7 -177.6  -59.9  1.034   90.8  3.791  5.474   73.2   80.7
R  -63.6  -29.6  112.6  179.7  -63.2    nan  1.087  102.5  3.746  5.206   54.4   75.1
R  -61.6  -37.4  110.4  176.5  -74.0    nan  1.030  101.1  3.832  5.734   84.6   92.6
A  -62.0  -38.0  110.2  177.2    nan    nan  1.067  100.5  3.793  5.391   73.3   85.0
A  -63.9  -37.5  112.5  178.2    nan    nan  1.058   98.1  3.806  5.495   72.6   84.3
L  -69.4  -38.5  109.7  179.2 -171.3    nan  1.022   94.5  3.803  5.408   67.6   79.9
I  -62.5  -40.5  109.9  178.2  -59.1  171.1  1.076   98.9  3.795  5.415   67.5   84.3
N  -57.7  -48.2  110.2 -179.2 -168.2    nan  1.023   98.0  3.841  5.435   76.4   88.7
M  -63.2  -38.6  110.1 -179.1  -67.1    nan  1.043   99.2  3.730  5.282   60.6   77.1
V  -69.6  -35.8  110.4 -177.8  166.7  -72.8  1.078   95.2  3.834  5.410   63.4   81.0
F  -62.6  -41.9  109.3  180.0 -175.6    nan  0.922   98.5  3.779  5.388   82.9   87.8
Q  -73.2  -47.1  114.3 -179.0 -177.3    nan  1.052   84.7  3.793  5.106   50.1   74.2
M -110.1   -3.1  120.1 -173.0   81.2    nan  1.323   68.3  3.739  4.597   -0.8   41.5
G   82.0  151.5  110.4 -179.8    nan    nan    nan   73.3  3.743    nan    nan -106.6
E  -59.6  -39.1  115.2 -175.6  171.4    nan  1.069   99.3  3.694    nan    nan  -88.4
T  -68.2  -39.7  110.7 -178.7  -54.2 -175.1  1.059   94.4  3.741  5.364   61.1   82.1
G  -57.9  -53.2  109.7  179.5    nan    nan    nan   95.2  3.734    nan    nan   88.5
V  -62.8  -40.1  114.0 -178.2 -174.8  -52.5  1.169   96.7  3.817    nan    nan   74.2
A  -56.0  -25.1  110.1 -179.4    nan    nan  1.157  112.7  3.822  5.486   70.0   91.2
G  -76.0  -10.2  118.9  174.2    nan    nan    nan   98.9  3.854    nan    nan   83.2
F  -86.0   52.8  105.6  178.8  -76.0    nan  0.959  104.8  3.802    nan    nan   88.5
T  -42.4  -54.6  115.3 -177.8  -62.0 -179.3  0.999  101.2  3.715  6.069 -169.0 -167.1
N  -62.8  -41.9  114.0 -177.8  -49.9    nan  1.224   95.7  3.703  4.915   44.3   75.1
S  -65.7  -40.6  109.2 -179.9  -61.6    nan  0.981   96.7  3.792  5.559   79.5   80.3
L  -59.1  -41.6  110.1 -179.6  -62.6    nan  1.086  100.8  3.799  5.330   69.4   86.8
R  -65.5  -38.7  112.1 -179.8  158.9    nan  1.120   96.3  3.731  5.236   61.4   80.8
M  -70.4  -38.0  110.5  179.2  -78.2    nan  1.078   93.4  3.770  5.550   60.1   78.0
L  -64.4  -44.2  109.1 -179.3  -75.2    nan  1.022   96.0  3.733  5.409   75.0   85.0
Q  -59.1  -36.2  111.0 -179.1 -174.5    nan  1.101  103.5  3.751  5.306   64.5   84.4
A  -79.7   -3.1  112.4  179.6    nan    nan  1.088   99.2  3.811  5.354   53.0   72.0
K   63.2   33.5  115.1 -179.7  -51.2    nan  1.191   99.6  3.842  5.697 -128.3 -124.7
R  -98.8   80.1  104.8  175.6  -69.2    nan  0.935  102.8  3.830  5.993  119.6  112.2
W  -57.7  -52.0  117.8 -173.3  -41.5    nan  1.291   91.1  3.783  6.196 -174.8 -152.0
D  -65.8  -36.6  112.5 -179.9  -67.2    nan  1.095   97.0  3.735  5.334   63.3   73.3
E  -67.0  -41.8  113.5  177.4  -72.7    nan  1.046   92.7  3.697  5.431   69.4   83.1
A  -63.5  -35.4  110.9 -179.2    nan    nan  1.003  100.3  3.744  5.201   71.3   83.6
A  -65.5  -39.0  109.6 -176.6    nan    nan  1.025   97.4  3.784  5.300   69.1   88.4
V  -65.6  -48.8  110.6  178.5  161.6  -76.8  1.110   91.8  3.685  5.280   58.9   81.4
N  -62.2  -39.5  112.5  179.4 -171.8    nan  1.022   98.3  3.835  5.420   67.1   76.6
L  -60.1  -33.1  110.2 -179.1  -78.3    nan  1.004  104.7  3.824  5.442   76.1   88.3
A  -70.7  -21.4  113.1 -176.3    nan    nan  1.101  100.0  3.826  5.316   63.4   86.7
K  -86.2   66.5  109.4  178.7  -54.6    nan  1.014  109.3  3.809  5.563   64.0   78.4
S -149.1  156.1  109.2 -175.9   57.5    nan  0.958  148.5  3.777  5.573  100.4   99.4
R  -57.5  -41.9  109.2  174.6  177.7    nan  0.951  102.4  3.759  5.280  -76.8  -85.5
W  -46.3  -51.2  110.9  177.9  171.1    nan  1.005  103.4  3.861  5.340   83.6   95.6
Y  -67.9  -38.6  112.6 -179.4  176.9    nan  0.989   94.1  3.800  5.088   56.7   70.5
N  -71.7  -34.5  113.7 -179.5  -73.4    nan  1.083   92.5  3.808  5.225   55.3   79.0
Q  -79.4  -40.5  115.1  178.6  -57.6    nan  1.095   82.5  3.804  5.352   54.6   74.8
T -128.3   73.0  107.2  178.4   45.1  -71.5  0.998   92.3  3.852  5.053    2.3   19.2
P  -64.6  -39.3  116.6 -175.8   20.2    nan  1.088   94.3  3.747  6.052 -171.6 -167.3
N  -66.1  -45.1  112.4 -178.8  -66.9    nan  1.118   92.2  3.806  5.451   61.4   84.9
R  -65.6  -45.5  109.1  178.3 -174.7    nan  0.992   94.4  3.791  5.410   69.3   75.8
A  -56.3  -46.5  111.8 -179.7    nan    nan  1.123   99.1  3.797  5.286   66.1   85.5
K  -58.0  -40.5  109.2  178.7  -64.7    nan  1.052  102.8  3.832  5.524   74.0   81.5
R  -61.6  -45.6  111.7  178.6  -76.6    nan  1.074   95.8  3.797  5.423   72.9   84.1
V  -68.1  -41.9  110.7 -177.9  174.6  -63.6  1.077   93.3  3.823  5.264   58.1   76.0
I  -60.1  -43.4  113.0  177.4  -69.6  169.7  1.131   97.4  3.781  5.413   64.1   83.5
T  -62.5  -34.0  110.4  179.4  -70.4  171.3  1.034  102.1  3.843  5.508   72.3   81.5
T  -65.1  -43.9  109.3  179.6  -54.9 -173.6  1.073   95.5  3.761  5.350   68.8   86.8
F  -67.7  -39.2  111.5  178.2  -84.8    nan  0.986   94.6  3.842  5.445   65.2   74.7
R  -64.3  -46.0  114.5  179.9 -149.1    nan  1.071   91.8  3.753  5.266   67.0   84.8
T  -96.6  -27.8  116.4 -174.1   65.8  -57.0  1.092   72.1  3.775  4.942   32.7   54.2
G   72.5   22.4  113.3 -175.3    nan    nan    nan   97.7  3.715    nan    nan -134.8
T -129.5  175.0  106.2  177.1   63.2  -55.1  0.889  130.7  3.856    nan    nan   73.7
W  -99.4   18.8  110.4  180.0  -70.1    nan  0.950   87.4  3.750  5.162 -105.3  -99.7
D  -51.7  -34.8  119.3 -177.4  -63.7    nan  1.188  106.8  3.735  5.889  129.0  154.0
A  -69.4  -14.8  109.8 -177.5    nan    nan  1.041  105.0  3.848  5.507   75.4   86.3
Y -107.0    1.0  112.5 -178.4  -72.7    nan  1.077   73.5  3.743  5.319   43.2   67.9
K  -98.3    nan  110.3  179.6  -74.0    nan  1.097    nan  3.809  5.579   67.8   87.8
