Id   phi    psi    tau  omega    chi    chi2  solid    eta  CA-CA  CB-CB  BA^AB  NA^AC
M    nan  150.6  106.8    nan  167.2    nan  0.975    nan    nan    nan    nan    nan
N -154.8  178.1  106.5  178.6   58.6    nan  1.013  155.3  3.758  5.633  171.9  173.8
I  -52.6  -41.9  115.6 -178.4 -171.1   63.7  1.180  102.9  3.779  5.221  -58.8  -49.4
F  -65.6  -45.1  112.7 -177.8  -71.4    nan  1.094   92.4  3.741  5.459   67.7   83.6
E  -66.4  -37.7  110.1  179.4  -69.8    nan  0.949   97.2  3.738  5.288   71.9   76.3
M  -60.9  -55.0  110.2 -178.6 -171.8    nan  0.967   91.8  3.745  5.124   76.6   88.8
L  -66.1  -31.5  111.4 -179.8  -79.8    nan  1.033   99.8  3.767  5.074   50.1   67.7
R  -63.8  -34.7  110.8  179.4  165.5    nan  1.042  100.4  3.741  5.373   78.3   91.2
I  -69.7  -42.8  110.3  175.5  -79.2  153.3  1.089   92.0  3.770  5.378   61.8   79.1
D  -73.1  -30.2  115.8 -178.2  -78.1    nan  1.087   92.4  3.859  5.349   59.0   74.9
E -100.2  -29.1  114.8 -175.9  -63.7    nan  1.062   69.2  3.796  5.109   42.0   63.2
G   75.8 -163.9  108.4 -174.4    nan    nan    nan   81.4  3.806    nan    nan -129.8
L -146.7  123.1  110.8  178.3  160.9    nan  0.963  128.2  3.791    nan    nan -123.5
R -133.4  131.3  109.7  178.0  -62.5    nan  1.037  129.5  3.824  5.783  166.7  163.6
L  -88.2   -5.3  116.1 -178.4  -65.1    nan  1.183   89.5  3.718  5.688 -138.3 -139.4
K -125.2  160.2  107.5  174.5  -49.9    nan  0.946  128.7  3.752  5.491   46.4   52.5
I  -56.3  134.4  110.4  179.6  -69.3  167.7  1.004   79.6  3.740  5.125  -71.8  -76.6
Y -139.3  175.2  108.0  178.4   61.6    nan  1.043  140.5  3.825  5.805  171.0  172.6
K -104.4  138.1  109.7  175.8  -69.4    nan  1.015  113.8  3.727  5.381 -109.6 -105.0
D  -78.2 -178.2  111.5  178.8   81.4    nan  1.179   77.5  3.702  5.562 -128.6 -122.8
T  -59.7  -20.6  113.2 -178.3   67.5  -49.8  1.087  110.7  3.900  5.259  -46.1  -52.4
E  -96.6   -3.9  111.2  178.2  -60.1    nan  1.066   82.0  3.894  5.564   53.0   68.5
G   85.1   20.3  113.0  179.8    nan    nan    nan   86.8  3.803    nan    nan -104.3
Y -100.0  147.1  111.5  178.8  -54.6    nan  1.048  110.0  3.800    nan    nan  104.8
Y  -66.0  127.6  111.8  179.4  -71.6    nan  1.023   91.2  3.735  5.241  -89.2 -103.2
T -140.5  164.4  111.8 -175.4  -58.7  179.8  1.006  143.8  3.695  5.617  175.8  162.0
I -151.9  161.5  108.9  174.0 -160.7   73.5  1.061  152.2  3.792  5.646 -177.8 -168.7
G   71.1 -130.0  112.7  172.9    nan    nan    nan   94.1  3.827    nan    nan   39.8
I -104.2   73.9  109.6  178.4  -53.2 -171.7  1.052  104.2  3.799    nan    nan  -39.9
G   68.8   28.5  115.5  177.7    nan    nan    nan   97.2  3.752    nan    nan  -50.9
H  -87.1  104.7  110.8  179.2 -179.2    nan  1.001  109.2  3.784    nan    nan  124.6
L  -65.3  135.7  111.5 -178.1  168.8    nan  0.953   86.2  3.804  5.961 -130.0 -142.1
L  -97.5  -44.2  113.6  179.5  -68.8    nan  1.081   68.3  3.726  5.781 -151.4 -139.2
T -165.1  151.9  110.6 -175.2 -167.1   65.8  1.030  153.5  3.715  4.491  -31.4  -20.8
K  -96.1   -3.6  109.4  177.3  -70.3    nan  1.095   82.8  3.724  5.555 -128.1 -127.3
S  -72.2  145.4  111.0  177.5  174.8    nan  1.059   86.6  3.812  5.814   93.7  106.8
P  -75.2   -5.7  115.5 -177.2   -8.3    nan  1.037  102.3  3.782  5.423  -99.1 -111.5
S  -93.6  123.9  115.8 -178.6  172.9    nan  1.081  113.3  3.783  5.441   64.9   89.1
L  -63.8  -31.3  111.5  178.4 -178.4    nan  1.066  101.9  3.783  5.737 -112.7 -129.1
N  -73.4  -41.8  110.3 -179.8  -65.2    nan  1.030   89.5  3.715  5.420   69.6   82.8
A  -57.7  -37.1  107.7  177.1    nan    nan  1.013  105.7  3.674  5.261   77.6   84.6
A  -70.4  -36.6  111.4 -179.8    nan    nan  1.034   93.7  3.840  5.360   65.2   79.8
K  -65.9  -35.8  109.9  179.5  -94.1    nan  1.012   98.6  3.787  5.368   71.4   84.0
S  -70.0  -40.8  113.3  178.7  155.8    nan  1.185   91.0  3.710  5.215   54.4   81.1
E  -66.7  -36.7  106.3  178.3  -82.9    nan  0.913   99.4  3.761  5.469   79.4   78.0
L  -62.5  -48.6  113.7 -179.8  177.1    nan  1.076   92.1  3.796  5.295   66.7   87.9
D  -65.4  -33.3  112.3 -177.9  -64.4    nan  1.034   99.2  3.803  5.243   62.9   77.0
K  -62.6  -43.3  110.2  176.1  165.7    nan  1.034   97.2  3.802  5.373   71.6   87.4
A  -68.4  -38.2  114.7  178.7    nan    nan  1.057   92.8  3.835  5.282   56.7   75.8
I  -87.5  -28.7  113.3 -178.5  -55.9 -178.6  0.989   81.3  3.887  5.255   49.3   64.8
G   85.8   27.0  113.6 -179.1    nan    nan    nan   83.3  3.715    nan    nan -126.3
R -157.3  165.8  110.3  177.8   73.9    nan  1.080  158.0  3.826    nan    nan   49.7
N  -78.1  105.5  105.9  176.8 -118.6    nan  1.048  101.7  3.812  5.452  -89.4  -93.2
T  -91.5  -34.4  115.2 -172.6   69.7  -57.8  1.121   74.8  3.715  6.030 -159.7 -159.7
N   71.3   24.7  109.6 -176.1 -166.8    nan  1.120   99.1  3.714  5.368 -141.4 -141.5
G   79.2    7.2  119.8  177.8    nan    nan    nan   97.2  3.903    nan    nan  -87.3
V -126.8  136.4  111.2  176.8 -169.9  -48.5  1.050  129.3  3.824    nan    nan   62.5
I -126.6  174.1  108.5  179.2   60.3  -61.7  1.035  128.2  3.805  5.743 -168.6 -173.3
T -101.5  176.1  107.7  177.2   70.0  -51.6  0.978  102.6  3.677  5.367 -106.1 -103.5
K  -61.0  -44.8  112.4  178.8 -174.0    nan  1.070   96.2  3.821  5.052  -65.7  -62.8
D  -60.3  -43.5  111.8  177.3  -90.4    nan  0.941   97.9  3.757  5.280   76.8   80.6
E  -63.9  -41.3  109.1 -179.8  -87.4    nan  0.955   97.9  3.800  5.044   67.0   80.0
A  -61.9  -44.7  110.5  177.8    nan    nan  1.030   96.8  3.798  5.242   63.9   82.1
E  -65.6  -29.8  111.4 -179.3  -83.2    nan  1.028  101.2  3.746  5.248   62.5   78.4
K  -72.2  -39.1  112.1  179.7  178.2    nan  1.083   90.6  3.682  5.320   65.2   85.7
L  -61.9  -38.5  106.6  175.8  -69.5    nan  0.959  102.2  3.809  5.541   79.9   82.0
F  -62.1  -50.4  113.1 -178.6 -172.2    nan  1.105   91.7  3.782  5.201   67.1   87.2
N  -53.9  -42.8  112.0  177.1  -80.9    nan  1.031  103.1  3.801  5.408   71.6   81.6
Q  -65.9  -39.2  110.7 -179.5  -65.0    nan  0.960   96.5  3.801  5.339   71.6   79.7
D  -68.1  -36.7  112.8 -177.0  -70.7    nan  1.095   94.8  3.763  5.148   60.7   82.9
V  -72.3  -42.5  108.8  179.8  171.0  -65.4  1.061   91.0  3.743  5.368   63.2   78.3
D  -58.4  -43.9  111.1  178.7 -163.8    nan  1.040   99.4  3.779  5.343   70.6   84.8
A  -61.8  -39.3  113.0 -178.9    nan    nan  1.059   98.5  3.768  5.321   65.0   83.1
A  -64.1  -48.0  110.3 -179.5    nan    nan  1.033   93.5  3.741  5.309   71.9   84.6
V  -56.6  -48.8  108.5 -179.7  171.8  -69.8  1.018   99.4  3.784  5.320   71.8   82.4
R  -65.9  -33.6  112.5 -176.7  -84.2    nan  1.109   98.5  3.716  5.051   52.9   76.1
G  -67.3  -36.2  112.0  177.1    nan    nan    nan   96.1  3.761    nan    nan   84.7
I  -58.9  -50.1  108.3  177.3  -79.8  158.7  1.014   97.2  3.824    nan    nan   88.8
L  -64.2  -29.4  111.9 -176.9  -57.5    nan  1.160  102.4  3.802  5.188   50.6   75.7
R  -89.5   -6.9  112.3  177.9  -51.9    nan  1.012   87.9  3.729  5.571   59.7   69.3
N  -89.7  122.7  111.1 -175.0 -178.6    nan  1.136  107.5  3.783  5.368   68.9   94.6
A  -61.0  -27.2  114.9 -177.0    nan    nan  1.154  105.2  3.775  5.865 -109.0 -119.8
K  -89.2  -30.2  110.1  178.5  -67.9    nan  1.052   80.8  3.738  5.487   57.3   71.3
L  -82.6  -39.2  117.0 -177.2  -57.6    nan  1.153   79.3  3.754  5.222   55.2   79.5
K  -48.9  -49.7  116.4 -175.9 -169.5    nan  1.143   99.8  3.757  5.404   86.2  104.0
P  -68.5  -31.7  111.7 -175.7    2.8    nan  0.997   97.5  3.730  5.169   62.5   75.5
V  -66.4  -48.9  109.8  176.6  179.5  -56.8  1.036   91.7  3.723  5.421   68.1   86.3
Y  -57.1  -43.9  111.3 -180.0 -172.4    nan  0.962  100.4  3.759  5.134   71.8   81.2
D  -62.3  -30.0  111.7 -178.4  -81.6    nan  1.022  103.9  3.826  5.301   62.9   82.9
S  -76.7  -20.8  116.1 -179.9   78.7    nan  1.104   93.6  3.733  5.244   60.3   82.3
L  -89.8  161.8  117.0 -174.1  -59.0    nan  1.038   97.9  3.751  5.332   66.8   84.8
D  -77.7  170.8  108.9  173.4   57.8    nan  1.010   80.8  3.755  5.269  -94.3 -100.9
A  -60.3  -41.4  118.9 -176.0    nan    nan  1.265   95.4  3.798  5.303  -78.0  -63.0
V  -65.2  -46.7  110.6  179.2 -179.8  -63.0  1.044   93.2  3.765  5.475   76.1   82.2
R  -66.1  -32.8  112.5 -178.8  -66.0    nan  1.145   98.7  3.725  5.181   51.5   76.6
R  -57.9  -40.3  110.1  176.0  -78.6    nan  1.016  102.5  3.825  5.700   88.3   92.5
A  -59.7  -38.5  111.2  176.8    nan    nan  1.102  101.6  3.782  5.332   67.6   84.2
A  -65.2  -35.8  112.3  177.8    nan    nan  1.020   97.9  3.824  5.518   73.9   82.4
L  -71.7  -38.1  107.6 -179.5 -176.7    nan  0.981   94.0  3.823  5.364   66.5   79.6
I  -62.2  -41.5  110.4  177.1  -66.2  167.6  1.040   98.3  3.773  5.386   68.2   83.9
N  -57.8  -48.4  109.7 -178.4 -170.1    nan  0.962   98.1  3.817  5.369   79.0   88.4
M  -58.8  -43.9  111.8  179.7  -74.5    nan  1.036   98.9  3.721  5.227   64.3   80.5
V  -63.6  -34.8  112.0 -179.1  172.2  -69.5  1.107  100.0  3.850  5.316   62.8   81.4
F  -66.8  -39.4  110.6 -179.8 -174.0    nan  0.944   95.7  3.770  5.391   79.3   85.7
Q  -72.0  -49.9  114.6  179.5 -169.4    nan  1.089   84.1  3.766  5.148   51.3   76.5
M -109.2   -4.9  119.7 -172.2   68.0    nan  1.307   68.5  3.777  4.727    2.3   39.9
G   80.8  152.8  109.6 -178.4    nan    nan    nan   72.9  3.675    nan    nan -107.8
E  -58.1  -43.0  114.2 -177.1  164.8    nan  1.051   98.5  3.673    nan    nan  -87.8
T  -63.8  -46.4  109.2  179.1  -67.3  172.9  1.057   95.2  3.710  5.229   58.9   80.3
G  -55.4  -46.6  110.4  178.9    nan    nan    nan  100.5  3.796    nan    nan   84.0
V  -71.2  -41.2  115.8 -177.6 -173.9  -54.7  1.143   88.4  3.770    nan    nan   74.0
A  -56.3  -17.8  111.2 -178.6    nan    nan  1.084  115.9  3.767  5.361   76.8   91.7
G  -81.6   -6.9  117.5  178.3    nan    nan    nan   95.2  3.850    nan    nan   87.8
F  -84.8   48.5  104.6  178.4  -83.4    nan  0.954  104.4  3.804    nan    nan   91.4
T  -44.2  -52.0  115.0 -175.7  -49.9 -168.7  1.027  102.0  3.715  6.152 -177.3 -170.8
N  -65.2  -41.1  114.1 -176.7  -58.1    nan  1.162   94.1  3.617  4.879   51.8   76.1
S  -67.8  -33.5  109.7 -179.5  -63.8    nan  0.946   98.2  3.772  5.474   79.0   79.7
L  -59.9  -44.9  110.1 -179.4  -65.2    nan  1.097   98.3  3.791  5.308   73.5   93.0
A  -62.7  -42.0  112.4 -179.5    nan    nan  1.025   96.6  3.778  5.328   71.3   80.4
M  -66.0  -39.9  109.8  179.7  -82.0    nan  1.057   96.5  3.761  5.310   63.1   79.4
L  -65.3  -41.7  109.9 -179.5  -72.1    nan  1.004   96.1  3.735  5.391   74.2   82.6
Q  -57.9  -35.9  109.0 -178.9 -161.9    nan  1.023  105.6  3.713  5.185   72.8   87.5
Q  -86.4    3.1  115.2 -179.7  -58.9    nan  1.056   94.9  3.778  5.321   46.5   68.1
K   63.5   35.5  115.6 -179.9  -50.6    nan  1.182   98.0  3.731  5.461 -120.1 -118.9
R  -99.2   78.2  104.3  176.2  -67.9    nan  0.909  101.8  3.807  6.004  123.0  113.3
W  -57.6  -49.6  118.3 -174.6  -41.3    nan  1.246   92.5  3.861  6.236 -175.7 -154.5
D  -67.1  -39.5  112.5  178.3  -72.4    nan  1.149   94.4  3.753  5.327   56.4   72.7
E  -68.1  -40.0  111.9  178.5  -68.1    nan  1.056   93.6  3.769  5.564   68.5   79.8
A  -61.8  -41.4  110.2 -179.3    nan    nan  1.041   98.8  3.778  5.340   74.2   86.1
A  -60.5  -40.6  110.3 -179.3    nan    nan  1.045  100.2  3.829  5.344   70.6   85.2
V  -66.1  -46.6  110.8  178.7  165.3  -76.6  1.079   92.4  3.724  5.316   61.3   79.9
N  -62.6  -43.4  112.7  178.9 -171.6    nan  1.105   95.7  3.814  5.351   60.7   77.8
L  -57.7  -32.0  112.1  179.9  -77.8    nan  1.025  106.5  3.850  5.532   78.5   86.6
A  -72.8  -18.3  115.8 -177.5    nan    nan  1.132   98.7  3.801  5.283   61.9   85.7
K  -90.9   69.0  109.5  177.0  -54.6    nan  0.968  107.8  3.827  5.597   67.4   75.8
S -150.8  155.6  108.6 -174.1   57.9    nan  0.948  149.3  3.771  5.559  100.3   99.8
R  -60.4  -38.3  109.4  175.2 -178.7    nan  0.932  102.0  3.711  5.234  -78.3  -88.2
W  -49.0  -51.8  110.6  179.7  169.9    nan  0.989  101.4  3.821  5.279   85.4   97.9
Y  -66.3  -39.5  113.3  179.7  179.0    nan  0.993   94.6  3.792  5.032   56.3   70.7
N  -69.3  -30.9  114.4  179.4  -76.2    nan  1.065   96.0  3.809  5.190   57.2   80.0
Q  -85.7  -36.0  114.1 -177.5  -62.0    nan  1.084   79.7  3.829  5.380   50.8   74.9
T -134.1   68.5  107.6  179.7   52.2  -64.5  1.038   86.9  3.806  4.947   -1.0   17.9
P  -57.3  -43.6  116.6 -177.9   13.7    nan  1.050   97.6  3.700  6.015 -163.2 -167.3
N  -66.7  -42.7  114.1 -178.0  -67.8    nan  1.097   92.1  3.834  5.311   57.3   81.8
R  -66.9  -48.6  108.6  177.8 -179.9    nan  0.955   92.3  3.754  5.359   71.0   76.5
A  -54.5  -44.2  109.9  179.8    nan    nan  1.058  102.9  3.782  5.189   69.0   83.2
K  -58.8  -39.1  110.5 -179.7  -99.4    nan  1.041  102.4  3.846  5.488   74.6   84.0
R  -65.2  -42.7  112.6  179.8  -70.6    nan  1.070   94.1  3.774  5.371   70.7   83.5
V  -68.7  -43.5  110.3 -178.6  177.1  -61.7  1.051   92.3  3.809  5.225   62.2   77.7
I  -56.1  -45.9  112.6  176.4  -68.7  173.1  1.186   99.2  3.785  5.422   61.8   84.8
T  -63.7  -34.4  111.1 -179.6  -71.5  170.0  1.002  100.6  3.812  5.470   75.8   79.0
T  -63.1  -43.5  109.1  178.7  -58.3 -175.1  1.061   97.2  3.777  5.305   69.2   87.6
F  -69.8  -38.8  109.9  178.2  -81.3    nan  0.960   93.9  3.759  5.395   64.4   72.9
R  -62.6  -46.2  113.5 -179.5 -144.5    nan  1.094   93.6  3.758  5.272   67.7   86.7
T  -94.8  -28.4  118.3 -174.1   69.2  -54.5  1.149   72.6  3.777  4.968   31.9   56.0
G   76.2   14.7  112.6 -174.3    nan    nan    nan   97.8  3.728    nan    nan -130.9
T -128.3  171.6  107.7  178.1   68.6  -50.7  0.938  130.3  3.830    nan    nan   69.4
W  -94.1   15.9  110.5  178.8  -67.5    nan  0.946   91.5  3.759  5.254  -99.6  -99.5
D  -49.6  -37.1  119.2 -176.7  -60.6    nan  1.167  107.0  3.722  5.864  132.0  153.9
A  -66.7  -13.8  108.3 -175.1    nan    nan  1.036  108.3  3.823  5.460   77.1   88.4
Y -106.3   -0.0  113.8 -177.2  -70.2    nan  1.147   73.7  3.714  5.269   41.6   70.6
K -102.7    nan  114.4  179.6  -48.3    nan  1.221    nan  3.808  5.587   57.8   85.7
