Id   phi    psi    tau  omega    chi    chi2  solid    eta  CA-CA  CB-CB  BA^AB  NA^AC
M    nan  151.4  106.8    nan  172.0    nan  0.968    nan    nan    nan    nan    nan
N -150.3  172.6  110.6  178.2   63.0    nan  1.087  152.1  3.814  5.711  174.3  179.1
I  -51.5  -45.3  115.7  179.1 -166.7   68.9  1.225  101.3  3.837  5.275  -63.0  -56.8
F  -62.5  -46.3  112.4  179.8  -72.4    nan  1.070   94.2  3.792  5.553   72.4   81.3
E  -65.9  -39.6  111.5  178.8  -65.2    nan  1.012   95.9  3.743  5.225   65.2   75.4
M  -60.8  -49.7  111.1 -178.9 -175.1    nan  0.956   94.4  3.741  5.210   78.3   87.8
L  -66.3  -35.3  112.2 -178.8  -81.8    nan  1.123   97.4  3.770  5.055   45.4   73.6
R  -62.6  -33.1  109.0  178.9  167.3    nan  1.047  103.1  3.824  5.562   76.7   87.7
I  -72.0  -42.5  109.5  177.4  -80.7  158.3  1.040   90.7  3.772  5.406   64.2   79.4
D  -72.4  -33.4  117.3 -179.2  -78.7    nan  1.126   90.7  3.748  5.167   52.0   75.6
E -102.9  -19.6  114.8 -175.1  -63.2    nan  0.927   69.7  3.829  5.150   47.9   59.3
G   74.4 -166.4  109.4 -175.2    nan    nan    nan   79.2  3.764    nan    nan -123.6
L -143.0  125.5  109.7  178.4  165.9    nan  0.992  129.0  3.866    nan    nan -123.0
R -135.6  133.4  108.9  177.2  -57.9    nan  1.013  131.0  3.865  5.730  169.8  164.4
L  -95.8    5.9  114.4 -177.0  -58.4    nan  1.054   86.7  3.800  5.740 -138.1 -141.1
K -132.6  141.4  110.9  178.2  178.5    nan  1.105  133.9  3.662  5.023   30.5   57.1
I  -47.4  132.3  110.3 -177.6  -57.5  173.6  1.065   74.5  3.871  5.734  -72.2  -89.3
Y -140.7  176.0  108.4  179.6   67.1    nan  1.094  141.8  3.691  5.672  170.2  169.0
K -108.7  136.9  109.5 -179.1  -84.1    nan  0.991  116.7  3.666  5.235 -104.6 -106.8
D  -78.9 -175.2  114.2 -179.8   80.6    nan  1.251   77.0  3.695  5.696 -135.1 -123.0
T  -63.2  -24.9  111.3 -177.1  157.9   36.2  1.139  105.8  3.686  5.054  -47.3  -51.3
E  -93.2    1.6  111.9 -179.1  -62.8    nan  0.984   87.4  3.831  5.540   65.1   70.7
G   87.0   15.3  111.6 -175.4    nan    nan    nan   87.4  3.743    nan    nan  -93.8
Y  -95.3  145.5  115.4  177.5  -51.9    nan  1.132  108.5  3.825    nan    nan  106.8
Y  -62.6  122.9  110.5  177.4  -76.5    nan  1.042   90.7  3.707  5.276  -85.3 -104.5
T -136.5  169.3  110.3 -178.2  -56.8 -179.0  0.967  139.2  3.747  5.668  177.1  161.1
I -158.0  161.6  111.0  174.5 -160.5   77.9  1.132  157.2  3.826  5.598  175.5 -169.8
G   66.1 -130.2  111.8  176.1    nan    nan    nan   89.9  3.892    nan    nan   36.9
I -101.8   73.0  113.5 -179.0  -53.0 -178.0  1.148  108.3  3.756    nan    nan  -35.3
G   71.7   23.2  113.5 -179.5    nan    nan    nan   98.0  3.839    nan    nan  -47.3
H  -82.3  100.9  110.4 -178.7 -174.3    nan  1.063  108.3  3.828    nan    nan  125.7
L  -64.3  127.4  111.7  179.3  173.6    nan  1.128   90.1  3.878  6.147 -141.1 -146.5
L  -92.4  -50.3  113.0 -179.7  -76.8    nan  1.047   71.0  3.760  5.818 -136.1 -144.8
T -157.0  157.1  110.6 -176.6 -174.2   62.6  1.054  154.3  3.822  4.682  -34.9  -18.0
K -101.0   -6.4  109.1  175.7  -69.5    nan  1.082   77.0  3.784  5.549 -127.6 -125.8
S  -69.2  143.2  111.1  177.3  136.6    nan  1.120   85.2  3.840  5.858   89.2  106.7
P  -72.9    3.7  112.7 -177.0   -9.0    nan  0.962  108.5  3.723  5.327  -90.7 -111.2
S -107.4  121.5  118.7 -174.4  164.5    nan  1.097  123.1  3.718  5.135   56.1   90.2
L  -60.3  -25.8  111.8 -178.1  172.2    nan  1.065  107.8  3.744  5.735 -111.0 -127.2
N  -72.4  -46.2  108.8  179.5  -90.7    nan  0.988   89.2  3.698  5.484   75.4   87.8
A  -56.8  -45.1  106.9  178.1    nan    nan  1.004  102.4  3.664  5.123   71.5   81.5
A  -56.8  -44.1  110.9  179.8    nan    nan  1.019  100.7  3.834  5.377   74.2   84.1
K  -64.5  -42.7  112.5 -178.3  -94.7    nan  1.063   94.8  3.766  5.189   65.5   80.7
S  -66.6  -42.1  109.8  179.4  157.0    nan  1.015   94.9  3.708  5.188   66.5   78.0
E  -61.3  -43.5  109.5  178.3  -70.4    nan  0.984   98.5  3.773  5.419   72.8   82.2
L  -54.1  -48.5  111.8 -178.5  177.4    nan  1.077   99.4  3.756  5.286   74.5   90.5
D  -57.6  -42.7  112.2 -176.6  -73.5    nan  1.131  100.2  3.838  5.328   65.2   84.6
K  -63.7  -44.5  110.8  176.8  176.4    nan  0.962   95.4  3.726  5.206   72.5   78.3
A  -65.9  -36.5  111.7 -179.6    nan    nan  1.026   97.3  3.838  5.263   58.1   78.1
I  -91.4  -28.6  114.0 -174.5  -73.2  163.4  1.014   77.5  3.832  5.125   47.8   66.0
G   88.2   23.2  115.4 -179.3    nan    nan    nan   81.9  3.623    nan    nan -124.4
R -152.7  170.4  110.1  176.3   66.7    nan  1.122  154.5  3.778    nan    nan   50.4
N  -77.9  106.4  106.0  178.4 -130.9    nan  0.976  101.5  3.769  5.268  -74.8  -86.3
T  -97.3  -23.3  115.3 -174.5   66.6  -57.0  1.031   73.5  3.591  5.806 -169.4 -161.0
N   61.8   36.7  113.0 -174.7 -158.1    nan  1.175  100.0  3.728  5.354 -144.7 -140.7
G   76.2   -1.6  119.2  175.1    nan    nan    nan  104.6  3.940    nan    nan  -81.7
V -126.4  134.4  112.2  179.7 -173.5  -52.4  0.988  129.2  3.793    nan    nan   58.6
I -124.8  164.7  109.4  178.9   58.7  -63.8  1.056  128.5  3.824  5.800 -174.5 -174.9
T  -90.8  172.1  109.0  179.1   75.9  -41.8  0.996   93.4  3.788  5.401 -100.9 -104.6
K  -60.2  -46.0  112.4  179.9  177.0    nan  1.204   96.2  3.788  5.333  -78.7  -65.8
D  -58.8  -38.9  112.0  179.8  -69.2    nan  0.963  101.7  3.754  5.506   83.4   83.1
E  -65.7  -39.5  109.9 -178.8  -73.5    nan  1.067   96.9  3.797  5.176   63.4   83.4
A  -63.6  -37.6  109.9  178.6    nan    nan  1.058   99.6  3.781  5.415   68.2   82.4
E  -71.9  -34.4  112.8 -179.8  -80.9    nan  1.146   92.7  3.786  5.306   54.6   78.1
K  -68.7  -44.9  110.2  178.1  178.9    nan  1.038   91.7  3.700  5.408   70.9   82.9
L  -59.6  -38.2  112.2  174.5  -61.0    nan  1.036  101.3  3.844  5.538   69.4   78.8
F  -62.9  -47.1  111.0 -179.7 -176.4    nan  1.033   94.4  3.820  5.267   73.6   86.4
N  -57.5  -44.0  112.6  177.6  -78.6    nan  1.056   99.3  3.835  5.440   65.2   81.3
Q  -61.6  -41.7  111.9  177.9  -52.4    nan  1.031   97.9  3.847  5.498   71.1   81.0
D  -65.3  -40.5  113.5 -176.2  -74.4    nan  1.114   94.7  3.757  5.166   64.6   84.4
V  -67.4  -47.9  106.7  179.1  171.2  -65.8  1.083   93.5  3.845  5.498   61.8   78.4
D  -55.2  -44.9  111.0  178.8 -167.9    nan  1.044  101.3  3.795  5.433   71.2   82.3
A  -63.2  -41.0  112.6 -178.4    nan    nan  1.041   96.6  3.798  5.307   64.3   81.0
A  -63.5  -48.6  109.9  179.8    nan    nan  1.023   93.8  3.759  5.270   69.1   82.8
V  -54.9  -48.0  110.4  178.7  174.2  -68.6  1.071  100.0  3.865  5.376   67.9   82.3
R  -65.3  -37.1  111.8  179.9  -84.7    nan  1.171   97.5  3.786  5.211   51.1   74.6
G  -61.0  -44.1  110.6  176.8    nan    nan    nan   97.7  3.738    nan    nan   86.5
I  -58.5  -47.9  108.4  177.4  -79.4  160.2  0.969   98.6  3.796    nan    nan   81.8
L  -65.7  -24.5  114.1 -174.8  -58.9    nan  1.216  102.7  3.741  5.121   47.3   79.1
R  -92.3  -16.4  112.5  179.8  -78.8    nan  0.989   81.6  3.731  5.503   67.7   72.0
N  -80.9  126.0  112.0 -177.9 -173.9    nan  1.054  101.9  3.789  5.336   72.2   91.7
A  -63.7  -24.7  113.7 -177.8    nan    nan  1.113  104.6  3.754  5.765 -113.7 -120.2
K  -94.2  -22.8  112.5  178.7  -76.9    nan  1.005   77.5  3.757  5.392   55.6   69.8
L  -88.1  -39.9  113.7 -177.5  -59.1    nan  1.128   76.5  3.740  5.187   52.1   80.1
K  -47.3  -47.1  114.9 -178.1 -161.0    nan  1.206  103.6  3.766  5.449   80.6  101.8
P  -64.6  -35.8  111.5 -177.1  -12.0    nan  0.985   98.8  3.783  5.381   73.7   79.8
V  -66.1  -55.0  111.8 -179.9 -177.5  -54.6  1.148   87.4  3.693  5.173   56.3   85.6
Y  -52.3  -44.5  110.8  177.5 -173.5    nan  0.981  103.8  3.804  5.345   74.0   78.5
D  -63.9  -35.4  112.9 -179.7  -75.3    nan  1.100   99.0  3.808  5.277   57.9   80.0
S  -73.7  -11.3  113.8  178.9   76.1    nan  1.048  101.5  3.768  5.461   68.1   79.3
L  -96.0  160.6  117.0 -173.4  -59.9    nan  1.074  104.4  3.825  5.407   66.4   88.5
D  -72.7  168.8  110.8  173.4   57.8    nan  1.042   76.9  3.856  5.318  -90.4  -98.1
A  -58.2  -41.2  116.4 -177.5    nan    nan  1.264   98.5  3.875  5.478  -78.7  -64.6
V  -66.1  -53.5  111.8 -178.5 -178.3  -61.0  1.094   88.2  3.819  5.532   71.8   82.8
R  -59.8  -32.7  113.4  178.0  -63.0    nan  1.119  103.7  3.769  5.246   55.8   74.3
R  -57.3  -39.1  108.7  176.4  -71.0    nan  1.060  104.4  3.867  5.752   84.5   93.2
A  -60.2  -43.1  109.5  177.7    nan    nan  1.059   99.5  3.826  5.450   75.3   84.9
A  -58.8  -44.9  112.4  179.5    nan    nan  1.114   97.8  3.926  5.511   68.2   84.7
L  -70.6  -38.0  108.7  178.7 -174.4    nan  1.051   94.4  3.805  5.405   59.3   71.4
I  -64.3  -36.5  110.7  178.9  -71.2  165.0  1.000   99.1  3.780  5.487   75.2   84.0
N  -58.8  -49.4  111.1  179.1 -168.4    nan  1.009   95.9  3.797  5.316   77.7   90.6
M  -59.1  -39.2  110.9 -179.1  -59.9    nan  1.054  101.8  3.793  5.295   64.0   80.0
V  -68.0  -35.2  113.1 -178.5  168.7  -69.9  1.099   95.5  3.818  5.350   64.8   82.2
F  -63.5  -39.8  109.4  179.5 -177.3    nan  0.952   98.7  3.782  5.380   80.6   87.6
Q  -77.4  -46.9  115.8 -176.9 -179.2    nan  1.090   80.8  3.803  5.127   48.3   73.4
M -116.8    3.6  117.9 -173.1   75.5    nan  1.256   64.9  3.787  4.641    0.3   34.0
G   74.7  158.9  112.1 -179.9    nan    nan    nan   67.8  3.737    nan    nan -107.7
E  -60.2  -43.6  114.9 -177.0  124.3    nan  1.275   96.2  3.744    nan    nan  -82.5
T  -62.2  -47.6  107.7  176.4  -61.4  178.9  0.979   96.7  3.721  5.575   75.6   79.0
G  -52.1  -57.9  112.4  178.8    nan    nan    nan   94.1  3.720    nan    nan   86.3
V  -61.2  -42.9  114.5 -178.5 -172.5  -54.4  1.109   96.0  3.825    nan    nan   71.9
A  -53.5  -26.1  111.3  179.8    nan    nan  1.068  113.9  3.775  5.381   77.0   91.2
G  -75.0   -8.3  119.4 -179.4    nan    nan    nan  100.8  3.782    nan    nan   88.8
F  -88.3   57.7  105.7 -178.8  -78.4    nan  0.918  104.1  3.773    nan    nan   89.3
T  -44.8  -56.9  117.6 -175.4  -51.4 -169.8  1.079   96.5  3.736  6.150 -176.5 -162.2
N  -62.4  -45.8  115.9 -176.8  -51.9    nan  1.162   92.6  3.707  4.969   51.3   75.6
A  -65.5  -33.5  109.7 -178.3    nan    nan  1.014  100.1  3.757  5.298   69.1   79.0
L  -62.1  -43.1  108.4 -179.7  -65.2    nan  1.112   98.7  3.813  5.561   69.6   90.2
R  -68.6  -35.5  109.6 -178.4  144.9    nan  1.090   96.6  3.745  5.286   62.5   76.5
M  -68.1  -37.6  110.6  178.0  -81.7    nan  1.054   95.6  3.715  5.496   66.6   81.9
L  -64.9  -37.1  107.7  179.3  -74.2    nan  1.023   99.9  3.726  5.390   72.1   83.5
Q  -64.7  -35.2  113.0 -177.5 -105.0    nan  1.108   98.4  3.754  5.354   65.3   87.4
Q  -81.0   -2.5  113.8  178.4  -53.1    nan  1.107   98.0  3.752  5.344   51.6   71.7
K   66.8   35.3  113.7  179.2  -55.1    nan  1.160   96.2  3.763  5.484 -120.2 -121.5
R  -99.5   76.9  107.8  175.2  -75.6    nan  1.014  104.8  3.743  5.937  114.4  113.7
W  -54.2  -56.8  117.5 -173.9  -43.0    nan  1.250   90.5  3.830  6.180 -165.8 -153.8
D  -57.7  -48.1  109.7  178.0  -73.6    nan  1.132   98.3  3.786  5.401   60.7   74.0
E  -63.6  -42.4  116.6 -179.7  -35.9    nan  1.210   93.4  3.780  5.439   55.0   78.4
A  -64.9  -36.6  111.2 -179.3    nan    nan  0.955   98.4  3.737  5.438   81.6   82.4
A  -65.7  -36.6  111.3 -175.7    nan    nan  1.039   97.6  3.705  5.138   68.6   88.5
V  -66.8  -41.5  109.5  179.1  149.2  -89.2  0.977   95.2  3.700  5.270   73.8   83.0
N  -67.1  -38.1  109.3  179.6 -174.1    nan  0.959   96.8  3.746  5.137   66.6   78.0
L  -62.5  -26.7  112.4 -177.8  -75.4    nan  1.010  105.1  3.744  5.339   73.1   88.6
A  -74.3  -21.8  114.0 -176.8    nan    nan  1.200   96.0  3.806  5.307   58.6   89.6
K  -84.6   72.0  110.3  177.5  -53.4    nan  0.993  111.0  3.795  5.616   71.6   79.3
S -154.9  162.0  107.9 -176.0   56.6    nan  0.931  154.4  3.731  5.440   99.5   97.5
R  -61.8  -39.6  109.6  176.6  170.4    nan  1.000  100.1  3.763  5.277  -82.2  -81.5
W  -52.3  -50.8  112.5 -179.2  168.8    nan  1.029   98.8  3.769  5.325   78.1   95.0
Y  -65.6  -41.7  110.2  179.1 -178.8    nan  0.917   95.7  3.732  5.062   63.9   71.4
N  -67.1  -35.5  113.9  179.5  -72.6    nan  1.143   95.7  3.801  5.160   50.3   79.2
Q  -80.9  -36.4  115.3  179.1  -59.3    nan  1.071   82.9  3.811  5.455   58.8   73.5
T -130.6   68.9  107.1 -179.9   42.9  -72.4  0.964   88.5  3.867  4.986    7.4   21.7
P  -58.6  -37.5  117.5 -177.5   16.3    nan  1.084   99.9  3.780  6.049 -172.2 -167.3
N  -70.7  -41.5  111.8 -179.7  -70.5    nan  1.104   90.9  3.847  5.436   58.6   81.1
R  -71.3  -47.5  110.1  178.8  174.6    nan  1.066   88.7  3.726  5.329   60.1   74.2
A  -56.0  -39.5  111.8  176.3    nan    nan  1.054  103.6  3.817  5.395   72.2   80.7
K  -61.6  -41.0  113.1  178.0  -70.2    nan  1.031   97.6  3.882  5.470   76.5   85.0
R  -60.8  -49.6  111.2  178.6  -75.3    nan  1.091   94.4  3.779  5.234   68.9   84.5
V  -64.9  -44.0  110.7  179.7  176.6  -58.9  1.091   94.8  3.862  5.289   57.4   73.3
I  -62.8  -37.1  112.3  179.4  -76.5  167.4  1.144   99.2  3.721  5.263   59.7   80.5
T  -68.5  -33.9  110.9  179.2  -65.4  175.4  0.994   96.9  3.857  5.612   75.5   81.5
T  -64.2  -37.6  107.9 -179.7  -56.5 -174.4  1.054  100.1  3.720  5.231   70.8   87.9
F  -72.2  -38.9  110.1 -179.9  -84.4    nan  1.070   91.8  3.799  5.509   59.6   77.3
R  -64.5  -49.8  113.6 -177.4 -138.5    nan  1.073   90.1  3.754  5.349   72.6   86.5
T  -88.6  -32.7  119.1 -173.4   78.3  -40.9  1.180   75.9  3.768  4.862   30.9   58.7
G   76.8   15.2  114.1 -175.5    nan    nan    nan   96.7  3.704    nan    nan -134.6
T -126.1  170.8  109.2  179.3   70.4  -46.6  0.927  128.7  3.889    nan    nan   72.6
W  -94.9   18.8  112.2 -179.1  -68.0    nan  0.957   92.3  3.872  5.384 -103.1  -99.6
D  -55.0  -38.4  120.5 -176.9  -70.0    nan  1.159  101.0  3.688  5.779  127.6  151.4
A  -64.7  -16.1  107.5 -176.4    nan    nan  1.012  109.6  3.756  5.339   76.3   88.3
Y -106.8   -2.8  113.5 -177.0  -73.5    nan  1.038   72.1  3.698  5.267   44.1   67.7
K  -91.8    nan  112.2 -179.4  -74.0    nan  1.225    nan  3.699  5.410   60.3   93.2
