Id   phi    psi    tau  omega    chi    chi2  solid    eta  CA-CA  CB-CB  BA^AB  NA^AC
M    nan  146.0  108.7    nan -178.8    nan  0.949    nan    nan    nan    nan    nan
N -152.9  175.2  106.7  177.9   61.5    nan  1.087  153.9  3.695  5.592  162.1  168.9
I  -52.7  -42.2  114.8 -176.8 -170.7   58.5  1.149  103.0  3.780  5.172  -52.6  -52.8
F  -65.0  -46.4  110.7 -179.3  -70.2    nan  1.026   93.4  3.707  5.455   72.9   81.9
E  -66.8  -33.0  110.7  179.5  -59.2    nan  1.009   98.9  3.739  5.254   65.8   74.4
M  -66.1  -49.9  109.1 -178.6 -175.8    nan  0.972   91.8  3.735  5.274   78.9   88.5
L  -65.5  -31.8  114.5  179.3  -81.5    nan  1.101   98.8  3.714  5.068   48.7   73.1
R  -65.9  -32.9  110.3 -179.5  168.0    nan  1.054   99.8  3.775  5.513   74.8   90.1
I  -69.8  -43.6  109.4  177.0  -77.0  157.5  1.077   92.0  3.775  5.415   64.6   81.5
D  -68.3  -37.0  114.5 -176.4  -72.5    nan  1.209   93.6  3.850  5.352   51.8   79.4
E  -98.5  -26.9  116.9 -175.1  -65.2    nan  1.036   70.5  3.770  5.136   46.1   59.2
G   79.9  179.0  109.3 -175.7    nan    nan    nan   79.6  3.726    nan    nan -126.6
L -135.9  122.6  108.0  175.0  168.7    nan  1.060  124.6  3.808    nan    nan -135.0
R -134.1  126.6  107.5  176.3  -48.7    nan  1.067  126.0  3.866  5.872  170.3  161.6
L  -91.9   -0.1  114.7 -177.8  -57.1    nan  1.136   88.1  3.755  5.850 -141.5 -145.2
K -125.2  142.0  109.0  179.8 -174.0    nan  0.993  128.1  3.772  5.270   46.5   60.2
I  -41.8  135.0  111.4 -179.1  -68.1  174.7  1.149   69.2  3.887  5.842  -79.3  -82.6
Y -144.9  167.9  108.7  177.3   64.0    nan  1.068  147.0  3.800  5.743  173.8  167.4
K -100.9  132.0  111.0  175.7  -57.2    nan  1.050  112.8  3.737  5.432 -112.9 -110.1
D  -71.0 -174.7  110.7 -178.8   70.9    nan  1.150   69.2  3.817  5.722 -118.9 -122.5
T  -57.4  -23.0  113.2  178.7   66.9  -50.8  1.152  111.4  3.838  5.067  -48.6  -47.3
E  -98.6   -3.7  115.2  179.4  -59.3    nan  1.080   79.9  3.913  5.513   50.7   66.6
G   90.7   19.5  112.7  179.5    nan    nan    nan   81.9  3.885    nan    nan  -98.0
Y -103.3  142.5  111.2 -178.1  -58.3    nan  0.990  113.4  3.788    nan    nan  103.7
Y  -59.3  125.6  111.4 -179.5  -69.3    nan  1.080   87.6  3.755  5.411  -94.2 -101.9
T -141.4  166.4  109.3 -176.4  -58.1 -178.8  0.961  143.9  3.772  5.710  179.4  158.7
I -154.8  163.0  109.5  174.5 -167.0   68.7  0.992  155.0  3.795  5.565 -174.3 -169.8
G   70.2 -127.8  113.4  174.5    nan    nan    nan   95.0  3.788    nan    nan   41.4
I -107.6   74.3  110.4  178.9  -58.3 -179.9  1.062  103.8  3.764    nan    nan  -39.8
G   69.9   24.7  115.0  179.0    nan    nan    nan   98.5  3.722    nan    nan  -48.5
H  -85.5  107.8  112.3 -178.9 -179.4    nan  1.041  109.6  3.729    nan    nan  125.5
L  -68.3  128.4  112.2 -178.5  168.3    nan  1.025   92.6  3.824  6.069 -133.7 -142.6
L  -91.9  -47.6  111.3  179.8  -69.5    nan  1.042   73.1  3.767  5.844 -143.6 -143.7
T -164.8  153.3  110.0 -177.8 -178.9   59.0  0.962  154.5  3.757  4.591  -34.0  -25.1
K  -93.1   -5.8  110.1  176.1  -64.0    nan  1.091   84.9  3.706  5.518 -129.5 -121.4
S  -70.1  154.0  111.1  179.3  117.3    nan  1.182   81.0  3.804  5.829   85.2  109.2
P  -75.0   -9.7  115.3 -175.9  -15.6    nan  1.024  100.7  3.776  5.325  -82.1  -99.2
S  -82.9  117.7  117.8 -177.4 -177.5    nan  1.119  110.7  3.734  5.325   68.8   96.5
L  -67.8  -26.1  112.2  176.9  178.0    nan  1.071  100.7  3.751  5.830 -122.3 -139.4
N  -73.5  -37.3  109.1  178.1  -73.8    nan  0.946   92.1  3.739  5.505   81.8   85.8
A  -63.9  -35.2  108.5  179.6    nan    nan  1.019  101.3  3.666  5.090   69.3   84.6
A  -71.4  -34.5  110.3 -179.5    nan    nan  1.056   94.4  3.789  5.344   61.4   80.6
K  -71.1  -28.4  110.5 -178.0  -63.8    nan  1.041   97.3  3.821  5.508   69.2   83.2
S  -76.3  -41.0  111.5 -178.1 -179.6    nan  1.033   86.9  3.655  5.051   68.8   83.2
E  -66.2  -36.4  104.9  177.8  -80.6    nan  0.940  100.7  3.772  5.407   68.5   77.1
L  -64.4  -45.3  113.6 -179.6  176.9    nan  1.092   92.7  3.794  5.323   68.2   86.4
D  -64.3  -35.8  111.4 -177.4  -74.0    nan  1.038   99.2  3.772  5.235   66.7   81.1
K  -67.7  -36.0  111.1  177.6  160.0    nan  1.060   96.3  3.752  5.309   63.4   81.3
A  -72.7  -35.1  114.0  178.8    nan    nan  1.096   91.1  3.869  5.432   59.6   78.6
I  -92.6  -26.2  113.6 -176.8  -63.2  174.1  1.029   77.4  3.871  5.171   46.5   63.5
G   81.4   30.6  113.5  178.9    nan    nan    nan   85.8  3.764    nan    nan -129.6
R -160.6  170.2  109.6  175.3   77.8    nan  1.127  161.5  3.787    nan    nan   47.6
N  -79.8   95.6  106.0  178.2 -124.1    nan  0.972  104.6  3.760  5.101  -75.3  -90.1
T  -86.7  -25.4  115.2 -174.6   70.5  -51.7  1.087   82.4  3.705  5.994 -171.9 -164.6
N   64.3   18.0  110.8 -174.4 -165.9    nan  1.160  108.3  3.815  5.575 -142.4 -138.9
G   90.2   13.4  116.5  174.8    nan    nan    nan   83.9  3.846    nan    nan  -85.1
V -134.7  137.5  112.1 -179.9 -174.8  -53.9  1.036  134.3  3.732    nan    nan   62.6
I -131.7  165.2  109.0  179.3   61.4  -63.5  1.042  134.8  3.860  5.807 -174.3 -177.6
T  -91.7  170.6  109.7  178.3   63.5  -56.4  0.951   94.9  3.671  5.247  -97.8 -105.1
K  -59.6  -41.5  111.6  177.1 -179.2    nan  1.083   99.6  3.794  5.193  -73.3  -69.0
D  -62.6  -42.8  112.2  178.9  -83.8    nan  1.016   96.3  3.776  5.430   76.3   82.8
E  -64.4  -38.0  110.8  179.0  -77.4    nan  1.040   98.3  3.812  5.221   66.8   79.7
A  -65.9  -43.0  109.0  179.4    nan    nan  1.004   95.5  3.839  5.413   70.2   82.2
E  -66.6  -29.9  111.7  179.4  -81.3    nan  1.098  100.1  3.788  5.248   56.6   77.4
K  -70.9  -43.9  113.1  178.4 -177.9    nan  1.135   88.8  3.738  5.470   64.9   86.0
L  -60.8  -38.6  106.6  176.1  -71.4    nan  0.914  103.0  3.826  5.508   82.3   78.8
F  -63.1  -48.6  112.2 -178.5 -175.4    nan  1.121   92.7  3.771  5.119   62.7   86.1
N  -54.7  -41.8  110.6  176.5  -78.5    nan  1.035  103.9  3.803  5.403   71.3   81.4
Q  -65.4  -40.3  113.6 -179.7  -65.6    nan  1.076   94.7  3.809  5.396   63.6   81.4
D  -72.3  -36.8  113.6 -176.5  -69.1    nan  1.072   90.9  3.669  5.125   63.0   79.6
V  -65.5  -49.7  106.8  176.8  169.9  -71.0  1.043   93.9  3.779  5.464   71.8   81.8
D  -59.8  -43.2  112.5  179.0 -170.7    nan  1.021   98.0  3.777  5.190   67.2   77.1
A  -60.6  -40.0  111.7  179.2    nan    nan  1.018   99.7  3.759  5.319   66.5   83.5
A  -61.2  -45.1  111.2  179.3    nan    nan  1.045   96.6  3.783  5.388   70.1   85.5
V  -61.1  -50.7  109.1  179.5  179.6  -62.9  1.046   94.9  3.787  5.362   69.0   80.6
R  -59.6  -35.7  112.4 -179.5  -96.3    nan  1.238  102.6  3.713  5.152   50.4   78.1
G  -63.9  -45.1  112.6  177.6    nan    nan    nan   93.8  3.824    nan    nan   85.8
I  -58.5  -46.2  108.2  177.7  -77.4  158.2  0.975   99.7  3.849    nan    nan   81.4
L  -63.6  -28.3  114.6 -175.9  -59.0    nan  1.154  102.4  3.812  5.198   54.6   81.4
R  -88.6  -16.1  111.4 -179.4  -86.0    nan  0.968   85.5  3.740  5.309   63.9   71.6
N  -83.3  119.4  113.2 -177.9 -170.4    nan  1.173  106.5  3.823  5.312   56.5   89.1
A  -63.6  -25.5  113.4 -177.8    nan    nan  1.057  104.4  3.819  5.866 -107.4 -127.2
K  -86.4  -29.5  112.7  178.7  -67.4    nan  1.015   82.2  3.742  5.311   59.4   75.7
L  -91.7  -36.6  116.6 -176.6  -56.5    nan  1.119   73.0  3.760  5.089   44.6   71.7
K  -54.5  -47.8  117.4 -175.2 -175.9    nan  1.152   96.4  3.735  5.310   81.3  102.2
P  -60.3  -40.1  109.4  179.3    0.2    nan  0.961  101.1  3.824  5.391   73.8   80.2
V  -61.5  -53.4  111.9  176.3 -173.8  -53.2  1.095   91.2  3.737  5.345   63.3   83.2
Y  -54.9  -43.5  110.5 -178.1 -175.0    nan  0.964  102.7  3.735  5.132   75.4   81.2
D  -65.6  -28.6  112.1 -178.4  -81.3    nan  1.035  101.5  3.773  5.228   61.2   80.1
S  -80.7  -12.2  116.1  179.9   76.6    nan  1.053   93.8  3.732  5.260   64.1   80.3
L  -90.3  155.8  115.8 -175.3  -63.9    nan  1.054  100.6  3.783  5.349   69.9   89.7
D  -72.8  171.8  110.0  170.7   62.4    nan  1.062   75.7  3.761  5.418  -98.8 -104.7
A  -59.4  -43.6  115.7 -176.5    nan    nan  1.245   96.4  3.844  5.317  -72.9  -62.9
V  -66.7  -49.9  111.3  178.6 -176.3  -54.4  1.079   90.0  3.752  5.484   67.6   77.7
R  -62.8  -32.8  113.8 -179.8  -68.3    nan  1.134  100.9  3.750  5.224   55.1   76.5
R  -59.1  -40.0  109.6  178.1  -72.0    nan  0.992  102.0  3.800  5.665   88.1   93.2
A  -56.2  -42.7  110.6  176.8    nan    nan  1.098  102.2  3.764  5.300   71.6   87.7
A  -59.1  -40.0  111.5  177.9    nan    nan  1.134  101.0  3.855  5.527   68.2   83.7
L  -66.5  -40.5  110.0  178.5 -170.5    nan  1.044   95.7  3.823  5.548   70.8   79.5
I  -61.0  -45.3  111.4  179.3  -64.8  172.4  1.106   96.6  3.756  5.336   67.9   85.1
N  -56.3  -48.8  108.4  179.2 -169.7    nan  0.946   99.7  3.816  5.356   78.7   84.3
M  -60.4  -42.1  113.6  179.7  -63.2    nan  1.074   97.7  3.793  5.343   59.7   78.9
V  -65.5  -36.4  110.6 -178.9  167.8  -69.4  1.086   98.3  3.789  5.275   66.5   81.3
F  -63.1  -37.2  111.3  178.7 -174.9    nan  1.029   99.5  3.779  5.425   74.5   86.4
Q  -77.0  -47.8  115.0 -178.4 -173.1    nan  1.040   81.2  3.827  5.218   57.3   75.7
M -114.4   -2.5  120.3 -173.4   69.6    nan  1.246   64.4  3.737  4.545   -1.4   35.6
G   81.9  157.2  110.7  178.0    nan    nan    nan   74.6  3.777    nan    nan -107.1
E  -54.6  -38.7  112.5 -177.9 -145.5    nan  0.925  104.9  3.709    nan    nan  -79.3
T  -65.2  -51.4  112.7 -176.7  -32.8 -154.5  1.085   89.3  3.762  5.206   60.7   86.5
G  -59.8  -42.0  110.9 -177.6    nan    nan    nan   99.6  3.735    nan    nan   78.8
V  -70.6  -43.0  110.2 -180.0  176.8  -63.2  1.066   91.2  3.829    nan    nan   75.0
A  -47.8  -34.9  108.4  178.3    nan    nan  1.111  114.6  3.782  5.374   75.2   93.5
G  -65.0   -7.6  116.9  175.8    nan    nan    nan  111.4  3.913    nan    nan   83.9
F  -93.7   46.3  106.5  177.8  -82.4    nan  0.966   99.2  3.693    nan    nan   83.4
A  -44.8  -51.4  118.3 -178.7    nan    nan  1.166  100.4  3.818  6.228  166.6 -175.3
N  -62.8  -40.3  111.6 -179.4  -56.3    nan  1.076   97.9  3.763  5.282   65.5   76.6
S  -65.6  -44.1  111.3  179.2  -61.1    nan  1.013   93.8  3.734  5.335   73.1   81.3
L  -56.6  -44.2  110.7  179.1  -58.1    nan  1.063  100.9  3.788  5.278   72.9   85.5
R  -63.6  -38.9  111.6  179.5  173.0    nan  1.014   98.0  3.699  5.145   68.1   79.9
M  -64.8  -39.5  110.4  179.2  -77.9    nan  1.045   97.4  3.808  5.451   64.6   83.0
L  -62.3  -44.0  111.6  179.5  -73.1    nan  1.049   96.2  3.684  5.290   73.2   85.2
Q  -63.6  -31.5  108.6 -178.2 -174.7    nan  0.987  103.3  3.764  5.181   68.6   80.8
Q  -82.4   -2.1  114.3  176.6  -66.9    nan  1.038   96.7  3.776  5.367   52.0   72.6
K   64.1   34.6  116.9 -176.3  -41.3    nan  1.287   97.4  3.886  5.651 -130.8 -120.2
R -100.4   76.3  104.9  178.6  -66.5    nan  0.935  101.7  3.882  6.087  126.6  113.0
W  -61.3  -46.7  115.9 -170.1  -40.1    nan  1.241   92.8  3.715  6.121 -179.6 -156.6
D  -65.7  -40.0  113.7 -180.0  -79.3    nan  1.095   94.6  3.646  5.254   66.7   77.8
E  -66.7  -41.2  112.4  176.8  -51.4    nan  1.118   93.8  3.784  5.462   59.6   79.4
A  -58.6  -44.9  111.4  177.2    nan    nan  1.030   98.5  3.733  5.441   78.7   85.8
A  -58.3  -40.2  111.1 -177.6    nan    nan  1.054  101.7  3.807  5.282   69.8   85.9
V  -69.2  -42.3  111.7  178.8  159.7  -74.8  1.046   91.7  3.704  5.304   62.3   78.2
N  -66.2  -39.5  112.0  179.7 -173.6    nan  0.993   95.3  3.785  5.353   69.2   79.4
L  -59.0  -30.5  110.5 -179.4  -74.7    nan  0.998  106.9  3.775  5.398   79.6   89.2
A  -71.7  -19.4  114.1 -177.1    nan    nan  1.105   99.6  3.865  5.354   66.5   87.8
K  -87.1   70.8  110.7  178.6  -59.9    nan  0.961  110.5  3.741  5.434   70.0   80.4
S -153.6  155.6  107.8 -172.9   62.3    nan  0.960  150.7  3.728  5.360   95.0   99.8
R  -55.6  -46.9  109.6  173.1 -176.8    nan  0.996  100.6  3.722  5.304  -76.9  -85.0
W  -41.6  -53.4  111.6  176.5  175.9    nan  0.968  104.5  3.862  5.358   90.3   94.6
Y  -66.4  -38.9  113.1 -178.4  178.7    nan  1.010   94.9  3.778  4.930   53.0   71.0
N  -71.2  -33.0  112.6 -179.0  -74.1    nan  1.069   94.1  3.798  5.220   56.1   79.6
Q  -82.5  -40.5  115.1  178.6  -59.8    nan  1.106   80.0  3.757  5.371   50.6   73.4
T -128.2   69.3  106.4  178.0   46.5  -72.1  0.993   89.4  3.816  5.022    3.8   19.7
P  -59.4  -35.9  117.1 -177.9   15.9    nan  1.008  100.6  3.769  6.024 -163.9 -167.3
N  -68.3  -43.3  113.8  180.0  -72.1    nan  1.133   90.7  3.843  5.415   57.6   85.5
R  -68.7  -43.6  110.1  177.8 -173.7    nan  0.964   92.4  3.763  5.326   69.9   74.6
A  -54.7  -48.8  110.8  179.8    nan    nan  1.117   99.4  3.731  5.212   66.5   88.3
K  -58.8  -36.4  111.8  179.9  -66.1    nan  1.010  103.3  3.826  5.451   75.4   80.1
R  -67.9  -41.2  110.7 -179.1  -67.9    nan  1.071   93.9  3.840  5.404   68.5   84.1
V  -69.3  -45.0  110.2  179.1  171.5  -63.4  1.070   91.3  3.801  5.257   63.1   76.2
I  -59.9  -40.8  111.2  177.2  -66.7  173.9  1.046  100.2  3.838  5.431   69.1   80.3
T  -59.8  -39.4  111.3  177.8  -70.0  173.2  1.087  100.9  3.860  5.461   70.6   84.7
T  -63.7  -42.4  110.4 -180.0  -58.9 -175.1  1.037   96.7  3.758  5.271   70.9   83.8
F  -70.7  -37.3  110.4  178.3  -81.8    nan  0.973   93.7  3.814  5.421   62.0   73.4
R  -66.4  -44.7  111.0 -177.5 -149.7    nan  1.026   93.1  3.818  5.327   72.1   85.6
T  -96.9  -27.5  119.9 -175.2   71.4  -52.2  1.123   70.4  3.716  4.874   30.4   54.8
G   75.0   16.5  112.6 -174.9    nan    nan    nan   98.2  3.766    nan    nan -130.6
T -125.9  172.4  106.8  179.5   62.5  -55.8  0.944  127.7  3.883    nan    nan   74.0
W -100.9   17.8  109.2  180.0  -65.9    nan  0.941   85.3  3.743  5.213 -105.7 -104.4
D  -48.9  -37.6  117.7 -178.7  -68.6    nan  1.073  107.9  3.740  5.882  139.1  154.0
A  -63.3  -22.0  109.2 -176.7    nan    nan  1.027  107.8  3.881  5.364   75.5   89.5
Y -100.2   -1.5  115.5 -179.1  -65.1    nan  1.186   79.2  3.789  5.252   35.8   66.8
K -108.9    nan  109.4  176.6  -43.1    nan  1.082    nan  3.851  5.665   58.2   73.6
