Id   phi    psi    tau  omega    chi    chi2  solid    eta  CA-CA  CB-CB  BA^AB  NA^AC
M    nan  136.0  115.6    nan -173.4    nan  1.262    nan    nan    nan    nan    nan
N -124.2  177.5  112.9  174.3   58.3    nan  1.368  125.1  3.687  5.686 -178.4 -174.5
C  -66.0  -28.9  109.4 -176.0  -46.9    nan  1.049  102.0  3.684  5.065  -45.6  -62.8
F  -68.3  -46.6  109.0 -178.5  -78.7    nan  1.022   92.0  3.706  5.400   72.9   90.1
E  -62.3  -40.9  113.7 -179.3  -57.1    nan  1.177   96.8  3.711  5.284   53.3   80.0
M  -55.6  -42.6  112.6 -178.8 -166.7    nan  1.049  101.6  3.666  5.317   83.7   92.3
L  -68.4  -48.1  111.8 -177.6  -93.4    nan  0.999   89.3  3.773  5.135   62.2   78.6
R  -54.8  -37.9  107.6  177.3 -167.8    nan  1.058  107.6  3.707  5.124   64.1   81.8
C  -64.4  -41.5  113.5  175.6  -68.1    nan  1.036   94.9  3.762  5.475   72.0   81.5
D  -79.5  -26.0  113.8 -175.8  -80.3    nan  1.051   89.5  3.783  5.089   53.8   72.3
E -108.5  -25.0  114.2 -174.0  -55.7    nan  1.045   63.2  3.720  4.984   37.2   60.6
G   70.2 -169.0  111.5 -179.8    nan    nan    nan   74.5  3.715    nan    nan -137.1
L -137.1  130.7  113.0 -178.3  166.4    nan  1.146  132.8  3.766    nan    nan -117.0
R -140.4  139.3  107.6  176.9  -77.5    nan  0.983  135.2  3.774  5.766 -177.9  162.7
L -101.1   11.0  114.7 -178.9  -50.6    nan  1.098   83.6  3.783  5.718 -145.2 -139.8
K -137.7  139.4  105.7 -178.7 -134.0    nan  0.952  132.8  3.739  5.289   45.8   57.4
I  -41.3  141.6  113.8  179.8  -71.9  168.5  1.030   64.9  3.734  5.396  -72.2  -85.7
Y -152.8  174.1  111.1  179.3   65.1    nan  1.048  154.4  3.650  5.318  166.0  167.0
K  -97.4  143.4  110.3  178.7  -88.8    nan  1.105  108.0  3.704  5.403 -111.6  -98.2
D  -91.9 -167.0  114.2  179.5   80.0    nan  1.168   86.6  3.798  5.762 -129.6 -128.6
T  -57.7  -27.5  113.7 -178.8   59.9  -64.6  1.214  108.4  3.832  5.117  -44.7  -36.1
E -114.7   36.6  109.2 -179.1   -0.4    nan  1.064   81.0  3.771  5.224   32.9   47.0
G   62.6    7.8  115.9  178.6    nan    nan    nan  113.8  3.756    nan    nan  -89.3
Y  -79.5  158.6  114.6  177.8  -60.0    nan  1.105   88.8  3.827    nan    nan  113.2
Y  -81.0  126.6  113.5  178.4  -65.0    nan  1.075  102.9  3.864  5.443  -96.4 -104.1
T -141.0  174.4  108.3 -177.3  -51.4 -177.1  0.901  142.5  3.794  5.588 -178.6  159.6
I -156.7  160.0  107.4  178.0 -160.5   79.2  1.004  154.6  3.750  5.494 -172.4 -161.4
G   64.6 -130.6  111.8  175.0    nan    nan    nan   88.6  3.767    nan    nan   33.4
I  -96.9   66.6  110.3 -177.7  -46.2 -170.8  1.058  105.5  3.698    nan    nan  -31.0
G   64.6   40.5  115.4  178.6    nan    nan    nan   94.2  3.699    nan    nan  -60.7
H  -94.5  117.5  107.1  177.7  166.0    nan  0.919  107.3  3.656    nan    nan  126.9
L  -65.0  137.2  114.3  179.3  168.5    nan  1.019   86.7  3.819  5.907 -126.5 -129.9
L -103.4  -57.7  114.3 -179.3  -60.5    nan  1.141   62.5  3.832  5.844 -152.7 -147.5
T -151.5  156.9  109.0  179.2  172.9   52.4  1.014  150.4  3.804  4.757  -33.8  -20.3
K -102.0   -6.1  107.4  174.7  -54.3    nan  1.174   76.3  3.852  5.806 -140.5 -126.7
S  -63.9  153.9  108.3  178.1  176.5    nan  0.973   74.3  3.772  5.918  112.3  112.1
P  -79.9   -6.6  111.7  179.0  -13.8    nan  0.999   97.7  3.764  5.467 -105.4 -104.5
S  -83.0  131.2  116.8 -177.5  145.8    nan  1.085  104.9  3.712  5.441   74.5  100.6
L  -77.7  -20.5  111.8  175.3  169.8    nan  1.079   94.1  3.718  5.626 -125.4 -135.6
N  -76.0  -33.6  108.1  179.6  -82.2    nan  1.077   92.0  3.833  5.665   70.4   89.2
A  -57.6  -44.6  107.7  175.5    nan    nan  0.960  101.6  3.702  5.313   83.2   89.8
A  -67.4  -49.4  114.0 -180.0    nan    nan  1.074   88.0  3.810  5.146   52.5   75.3
K  -61.6  -42.5  109.8 -180.0  -51.6    nan  1.122   98.6  3.809  5.368   59.1   77.6
S  -57.1  -47.8  112.1  179.4 -112.7    nan  1.040   97.5  3.740  5.329   79.8   86.9
E  -60.6  -46.7  109.0 -179.7  -87.4    nan  1.020   97.5  3.732  5.157   64.5   79.3
L  -63.4  -41.7  112.3 -179.6  150.0    nan  1.146   96.2  3.745  5.209   53.9   77.9
D  -59.7  -41.2  109.8 -178.8  -78.7    nan  1.039  100.8  3.792  5.528   77.3   86.7
K  -64.5  -34.6  111.2  178.4  170.5    nan  1.077   99.8  3.743  5.201   61.7   80.2
A  -71.5  -40.2  110.4 -177.2    nan    nan  0.983   91.6  3.729  5.374   70.2   83.5
I  -83.9  -27.4  115.7 -172.3  -61.3 -173.3  1.294   84.0  3.634  4.771   28.8   71.4
G   96.0   15.0  111.8 -180.0    nan    nan    nan   78.7  3.721    nan    nan -116.3
R -163.5  173.5  116.7 -179.5   82.2    nan  1.128  165.3  3.827    nan    nan   33.8
N  -82.3   99.1  108.1  176.0 -141.4    nan  1.013  106.5  3.723  5.121  -84.7  -87.8
T  -85.8  -20.7  115.5 -178.0   59.0  -60.8  1.144   85.2  3.821  6.134 -169.6 -165.3
N   61.0    6.4  111.7 -177.7  -76.0    nan  1.242  116.4  3.809  5.678 -144.6 -140.4
G  109.5   -4.6  117.1  175.8    nan    nan    nan   72.7  3.793    nan    nan  -74.8
V -121.6  142.2  109.4 -175.8 -167.9  -43.5  0.971  126.0  3.762    nan    nan   62.9
I -132.0 -179.4  112.0  176.7   72.1  -51.5  1.072  131.7  3.769  5.718 -177.0 -171.6
T  -99.4  157.2  112.7 -179.3   62.1  -54.6  1.077  107.3  3.797  5.126  -97.4  -93.1
K  -52.1  -42.0  108.0 -179.7 -133.0    nan  1.040  107.1  3.774  5.264  -66.1  -78.5
D  -61.6  -47.7  113.2 -178.4  -57.9    nan  1.204   93.6  3.698  5.169   57.4   84.2
E  -64.3  -39.1  111.4  178.1  -50.1    nan  1.075   97.4  3.770  5.499   65.1   75.3
A  -59.9  -45.1  109.7 -179.5    nan    nan  0.991   98.5  3.742  5.395   81.1   88.1
E  -61.1  -39.1  113.5 -179.3  -84.1    nan  1.111   99.0  3.762  5.199   62.6   82.2
K  -71.6  -28.1  113.0  178.8   70.1    nan  1.289   96.0  3.676  5.259   45.4   78.0
L  -70.2  -34.6  109.6  176.6  -68.4    nan  1.016   95.7  3.728  5.755   86.9   86.0
F  -60.0  -53.9  109.6 -179.2 -175.7    nan  0.992   93.4  3.703  5.278   82.0   92.0
N  -51.0  -46.5  111.3  179.1  -83.2    nan  0.993  103.3  3.786  5.131   71.8   81.4
Q  -64.8  -50.5  107.6  178.0  -56.6    nan  0.995   93.4  3.733  5.138   63.4   74.4
D  -50.0  -46.8  113.8  179.6  -81.3    nan  1.131  102.4  3.720  5.174   67.8   86.2
V  -60.7  -44.9  112.5  177.4 -175.9  -57.1  1.093   96.4  3.802  5.398   65.3   79.0
D  -56.2  -45.1  111.7  178.4 -151.7    nan  1.044  100.1  3.698  5.237   74.4   85.4
A  -60.7  -38.4  111.5 -179.8    nan    nan  1.036  100.6  3.777  5.240   66.4   82.1
A  -60.7  -60.3  111.2  179.8    nan    nan  1.070   88.2  3.809  5.420   70.3   87.9
V  -52.8  -47.4  110.2 -179.8  106.7 -134.6  1.092  101.9  3.811  5.204   61.2   75.3
R  -54.8  -41.2  107.2 -179.6  -59.7    nan  1.011  105.9  3.789  5.469   79.1   84.3
G  -67.7  -35.0  112.8 -178.6    nan    nan    nan   96.0  3.693    nan    nan   79.4
I  -68.4  -41.9  107.8 -179.1  -81.2  152.7  0.964   94.8  3.751    nan    nan   83.9
L  -68.1  -34.0  116.5 -179.1  -67.5    nan  1.143   94.4  3.722  5.107   52.7   78.8
R  -78.6  -11.7  109.6 -178.6  -65.5    nan  1.024   97.3  3.778  5.425   65.8   77.4
N  -84.9  115.3  118.3 -176.9 -151.3    nan  1.259  112.8  3.665  5.233   59.0   93.5
A  -57.6  -27.8  113.7 -179.6    nan    nan  1.064  108.4  3.771  5.678  -99.9 -132.3
K  -93.5  -26.9  115.0 -179.4  -75.4    nan  1.106   75.8  3.797  5.224   44.1   68.2
L -104.4  -27.0  112.7 -178.6   -7.3    nan  1.122   67.0  3.783  5.290   34.2   61.0
K  -50.1  -47.1  110.8 -179.5 -149.6    nan  1.135  103.7  3.733  5.617   96.9  108.8
P  -62.2  -45.0  111.6  178.8   -0.7    nan  1.016   95.7  3.784  5.351   69.4   77.6
V  -57.0  -57.6  109.3  178.6 -166.5  -45.1  1.007   93.3  3.744  5.234   69.8   83.9
Y  -45.4  -58.7  111.4  180.0 -168.9    nan  1.010   98.2  3.803  5.155   73.4   84.0
D  -46.6  -37.3  114.0 -178.9  -80.3    nan  1.158  111.6  3.754  5.065   62.5   84.2
S  -86.3   -1.5  113.3 -178.8   73.5    nan  1.059   93.1  3.736  5.265   51.7   67.4
L  -84.6  155.0  114.5 -179.1  -62.9    nan  1.117   95.1  3.772  5.651   80.1  102.3
D  -84.6  169.0  104.5  175.7   43.7    nan  0.966   87.4  3.704  5.398  -99.4 -114.0
A  -40.6  -59.4  115.8  179.8    nan    nan  1.032   98.2  3.702  4.767  -44.2  -51.0
V  -63.2  -51.8  114.8 -179.4 -159.6  -41.8  1.197   89.1  3.832  5.076   40.0   69.2
R  -62.0  -30.4  111.6 -178.5  -47.7    nan  1.130  103.9  3.781  5.399   62.8   76.8
R  -54.7  -38.9  110.3  179.5 -109.0    nan  1.079  105.8  3.738  5.563   88.2  100.1
C  -65.8  -43.6  110.9  177.6  -63.0    nan  1.016   94.2  3.801  5.458   71.2   80.5
A  -50.2  -51.9  109.8  177.8    nan    nan  1.064  100.9  3.747  5.246   77.0   90.8
L  -59.8  -39.0  111.8  179.0 -169.2    nan  1.067  100.9  3.764  5.312   61.4   75.4
I  -62.8  -45.7  109.3 -178.2  -78.9  160.6  0.993   96.3  3.761  5.397   78.7   86.5
N  -51.0  -46.0  110.4  178.6 -166.8    nan  0.996  104.0  3.724  5.102   79.3   88.3
M  -62.4  -39.5  112.7 -177.2  -96.7    nan  1.056   98.0  3.784  5.198   63.4   81.5
V  -73.9  -33.5  111.5 -178.1  166.7  -69.5  1.118   92.1  3.714  5.105   54.9   76.1
F  -68.1  -41.8  107.6 -179.8  179.3    nan  1.010   95.2  3.801  5.517   73.8   84.5
Q  -74.5  -28.9  117.6 -178.5 -179.3    nan  1.129   91.1  3.748  5.178   49.8   74.2
M -133.2  -11.6  116.8 -175.3   88.3    nan  1.134   42.5  3.734  4.694    7.6   33.2
G   93.9  148.5  113.4 -178.1    nan    nan    nan   81.4  3.745    nan    nan -102.0
E  -39.8  -63.3  109.4  177.9 -150.9    nan  0.880   99.0  3.773    nan    nan  -82.0
T  -49.3  -55.1  113.7 -179.1  -37.3 -157.7  1.189   97.0  3.773  4.871   42.1   76.4
G  -51.9  -57.0  108.4  179.4    nan    nan    nan   97.4  3.775    nan    nan   80.6
V  -58.1  -36.4  112.9  179.5 -176.9  -55.4  1.116  103.2  3.783    nan    nan   72.4
A  -63.4  -22.0  113.8 -178.7    nan    nan  1.230  106.3  3.797  5.463   64.2   89.5
G  -79.9   -0.4  115.6 -179.9    nan    nan    nan   99.9  3.825    nan    nan   86.4
F  -84.0   42.4  108.8  179.8  -75.7    nan  1.103  107.1  3.850    nan    nan  100.0
T  -28.2  -75.6  116.7 -177.6  -44.9 -164.7  1.259   90.7  3.747  6.214 -175.6 -164.6
N  -59.5  -45.3  114.2 -179.1  -71.3    nan  1.144   96.1  3.780  5.128   46.2   58.8
S  -56.3  -46.5  110.9 -179.5  -46.9    nan  1.086   99.6  3.784  5.410   74.5   86.8
L  -53.7  -45.9  110.2  179.0  -96.9    nan  1.020  102.2  3.759  5.219   74.4   85.5
R  -53.9  -63.9  108.4  176.9 -131.6    nan  0.907   91.7  3.769  5.250   79.2   84.0
M  -51.5  -39.0  113.4 -178.9  -61.4    nan  1.108  106.8  3.759  4.776   50.7   73.6
L  -61.4  -45.8  107.0  176.7  -74.4    nan  1.035   98.6  3.753  5.508   74.5   83.7
Q  -57.3  -42.1  113.6 -179.2  176.9    nan  1.152  100.0  3.790  5.322   65.3   84.4
Q  -75.1  -10.9  112.5  177.9  -36.0    nan  1.004  100.5  3.807  5.326   62.2   69.2
K   69.5   32.8  115.6 -177.9  -39.9    nan  1.161   94.3  3.787  5.365 -130.6 -125.0
R -101.6   72.9  105.2  177.7  -43.4    nan  1.028  100.7  3.819  6.013  106.5  110.7
W  -51.3  -63.7  115.3 -175.3  -38.9    nan  1.190   88.8  3.715  6.100 -159.4 -155.3
D  -51.7  -36.1  109.6 -176.5  -58.9    nan  1.081  110.2  3.746  5.254   65.8   77.1
E  -70.8  -45.3  112.2  178.7  -42.8    nan  1.168   88.7  3.733  5.410   55.9   79.8
A  -56.5  -49.1  108.4  179.8    nan    nan  0.984   99.4  3.778  5.468   81.7   85.0
A  -50.1  -54.0  113.5 -180.0    nan    nan  1.041   97.5  3.741  5.104   73.4   87.6
V  -53.3  -54.0  111.7 -178.9 -147.4  -29.6  1.109   96.4  3.781  5.237   63.8   82.2
N  -49.7  -50.4  112.4  178.7 -151.8    nan  1.003  100.9  3.732  5.069   76.3   83.0
L  -59.6  -35.1  113.2  179.0  -77.7    nan  1.067  102.6  3.887  5.310   58.8   77.7
A  -62.7  -28.9  109.6 -178.5    nan    nan  0.979  104.9  3.763  5.336   81.8   90.1
K  -88.3   58.3  111.5 -179.6  -27.7    nan  1.092  109.1  3.758  5.221   44.4   70.8
S -138.4  159.1  109.9  179.7   66.0    nan  0.991  141.1  3.771  5.700  102.2  101.0
R  -57.2  -40.3  106.4  177.5 -135.3    nan  1.062  105.1  3.717  5.240  -79.6  -81.7
W  -48.9  -60.2  109.6  177.9  172.7    nan  0.989   96.2  3.819  5.511   86.8   93.8
Y  -55.4  -38.7  112.4  177.7 -173.9    nan  1.106  104.3  3.731  5.026   53.5   71.1
N  -65.5  -48.2  113.1  178.8  -70.3    nan  1.218   90.5  3.850  5.510   59.6   83.0
Q  -72.4  -26.6  116.0 -178.6  -57.8    nan  1.298   94.8  3.821  5.401   43.8   71.2
T -141.3   77.6  110.1  178.7   80.6  -41.0  1.108   92.4  3.772  5.126    5.8   19.4
P  -57.4  -53.0  114.8 -178.2   17.9    nan  1.126   92.4  3.657  5.951 -158.7 -160.3
N  -57.0  -42.4  114.9 -176.1  -67.7    nan  1.076   99.4  3.878  5.410   61.7   82.8
R  -76.9  -40.9  112.2  179.4  158.0    nan  1.040   86.0  3.635  5.029   51.2   70.4
A  -51.5  -54.1  109.9  179.3    nan    nan  1.039   98.5  3.757  5.358   80.2   93.6
K  -48.7  -42.4  111.9  179.6  -52.3    nan  1.080  107.3  3.782  5.269   72.8   84.2
R  -64.6  -49.8  110.5 -178.3  -72.4    nan  1.078   92.1  3.713  5.247   67.5   82.2
V  -59.8  -57.5  110.2 -177.7  152.8  -85.6  1.057   91.0  3.705  5.228   65.6   79.7
I  -51.4  -45.1  112.7 -179.7  -70.4  169.5  1.032  103.1  3.678  5.022   68.4   79.5
T  -56.5  -38.8  109.0 -179.5  -83.6  155.9  0.972  105.0  3.793  5.355   78.6   85.8
T  -61.1  -43.0  113.7  177.7  -44.6 -167.1  1.122   96.5  3.776  5.216   67.0   85.4
F  -62.2  -40.7  105.5  178.5  -87.8    nan  0.940  101.5  3.717  5.304   75.6   80.2
R  -66.0  -53.2  115.9 -177.3 -127.9    nan  1.223   85.7  3.732  5.123   49.9   82.9
T  -89.5  -37.3  113.0 -177.2   58.7  -63.6  1.102   76.7  3.745  5.117   34.4   51.8
G   82.0   14.8  109.0 -176.1    nan    nan    nan   93.0  3.721    nan    nan -134.0
T -115.9 -179.8  108.2  177.5   63.2  -60.9  0.977  115.9  3.837    nan    nan   81.9
W -106.3   32.6  112.9  174.7  -56.8    nan  1.027   88.0  3.779  5.238 -108.9 -101.5
D  -61.4  -39.6  115.9  176.1  -66.8    nan  1.244   97.1  3.829  6.059  133.9  150.4
A  -65.9  -22.9  111.5  177.6    nan    nan  1.021  104.2  3.820  5.521   77.6   80.7
Y  -99.6   14.2  109.3 -179.9  -65.9    nan  1.108   85.3  3.881  5.370   36.7   64.8
K  -51.6  -36.7  117.1 -179.5  -63.4    nan  1.375  106.6  3.777  6.120  118.0  147.0
N -102.9   23.7  116.6 -175.4  -76.8    nan  1.180   88.3  3.692  5.140   40.0   55.4
C  -94.0    nan  108.1  178.1  175.3    nan  1.027    nan  3.735  5.926  105.0  110.8
