Id   phi    psi    tau  omega    chi    chi2  solid    eta  CA-CA  CB-CB  BA^AB  NA^AC
M    nan -176.9  110.8    nan -178.4    nan  1.071    nan    nan    nan    nan    nan
N -177.7  174.7  115.7  179.4   59.8    nan  1.187  175.2  3.881  5.428  179.2 -173.6
C  -40.4  -55.7  110.2 -179.5  -80.4    nan  1.007  104.2  3.881  4.976  -26.1  -45.1
F  -44.1  -57.4  112.6  177.3  -42.9    nan  1.017   99.3  3.761  4.813   72.5   84.9
E  -76.3  -25.4  114.4  178.3  -74.3    nan  1.092   92.4  3.883  5.213   29.7   55.6
M  -73.4  -41.4  110.7 -178.9  152.2    nan  1.117   89.4  3.791  5.473   69.4   89.1
L  -74.9  -40.9  110.3  179.6  -78.6    nan  1.080   88.8  3.737  5.293   54.5   71.0
R  -49.0  -39.2  107.2  179.8 -148.8    nan  0.986  111.6  3.740  5.476   90.9   95.3
C  -63.3  -66.6  114.6  179.3  -98.2    nan  1.026   80.6  3.720  5.071   71.6   82.8
D  -61.6  -33.0  114.7 -178.8  -72.0    nan  1.079  101.5  3.716  4.706   44.2   64.5
E  -94.7  -36.8  113.2 -177.8  -67.7    nan  1.096   72.4  3.777  5.202   37.9   64.4
G   89.1 -148.9  109.3 -177.8    nan    nan    nan   99.0  3.720    nan    nan -128.0
L -160.5   70.6  112.3 -177.9 -117.1    nan  1.002   78.8  3.625    nan    nan -119.2
R  -73.5   73.0  103.3  173.3  -80.1    nan  1.205  107.1  3.609  6.046  154.1  169.3
L  -49.4   10.4  114.4  172.3 -149.1    nan  0.839  134.2  3.874  5.930 -122.6 -164.0
K -145.1  134.1  100.6  178.8  145.9    nan  0.935  130.3  3.968  5.099   18.8   45.8
I  -34.1  133.5  116.8 -175.8  -49.0 -169.6  1.278   67.3  3.886  5.974  -84.7  -77.7
Y -138.1  174.3  110.0  176.2   56.4    nan  1.096  139.8  3.783  5.679 -175.5  169.4
K -104.9  124.4  107.8  174.8  -53.9    nan  1.016  112.9  3.734  5.275 -109.1 -108.9
D  -68.1 -173.4  112.8 -178.6   71.6    nan  1.130   65.6  3.845  5.938 -121.2 -125.2
T  -59.0  -29.6  110.4 -178.8  139.8   19.3  1.168  107.5  3.720  4.974  -52.6  -46.1
E  -92.9    9.5  115.4  176.6    0.6    nan  1.291   91.2  3.767  5.443   31.5   65.2
G   80.1   31.2  113.3  178.3    nan    nan    nan   86.8  3.836    nan    nan  -98.5
Y -106.9  144.4  112.2 -179.5  -69.3    nan  1.087  116.5  3.773    nan    nan  107.8
Y  -70.7  129.0  108.9  178.5  -69.8    nan  1.066   91.7  3.659  5.439 -101.6 -110.6
T -142.7  163.9  108.8 -177.8  -51.2 -175.8  0.959  145.0  3.762  5.749 -175.7  158.9
I -157.6  173.3  108.7  179.4 -163.7   74.5  1.004  158.8  3.768  5.425 -174.9 -175.6
G   53.0 -138.3  111.7  178.4    nan    nan    nan   75.3  3.793    nan    nan   40.4
I  -92.0   79.5  111.8 -179.2  -59.4  179.7  1.110  111.0  3.759    nan    nan  -35.4
G   62.1   23.1  113.7  178.3    nan    nan    nan  106.9  3.716    nan    nan  -51.6
H  -80.9  112.7  111.3  177.6  172.1    nan  1.128  105.7  3.750    nan    nan  124.3
L  -74.4  135.6  113.0  179.0  175.0    nan  1.095   94.1  3.817  5.991 -132.9 -145.2
L  -94.5  -58.1  111.9 -179.4  -70.0    nan  1.085   69.1  3.760  5.735 -137.8 -138.2
T -160.4  161.1  111.0 -179.5 -170.7   72.7  1.129  158.5  3.734  4.665  -52.3  -30.3
K  -99.0   -4.9  112.4 -178.5  -86.0    nan  1.094   79.2  3.780  5.492 -113.8 -115.3
S  -62.6  149.4  106.3  178.1  109.5    nan  1.007   74.3  3.768  5.853  104.6  114.3
P  -83.2   -5.7  114.0 -177.8   19.9    nan  1.056   94.5  3.687  5.412 -111.4 -111.0
S  -88.0  125.4  114.1  178.4  130.2    nan  1.107  108.2  3.863  5.760   66.7   92.5
L  -60.7  -37.5  105.6  176.2 -177.3    nan  0.902  104.2  3.738  5.475  -95.2 -125.8
N  -56.6  -53.2  109.5 -177.6  -87.3    nan  1.092   96.1  3.720  5.206   70.6   92.7
A  -58.5  -31.2  110.3  176.9    nan    nan  1.094  107.1  3.707  5.160   59.3   73.1
A  -72.8  -44.1  111.4  177.9    nan    nan  1.098   88.3  3.785  5.561   64.0   82.3
K  -54.4  -42.7  112.5  179.9  -97.6    nan  1.023  102.5  3.729  5.258   79.8   88.9
S  -54.4  -45.2  110.5 -178.6  178.2    nan  1.044  102.0  3.773  5.067   70.1   90.5
E  -63.7  -44.1  110.5  179.1  -72.1    nan  1.078   95.7  3.787  5.366   56.8   77.8
L  -52.4  -51.5  111.3  179.6 -173.4    nan  1.028   98.8  3.802  5.373   80.5   89.8
D  -57.1  -51.2  113.0  178.7  -66.6    nan  1.142   94.8  3.758  5.078   55.2   78.4
K  -59.1  -51.1  110.1  179.4  -68.5    nan  1.109   95.3  3.729  5.343   60.6   77.6
A  -56.5  -59.3  112.8  179.2    nan    nan  1.045   90.2  3.748  5.333   70.6   79.7
I  -65.9  -25.0  114.9 -177.2  -68.6  173.1  1.166  102.0  3.716  4.814   40.6   67.8
G   76.1   43.1  112.1  178.8    nan    nan    nan   85.7  3.789    nan    nan -132.9
R -175.0  178.4  110.1 -178.5  120.4    nan  1.031  175.3  3.739    nan    nan   46.3
N  -96.4  101.4  110.8  177.9 -163.5    nan  1.121  111.6  3.745  5.448 -109.4  -91.8
T  -88.7  -26.5  115.0 -173.4   68.1  -54.7  1.023   80.3  3.738  5.953 -150.6 -164.0
N   62.5   23.4  109.0 -177.2 -127.6    nan  1.025  108.0  3.712  5.309 -143.4 -143.2
G   86.2    6.7  116.7  177.9    nan    nan    nan   90.8  3.755    nan    nan  -80.8
V -125.2  131.7  111.2  179.1 -155.8  -35.1  1.133  127.2  3.816    nan    nan   66.0
I -121.0  176.4  113.3 -179.4   53.9  -68.8  1.103  122.4  3.775  5.801 -161.8 -172.2
T -104.2  167.7  107.7  179.6   68.0  -49.9  0.947  107.6  3.705  5.077  -97.2 -104.8
K  -60.1  -49.9  108.6  179.8  166.4    nan  1.049   96.3  3.660  5.042  -74.6  -72.6
D  -51.6  -47.4  109.6  179.5  -74.9    nan  1.052  103.1  3.761  5.318   70.9   84.4
E  -58.4  -54.6  109.6  178.0  -73.4    nan  1.056   94.0  3.734  5.321   67.3   79.7
A  -49.5  -41.3  112.8  179.5    nan    nan  1.119  107.0  3.750  5.196   67.7   83.1
E  -56.7  -53.2  110.0  178.3 -115.7    nan  0.979   95.7  3.812  5.546   84.7   87.7
K  -51.0  -47.7  112.8 -178.6 -164.0    nan  1.113  101.6  3.766  5.015   66.0   84.3
L  -66.2  -33.8  107.6 -179.4  -66.3    nan  1.015  100.5  3.724  5.291   63.2   74.4
F  -61.0  -47.9  113.2 -179.3 -174.0    nan  1.102   94.0  3.731  5.390   73.1   92.3
N  -56.5  -54.2  111.1  179.4  -55.9    nan  1.047   94.6  3.771  5.314   72.6   83.0
Q  -51.7  -57.2  110.2  178.8  -61.8    nan  1.044   96.2  3.771  5.309   72.7   80.8
D  -49.2  -41.4  112.5  178.8  -61.1    nan  1.095  107.4  3.773  5.145   68.1   80.5
V  -63.0  -49.2  112.1  177.8  173.0  -68.7  1.087   92.5  3.748  5.383   66.6   82.0
D  -62.6  -33.9  113.9 -179.3  -69.2    nan  1.134  100.4  3.782  5.291   59.0   78.0
A  -66.9  -36.6  108.6 -179.6    nan    nan  0.953   98.1  3.776  5.424   81.9   86.1
A  -61.7  -65.6  110.8  178.8    nan    nan  1.021   84.9  3.693  5.130   70.9   86.7
V  -45.9  -46.6  111.3 -179.8  170.2  -69.3  1.046  106.8  3.743  4.895   62.1   77.0
R  -61.4  -39.0  108.5  179.5  -72.6    nan  1.053  101.3  3.801  5.323   61.7   78.6
G  -61.3  -59.3  110.0  178.5    nan    nan    nan   89.3  3.733    nan    nan   84.9
I  -41.1  -52.7  112.1  176.4  -66.6  172.6  1.099  105.1  3.797    nan    nan   83.9
L  -55.2  -40.2  112.9  179.2  -50.6    nan  1.141  103.2  3.818  5.379   62.4   79.9
R  -68.9  -17.7  111.7  179.4  -60.4    nan  1.100  103.8  3.779  5.408   63.7   78.5
N  -95.0  115.0  114.0 -179.0 -176.3    nan  1.220  113.8  3.805  5.399   45.5   76.8
A  -60.3  -29.5  118.5 -174.0    nan    nan  1.389  103.1  3.753  5.920 -126.4 -125.6
K  -81.0  -32.7  109.6  178.1  -73.6    nan  1.113   87.2  3.702  5.640   67.2   76.9
L  -83.1  -34.3  115.8 -178.4  -53.4    nan  1.142   81.7  3.828  5.482   52.0   75.0
K  -44.9  -65.4  116.3 -177.7  179.3    nan  1.176   90.6  3.866  5.682   96.2  110.1
P  -47.8  -34.2  113.9 -177.9   -4.7    nan  1.039  112.8  3.753  5.018   71.4   79.7
V  -70.6  -54.4  108.3 -178.3 -173.2  -49.1  0.939   87.2  3.764  5.282   70.9   83.4
Y  -53.1  -50.7  109.0  179.2 -173.0    nan  1.083  100.3  3.672  4.859   56.3   78.4
D  -57.2  -29.3  112.6  178.9  -71.8    nan  0.973  108.3  3.816  5.479   74.5   78.9
S  -81.6  -21.0  116.2 -176.1   89.4    nan  1.096   88.8  3.756  5.009   57.1   80.9
L  -88.1  155.0  117.2 -176.9  -62.9    nan  1.047   99.4  3.891  5.511   66.8   82.1
D  -81.1  177.2  107.7  176.9   53.6    nan  1.024   81.9  3.720  5.317 -105.3 -110.7
A  -64.0  -33.5  113.2 -174.1    nan    nan  1.065   99.9  3.726  5.017  -60.7  -60.0
V  -73.2  -60.4  108.2  179.7  152.4  -87.7  1.109   83.3  3.656  5.234   56.8   80.3
R  -54.7  -26.3  109.5 -179.8  -73.5    nan  1.088  113.4  3.732  5.152   57.0   72.4
R  -63.1  -42.1  111.7  176.7  -85.1    nan  1.118   96.6  3.744  5.598   74.4   94.0
C  -61.2  -47.7  110.3  179.4  -76.3    nan  1.020   95.7  3.788  5.450   76.3   83.6
A  -48.2  -46.5  112.4 -178.8    nan    nan  1.156  104.7  3.759  5.206   71.3   91.9
L  -61.6  -43.8  110.2  179.6 -165.5    nan  1.073   97.7  3.785  5.415   67.1   79.3
I  -66.3  -32.5  110.5  179.6  -61.3 -177.6  1.044   99.6  3.766  5.369   66.0   77.0
N  -59.6  -52.8  105.1 -179.8 -165.7    nan  0.944   97.3  3.683  5.352   88.9   93.0
M  -63.7  -34.7  113.4 -179.0  -49.6    nan  1.142   99.3  3.733  5.186   48.5   71.9
V  -67.6  -30.4  108.8 -177.5  147.9  -94.4  1.111  100.2  3.727  5.458   73.3   87.3
F  -70.2  -37.3  111.1 -177.3 -161.3    nan  1.039   93.7  3.666  5.152   70.7   87.2
Q  -75.5  -51.5  114.2  177.3  174.0    nan  1.148   81.1  3.790  5.445   42.3   74.2
M -112.7    5.4  117.7 -176.5   51.7    nan  1.124   69.9  3.847  4.955    8.9   31.5
G   73.9  160.9  112.0 -178.8    nan    nan    nan   67.7  3.781    nan    nan -106.3
E  -56.7  -56.6  117.9 -177.5   70.1    nan  1.319   88.6  3.778    nan    nan  -74.2
T  -48.4  -41.2  109.2  179.6  -28.5 -151.7  1.025  109.7  3.803  5.545   85.8   84.1
G  -59.4  -55.0  107.6  177.4    nan    nan    nan   94.5  3.772    nan    nan   82.9
V  -61.6  -47.0  112.4  179.1 -165.8  -46.9  1.195   94.5  3.711    nan    nan   70.9
A  -45.8  -36.3  112.5 -179.7    nan    nan  1.032  113.6  3.779  5.495   90.4   94.6
G  -59.3  -19.5  116.3  179.7    nan    nan    nan  110.7  3.725    nan    nan   92.2
F  -85.3   51.3  113.6 -179.1  -64.1    nan  1.061  111.3  3.823    nan    nan   85.3
T  -38.1  -54.0  115.7 -176.0  -25.6 -148.9  1.165  104.2  3.820  6.193 -171.9 -165.5
N  -62.8  -54.8  114.4 -178.8  -84.8    nan  1.139   87.9  3.796  5.262   57.9   74.8
S  -51.9  -50.3  108.5  176.1  -31.8    nan  1.001  101.7  3.755  5.220   73.3   78.4
L  -56.5  -44.1  113.0  179.6  -53.0    nan  1.147   99.8  3.808  5.275   57.5   80.6
R  -56.3  -47.4  110.4 -180.0 -172.2    nan  1.103   99.3  3.767  5.454   73.3   87.2
M  -66.0  -33.9  113.4  179.6  -87.7    nan  1.055   97.8  3.744  5.306   62.7   74.7
L  -65.0  -43.0  105.0 -177.2  -87.3    nan  1.008   98.6  3.711  5.375   77.6   89.1
Q  -55.6  -35.9  113.8 -177.6 -169.1    nan  1.250  105.2  3.683  5.242   60.0   89.3
Q  -93.6    6.6  113.1 -179.3  -18.0    nan  1.168   89.0  3.771  5.426   39.7   60.9
K   69.0   20.2  115.1  177.4  -32.7    nan  1.186  101.5  3.774  5.524 -108.1 -112.7
R  -84.4   65.0  107.4  176.1  -75.3    nan  1.004  108.1  3.726  5.922  115.5  114.9
W  -49.5  -56.7  116.5 -178.1  -36.6    nan  1.166   94.1  3.789  6.181 -169.3 -163.4
D  -53.8  -47.3  113.0 -176.7  -77.1    nan  1.146   99.8  3.827  5.318   65.6   82.4
E  -61.9  -47.8  109.5 -177.6  -64.6    nan  0.998   95.6  3.721  5.296   71.4   80.7
A  -47.5  -46.2  111.0 -179.0    nan    nan  1.031  106.1  3.677  5.078   77.3   91.8
A  -62.9  -41.4  110.9 -178.3    nan    nan  1.058   97.5  3.741  5.154   61.9   79.8
V  -55.5  -58.1  109.0 -178.2 -174.9  -56.5  1.026   94.1  3.730  5.373   80.8   90.9
N  -54.5  -43.0  114.9  178.6 -143.3    nan  1.032  101.0  3.660  4.806   63.3   74.4
L  -64.9  -29.3  111.9 -178.1  -79.0    nan  1.031  101.8  3.811  5.395   65.4   82.6
A  -72.8   -7.4  116.1 -176.9    nan    nan  1.204  103.8  3.782  5.295   60.8   88.8
K -101.7   58.7  109.4  179.1  -15.7    nan  1.049   99.9  3.785  5.635   65.9   76.1
S -143.4  159.2  110.0 -176.6   64.9    nan  1.039  145.4  3.691  5.474   93.6   98.7
R  -56.6  -37.4  107.7  177.0  -42.6    nan  1.005  106.4  3.729  5.259  -71.5  -80.4
W  -45.3  -64.6  111.7  177.9  177.2    nan  1.085   93.7  3.810  5.430   83.6  100.2
Y  -53.1  -39.4  112.3 -179.7 -175.9    nan  1.056  105.8  3.788  5.060   59.4   71.8
N  -82.2   -6.3  117.3 -177.8  -67.9    nan  1.287   94.9  3.754  5.057   32.9   70.5
Q -112.9  -25.4  112.4 -178.5  -57.4    nan  1.039   59.8  3.789  5.485   59.2   69.3
T -139.5   65.2  108.8  177.0   51.6  -67.7  1.102   82.6  3.819  5.042   -9.4   18.6
P  -64.3  -43.2  117.9 -175.3   12.7    nan  1.150   91.6  3.843  6.212 -178.9 -174.4
N  -68.5  -37.9  110.2 -179.6  -65.4    nan  1.086   95.2  3.823  5.519   60.3   78.0
R  -66.5  -56.0  108.9 -179.4 -170.5    nan  1.084   88.7  3.813  5.456   67.7   82.5
A  -49.8  -41.0  110.8  178.4    nan    nan  1.044  108.0  3.727  5.116   69.9   79.9
K  -61.8  -43.5  110.0  178.7  -69.1    nan  1.100   97.8  3.844  5.479   63.6   82.9
R  -63.3  -44.6  112.2  178.4  -59.9    nan  1.136   94.7  3.750  5.408   63.3   80.2
V  -63.5  -43.4  113.4 -177.5 -174.2  -55.6  1.197   94.6  3.832  5.425   59.8   82.3
I  -65.9  -47.8  109.5  178.5  -66.4  169.1  1.028   92.8  3.768  5.388   69.6   77.3
T  -54.1  -45.9  112.6  176.7  -55.8 -171.8  1.043  100.6  3.812  5.357   69.1   82.6
T  -60.4  -37.7  111.7  177.7  -60.8 -179.9  0.992  101.2  3.792  5.267   70.6   80.1
F  -69.3  -36.2  108.3  179.1  -91.9    nan  0.950   96.5  3.805  5.282   69.5   79.2
R  -66.1  -56.0  109.8  179.1 -134.5    nan  0.980   88.3  3.757  5.108   70.4   82.6
T  -87.4  -33.1  114.9 -179.3   73.3  -49.6  1.142   78.9  3.761  4.954   18.8   48.3
G   69.6   36.6  110.1 -178.0    nan    nan    nan   95.1  3.738    nan    nan -143.8
T -146.0  163.6  109.7  178.4   92.3  -27.0  1.023  148.0  3.777    nan    nan   70.3
W  -89.7   25.4  114.4 -178.2  -58.0    nan  1.038  100.4  3.765  5.359 -102.2 -101.8
D  -58.8  -39.5  114.4 -179.7  -74.7    nan  1.076  100.1  3.771  5.977  139.0  149.2
A  -64.1  -28.6  110.9  179.2    nan    nan  1.030  103.2  3.764  5.348   72.7   83.9
Y  -93.3   -0.2  116.5 -177.3  -69.1    nan  1.135   86.5  3.780  5.101   42.2   69.9
K  -50.3  -37.0  118.4 -176.6  121.7    nan  1.222  106.9  3.835  5.887  113.3  136.2
N  -91.0  -32.2  110.8  179.4  -74.9    nan  1.039   78.3  3.803  5.382   48.4   61.9
C  -56.8    nan  112.7 -177.5 -166.2    nan  1.120    nan  3.798  5.305   76.5   98.5
