Id   phi    psi    tau  omega    chi    chi2  solid    eta  CA-CA  CB-CB  BA^AB  NA^AC
M    nan -161.1  109.5    nan -154.2    nan  0.949    nan    nan    nan    nan    nan
N -166.2 -178.1  112.1  176.8   57.2    nan  1.050  165.4  3.786  5.083 -155.0 -141.2
I  -64.6  -44.1  113.3 -177.2 -175.2   63.1  1.188   93.3  3.678  4.841  -68.4  -56.2
F  -59.3  -33.2  115.2  177.6  177.1    nan  1.059  103.1  3.800  5.549   76.3   83.6
E  -72.2  -50.3  111.9  177.1  -73.9    nan  1.013   85.5  3.765  5.350   71.9   80.7
M  -43.5  -57.2  106.4  179.2  174.1    nan  1.028  103.3  3.830  5.150   79.9   91.7
L  -73.4   -7.5  112.7  176.2  -56.6    nan  1.143  103.6  3.800  5.292   30.7   55.6
R  -77.2  -56.7  103.9  175.4 -176.8    nan  1.042   85.7  3.592  5.587   84.3   96.6
I  -53.3  -43.3  113.2  176.4  -72.5  161.9  0.997  102.6  3.811  5.507   71.4   73.7
D  -79.4  -21.4  125.0 -172.0 -102.1    nan  1.170   88.1  3.896  4.895   52.5   75.4
E -141.0  -13.2  112.7 -173.5  -90.9    nan  0.830   35.7  3.772  4.828   34.8   29.7
G   69.1  156.6  116.3 -177.7    nan    nan    nan   60.5  3.760    nan    nan -125.8
L -114.6  129.8  107.7 -175.9 -158.4    nan  0.963  118.6  3.758    nan    nan -145.2
R -128.2  117.4  105.5 -179.5  -69.7    nan  0.907  118.1  3.799  5.709 -169.2  176.8
L  -85.6  -13.8  117.8 -176.1  -67.8    nan  1.201   87.9  3.859  5.975 -162.7 -142.3
K -109.6  140.2  108.7  179.0 -123.4    nan  0.947  116.8  3.762  5.351   53.2   61.5
I  -52.8  149.2  109.2  177.7  -84.5  147.3  0.953   67.3  3.809  5.505  -83.6  -97.4
Y -156.3  177.6  109.9  179.9   66.9    nan  1.092  157.0  3.708  5.361  164.9  170.1
K -109.4  135.9  107.4 -176.1  -72.3    nan  1.015  115.8  3.677  5.357 -106.8 -105.0
D  -85.2 -175.8  105.1  176.2   63.3    nan  1.063   84.1  3.689  5.741 -130.9 -134.1
T  -50.3  -30.0  113.4  177.3   29.0  -92.9  0.909  113.6  3.797  4.596  -26.0  -44.0
E  -99.2   24.4  110.3  177.8  -57.9    nan  1.226   89.8  3.748  4.838   18.8   57.3
G   56.3    7.4  113.4  177.4    nan    nan    nan  120.5  3.748    nan    nan -107.0
Y  -77.7  143.3  114.8  179.2  -71.4    nan  1.012   94.3  3.726    nan    nan  115.0
Y  -63.1  126.4  113.1  177.2  -77.2    nan  1.090   90.8  3.830  5.590 -101.4 -104.2
T -137.8  159.7  113.4 -177.4  -72.9  161.8  1.054  142.0  3.794  5.707  175.9  165.9
I -158.1  165.1  112.4  177.2 -144.6   91.8  1.100  159.0  3.781  5.473  176.0 -179.7
G   68.2 -149.7  103.6 -178.0    nan    nan    nan   77.9  3.851    nan    nan   48.1
I  -85.5   46.5  112.0  178.7  -50.9 -174.7  1.080  108.9  3.862    nan    nan  -46.0
G   97.4   30.2  117.6  177.0    nan    nan    nan   70.0  3.810    nan    nan  -50.4
H  -86.8  115.3  108.2  178.5 -172.0    nan  0.940  105.0  3.797    nan    nan  123.2
L  -74.3  140.3  107.2 -179.0 -151.3    nan  1.031   88.5  3.770  5.895 -136.6 -143.2
L -102.0  -44.8  111.1 -176.8  -80.0    nan  1.029   66.7  3.667  5.560 -135.4 -139.7
T -178.7  160.6  113.4 -176.3 -171.0   67.3  1.043  161.1  3.722  4.516  -51.1  -38.0
K -101.1  -15.9  113.7  177.7  -71.1    nan  1.167   72.9  3.777  5.486 -131.1 -120.0
S  -59.2  140.1  107.5  179.0  -24.1    nan  0.963   76.9  3.837  5.916  107.3  108.5
P  -63.9   -8.2  113.7  179.9  -11.0    nan  0.988  112.6  3.693  5.372  -97.5 -104.2
S  -78.0  130.4  115.8 -175.8  109.1    nan  1.065  100.9  3.757  5.507   79.5  105.9
L  -71.0  -18.8  110.8  175.3  166.1    nan  1.057  101.6  3.798  5.735 -117.4 -128.3
N  -72.9  -50.0  107.6  179.4  154.4    nan  1.027   88.2  3.853  5.607   79.9   92.2
A  -55.2  -48.6  108.0  179.6    nan    nan  1.038  100.8  3.714  5.275   70.1   80.5
A  -53.2  -65.3  108.4  178.5    nan    nan  0.987   91.2  3.732  5.247   78.2   83.0
K  -48.5  -34.8  114.7 -179.7  -89.7    nan  1.131  111.4  3.771  5.039   57.1   74.9
S  -82.8  -21.6  111.6 -179.4   80.0    nan  1.125   89.0  3.779  5.311   49.7   72.5
E  -71.7  -47.1  105.6  177.6  -75.5    nan  1.041   91.5  3.809  5.735   76.3   89.7
L  -48.1  -79.0  110.8  178.5 -177.6    nan  0.965   82.4  3.745  5.324   88.4   88.6
D  -30.5  -39.1  111.0  176.4  -80.5    nan  1.008  123.7  3.744  4.644   69.6   77.0
K  -73.2  -49.0  110.6  177.4  -79.5    nan  1.075   86.3  3.761  5.209   54.5   73.3
A  -57.0  -51.6  110.9  179.7    nan    nan  1.061   96.0  3.755  5.307   69.7   81.3
I  -86.4   -5.5  115.2 -177.3   81.2  -45.8  1.220   91.3  3.784  5.093   22.4   56.3
G   64.1   52.7  124.4  179.1    nan    nan    nan   81.9  3.821    nan    nan -129.0
R  178.5 -179.8  109.7  175.4   77.9    nan  1.025  178.6  3.836    nan    nan   39.8
N  -75.0   84.6  110.8  179.6   30.6    nan  0.952  111.4  3.765  4.699  -66.1  -71.9
C  -86.8  -41.4  114.3 -177.0  -48.5    nan  1.062   76.7  3.764  6.071  171.2 -179.9
N   62.9   50.9  107.4 -178.0 -162.6    nan  1.000   94.7  3.738  5.277 -158.5 -156.5
G   65.2  -14.0  120.6  179.8    nan    nan    nan  121.2  3.826    nan    nan  -72.8
V -109.1  128.4  110.3  177.9 -152.9  -33.7  1.071  117.4  3.892    nan    nan   63.9
I -110.4  172.2  110.8  179.5   68.2  -50.4  1.001  113.0  3.794  5.767 -152.4 -164.9
T -101.5  159.2  109.1  177.9  136.7   15.7  1.067  107.4  3.769  5.432 -115.9 -105.8
K  -43.9  -46.6  108.1  175.6 -126.8    nan  1.000  109.8  3.765  5.021  -54.3  -70.1
D  -54.6  -55.9  113.2  179.4  -71.9    nan  1.106   93.4  3.780  5.272   66.8   85.2
E  -53.0  -47.9  111.0  179.2  -50.7    nan  1.073  101.0  3.807  5.168   67.0   79.0
A  -51.5  -55.9  109.4 -179.5    nan    nan  0.887   97.7  3.768  5.284   87.8   87.7
E  -50.6  -44.1  109.6  179.1  172.4    nan  1.120  106.0  3.752  4.932   57.7   79.8
K  -60.3  -50.0  108.8  179.5  113.1    nan  1.108   95.9  3.774  5.429   70.3   81.6
L  -53.6  -48.3  108.4  178.7  -78.6    nan  1.140  101.8  3.743  5.295   65.9   81.6
F  -52.9  -50.3  115.0  179.2  176.2    nan  1.117   97.2  3.824  5.516   72.4   84.9
N  -49.5  -48.2  109.3 -180.0  -63.8    nan  1.245  104.2  3.791  5.283   63.7   88.2
Q  -53.3  -47.1  111.5  178.2  -39.3    nan  1.094  101.0  3.820  5.791   78.3   83.9
D  -54.7  -46.1  112.0  177.5  -71.3    nan  1.168  100.4  3.811  5.374   70.1   83.6
V  -56.4  -52.2  108.9  178.7  176.1  -66.4  1.032   97.3  3.783  5.532   82.8   83.5
D  -49.9  -53.7  113.4 -179.1  -80.7    nan  1.471   97.9  3.762  5.178   46.5   85.9
A  -54.5  -53.8  111.7  178.9    nan    nan  0.987   95.7  3.761  5.714   94.5   79.5
A  -51.7  -50.6  110.8  179.9    nan    nan  1.146  100.3  3.771  5.059   62.7   82.3
V  -57.4  -50.1  110.5  178.5 -175.6  -57.3  1.085   96.9  3.748  5.429   69.5   78.5
R  -50.1  -53.0  108.8 -178.5  -84.0    nan  1.229  100.9  3.761  5.247   64.2   87.6
G  -54.7  -52.9  111.6  177.6    nan    nan    nan   96.3  3.749    nan    nan   77.7
I  -45.9  -51.6  110.7 -179.0  -63.5  167.8  1.016  103.5  3.796    nan    nan   89.2
L  -60.0  -45.6  110.8  177.2  -67.1    nan  1.203   97.4  3.809  5.043   48.3   73.6
R  -65.8   38.1  107.8  175.8  -79.8    nan  1.135  119.6  3.780  5.470   54.5   72.2
N -155.0  117.6  113.4 -176.2 -179.7    nan  1.110  124.6  3.914  5.665   59.0   67.0
A  -47.2  -38.3  115.9 -179.1    nan    nan  0.928  109.6  3.697  5.297  -83.4 -118.6
K  -92.8  -44.0  114.2 -173.8  -29.6    nan  1.122   71.4  3.672  4.541   28.3   63.8
L  -72.5  -51.8  111.0  178.1  -63.4    nan  1.133   85.2  3.689  5.307   46.8   71.6
K  -32.9  -69.9  115.5 -177.7  170.2    nan  1.174   93.9  3.820  5.497   88.6  103.9
P  -48.0  -20.8  117.1  179.4    8.6    nan  1.019  120.3  3.836  5.148   68.7   72.7
V  -81.4  -57.9  106.3 -180.0  164.5  -71.5  1.025   81.0  3.863  5.490   62.9   83.9
Y  -43.2  -59.6  114.5  179.8 -172.2    nan  1.075   97.1  3.726  4.973   72.6   84.9
D  -57.9  -24.0  110.9 -179.5  -79.1    nan  0.998  111.3  3.740  5.072   61.4   72.5
S  -96.0   10.0  112.9 -176.7   75.0    nan  1.062   88.0  3.807  5.221   46.3   71.5
L  -98.8  146.9  114.8 -177.6  -77.3    nan  1.095  110.8  3.752  5.470   76.9   98.3
D  -84.0  161.4  108.6  176.0   60.7    nan  0.972   90.1  3.734  5.670 -110.7 -119.0
A  -40.1  -52.3  117.0 -177.7    nan    nan  1.014  103.6  3.804  5.062  -47.0  -57.5
V  -61.0  -53.9  111.2 -178.3  163.3  -79.7  1.076   91.7  3.674  5.060   61.8   78.4
R  -59.5  -27.3  111.6 -177.0  -53.0    nan  1.082  107.8  3.695  5.147   66.1   77.6
R  -60.3  -40.7  109.4  179.3  -62.4    nan  1.080  100.8  3.749  5.559   83.6   97.9
C  -55.4  -40.7  108.8  176.6  -69.7    nan  1.040  104.9  3.722  5.374   76.5   87.1
A  -70.2  -37.0  108.1  178.3    nan    nan  1.034   95.5  3.677  5.365   63.0   75.0
L  -69.7  -32.6  109.8 -178.4 -168.6    nan  1.153   96.9  3.727  5.355   60.5   81.6
I  -74.3  -31.1  112.9  176.2  -60.9  179.7  1.076   92.2  3.719  5.491   68.3   78.8
N  -57.2  -42.3  111.0  179.7 -179.2    nan  1.031  101.4  3.780  5.504   86.8   97.9
M  -67.0  -37.1  115.2 -175.2  -98.1    nan  1.067   94.3  3.820  5.213   65.3   82.5
V  -78.8  -20.8  109.1 -179.4  148.6  -91.9  1.019   93.9  3.711  5.064   57.4   72.5
F  -72.9  -40.8  107.8 -179.5 -125.0    nan  1.001   91.8  3.623  5.386   76.4   92.3
Q  -71.8  -60.9  114.7 -178.5  163.6    nan  1.118   78.8  3.769  5.186   54.4   76.1
M -107.9   24.7  114.3 -174.9   69.7    nan  1.149   83.4  3.815  4.715    2.5   27.8
G   57.0  164.4  116.8  175.0    nan    nan    nan   51.2  3.848    nan    nan -110.0
E  -54.1  -49.6  114.8 -179.0  -60.9    nan  1.081   96.9  3.759    nan    nan  -69.7
T  -59.9  -51.4  109.8 -177.7  -42.2 -157.1  1.092   94.8  3.722  5.194   64.4   81.0
G  -37.9  -59.2  110.2  177.0    nan    nan    nan  102.7  3.676    nan    nan   94.3
V  -62.1  -51.5  111.8  179.5 -175.4  -56.3  1.092   92.0  3.751    nan    nan   67.4
A  -43.9  -34.6  114.9 -176.6    nan    nan  1.093  115.3  3.817  5.220   81.8   95.1
G  -59.8  -31.2  114.1 -179.6    nan    nan    nan  104.3  3.802    nan    nan   93.6
F  -68.6   60.0  112.9  179.5  -69.3    nan  1.058  119.8  3.827    nan    nan   87.2
T  -41.4  -78.8  118.6  179.4  -67.7  171.0  1.084   80.6  3.755  5.969 -156.8 -163.9
N  -60.6  -20.5  112.0 -174.8  -19.7    nan  1.125  110.2  3.758  4.914   35.4   58.7
S  -75.0  -51.2  110.6 -179.4 -133.3    nan  1.077   84.1  3.730  5.578   77.8   91.6
L  -53.6  -45.8  106.0  178.2  -58.9    nan  1.017  104.7  3.805  5.408   73.6   80.0
R  -48.7  -49.6  112.1  177.5  -62.4    nan  1.113  102.2  3.732  5.234   72.9   88.9
M  -71.8  -26.8  115.6 -179.4  -70.9    nan  1.208   95.4  3.773  5.257   39.6   69.8
L  -64.9  -39.3  107.0  176.1  -67.5    nan  1.078   99.2  3.711  5.704   79.9   91.4
Q  -57.1  -55.3  112.3 -179.8 -149.9    nan  1.156   92.8  3.824  5.553   72.0   89.8
Q  -73.5   15.0  113.1  178.6   13.4    nan  1.083  111.8  3.854  5.448   48.4   60.6
K   55.3   29.8  113.8 -179.7  -41.3    nan  1.100  109.2  3.710  5.442 -109.4 -114.7
R  -82.3   64.3  107.7  175.5  -83.3    nan  0.995  109.2  3.889  6.169  126.9  125.4
W  -48.0  -56.7  112.6 -175.7  -44.9    nan  1.063   97.4  3.799  6.097 -159.6 -161.3
D  -51.1  -42.0  114.5  179.7 -109.5    nan  1.196  104.5  3.749  5.160   58.6   81.2
A  -66.5  -53.2  111.1  177.7    nan    nan  0.987   88.5  3.774  5.424   74.3   77.9
A  -46.8  -51.2  109.3 -179.4    nan    nan  0.971  104.0  3.737  5.002   77.0   87.4
A  -59.0  -45.4  111.2 -178.2    nan    nan  1.081   98.1  3.658  4.930   55.8   78.7
A  -53.6  -57.9  110.2  177.1    nan    nan  1.021   94.6  3.759  5.401   75.1   85.5
A  -55.7  -31.4  115.1  179.5    nan    nan  1.086  107.4  3.786  5.203   61.3   75.1
L  -69.3  -37.8  108.8  179.8  -70.6    nan  1.069   95.5  3.731  5.383   71.5   86.6
A  -58.7  -31.0  114.8 -179.9    nan    nan  1.039  105.1  3.809  5.473   80.1   90.6
A  -83.5   10.9  114.3 -178.3    nan    nan  1.208  100.8  3.769  5.187   44.6   76.3
A  -97.5  158.4  113.2  178.2    nan    nan  1.173  105.4  3.764  5.775   81.0   99.1
A  -56.6  -43.2  110.2 -179.5    nan    nan  0.962  101.8  3.772  5.168  -54.8  -80.4
W  -33.5  -53.3  108.2  177.1  159.1    nan  0.977  111.1  3.720  5.175  100.1  105.7
Y  -57.4  -26.5  114.5 -179.2 -176.1    nan  1.062  109.0  3.720  5.051   62.2   78.0
N  -89.4  -27.8  113.2 -177.6  -82.1    nan  1.105   79.9  3.643  5.090   50.6   75.7
Q  -68.8  -40.4  110.9 -179.3  -28.3    nan  1.026   93.4  3.756  5.435   77.8   90.2
T -146.1   84.5  108.8 -179.7   51.5  -68.9  0.993   95.7  3.742  4.631  -15.4   -0.3
P  -76.1  -34.9  115.4 -177.0   34.1    nan  0.961   87.6  3.775  5.974 -162.1 -170.6
N  -79.9  -19.4  115.1 -179.8  -69.9    nan  1.132   91.6  3.798  5.257   44.1   76.8
R  -85.7  -47.5  105.6  176.6  171.0    nan  0.979   81.5  3.761  5.423   71.3   77.9
A  -53.4  -31.2  111.9  175.6    nan    nan  1.062  110.8  3.751  5.231   67.2   81.7
K  -76.1  -47.0  111.2 -179.6 -106.7    nan  1.063   84.7  3.806  5.435   63.3   80.9
R  -57.8  -61.6  109.9  177.4  -89.5    nan  1.107   90.0  3.654  5.138   64.0   80.7
V  -48.2  -39.2  110.9  178.0  165.2  -74.6  1.037  110.4  3.854  5.356   68.0   76.2
I  -72.6  -41.0  115.1 -178.8  -62.2 -179.7  1.142   87.7  3.649  5.210   53.3   79.4
T  -64.5  -20.3  109.9 -178.5  -72.6  161.9  1.112  107.3  3.668  5.281   66.5   84.0
T  -74.3  -35.2  110.7  179.5  -43.2 -156.7  1.150   91.4  3.748  5.638   67.3   91.9
F  -67.0  -41.0  108.1  174.7  -77.2    nan  0.963   96.2  3.725  5.588   79.6   80.3
R  -62.1  -46.4  116.2 -177.1 -128.7    nan  1.096   92.3  3.677  5.101   67.9   87.6
T  -98.5  -29.7  114.6 -175.1   75.7  -47.1  1.099   70.6  3.792  4.955   26.5   51.5
G   67.3   39.9  111.4 -178.0    nan    nan    nan   94.6  3.809    nan    nan -142.0
T -138.5  164.5  113.9  179.0   92.9  -20.9  0.982  142.5  3.779    nan    nan   82.2
W  -86.3   11.2  114.0 -179.9  -74.8    nan  1.115   98.2  3.701  5.367 -111.2  -97.9
D  -48.1  -55.4  117.0 -176.9  -46.7    nan  1.101   95.8  3.882  6.112  141.8  149.4
A  -58.9   -8.2  115.0 -177.7    nan    nan  1.210  117.4  3.739  5.133   52.8   78.9
Y -106.7    4.3  111.1  178.7  -68.3    nan  1.148   74.9  3.791  5.570   50.9   72.7
K   99.5 -118.0  117.0  177.6  -78.2    nan  1.243  118.2  3.842  5.478  -91.4  -84.2
N  161.9 -155.2  110.7 -178.5  -89.0    nan  1.137  155.4  3.880  5.123 -133.2 -125.6
L  -82.2    nan  116.7  179.5  -90.9    nan  1.101    nan  3.853  4.951  -55.4  -44.9
