Id   phi    psi    tau  omega    chi    chi2  solid    eta  CA-CA  CB-CB  BA^AB  NA^AC
M    nan  140.5  108.3    nan  178.2    nan  0.984    nan    nan    nan    nan    nan
N -145.3 -169.4  108.7  177.6   65.2    nan  1.077  140.8  3.641  5.437  166.8  174.9
I  -66.3  -48.0  110.1 -178.6 -164.4   71.3  1.188   92.0  3.695  5.057  -63.2  -48.3
F  -57.6  -38.9  111.9 -179.1  172.8    nan  1.039  102.7  3.788  5.495   73.9   82.7
E  -65.1  -40.8  110.5  177.6  -86.0    nan  1.013   96.4  3.670  5.135   65.8   81.4
M  -60.6  -54.7  112.9  179.6  157.2    nan  1.190   90.4  3.794  5.280   55.9   85.4
L  -71.7  -13.9  113.0  179.4  -66.1    nan  1.151  102.4  3.780  5.450   42.4   63.9
R  -56.5  -51.9  102.5  179.8 -167.9    nan  0.962  101.5  3.840  5.962  109.5  112.2
I  -65.7  -57.3  114.8  178.8  -70.6  168.6  1.050   84.3  3.700  5.013   55.4   68.4
D  -60.6  -29.2  115.9 -179.0  -76.6    nan  1.191  104.1  3.749  4.868   47.8   73.4
E -130.8  -11.6  114.3  178.9  -47.4    nan  1.079   45.4  3.813  5.250   11.0   30.3
G   67.6  150.2  117.2 -176.4    nan    nan    nan   57.3  3.813    nan    nan -126.0
L -101.7  151.2  109.5 -172.7 -175.1    nan  0.983  109.6  3.744    nan    nan -132.7
R -148.0  122.2  111.8  177.2  -80.9    nan  1.103  128.2  3.760  5.547  172.0 -175.9
L  -90.9    6.6  114.7 -176.6  -39.6    nan  1.225   91.9  3.747  5.816 -153.1 -147.2
K -135.1  141.7  110.2  175.4  -67.3    nan  1.007  135.0  3.741  5.553   45.3   52.8
I  -48.6  139.1  113.6  178.4  -89.7  150.6  0.966   72.4  3.743  5.276  -69.7  -91.9
Y -141.3 -174.0  107.9  173.5   57.3    nan  1.053  139.1  3.666  5.394  165.5  173.5
K -114.4  148.1  106.6  177.2  -91.9    nan  0.966  119.2  3.647  5.104 -106.9 -102.8
D  -91.7 -160.2  110.5  177.5   61.5    nan  1.059   84.8  3.798  5.758 -129.5 -121.8
T  -50.3  -63.5  110.5  176.5   37.6  -83.5  0.997   92.5  3.742  4.563  -22.9  -24.1
E  -64.1    0.8  112.1 -179.9  -50.7    nan  1.030  116.2  3.806  4.801   45.7   61.6
G   66.1   37.3  113.1 -178.6    nan    nan    nan   96.0  3.778    nan    nan -116.8
Y  -90.6  148.4  110.1  175.7  -77.4    nan  1.085  100.9  3.870    nan    nan  125.6
Y  -81.1  132.6  109.3  179.9  -72.1    nan  1.071   97.8  3.794  5.881 -112.0 -109.4
T -128.3  172.5  109.2  179.3  -40.6 -160.5  1.027  130.4  3.731  5.640 -167.0  178.6
I -167.3  152.9  106.9  176.8 -152.3   84.9  1.038  153.8  3.802  5.447 -175.8 -176.9
G   70.7 -143.8  113.6  178.0    nan    nan    nan   87.5  3.828    nan    nan   32.2
I  -89.5   77.7  107.8  178.9  -46.5 -168.4  1.091  107.5  3.685    nan    nan  -41.1
G   55.5   45.7  114.9  176.9    nan    nan    nan   98.5  3.756    nan    nan  -59.4
H  -91.8  117.8  105.0  175.5 -179.3    nan  0.967  104.1  3.795    nan    nan  129.9
L  -82.4  129.1  112.2 -177.8  149.1    nan  1.185  102.0  3.809  6.025 -154.2 -142.3
L  -85.2  -45.1  111.4 -178.1  -75.9    nan  1.102   78.6  3.702  5.763 -124.9 -138.6
T -171.7  158.9  113.1 -178.6  178.7   60.2  1.026  160.7  3.712  4.614  -40.6  -30.9
K  -98.4   -7.8  110.0  176.4  -71.2    nan  1.110   79.0  3.687  5.479 -131.4 -117.3
S  -68.1  146.0  110.5 -179.4  176.8    nan  1.074   82.7  3.695  5.759   97.3  110.6
P  -71.3   25.7  111.2 -179.8    7.7    nan  0.993  115.9  3.725  5.377  -93.6 -106.4
S -110.7  129.6  114.5  179.3  177.5    nan  1.115  121.6  3.767  5.507   74.0  102.7
L  -73.8  -30.0  110.4  179.5 -170.1    nan  0.975   94.2  3.773  5.766 -107.0 -129.0
N  -63.7  -38.2  108.2 -179.3 -142.9    nan  0.969  100.1  3.713  5.206   84.7   92.1
A  -71.3  -39.9  110.5  178.2    nan    nan  0.979   91.9  3.616  4.938   61.1   75.9
A  -63.0  -52.1  105.4 -179.8    nan    nan  0.935   95.3  3.680  5.189   69.7   83.0
K  -46.3  -40.4  110.0 -179.2 -131.7    nan  0.970  111.5  3.726  5.047   78.4   87.1
S  -83.2  -32.7  117.9 -177.6  157.4    nan  1.138   81.2  3.665  4.772   41.0   68.6
E  -65.6  -31.4  107.5 -179.6  -85.7    nan  1.027  102.1  3.798  5.465   75.0   89.0
L  -65.1  -68.3  111.9 -179.4 -167.4    nan  1.064   80.9  3.718  5.377   72.7   89.6
D  -46.2  -41.2  108.4 -178.8  -65.1    nan  1.075  111.8  3.752  4.929   60.8   75.3
K  -59.2  -40.9  111.8  174.3 -113.3    nan  0.891  100.3  3.698  5.374   83.9   81.6
A  -81.3  -40.3  117.1 -175.9    nan    nan  1.181   79.8  3.702  4.686   37.6   71.7
I  -91.3   -3.9  110.2 -178.9   75.9  -48.3  1.256   87.4  3.723  5.161   24.7   61.0
G   69.9   39.6  123.2 -179.3    nan    nan    nan   86.4  3.797    nan    nan -119.3
R -157.2  175.5  111.5  174.0   69.8    nan  1.075  158.4  3.862    nan    nan   55.8
N  -70.9   57.9  110.1  176.9   39.5    nan  0.876  116.7  3.769  4.702  -58.7  -75.6
C  -60.4  -45.9  117.3 -173.7  -78.0    nan  1.034   93.3  3.790  6.023  169.8 -176.0
N   65.8   48.7  111.5 -177.8 -157.6    nan  1.030   91.1  3.765  5.209 -159.0 -157.2
G   63.2   18.7  116.9  179.9    nan    nan    nan  107.3  3.819    nan    nan  -77.3
V -135.6  131.6  110.1  177.0 -177.9  -63.6  1.130  130.9  3.771    nan    nan   64.8
I -126.5  176.1  109.5 -179.7   76.7  -48.3  1.092  127.7  3.736  5.808 -170.0 -176.9
T -100.9  167.6  109.3  179.3   87.9  -29.1  0.945  104.8  3.675  5.131  -91.4 -100.8
K  -56.3  -50.7  109.8  177.2 -132.0    nan  0.992   97.6  3.708  4.801  -68.8  -70.5
D  -55.5  -51.4  111.0  179.0  -72.1    nan  1.027   97.0  3.783  5.211   64.0   80.2
E  -53.6  -45.1  107.1  178.9  -50.2    nan  1.089  104.6  3.792  5.219   64.5   80.7
A  -53.4  -52.5  108.2  178.1    nan    nan  0.986   99.5  3.764  5.444   81.1   85.4
E  -57.0  -47.3  112.8  178.2 -169.4    nan  1.180   97.6  3.783  5.089   52.9   76.3
K  -55.6  -57.8  111.3  179.4  137.4    nan  1.101   92.7  3.766  5.443   73.6   84.6
L  -51.3  -42.9  110.3  179.5  -56.0    nan  1.096  105.8  3.799  5.403   68.4   78.4
F  -56.1  -56.4  114.3 -179.2  170.0    nan  1.190   91.4  3.794  5.377   72.8   89.2
N  -49.6  -43.1  108.6  179.8  -56.7    nan  1.127  107.9  3.808  5.415   69.8   82.1
Q  -51.9  -47.9  108.9  178.1  -76.3    nan  1.093  103.0  3.754  5.554   80.0   89.2
D  -60.2  -53.1  112.2  177.7  -64.6    nan  1.159   92.0  3.782  5.294   60.2   77.3
V  -49.4  -48.7  107.5  179.5  162.9  -73.8  1.074  104.9  3.792  5.455   75.1   84.1
D  -49.9  -50.6  111.9  178.1 -104.0    nan  1.062  100.9  3.808  5.427   78.3   85.9
A  -58.1  -48.6  113.0  176.6    nan    nan  1.141   95.7  3.811  5.154   61.0   76.4
A  -56.5  -49.5  111.8  179.2    nan    nan  1.180   97.0  3.802  5.405   63.9   82.4
V  -61.0  -45.7  114.4  178.3  170.2  -70.9  1.239   94.6  3.787  5.360   55.7   76.6
R  -50.3  -56.7  109.1 -179.0 -117.8    nan  1.069   98.0  3.779  5.575   87.8   92.1
G  -56.0  -50.8  110.8  178.6    nan    nan    nan   97.2  3.763    nan    nan   73.2
I  -54.4  -58.5  108.6  178.5  -85.7  146.7  1.033   94.8  3.744    nan    nan   80.8
L  -48.8  -45.5  112.4 -179.7  -54.9    nan  1.180  104.9  3.834  5.235   59.0   80.2
R  -64.7   -8.8  113.2  176.2  -60.7    nan  1.123  111.6  3.744  5.318   60.7   75.1
N  -99.8  119.4  114.3 -173.6 -178.0    nan  1.056  115.9  3.861  5.544   65.9   85.8
A  -36.3  -59.5  112.7 -179.6    nan    nan  1.058  102.2  3.800  5.599  -85.8 -105.0
K  -62.4  -54.9  119.8 -179.9  -89.6    nan  1.144   84.6  3.828  5.019   48.6   69.5
L  -79.6  -20.0  113.8 -178.4  -33.6    nan  1.124   92.0  3.800  5.177   37.4   60.1
K  -49.1  -70.4  115.3 -177.2  174.9    nan  1.160   85.1  3.809  5.845  109.0  119.5
P  -46.1  -36.9  112.1 -179.9   18.2    nan  0.919  113.1  3.727  4.916   79.3   74.2
V  -63.3  -55.3  110.9 -178.4 -160.2  -44.4  1.004   89.7  3.692  5.069   69.5   88.6
Y  -57.4  -38.4  109.8 -179.3  178.7    nan  1.067  104.2  3.684  4.912   58.8   75.6
D  -61.3  -44.8  108.6  178.6  -76.3    nan  1.068   98.3  3.755  5.521   72.7   85.8
S  -52.7  -45.2  119.1  179.9  140.1    nan  1.105   98.8  3.796  5.214   75.1   89.5
L  -63.5  149.5  114.9 -177.1  -64.9    nan  1.066   78.8  3.805  5.184   66.3   83.9
D  -78.9  168.3  106.6  175.6   57.1    nan  0.967   82.4  3.744  5.428 -101.5 -116.3
A  -47.5  -57.4  116.2 -175.8    nan    nan  1.139   95.1  3.780  5.143  -59.4  -54.9
V  -57.7  -50.6  113.5  179.2  159.8  -81.1  1.090   94.5  3.805  5.287   62.2   74.8
R  -58.8  -30.9  109.9  178.0  -42.7    nan  1.127  107.1  3.774  5.425   64.2   77.5
R  -64.8  -24.6  111.2  178.4  -19.6    nan  1.127  104.5  3.804  5.678   78.6   90.5
C  -67.8  -39.9  106.3  176.6  -62.2    nan  1.038   97.1  3.814  5.768   83.8   90.3
A  -59.7  -32.1  114.5 -178.6    nan    nan  1.148  103.7  3.706  5.288   70.1   88.7
L  -81.2  -31.1  108.0 -178.6 -178.9    nan  1.029   88.5  3.852  5.459   59.9   74.9
I  -67.3  -49.8  105.7 -178.6  -80.0  161.7  1.113   93.3  3.752  5.578   65.1   87.8
N  -43.0  -54.4  107.7  179.7 -171.7    nan  1.030  104.9  3.718  5.353   86.5   91.4
M  -55.4  -57.2  111.2  177.5  -80.4    nan  1.101   93.3  3.784  5.345   60.7   75.5
V  -50.9  -39.4  113.2 -177.8  174.8  -63.7  1.078  107.0  3.747  5.179   71.9   82.1
F  -56.7  -52.3  110.6  178.7 -107.4    nan  1.041   95.9  3.761  5.425   79.1   89.9
Q  -70.1  -37.5  115.5 -178.8  158.3    nan  1.057   91.4  3.718  4.962   53.2   67.7
M -131.4    9.7  116.6 -172.4   67.6    nan  1.140   53.5  3.704  4.600   -2.1   30.6
G   68.3  150.5  116.2 -179.9    nan    nan    nan   58.4  3.822    nan    nan -108.5
E  -54.3  -34.3  112.2 -173.0  169.3    nan  1.085  108.1  3.675    nan    nan  -87.9
T  -75.7  -29.9  109.0 -179.8  -78.1  154.9  1.030   93.3  3.654  5.293   57.0   77.3
G  -71.2  -48.8  109.0  178.8    nan    nan    nan   88.9  3.716    nan    nan   83.9
V  -68.1  -33.6  112.2  178.7  175.7  -70.6  1.118   96.7  3.790    nan    nan   70.2
A  -87.5   47.3  111.9  179.7    nan    nan  1.107  107.7  3.773  5.349   45.0   68.2
G -129.6  -15.5  109.4  178.6    nan    nan    nan   47.0  3.785    nan    nan   97.3
F  -85.3   65.7  107.1  178.2  -73.3    nan  0.946  107.5  3.738    nan    nan   82.1
T  -52.5  -80.6  111.6 -179.5  -41.8 -166.3  1.042   79.1  3.684  6.049 -165.7 -166.6
N  -51.8  -14.8  116.1 -178.3    6.3    nan  1.274  120.7  3.772  4.983   34.1   60.2
S  -82.6  -43.4  106.8  174.8  -25.9    nan  1.064   84.1  3.683  5.733   79.2   86.0
L  -50.5  -32.6  110.9  176.9  -60.2    nan  1.084  112.8  3.800  5.523   79.9   89.1
R  -79.0  -32.4  111.0 -177.8 -103.0    nan  1.078   88.5  3.797  5.454   62.7   78.3
M  -70.7  -45.0  114.8 -178.1 -109.6    nan  1.183   87.4  3.622  5.196   61.7   87.5
L  -47.2  -50.7  105.1  179.6  -65.2    nan  1.029  106.3  3.756  5.495   86.0   93.9
Q  -63.4   -8.1  116.9 -178.9 -133.5    nan  1.006  112.7  3.672  4.989   64.8   74.0
Q -113.1    8.9  108.3  179.9  -57.2    nan  1.014   70.0  3.686  5.063   42.9   65.6
K   61.6   36.3  106.7 -177.9  -50.6    nan  1.077  103.6  3.723  5.512 -117.6 -111.3
R  -96.4   59.4  108.8 -179.5  -91.3    nan  1.048  102.7  3.750  5.975  112.3  123.8
W  -43.0  -59.1  115.4 -175.9  -43.5    nan  1.176   97.2  3.795  6.185 -167.7 -160.9
D  -59.3  -36.7  120.9 -176.9  -87.5    nan  1.394   98.4  3.794  5.237   40.2   76.8
A  -71.9  -48.1  111.1  179.6    nan    nan  1.069   87.3  3.813  5.649   78.7   80.6
A  -53.2  -54.7  108.5 -179.9    nan    nan  0.948   98.0  3.787  5.250   82.1   85.3
A  -45.1  -56.5  107.5  177.2    nan    nan  0.972  102.2  3.741  4.954   73.9   83.9
A  -59.7  -36.5  112.6  179.3    nan    nan  1.054  102.0  3.728  4.969   52.2   71.3
A  -63.8  -51.4  110.2 -178.8    nan    nan  1.064   91.9  3.776  5.411   68.6   87.7
L  -56.9  -41.0  112.0  179.7  -81.2    nan  0.999  101.9  3.694  5.156   73.2   79.3
A  -48.0  -38.8  111.5 -177.6    nan    nan  1.012  110.6  3.727  5.191   87.9   99.4
A  -78.4   16.1  118.7 -176.7    nan    nan  1.167  108.9  3.801  5.061   47.7   74.2
A -104.2  163.0  114.7  179.2    nan    nan  1.052  110.7  3.722  5.651   88.2   98.8
A  -53.0  -46.0  107.1  176.4    nan    nan  0.972  104.5  3.692  4.922  -61.3  -74.6
W  -37.3  -53.1  112.3  177.1  165.4    nan  0.986  107.1  3.772  5.245   91.7   99.3
Y  -51.4  -54.6  112.6 -176.0 -165.8    nan  1.075   96.7  3.778  5.071   67.5   86.9
N  -58.8  -43.8  112.1 -178.6  -61.4    nan  1.135   98.7  3.649  5.015   55.0   76.8
Q  -52.9  -50.3  115.4 -178.1  -17.9    nan  1.144   97.0  3.885  5.539   73.4   92.6
T -134.8   64.8  107.1  179.4   74.5  -47.2  1.009   83.6  3.845  5.009  -11.3    4.0
P  -50.5  -28.7  115.5 -175.8   26.3    nan  0.956  113.5  3.693  5.869 -155.3 -162.9
N  -82.0  -32.9  116.2 -177.9 -112.1    nan  1.192   83.1  3.786  5.195   41.2   82.0
R  -74.3  -45.6  105.6  178.7  169.7    nan  0.975   90.2  3.785  5.452   71.4   78.1
A  -52.6  -52.2  106.2  179.1    nan    nan  0.992  101.3  3.691  5.129   73.3   85.3
K  -63.0  -36.6  115.0 -179.3  -56.7    nan  1.177   98.1  3.708  5.128   46.7   74.3
R  -74.4  -38.0  113.0  179.8  -53.7    nan  1.110   88.8  3.791  5.563   61.7   78.8
V  -60.0  -34.4  108.5  179.3  160.1  -74.7  1.062  104.9  3.730  5.467   78.1   88.4
I  -68.9  -37.2  114.1  178.8  -69.6  169.3  1.113   93.2  3.772  5.372   65.8   83.2
T  -71.7  -27.3  112.7 -179.8  -91.7  147.3  1.083   96.4  3.654  5.209   62.8   80.6
T  -72.9  -31.3  110.4 -176.8    8.7 -108.0  1.151   94.5  3.715  5.370   61.7   89.8
F  -69.8  -38.4  110.2  178.1  -85.0    nan  1.055   94.0  3.730  5.585   71.1   83.9
R  -68.1  -53.7  108.2  176.8 -103.3    nan  1.054   89.3  3.837  5.471   66.1   77.1
T  -91.1  -26.2  117.5 -175.5  112.1   -6.8  1.121   77.3  3.834  5.151   28.8   51.2
G   62.8   37.5  111.1 -178.4    nan    nan    nan   99.7  3.796    nan    nan -144.0
T -152.2  140.3  112.3  178.2   90.0  -30.0  1.021  142.5  3.780    nan    nan   64.8
W  -61.7   13.8  115.0 -179.1  -62.7    nan  1.123  123.3  3.742  5.481  -98.7 -105.1
D  -54.2  -29.3  115.1  179.0  -59.3    nan  1.198  110.0  3.835  6.077  128.3  142.2
A  -78.0  -24.5  111.5  179.0    nan    nan  1.178   92.3  3.796  5.567   59.1   80.7
Y  -91.7    2.4  112.8  179.4  -65.6    nan  1.227   89.2  3.740  5.397   42.4   73.3
K  102.0 -117.4  118.1  176.7  -89.3    nan  1.331  120.3  3.873  5.634  -96.8  -84.2
N  171.7 -152.5  111.5  179.5  -91.7    nan  1.157  154.4  3.912  5.196 -122.3 -115.8
L  -72.0    nan  115.2  178.0  -88.6    nan  1.204    nan  3.839  5.185  -50.9  -34.2
