Id   phi    psi    tau  omega    chi    chi2  solid    eta  CA-CA  CB-CB  BA^AB  NA^AC
M    nan  158.7  112.7    nan -147.8    nan  1.050    nan    nan    nan    nan    nan
N -165.7  161.8  108.8 -179.0   51.4    nan  0.957  161.0  3.799  5.422 -174.1  165.3
I  -51.2  -36.6  115.5 -177.7 -143.4   93.3  1.059  107.6  3.841  5.142  -65.0  -69.0
F  -66.2  -42.3  109.7 -178.3  168.0    nan  0.957   95.2  3.752  5.417   80.9   86.6
E  -64.8  -40.9  111.2 -177.1  -96.9    nan  1.056   96.2  3.659  4.909   66.2   81.9
M  -69.5  -25.9  112.1  179.4  145.3    nan  1.071   99.2  3.662  5.077   59.1   76.8
L  -91.2  -32.0  111.2  179.1  -84.5    nan  1.114   77.9  3.790  5.382   44.4   70.8
R  -54.7  -43.6  104.4  176.3  159.2    nan  0.988  106.2  3.815  5.689   90.7   95.0
I  -70.1  -44.8  110.5  176.6  -75.0  160.4  1.068   90.6  3.673  5.207   54.5   70.3
D  -83.8   -8.1  119.8 -179.4  -74.8    nan  1.192   92.1  3.887  5.390   38.1   64.6
E -142.7   -9.2  109.2 -179.1  -68.8    nan  1.022   35.2  3.734  4.982   30.3   36.3
G   57.9  142.3  113.4  179.1    nan    nan    nan   51.2  3.698    nan    nan -135.9
L  -88.6  121.7  106.1  176.3 -160.6    nan  0.971  102.9  3.683    nan    nan -138.3
R -113.0  122.8  103.4  176.7  -58.7    nan  0.925  113.0  3.812  5.958 -162.7 -179.7
L  -96.7   20.4  114.7 -177.9  -56.5    nan  1.098   92.0  3.794  5.908 -160.8 -147.7
K -149.8  139.0  109.8 -179.8  174.0    nan  1.082  139.8  3.690  5.143   39.1   53.4
I  -36.7  124.1  108.6 -179.7  -60.9  176.0  1.049   73.1  3.754  5.348  -63.3  -85.7
Y -145.1  163.6  108.3  179.9   72.3    nan  1.082  146.8  3.690  5.641  158.0  156.3
K  -97.0  155.2  110.2 -178.4  -51.7    nan  1.100  104.7  3.787  5.552 -112.1 -110.6
D -106.1  179.0  114.6 -178.6   71.1    nan  1.182  106.5  3.748  5.565 -133.5 -128.5
T  -55.3  -18.3  110.4 -179.5   69.8  -53.6  0.971  116.8  3.839  5.028  -34.5  -53.4
E -104.4   -7.6  111.0 -179.0  -68.0    nan  1.035   73.0  3.722  5.081   47.2   64.2
G   74.4   15.2  118.6 -178.0    nan    nan    nan   97.9  3.816    nan    nan -116.3
Y  -82.3  138.5  112.1  173.3  -59.5    nan  1.035   98.4  3.835    nan    nan  110.9
Y  -56.3  125.5  112.3  178.2  -76.1    nan  1.042   86.3  3.885  5.592  -89.5 -104.1
T -137.8  162.6  111.7 -177.2  -69.8  168.3  1.063  141.4  3.721  5.635  169.6  165.8
I -151.7  152.6  111.0  179.7 -173.0   61.9  1.107  149.3  3.743  5.472 -172.5 -169.7
G   62.4 -108.4  115.2 -178.8    nan    nan    nan  102.2  3.844    nan    nan   23.9
I -117.5   72.9  107.0  178.9  -67.4  174.5  1.032   96.4  3.748    nan    nan  -30.7
G   74.6   28.0  115.2  179.5    nan    nan    nan   92.4  3.693    nan    nan  -43.8
H  -84.9  118.7  107.9  178.0 -172.3    nan  1.060  103.0  3.743    nan    nan  125.6
L  -75.3  108.6  110.6 -179.4 -153.7    nan  1.055  104.0  3.815  5.914 -124.5 -140.6
L  -76.6  -42.3  112.1 -179.9  -55.8    nan  1.105   85.7  3.649  5.894 -149.1 -146.9
T -171.2  153.9  114.3 -178.8  168.2   50.2  0.988  156.2  3.784  4.724  -32.4  -27.7
K  -92.3    1.7  114.4  177.4  -82.7    nan  1.133   88.4  3.653  5.319 -129.2 -118.2
S  -82.5  137.7  108.9 -179.7  109.4    nan  1.056   96.9  3.784  5.822   90.9  105.3
P  -65.5   61.8  109.2 -178.7   25.5    nan  0.916  117.3  3.735  5.462  -89.9 -108.9
S -148.9  119.6  117.1  179.4  156.1    nan  1.134  128.9  3.672  5.176   72.0   98.3
L  -52.3  -58.9  114.5  179.6 -161.6    nan  1.080   92.0  3.836  5.776  -98.2 -121.1
N  -56.7  -29.8  109.3 -179.5  138.0    nan  1.162  109.8  3.741  5.104   53.5   74.1
A  -69.8  -36.3  109.1  177.5    nan    nan  1.081   95.5  3.719  5.684   71.8   85.3
A  -62.9  -52.6  108.9 -179.1    nan    nan  1.051   92.7  3.761  5.479   75.6   87.7
K  -55.8  -18.7  112.4 -176.7  -77.7    nan  1.141  115.6  3.658  5.037   61.5   81.6
S  -96.9  -29.7  112.8  179.3   89.9    nan  1.201   72.8  3.707  5.378   43.2   73.4
E  -69.0  -27.0  106.0  178.4  -76.7    nan  0.981  101.6  3.744  5.684   83.4   86.0
L  -60.5  -52.1  110.9 -179.7 -176.8    nan  1.073   93.3  3.703  5.370   79.0   97.2
D  -63.7  -45.0  110.9  178.6  -70.9    nan  1.172   95.0  3.749  5.073   47.2   71.2
K  -69.2  -17.5  108.2  175.7  -47.0    nan  0.973  104.6  3.773  5.695   68.8   69.9
A  -66.7  -52.9  117.3 -174.5    nan    nan  1.112   84.4  3.753  5.375   89.3  107.2
I -108.0  -26.3  109.1 -178.7   47.2  -70.1  0.970   65.5  3.668  4.520   14.4   31.6
G   75.8   90.9  122.2 -177.2    nan    nan    nan   58.6  3.812    nan    nan -131.8
R  164.3  171.7  112.8  175.9   98.9    nan  1.068  159.6  3.774    nan    nan   55.5
N  -66.1   46.1  113.6  178.7   58.3    nan  0.960  123.0  3.792  4.792  -60.3  -75.3
C  -57.2  -35.3  114.0 -177.7  -26.7    nan  1.080  104.2  3.800  5.999  158.2  171.6
N   52.9   66.3  111.7 -179.4 -159.9    nan  1.296   88.5  3.812  5.759 -178.9 -161.9
G   65.7   23.8  117.7 -178.8    nan    nan    nan  101.8  3.812    nan    nan  -58.0
V -155.4  151.1  111.9  179.1 -158.8  -30.6  1.033  150.6  3.798    nan    nan   49.7
I -135.1  171.2  112.5  177.6   50.3  -76.0  1.069  137.9  3.782  5.572 -165.7 -166.0
T  -81.0  154.7  110.6  178.4   78.1  -43.1  0.990   90.4  3.794  5.121  -80.0  -89.2
K  -51.5  -47.0  108.3  175.3 -152.4    nan  1.078  104.2  3.766  5.234  -80.5  -82.1
D  -60.7  -53.2  115.3  178.2  -50.3    nan  1.143   89.6  3.819  5.421   58.6   78.3
E  -50.2  -53.8  107.9 -179.5  -83.5    nan  1.065  100.8  3.795  5.344   76.7   85.1
A  -50.4  -46.1  107.4  178.8    nan    nan  1.045  106.0  3.769  5.287   70.6   80.7
E  -51.4  -44.4  111.4  178.5 -154.3    nan  1.164  104.3  3.770  5.255   66.9   86.9
K  -60.5  -50.8  116.1  178.5  131.4    nan  1.188   90.8  3.824  5.361   61.7   82.0
L  -55.9  -46.2  110.5  178.6  -51.4    nan  1.054  100.3  3.837  5.425   71.7   80.8
F  -50.5  -49.3  107.2  179.4  174.4    nan  1.034  104.0  3.782  5.309   79.0   88.5
N  -54.2  -54.0  110.4  178.8  -86.0    nan  1.124   96.6  3.741  5.250   63.6   81.8
Q  -50.2  -45.7  108.4  179.0  -36.3    nan  1.049  105.9  3.780  5.315   70.3   81.9
D  -58.0  -57.3  114.6  178.6  -66.3    nan  1.122   89.4  3.787  5.333   62.6   82.1
V  -50.5  -43.4  110.2  178.9  165.0  -71.4  1.121  106.2  3.802  5.157   64.8   80.1
D  -60.3  -54.6  110.7  177.6  -80.7    nan  0.941   92.1  3.803  5.535   81.4   81.2
A  -46.0  -47.4  110.1 -179.0    nan    nan  1.013  106.7  3.774  4.897   76.2   87.2
A  -58.0  -55.0  116.2  179.4    nan    nan  0.968   89.8  3.790  4.987   70.3   81.6
V  -56.7  -43.3  108.6  178.8 -176.6  -52.8  1.007  102.6  3.794  5.025   60.0   76.4
R  -52.4  -60.3  106.9  179.6 -129.5    nan  0.978   95.9  3.729  5.175   83.1   89.2
G  -52.4  -48.6  108.5  178.6    nan    nan    nan  102.4  3.770    nan    nan   72.8
I  -49.3  -51.9  111.7 -179.8  -52.5 -172.2  1.230  100.5  3.776    nan    nan   88.6
L  -57.9  -51.1  108.4  177.7  -54.2    nan  1.051   97.2  3.811  5.615   69.7   75.8
R  -55.6   15.0  116.1  177.5 -110.6    nan  1.176  129.8  3.783  5.151   58.7   78.6
N -127.6  123.1  112.8 -176.7 -167.5    nan  1.109  126.2  3.740  5.376   58.5   74.4
A  -50.8  -58.8  113.5 -178.0    nan    nan  1.068   93.6  3.765  5.725  -93.9 -112.7
K  -66.4  -36.9  115.4 -175.2  -24.1    nan  1.106   94.9  3.758  4.823   47.7   69.2
L  -80.2  -56.6  113.6 -177.6  -56.3    nan  1.133   76.4  3.690  5.162   47.6   75.4
K  -20.5  -73.0  113.7 -177.3 -143.8    nan  1.102   98.0  3.876  5.495  101.3  112.3
P  -44.4  -37.8  113.4 -179.0    6.5    nan  0.982  113.3  3.780  4.926   68.4   74.1
V  -71.9  -36.5  113.4 -178.6  149.4  -92.3  1.126   91.5  3.767  5.114   51.3   80.2
Y  -79.3  -33.3  115.3 -179.2  178.2    nan  1.048   85.7  3.747  5.171   58.1   74.1
D  -63.9  -36.9  110.2  177.7  -85.1    nan  1.032   99.5  3.803  5.475   73.2   88.3
S  -73.6  -27.1  111.9  178.5  129.9    nan  0.997   95.0  3.788  5.181   65.1   74.4
L  -71.9 -178.0  114.7 -177.8  -66.3    nan  1.144   71.1  3.775  5.348   65.6   91.2
D -132.4  114.2  113.8 -179.3   63.5    nan  1.144  123.2  3.680  5.216 -132.6 -122.6
A   16.0  -58.5  115.5  177.6    nan    nan  1.157  127.1  3.748  5.182  -35.5  -66.0
V  -72.7  -50.2  110.6  179.1  101.6 -135.0  1.088   86.1  3.751  5.050   41.5   59.0
R  -64.8  -16.4  106.7  177.8  -74.2    nan  1.053  109.6  3.773  5.385   56.1   70.5
R  -76.3  -39.8  107.5  179.1  -63.1    nan  1.061   89.7  3.773  5.641   75.2   91.9
C  -52.9  -47.3  106.4  176.7  -64.8    nan  1.010  104.1  3.713  5.370   81.3   89.4
A  -50.9  -59.6  111.1  176.6    nan    nan  1.100   94.4  3.733  5.294   70.1   84.9
L  -54.1  -35.1  112.0  179.9 -133.6    nan  1.113  107.8  3.797  5.264   60.7   74.8
I  -59.4  -50.0  114.0  179.8  -61.0  177.5  1.112   93.3  3.817  5.616   77.0   93.2
N  -45.4  -57.9  108.7  178.5 -163.2    nan  1.025  100.4  3.846  5.287   80.9   90.4
M  -56.6  -54.9  108.4  178.3  -76.1    nan  1.033   95.8  3.767  5.221   59.4   71.3
V  -55.6  -34.3  109.2  179.9  168.4  -73.9  1.032  108.3  3.778  5.263   68.0   76.3
F  -61.0  -53.4  108.2 -179.6 -114.7    nan  1.065   94.0  3.671  5.274   75.3   90.6
Q  -70.8  -26.5  118.4 -177.7 -170.1    nan  1.107   95.3  3.778  4.966   46.5   65.3
M -141.4   10.5  114.7 -179.0  -18.9    nan  0.983   43.9  3.788  4.883    9.2   24.8
G   67.5  154.2  112.8 -177.8    nan    nan    nan   60.0  3.827    nan    nan -105.7
E  -41.6  -58.3  113.1 -178.4  -56.9    nan  1.010   99.9  3.838    nan    nan  -70.7
T  -40.4  -47.8  110.6  176.4  -23.6 -151.9  0.939  110.0  3.758  4.952   84.2   86.2
G  -62.1  -72.4  108.0 -179.4    nan    nan    nan   83.2  3.710    nan    nan   77.6
V  -45.3  -45.7  108.9 -178.5  -90.6   28.6  1.118  109.1  3.730    nan    nan   71.3
A  -54.1  -20.3  109.7  178.9    nan    nan  1.096  117.1  3.759  5.439   71.1   85.5
G  -66.1  -59.4  112.2  178.5    nan    nan    nan   84.8  3.720    nan    nan   98.2
F  -43.0   63.4  115.5 -178.9  -63.9    nan  1.076  126.2  3.861    nan    nan   87.2
T  -51.8  -83.2  120.4 -175.7  -74.6  165.5  1.215   71.2  3.783  6.126 -175.2 -165.4
N  -52.3  -27.4  110.1 -176.3  -54.8    nan  1.125  114.7  3.793  5.047   44.4   61.3
S  -58.2  -59.9  110.8  178.0 -147.7    nan  1.020   90.1  3.723  5.545   88.2   98.1
L  -56.4  -43.2  109.8 -179.9  -52.1    nan  1.082  102.2  3.739  5.003   52.6   72.0
R  -47.5  -55.5  110.7  178.6  -31.1    nan  1.061   99.7  3.813  5.686   88.0   94.3
M  -58.6  -39.7  113.0 -179.8  -54.8    nan  1.126  100.8  3.816  5.149   61.3   74.5
L  -55.4  -43.8  107.3  176.7  -83.9    nan  1.025  103.9  3.794  5.547   82.1   88.5
Q  -56.4  -62.1  110.8  176.3 -106.0    nan  1.084   89.9  3.820  5.403   68.8   82.6
Q  -68.8   22.8  111.8  177.9   -8.6    nan  1.045  117.9  3.774  5.150   47.5   57.4
K   39.8   43.0  115.8  179.3  -39.1    nan  1.126  111.8  3.860  5.709 -120.1 -122.9
R  -95.1   79.4  107.8  176.0  -98.4    nan  1.053  106.4  3.809  5.989  122.0  124.0
W  -66.2  -12.2  116.8 -174.8  -42.2    nan  1.202  107.9  3.894  6.329 -168.8 -163.6
D  -98.1  -55.9  107.3  175.9  -79.1    nan  1.112   71.2  3.695  5.553   56.1   73.7
A  -36.4  -55.8  112.6 -178.7    nan    nan  1.058  105.3  3.779  5.356   89.0   94.5
A  -73.7  -33.4  113.9 -178.5    nan    nan  1.091   91.1  3.746  4.906   43.0   62.0
A  -57.1  -46.1  113.0 -177.3    nan    nan  1.124   98.1  3.764  5.448   79.2   99.1
A  -66.7  -44.1  108.9  179.1    nan    nan  0.959   94.4  3.715  5.167   65.8   74.2
A  -61.5  -27.8  111.8  179.8    nan    nan  1.095  105.6  3.762  5.217   59.4   81.4
L  -80.4  -29.1  108.8  178.7  -82.7    nan  1.065   89.5  3.727  5.430   61.6   78.4
A  -67.8  -15.9  110.2 -179.7    nan    nan  1.102  106.0  3.828  5.510   69.4   89.0
A  -79.5  -22.5  115.6 -179.3    nan    nan  0.997   90.3  3.710  5.404   78.7   91.6
A  -85.5  169.8  115.5 -174.6    nan    nan  1.101   90.0  3.792  5.216   55.4   86.4
A  -59.2  -45.2  112.5  178.8    nan    nan  1.069   97.3  3.763  5.163  -64.2  -68.4
W  -37.0  -31.4  111.8  178.5  159.1    nan  1.030  124.5  3.825  5.353   93.1  102.7
Y  -77.5  -37.4  113.2  179.8 -173.1    nan  1.016   86.5  3.709  5.203   60.0   78.8
N  -75.4  -43.2  107.2 -177.9  -35.9    nan  1.082   89.3  3.732  5.225   52.5   76.2
Q  -66.5  -29.8  115.2  179.5   18.1    nan  1.176   98.8  3.831  5.426   57.6   77.4
T -144.2   74.0  106.4  178.7   82.0  -35.2  1.012   86.3  3.761  4.921    0.9   12.4
P  -45.4  -63.0  115.9 -176.4   15.1    nan  0.996   92.4  3.756  6.013 -140.9 -150.0
N  -57.6  -70.4  119.0 -175.1  -68.7    nan  1.164   78.1  3.724  4.741   46.0   76.1
R  -45.8  -51.2  106.1  178.5  151.3    nan  1.015  106.4  3.800  5.030   61.9   74.0
A  -58.4  -32.1  111.8  175.6    nan    nan  1.099  106.0  3.730  5.229   52.9   73.9
K  -67.7  -38.3  109.4  177.6  -72.5    nan  0.989   96.2  3.813  5.683   78.5   85.3
R  -71.8  -46.9  113.0 -177.9  -71.0    nan  1.132   86.7  3.684  5.003   56.6   79.4
V  -57.9  -41.0  109.7 -177.8  149.0  -85.5  1.069  102.3  3.751  5.369   69.7   84.6
I  -64.2  -41.9  112.1  178.0  -61.4  176.4  1.129   95.6  3.717  5.310   58.8   80.5
T  -62.4  -37.4  111.0 -179.8  -25.8 -140.6  1.165  100.1  3.786  5.522   61.3   83.8
T  -66.3  -18.2  114.3  176.8  -85.8  150.4  1.126  105.3  3.860  5.540   63.2   81.1
F  -88.4  -40.7  101.5  173.2  -82.9    nan  0.942   83.8  3.708  5.688   67.5   73.4
R  -54.7  -60.4  113.7 -176.0 -130.7    nan  1.129   90.0  3.762  5.279   75.7   93.0
T  -90.0  -38.9  115.8 -177.9  105.5  -12.2  0.956   74.1  3.790  4.995   37.4   44.0
G   71.4   57.0  108.9 -176.7    nan    nan    nan   85.2  3.732    nan    nan -144.5
T -153.3  151.1  111.3  173.2  100.7  -22.8  1.089  149.4  3.822    nan    nan   77.8
W  -76.6    1.4  113.5 -176.7  -60.2    nan  1.060  104.0  3.756  5.477  -94.9 -103.9
D  -34.1  -53.4  112.3  179.3  -77.9    nan  0.984  108.9  3.780  5.905  152.5  148.9
A  -56.0  -25.3  114.6 -178.9    nan    nan  1.261  111.0  3.690  4.873   48.2   80.8
Y  -92.2  -17.3  113.0  179.7  -70.7    nan  1.169   81.2  3.824  5.583   49.3   71.8
K  123.2 -112.2  116.3  174.4  -97.7    nan  1.379  123.4  3.862  5.525 -102.8  -81.6
N  153.2 -158.3  111.1 -178.1  -86.1    nan  1.101  152.8  3.915  5.210 -124.7 -130.5
L  -79.9    nan  112.5  178.3  -79.4    nan  1.114    nan  3.827  5.046  -59.6  -48.5
