Id   phi    psi    tau  omega    chi    chi2  solid    eta  CA-CA  CB-CB  BA^AB  NA^AC
M    nan  150.5  117.1    nan -118.2    nan  1.324    nan    nan    nan    nan    nan
N -155.7  160.6  108.4 -178.1   80.8    nan  1.061  154.5  3.607  5.219 -163.7  160.4
I  -54.4  -41.1  114.6 -179.6 -177.6   63.4  1.131  102.5  3.752  5.358  -70.6  -73.3
F  -56.4  -62.9  111.0 -178.6  175.2    nan  1.112   89.2  3.819  5.450   73.7   91.2
E  -46.4  -39.7  110.9  178.0  -74.1    nan  1.017  111.4  3.774  5.190   69.5   77.2
M  -52.3  -60.5  109.4  178.4 -149.1    nan  1.019   94.1  3.778  5.334   80.4   92.3
L  -78.8   -1.9  114.5 -178.0  -86.4    nan  1.188  100.3  3.759  4.823   23.4   52.5
R  -80.5  -31.0  107.0  176.4  178.2    nan  1.001   89.6  3.810  5.838   90.8   98.7
I  -90.5  -27.7  113.8 -179.2  -84.1  142.2  1.042   78.7  3.790  5.036   43.6   64.5
D -105.8  -16.7  112.5  179.7  -62.7    nan  1.047   68.5  3.739  5.297   31.3   57.4
E -117.7  -25.4  108.8 -178.0  -79.8    nan  1.008   57.1  3.701  5.066   40.0   55.3
G   77.4  141.1  112.1 -178.2    nan    nan    nan   66.4  3.710    nan    nan -130.1
L -106.2  138.0  111.9  179.6  147.8    nan  1.072  116.6  3.764    nan    nan -146.4
R -109.7  161.2  105.0  177.9  -55.2    nan  0.973  113.4  3.795  5.745 -142.8 -159.2
L -135.4   -1.0  113.0  178.5  -64.5    nan  1.070   44.2  3.801  5.589 -159.1 -150.9
K -113.3  159.1  103.9  177.7 -140.7    nan  0.940  116.7  3.739  5.268   56.7   67.5
I  -62.4  170.1  108.7 -179.6  -70.4  170.0  1.109   66.0  3.823  5.728  -91.7  -81.3
Y -171.2  148.5  110.3  175.4   77.0    nan  1.200  150.5  3.772  5.465  169.7  177.7
K  -87.5  170.9  108.2  177.3  -68.1    nan  0.980   90.4  3.769  5.598 -100.1 -121.7
D -123.1 -161.1  109.7  178.7   62.0    nan  1.071  115.1  3.630  5.290 -142.2 -125.7
T  -55.9  -33.9  110.8  178.9   58.6  -57.3  0.980  107.5  3.708  4.566  -29.4  -29.3
E  -90.2  -17.2  113.0  178.7  -71.6    nan  1.070   83.2  3.871  5.208   38.8   62.4
G  102.5    6.1  111.3  177.0    nan    nan    nan   75.3  3.777    nan    nan -101.5
Y  -80.4  130.7  116.2 -177.6  -67.0    nan  1.093  102.8  3.780    nan    nan  113.0
Y  -59.4  129.5  110.6  177.9  -72.9    nan  1.071   84.9  3.746  5.636 -101.9 -116.0
T -141.7  160.1  107.9 -179.5  -71.7  164.7  1.005  143.4  3.683  5.538  172.5  165.0
I -148.7  154.4  110.4  178.0 -155.5   83.6  1.201  148.1  3.800  5.672  177.6 -169.0
G   58.2 -167.2  108.8 -177.1    nan    nan    nan   63.0  3.749    nan    nan   24.8
I  -57.9   65.4  115.6  179.6  -47.6 -169.3  1.090  123.6  3.821    nan    nan  -37.7
G   80.8   10.4  118.5  176.7    nan    nan    nan   94.1  3.842    nan    nan  -50.5
H  -69.7  100.5  113.8 -178.6 -173.7    nan  1.084  108.0  3.798    nan    nan  126.2
L  -57.5  159.6  107.8  179.2 -171.3    nan  1.064   65.5  3.796  6.015 -128.9 -144.1
L -129.5  -48.0  108.3  179.8  -77.4    nan  1.024   52.7  3.824  5.632 -144.8 -149.5
T -156.2  175.6  115.9  176.4  155.1   31.7  1.247  157.8  3.731  4.581  -48.8  -17.8
K -120.7  -10.4  113.9 -176.6  -72.3    nan  1.097   55.6  3.838  5.416 -115.3 -118.4
S  -87.2  141.2  108.2  178.6   56.2    nan  0.989   99.1  3.758  5.506   74.4   86.5
P  -53.8  -18.1  116.7 -175.6  -17.0    nan  1.156  116.7  3.758  5.485  -92.9  -92.5
S  -62.4  124.5  118.9 -179.7 -167.6    nan  1.130   95.2  3.713  5.644   90.0  108.3
L  -71.0  -30.7  106.0  174.3  170.3    nan  1.014   98.4  3.824  5.824 -119.3 -137.5
N  -57.1  -47.1  108.0  179.0 -154.5    nan  0.975  100.4  3.846  5.494   86.4   94.9
A  -55.2  -59.0  109.7  178.1    nan    nan  0.972   93.3  3.774  5.138   72.2   82.0
A  -51.4  -42.7  114.3  179.4    nan    nan  1.077  104.0  3.778  4.906   60.3   77.2
K  -66.3  -47.3  108.8  177.6 -105.7    nan  1.031   93.2  3.770  5.254   63.7   76.8
S  -59.3  -58.4  112.4 -178.5  170.9    nan  1.086   89.3  3.739  5.215   65.0   82.0
E  -49.8  -33.7  110.9 -179.3  -55.6    nan  1.044  112.7  3.809  5.325   73.4   80.8
L  -76.3  -40.5  114.5 -176.8  174.8    nan  1.106   85.3  3.732  5.129   61.9   80.5
D  -67.7  -26.9  108.2 -179.4  -56.5    nan  1.045  102.0  3.785  5.408   65.2   80.0
K  -71.7  -63.9  111.5  178.8 -129.9    nan  0.984   79.9  3.743  5.339   75.8   85.5
A  -57.6  -38.7  112.1  179.8    nan    nan  1.184  102.7  3.704  4.914   40.2   67.9
I  -94.0   -2.8  113.3  178.4  113.4   -6.0  1.288   84.9  3.787  5.317   21.6   57.2
G   75.3   11.5  123.3  172.3    nan    nan    nan   98.2  3.815    nan    nan -121.4
R -152.6  177.2  116.5  179.7   52.2    nan  1.150  153.7  3.834    nan    nan   43.4
N  -65.3   65.2  111.4 -179.8   23.4    nan  1.095  118.5  3.827  5.150  -61.9  -65.0
C  -66.9  -64.6  114.3  179.4  -54.2    nan  1.208   80.0  3.783  6.161  171.5  176.9
N   78.8   54.6  113.2  177.8 -157.0    nan  1.173   78.3  3.869  5.576 -169.3 -167.3
G   66.6   12.7  115.6  178.9    nan    nan    nan  107.4  3.774    nan    nan  -69.5
V -142.1  130.8  112.4 -178.6 -173.2  -55.5  1.145  133.9  3.801    nan    nan   55.6
I -125.9  162.8  114.5 -178.9   39.1  -90.7  1.065  131.3  3.840  5.911 -160.6  179.8
T  -90.5  144.8  112.5  177.0   99.5  -27.7  1.134  103.2  3.752  5.286 -111.2 -109.0
K  -38.1  -29.4  111.6  177.7 -134.8    nan  1.013  125.0  3.795  5.105  -57.4  -82.0
D  -76.7  -58.7  109.9  177.5  -47.9    nan  1.139   80.6  3.780  5.410   51.0   79.2
E  -38.2  -32.1  109.9  176.0  -74.5    nan  1.034  123.6  3.821  5.418   84.7   86.5
A  -80.0  -27.2  111.8 -178.1    nan    nan  1.063   89.3  3.754  5.180   56.0   76.3
E  -62.2  -49.1  106.6  178.0 -171.8    nan  1.015   96.6  3.749  5.586   82.6   94.0
K  -61.4  -44.9  116.1 -178.6  148.7    nan  1.119   93.9  3.768  5.063   61.9   77.1
L  -65.6  -36.0  107.5  177.4  -65.0    nan  1.051  100.0  3.725  5.295   63.1   75.7
F  -58.0  -61.3  109.1 -179.6  174.6    nan  1.103   90.6  3.817  5.475   70.5   91.3
N  -46.3  -42.5  111.0  179.4  -85.9    nan  1.043  109.5  3.811  5.312   70.2   79.3
Q  -60.4  -46.8  107.4  178.3  -77.1    nan  1.107   98.5  3.725  5.343   63.7   82.3
D  -62.3  -27.1  115.2 -178.3  -79.5    nan  1.180  104.1  3.819  5.331   58.9   79.2
V  -76.3  -50.0  103.2  178.5 -161.2  -35.3  0.966   88.9  3.729  5.543   73.5   81.2
D  -46.6  -46.0  114.2 -179.0  -91.4    nan  1.158  105.3  3.752  5.138   65.4   89.1
A  -68.5  -41.1  110.1  176.9    nan    nan  1.118   93.8  3.720  5.439   54.6   72.2
A  -51.6  -55.1  111.3 -178.4    nan    nan  1.027   97.0  3.811  5.530   89.7   94.7
V  -60.7  -45.6  109.3 -180.0 -172.4  -50.3  0.972   97.8  3.737  4.957   65.3   72.1
R  -56.0  -24.1  112.6 -179.0  -98.3    nan  1.188  112.3  3.686  5.062   59.6   86.3
G  -96.2  -31.6  109.9  179.7    nan    nan    nan   74.3  3.732    nan    nan   67.6
I  -57.1  -54.2  108.2  179.6  -69.9  172.7  1.133   96.0  3.855    nan    nan   96.1
L  -56.6  -44.9  108.6  178.4  -51.7    nan  1.073  101.6  3.794  5.324   65.2   74.5
R  -65.9    1.3  113.2  176.4  -67.3    nan  1.100  114.6  3.881  5.488   56.4   73.9
N -112.6  115.2  112.2 -179.8 -169.7    nan  1.132  118.6  3.862  5.558   53.0   75.7
A  -59.6   -9.5  116.4 -177.4    nan    nan  1.107  115.8  3.773  5.710 -108.6 -130.8
K -106.8  -38.2  106.6  178.4  -60.4    nan  1.098   66.6  3.788  5.402   44.5   69.3
L  -76.0  -44.3  115.4  178.1  -54.6    nan  1.168   83.3  3.744  5.326   48.3   71.9
K  -42.4  -59.4  117.4 -178.0 -142.5    nan  1.239   96.2  3.838  5.593   85.3  103.3
P  -52.6  -42.2  114.7  179.4   10.1    nan  1.000  103.1  3.803  5.234   78.5   78.3
V  -72.3  -39.0  111.7 -179.0 -177.0  -53.5  1.036   90.8  3.774  5.018   53.6   75.2
Y  -63.7  -45.0  111.5 -179.1 -178.7    nan  1.097   94.7  3.747  5.296   63.8   85.5
D  -62.2  -39.9  110.1  179.9  -85.0    nan  1.079   99.4  3.838  5.413   65.9   79.9
S  -52.3  -47.3  112.9  179.1   11.7    nan  1.131  100.9  3.836  5.553   79.7   93.4
L  -63.4  165.1  115.5 -176.0  -62.5    nan  1.167   70.5  3.792  5.233   62.9   81.7
D  -97.7  172.7  105.6  176.2   47.0    nan  0.923   99.6  3.766  5.303  -98.3 -114.9
A  -43.1  -53.5  119.9 -179.5    nan    nan  1.199   99.3  3.837  5.221  -57.0  -46.8
V  -69.5  -46.1  113.1 -178.6  150.2  -92.1  1.172   88.8  3.882  5.325   51.3   70.0
R  -61.1  -26.3  112.1  178.7  -62.4    nan  1.129  106.7  3.813  5.514   68.5   80.6
R  -56.8  -58.0  104.9  177.5  -58.2    nan  0.986   96.1  3.801  5.694   95.4   99.3
C  -42.5  -45.0  112.2  178.2  -75.8    nan  1.054  109.9  3.775  5.140   74.3   83.7
A  -59.3  -55.7  110.6  178.6    nan    nan  1.104   92.2  3.780  5.333   65.1   82.3
L  -52.0  -31.7  114.1  179.2 -164.5    nan  1.101  110.7  3.817  5.310   65.8   80.0
I  -72.9  -33.3  106.8 -179.0  -80.3  156.3  1.097   95.4  3.807  5.491   60.3   82.7
N  -64.1  -49.8  108.2  176.7 -173.6    nan  1.061   93.9  3.698  5.508   70.1   85.5
M  -54.4  -48.9  114.7  179.5  -72.7    nan  1.147   97.3  3.824  5.455   63.2   82.9
V  -60.2  -53.2  107.8 -179.1  163.7  -71.5  1.063   94.9  3.816  5.319   66.4   79.5
F  -52.9  -23.7  109.8  179.5 -124.5    nan  0.948  116.3  3.697  5.143   74.3   79.8
Q  -98.0  -36.0  113.1 -178.4  167.2    nan  1.163   70.0  3.813  5.186   34.0   66.9
M -140.0   27.1  112.8 -177.8   50.4    nan  1.237   55.4  3.776  4.817  -12.9   15.7
G   68.4  179.4  114.8  178.2    nan    nan    nan   68.2  3.758    nan    nan  -93.7
E  -77.5  -44.8  110.9  179.9 -113.8    nan  0.966   84.7  3.745    nan    nan  -73.8
T  -60.7  -35.0  109.0 -178.1  -25.5 -146.9  1.116  103.7  3.716  5.109   60.7   83.0
G  -57.1  -78.1  107.1  177.7    nan    nan    nan   82.5  3.764    nan    nan   91.3
V  -35.7  -43.1  114.4  178.5  179.3  -57.0  1.088  115.3  3.772    nan    nan   73.3
A  -67.1  -20.2  115.9 -176.7    nan    nan  1.165  103.1  3.839  5.253   55.9   82.0
G  -85.8   -8.3  116.1  178.6    nan    nan    nan   90.6  3.748    nan    nan   82.8
F  -80.8   58.4  108.5 -179.3  -77.7    nan  1.010  110.5  3.874    nan    nan   96.7
T  -36.2  -67.4  116.3 -178.0  -47.9 -172.6  1.094   93.9  3.849  6.155 -154.5 -157.8
N  -58.0  -46.5  111.8 -179.5  -74.4    nan  0.994   97.9  3.799  4.966   60.7   66.5
S  -70.6  -19.9  112.9 -177.0  -85.8    nan  1.222  100.8  3.727  5.002   44.3   74.4
L  -79.3  -53.5  108.3  178.2  -80.1    nan  1.160   82.1  3.799  5.711   67.8   85.7
R  -46.2  -41.2  110.8  176.4  -73.2    nan  0.978  110.6  3.820  5.619   88.6   83.7
M  -67.3  -48.4  111.8 -176.6  -58.9    nan  1.145   90.0  3.699  5.046   59.4   82.4
L  -55.7  -36.7  109.1  177.9  -94.3    nan  0.988  106.9  3.773  5.327   76.6   81.1
Q  -70.7  -43.0  111.1  178.1 -170.6    nan  1.051   90.6  3.801  5.178   60.1   77.1
Q  -82.8   12.5  111.2  178.4  -31.2    nan  1.051  101.5  3.856  5.402   45.6   61.5
K   49.4   49.8  112.7 -179.3  -59.7    nan  1.161  101.3  3.799  5.598 -124.1 -121.8
R -104.7   58.6  110.5  177.4 -114.6    nan  1.151   99.1  3.785  6.033  117.1  122.9
W  -40.5  -41.8  116.5 -179.1  -51.3    nan  1.101  112.0  3.792  6.155 -152.7 -163.4
D  -81.7  -48.0  113.3 -178.1  -87.8    nan  1.107   78.8  3.823  5.227   46.8   68.8
A  -48.9  -57.8  106.0  179.3    nan    nan  0.945  100.0  3.758  5.234   84.8   89.1
A  -54.9  -44.5  115.1  179.1    nan    nan  1.079   99.6  3.715  4.725   52.7   73.4
A  -65.4  -41.8  108.1  179.2    nan    nan  1.070   97.0  3.814  5.363   58.1   77.4
A  -55.3  -54.5  108.3  179.0    nan    nan  1.035   96.9  3.774  5.530   80.5   87.8
A  -37.4  -57.8  117.7 -178.5    nan    nan  1.109  100.6  3.796  5.096   83.7   95.6
L  -70.5    0.2  112.4 -178.3  -77.4    nan  1.020  109.5  3.757  4.851   49.7   64.5
A  -91.0  -21.8  109.9 -179.8    nan    nan  1.022   81.8  3.824  5.667   74.8   94.3
A  -87.2  -22.0  114.5 -179.5    nan    nan  1.196   83.7  3.786  5.282   49.3   78.4
A  -77.2  133.2  117.5  177.1    nan    nan  1.158  100.1  3.882  5.650   69.6   87.2
A  -33.2  -35.2  114.4 -177.0    nan    nan  1.108  123.6  3.894  5.509  -64.6  -88.3
W  -45.9  -48.1  108.8  179.2  169.2    nan  1.033  107.0  3.741  5.431   93.0  103.9
A  -64.8  -30.3  110.9 -178.4    nan    nan  1.097  101.9  3.735  5.112   52.4   75.6
A  -69.4  -64.7  108.1  177.4    nan    nan  1.038   83.5  3.744  5.574   70.0   84.7
A  -46.4  -47.3  118.2 -177.7    nan    nan  1.201  102.5  3.755  5.057   59.2   79.6
T -121.6   14.8  116.3 -176.1   23.7 -101.5  1.100   65.8  3.818  4.944    7.7   28.2
P   -4.3  -39.0  117.8 -177.3    1.8    nan  1.075  138.8  3.839  5.936 -170.5 -168.3
N  -71.3  -49.2  117.3 -179.7 -105.1    nan  1.219   83.1  3.730  5.251   47.7   81.8
R  -77.9  -24.4  109.2 -179.9  176.5    nan  1.080   93.4  3.861  5.296   46.5   62.8
A  -69.8  -23.7  111.2  176.0    nan    nan  1.048  100.4  3.767  5.646   74.8   89.4
K  -78.9  -46.2  111.2 -178.8  -61.5    nan  1.125   82.9  3.778  5.374   61.5   85.5
R  -61.9  -32.8  111.8 -178.8  -89.1    nan  1.037  102.7  3.779  5.333   69.4   80.3
V  -78.9  -32.9  110.4  179.3  132.8 -107.0  1.084   88.6  3.777  5.229   54.9   74.9
I  -76.9  -30.2  111.8  179.3  -83.5  156.5  1.061   90.8  3.792  5.399   60.8   77.0
T  -69.1  -39.8  110.0  179.8  -50.0 -172.0  1.093   94.0  3.764  5.455   68.8   87.5
T  -58.0  -41.9  113.4 -178.4  -59.4  178.1  1.127   99.7  3.787  5.324   70.7   90.0
F  -71.3  -26.7  110.4  177.8  -82.0    nan  0.941   97.9  3.781  5.392   67.8   73.1
R  -78.7  -48.3  109.9 -178.3 -132.1    nan  1.073   83.2  3.737  5.114   59.1   82.1
T  -99.0  -32.3  115.1 -176.7   93.0  -24.8  1.118   69.2  3.699  4.797   19.5   46.1
G   82.7    8.3  106.6 -176.9    nan    nan    nan   94.9  3.803    nan    nan -128.2
T -110.9  160.8  115.7 -178.5   47.8  -73.3  1.212  118.1  3.729    nan    nan   86.8
W  -78.1    1.0  111.7 -179.0  -77.1    nan  1.122  102.3  3.813  5.413  -87.2  -98.7
D  -36.8  -61.3  117.6  179.0  -92.9    nan  1.104   98.1  3.731  5.867  139.1  146.3
A  -69.3   21.5  115.4 -178.7    nan    nan  1.179  118.4  3.803  5.128   36.0   63.4
Y -143.8  -13.1  109.1 -179.8  -75.1    nan  0.980   33.9  3.770  5.520   59.1   61.6
K  -81.2    nan  111.0 -175.6   83.3    nan  1.087    nan  3.701  5.306   74.0   95.3
