Id   phi    psi    tau  omega    chi    chi2  solid    eta  CA-CA  CB-CB  BA^AB  NA^AC
M    nan  132.8  119.4    nan -107.9    nan  1.511    nan    nan    nan    nan    nan
N -160.9  136.8  110.1 -177.4   68.7    nan  1.045  140.0  3.686  5.398 -170.1  134.0
I  -18.1  -40.3  117.4 -179.2 -166.1   69.7  1.174  129.3  3.818  5.367  -54.4  -68.8
F  -76.7  -34.8  115.2 -176.3  166.2    nan  1.150   87.3  3.875  5.340   55.9   76.8
E  -76.7  -27.1  112.1  179.1  -77.1    nan  1.068   92.2  3.775  5.328   60.8   76.1
M  -71.0  -32.1  109.8  177.8  175.4    nan  1.077   96.0  3.870  5.558   68.4   85.5
L  -92.1  -31.2  110.5  177.5  -75.3    nan  1.230   77.7  3.776  5.229   30.1   62.0
R  -54.7  -35.0  109.4  176.1  162.8    nan  1.073  108.5  3.811  5.898   90.4   96.4
I  -82.1  -44.6  112.5  179.6  -97.1  139.4  1.083   80.3  3.813  5.252   53.0   69.9
D  -73.9  -43.6  116.1 -177.6  -74.3    nan  1.157   84.8  3.807  5.244   48.6   73.2
E  -93.4  -65.3  108.3  179.3  -66.4    nan  1.075   72.0  3.796  5.191   35.4   51.8
G  124.6  166.5  109.0  179.5    nan    nan    nan  119.4  3.786    nan    nan -120.9
L -127.7  116.8  115.9 -178.3  156.3    nan  1.172  125.7  3.760    nan    nan -132.1
R -109.4  133.4  107.8 -179.8  -32.5    nan  1.045  116.0  3.701  5.822 -165.4 -176.5
L -100.5  -23.7  112.3  179.4  -39.5    nan  1.041   71.5  3.820  5.890 -140.6 -148.8
K  -95.9  133.8  106.8  179.9 -131.0    nan  0.981  106.2  3.772  5.229   52.3   67.0
I  -36.3  143.3  111.5  179.8  -51.8 -175.3  1.100   59.0  3.827  5.619  -78.5  -87.4
Y -151.6  168.6  113.1  178.9   72.5    nan  1.274  154.0  3.804  5.680  159.9  171.0
K -102.5  141.6  109.2 -179.7  -67.5    nan  1.095  111.7  3.729  5.360 -104.2 -110.6
D  -93.2 -159.6  112.3  178.5   66.2    nan  1.173   85.4  3.671  5.751 -139.3 -128.6
T  -68.4  -21.7  112.2 -179.5   40.0  -77.9  1.076  102.3  3.719  4.665  -42.0  -37.7
E -116.5   39.3  110.5 -178.9  -78.0    nan  1.050   81.5  3.810  5.287   26.7   49.1
G   65.1  -33.1  116.8  177.8    nan    nan    nan  125.2  3.802    nan    nan  -85.1
Y  -42.0  141.5  117.8 -179.6  -65.2    nan  1.047   67.2  3.786    nan    nan  112.5
Y  -72.8  130.0  111.4  176.0  -75.4    nan  1.062   94.4  3.768  5.606 -111.1 -119.2
T -141.7  158.6  112.6  179.8  -42.3 -166.2  1.065  144.9  3.744  5.676  172.5  163.9
I -151.0  160.0  110.9 -179.5 -140.5   87.4  1.091  151.7  3.741  5.366 -172.2 -175.6
G   67.5 -117.1  114.8  178.9    nan    nan    nan   99.8  3.797    nan    nan   36.9
I -118.1   69.4  106.4  178.6  -48.2 -171.7  1.099   93.9  3.786    nan    nan  -40.4
G   68.9   38.9  113.9  179.5    nan    nan    nan   92.4  3.758    nan    nan  -51.1
H  -83.6   99.2  109.5  178.8 -166.2    nan  1.073  108.1  3.799    nan    nan  136.3
L  -58.3  140.9  103.9  179.7  168.3    nan  1.005   73.8  3.756  5.990 -125.8 -145.2
L -106.0  -44.6  111.1 -179.7  -94.9    nan  1.116   63.9  3.743  5.791 -148.7 -143.1
T -171.8  154.8  112.9  179.9  178.1   53.4  1.031  156.8  3.798  4.649  -43.2  -31.7
K -101.5   19.6  116.5  176.5   -5.5    nan  1.253   87.6  3.855  5.861 -144.6 -125.2
S -101.2  132.8  109.4  175.3   22.6    nan  1.083  111.8  3.845  5.920   97.3   98.2
P  -69.8   50.1  112.4 -176.4    6.7    nan  0.975  119.7  3.838  5.593  -99.0 -118.7
S -129.3  112.7  109.3 -179.0  154.8    nan  0.992  118.7  3.720  5.605   89.6  102.7
L  -65.1  -30.7  110.0 -179.6  149.4    nan  1.183  101.7  3.688  5.926 -142.8 -133.8
N  -60.5  -35.6  109.3 -179.8  175.7    nan  1.029  103.4  3.782  5.612   84.3   94.2
A  -69.8  -55.2  111.8  179.9    nan    nan  1.224   84.9  3.781  5.454   48.9   81.9
A  -49.0  -46.0  110.2  178.7    nan    nan  1.037  105.6  3.814  5.506   83.3   82.5
K  -50.4  -48.4  114.9 -179.3 -114.6    nan  1.183  100.4  3.764  5.117   69.2   91.2
S  -67.9  -43.2  110.2  178.4   92.4    nan  0.933   93.1  3.879  5.439   68.8   71.0
E  -58.2  -36.3  107.8 -179.9  -95.9    nan  1.030  105.8  3.760  4.984   68.9   84.3
L  -73.1  -54.3  111.3  178.0  174.4    nan  1.150   83.6  3.737  5.391   52.2   76.2
D  -54.0  -34.3  111.4 -179.1  -60.8    nan  1.082  108.6  3.820  5.381   71.7   80.4
K  -70.9  -48.9  111.5  178.2  -91.8    nan  1.025   87.4  3.766  5.400   69.3   80.7
A  -62.2  -35.8  111.5 -178.7    nan    nan  1.066  100.9  3.820  5.186   62.4   77.9
I -104.2   -6.1  114.0 -179.2   89.4  -32.1  1.236   73.4  3.775  5.047   15.8   50.9
G   85.6   16.7  121.9  174.5    nan    nan    nan   85.6  3.783    nan    nan -114.4
R -169.6  163.1  117.9  179.4   44.8    nan  1.108  164.9  3.815    nan    nan   27.7
N  -55.9  102.4  105.1  174.3   21.6    nan  1.017   95.1  3.772  5.211  -65.8  -78.5
C -108.0  -47.0  110.2  178.6  -50.3    nan  0.978   63.2  3.819  6.139 -170.8  170.2
N   71.0   39.6  110.6 -178.5 -146.1    nan  1.101   92.2  3.717  5.183 -157.9 -156.1
G   77.2    8.4  115.1  179.1    nan    nan    nan   99.2  3.805    nan    nan  -72.5
V -125.9  139.4  110.1  179.2 -158.0  -42.8  1.165  128.8  3.742    nan    nan   68.6
I -130.0  178.4  108.4  179.0   55.0  -69.6  1.031  130.5  3.721  5.676 -159.3 -173.8
T -100.9  172.3  109.2  178.2   85.2  -33.3  1.038  103.4  3.724  5.064 -104.1  -99.2
K  -69.7  -30.3  114.9 -177.9 -149.2    nan  1.173   95.7  3.860  5.431  -82.4  -72.7
D  -70.7  -49.5  105.6  175.9  -91.0    nan  0.992   91.2  3.798  5.583   73.6   81.7
E  -50.3  -39.6  111.9  177.9  -95.5    nan  1.112  108.0  3.836  5.274   65.9   84.0
A  -75.4  -18.6  113.4  176.4    nan    nan  1.072   96.7  3.810  5.389   54.7   71.0
E  -79.5  -37.8  109.7  178.8  159.8    nan  1.080   86.6  3.882  5.646   67.9   87.3
K  -64.4  -34.9  110.4 -179.3  129.6    nan  1.016  100.0  3.803  5.443   76.5   84.7
L  -71.3  -40.2  106.6  178.2  -83.6    nan  0.987   94.0  3.719  5.242   69.0   78.2
F  -58.0  -53.5  111.4  178.8  177.3    nan  1.079   93.8  3.795  5.307   71.9   86.2
N  -58.6  -45.5  111.6  178.4  -58.4    nan  1.124   98.1  3.830  5.280   59.0   74.8
Q  -93.1   74.2  105.1  176.5   16.0    nan  1.030  103.6  3.795  5.416   33.2   47.1
D -175.1  -29.4  105.5 -177.0 -106.9    nan  0.993   28.5  3.718  5.501   89.5   76.4
V  -84.5  -25.8  105.3  176.4  158.7  -79.0  0.962   88.4  3.744  5.279   56.6   67.8
D  -78.2  -38.1  110.4 -179.8  -68.9    nan  1.171   87.2  3.764  5.297   53.1   81.8
A  -70.3  -27.7  112.3  176.5    nan    nan  1.009   97.6  3.734  5.516   72.2   76.9
A  -75.7  -48.3  112.0 -176.5    nan    nan  1.097   83.9  3.791  5.241   63.8   86.5
V  -64.6  -48.0  109.6  179.3  168.1  -68.6  0.955   93.5  3.760  5.215   68.4   74.0
R  -50.0  -40.4  106.3 -177.9  -83.6    nan  1.047  110.5  3.711  5.018   72.3   89.3
G  -72.8  -39.0  111.7  179.0    nan    nan    nan   90.4  3.733    nan    nan   71.8
I  -64.0  -56.9  111.5  179.1  -87.2  146.9  1.137   87.8  3.862    nan    nan   83.2
L  -55.0  -42.4  107.8  178.5  -59.5    nan  0.994  104.8  3.779  5.362   72.0   74.6
R  -53.8  -32.7  112.6 -179.3  -88.2    nan  1.235  109.2  3.779  5.178   61.6   89.9
N  -72.8  148.8  113.1  178.0 -171.9    nan  1.074   86.7  3.796  5.621   69.9   80.4
A  -82.4  -39.2  113.6 -180.0    nan    nan  1.026   81.5  3.812  5.497 -103.2 -117.3
K  -85.8  -35.4  112.5 -178.7  -63.5    nan  1.066   80.7  3.745  5.009   44.8   65.7
L  -81.1  -42.0  113.7 -178.4  -67.9    nan  1.189   81.3  3.691  5.106   43.8   74.0
K  -36.8  -66.7  115.4 -176.8 -167.6    nan  1.246   94.6  3.822  5.679   91.5  110.7
P  -43.8  -58.9  114.3  176.7   -1.0    nan  1.043   97.4  3.809  5.237   74.2   77.2
V  -49.6  -42.2  111.2  178.0  162.0  -75.9  0.986  107.2  3.831  5.183   68.8   78.9
Y  -66.7  -40.5  112.5 -179.6 -167.6    nan  1.137   94.1  3.769  5.171   55.9   79.4
D  -77.6   -7.7  117.5 -179.1  -30.1    nan  1.322   98.8  3.763  5.333   38.7   74.1
S  -80.1  -52.9  108.5  176.3  135.0    nan  1.021   81.6  3.918  6.073   97.0   93.8
L  -52.0  135.4  116.7  179.5  -57.3    nan  1.140   79.1  3.740  5.053   66.2   82.2
D  -72.7 -177.5  107.3  176.1   40.7    nan  0.991   72.0  3.731  5.578 -105.1 -127.4
A  -50.0  -68.1  114.5 -179.3    nan    nan  1.164   86.8  3.772  5.118  -50.6  -42.6
V  -51.6  -51.2  115.7 -177.7 -176.2  -55.5  1.225   97.2  3.828  5.194   54.7   73.4
R  -60.2  -34.8  109.0  179.3  -45.5    nan  1.145  104.3  3.769  5.482   65.0   77.0
R  -53.1  -35.6  109.5  176.3  -59.1    nan  1.104  109.4  3.779  5.727   87.2   94.8
C  -74.0  -11.0  111.8  178.8  -15.2    nan  1.180  101.7  3.791  5.488   55.5   77.3
A  -88.8  -36.8  106.7  176.2    nan    nan  1.033   81.0  3.734  5.695   74.0   83.7
L  -60.5  -39.1  109.3 -178.5 -155.2    nan  1.153  101.6  3.804  5.567   69.1   89.4
I  -69.5  -42.4  112.5 -179.3  -92.0  143.9  1.093   91.0  3.685  5.297   67.4   79.6
N  -58.2  -29.2  109.2  178.9  178.2    nan  1.085  108.9  3.804  5.466   70.1   85.4
M  -77.0  -46.3  111.3  178.6  -89.9    nan  1.091   84.2  3.805  5.540   62.2   79.5
V  -62.4  -36.2  109.1  179.5   75.0 -162.9  1.050  101.7  3.725  5.240   66.2   78.4
F  -66.1  -26.8  110.7 -179.7 -122.1    nan  0.985  102.5  3.765  5.382   74.0   84.2
Q  -97.5  -26.8  115.3 -177.9  162.6    nan  1.083   72.1  3.752  5.031   41.8   66.8
M -142.8   24.3  111.0 -178.6   52.9    nan  1.020   50.5  3.798  4.846    1.2   20.0
G   51.1  166.7  114.7  177.9    nan    nan    nan   46.7  3.741    nan    nan -111.5
E  -40.4  -82.7  109.7  179.1  -55.3    nan  1.070   83.1  3.768    nan    nan  -57.2
T  -27.0  -35.2  116.0 -179.5  -45.1 -170.1  1.139  127.8  3.801  4.972   68.7   79.9
G  -83.5  -48.0  113.1 -179.7    nan    nan    nan   77.6  3.832    nan    nan   70.8
V  -53.1  -59.4  109.4  179.2  161.1  -76.7  1.148   94.4  3.772    nan    nan   85.7
A  -49.1  -16.0  113.7 -179.1    nan    nan  1.080  123.1  3.799  5.334   72.0   80.3
G  -67.2   -7.7  113.9 -178.2    nan    nan    nan  109.5  3.798    nan    nan  103.8
F -104.5   59.1  112.3 -178.8  -64.9    nan  1.049  100.8  3.802    nan    nan   74.6
T  -34.4  -81.5  114.2  180.0  -21.8 -148.6  1.041   83.9  3.872  6.204 -147.7 -158.1
N  -48.0  -42.5  112.5 -178.5  -33.0    nan  1.090  107.6  3.813  4.715   48.8   63.8
S  -60.7  -38.9  111.4 -179.3 -105.3    nan  1.066  100.4  3.804  5.419   72.6   84.9
L  -77.8  -23.4  111.6 -179.2  -51.8    nan  1.167   92.9  3.728  5.194   48.8   72.0
R  -72.9  -44.8  106.8  178.6  -79.2    nan  0.978   90.8  3.776  5.722   85.6   88.3
M  -54.4  -58.5  112.4 -178.3  -62.3    nan  1.120   92.3  3.694  5.017   67.5   87.9
L  -54.6  -38.6  109.3  178.9  -75.0    nan  0.948  106.5  3.753  5.290   70.7   74.4
Q  -66.9  -35.8  110.7 -177.9 -148.7    nan  0.996   97.3  3.778  5.152   69.7   82.6
Q  -82.1   -2.1  111.6 -179.4  -64.8    nan  1.021   97.1  3.759  5.092   54.0   70.0
K   60.6   49.3  109.7  179.5  -16.7    nan  1.159   95.6  3.801  5.588 -135.6 -125.2
R -113.8   55.1  108.7  179.1 -105.7    nan  1.021   90.6  3.749  5.993  119.1  114.2
W  -39.8  -54.5  117.1  178.4  -46.2    nan  1.116  102.1  3.860  6.215 -166.8 -166.9
D  -66.9  -41.2  116.7 -178.8  -90.7    nan  1.268   91.3  3.826  5.087   41.6   71.5
A  -66.6  -40.8  107.0  179.9    nan    nan  1.052   97.2  3.764  5.559   72.7   80.0
A  -73.7   -9.5  111.6  179.8    nan    nan  1.072  102.6  3.744  5.238   55.4   72.0
A  -84.6  -42.6  106.0  175.9    nan    nan  0.976   83.4  3.752  5.598   77.6   88.1
A  -49.7  -74.6  104.4  176.9    nan    nan  0.882   89.4  3.747  5.161   84.8   88.9
A  -27.7  -64.7  116.8  177.8    nan    nan  1.023  100.9  3.767  4.648   70.8   82.1
L  -53.7  -40.6  114.3 -178.6  -70.3    nan  1.099  103.5  3.765  4.899   54.9   74.4
A  -63.5  -15.6  114.9 -177.7    nan    nan  1.286  109.2  3.799  5.290   54.1   86.8
A  -67.8  -49.4  105.7  175.1    nan    nan  0.997   93.1  3.774  5.961   99.1   97.7
A  -22.8  136.2  117.6 -179.8    nan    nan  1.137   57.2  3.822  5.333   99.5  112.1
A  -70.2   -1.7  110.1  178.9    nan    nan  1.220  109.2  3.811  5.817 -120.8 -118.8
W  -72.8  -47.8  108.9  178.3  165.3    nan  1.036   88.3  3.823  5.955  100.1  107.4
A  -61.8  -34.9  108.6  176.3    nan    nan  1.028  103.1  3.711  5.246   60.1   74.5
A  -73.5  -27.7  112.7 -178.6    nan    nan  1.115   94.6  3.831  5.332   54.8   79.8
A  -76.6  -76.8  106.5  177.8    nan    nan  0.979   77.5  3.752  5.478   70.0   79.9
T -106.9   97.7  107.7  175.8   39.2  -81.7  1.037  109.1  3.728  4.678  -18.1    3.5
P  -83.9  -21.8  115.2 -177.7   10.3    nan  1.110   86.7  3.818  6.060 -163.8 -165.0
N  -86.7  -41.2  113.0  179.7  -66.6    nan  1.252   77.7  3.728  5.382   44.4   81.4
R  -64.7  -41.2  109.7  178.7 -173.0    nan  1.102   96.9  3.765  5.575   68.4   80.5
A  -66.3  -27.6  114.4 -179.2    nan    nan  1.103  100.4  3.801  5.359   64.2   81.0
K  -69.3  -55.2  107.1  178.7  -77.6    nan  1.006   88.6  3.766  5.573   79.1   88.4
R  -44.5  -41.7  112.1 -178.8  -95.2    nan  1.132  110.9  3.744  5.051   70.3   87.4
V  -73.5  -45.9  109.1  179.5  167.1  -68.8  1.056   88.4  3.822  5.496   58.0   72.1
I  -53.7  -44.6  110.3 -179.2  -58.0 -175.6  1.186  103.0  3.784  5.393   67.6   87.5
T  -57.4  -52.3  107.6  179.7  -71.9  165.1  1.059   97.3  3.739  5.409   73.4   83.8
T  -54.6  -38.8  115.0  179.9  -67.2  176.8  1.237  103.7  3.742  5.214   51.4   80.7
F  -70.3  -45.2  107.5  175.6  -85.9    nan  0.966   92.1  3.789  5.650   75.7   75.0
R  -51.2  -67.7  111.9  179.4 -131.5    nan  1.068   88.2  3.731  5.156   77.0   89.2
T  -79.1  -15.7  121.5 -176.9   65.2  -56.2  1.177   92.4  3.861  4.823   23.7   48.7
G   57.9   20.7  109.0 -177.0    nan    nan    nan  113.6  3.833    nan    nan -136.9
T -129.6  152.7  116.1 -178.5   68.7  -47.6  1.144  136.2  3.831    nan    nan   76.8
W  -81.9   52.8  109.7  179.1  -68.1    nan  1.058  110.5  3.798  5.550 -100.9 -113.5
D  -86.1  -47.4  113.4 -177.5 -101.2    nan  1.170   75.8  3.767  6.097  135.8  152.5
A  -67.4    7.4  113.3 -177.3    nan    nan  1.149  115.4  3.697  5.127   58.2   76.5
Y -135.8  -22.2  111.8 -178.5  -69.8    nan  1.054   40.4  3.755  5.400   42.8   59.2
K  -58.6    nan  116.1 -173.6   44.2    nan  1.215    nan  3.700  5.440   84.2  111.4
