Id   phi    psi    tau  omega    chi    chi2  solid    eta  CA-CA  CB-CB  BA^AB  NA^AC
M    nan  136.2  119.5    nan -114.8    nan  1.448    nan    nan    nan    nan    nan
N -149.1  164.4  110.4 -177.5   71.3    nan  1.062  151.0  3.623  5.412 -160.8  151.5
I  -58.1  -30.5  111.4  178.8 -175.4   68.4  1.057  107.4  3.731  5.142  -66.4  -75.1
F  -70.7  -46.8  112.0 -179.1  176.8    nan  1.146   88.3  3.849  5.538   64.9   87.2
E  -60.0  -42.2  111.5  176.3 -104.6    nan  0.994   99.0  3.760  5.277   74.9   77.5
M  -51.2  -59.3  110.6 -179.3 -172.5    nan  1.143   94.8  3.798  5.294   72.0   93.7
L  -74.5   -7.6  113.7 -178.9  -74.6    nan  1.112  102.4  3.864  5.157   40.1   56.7
R  -67.0  -53.3  104.6  177.0 -161.6    nan  0.928   92.7  3.740  5.724  103.5  106.4
I  -72.2  -39.3  113.5 -179.1  -74.6  159.9  1.059   89.8  3.707  4.696   40.8   61.5
D  -78.5  -64.4  114.3 -176.4  -76.0    nan  1.290   73.9  3.728  5.188   34.2   75.4
E  -67.4  -55.8  112.4  179.6  -64.3    nan  0.995   85.7  3.825  5.347   59.4   58.9
G  115.5  179.2  105.3 -177.4    nan    nan    nan  115.3  3.735    nan    nan -115.7
L -134.5  135.3  108.6  178.4  163.0    nan  1.096  131.2  3.755    nan    nan -131.1
R -125.3  135.4  111.3  179.4  -54.2    nan  1.016  128.3  3.809  5.696 -156.9 -176.1
L -102.3  -23.8  113.8  179.9  -69.2    nan  1.103   69.2  3.786  5.787 -150.4 -147.6
K -100.6  134.4  109.9  179.8 -154.2    nan  1.007  111.6  3.811  5.277   47.6   62.9
I  -44.8  142.8  110.2  179.4  -86.7  149.2  1.016   65.3  3.844  5.631  -79.3  -95.3
Y -160.6  147.3  109.6 -178.2   68.8    nan  0.999  148.7  3.789  5.556  168.6  158.7
K  -77.6  158.5  111.5  179.8  -64.8    nan  1.023   86.1  3.710  5.493 -106.1 -110.2
D -105.3 -172.1  111.9  173.6   70.1    nan  1.118  102.2  3.768  5.558 -137.2 -127.0
T  -50.8  -41.5  110.5 -179.2   58.8  -65.4  1.007  107.1  3.755  4.705  -29.7  -37.3
E  -91.5   22.5  109.2  178.9  -68.0    nan  1.200   95.9  3.723  4.936   20.7   54.1
G   63.6   -4.4  116.6  173.7    nan    nan    nan  118.3  3.746    nan    nan -104.7
Y  -58.3  148.6  113.5  179.6  -71.2    nan  1.064   74.2  3.743    nan    nan  121.4
Y  -71.4  134.1  108.0  177.1  -77.4    nan  1.047   89.3  3.787  5.584  -99.6 -108.0
T -144.3  153.3  115.5 -177.2  -67.1  171.2  1.083  147.0  3.714  5.571  174.3  170.4
I -151.1  155.0  110.5  178.5 -154.5   80.5  1.199  149.9  3.707  5.484  170.1 -178.9
G   67.0 -142.7  111.1 -179.2    nan    nan    nan   83.7  3.796    nan    nan   32.0
I  -84.9   52.2  111.2 -179.7  -41.6 -162.0  1.073  109.8  3.784    nan    nan  -34.4
G   82.4   48.6  114.9  179.1    nan    nan    nan   77.0  3.815    nan    nan  -56.4
H  -94.9  112.2  106.9  178.0  178.5    nan  1.015  107.5  3.748    nan    nan  132.5
L  -72.1  134.0  109.4 -179.9 -167.2    nan  1.070   90.8  3.779  5.982 -135.2 -142.0
L  -99.1  -46.1  113.0 -178.9  -70.8    nan  1.086   67.2  3.752  5.746 -141.6 -143.9
T -163.8  175.5  109.3 -178.0  179.4   60.2  1.125  164.7  3.781  4.739  -42.4  -22.4
K -124.5   -0.1  111.4  179.9  -51.0    nan  1.167   55.5  3.793  5.444 -133.4 -123.5
S  -82.7  147.5  107.2  176.6   61.3    nan  1.075   92.8  3.718  5.807   85.7   99.2
P  -66.1   -7.8  116.5 -179.2  -19.5    nan  1.097  110.2  3.765  5.519  -92.3  -96.7
S  -69.5  167.3  106.9 -178.9  133.9    nan  0.974   73.7  3.758  5.834  102.3  108.5
L -119.1  -21.1  101.7  175.2  149.1    nan  0.973   58.8  3.733  5.305 -132.6 -134.9
N  -62.0  -43.3  111.2  178.3  178.3    nan  1.069   97.0  3.720  5.620   86.1  100.1
A  -72.4  -57.5  110.5 -178.9    nan    nan  1.083   83.2  3.794  5.188   58.0   72.8
A  -44.3  -43.7  108.7 -179.9    nan    nan  1.071  111.2  3.782  5.249   73.8   85.2
K  -57.9  -62.6  107.7  176.0 -103.7    nan  1.086   90.9  3.748  5.365   64.9   81.2
S  -51.4  -38.3  112.6  179.7  149.6    nan  1.074  107.7  3.788  5.166   59.5   73.2
E  -61.4  -47.7  105.8  179.5  -96.3    nan  1.004   98.3  3.732  5.394   72.2   86.1
L  -52.2  -66.4  112.2  179.2  179.8    nan  1.051   88.4  3.734  5.242   72.3   85.3
D  -38.2  -41.1  113.2 -179.7  -76.2    nan  1.102  115.7  3.806  5.075   71.1   84.5
K  -72.0  -55.2  107.5  178.0  -46.0    nan  1.020   86.7  3.786  5.377   62.2   72.7
A  -42.4  -32.6  115.4 -179.3    nan    nan  1.067  117.8  3.800  5.072   78.1   89.3
I -112.1  -38.7  107.2 -179.0   80.9  -39.0  0.989   62.3  3.726  4.950   25.4   44.3
G   90.8   82.9  114.8 -178.6    nan    nan    nan   65.3  3.805    nan    nan -130.8
R  147.3  167.0  117.4  178.2   80.6    nan  1.115  139.9  3.864    nan    nan   35.4
N  -61.7   77.7  110.3  176.2   25.2    nan  1.055  113.6  3.747  4.912  -69.9  -78.3
C  -78.9  -50.2  112.6 -178.7  -76.2    nan  0.999   80.4  3.765  6.142 -174.1  179.7
N   72.4   35.2  110.4 -177.3 -146.3    nan  1.114   93.2  3.781  5.311 -163.2 -154.4
G   76.0   32.5  116.9  177.7    nan    nan    nan   88.1  3.815    nan    nan  -79.5
V -151.0  124.4  106.9  177.5 -157.0  -38.9  1.099  127.6  3.753    nan    nan   59.8
I -113.5 -157.5  115.1 -178.3   47.8  -74.7  1.139  102.7  3.799  5.963 -166.9 -165.3
T -125.2  143.2  114.3  176.7  115.8  -14.4  1.276  131.6  3.776  5.089 -118.1  -90.2
K  -41.3  -42.3  110.9 -178.3 -125.1    nan  1.028  113.4  3.810  5.235  -50.3  -85.5
D  -72.9  -46.0  106.3  179.0  -66.6    nan  1.036   90.6  3.680  5.197   54.9   71.0
E  -43.2  -47.6  108.5 -179.5  -97.8    nan  1.082  109.3  3.780  5.445   85.7   95.8
A  -63.6  -53.4  113.7  179.5    nan    nan  1.129   88.7  3.767  5.229   60.3   75.9
E  -43.2  -39.3  110.6 -180.0 -162.7    nan  1.031  114.3  3.780  5.305   84.2   91.2
K  -65.2  -50.9  111.2 -178.3  147.8    nan  1.048   90.5  3.809  5.197   66.2   82.9
L  -57.5  -55.0  105.8  177.3  -89.1    nan  0.947   96.9  3.690  5.133   70.1   76.2
F  -47.3  -54.5  111.4  179.6  173.9    nan  1.095  100.1  3.780  5.115   66.8   83.3
N  -50.6  -42.6  110.4  179.7  -79.5    nan  1.085  106.6  3.780  5.282   70.1   82.3
Q  -66.8  -29.0  113.0  178.4  -41.4    nan  1.140   99.8  3.779  5.399   58.1   77.1
D  -81.3  -35.2  113.1 -179.2  -46.9    nan  1.271   84.2  3.747  5.442   48.3   79.8
V  -58.2  -40.9  108.9  178.7  175.9  -66.3  1.049  102.6  3.836  5.765   90.3   91.8
D  -59.4  -50.7  108.2  176.8  -60.4    nan  1.046   96.6  3.732  5.262   72.0   82.9
A  -56.9  -41.0  113.2  178.0    nan    nan  1.033  101.3  3.743  5.221   66.6   78.3
A  -51.9  -60.5  110.2 -179.2    nan    nan  1.026   93.8  3.774  5.282   80.6   94.6
V  -55.7  -50.9  112.8 -177.9  159.2  -75.7  1.091   96.1  3.774  4.854   54.4   73.5
R  -52.9  -39.3  109.3 -179.6 -104.5    nan  1.075  107.4  3.779  5.312   70.0   84.1
G  -64.7  -54.3  111.7  179.0    nan    nan    nan   88.8  3.771    nan    nan   82.1
I  -45.1  -48.6  114.2 -179.3  -69.0  165.5  1.125  104.4  3.773    nan    nan   89.1
L  -67.7  -25.2  107.6  179.3  -35.5    nan  1.056  103.0  3.827  5.310   56.7   71.1
R  -81.2  -15.2  111.1  178.4 -101.1    nan  1.139   93.1  3.805  5.435   54.8   78.5
N  -92.9  123.0  109.7  177.9 -168.1    nan  1.018  108.0  3.774  5.541   62.4   76.6
A  -77.6  -10.3  117.5 -177.9    nan    nan  1.221   97.5  3.766  5.923 -142.9 -132.6
K  -97.9  -26.9  107.6  177.3  -19.9    nan  1.061   75.0  3.806  5.676   63.8   76.1
L  -80.1  -58.0  112.3  178.4  -87.4    nan  1.100   76.9  3.809  5.454   60.4   78.4
K  -32.5  -60.1  115.5  179.1 -135.0    nan  1.146  102.7  3.862  5.362   84.6   96.4
P  -58.2  -32.1  113.1  179.9    8.1    nan  1.014  105.6  3.791  5.178   65.1   72.2
V  -78.9  -42.6  110.8  178.9  170.0  -70.8  1.155   84.6  3.742  5.295   46.0   77.1
Y  -50.3  -57.2  110.8  178.0 -170.7    nan  1.064   96.6  3.819  5.532   83.6   91.6
D  -47.6  -48.7  113.6 -179.9  -65.0    nan  1.125  102.9  3.796  5.247   67.4   83.3
S  -65.3  -16.1  114.2  177.7  116.4    nan  1.039  107.3  3.817  5.388   65.6   73.5
L  -83.4  138.0  114.8 -176.3  -63.3    nan  1.146  101.2  3.783  5.378   66.8   91.9
D  -73.3  175.8  108.9  177.8   32.1    nan  1.075   74.7  3.758  5.669 -108.3 -120.4
A  -61.2  -26.6  121.2 -173.9    nan    nan  1.371  103.1  3.768  5.177  -75.4  -57.1
V  -98.0  -15.1  110.4  178.5  157.4  -83.1  1.225   77.1  3.792  5.551   44.5   63.9
R  -84.2  -31.2  107.8  173.8  -60.5    nan  1.049   85.9  3.786  5.824   74.3   81.7
R  -66.9  -28.9  107.1 -179.5  -24.2    nan  1.033  102.3  3.854  5.671   77.8   87.6
C  -62.3  -41.6  112.0  176.9  -91.6    nan  1.020   97.4  3.676  5.275   83.3   91.7
A  -67.5  -56.0  108.5  178.5    nan    nan  1.092   88.3  3.784  5.320   55.4   77.1
L  -42.3  -51.2  113.8  178.3 -153.6    nan  1.122  104.6  3.801  5.351   76.5   87.3
I  -57.6  -50.5  109.6  177.4  -77.6  157.6  1.066   97.0  3.792  5.369   66.0   77.3
N  -47.1  -44.1  111.8  178.1 -169.9    nan  1.151  107.4  3.799  5.388   70.7   87.6
M  -63.1  -59.9  107.8  178.3  -77.6    nan  1.019   89.5  3.808  5.560   72.7   78.5
V  -47.3  -45.6  111.0  179.1  127.0 -112.2  1.064  106.7  3.821  5.100   66.6   78.9
F  -59.3  -31.1  110.5  177.8 -124.8    nan  0.922  106.3  3.802  5.371   77.1   80.5
Q  -86.3  -46.0  111.9 -177.4  166.6    nan  1.080   77.2  3.749  5.063   45.4   72.9
M -123.8   24.8  114.1 -175.4  100.6    nan  1.092   68.7  3.678  4.581    0.2   25.4
G   58.8  167.1  118.0 -179.7    nan    nan    nan   53.5  3.788    nan    nan -103.7
E  -50.6  -57.4  114.7  179.1  -69.8    nan  1.052   94.0  3.831    nan    nan  -65.7
T  -60.0  -43.4  111.9 -179.4  -52.8 -175.3  0.960   98.2  3.789  5.053   67.6   72.9
G  -51.1  -48.2  110.2 -178.6    nan    nan    nan  102.6  3.738    nan    nan   93.1
V  -69.3  -49.8  111.9 -178.5  173.6  -62.8  1.123   87.9  3.712    nan    nan   71.7
A  -49.8  -15.1  113.9 -177.6    nan    nan  1.078  122.9  3.809  5.319   76.1   90.0
G  -82.3  -12.7  114.9 -177.5    nan    nan    nan   92.3  3.740    nan    nan   92.1
F  -82.3   33.3  115.5 -178.9  -71.2    nan  1.110  110.3  3.805    nan    nan   93.9
T  -12.2  -66.8  118.2  177.5  -55.2  179.8  1.089  107.0  3.878  6.031 -160.7 -163.5
N  -62.6  -40.1  111.8 -178.8  -60.8    nan  1.072   98.1  3.820  5.037   44.0   63.9
S  -62.7  -45.4  114.0 -179.2 -145.4    nan  1.060   93.7  3.778  5.249   71.0   85.1
L  -62.5  -54.2  107.4 -179.9  -63.3    nan  1.162   93.1  3.760  5.276   54.3   79.7
R  -40.0  -59.7  110.7  178.2  -51.8    nan  1.114  101.0  3.806  5.538   80.4   90.0
M  -56.2  -22.8  110.5  177.8  -62.6    nan  1.074  113.6  3.806  5.413   62.9   70.7
L  -81.0  -33.7  110.4 -179.2  -77.6    nan  1.116   86.5  3.832  5.527   64.5   83.7
Q  -74.5  -42.3  109.7  177.3 -137.3    nan  1.078   88.8  3.762  5.479   62.2   76.5
Q  -72.8    7.9  110.2  177.2  -33.0    nan  1.041  109.8  3.800  5.424   59.7   70.4
K   50.5   36.2  112.2  179.4  -34.2    nan  1.143  109.9  3.817  5.616 -130.0 -126.1
R  -81.4   25.3  114.4 -178.4 -123.7    nan  1.088  108.1  3.860  6.160  129.3  137.6
W   -8.5  -25.1  120.1 -178.6  -53.3    nan  1.163  149.8  3.856  6.093 -169.8 -163.6
D -101.0  -45.6  117.0 -178.0  -98.9    nan  1.371   63.1  3.861  5.271   25.9   67.4
A  -75.1  -23.4  108.7  178.4    nan    nan  1.002   96.5  3.798  5.620   70.6   67.4
A  -72.3  -45.3  111.5 -179.4    nan    nan  1.099   88.1  3.722  5.358   71.5   91.4
A  -64.0  -49.4  107.8  179.0    nan    nan  1.001   94.4  3.832  5.272   67.2   76.4
A  -56.9  -60.0  108.7  176.8    nan    nan  1.105   92.3  3.741  5.144   57.0   77.4
A  -47.7  -43.2  113.6  179.4    nan    nan  1.140  106.7  3.845  5.409   64.1   79.5
L  -55.7  -38.6  113.4  179.0  -73.2    nan  1.119  103.7  3.820  5.435   74.3   88.3
A  -50.4  -47.5  110.9  177.1    nan    nan  0.955  103.2  3.789  5.446   91.4   95.3
A  -63.4   23.9  113.7 -178.6    nan    nan  1.107  123.7  3.797  4.986   52.6   78.2
A -103.8  175.0  113.6 -179.8    nan    nan  1.089  105.7  3.822  5.865   89.5  106.0
A  -70.8  -55.6  102.8  177.4    nan    nan  0.898   90.7  3.755  4.867  -63.5  -76.3
W  -30.7  -55.8  113.1  176.3  169.1    nan  1.085  108.5  3.732  4.905   76.7   94.5
A  -58.0  -38.5  109.5 -179.9    nan    nan  1.018  103.9  3.796  5.207   60.7   74.8
A  -66.7  -56.4  109.2 -179.2    nan    nan  1.052   88.1  3.764  5.264   62.8   82.0
A  -44.2  -68.8  114.3  178.6    nan    nan  0.947   89.5  3.761  5.116   82.4   85.5
T -118.0   78.4  111.0 -176.9   16.2 -104.6  1.035  102.4  3.793  4.283  -18.2    7.5
P  -61.0  -48.5  119.4 -178.2  -15.5    nan  1.089   89.9  3.843  6.150 -160.9 -162.9
N  -70.9  -37.1  113.7 -176.7  -74.8    nan  1.122   91.8  3.761  5.045   47.4   74.8
R  -72.5  -49.9  109.9  179.7 -149.2    nan  1.025   86.8  3.746  5.308   62.0   77.6
A  -53.1  -52.7  111.1  178.6    nan    nan  1.108   97.7  3.799  5.233   63.4   82.7
K  -46.8  -64.6  110.3  179.1 -108.8    nan  1.103   93.7  3.868  5.519   75.1   86.8
R  -39.4  -59.7  110.9  178.0  -83.9    nan  1.066  101.2  3.826  5.214   75.4   82.0
V  -51.1  -41.8  109.6  176.2  176.5  -64.2  1.060  107.1  3.762  5.075   60.4   74.1
I  -72.5  -23.4  116.9 -179.9  -26.5 -145.2  1.309   96.0  3.785  5.387   35.9   75.8
T  -78.9  -24.8  107.9  179.6  -40.8 -162.3  1.029   92.8  3.794  5.756   82.9   84.6
T  -70.2  -30.4  112.3 -178.9  -62.8  175.9  1.050   96.4  3.804  5.498   76.5   91.5
F  -93.3   -6.7  109.3 -178.7  -91.1    nan  0.904   84.5  3.715  5.073   57.5   63.9
R  -91.1  -55.2  106.7 -177.1 -135.1    nan  1.019   75.7  3.707  5.306   65.5   89.4
T  -86.4  -69.5  112.5  179.2   81.8  -39.8  1.065   70.4  3.680  4.899   29.7   47.2
G  118.5   36.0  107.4 -176.8    nan    nan    nan   57.3  3.763    nan    nan -126.8
T -135.8 -179.0  113.4 -176.9   58.0  -62.1  1.067  135.4  3.713    nan    nan   85.2
W -103.8   14.4  114.0 -178.6  -65.8    nan  1.130   82.3  3.794  5.375 -108.4  -94.5
D  -44.6  -62.2  112.6 -177.2  -57.9    nan  1.199   95.3  3.843  6.181  139.0  153.8
A  -55.4   15.0  116.5  178.8    nan    nan  1.058  130.1  3.769  5.089   63.4   71.5
Y -158.2  -28.2  106.4 -176.8  -65.8    nan  0.943   29.8  3.882  5.286   30.7   39.9
K  -69.7    nan  108.4 -179.6   56.3    nan  1.053    nan  3.674  5.254   70.0   87.8
