Id   phi    psi    tau  omega    chi    chi2  solid    eta  CA-CA  CB-CB  BA^AB  NA^AC
M    nan -177.0  122.8    nan -121.2    nan  1.263    nan    nan    nan    nan    nan
N  171.9  153.7  107.7 -177.9   56.0    nan  0.986  150.3  3.658  4.989 -167.6  176.5
I  -42.3  -27.7  115.7 -177.0 -175.7   62.4  1.124  121.3  3.728  5.142  -66.7  -70.1
F  -73.7  -49.4  109.4 -177.7  174.3    nan  1.060   86.6  3.802  5.524   68.7   87.7
E  -60.5  -43.9  111.0  178.2  -90.9    nan  1.082   97.9  3.696  5.035   59.1   75.9
M  -62.3  -16.7  116.0  178.8  158.6    nan  1.139  109.5  3.788  5.371   58.8   81.6
L -100.5  -29.8  111.3  179.8  -78.3    nan  1.174   70.4  3.880  5.499   43.0   70.0
R  -52.6  -56.2  103.1  173.8 -173.9    nan  0.929  100.8  3.780  5.692   97.8   96.8
I  -62.6  -35.5  114.6  175.9  -70.7  166.8  1.079   99.2  3.780  4.985   46.5   64.8
D  -92.6  -31.3  117.9 -176.1  -57.2    nan  1.099   73.7  3.837  5.275   42.5   68.2
E -101.9  -47.6  110.1 -176.7  -68.4    nan  1.027   67.3  3.711  4.959   41.4   58.9
G  108.4  169.1  108.0 -179.4    nan    nan    nan  104.7  3.777    nan    nan -118.7
L -133.0  123.5  111.4  178.9  156.1    nan  1.111  126.8  3.760    nan    nan -139.4
R -105.4  127.0  109.9  178.1  -47.2    nan  1.054  115.0  3.809  5.843 -151.9 -170.3
L -105.9    6.7  115.7 -178.2  -47.3    nan  1.121   77.0  3.848  5.908 -156.8 -158.8
K -138.8  131.0  108.2  179.9  166.6    nan  1.081  130.4  3.818  5.255   33.7   50.8
I  -36.8  118.5  113.6 -178.7  -87.9  153.4  1.076   80.1  3.841  5.668  -70.6  -90.6
Y -137.0  160.2  111.5  179.8   74.6    nan  1.082  140.6  3.772  5.770  163.3  156.7
K  -93.0  165.5  109.0  177.6  -70.9    nan  1.079   97.6  3.746  5.523 -113.2 -113.3
D -110.8 -166.9  112.9  176.3   68.5    nan  1.123  105.3  3.801  5.500 -128.4 -124.1
T  -68.3  -21.7  110.6 -177.6   37.8  -87.8  0.957  102.9  3.822  4.888  -36.8  -46.1
E -100.9  -13.8  108.9 -179.0  -82.2    nan  1.134   75.0  3.689  4.831   37.1   63.7
G   76.2   29.0  115.8  173.5    nan    nan    nan   90.2  3.737    nan    nan -127.3
Y  -93.3  136.8  107.3  175.6  -69.4    nan  0.956  104.2  3.728    nan    nan  113.5
Y  -58.9  133.9  110.8  178.6  -73.1    nan  1.007   82.0  3.736  5.540  -95.8 -104.9
T -133.3  170.6  108.5  177.4  -74.4  162.3  1.100  135.6  3.740  5.669  173.3  175.4
I -166.0  146.2  106.4  178.0 -158.6   81.7  1.057  147.6  3.738  5.433 -173.9 -176.6
G   75.7 -136.5  108.9 -178.3    nan    nan    nan   92.1  3.833    nan    nan   32.2
I  -93.5   56.2  113.6  179.6  -46.5 -170.0  1.084  107.4  3.829    nan    nan  -36.3
G   85.5   35.7  113.7 -179.2    nan    nan    nan   80.2  3.828    nan    nan  -49.1
H  -91.1   93.7  108.0  178.5 -174.6    nan  1.057  108.0  3.824    nan    nan  124.9
L  -64.0  114.1  111.6 -176.6  174.3    nan  1.055   97.1  3.805  6.113 -138.7 -149.8
L  -66.4  -56.4  117.6 -178.9  -78.0    nan  1.206   82.4  3.760  5.852 -134.8 -133.6
T -166.1  162.3  106.4  179.8  124.9    9.7  0.926  161.0  3.814  4.769  -37.8  -34.6
K -118.7   38.2  113.4 -178.8   -0.7    nan  1.109   80.7  3.849  5.554 -146.8 -131.3
S -117.2  128.9  106.5  179.2  109.5    nan  1.025  118.9  3.802  5.860   94.0  100.9
P  -53.0   21.9  115.4 -175.3   10.7    nan  1.064  133.3  3.721  5.531  -92.6 -104.5
S -110.5  130.6  114.3 -179.3 -176.5    nan  1.112  121.3  3.784  5.655   73.6   98.6
L  -67.1  -58.3  107.9  176.2 -169.5    nan  1.062   87.9  3.777  5.704 -108.3 -125.7
N  -40.4  -48.6  112.0  177.2  176.1    nan  1.031  108.7  3.819  5.266   80.5   85.4
A  -52.9  -54.2  112.1  179.4    nan    nan  0.992   96.3  3.770  5.087   74.0   85.5
A  -67.2  -38.0  109.3 -179.1    nan    nan  1.005   96.8  3.806  5.010   49.6   67.7
K  -63.8  -31.6  108.5  179.4  -98.7    nan  1.059  103.1  3.675  5.221   65.3   84.0
S  -74.8  -50.1  111.9  179.6  142.8    nan  1.091   83.8  3.733  5.406   59.8   80.8
E  -52.5  -42.0  108.4 -178.4  -75.3    nan  1.035  106.6  3.803  5.394   76.8   85.7
L  -51.0  -79.3  109.6  178.8 -173.1    nan  1.010   82.0  3.721  5.314   85.0   91.6
D  -35.3  -45.4  110.7 -179.0  -74.1    nan  0.997  115.3  3.779  4.860   68.5   75.1
K  -57.7  -49.4  111.4  178.5 -115.4    nan  0.982   96.5  3.741  5.041   72.7   82.3
A  -61.5  -50.5  111.2 -178.5    nan    nan  1.008   93.3  3.793  4.989   62.7   77.7
I  -92.0  -36.8  109.8 -177.9   84.5  -39.4  1.203   76.7  3.692  4.837   11.9   49.2
G   96.7   84.7  115.8  177.3    nan    nan    nan   63.8  3.792    nan    nan -128.1
R  152.3 -167.6  114.4  179.0   64.0    nan  1.095  155.0  3.793    nan    nan   43.0
N  -93.8   49.7  111.1 -178.5   29.5    nan  1.026  103.3  3.740  4.761  -77.1  -71.9
C  -56.5  -39.9  115.0 -178.7   -1.2    nan  1.143  101.4  3.877  6.299  163.7  175.3
N   58.8   47.3  115.4  179.2 -162.7    nan  1.109   94.7  3.795  5.504 -159.4 -162.8
G   88.7   -5.3  118.8  176.9    nan    nan    nan   93.8  3.815    nan    nan  -59.5
V -140.7  135.8  111.8 -180.0  171.8  -70.6  1.127  135.9  3.821    nan    nan   40.7
I -127.3  165.0  113.8 -178.7   43.7  -81.7  1.154  132.0  3.766  5.716 -170.2 -171.9
T  -78.2  158.9  111.0 -179.8  119.6   -5.2  1.097   86.3  3.748  5.341  -88.1  -91.7
K  -59.0  -30.3  112.5  179.3 -147.4    nan  1.046  106.2  3.757  5.145  -70.2  -83.0
D  -80.9  -32.7  110.8  178.2  -87.4    nan  1.036   86.8  3.788  5.280   55.7   74.4
E  -66.9  -30.0  111.6 -179.6  -92.5    nan  0.998   99.8  3.835  5.386   74.7   86.9
A  -82.6  -37.7  110.3 -179.4    nan    nan  1.058   83.7  3.767  5.158   53.9   74.4
E  -54.3  -51.1  108.7  178.5  163.0    nan  1.052   99.5  3.755  5.407   79.1   92.6
K  -50.9  -55.2  113.3  178.5  149.0    nan  1.083   96.2  3.827  5.343   69.5   83.8
L  -52.8  -54.1  107.5  176.8  -58.4    nan  1.027   99.3  3.803  5.330   70.4   77.2
F  -45.8  -49.8  110.4  176.3  168.5    nan  1.025  105.1  3.828  5.341   78.1   83.1
N  -56.4  -52.1  110.1  176.8  -81.1    nan  1.043   96.6  3.771  5.327   70.1   78.7
Q  -53.9  -21.6  114.4 -178.4  -73.9    nan  1.150  115.1  3.819  5.298   65.8   83.5
D  -93.1  -25.4  111.6 -179.0  -61.3    nan  1.097   78.1  3.769  5.435   56.0   73.8
V  -67.0  -50.0  103.6  176.4  127.1 -108.7  0.924   94.8  3.706  5.563   89.3   89.5
D  -47.5  -56.8  109.7 -178.2  -75.0    nan  1.162   99.3  3.731  5.002   64.2   88.1
A  -54.2  -34.9  114.3  176.7    nan    nan  0.953  106.8  3.789  5.206   73.1   74.0
A  -82.8  -31.2  113.3 -178.4    nan    nan  1.129   84.4  3.797  4.993   42.7   72.0
V  -79.4  -40.1  107.5  179.7  178.5  -57.9  1.027   87.2  3.780  5.443   62.5   76.2
R  -50.9  -40.4  106.8 -178.0 -109.5    nan  1.031  109.6  3.809  5.479   83.1   95.0
G  -67.7  -41.3  110.9  177.7    nan    nan    nan   93.8  3.698    nan    nan   75.8
I  -64.6  -38.8  111.9  179.3  -63.2  175.8  1.118   97.0  3.831    nan    nan   81.1
L  -68.5  -50.1  109.1  177.5  -56.9    nan  1.105   90.1  3.782  5.418   60.0   78.2
R  -60.9    0.6  113.1  178.4  -73.9    nan  1.107  119.4  3.778  5.378   58.5   75.7
N -102.0  136.7  108.7  178.4  171.3    nan  1.150  111.5  3.861  5.694   58.7   82.8
A  -69.4  -41.6  116.0 -177.2    nan    nan  1.054   89.5  3.815  5.592  -92.2 -115.0
K  -81.1  -38.9  112.5 -179.3  -25.1    nan  1.085   83.2  3.798  5.111   47.8   67.6
L  -78.6  -40.5  115.2 -178.6  -75.4    nan  1.151   83.1  3.845  5.223   50.7   72.1
K  -50.1  -53.8  115.6 -178.6 -145.4    nan  1.163   96.4  3.814  5.519   82.3   98.7
P  -56.3  -57.4  113.4 -177.9    7.5    nan  1.044   91.2  3.768  5.244   70.9   81.5
V  -55.1  -46.2  113.3  179.1  165.4  -74.3  1.081   99.4  3.819  5.291   60.8   76.3
Y  -51.1  -34.9  114.2 -178.9 -173.9    nan  1.137  109.4  3.842  5.351   77.8   91.5
D  -80.3  -23.4  110.7  179.6  -80.7    nan  0.990   90.9  3.797  5.447   67.0   72.7
S  -84.4   -9.0  110.2 -177.8   58.6    nan  1.098   92.4  3.753  5.232   57.5   81.1
L  -82.0  155.2  113.6 -177.9  -63.6    nan  1.148   92.2  3.759  5.610   71.8   96.7
D -105.5  142.7  108.2  178.1   44.6    nan  0.993  113.3  3.701  5.489 -121.6 -131.7
A   -2.9  -68.7  116.1  179.8    nan    nan  1.128  110.0  3.802  5.127  -34.6  -47.9
V  -63.4  -55.1  114.0  179.4  149.7  -95.3  1.221   87.5  3.833  5.059   35.1   59.9
R  -68.3    4.9  113.2  175.7    8.0    nan  1.282  113.6  3.822  5.502   39.7   63.8
R  -80.8  -36.5  103.5  174.0  -75.0    nan  0.957   89.5  3.842  6.152  112.8  102.8
C  -66.7  -33.9  113.5 -179.2  -74.8    nan  1.090   97.2  3.784  5.203   67.1   82.0
A  -69.2  -40.0  110.8  178.2    nan    nan  1.098   93.4  3.753  5.366   66.8   83.2
L  -65.0  -35.4  110.5  178.6 -145.7    nan  0.998   99.2  3.830  5.499   73.7   80.6
I  -68.1  -41.3  107.3 -177.2  -70.8  165.6  1.066   95.7  3.705  5.337   67.8   85.1
N  -62.7  -23.6  111.8 -179.2 -170.1    nan  1.045  106.7  3.780  5.346   73.6   82.6
M  -87.3  -40.3  110.3  179.3  -95.9    nan  1.061   79.2  3.751  5.278   56.8   75.2
V  -69.7  -45.5  105.8  178.8  140.9  -97.9  1.019   93.5  3.768  5.445   63.0   75.5
F  -46.9  -41.2  110.6 -179.3 -122.4    nan  1.050  110.2  3.754  5.308   83.4   93.0
Q  -89.9  -25.6  114.2 -179.0  151.2    nan  1.126   79.9  3.764  5.143   34.6   59.9
M -141.7   31.6  114.3 -177.5   51.3    nan  1.142   57.6  3.782  4.837   -0.1   23.1
G   36.7  170.2  117.2  179.2    nan    nan    nan   33.2  3.798    nan    nan -118.3
E  -44.0  -62.9  114.7 -179.0  -62.7    nan  1.049   94.0  3.749    nan    nan  -55.0
T  -47.8  -38.1  112.9 -177.8  -50.1 -170.3  1.062  110.5  3.743  4.933   64.1   81.0
G  -74.5  -46.5  113.0 -179.3    nan    nan    nan   84.9  3.755    nan    nan   76.2
V  -61.0  -38.3  113.5  179.4 -157.6  -35.1  1.088   99.5  3.696    nan    nan   81.0
A  -55.1  -37.8  113.7  177.9    nan    nan  0.964  104.5  3.819  5.283   85.7   91.3
G  -62.0  -19.5  113.2  177.2    nan    nan    nan  109.0  3.800    nan    nan   85.7
F  -75.6   44.7  116.0  179.2  -70.7    nan  1.231  118.4  3.833    nan    nan   92.4
T  -32.6  -86.6  116.5  178.0  -63.9  172.6  1.086   79.1  3.900  6.285 -154.9 -171.9
N  -47.0  -27.8  114.1 -179.7  -77.3    nan  1.144  117.7  3.814  4.851   42.7   59.7
S  -73.3  -44.1  110.5 -179.3 -164.1    nan  1.026   88.4  3.774  5.503   75.3   86.2
L  -69.3  -38.6  111.2 -177.9  -50.9    nan  1.176   93.7  3.746  5.161   49.0   76.3
R  -52.1  -60.1  108.1  177.8  -52.3    nan  1.049   95.4  3.811  5.673   86.9   93.2
M  -56.4  -38.8  114.2  179.6  -62.1    nan  1.173  102.6  3.821  5.194   52.7   71.6
L  -56.2  -56.4  107.1  177.6  -88.8    nan  0.979   96.0  3.793  5.578   89.5   89.6
Q  -50.8  -50.1  109.2  179.9 -109.9    nan  1.040  102.2  3.789  5.092   66.4   78.8
Q  -71.5    6.9  112.2  179.3  -40.2    nan  1.080  111.0  3.757  5.145   49.8   66.3
K   55.9   31.8  114.0  178.0  -54.0    nan  1.140  107.4  3.815  5.608 -125.1 -123.3
R  -93.8   58.2  111.6 -179.1  -97.2    nan  1.096  106.1  3.784  5.935  109.9  121.9
W  -36.0  -27.2  118.2 -179.3  -50.8    nan  1.135  126.3  3.788  6.122 -154.7 -160.0
D  -99.9  -34.8  113.4 -179.0  -89.4    nan  1.243   68.6  3.776  5.195   30.0   65.8
A  -67.7  -32.1  106.9  179.5    nan    nan  1.038  100.3  3.763  5.711   77.0   83.7
A  -70.5  -45.9  112.5  179.2    nan    nan  1.167   88.4  3.711  5.334   60.3   83.7
A  -51.4  -52.4  105.8  178.6    nan    nan  0.972  102.2  3.846  5.558   86.2   87.7
A  -47.6  -77.5  106.7  176.9    nan    nan  0.951   86.5  3.733  5.061   75.8   82.4
A  -40.0  -12.8  116.9 -179.2    nan    nan  1.336  133.0  3.794  4.860   37.8   71.8
L  -98.9  -39.6  107.4  177.7  -68.0    nan  1.088   72.1  3.766  5.734   64.5   74.0
A  -66.1   28.0  112.8  178.9    nan    nan  1.155  121.6  3.739  5.289   58.0   80.4
A -131.8  -14.5  110.2  178.6    nan    nan  1.062   44.8  3.830  5.692   65.0   78.8
A  -83.6  144.4  116.0 -177.2    nan    nan  1.028   99.4  3.832  5.431   73.6   89.9
A  -26.3  -50.4  113.2  177.9    nan    nan  1.001  115.9  3.853  5.178  -51.3  -72.1
W  -43.0  -60.1  114.6 -179.3  172.8    nan  1.116   96.8  3.751  4.929   73.0   94.7
A  -60.2  -23.9  112.2  179.7    nan    nan  1.170  108.7  3.794  5.334   44.1   69.7
A  -63.1  -58.3  105.9  177.4    nan    nan  0.981   91.7  3.734  5.695   91.7   96.1
A  -46.1  -60.1  115.8  179.9    nan    nan  1.067   94.2  3.806  4.949   67.0   81.1
T -129.2   63.8  112.0 -178.4   41.6  -78.7  1.157   88.9  3.750  4.633  -25.9    4.7
P  -39.0  -43.3  118.7 -178.4  -14.0    nan  1.170  111.0  3.782  6.082 -150.4 -156.7
N  -71.9  -69.7  113.1  179.3  -74.9    nan  1.209   76.1  3.821  5.344   45.4   74.8
R  -43.0  -56.3  107.0  176.1 -136.2    nan  1.003  103.9  3.884  5.458   72.7   72.7
A  -34.8  -55.0  112.2  177.4    nan    nan  1.033  107.1  3.806  5.203   87.2   92.5
K  -58.3  -63.2  111.7  179.3  -64.4    nan  1.090   87.5  3.803  5.087   57.7   74.7
R  -44.6  -49.3  111.1 -179.5  -89.6    nan  1.079  105.8  3.795  5.078   66.6   81.0
V  -64.3  -41.2  110.7  177.2  157.3  -81.6  1.043   96.7  3.762  5.266   56.7   72.2
I  -66.4  -26.8  113.7  178.6  -54.0 -173.6  1.216  101.0  3.838  5.445   51.3   79.5
T  -70.5  -41.4  106.8  175.8  -23.2 -146.2  0.990   94.0  3.752  5.669   85.8   85.7
T  -54.2  -33.6  109.9 -179.9  -37.5 -160.3  1.034  109.5  3.788  5.344   77.7   89.6
F  -81.8  -31.8  108.7  179.6  -76.7    nan  1.113   87.3  3.722  5.340   49.2   72.1
R  -65.1  -78.9  109.5  177.0 -135.3    nan  1.034   77.5  3.715  5.581   83.0   87.1
T  -53.6  -75.4  118.1  179.0  109.0  -15.6  1.151   77.4  3.699  4.864   42.4   58.2
G  110.0   23.2  104.2 -174.3    nan    nan    nan   66.1  3.792    nan    nan -136.5
T -136.8  149.4  114.1 -179.4   78.8  -39.3  1.050  140.4  3.776    nan    nan   70.0
W  -72.3   16.6  116.4 -174.7  -59.4    nan  1.281  114.3  3.828  5.640 -109.1 -104.9
D  -51.7  -61.4  112.6  179.0  -74.6    nan  1.135   91.8  3.726  6.132  148.0  146.1
A  -50.4  -19.2  117.5 -177.2    nan    nan  1.413  119.0  3.803  5.265   44.2   80.8
Y -121.9   10.9  114.7 -177.3  -59.0    nan  1.060   63.1  3.839  5.592   47.2   50.5
K -104.1    nan  110.8 -176.4   48.4    nan  1.054    nan  3.732  5.445   78.4   96.0
