Id   phi    psi    tau  omega    chi    chi2  solid    eta  CA-CA  CB-CB  BA^AB  NA^AC
M    nan  143.0  120.3    nan -123.7    nan  1.483    nan    nan    nan    nan    nan
N -155.1  156.7  111.5 -179.7   77.3    nan  1.129  153.4  3.624  5.306 -167.2  152.0
I  -52.9  -35.9  113.3 -174.7 -173.5   65.7  1.112  107.7  3.768  5.455  -65.4  -74.6
F  -60.2  -55.6  113.5  177.8  178.7    nan  1.127   89.7  3.775  5.474   72.9   90.0
E  -57.2  -44.9  113.5 -179.7  -67.8    nan  1.034   98.5  3.734  5.114   64.5   76.9
M  -48.0  -50.8  109.9  179.6  173.4    nan  1.083  103.1  3.803  5.378   74.8   93.6
L  -77.5  -12.3  114.0 -180.0  -86.7    nan  1.202   97.3  3.852  5.199   34.1   60.8
R  -69.5  -41.0  105.9  177.0 -166.1    nan  0.969   95.5  3.777  5.794   97.2   99.7
I  -74.3  -64.2  111.5  177.9  -85.6  138.8  1.041   78.5  3.726  4.905   49.6   68.7
D  -62.8  -50.6  116.6 -178.6  -46.8    nan  1.278   89.0  3.914  5.319   29.8   64.8
E  -81.1  -62.1  109.4 -177.6  -70.1    nan  1.129   77.4  3.767  5.387   46.9   61.1
G  124.6  161.2  104.7 -177.5    nan    nan    nan  118.1  3.718    nan    nan -114.9
L -124.7  144.5  108.9  179.7  163.8    nan  1.049  128.2  3.705    nan    nan -140.5
R -129.8  160.1  104.8  177.5  -56.2    nan  0.973  132.0  3.780  5.810 -161.5 -168.2
L -138.6   16.6  112.3  176.1  -25.2    nan  1.187   49.7  3.756  5.564 -174.8 -155.0
K -127.4  132.1  102.6  176.6 -137.6    nan  0.973  122.4  3.728  5.576   66.2   68.5
I  -47.4  142.0  109.9 -179.2  -98.9  142.4  0.986   67.8  3.820  5.703  -82.3  -97.0
Y -146.1  162.7  110.0  177.6   69.7    nan  1.162  148.1  3.767  5.585  161.4  175.0
K  -92.4  162.5  104.8 -180.0 -105.8    nan  0.950   96.7  3.809  5.517  -93.9 -108.9
D -103.0 -139.4  116.3  179.2   63.0    nan  1.215   83.7  3.755  5.540 -136.2 -114.5
T  -85.0  -48.6  105.8  179.1   65.8  -51.9  0.983   81.7  3.726  4.754  -36.3  -31.3
E  -74.9   -4.3  110.2  178.6  -66.3    nan  0.994  103.6  3.769  5.020   47.8   61.5
G   83.2   21.4  114.6  179.0    nan    nan    nan   87.7  3.792    nan    nan -108.2
Y  -87.8  136.7  110.4  176.8  -64.1    nan  1.052  102.2  3.875    nan    nan  113.7
Y  -71.4  124.9  110.7 -179.8  -67.6    nan  1.029   95.3  3.809  5.686 -104.3 -117.5
T -127.6  175.3  112.9 -178.9  -46.8 -166.6  1.058  129.3  3.651  5.554  178.9  176.0
I -164.1  170.5  111.8  178.0 -138.4   99.1  1.220  164.9  3.717  5.332  176.8 -167.2
G   55.6 -137.0  109.4 -177.4    nan    nan    nan   76.9  3.778    nan    nan   41.7
I  -92.4   67.4  113.2  178.8  -59.5 -179.4  1.213  110.3  3.805    nan    nan  -35.9
G   73.3   20.4  115.6  177.7    nan    nan    nan   97.1  3.797    nan    nan  -53.4
H  -75.4  103.2  110.9  179.6  172.6    nan  1.036  106.2  3.786    nan    nan  127.5
L  -65.7  126.4  111.7 -178.3  150.5    nan  1.057   91.6  3.742  5.993 -133.8 -145.3
L  -84.1  -70.3  112.6  179.2  -62.3    nan  1.156   71.0  3.805  5.838 -139.4 -141.1
T -141.3  157.7  111.8 -179.9  159.2   38.6  1.037  144.1  3.749  4.636  -33.8  -18.9
K -105.9    7.4  120.3  179.6   36.2    nan  1.521   78.0  3.797  5.680 -161.5 -121.6
S  -92.4  147.8  105.1  174.8  129.1    nan  0.999  100.1  3.823  6.154  114.1   94.4
P  -50.9  -24.0  115.0 -179.3   -0.5    nan  1.073  116.2  3.774  5.289  -75.4  -84.8
S  -64.5  132.9  116.1 -179.1  178.6    nan  1.179   89.9  3.734  5.553   76.2  101.1
L  -83.7  -26.4  108.5  175.6  166.2    nan  0.989   87.6  3.771  5.546 -114.9 -141.0
N  -63.8  -41.4  109.9  177.8  167.6    nan  1.051   97.4  3.739  5.401   78.7   93.6
A  -52.2  -56.4  110.0  178.6    nan    nan  0.968   96.5  3.818  5.354   85.1   90.8
A  -48.0  -65.7  109.2  179.7    nan    nan  0.982   93.0  3.777  5.014   72.4   82.3
K  -43.8  -32.1  110.5  179.1 -132.5    nan  0.999  118.9  3.745  4.800   66.4   77.3
S  -84.7  -48.5  109.3 -179.1  110.5    nan  1.137   79.3  3.779  5.260   40.8   71.8
E  -48.3  -56.5  107.5  177.1  -88.8    nan  1.006  100.4  3.751  5.413   82.1   86.7
L  -47.8  -70.7  111.7  177.5  157.0    nan  1.070   87.9  3.787  5.226   68.5   80.4
D  -37.3  -42.1  111.2  179.2  -74.6    nan  1.110  116.3  3.825  5.088   66.7   80.1
K  -63.2  -48.1  110.8  177.6  -71.8    nan  0.912   93.7  3.875  5.564   82.6   79.5
A  -55.8  -58.1  111.5 -177.2    nan    nan  1.031   92.3  3.690  4.767   73.4   85.3
I  -85.8  -26.2  114.8 -175.5   77.6  -47.6  1.294   83.2  3.671  4.731   10.8   51.6
G   97.9   45.3  118.8  176.8    nan    nan    nan   64.2  3.773    nan    nan -118.8
R  179.2 -166.2  111.7  178.1   87.7    nan  1.089  166.5  3.802    nan    nan   38.1
N  -89.6   61.8  110.3 -180.0   44.1    nan  1.029  108.0  3.804  4.793  -71.1  -67.3
C  -67.6  -36.5  116.4 -177.8 -103.7    nan  1.081   93.5  3.818  6.162  172.4  175.6
N   56.3   46.8  115.5  178.0 -140.4    nan  1.119   96.8  3.743  5.414 -166.5 -163.0
G   71.1   -8.7  113.4 -179.3    nan    nan    nan  112.2  3.787    nan    nan  -71.3
V -119.6  125.6  116.0 -179.3 -156.0  -38.4  1.156  126.7  3.810    nan    nan   61.0
I -107.5 -179.3  112.9 -178.3   58.0  -60.6  1.003  107.3  3.780  5.821 -146.8 -165.7
T -105.4  179.3  106.3  175.5   88.5  -33.3  1.062  105.5  3.775  5.353 -114.5 -101.5
K  -63.3  -42.3  112.4  179.8 -135.0    nan  0.973   95.9  3.770  4.861  -50.1  -60.3
D  -67.0  -50.0  109.0  180.0  -72.8    nan  1.030   91.3  3.820  5.153   61.5   77.4
E  -52.0  -37.1  110.2 -179.9  -69.3    nan  1.078  109.0  3.723  5.205   71.4   84.7
A  -63.5  -39.7  114.2 -177.7    nan    nan  1.169   96.2  3.768  5.346   63.9   88.4
E  -63.4  -41.2  110.5 -178.4 -141.7    nan  0.978   97.6  3.819  5.407   79.4   85.1
K  -61.0  -49.4  111.0  179.0  146.7    nan  1.125   94.4  3.725  5.051   59.8   83.9
L  -61.6  -52.8  106.8  175.0  -37.4    nan  1.075   94.8  3.788  5.466   56.8   72.0
F  -41.3  -52.7  112.5  175.5  174.9    nan  1.070  104.7  3.862  5.532   79.5   87.9
N  -52.9  -55.1  108.7 -179.5  -82.6    nan  1.097   97.7  3.819  5.337   67.8   82.3
Q  -48.6  -46.3  113.9  177.3  -70.1    nan  1.093  103.7  3.812  5.327   72.4   81.3
D  -69.7  -29.5  114.9  178.0  -67.1    nan  1.085   96.1  3.819  5.303   58.8   72.1
V  -66.0  -41.7  106.3  176.2  149.1  -86.2  0.952   97.6  3.845  5.598   86.9   87.2
D  -59.8  -32.2  110.3 -179.8  -76.8    nan  1.031  105.4  3.788  5.118   72.7   83.3
A  -78.0  -34.7  112.8  179.3    nan    nan  1.037   87.5  3.664  5.175   61.5   77.3
A  -73.0  -37.5  113.5 -175.6    nan    nan  1.160   90.0  3.799  5.123   55.9   83.4
V  -75.6  -58.0  108.9  178.4  163.8  -73.8  0.996   82.3  3.737  5.345   61.9   73.1
R  -45.7  -37.2  110.5  177.7 -114.4    nan  1.097  113.9  3.816  5.205   65.9   81.3
G  -77.7  -33.3  108.6  176.3    nan    nan    nan   90.4  3.753    nan    nan   69.4
I  -62.1  -60.7  111.9  178.8  -79.9  162.3  1.149   86.6  3.778    nan    nan   90.4
L  -50.2  -16.2  112.3 -178.9  -58.4    nan  1.093  122.2  3.810  5.165   65.6   78.6
R  -91.2  -26.6  107.5  179.9  -91.0    nan  1.071   81.2  3.745  5.482   55.0   78.2
N  -69.5  144.5  111.7 -179.8 -170.7    nan  1.176   85.2  3.716  5.615   66.1   91.0
A  -81.7  -26.3  115.0 -178.9    nan    nan  1.101   86.8  3.775  5.577 -106.0 -116.9
K  -95.4  -39.1  111.4  179.6  -37.2    nan  1.122   72.5  3.775  5.250   43.3   66.6
L  -68.1  -45.0  112.4  179.0  -71.1    nan  1.098   90.8  3.778  5.422   64.5   79.9
K  -37.1  -73.2  114.0 -177.8 -143.8    nan  1.206   89.8  3.817  5.492   87.8  106.2
P  -40.1  -56.8  112.7  178.7   22.9    nan  0.968  102.1  3.808  5.179   78.6   75.7
V  -59.3  -30.2  115.8 -179.6 -170.2  -49.1  1.133  104.7  3.845  5.094   50.1   74.1
Y  -75.0  -34.5  112.6 -179.6 -176.6    nan  1.120   90.2  3.824  5.411   66.0   83.4
D  -71.4  -49.8  111.4  177.7  -52.8    nan  1.039   86.6  3.783  5.421   66.9   79.6
S  -59.0  -17.0  114.3 -179.1  122.7    nan  1.185  112.9  3.842  5.143   52.9   80.1
L  -86.0  148.9  115.3 -179.9  -64.4    nan  1.084   99.2  3.890  5.804   69.0   85.3
D  -75.3  167.8  109.0  174.4   46.1    nan  0.987   79.5  3.781  5.339  -98.9 -113.6
A  -53.7  -39.4  118.4 -175.4    nan    nan  1.267  102.3  3.794  5.425  -75.9  -59.7
V  -70.1  -42.0  113.7 -177.4  160.7  -82.5  1.223   90.0  3.767  5.440   61.8   82.8
R  -66.9  -27.5  111.1  178.9  -47.0    nan  1.129  101.3  3.746  5.544   65.7   78.9
R  -56.8  -49.9  105.6  179.5  -46.0    nan  1.032  100.4  3.841  5.799   94.7   99.8
C  -59.2  -25.9  110.7  176.5  -47.8    nan  1.082  109.2  3.715  5.252   64.3   74.5
A  -78.6  -21.7  111.0 -179.1    nan    nan  1.082   93.0  3.771  5.443   65.1   84.2
L  -78.2  -47.0  110.7  178.4 -151.1    nan  1.043   83.5  3.795  5.500   68.6   84.6
I  -61.6  -27.6  109.4  180.0  -67.8  171.2  1.072  106.7  3.755  5.264   62.4   78.7
N  -73.7  -21.4  112.0 -178.1 -169.3    nan  1.112   97.5  3.746  5.363   64.4   86.6
M  -91.2  -48.9  111.5  178.3 -108.0    nan  1.053   73.1  3.715  5.416   54.8   74.0
V  -53.3  -54.9  106.0  177.4  136.7 -102.0  1.062   99.4  3.728  5.183   65.9   82.3
F  -40.7  -48.7  110.5  179.1 -120.3    nan  1.027  109.2  3.849  5.448   79.7   88.9
Q  -75.7  -26.2  114.7 -178.6  155.0    nan  1.101   92.4  3.780  5.084   46.1   66.1
M -146.6   21.1  117.5 -176.8   66.5    nan  1.145   46.6  3.732  4.639   -4.6   19.5
G   57.0  151.1  115.6  179.9    nan    nan    nan   49.3  3.769    nan    nan -108.9
E  -40.5  -43.6  114.3 -179.9 -104.7    nan  0.999  111.5  3.806    nan    nan  -77.7
T  -67.1  -41.1  113.1 -175.3 -102.1  133.7  1.255   93.2  3.667  4.933   46.2   82.7
G  -54.5  -65.3  109.7  178.5    nan    nan    nan   89.7  3.786    nan    nan   89.9
V  -51.6  -43.7  112.8  178.7 -157.5  -36.2  1.090  103.9  3.838    nan    nan   70.4
A  -72.5   13.2  111.9 -179.7    nan    nan  1.138  111.9  3.754  5.246   52.0   73.4
G  -91.2  -39.5  109.7  178.2    nan    nan    nan   76.7  3.740    nan    nan  105.6
F  -53.8   49.8  114.5 -177.4  -72.1    nan  1.079  129.5  3.780    nan    nan   95.1
T  -29.5  -81.3  116.6 -177.4  -64.7  173.4  1.125   85.1  3.857  6.198 -160.1 -160.1
N  -57.9  -42.9  111.1  178.7  -17.1    nan  1.092  100.5  3.733  4.775   36.3   52.8
S  -49.3  -35.9  113.4  178.8  -91.9    nan  1.037  110.6  3.833  5.563   84.1   93.7
L  -75.3  -50.2  110.8  179.9  -75.4    nan  1.129   84.2  3.751  5.258   54.5   76.7
R  -49.7  -50.2  110.1 -177.6  -64.1    nan  1.118  102.3  3.811  5.495   78.6   89.0
M  -51.7  -47.4  110.6 -179.9  -49.7    nan  1.136  102.5  3.770  5.341   71.2   85.0
L  -56.6  -49.3  108.5  178.0  -79.9    nan  1.078   99.1  3.824  5.564   69.5   81.3
Q  -54.0  -33.0  113.3  178.0 -104.0    nan  1.043  108.6  3.807  5.407   74.1   82.2
Q  -92.8   17.6  108.1  179.8  -20.2    nan  1.089   92.7  3.800  5.305   40.4   62.1
K   45.3   24.3  113.4  179.3   -6.0    nan  1.132  121.7  3.799  5.682 -116.1 -122.0
R  -81.0   52.9  108.2  177.5 -100.4    nan  1.021  109.9  3.802  5.986  118.6  123.1
W  -30.8  -47.0  120.8 -177.4  -67.8    nan  1.066  113.2  3.754  5.950 -158.9 -156.9
D  -84.0  -43.1  114.2 -174.0 -106.2    nan  1.250   78.3  3.846  5.039   26.3   66.4
A  -60.4  -27.3  108.6  179.0    nan    nan  0.986  108.1  3.794  5.575   82.4   83.0
A  -79.4  -38.0  113.3 -178.9    nan    nan  1.051   84.6  3.773  5.171   61.2   80.3
A  -70.5  -39.3  107.5  178.3    nan    nan  1.030   94.5  3.760  5.310   61.1   77.4
A  -57.3  -59.1  108.1 -179.7    nan    nan  1.072   93.0  3.752  5.290   70.4   88.6
A  -45.9  -68.8  114.6  178.5    nan    nan  1.179   88.5  3.774  5.236   60.8   81.1
L  -42.8  -41.6  112.6  177.2  -47.4    nan  1.101  112.0  3.849  5.409   70.0   75.9
A  -42.2  -53.4  108.2  177.6    nan    nan  1.023  105.9  3.925  5.630   95.9   99.9
A  -48.3  -14.6  117.2  178.7    nan    nan  1.121  123.9  3.818  5.092   65.8   84.2
A  -90.0  173.3  121.6 -177.2    nan    nan  1.304   93.5  3.913  5.493   50.4   89.2
A  -60.3  -36.1  112.0  178.6    nan    nan  1.075  102.0  3.860  4.946  -52.3  -67.7
W  -54.1  -61.3  108.4  178.3  157.9    nan  1.023   93.3  3.822  5.437   79.7   93.8
A  -40.6  -57.5  111.0  178.8    nan    nan  1.010  102.2  3.805  5.097   72.8   83.9
A  -53.6  -52.7  110.3 -179.8    nan    nan  1.000   97.9  3.769  5.023   63.8   77.0
A  -46.2  -71.0  114.4 -178.5    nan    nan  1.091   86.8  3.758  4.991   71.2   89.4
T -128.2   96.6  102.7  177.5   43.6  -78.2  0.960  104.0  3.783  4.815  -25.3  -10.0
P  -76.5  -41.1  119.4 -174.4  -11.6    nan  1.241   82.0  3.738  5.954 -166.4 -154.4
N  -65.5  -53.4  111.3  177.4  -76.3    nan  1.102   89.0  3.801  5.620   66.5   80.8
R  -51.2  -58.1  107.0  177.3 -164.0    nan  1.004   98.0  3.846  5.401   73.8   80.1
A  -57.3   -0.2  111.3  176.7    nan    nan  1.102  122.6  3.795  5.080   50.7   69.0
K -103.6  -31.0  110.0  176.6 -104.4    nan  1.079   68.1  3.789  5.658   59.5   79.5
R  -79.2  -47.8  108.7  178.7  -97.9    nan  1.038   83.9  3.732  5.367   61.4   76.0
V  -56.7  -27.7  113.3 -179.1  173.5  -63.5  1.169  109.4  3.741  5.234   60.2   83.6
I  -78.0  -41.7  112.3  179.5  -63.0  174.0  1.097   84.7  3.852  5.584   65.5   81.3
T  -59.6  -47.1  106.0  176.3  -60.2  174.0  0.954   99.7  3.686  5.234   75.4   81.9
T  -53.5  -45.6  112.1 -178.3  -26.6 -145.9  1.169  101.5  3.763  5.186   56.7   86.8
F  -66.3  -38.6  112.6  176.3  -72.2    nan  1.084   95.5  3.755  5.528   60.6   74.1
R  -62.5  -51.8  112.4 -179.4 -128.7    nan  1.080   91.1  3.793  5.413   74.0   87.1
T  -79.5  -58.1  114.4 -178.9  101.5  -18.1  1.127   75.6  3.772  5.066   39.1   60.3
G   89.2   39.0  101.8 -173.6    nan    nan    nan   83.3  3.766    nan    nan -141.6
T -157.4  148.1  113.3 -178.8   91.7  -28.8  1.030  149.8  3.849    nan    nan   64.2
W  -74.3   37.6  114.3 -179.5  -64.8    nan  1.070  117.2  3.846  5.495 -100.9 -110.5
D  -72.8  -34.2  113.3 -178.7  -62.9    nan  1.174   91.9  3.782  6.034  131.1  148.0
A  -73.9  -10.7  112.4 -179.4    nan    nan  1.034  101.8  3.832  5.515   68.7   79.7
Y -129.3  -11.1  115.3 -177.9  -63.4    nan  1.110   46.7  3.696  4.963   24.6   51.1
K  -75.5    nan  112.2 -177.9   58.5    nan  1.047    nan  3.805  5.634   88.9  101.9
