Id   phi    psi    tau  omega    chi    chi2  solid    eta  CA-CA  CB-CB  BA^AB  NA^AC
P    nan -140.1  106.3    nan   31.0    nan  0.938    nan    nan    nan    nan    nan
Y -113.5  144.2  113.9 -178.6  -56.4    nan  1.053  122.7  3.793  4.929  -82.8  -59.4
T -139.2  128.6  108.4  177.8  -57.1 -177.8  1.007  129.3  3.786  5.681 -172.4  179.5
V -112.2  122.9  106.0  178.5  165.2  -71.7  0.987  114.8  3.800  5.884 -159.7 -167.5
V -108.5  115.1  106.5  178.6 -177.6  -53.8  0.969  112.2  3.799  5.899 -159.2 -169.9
Y -160.7  172.3  111.1 -177.5 -166.4    nan  1.005  162.0  3.786  5.578  138.2  131.8
F  -74.2  164.2  107.4  178.0  -59.3    nan  0.983   79.4  3.780  5.233  -79.9  -80.9
P  -77.3   64.0  113.0  179.7   29.5    nan  1.011  116.0  3.793  5.345  -93.3  -89.7
V -145.8  163.5  107.6  178.3  -54.9   68.3  1.007  147.2  3.832  5.820   89.0   94.9
R  -75.0  -59.1  106.0  178.1  -63.3    nan  0.976   84.5  3.799  5.332  -86.3  -92.2
G   35.2 -128.4  116.3  178.6    nan    nan    nan   72.1  3.800    nan    nan  155.3
R  -76.5    0.4  116.1 -179.0  -72.8    nan  1.105  103.7  3.790    nan    nan   -6.5
C -104.4  -10.2  112.0  179.6  -83.7    nan  1.049   72.0  3.816  5.561   64.6   82.5
A  -53.1  -52.7  113.7 -179.4    nan    nan  1.074   96.2  3.788  5.739  108.0  122.0
A  -62.5  -47.0  114.9 -178.5    nan    nan  1.092   92.4  3.809  5.197   58.1   76.1
L  -66.0  -30.1  111.7 -179.2   62.2    nan  1.078  100.6  3.801  5.291   59.8   77.0
R  -71.8  -42.9  108.4  178.6  -76.0    nan  0.999   91.4  3.821  5.522   72.4   83.4
M  -58.2  -43.0  107.5  178.3  -66.8    nan  0.985  102.2  3.822  5.374   74.5   83.3
L  -60.3  -51.4  110.5 -179.9 -172.3    nan  1.031   94.2  3.794  5.240   68.9   82.9
L  -60.0  -46.0  111.4 -179.4  -74.2    nan  1.040   96.9  3.809  5.213   62.2   77.0
A  -62.3  -51.1  111.8 -179.9    nan    nan  1.043   92.1  3.812  5.265   65.0   79.7
D  -62.9  -27.9  112.8 -179.2 -165.3    nan  1.061  103.9  3.787  5.161   58.9   75.4
Q  -89.7    7.0  111.4 -179.5  -69.3    nan  1.058   92.9  3.819  5.323   50.1   71.1
G   63.6   34.3  114.0  178.9    nan    nan    nan   99.3  3.783    nan    nan -115.6
Q  -97.3  152.4  109.9 -179.9  -59.3    nan  1.025  105.6  3.788    nan    nan  120.0
S -103.3  136.8  107.8  179.2  -60.6    nan  0.985  111.7  3.792  5.608 -126.4 -132.1
W -146.0  160.3  110.7  178.3   76.8    nan  1.058  147.9  3.779  5.650  167.9  168.4
K -108.8  143.5  108.1  179.7  155.5    nan  1.000  115.7  3.783  5.504 -124.5 -128.3
E -110.4  120.9  110.2  179.8  -70.4    nan  1.018  117.2  3.792  5.760 -145.1 -147.2
E -107.1  106.3  104.4  177.0  -63.6    nan  0.960  108.1  3.763  5.861 -162.9 -171.8
V  -81.3  131.8  111.8 -179.3 -179.4  -56.8  1.045   99.9  3.779  6.031 -153.1 -155.0
V -108.0  118.9  107.4  179.0  175.8  -62.6  1.003  113.5  3.789  5.820 -151.9 -160.7
T  -86.7  154.3  109.4 -179.7   64.1  -56.6  1.013   95.3  3.790  5.946 -141.9 -150.1
V  -55.8  -29.8  111.7 -179.7   71.1 -165.6  1.059  109.7  3.792  5.399  -75.9  -82.7
E  -68.7  -49.2  109.6  179.3  -49.7    nan  1.018   90.0  3.819  5.504   75.6   87.5
T  -59.1  -39.9  111.0  179.6  -56.3 -177.2  1.028  101.3  3.815  5.261   67.0   78.6
W  -66.8  -48.8  111.9  180.0 -168.9    nan  1.044   90.0  3.805  5.290   66.3   80.7
Q  -66.0   -8.6  113.0 -179.5  -71.3    nan  1.071  110.4  3.810  5.171   56.9   74.3
E  -73.0  -28.6  108.8  178.7 -171.1    nan  1.020   96.3  3.811  5.715   88.9  102.3
G  102.7  -39.8  122.7  177.4    nan    nan    nan   99.7  3.801    nan    nan -116.5
S  -55.4  -48.7  117.3 -178.0   56.5    nan  1.133   95.2  3.817    nan    nan   97.4
L  -61.4  -52.1  110.4 -180.0 -144.7    nan  1.030   93.0  3.833  5.365   69.0   79.2
K  -49.1  -50.3  111.5  179.6 -168.4    nan  1.034  101.9  3.821  5.274   75.4   85.7
A  -60.2  -32.4  113.5 -179.8    nan    nan  1.065  103.6  3.816  5.179   62.1   78.1
S  -80.4  -15.8  112.5 -179.7   60.5    nan  1.064   93.3  3.831  5.354   56.8   75.9
C  -78.4  131.8  108.3  179.3  -68.5    nan  1.001   95.5  3.832  5.599   77.9   90.6
L  -44.3  -55.7  112.9 -179.0 -176.5    nan  1.064  100.3  3.826  5.636  -84.3  -96.2
Y -106.2   24.5  111.5 -179.9  -55.3    nan  1.049   83.8  3.813  4.849    8.3   29.5
G   58.5   27.8  114.2  179.4    nan    nan    nan  107.4  3.811    nan    nan -103.8
Q -142.6  170.6  115.1 -178.7  -61.8    nan  1.065  145.6  3.795    nan    nan   69.6
L -117.6  163.4  104.5  178.1  -57.7    nan  0.960  120.5  3.806  5.357 -124.5 -127.1
P  -68.5  150.9  117.7   -0.0   30.6    nan  1.047   83.8  2.995  4.732   85.9   80.6
K -116.1  142.3   98.8  176.4  168.5    nan  0.895  115.6  3.783  5.657 -142.0 -153.9
F -134.9  139.6  110.1 -179.0 -172.6    nan  1.003  134.0  3.807  5.747 -173.6 -170.3
Q -124.9  130.8  108.7  179.1  -65.5    nan  1.024  125.0  3.768  5.710 -166.9 -167.2
D -129.3   92.9  101.3  178.3  180.0    nan  0.914  100.5  3.781  5.797 -169.8  174.6
G   67.3 -136.2  104.2 -177.0    nan    nan    nan   82.9  3.777    nan    nan  -24.5
D  -89.8    9.6  112.9  179.9   68.0    nan  1.088   94.0  3.789    nan    nan  -33.8
L  -87.2  118.9  106.6  178.5 -151.7    nan  0.971  103.1  3.831  5.885   97.1  104.9
T -108.3  124.1  107.6  179.3  -66.3  174.7  1.012  114.4  3.790  5.943 -169.7 -171.2
L -118.9  151.4  111.7 -178.8  -97.8    nan  1.025  125.4  3.789  5.849 -169.6 -175.9
Y -129.8  162.4  104.0  176.7  -66.4    nan  0.958  131.8  3.803  5.647 -156.7 -163.0
Q   84.6  114.9  110.8  179.7  -60.8    nan  1.033   68.9  3.838  4.805   73.4   58.7
S  -53.0  -44.5  114.5 -179.3   55.3    nan  1.090  101.4  3.811  5.867 -111.6 -121.5
N  -68.9  -25.6  113.6 -179.2  -65.7    nan  1.083   99.4  3.808  5.286   59.2   76.9
T  -70.1  -43.5  107.3  177.4  -72.2  167.3  0.996   93.2  3.800  5.587   77.7   88.2
I  -62.5  -42.7  110.1  179.2  -60.0  179.0  1.045   97.6  3.811  5.347   64.9   79.7
L  -61.6  -46.0  111.0  179.2  -79.3    nan  1.030   96.0  3.824  5.402   70.6   82.2
R  -66.5  -36.2  111.5 -179.9  -79.1    nan  1.050   97.1  3.810  5.278   60.6   75.8
H  -63.5  -49.7  109.2  179.6  171.5    nan  1.016   93.7  3.805  5.410   74.9   86.5
L  -62.7  -38.7  109.7  178.8  -99.8    nan  1.027   99.8  3.816  5.222   59.8   73.7
G  -63.0  -43.0  110.8  178.9    nan    nan    nan   96.7  3.814    nan    nan   84.3
R  -67.4  -48.7  112.3 -179.5 -150.3    nan  1.045   89.4  3.790    nan    nan   77.9
T  -75.2  -28.5  114.9 -178.1   60.1  -61.1  1.093   91.7  3.808  5.172   46.4   67.9
L  -97.4   -0.7  114.7 -179.2  -94.0    nan  1.073   82.3  3.809  5.201   44.4   64.4
G   74.5   38.3  115.6  179.6    nan    nan    nan   87.2  3.810    nan    nan -113.0
L -118.7   48.8  107.9  179.5  -38.3    nan  0.991   83.5  3.808    nan    nan  100.6
Y -137.2   38.9  113.3 -177.0 -141.5    nan  1.033   66.3  3.809  5.603   83.3   96.3
G   84.0  162.7  113.2  179.6    nan    nan    nan   77.6  3.791    nan    nan  -67.3
K  -89.5  -15.3  112.3 -179.3   77.4    nan  1.060   84.8  3.786    nan    nan -104.2
D -155.1 -176.8  109.7  179.2   53.6    nan  1.046  153.9  3.799  4.930   -4.4   13.8
Q  -62.7  -37.0  113.9 -179.0  -76.0    nan  1.084   98.6  3.812  5.122  -57.4  -53.3
Q  -61.9  -47.8  109.9  179.3 -177.8    nan  1.027   95.4  3.786  5.431   76.1   87.8
E  -65.6  -39.1  110.7  179.6  -76.9    nan  1.047   96.8  3.810  5.250   58.2   74.0
A  -57.2  -41.4  109.4  178.9    nan    nan  1.027  102.8  3.795  5.424   77.5   89.1
A  -65.2  -41.1  111.6  179.2    nan    nan  1.046   95.6  3.821  5.348   64.8   80.1
L  -66.8  -36.6  109.8  179.4  -61.0    nan  1.024   97.5  3.813  5.317   64.7   79.0
V  -62.1  -43.4  108.2  178.7  169.4  -68.5  1.004   98.6  3.821  5.464   74.1   86.1
D  -64.5  -42.5  109.0  179.6  -82.7    nan  0.996   96.8  3.808  5.315   67.4   78.2
M  -59.6  -41.1  110.9 -179.5 -171.0    nan  1.042  100.3  3.812  5.301   70.3   85.0
V  -67.5  -48.2  109.8  178.7  174.1  -63.6  1.024   91.3  3.797  5.380   64.9   77.7
N  -59.7  -39.9  112.4 -179.4 -158.4    nan  1.079  100.1  3.807  5.272   64.9   80.5
D  -64.8  -37.4  109.4  179.0  -72.2    nan  1.014   99.0  3.811  5.437   71.3   81.8
G  -65.1  -44.9  109.7  178.3    nan    nan    nan   94.7  3.798    nan    nan   82.7
V  -58.5  -48.1  109.5  178.5  172.8  -64.8  1.012   97.9  3.801    nan    nan   82.0
E  -59.6  -36.6  112.4  179.9  169.4    nan  1.057  102.1  3.818  5.236   64.8   79.7
D  -63.3  -44.1  111.6  179.5  -78.6    nan  1.034   95.4  3.816  5.451   74.0   87.1
L  -71.7  -34.9  109.3  179.5 -174.9    nan  1.033   94.4  3.796  5.232   56.0   71.6
R  -63.3  -34.7  109.7  179.2 -177.5    nan  1.031  101.4  3.807  5.481   74.2   87.3
C  -65.4  -40.4  109.3  179.4  -85.6    nan  1.023   97.0  3.794  5.419   72.8   85.7
K  -67.3  -39.4  110.3  179.3  -59.5    nan  1.020   95.4  3.801  5.325   65.0   78.6
Y  -64.1  -46.9  110.3  179.4  167.8    nan  1.022   94.0  3.798  5.310   69.0   82.7
I  -60.9  -40.5  110.0 -179.9  -73.3  166.8  1.044  100.1  3.808  5.277   64.2   79.4
S  -62.1  -47.3  109.5  179.0 -174.1    nan  1.012   95.8  3.807  5.392   71.5   83.1
L  -57.8  -54.5  109.8  179.6  171.8    nan  1.014   94.4  3.789  5.282   69.7   81.4
I  -54.1  -47.3  114.4 -179.0  -63.0  174.0  1.068   98.7  3.801  5.187   66.3   80.3
Y  -93.5  -33.4  119.1 -178.4  -62.5    nan  1.150   71.5  3.790  4.950   26.6   54.1
T  -91.1  -53.3  115.1 -179.0   22.5  -97.8  1.154   69.4  3.834  5.363   42.3   68.3
N -148.5   79.5  115.1  175.1   80.0    nan  1.220   93.6  3.800  4.875  -41.2  -12.8
Y  -68.2  -45.6  108.7  179.6 -175.9    nan  0.983   92.7  3.769  6.093 -147.2 -174.8
E  -51.5  -67.6  115.6 -179.4 -127.8    nan  1.081   85.7  3.785  5.208   73.3   90.4
A  -76.6  -25.9  115.5 -178.4    nan    nan  1.087   91.4  3.789  4.840   29.7   50.5
G  -94.4  -12.0  120.7 -177.5    nan    nan    nan   79.6  3.790    nan    nan   74.0
K  -52.8  -46.7  115.6 -177.9 -164.4    nan  1.097   99.5  3.803    nan    nan  123.3
D  -60.5  -51.2  114.5 -178.9  -66.2    nan  1.088   91.6  3.806  5.280   67.0   83.4
D  -61.6  -38.6  109.9  179.2  -77.1    nan  1.017  100.7  3.807  5.280   64.2   75.3
Y  -61.2  -52.4  111.5 -179.6 -172.9    nan  1.045   92.3  3.796  5.336   72.3   87.1
V  -63.4  -31.6  111.7 -179.4  175.5  -62.8  1.051  102.0  3.808  5.215   58.5   73.3
K  -66.8  -44.0  109.1  179.0  179.7    nan  0.998   94.3  3.810  5.429   76.2   87.0
A  -75.5  -16.0  113.6  180.0    nan    nan  1.063   97.6  3.818  5.133   48.9   68.6
L  -50.5  -48.8  118.1 -178.6 -127.7    nan  1.116   98.4  3.821  5.699  104.3  120.6
P  -54.7  -43.2  112.5 -179.6  -20.3    nan  1.002  102.0  3.823  5.273   75.9   86.5
G  -64.5  -26.4  112.2  179.6    nan    nan    nan  103.5  3.782    nan    nan   80.3
Q  -80.8  -31.6  111.8  179.4  -61.6    nan  1.037   86.7  3.800    nan    nan   79.7
L  -85.2  -29.3  112.9 -179.6  -66.4    nan  1.049   83.3  3.813  5.267   52.6   72.0
K  -45.0  -47.6  115.2 -178.9 -110.3    nan  1.091  104.7  3.805  5.557   98.5  112.7
P  -54.3  -35.0  115.1 -179.7  -23.7    nan  1.032  106.3  3.816  5.267   74.7   87.8
F  -74.5  -32.7  111.2 -179.5  -58.7    nan  1.056   92.1  3.808  5.320   55.1   79.5
E  -66.9  -43.5  106.3  178.1  174.5    nan  0.982   96.2  3.816  5.486   73.6   84.6
T  -60.4  -45.9  111.0  179.2  -59.0 -179.9  1.027   97.0  3.801  5.311   68.3   81.6
L  -58.0  -45.4  109.0  179.2  -80.2    nan  1.011  100.1  3.818  5.325   72.1   82.3
L  -59.4  -46.4  110.5  179.6 -121.5    nan  1.022   97.6  3.799  5.281   69.2   81.6
S  -59.4  -26.1  113.7 -179.2   77.9    nan  1.081  107.7  3.801  5.257   65.1   82.9
Q  -93.1    1.6  114.2 -179.7  -58.9    nan  1.074   87.6  3.818  5.337   49.3   70.4
N -121.4   93.8  110.8  179.9  178.7    nan  1.041  109.7  3.805  5.365   48.2   66.6
Q   52.5   39.2  111.4  179.9  -70.0    nan  1.040  106.8  3.796  5.105  -21.3  -45.1
G   67.0   12.2  115.8  179.1    nan    nan    nan  107.2  3.791    nan    nan  -83.4
G   77.5   17.4  113.0  179.6    nan    nan    nan   95.3  3.788    nan    nan  -97.8
K  -85.6  -16.3  114.2 -178.7  -49.3    nan  1.061   87.6  3.811    nan    nan  117.6
T -110.3 -104.8  113.2 -178.9   52.2  -68.0  1.089   74.4  3.813  5.242   39.2   63.0
F -120.8  179.0  112.4 -178.9  -58.7    nan  1.066  121.2  3.809  4.635  -51.3  -28.9
I  -65.8  -33.8  111.6 -179.0 -162.9   73.8  1.106   98.9  3.795  5.288  -67.7  -61.8
V -137.7  127.1  109.6  177.4  170.7  -68.2  1.026  128.8  3.829  5.117   -2.2   14.5
G   67.3 -161.9  113.5  179.2    nan    nan    nan   75.3  3.783    nan    nan    0.6
D -113.4   18.0  115.1 -178.4   65.9    nan  1.092   75.1  3.778    nan    nan  -82.2
Q -130.9  148.9  105.2  177.8   55.6    nan  0.987  131.5  3.798  5.508   56.6   68.3
I  -67.2  151.2  110.1 -179.5 -159.9   77.3  1.048   79.2  3.797  5.634  -95.2  -98.3
S -136.5  168.6  108.1  179.7   71.2    nan  0.993  138.9  3.825  5.681 -160.9 -166.6
F  -60.9  -27.8  112.1 -179.9   68.1    nan  1.082  106.0  3.778  5.313  -72.7  -69.7
A  -65.6  -30.8  110.7  179.5    nan    nan  1.042  101.0  3.814  5.571   79.6   92.8
D  -61.3  -48.3  109.4  178.4  -79.8    nan  1.004   95.8  3.822  5.554   82.8   92.6
Y  -63.2  -40.4  111.1 -179.4  -63.5    nan  1.051   97.8  3.812  5.220   60.9   76.5
N  -67.7  -45.5  109.5 -179.8 -159.3    nan  1.028   92.6  3.778  5.319   64.7   79.3
L  -63.3  -42.9  110.1  178.9  172.0    nan  1.030   96.9  3.820  5.354   64.0   77.5
L  -56.7  -47.9  110.3  179.1  175.2    nan  1.040   98.8  3.811  5.398   74.7   86.4
D  -59.3  -43.2  111.5  179.5  177.1    nan  1.046   98.9  3.800  5.341   67.9   80.1
L  -58.0  -45.1  109.8 -179.9 -178.5    nan  1.021   99.8  3.804  5.335   74.9   85.8
L  -65.9  -43.8  110.9  179.8  -60.2    nan  1.043   94.0  3.804  5.243   60.3   76.4
L  -59.6  -46.7  111.5  179.8  -71.6    nan  1.055   96.7  3.808  5.370   69.1   83.9
I  -70.6  -24.3  112.8 -178.7   67.3  -56.3  1.106   98.8  3.794  5.307   52.5   73.0
H  -78.7  -25.7  110.4  178.8  -87.5    nan  1.060   91.6  3.784  5.521   67.9   83.5
E  -68.8  -31.5  107.9  178.2  -72.6    nan  1.008   99.1  3.812  5.579   77.5   89.7
V  -75.2  -38.2  108.9  178.0  169.3  -69.2  1.016   90.4  3.799  5.443   63.6   78.0
L  -72.4  -40.8  112.9 -179.5  170.7    nan  1.052   89.3  3.830  5.319   61.6   77.5
A -135.9   80.1  107.6 -179.2    nan    nan  0.987   94.8  3.801  4.771   -4.9   11.8
P  -50.0  133.3  111.2 -179.8  -24.1    nan  0.979   76.2  3.814  6.018 -145.7 -151.5
G   86.4    2.5  116.0  179.8    nan    nan    nan   92.5  3.803    nan    nan   24.1
C  -63.0  -17.2  112.9 -179.6   62.4    nan  1.070  109.3  3.800    nan    nan  124.4
L  -98.7    0.5  112.7 -179.6  -98.8    nan  1.046   81.4  3.818  5.375   53.1   72.5
D  -61.6  -37.9  112.1 -179.6  -75.8    nan  1.045   99.9  3.810  5.830  110.8  123.5
A  -78.1   -5.8  112.7  179.8    nan    nan  1.047   99.6  3.800  5.208   54.9   72.2
F -123.0   87.5  111.7 -179.1  -55.6    nan  1.041  106.6  3.807  5.203   37.7   58.7
P  -56.6  -39.4  116.9 -179.8   18.9    nan  1.057  100.7  3.839  6.028 -144.9 -151.7
L  -68.7  -43.7  110.9 -179.6  -95.6    nan  1.052   91.9  3.817  5.341   59.3   81.1
L  -65.6  -41.9  109.6  179.5  -76.2    nan  1.016   95.9  3.817  5.345   64.8   77.5
S  -58.3  -52.8  110.7  179.6  -93.8    nan  1.017   94.5  3.796  5.320   74.6   85.9
A  -62.7  -35.3  110.4 -179.8    nan    nan  1.020  101.3  3.781  5.092   59.0   72.6
Y  -61.5  -49.7  110.1 -179.2  172.2    nan  1.022   94.5  3.805  5.307   74.3   89.9
V  -59.4  -49.0  109.6  178.9  173.1  -65.1  1.021   96.7  3.809  5.304   63.6   77.3
G  -58.7  -46.0  112.3  179.7    nan    nan    nan   97.3  3.795    nan    nan   79.8
R  -62.0  -49.0  112.9 -179.5 -172.3    nan  1.055   92.8  3.784    nan    nan   80.8
L  -67.8  -40.0  112.0 -179.8  -72.7    nan  1.051   93.8  3.823  5.251   55.7   72.5
S  -63.2  -20.5  110.9 -179.8  -64.3    nan  1.026  108.1  3.817  5.361   71.6   84.2
A  -85.9  -13.8  113.3 -179.0    nan    nan  1.068   88.6  3.794  5.347   60.7   81.8
R  -55.1  125.9  104.9  179.0  -65.3    nan  0.984   80.5  3.792  5.749  105.8  113.8
P  -34.4  -70.1  117.6 -179.1  -31.4    nan  1.069   92.0  3.860  5.575  -81.4  -91.8
K  -58.6  -39.2  113.1 -179.4  -65.8    nan  1.069  101.1  3.801  5.039   43.4   64.3
L  -68.0  -43.2  110.6  179.8 -138.2    nan  1.037   92.9  3.828  5.403   66.5   80.5
K  -58.5  -48.2  109.4  179.4 -174.7    nan  1.006   97.9  3.788  5.312   74.4   84.4
A  -58.5  -46.2  109.9  178.7    nan    nan  1.020   98.8  3.801  5.238   66.4   79.3
F  -61.9  -46.3  112.2 -179.2  176.2    nan  1.061   94.9  3.798  5.262   63.8   80.4
L  -62.9  -26.6  113.5 -179.0  -70.3    nan  1.076  104.4  3.802  5.272   63.7   80.3
A  -86.9  -21.3  112.6 -179.7    nan    nan  1.046   84.9  3.814  5.347   57.0   75.0
S  -66.8  149.8  116.1 -178.3   84.1    nan  1.075   82.1  3.826  5.511   82.8  100.4
P  -57.5  -32.2  112.3  179.7  -20.9    nan  0.981  106.5  3.855  5.304  -77.8  -92.1
E  -54.5  -34.6  111.3  179.2 -179.1    nan  1.013  108.1  3.807  5.347   80.4   98.6
Y  -99.5  -55.4  110.7  179.1  173.7    nan  1.021   67.6  3.817  5.103   32.2   53.3
V  -56.9  -36.8  116.5 -177.5  178.5  -59.8  1.104  102.3  3.808  5.166   60.6   79.0
N  -87.1   10.3  116.3 -177.3  -65.7    nan  1.128   97.4  3.797  5.148   45.2   69.7
L -104.0  139.0  107.2  177.4 -118.0    nan  0.965  111.7  3.775  5.695   79.9   88.2
P  -75.8  152.4  107.7  179.4   28.0    nan  0.931   85.4  3.817  5.641 -112.5 -118.2
I  -63.9  -49.8  109.0  179.7  -67.2  172.4  1.017   93.5  3.818  5.672  -91.6  -92.6
N -116.2  175.5  113.2 -179.7  -54.6    nan  1.061  117.9  3.798  4.789    2.6   24.3
G  -89.6  -11.0  117.1 -178.5    nan    nan    nan   85.4  3.777    nan    nan  -86.8
N -107.5   16.3  114.2 -179.1   64.5    nan  1.094   79.7  3.805    nan    nan   71.4
G   74.0    6.5  115.4  178.5    nan    nan    nan  103.2  3.788    nan    nan  -98.7
K -103.0  150.8  108.4  179.0  -54.7    nan  1.015  110.2  3.789    nan    nan   87.9
Q -166.6    nan  108.8 -179.8   60.1    nan  1.002    nan  3.796  5.510  168.5  160.2
