Id   phi    psi    tau  omega    chi    chi2  solid    eta  CA-CA  CB-CB  BA^AB  NA^AC
P    nan -139.9  106.7    nan   30.6    nan  0.940    nan    nan    nan    nan    nan
Y -113.3  144.3  114.0 -179.2  -56.2    nan  1.059  122.6  3.789  4.931  -83.3  -59.1
T -140.2  125.0  108.0  177.9  -57.7 -177.8  0.989  127.0  3.783  5.669 -171.2  178.6
V -110.6  120.8  110.2  176.8   -1.6  123.9  1.131  117.3  3.761  5.898 -175.4 -167.8
V -102.7  117.2  107.8 -178.0 -178.9  -54.0  0.981  111.5  3.822  5.975 -147.3 -163.6
Y -160.4  172.8  112.0 -177.2 -166.9    nan  1.016  161.9  3.775  5.553  140.0  134.6
F  -74.1  163.6  107.4  177.9  -58.9    nan  0.986   79.5  3.809  5.235  -79.2  -80.2
P  -77.4   64.1  112.9  179.9   29.3    nan  1.007  115.9  3.790  5.343  -93.4  -90.4
V -145.6  164.3  107.4  178.3  -55.0   68.2  1.005  147.1  3.828  5.811   89.0   95.2
R  -75.8  -59.7  105.9  178.4  -63.6    nan  0.974   83.9  3.806  5.334  -86.4  -91.8
G   35.2 -127.5  116.1  178.4    nan    nan    nan   72.7  3.799    nan    nan  154.5
R  -77.0    0.6  116.3 -178.8  -72.4    nan  1.112  103.3  3.790    nan    nan   -6.2
C -104.8  -10.1  112.2  179.4  -85.3    nan  1.046   71.6  3.804  5.556   65.0   82.3
A  -53.1  -53.0  113.4 -179.5    nan    nan  1.071   96.2  3.804  5.732  108.1  121.9
A  -61.7  -47.4  115.2 -179.2    nan    nan  1.099   92.6  3.820  5.207   57.6   76.0
L  -66.0  -29.8  111.9 -179.0   62.5    nan  1.082  100.6  3.791  5.288   59.7   76.9
R  -72.1  -43.1  108.5  178.5  -76.5    nan  0.999   91.0  3.815  5.520   72.8   83.4
M  -57.9  -43.6  107.3  178.1  -66.9    nan  0.985  102.2  3.817  5.364   74.2   83.2
L  -59.3  -52.4  110.6  179.7 -171.5    nan  1.030   94.1  3.797  5.249   69.2   83.0
L  -58.7  -45.8  112.0 -179.8  -74.0    nan  1.049   97.6  3.805  5.205   62.2   77.1
A  -62.7  -51.1  111.3 -179.6    nan    nan  1.036   92.1  3.814  5.268   65.8   79.7
D  -62.7  -28.7  112.6 -178.9 -164.8    nan  1.064  103.8  3.793  5.153   58.9   75.7
Q  -89.3    7.7  112.0 -179.7  -69.5    nan  1.059   93.6  3.800  5.294   50.0   70.8
G   63.0   34.1  114.2  179.3    nan    nan    nan   99.9  3.788    nan    nan -115.4
Q  -97.0  152.8  109.8 -179.7  -59.7    nan  1.018  105.2  3.794    nan    nan  120.1
S -103.8  137.1  107.8  178.8  -60.5    nan  0.988  112.1  3.795  5.621 -127.7 -132.0
W -145.7  159.6  111.2  178.2   76.9    nan  1.064  147.7  3.778  5.650  168.3  168.9
K -108.0  143.3  108.1  179.4  155.6    nan  0.999  115.1  3.779  5.502 -124.3 -128.4
E -110.2  121.2  110.2  179.6  -70.5    nan  1.014  117.2  3.796  5.763 -145.0 -147.5
E -107.8  104.7  104.3  177.3  -63.9    nan  0.958  107.7  3.767  5.859 -163.1 -172.2
V  -79.8  132.5  111.8 -179.7 -179.1  -56.6  1.038   98.7  3.776  6.023 -152.6 -155.3
V -108.8  118.6  107.4  179.0  175.6  -63.0  1.003  113.7  3.788  5.811 -152.6 -160.7
T  -86.3  154.3  109.4 -179.7   64.5  -56.2  1.015   94.9  3.794  5.948 -141.9 -149.9
V  -55.5  -29.9  111.5 -179.9   71.5 -165.3  1.057  109.9  3.787  5.393  -75.7  -82.8
E  -68.7  -49.2  109.7  179.5  -49.6    nan  1.019   90.0  3.825  5.507   75.3   87.5
T  -59.1  -40.3  110.9  179.6  -56.4 -177.2  1.029  101.1  3.812  5.264   66.9   78.6
W  -66.4  -48.8  112.0  179.9 -168.9    nan  1.045   90.3  3.808  5.295   66.5   80.8
Q  -65.9   -9.2  113.0 -179.6  -71.5    nan  1.071  110.2  3.807  5.169   57.2   74.4
E  -72.5  -28.4  109.0  178.8 -171.1    nan  1.023   96.7  3.813  5.710   88.8  102.3
G  103.0  -40.5  122.5  177.3    nan    nan    nan   99.7  3.809    nan    nan -116.0
S  -55.2  -49.2  117.2 -177.8   56.3    nan  1.130   95.1  3.820    nan    nan   97.1
L  -60.8  -52.6  110.4 -179.9 -144.4    nan  1.031   93.1  3.837  5.361   68.9   79.3
K  -48.7  -49.9  111.4  179.6 -168.5    nan  1.035  102.5  3.817  5.269   75.5   85.6
A  -60.8  -31.9  113.7 -179.7    nan    nan  1.069  103.2  3.819  5.184   61.9   78.0
S  -81.0  -15.5  112.7 -179.9   60.2    nan  1.062   92.8  3.824  5.346   56.8   75.7
C  -78.8  132.0  108.4  179.3  -68.3    nan  1.006   95.7  3.827  5.593   77.2   90.6
L  -44.2  -56.2  113.0 -178.9 -176.9    nan  1.069  100.0  3.831  5.648  -84.0  -95.8
Y -105.9   24.5  111.8 -179.9  -55.2    nan  1.051   84.2  3.812  4.853    8.3   29.4
G   58.3   28.0  114.2  179.7    nan    nan    nan  107.5  3.820    nan    nan -103.7
Q -142.2  170.1  115.3 -178.6  -62.5    nan  1.070  145.4  3.797    nan    nan   70.3
L -117.3  162.9  104.5  178.0  -57.7    nan  0.960  120.3  3.804  5.365 -124.6 -127.5
P  -69.3  151.8  117.7    0.7   29.9    nan  1.047   83.9  2.993  4.731   85.1   80.2
K -117.3  141.9   99.1  176.6  167.8    nan  0.896  116.6  3.784  5.654 -142.0 -153.7
F -134.7  139.1  110.3 -178.3 -172.4    nan  1.008  133.8  3.804  5.748 -173.8 -170.0
Q -124.5  131.7  109.1  179.1  -65.1    nan  1.029  125.3  3.762  5.721 -166.9 -167.2
D -130.8   92.4  101.1  179.2 -180.0    nan  0.914  100.0  3.783  5.792 -169.9  174.4
G   67.7 -136.4  104.2 -176.9    nan    nan    nan   83.2  3.768    nan    nan  -24.4
D  -90.3   10.7  113.4  179.6   68.9    nan  1.090   93.9  3.791    nan    nan  -34.5
L  -87.6  119.6  106.2  178.3 -151.9    nan  0.968  102.8  3.822  5.874   97.4  105.2
T -108.6  125.6  107.0  179.0  -66.7  173.4  1.006  114.3  3.788  5.956 -169.9 -170.6
L -120.0  151.3  112.1 -179.3  -99.1    nan  1.020  126.5  3.788  5.846 -169.4 -175.2
Y -129.4  162.5  104.1  177.0  -67.0    nan  0.958  131.4  3.799  5.650 -156.8 -162.5
Q   84.6  116.0  110.5  179.7  -60.2    nan  1.038   69.2  3.832  4.794   72.7   58.9
S  -53.0  -46.0  114.0 -179.6   53.9    nan  1.088  100.6  3.815  5.874 -110.2 -120.8
N  -67.5  -26.0  113.8 -178.9  -65.1    nan  1.093  100.4  3.820  5.279   58.6   77.0
T  -70.3  -43.5  107.3  177.8  -72.6  167.2  1.001   93.0  3.797  5.596   77.2   88.0
I  -62.9  -43.4  109.8  179.2  -61.0  178.4  1.037   97.1  3.811  5.355   65.5   79.3
L  -59.8  -47.2  110.7  178.7  -79.8    nan  1.032   96.7  3.834  5.408   71.1   82.5
R  -65.6  -37.1  111.7 -179.9  -78.0    nan  1.059   97.2  3.809  5.271   59.9   75.5
H  -63.0  -48.6  109.4 -179.9  171.3    nan  1.020   94.5  3.791  5.402   75.1   86.6
L  -64.4  -38.4  109.4  179.3 -100.6    nan  1.023   98.8  3.817  5.225   59.8   73.6
G  -63.1  -43.6  110.3  178.7    nan    nan    nan   96.6  3.818    nan    nan   84.1
R  -66.5  -48.6  113.2 -179.9 -150.3    nan  1.055   89.6  3.803    nan    nan   77.9
T  -75.4  -28.7  114.7 -178.5   59.3  -61.3  1.090   91.5  3.813  5.176   47.0   67.6
L  -97.5   -0.7  114.4 -179.2  -93.9    nan  1.069   82.2  3.819  5.213   44.3   64.0
G   74.7   38.3  115.7  179.4    nan    nan    nan   87.0  3.806    nan    nan -113.2
L -119.0   48.5  108.0  179.7  -37.4    nan  0.999   83.2  3.805    nan    nan  100.4
Y -136.7   38.6  113.5 -177.5 -142.1    nan  1.030   66.5  3.805  5.601   84.1   96.4
G   84.1  163.1  113.1  180.0    nan    nan    nan   77.8  3.812    nan    nan  -67.2
K  -89.2  -14.7  112.4 -179.3   77.2    nan  1.063   85.2  3.790    nan    nan -103.5
D -156.3 -177.6  109.7  179.6   54.3    nan  1.046  155.3  3.797  4.928   -4.3   13.4
Q  -62.0  -37.7  113.9 -178.8  -75.3    nan  1.091   98.8  3.809  5.135  -57.6  -53.5
Q  -61.2  -47.1  110.0  179.3 -177.0    nan  1.021   96.2  3.783  5.445   77.4   87.8
E  -66.3  -39.6  110.1  179.9  -77.6    nan  1.039   96.3  3.815  5.242   58.6   74.1
A  -56.5  -40.9  109.8  179.0    nan    nan  1.038  103.5  3.790  5.419   76.7   89.4
A  -66.1  -40.4  111.5 -179.9    nan    nan  1.047   95.3  3.818  5.350   64.9   80.4
L  -67.2  -37.1  109.6  179.1  -60.9    nan  1.023   97.1  3.810  5.327   64.8   79.0
V  -61.2  -43.7  108.4  178.3  169.7  -69.2  1.004   99.0  3.819  5.461   74.7   86.2
D  -64.4  -42.5  109.2  179.7  -81.8    nan  1.006   96.8  3.819  5.309   66.9   78.2
M  -60.2  -40.6  110.7 -179.4 -170.7    nan  1.039  100.2  3.800  5.303   70.4   84.4
V  -68.2  -48.1  109.6  178.8  173.5  -65.3  1.023   90.9  3.795  5.367   64.3   77.4
N  -59.2  -40.1  112.3 -179.4 -157.9    nan  1.078  100.4  3.803  5.283   65.3   80.8
D  -64.5  -37.8  109.2  179.1  -72.2    nan  1.021   99.1  3.811  5.421   71.0   81.9
G  -65.7  -43.6  109.7  179.2    nan    nan    nan   95.0  3.790    nan    nan   82.5
V  -59.3  -48.5  109.1  178.7  172.5  -65.9  1.009   97.3  3.803    nan    nan   82.5
E  -58.8  -37.2  112.0  179.7  169.7    nan  1.054  102.6  3.815  5.228   65.5   79.7
D  -63.1  -44.3  111.5  180.0  -78.6    nan  1.036   95.5  3.815  5.443   73.7   87.0
L  -71.5  -35.2  109.4  179.9 -174.7    nan  1.031   94.5  3.798  5.237   56.5   71.9
R  -63.0  -35.1  109.8  179.0 -177.4    nan  1.030  101.4  3.807  5.475   74.6   87.2
C  -65.0  -41.3  109.5  178.9  -87.2    nan  1.025   96.8  3.798  5.414   72.9   85.4
K  -66.7  -38.2  110.7  179.0  -59.3    nan  1.024   96.3  3.803  5.318   64.8   78.4
Y  -65.7  -46.7  109.6  180.0  167.2    nan  1.013   93.4  3.803  5.314   69.1   82.7
I  -60.9  -40.7  110.2  180.0  -73.3  166.6  1.045   99.9  3.807  5.268   64.0   79.4
S  -62.1  -46.8  109.7  179.2 -174.7    nan  1.016   95.9  3.803  5.381   71.1   83.1
L  -58.7  -53.8  109.8  179.4  171.3    nan  1.014   94.2  3.793  5.300   69.4   81.0
I  -54.3  -47.6  114.3 -179.1  -63.8  173.7  1.063   98.5  3.797  5.187   67.2   80.7
Y  -93.3  -33.9  118.9 -178.1  -62.6    nan  1.150   71.5  3.795  4.943   26.3   54.1
T  -90.6  -53.1  115.2 -179.2   22.7  -97.6  1.152   69.7  3.839  5.364   42.6   68.1
N -148.7   78.9  115.2  175.1   79.7    nan  1.222   93.0  3.803  4.877  -41.5  -12.8
Y  -67.7  -45.1  108.9  179.6 -176.0    nan  0.986   93.2  3.764  6.085 -147.4 -174.7
E  -52.3  -67.2  115.4 -179.0 -128.3    nan  1.077   85.7  3.786  5.211   73.3   90.4
A  -76.9  -26.2  115.3 -178.4    nan    nan  1.083   91.2  3.793  4.845   29.9   50.5
G  -94.1  -11.9  120.8 -177.6    nan    nan    nan   79.9  3.791    nan    nan   74.0
K  -52.9  -46.1  115.7 -178.1 -164.3    nan  1.096   99.8  3.808    nan    nan  123.1
D  -61.0  -51.8  114.3 -178.8  -66.3    nan  1.090   91.0  3.812  5.290   66.7   83.5
D  -61.1  -38.7  110.1  179.0  -76.4    nan  1.019  100.9  3.810  5.289   64.3   75.1
Y  -61.2  -51.9  111.5 -179.9 -172.8    nan  1.044   92.5  3.800  5.342   72.6   86.9
V  -64.0  -31.7  111.7 -179.2  174.9  -63.1  1.050  101.4  3.807  5.207   58.5   73.3
K  -66.6  -44.0  109.0  178.8  179.9    nan  0.998   94.5  3.804  5.419   76.0   86.9
A  -75.8  -15.6  113.4 -179.7    nan    nan  1.061   97.6  3.819  5.127   48.7   68.7
L  -50.8  -48.9  118.1 -178.5 -127.5    nan  1.117   98.1  3.825  5.703  104.2  120.8
P  -54.5  -44.4  112.6 -179.7  -20.5    nan  0.999  101.3  3.824  5.268   76.3   86.6
G  -63.2  -26.3  112.4  178.9    nan    nan    nan  104.8  3.787    nan    nan   79.9
Q  -81.4  -30.3  111.7  179.7  -61.4    nan  1.037   86.8  3.811    nan    nan   79.5
L  -87.1  -29.1  112.6 -179.3  -66.5    nan  1.046   81.8  3.803  5.267   52.3   71.6
K  -44.9  -47.1  115.6 -179.7 -109.2    nan  1.088  105.0  3.802  5.557   99.1  112.3
P  -54.8  -35.8  114.7 -179.9  -24.0    nan  1.026  105.5  3.824  5.271   74.9   87.6
F  -73.9  -33.1  111.1 -179.4  -58.7    nan  1.055   92.5  3.794  5.306   55.0   79.4
E  -66.1  -43.9  106.4  178.1  174.7    nan  0.980   96.5  3.827  5.491   74.2   84.9
T  -59.5  -46.3  110.8  178.8  -59.6  180.0  1.027   97.5  3.811  5.315   68.3   81.7
L  -58.5  -44.9  109.2  179.9  -80.3    nan  1.015   99.9  3.816  5.326   71.3   82.0
L  -59.8  -47.1  110.0  179.5 -120.6    nan  1.017   97.2  3.791  5.279   69.8   81.6
S  -58.6  -25.8  113.9 -179.4   78.1    nan  1.083  108.6  3.803  5.261   65.3   82.7
Q  -93.7    2.0  114.0 -179.8  -58.6    nan  1.071   87.1  3.817  5.335   49.3   69.9
N -122.1   93.4  110.8  179.8  178.7    nan  1.037  109.4  3.800  5.362   48.1   66.4
Q   53.1   38.9  111.1  179.9  -69.9    nan  1.037  106.6  3.795  5.100  -21.6  -44.9
G   67.2   11.4  115.9  179.0    nan    nan    nan  107.5  3.784    nan    nan  -83.5
G   78.0   18.3  112.9  179.6    nan    nan    nan   94.5  3.789    nan    nan  -97.9
K  -85.8  -16.9  113.7 -178.4  -49.5    nan  1.058   87.3  3.804    nan    nan  118.4
T -109.2 -105.0  113.4 -178.8   51.1  -68.2  1.089   73.9  3.803  5.238   39.6   63.7
F -119.9  179.1  113.4 -179.6  -58.1    nan  1.080  120.2  3.820  4.643  -51.4  -28.3
I  -66.6  -32.4  111.5 -178.4 -163.2   73.1  1.105   99.0  3.802  5.294  -67.4  -62.0
V -139.4  125.8  109.6  177.6  170.4  -68.2  1.023  128.5  3.833  5.113   -1.9   14.0
G   68.4 -162.8  113.5  179.3    nan    nan    nan   76.0  3.769    nan    nan    0.3
D -112.8   17.3  114.8 -178.1   66.1    nan  1.091   75.2  3.773    nan    nan  -82.6
Q -130.4  149.2  105.2  177.8   56.1    nan  0.991  131.2  3.801  5.505   55.7   68.4
I  -67.7  150.2  109.8 -179.0 -159.4   77.1  1.047   80.0  3.806  5.653  -94.8  -98.2
S -135.9  167.4  108.2  179.5   71.0    nan  0.988  138.4  3.818  5.677 -161.0 -167.1
F  -59.4  -28.4  112.0 -179.9   68.6    nan  1.086  107.1  3.794  5.336  -72.7  -69.8
A  -65.0  -29.6  110.9  179.3    nan    nan  1.041  102.0  3.810  5.581   79.9   92.6
D  -63.0  -47.2  109.3  179.8  -80.1    nan  1.006   95.3  3.825  5.551   82.1   93.2
Y  -63.6  -41.2  110.6 -179.6  -64.1    nan  1.042   97.3  3.804  5.217   61.5   76.8
N  -66.6  -45.7  110.0  179.7 -158.7    nan  1.039   93.1  3.785  5.319   63.9   79.3
L  -63.9  -42.5  109.8  179.5  171.6    nan  1.026   96.8  3.810  5.350   64.0   77.3
L  -56.7  -48.4  110.1  179.4  175.4    nan  1.032   98.7  3.820  5.412   75.5   86.8
D  -58.9  -43.3  111.7  179.4  177.4    nan  1.047   99.1  3.799  5.317   67.7   80.0
L  -58.7  -42.9  110.1  180.0 -178.4    nan  1.024  100.5  3.800  5.328   74.0   85.0
L  -68.4  -43.1  110.7 -179.9  -60.3    nan  1.041   92.5  3.793  5.247   59.8   76.3
L  -59.5  -47.0  111.6  179.3  -71.2    nan  1.058   96.5  3.795  5.362   69.3   84.3
I  -70.4  -23.4  112.9 -178.6   67.6  -56.0  1.105   99.4  3.805  5.312   52.6   73.0
H  -79.4  -25.7  110.5  178.8  -87.5    nan  1.068   90.9  3.789  5.531   67.2   83.7
E  -68.9  -32.0  107.8  178.3  -72.9    nan  1.006   98.8  3.804  5.578   77.9   89.6
V  -74.0  -39.0  109.2  177.9  169.1  -69.3  1.023   90.9  3.803  5.443   63.6   78.6
L  -72.2  -40.8  113.1 -179.6  170.4    nan  1.055   89.3  3.829  5.313   61.0   76.9
A -135.8   80.7  107.5 -179.5    nan    nan  0.987   95.2  3.798  4.779   -5.0   11.7
P  -50.6  133.4  111.2 -179.9  -24.0    nan  0.981   76.5  3.817  6.024 -145.7 -151.6
G   86.7    3.0  115.7  179.8    nan    nan    nan   92.0  3.799    nan    nan   24.5
C  -64.0  -17.4  113.2 -179.3   62.8    nan  1.070  108.2  3.806    nan    nan  124.2
L  -98.7    0.4  112.7  180.0  -97.9    nan  1.046   81.4  3.821  5.380   52.5   71.9
D  -61.5  -38.3  112.0 -179.7  -75.5    nan  1.040   99.8  3.818  5.833  111.3  123.4
A  -77.7   -6.1  112.5 -179.9    nan    nan  1.048   99.9  3.802  5.207   54.7   72.5
F -122.7   87.4  111.9 -178.4  -55.2    nan  1.046  106.8  3.812  5.216   37.9   59.2
P  -56.6  -39.7  117.1 -179.6   19.4    nan  1.058  100.4  3.834  6.016 -144.4 -151.8
L  -68.9  -43.2  111.0 -179.7  -95.9    nan  1.047   91.9  3.797  5.320   59.3   80.7
L  -66.1  -42.5  109.1 -179.9  -76.8    nan  1.008   95.5  3.822  5.347   65.2   78.0
S  -57.3  -53.8  110.3  179.8  -93.4    nan  1.013   94.8  3.810  5.314   74.9   86.3
A  -62.1  -35.6  110.6  179.9    nan    nan  1.024  101.5  3.791  5.104   58.1   72.0
Y  -61.1  -49.6  110.2 -179.6  172.2    nan  1.015   94.8  3.802  5.318   75.1   89.7
V  -59.7  -49.9  108.7  179.5  173.2  -65.4  1.012   96.5  3.813  5.303   63.5   77.3
G  -57.4  -46.5  112.3  179.9    nan    nan    nan   98.0  3.789    nan    nan   80.1
R  -62.1  -48.9  113.0 -179.4 -172.3    nan  1.056   92.7  3.783    nan    nan   80.2
L  -68.0  -39.5  111.9 -179.9  -72.2    nan  1.049   94.0  3.821  5.257   55.6   72.3
S  -63.7  -20.0  111.0 -179.5  -64.7    nan  1.027  107.9  3.817  5.363   71.5   84.6
A  -85.9  -14.6  113.3 -178.9    nan    nan  1.071   88.3  3.791  5.349   60.8   82.4
R  -54.8  125.8  105.0  178.9  -64.2    nan  0.986   80.5  3.790  5.748  105.3  113.4
P  -34.6  -69.3  117.6 -178.8  -31.6    nan  1.065   92.6  3.861  5.576  -81.2  -91.9
K  -59.3  -39.4  113.1 -179.4  -66.0    nan  1.065  100.4  3.801  5.033   43.5   64.3
L  -68.8  -40.4  111.3  179.7 -143.1    nan  1.039   93.2  3.805  5.369   65.3   79.7
K  -61.1  -46.6  108.5  179.8 -176.7    nan  0.997   97.5  3.803  5.340   74.8   84.9
A  -60.0  -45.6  109.8  179.2    nan    nan  1.020   98.1  3.804  5.242   65.9   79.3
F  -62.5  -45.6  112.3 -179.6  176.1    nan  1.055   94.7  3.788  5.259   64.0   79.9
L  -63.5  -26.2  113.6 -178.9  -70.2    nan  1.076  104.0  3.809  5.281   63.7   80.4
A  -86.7  -21.6  112.5 -179.7    nan    nan  1.044   85.0  3.808  5.334   57.8   75.4
S  -66.7  149.6  115.8 -177.9   83.2    nan  1.077   82.0  3.828  5.502   82.3  100.4
P  -56.8  -33.6  112.2  179.8  -21.4    nan  0.982  106.3  3.856  5.304  -77.3  -91.6
E  -53.2  -35.0  110.8  179.6 -178.9    nan  1.007  109.1  3.817  5.349   80.8   98.6
Y  -99.8  -55.2  110.9  179.5  173.3    nan  1.023   67.3  3.816  5.090   31.4   52.9
V  -57.3  -36.4  116.8 -178.0  178.6  -59.2  1.100  102.1  3.809  5.176   60.8   78.6
N  -87.7   10.2  115.8 -177.5  -66.4    nan  1.116   96.7  3.805  5.143   45.6   69.3
L -103.8  139.1  106.2  178.0 -119.6    nan  0.955  110.9  3.786  5.704   79.9   88.6
P  -76.2  151.9  107.8  179.2   28.2    nan  0.930   86.0  3.815  5.646 -112.9 -118.2
I  -63.2  -49.8  109.1  179.7  -67.1  172.9  1.019   93.9  3.823  5.669  -91.6  -92.5
N -116.2  175.1  113.0 -179.5  -55.0    nan  1.062  118.0  3.805  4.796    2.6   24.4
G  -88.9  -12.1  117.1 -178.5    nan    nan    nan   85.6  3.779    nan    nan  -86.7
N -107.2   16.0  114.3 -179.0   64.9    nan  1.094   79.9  3.795    nan    nan   70.8
G   74.4    6.1  115.5  178.3    nan    nan    nan  102.9  3.784    nan    nan  -98.8
K -102.8  151.0  108.3  178.8  -54.8    nan  1.016  110.0  3.782    nan    nan   87.6
Q -166.7    nan  109.3 -179.2   60.3    nan  1.004    nan  3.797  5.510  169.3  160.5
