Id   phi    psi    tau  omega    chi    chi2  solid    eta  CA-CA  CB-CB  BA^AB  NA^AC
E    nan  -43.5  111.2    nan -172.2    nan  1.043    nan    nan    nan    nan    nan
K  -82.6  144.8  107.2  178.5  -51.5    nan  1.003   93.7  3.810  5.209   45.4   60.5
K  -65.8  141.4  108.7 -179.9 -173.1    nan  0.998   82.1  3.803  5.577  -93.8 -102.8
S -116.1  170.3  109.6 -179.7   80.6    nan  1.005  118.9  3.812  5.777 -153.2 -154.7
I  -54.7  -34.2  112.0  179.3 -174.6   61.1  1.072  107.8  3.806  5.163  -63.2  -63.4
N  -62.5  -18.9  112.9  179.2  -81.9    nan  1.056  108.9  3.831  5.524   76.2   89.9
E -100.6    4.8  113.2 -179.6  -73.3    nan  1.065   81.3  3.819  5.328   48.7   69.2
C  -96.4  150.0  115.9 -178.7  -64.9    nan  1.053  108.2  3.811  5.623   79.9   96.6
D  -87.0  118.9  101.7  175.1  -71.0    nan  0.910   98.8  3.818  5.514 -109.6 -125.0
L -120.7  -15.6  115.4 -177.2  -50.2    nan  1.070   53.8  3.824  5.885  176.1 -177.6
K  -63.5  122.2  111.4 -178.5 -175.3    nan  1.061   92.2  3.807  5.665   93.1  108.1
G   80.8   -0.2  113.7  179.5    nan    nan    nan   99.3  3.778    nan    nan    7.5
K  -91.4  145.4  113.8 -178.9  -59.6    nan  1.053  104.4  3.807    nan    nan   95.8
K  -95.8  110.1   99.6  176.8 -155.9    nan  0.903  101.0  3.796  5.602 -123.4 -138.2
V  -99.6  120.6  114.9 -175.2 -168.9  -46.7  1.077  116.2  3.803  6.048 -171.2 -163.5
L  -86.0  119.2  105.5  177.7  -69.7    nan  0.949  101.4  3.797  5.852 -134.6 -154.4
I -121.3  120.1  110.9 -180.0  -50.8 -171.8  1.028  121.6  3.815  5.946  176.4  178.4
R  -86.6  105.4  104.9  178.1 -149.1    nan  0.978  103.4  3.787  5.884 -141.4 -152.0
V -104.3  165.5  113.0 -178.5  -60.6   61.1  1.051  109.6  3.798  6.040 -176.8 -177.7
D -107.9   98.0  105.9  177.5  173.8    nan  0.971  107.5  3.795  5.454 -120.3 -122.3
F -115.0   25.5  108.5  179.2  -80.2    nan  0.996   75.1  3.807  6.009  165.1  160.9
N  -76.0   70.2  109.4  179.3 -174.2    nan  1.020  112.7  3.801  5.975  120.2  132.3
V  -89.7  153.3  111.5 -179.3  -63.3   60.5  1.049   99.2  3.793  6.163  159.0  161.8
P  -76.0  134.0  107.4  179.3   31.1    nan  0.911   92.3  3.806  5.319  -92.5 -104.5
V -128.5  142.5  109.6  179.7  -63.2   57.7  1.022  130.8  3.822  5.915  179.2 -176.4
K -135.4  122.1  108.7  179.1 -173.3    nan  1.008  124.7  3.828  5.731 -170.5 -175.2
N   53.7   38.3  111.2  179.5  -65.0    nan  1.064  106.5  3.778  4.846    5.3  -16.1
G   82.0    1.4  118.5  177.9    nan    nan    nan   97.3  3.775    nan    nan  -71.5
K -113.5  139.2  109.4  179.5  -56.2    nan  1.017  120.1  3.792    nan    nan   73.6
I  -72.7  128.6  106.3  178.3  -63.8  172.1  0.960   91.4  3.793  5.641 -104.2 -118.3
T  -98.4   -4.8  113.8 -179.9   56.2  -65.0  1.126   79.6  3.815  5.921 -156.8 -148.7
N -161.7  108.8  108.1  177.4 -179.8    nan  1.020  113.5  3.812  5.098    4.2   14.8
D  -94.2   14.8  114.1 -179.6   66.3    nan  1.098   91.9  3.809  6.018 -165.0 -165.9
Y  -48.9  -47.3  113.8 -178.2 -170.8    nan  1.067  102.8  3.833  6.078  142.4  149.9
R  -62.1  -34.6  112.8 -179.7  -70.7    nan  1.073  101.0  3.820  5.263   63.7   79.7
I  -69.8  -44.5  107.3 -179.8  -59.5 -178.5  1.013   93.0  3.797  5.449   69.7   82.4
R  -60.2  -41.1  111.2  178.8  -69.3    nan  1.063   99.7  3.797  5.345   66.5   80.9
S  -65.1  -24.0  112.7 -178.7  -60.4    nan  1.060  104.0  3.810  5.382   68.1   82.9
A  -79.4  -18.9  114.3 -179.7    nan    nan  1.073   92.4  3.821  5.430   66.3   85.0
L  -50.8  -49.2  118.9 -177.1  -54.8    nan  1.177   97.4  3.816  5.666   98.5  119.5
P  -55.5  -40.2  115.0 -179.7  -33.2    nan  1.026  102.0  3.840  5.345   76.5   86.1
T  -63.7  -45.5  110.6  178.3  -66.6  172.6  1.047   94.9  3.838  5.409   62.0   82.7
L  -64.8  -42.4  111.2  179.3  -84.5    nan  1.054   95.4  3.810  5.299   61.1   76.9
K  -59.3  -39.3  109.7  180.0 -177.2    nan  1.023  102.2  3.826  5.396   72.7   85.0
K  -60.4  -46.6  110.7  179.4  172.9    nan  1.046   96.7  3.814  5.381   71.8   86.3
V  -60.7  -50.3  110.8  179.8  174.4  -63.0  1.034   94.2  3.806  5.367   67.8   80.1
L  -59.8  -43.3  111.9 -179.2  -60.8    nan  1.059   98.4  3.818  5.185   63.3   78.4
T  -61.1  -36.8  110.7  178.9  -74.1  165.4  1.033  101.6  3.824  5.334   67.8   82.0
E  -81.7   -2.9  113.2  179.9  -62.7    nan  1.098   97.1  3.806  5.271   46.0   70.2
G   92.3   22.4  118.3  178.0    nan    nan    nan   77.5  3.810    nan    nan -100.6
G -102.9 -175.3  109.0  177.9    nan    nan    nan  101.3  3.793    nan    nan  101.6
S -125.5  159.3  105.2  175.6   58.4    nan  1.008  128.2  3.810    nan    nan -117.2
C -119.2  132.0  115.0 -176.6  -52.5    nan  1.039  126.9  3.809  5.610 -135.1 -133.9
V -116.7  103.8  100.6  175.2  179.5  -58.1  0.929  105.4  3.807  5.781 -161.6 -175.0
L  -90.7  136.8  113.8 -176.6  -46.4    nan  1.061  106.5  3.811  6.036 -165.9 -162.7
M -125.8  136.7  108.9 -179.7  -53.3    nan  0.977  127.3  3.805  5.748 -161.7 -173.2
S -164.3  171.7  110.3  180.0 -170.1    nan  1.024  165.1  3.775  5.503  152.1  148.1
H -123.1  161.0  106.2  177.6   74.3    nan  0.991  126.3  3.765  5.440 -133.0 -129.4
L -141.0  128.2  104.4  178.7 -169.2    nan  0.959  127.2  3.777  5.527 -158.5 -160.7
G   61.3 -154.3  113.9  179.6    nan    nan    nan   73.8  3.803    nan    nan   -1.7
R -131.1   70.1  109.5 -179.8  -61.4    nan  1.026   90.7  3.798    nan    nan  -93.4
P  -67.8  156.3  110.9  179.9   32.7    nan  0.968   77.7  3.811  6.077 -175.1 -177.9
K  -58.0  -52.6  112.0 -179.5  175.5    nan  1.033   94.0  3.833  5.513  -80.0  -83.1
G   92.2  157.2  109.4 -179.1    nan    nan    nan   84.6  3.771    nan    nan -140.8
I -138.6  148.3  106.7 -179.5 -167.8   70.3  0.969  137.6  3.796    nan    nan -162.6
P  -68.2  141.8  110.5  179.5  -30.0    nan  0.943   84.8  3.826  5.489  -93.8 -100.3
M  -51.9  -35.8  113.5 -179.6  -77.8    nan  1.035  108.5  3.832  5.631  -87.4  -93.9
A  -57.4  -34.4  113.1 -179.0    nan    nan  1.070  104.9  3.804  5.358   79.2   95.0
Q  -78.7  -11.0  113.3 -179.5  -64.6    nan  1.060   96.8  3.797  5.295   57.7   76.0
A  -56.4  -45.4  114.3 -179.0    nan    nan  1.091   98.3  3.802  5.708  102.9  118.8
G  -51.4  -54.5  113.2 -179.4    nan    nan    nan   96.4  3.813    nan    nan   91.7
K  -52.9  -55.6  109.6  179.1  -98.9    nan  0.989   96.9  3.803    nan    nan   79.9
I  -51.0  -48.6  113.6 -178.4  -52.4 -175.0  1.056  100.5  3.814  5.135   69.4   82.4
R  -62.3  -33.3  112.1 -179.2  -63.5    nan  1.081  101.8  3.789  5.168   61.7   78.5
S  -63.3  -39.1  109.4  178.7  -62.0    nan  1.018   99.2  3.828  5.531   77.8   88.7
T  -72.9   -9.6  107.9  178.9  -45.3 -165.3  0.982  103.9  3.800  5.316   62.6   73.6
G   89.8   -1.1  112.7 -179.5    nan    nan    nan   90.6  3.783    nan    nan -105.3
G  -81.6  169.9  113.8 -179.4    nan    nan    nan   85.7  3.785    nan    nan  104.4
V -104.8  119.8  109.2  178.1   24.3  148.0  1.103  113.8  3.799    nan    nan -112.7
P  -52.5  120.8  113.6 -179.8  -31.3    nan  0.975   87.7  3.842  5.669  -94.0 -117.6
G   76.0    8.9  114.9  178.5    nan    nan    nan  100.1  3.789    nan    nan   -0.3
F  -59.1  141.3  115.5 -178.6 -173.8    nan  1.094   80.2  3.782    nan    nan  135.5
Q -150.5  114.8  104.8  177.7  -73.5    nan  0.980  118.7  3.785  5.591  177.4  161.5
Q  -47.4  -43.3  115.2 -178.3 -167.0    nan  1.091  106.1  3.801  5.830 -105.6 -114.2
K  -62.4  -25.1  113.6 -179.7  -80.4    nan  1.063  105.6  3.807  5.317   69.1   83.5
A -112.8   20.0  116.3 -177.7    nan    nan  1.125   77.1  3.792  5.040   26.9   54.4
T  -77.5  146.4  111.2  179.0  179.9   59.8  1.064   90.8  3.802  5.996  115.3  125.3
L  -93.7    2.1  112.0 -179.6  -78.2    nan  1.061   87.0  3.820  5.657 -123.5 -127.9
K  -51.7  -44.5  114.7 -179.3 -173.8    nan  1.123  102.3  3.809  5.946  120.5  135.1
P  -69.4  -25.7  111.7  179.8   29.9    nan  0.977   99.6  3.815  5.279   65.2   75.5
V  -68.0  -38.8  108.5  179.3  173.7  -64.6  1.047   96.2  3.815  5.497   67.5   91.6
A  -57.6  -46.9  110.0  178.0    nan    nan  1.033   99.0  3.818  5.492   76.3   87.9
K  -62.7  -46.4  111.5  179.2 -179.3    nan  1.047   94.6  3.838  5.295   62.8   77.2
R  -62.9  -40.6  111.0  179.1  179.1    nan  1.061   98.0  3.807  5.327   62.7   77.9
L  -61.2  -42.0  110.1  179.6  179.6    nan  1.049   99.0  3.833  5.444   71.5   84.8
S  -59.8  -43.2  110.1  179.2  178.2    nan  1.019   99.4  3.801  5.385   73.3   84.2
E  -61.8  -41.4  111.1 -179.9  -66.5    nan  1.037   98.3  3.814  5.284   67.8   82.2
L  -74.0  -38.9  112.8 -179.5  -68.7    nan  1.074   88.9  3.799  5.217   54.1   73.4
L  -79.4  -20.1  112.7  179.3  -75.5    nan  1.033   92.4  3.810  5.306   55.3   70.2
L   62.0   41.4  108.8 -177.5  -73.3    nan  1.050   99.4  3.795  5.463 -140.5 -138.0
R -155.1  160.1  107.5  178.1   71.6    nan  1.031  153.6  3.821  5.514   57.7   65.4
P  -66.5  149.2  114.4 -179.2  -22.1    nan  0.984   81.5  3.808  5.314  -77.0  -83.4
V -135.3  110.3  106.0  176.0  174.3  -64.6  1.004  115.4  3.781  5.732 -172.5 -171.4
T  -83.1  126.2  110.1 -179.9  -59.6 -179.8  1.019  101.8  3.794  5.963 -146.3 -154.2
F  -91.8  125.8  109.9  179.3 -176.3    nan  1.014  107.1  3.771  5.813 -141.1 -149.3
A -101.0  106.3  104.2  178.2    nan    nan  0.957  106.5  3.830  5.909 -150.3 -160.9
P  -57.1  -12.4  121.0 -179.0   28.7    nan  1.129  116.0  3.842  5.930 -132.1 -129.6
D -141.1  113.1  106.9  179.3 -176.5    nan  0.980  118.2  3.827  5.155   14.5   32.1
C  -61.9  -21.8  116.0 -177.3   77.1    nan  1.151  107.0  3.783  5.980 -130.6 -127.8
L -102.4    8.9  114.2 -179.2  -69.0    nan  1.121   81.4  3.810  5.342   43.4   66.4
N -140.7   59.8  108.1  179.7 -171.3    nan  0.992   77.4  3.794  5.320   40.9   51.8
A -125.8   18.1  113.4 -178.3    nan    nan  1.068   62.8  3.806  5.777  104.8  118.1
A  -51.9  -43.0  113.8 -178.9    nan    nan  1.082  103.5  3.812  6.035  138.8  149.6
D  -66.0  -56.6  114.6 -178.6 -174.6    nan  1.113   84.7  3.810  5.313   62.2   81.3
V  -57.5  -41.5  109.6  179.6   68.2 -169.2  1.056  102.4  3.808  5.299   63.6   74.7
V  -62.9  -39.8  111.6  179.8  168.1  -69.9  1.089   98.1  3.805  5.422   66.2   82.7
S  -62.6  -32.3  113.3 -179.6   67.5    nan  1.079  101.6  3.811  5.469   71.6   85.8
K  -82.9    0.5  114.6 -179.0  -60.4    nan  1.078   97.3  3.818  5.286   55.8   74.6
M  -70.0  144.0  113.8 -179.4  -69.3    nan  1.053   86.9  3.810  5.797  102.7  116.3
S -124.5  162.3  107.2  177.5  -54.1    nan  0.967  127.9  3.785  5.677 -156.0 -165.3
P  -53.7  135.0  107.7  179.0  -36.5    nan  0.904   75.8  3.839  5.112  -63.4  -72.3
G   99.5  -12.8  113.6 -178.8    nan    nan    nan   85.8  3.800    nan    nan   41.3
D  -83.1  154.8  111.6 -179.6  -73.9    nan  1.026   92.7  3.825    nan    nan   91.2
V -133.5  124.4  107.7  178.4  177.1  -60.8  1.006  124.8  3.797  5.621 -157.9 -160.7
V -124.8  134.2  107.9  178.2  167.6  -70.9  0.996  125.4  3.810  5.916 -176.4  176.1
L -113.4  119.1  106.4  177.5  173.0    nan  0.988  114.8  3.799  5.820 -157.1 -163.1
L  -79.2  153.4  108.2  178.2  -53.1    nan  0.982   88.3  3.800  5.893 -133.1 -144.2
E  -65.1  161.9  109.4  178.2  174.7    nan  1.027   72.1  3.807  5.474  -89.9  -93.7
N  -38.0  117.9  111.8 -179.9 -164.1    nan  1.005   80.4  3.844  5.079  -45.7  -58.6
V  -69.7  -18.9  112.6 -179.7  -65.1   58.5  1.091  102.2  3.799  5.978 -131.2 -135.4
R  -82.4    9.1  114.3  180.0  -80.4    nan  1.155  101.2  3.813  5.519   63.1   87.0
F  -76.2  -11.7  105.4  176.2  -82.4    nan  0.992  100.4  3.788  5.975  108.8  112.7
Y -113.0  128.2  109.7  177.4  -71.4    nan  1.048  119.0  3.821  5.374   37.3   59.7
K  -59.1  -32.9  115.2 -179.4  -81.5    nan  1.090  103.4  3.795  5.703 -102.7 -114.3
E  -69.5  -14.9  114.6 -177.8    6.3    nan  1.122  103.7  3.781  5.415   68.2   88.5
E  -52.1  -51.5  110.8 -179.5 -147.6    nan  1.052   99.3  3.795  5.773  110.5  118.2
G -109.3   25.8  113.8  180.0    nan    nan    nan   82.5  3.796    nan    nan   30.9
S  -61.9  149.6  113.7 -179.3  172.0    nan  1.069   76.9  3.785    nan    nan  147.2
K  -79.6  -14.4  110.0  178.8  -64.1    nan  1.038   95.3  3.790  5.526 -105.7 -113.3
K  -90.2  123.9  110.1  179.2  -61.1    nan  1.023  106.7  3.810  5.535   63.9   81.1
A  -57.5  -43.7  110.1  179.1    nan    nan  1.037  100.8  3.802  5.742 -106.1 -118.9
K  -56.8  -36.2  111.7  179.7  -99.1    nan  1.075  105.1  3.816  5.383   71.3   86.3
D  -65.1  -49.5  108.6  179.2  -88.7    nan  1.003   93.1  3.800  5.467   75.1   84.6
R  -65.1  -38.6  112.1 -179.3  -55.5    nan  1.056   96.7  3.786  5.143   57.4   73.8
E  -63.3  -40.8  111.5 -179.8  -48.9    nan  1.034   97.3  3.818  5.415   73.1   85.6
A  -61.8  -46.8  111.2 -179.2    nan    nan  1.049   95.2  3.814  5.315   71.3   85.3
M  -67.6  -45.3  109.8  179.9 -179.3    nan  1.029   92.6  3.801  5.254   59.0   73.3
A  -60.2  -31.2  112.9 -179.2    nan    nan  1.075  104.5  3.798  5.260   66.0   82.7
K  -62.2  -41.4  110.2 -179.2 -173.9    nan  1.030   98.5  3.804  5.498   81.3   93.8
I  -66.6  -48.6  109.3  179.6  -66.4  173.2  1.038   92.0  3.790  5.303   63.2   78.4
L  -62.1  -43.9  112.1 -179.9  -63.4    nan  1.070   96.1  3.809  5.280   61.0   77.1
A  -59.8  -30.1  112.1 -179.5    nan    nan  1.061  105.8  3.818  5.376   69.8   84.5
S  -69.1  -11.1  111.3 -179.8   79.9    nan  1.050  106.5  3.825  5.488   72.4   88.0
Y  -87.1   -2.8  113.8 -179.4  -65.9    nan  1.072   91.7  3.809  5.529   69.4   89.2
G -158.6  179.5  116.2 -179.2    nan    nan    nan  158.8  3.788    nan    nan   24.0
D -106.7  -41.2  113.8 -178.2  -55.7    nan  1.035   61.9  3.792    nan    nan -100.6
V -128.8  145.9  110.8 -178.3    1.4  128.9  1.109  132.4  3.806  4.820   -6.4   20.8
Y -108.7  131.5  113.9 -177.8  176.6    nan  1.037  120.0  3.785  5.664 -132.1 -142.3
I -125.6  128.4  106.6  177.6  -63.7  173.1  0.998  122.9  3.805  5.836 -173.0  179.7
S -104.8  122.5  108.5  179.7 -177.8    nan  0.983  113.3  3.825  5.871 -150.6 -158.5
D -140.0   38.7  111.5 -180.0 -142.2    nan  1.053   63.2  3.812  5.763  160.1  161.0
A -135.8   72.9  108.4 -179.0    nan    nan  1.009   89.9  3.827  5.632   75.3   84.9
F  -54.7  -36.4  114.2 -178.8  175.6    nan  1.079  105.5  3.796  6.132 -161.1 -162.1
G  -55.9  -21.6  115.9 -179.2    nan    nan    nan  112.8  3.794    nan    nan   96.4
T -113.2   10.0  112.1  178.6   43.1  -77.1  1.075   70.8  3.805    nan    nan   53.4
A  -73.8  -13.4  116.5 -178.1    nan    nan  1.102   99.9  3.823  5.878  106.7  123.3
H  -84.7    4.3  114.9 -177.5   58.8    nan  1.091   97.1  3.808  5.507   71.4   92.0
R -141.7  145.1  109.9 -177.9 -129.9    nan  1.003  139.8  3.785  5.122   34.5   48.4
D  -70.4  144.0  108.8  178.2  -86.5    nan  0.992   84.7  3.808  5.634  -99.6 -108.7
S -162.3  159.7  107.3  178.0   72.3    nan  1.016  157.7  3.800  5.566  160.8  156.9
A  -53.8  -47.4  110.7 -180.0    nan    nan  1.035  101.0  3.783  5.280  -66.9  -74.3
T  -77.2  -30.0  117.0 -177.9   61.4  -59.7  1.136   88.3  3.827  5.172   42.8   67.4
M  -89.3  -34.1  115.8 -179.2  -62.0    nan  1.107   76.5  3.826  5.349   52.4   72.2
T -125.7  -31.0  114.8 -178.6   54.6  -66.4  1.091   47.4  3.816  4.949    9.9   31.9
G  -62.6  -54.6  114.4 -179.5    nan    nan    nan   88.1  3.817    nan    nan   94.8
I  -54.4  -54.0  115.5 -179.0  -59.5  178.1  1.122   93.3  3.806    nan    nan   81.6
P  -59.7  -32.1  114.0 -179.8   22.5    nan  1.017  103.9  3.811  5.234   65.7   77.0
K  -62.7  -52.2  109.7  179.6 -172.8    nan  0.990   92.6  3.813  5.387   73.9   91.4
I  -67.0  -44.9  110.9 -179.9  -64.2  173.0  1.030   92.6  3.817  5.109   52.0   68.7
L  -66.8  -35.5  113.1 -178.8 -151.2    nan  1.062   96.4  3.803  5.207   60.2   77.5
G   94.1    7.1  114.5 -179.1    nan    nan    nan   83.0  3.786    nan    nan -125.2
N -155.7  160.5  109.6  179.1   70.0    nan  1.044  154.8  3.814    nan    nan   33.8
G -176.8  137.1  109.2 -180.0    nan    nan    nan  138.1  3.780    nan    nan  159.9
A -140.7  160.1  110.1 -179.6    nan    nan  1.037  143.3  3.774    nan    nan  174.2
A  -85.2  131.9  113.8 -179.4    nan    nan  1.055  104.2  3.819  5.457 -101.6 -103.6
G  -75.5  179.2  106.9  176.2    nan    nan    nan   75.8  3.803    nan    nan -131.6
Y  -61.1  -36.7  116.6 -177.5  -65.3    nan  1.131   98.8  3.824    nan    nan  -54.7
L  -68.6  -48.0  110.4  179.9  -61.1    nan  1.042   90.2  3.818  5.449   71.0   83.0
M  -60.5  -43.2  110.0  179.4 -179.6    nan  1.001   98.9  3.809  5.244   68.0   78.0
E  -57.2  -45.6  109.9 -179.5  175.5    nan  1.020  100.0  3.801  5.277   72.8   86.5
K  -65.7  -42.4  112.1 -179.9 -172.7    nan  1.079   94.2  3.808  5.263   57.7   76.7
E  -56.8  -53.2  111.0  178.7  -61.3    nan  1.014   95.1  3.829  5.444   78.6   87.0
I  -57.9  -45.7  110.9 -179.5  -62.3  176.1  1.044   98.9  3.800  5.185   63.5   77.2
S  -60.1  -52.2  114.0 -179.4 -173.3    nan  1.070   91.6  3.795  5.301   68.0   82.8
Y  -64.8  -37.8  116.1 -178.2  -84.2    nan  1.175   95.3  3.794  5.153   50.1   75.2
F  -71.7  -30.7  111.2  178.3  -74.3    nan  1.124   95.5  3.750  5.421   59.6   78.2
A  -65.9  -38.6  106.5  178.1    nan    nan  0.988   99.1  3.811  5.618   79.3   87.5
K  -61.5  -48.7  111.3  178.7  -84.9    nan  1.044   94.3  3.798  5.370   70.1   84.9
V  -66.6  -27.8  113.7 -178.1   70.3 -166.8  1.146  100.3  3.787  5.229   51.9   75.5
L  -91.3   -1.5  112.4  179.8  -64.9    nan  1.060   88.1  3.807  5.416   52.8   69.6
G  -92.5 -104.6  109.6  179.5    nan    nan    nan   71.7  3.793    nan    nan   91.3
N -136.1   67.1  109.1  179.4 -141.2    nan  1.016   85.9  3.769    nan    nan  -47.9
P  -64.3  158.0  113.5 -179.5   32.5    nan  0.991   74.5  3.814  6.076 -175.6 -176.5
P  -60.0  133.4  110.4  179.8  -27.8    nan  0.936   82.9  3.829  5.285  -76.4  -84.5
R -105.0  156.5  109.6 -179.3  -63.0    nan  1.010  111.5  3.803  5.871 -155.5 -153.7
P  -68.2  148.4  113.1    0.1  -24.8    nan  0.975   82.8  2.961  4.796   91.1   55.0
L -116.4  127.9  108.3  179.3  164.5    nan  0.992  119.7  3.795  5.727 -150.4 -150.9
V -113.1  135.7  109.8  178.0   55.1  177.1  1.046  119.9  3.786  5.913 -166.8 -168.0
A -108.6  123.9  105.2  175.8    nan    nan  0.970  112.6  3.791  5.782 -148.6 -158.5
I -106.0  123.2  103.2  177.7  -60.8 -180.0  0.960  109.6  3.829  5.971 -159.8 -165.9
V -126.3  130.6  110.6 -178.1 -172.5  -50.4  1.043  126.9  3.803  5.900  177.7  178.7
G -134.4 -140.5  111.4  179.8    nan    nan    nan  112.0  3.786    nan    nan  173.5
G   93.3 -175.0  112.0 -179.5    nan    nan    nan   95.1  3.766    nan    nan  133.6
A  -87.7  -24.3  119.3 -175.5    nan    nan  1.143   80.6  3.781    nan    nan  -71.1
K -139.2  142.8  115.2 -176.6  -62.5    nan  1.027  140.4  3.822  4.941   13.2   28.2
V  -71.9  -34.4  108.3  177.1 -179.5  -56.9  0.975   95.0  3.769  5.553 -102.2 -114.7
S  -56.0  -36.3  113.4 -178.8   55.4    nan  1.112  104.9  3.803  5.395   78.2   97.0
D  -70.2  -16.0  114.2  179.9  -72.6    nan  1.070  102.6  3.819  5.448   67.3   82.1
K -110.3    3.6  115.5 -178.3  -58.4    nan  1.083   71.3  3.804  5.205   41.6   63.9
I  -60.5  -42.5  114.4 -178.9  -65.9  171.6  1.111   96.9  3.828  5.938  113.6  128.8
Q  -67.7  -31.7  110.6  179.8  -69.8    nan  1.068   98.7  3.811  5.381   63.3   78.2
L  -62.9  -50.0  107.3  177.2  168.9    nan  0.986   95.1  3.789  5.546   80.7   88.8
L  -61.2  -42.0  111.1  179.7  -63.6    nan  1.055   98.4  3.806  5.167   59.3   75.4
D  -51.4  -46.8  109.1  178.3  -77.1    nan  0.981  104.0  3.846  5.511   85.5   91.3
N  -83.2  -34.8  116.0 -178.1 -167.6    nan  1.106   81.3  3.812  5.022   37.7   61.7
M  -88.4  -24.2  119.3 -176.4  -62.9    nan  1.158   79.9  3.797  5.172   45.4   72.0
L  -51.0  -38.9  115.1 -176.9 -128.6    nan  1.098  106.4  3.823  5.712  103.3  114.7
Q  -79.9   -3.7  113.7 -178.6  -58.1    nan  1.037   98.5  3.800  5.235   57.3   71.9
R -112.5   -7.8  115.2 -176.5  -32.7    nan  1.053   64.4  3.809  5.272   52.9   74.6
I -112.4  169.6  115.5 -176.5   67.2  -55.1  1.088  116.5  3.795  5.265   46.4   70.9
D -113.0  -30.5  110.6  179.3  -56.1    nan  1.034   59.9  3.802  5.377 -121.8 -121.3
Y -132.3  146.4  109.6  179.6  -65.7    nan  0.991  134.3  3.817  5.001    7.2   24.3
L -132.8  111.8  106.5  177.6  175.3    nan  0.993  116.5  3.799  5.654 -167.1 -169.9
L -103.7  124.3  106.4  179.2  -54.1    nan  0.985  111.1  3.829  6.022 -168.4 -174.6
I -113.6  131.3  112.5 -178.1  -57.3 -178.8  1.059  121.9  3.809  5.916 -169.5 -167.5
G -136.5 -162.0  112.3  179.5    nan    nan    nan  127.5  3.788    nan    nan  171.0
G   63.0 -163.4  111.4 -179.2    nan    nan    nan   70.0  3.803    nan    nan   81.5
A  -74.1  -17.7  111.0  178.6    nan    nan  1.060   99.0  3.812    nan    nan  -49.3
M  -55.1  -36.1  109.5  177.8  163.4    nan  0.997  107.5  3.806  5.693  101.9  110.0
A  -62.4  -33.2  115.5 -178.8    nan    nan  1.080  100.3  3.806  5.301   70.5   89.9
Y  -66.9  -33.6  114.4 -176.0  -49.3    nan  1.134   96.8  3.808  5.359   68.6   91.9
T  -63.2  -40.4  107.5  177.7  -62.7  177.0  1.020   99.8  3.772  5.557   78.4   88.0
F  -67.0  -48.9  110.9  179.4  -76.7    nan  1.041   90.5  3.824  5.400   64.0   78.8
L  -61.5  -40.6  111.4 -179.3  -65.6    nan  1.072   98.9  3.826  5.290   62.8   78.2
K  -64.2  -45.2  109.3  179.4 -175.5    nan  1.029   95.5  3.822  5.456   70.6   81.6
A  -58.7  -40.2  111.9 -179.7    nan    nan  1.067  101.0  3.807  5.288   69.1   83.5
Q  -69.4  -25.0  111.8  179.7  -67.5    nan  1.032   99.9  3.817  5.359   65.0   78.0
G  122.7    5.9  117.0  179.6    nan    nan    nan   54.8  3.785    nan    nan  -89.9
Y  -85.3  154.0  111.2  178.3  -68.0    nan  1.058   94.8  3.814    nan    nan  104.7
S  -82.7  130.8  107.1  178.7  -64.2    nan  0.988   97.9  3.800  5.526 -102.1 -110.5
I -115.6    5.5  114.0 -179.3   63.2  -59.8  1.107   66.8  3.796  5.847 -168.7 -163.1
G   56.3 -130.8  113.0  179.2    nan    nan    nan   83.3  3.799    nan    nan -123.7
K  -96.7   18.4  113.1 -179.1  -60.6    nan  1.062   90.7  3.800    nan    nan  -31.1
S  -63.3  146.9  113.5 -178.8  -57.9    nan  1.063   79.5  3.814  5.995  127.4  139.3
K  -63.4  132.4  110.0  179.7 -175.6    nan  1.008   85.6  3.806  5.483  -87.4 -100.2
C -157.2  169.0  109.9 -179.5   73.6    nan  1.033  158.5  3.809  5.630  156.5  151.1
E -122.5  101.3  108.3  178.9  -69.6    nan  1.000  111.4  3.803  5.487 -133.0 -130.7
E  -59.0  -30.0  111.8 -179.7 -168.7    nan  1.049  106.7  3.789  5.998 -131.2 -140.7
S  -71.3   -7.2  112.0 -179.0   68.5    nan  1.051  105.9  3.788  5.403   71.3   87.0
K -115.6   15.0  116.3 -178.6  -63.3    nan  1.126   71.7  3.786  5.214   40.1   66.9
L  -65.0  -44.2  110.4  179.2  -63.9    nan  1.053   94.7  3.825  6.039  123.9  132.2
E  -62.9  -43.5  110.5  178.7  -69.2    nan  1.045   96.7  3.804  5.379   66.0   79.3
F  -57.7  -47.0  109.2  179.2  168.1    nan  1.026   99.2  3.791  5.397   74.9   84.8
A  -56.1  -46.6  111.9 -179.4    nan    nan  1.073   99.1  3.795  5.288   70.3   84.5
R  -64.9  -37.7  111.6 -180.0  -72.7    nan  1.093   97.6  3.821  5.326   59.0   76.8
S  -66.5  -42.5  110.0  178.7  -63.0    nan  1.020   94.7  3.818  5.476   71.3   81.8
L  -60.6  -48.8  110.8 -179.6 -169.5    nan  1.055   95.2  3.811  5.327   69.2   84.1
L  -57.8  -39.3  109.8  179.3  -66.7    nan  1.040  103.3  3.810  5.319   67.7   80.0
K  -64.6  -48.2  109.4  178.8  176.6    nan  1.019   93.5  3.821  5.358   68.4   81.5
K  -59.6  -43.1  111.2  179.4  -73.0    nan  1.044   99.0  3.822  5.308   64.8   79.0
A  -61.0  -44.8  111.6 -179.2    nan    nan  1.061   96.7  3.803  5.299   69.3   84.0
E  -61.3  -45.8  109.3  178.8  -73.9    nan  1.016   97.2  3.789  5.334   69.6   80.2
D  -56.9  -40.9  110.8  179.4  -66.6    nan  1.052  102.5  3.791  5.302   70.5   83.6
R  -84.0    1.2  111.9 -179.8  -62.5    nan  1.056   96.5  3.817  5.206   45.4   64.1
K   63.9   32.4  115.0 -179.6  -52.8    nan  1.149   99.7  3.812  5.562 -126.1 -119.5
V  -90.6  132.0  104.5  177.4  168.2  -69.2  0.932  101.1  3.808  6.096  124.3  120.4
Q  -87.1  112.5  109.9  179.2  -66.6    nan  1.052  107.1  3.805  5.840 -138.6 -135.6
V  -96.6  133.6  108.8  179.4  177.5  -59.8  0.987  108.1  3.817  6.014 -154.6 -168.1
I -128.0  125.4  106.7  178.4  -53.4 -173.7  1.003  122.8  3.794  5.821 -175.0 -177.1
L -108.6  168.4  106.2  179.3  -77.5    nan  0.981  111.4  3.790  5.845 -157.2 -167.3
P  -60.3  141.8  112.8 -179.7  -29.9    nan  0.982   79.5  3.808  5.209  -67.1  -68.8
I -109.7    2.1  111.1  178.9   57.8  -63.8  1.101   71.1  3.788  5.834 -156.1 -151.5
D -169.8  162.9  107.8  176.7   68.1    nan  1.114  163.1  3.813  5.195   -5.7   11.7
H -143.7  158.4  114.8 -175.8  -44.8    nan  1.001  147.2  3.808  5.557 -145.5 -156.9
V -105.7  123.5  100.6  174.3  171.5  -66.7  0.933  107.3  3.791  5.470 -129.1 -133.2
C -135.6  169.6  113.8 -177.4  -36.2    nan  1.008  139.0  3.837  5.895  172.2  171.2
H -151.8  165.9  107.6  177.3 -174.0    nan  1.025  152.9  3.773  5.351 -167.4 -162.6
T  -78.4   -7.2  114.7 -179.0   57.5  -60.5  1.088   98.5  3.811  5.401  -91.2  -88.7
E -156.0  165.1  110.3  178.9   56.9    nan  1.072  156.8  3.825  5.050    2.2   20.1
F  -79.7   67.4  110.6 -177.8 -158.7    nan  1.036  112.9  3.796  5.349  -88.3  -91.9
K -147.6  157.5  108.9 -179.1  -63.4    nan  0.994  147.9  3.786  5.686   99.3   98.4
A  -81.5  136.2  112.5 -179.8    nan    nan  1.054   98.9  3.794  5.468 -103.2 -103.1
V -138.0  145.8  106.2  177.8   64.9 -172.5  1.013  136.0  3.794  5.741 -179.9  171.9
D  -63.8  -37.2  115.7 -179.0  -80.6    nan  1.111   96.7  3.824  5.636  -94.0  -97.6
S -126.9   72.7  111.4 -179.7  -58.0    nan  1.059   95.8  3.790  4.895    5.8   26.5
P  -61.5  158.3  109.1 -179.8  -19.7    nan  0.914   70.3  3.839  6.074 -157.8 -171.5
L  -73.6  139.9  108.4  179.1 -176.7    nan  1.006   88.8  3.792  5.542  -99.5  -96.2
I -117.5  123.9  105.5  178.5  -60.7  175.7  0.972  117.0  3.814  5.783 -154.9 -160.8
T  -81.2  159.1  111.9 -178.6   67.5  -53.6  1.043   89.3  3.817  5.959 -133.8 -136.9
E  -83.7  -28.1  111.4  177.8  -86.1    nan  1.087   85.7  3.804  5.517 -106.9 -104.3
D -143.4 -160.2  112.5  178.4   72.0    nan  1.150  132.7  3.808  4.958  -10.4   15.4
Q  -58.3  -27.5  115.1 -179.7  -66.2    nan  1.067  107.4  3.840  4.932  -28.7  -28.8
N  -73.1  135.5  114.8 -177.6  -59.9    nan  1.119   94.3  3.801  5.353   68.6   89.9
I -110.3  134.1  108.2 -179.6  -64.4  172.3  1.001  116.8  3.786  5.748 -145.4 -160.1
P  -57.5  144.1  113.0 -179.9  -25.0    nan  0.958   76.0  3.837  5.594  -92.5 -106.0
E  -62.9  147.0  102.3  177.3 -155.7    nan  0.937   73.8  3.791  5.641  -96.2 -105.5
G   79.8    3.0  114.5 -179.6    nan    nan    nan   98.9  3.773    nan    nan   36.2
H -125.7  150.9  108.0  177.3  -77.7    nan  0.997  129.2  3.814    nan    nan   60.9
M -120.5  132.9  106.3  176.8   50.6    nan  0.994  121.5  3.811  5.655 -150.2 -152.1
A  -76.4  131.8  107.4  179.4    nan    nan  1.007   93.5  3.820  5.773 -118.4 -126.7
L -119.5   -7.9  116.1 -177.1  -59.6    nan  1.126   57.3  3.807  5.778 -168.7 -166.0
D -162.5  159.8  108.2  176.3 -164.7    nan  1.009  158.0  3.832  5.114   -1.6   10.8
I  -72.5  146.2  106.1  176.0   51.4  -71.7  1.009   84.1  3.807  5.496  -90.4  -94.9
G  -82.1  179.6  115.6 -179.0    nan    nan    nan   82.3  3.799    nan    nan -113.9
P  -56.1  -48.0  114.0 -179.8  -24.2    nan  0.991   97.1  3.854    nan    nan  -52.5
K  -64.0  -38.2  111.6 -179.9  -62.4    nan  1.054   98.0  3.813  5.217   54.7   77.1
T  -65.2  -45.9  109.8  179.3  -61.5  177.7  1.020   94.1  3.812  5.425   71.5   83.1
I  -56.7  -46.9  107.9  179.2  -70.0  165.5  1.024  100.8  3.804  5.338   71.8   83.0
E  -56.7  -47.5  111.6  179.7  176.2    nan  1.071   98.3  3.792  5.348   68.2   83.0
K  -63.1  -45.8  112.9 -179.8 -138.6    nan  1.043   93.8  3.818  5.309   65.1   78.0
Y  -63.6  -43.5  111.3 -179.0  -73.7    nan  1.068   95.7  3.809  5.245   62.7   79.6
V  -61.9  -42.0  109.6  179.1  167.8  -71.5  1.051   98.8  3.807  5.364   67.0   81.0
Q  -63.9  -40.6  110.9  179.1  171.0    nan  1.037   97.2  3.807  5.361   66.3   80.5
T  -63.3  -44.7  110.3  179.1  -60.0  178.6  1.039   95.8  3.810  5.395   68.1   82.4
I  -60.1  -31.5  109.7  179.9  -67.8  169.1  1.046  105.8  3.805  5.330   68.4   82.0
G  -67.1  -16.0  113.5  179.7    nan    nan    nan  105.8  3.796    nan    nan   88.2
K  -94.3   -4.4  112.5 -179.6  -54.4    nan  1.013   84.0  3.802    nan    nan   77.8
C -103.1  157.9  117.3 -176.1  -57.4    nan  1.107  112.3  3.781  5.267   58.5   84.5
K -101.0  -16.7  110.0  176.8  -79.7    nan  1.053   73.8  3.803  5.533 -122.7 -125.9
S -139.4  145.3  108.7  177.9  -73.0    nan  1.015  138.0  3.826  5.120   10.8   28.2
A -146.5  126.4  109.8  179.9    nan    nan  1.027  130.2  3.813  5.636 -179.5  176.8
I -120.8  133.6  105.9  178.6   68.7  -54.4  1.034  121.6  3.797  5.920 -174.7 -178.6
W -131.3  127.8  112.4 -177.2  176.8    nan  1.034  129.1  3.815  5.751 -170.8 -176.5
N -137.0  118.7  109.2  179.0  -64.2    nan  0.997  123.2  3.812  5.838  175.7  164.6
G   97.1  128.7  113.6  177.8    nan    nan    nan   76.5  3.801    nan    nan   19.4
P  -66.2  155.7  113.5 -179.5   33.1    nan  1.012   77.5  3.826    nan    nan -121.3
M  -80.6  -12.1  113.5 -178.3  -64.1    nan  1.066   94.4  3.815  5.607 -104.9 -105.0
G -164.9 -167.1  110.0 -179.7    nan    nan    nan  157.1  3.799    nan    nan    6.4
V  -78.5   79.6  108.8 -179.9 -176.0  -55.6  1.044  110.3  3.815    nan    nan  -58.2
F  -58.0  -26.7  113.6 -177.4 -176.1    nan  1.080  108.7  3.829  6.192 -153.8 -158.3
E  -56.9  -25.7  111.7  178.6  -67.9    nan  1.025  110.9  3.788  5.573   91.9  101.3
M -112.8  128.7  111.2 -178.8  -65.4    nan  1.032  120.2  3.827  5.089   29.7   50.8
V  -46.7  -52.2  117.1 -177.8  164.5  -74.0  1.162   99.1  3.789  5.711  -94.9 -100.9
P  -65.4   -8.8  116.8 -179.6   25.5    nan  1.050  110.4  3.801  5.241   60.8   75.0
Y -116.4   21.4  111.1 -179.5  -48.2    nan  1.045   72.7  3.831  5.299   36.2   62.5
S -102.2  -12.4  114.4 -178.9  -61.6    nan  1.071   73.0  3.826  5.784   86.4  105.4
K  -54.9  -45.8  115.6 -177.4  -62.9    nan  1.108   98.4  3.820  5.751  105.4  120.8
G  -57.9  -46.5  111.6 -178.7    nan    nan    nan   98.0  3.790    nan    nan   86.0
T  -64.6  -45.0  110.6 -179.7  -58.8 -179.8  1.078   94.5  3.782    nan    nan   77.0
F  -61.1  -38.7  111.3  178.4  -82.9    nan  1.060  100.2  3.814  5.486   66.5   80.2
A  -62.5  -40.5  113.9 -178.6    nan    nan  1.092   96.8  3.802  5.357   71.3   87.8
I  -65.2  -41.7  108.6  179.5  -58.9  176.9  1.035   96.9  3.808  5.446   68.7   81.4
A  -61.0  -40.9  109.9  178.5    nan    nan  1.033   99.9  3.819  5.419   70.4   82.5
K  -64.3  -46.5  111.8  179.6  175.1    nan  1.071   93.2  3.821  5.366   64.9   81.8
A  -60.7  -43.5  112.0  179.5    nan    nan  1.053   97.5  3.829  5.338   67.1   80.4
M  -66.0  -43.8  112.9 -179.7  -72.4    nan  1.095   92.7  3.808  5.238   59.5   79.0
G  -63.3  -46.1  110.5  179.1    nan    nan    nan   95.0  3.803    nan    nan   80.1
R  -61.1  -44.3  109.7  179.2 -176.7    nan  1.019   98.1  3.810    nan    nan   79.3
G  -54.7  -43.9  112.2  179.9    nan    nan    nan  101.7  3.789    nan    nan   87.9
T  -72.4  -48.6  111.0 -179.1  -59.4 -179.9  1.047   86.8  3.788    nan    nan   72.9
H  -62.5  -39.1  113.1 -178.2 -175.2    nan  1.081   97.9  3.799  5.244   61.9   78.7
E -100.3  -15.4  116.7 -178.3   75.6    nan  1.145   73.1  3.782  5.052   25.7   53.8
H -136.9   -2.9  117.1 -179.3  -63.6    nan  1.124   41.9  3.805  5.056   15.9   38.0
G   82.0   17.8  115.5 -179.8    nan    nan    nan   90.1  3.784    nan    nan -107.7
L  -55.8  141.1  107.3  177.4  163.8    nan  0.949   73.5  3.803    nan    nan  141.2
M  -91.5  103.7  104.0  176.0 -178.7    nan  0.984  103.9  3.816  5.814 -132.8 -134.4
S -107.6  122.7  113.0 -177.3   52.1    nan  1.025  118.5  3.809  5.960 -178.1  178.3
I -127.6  124.7  109.4 -179.9  -58.5  177.8  1.019  124.3  3.812  5.859  176.6  170.9
I -112.3  126.0  107.2  179.8  -59.9  178.6  1.000  116.4  3.803  5.900 -164.3 -170.6
G  -85.7   59.9  120.5 -177.3    nan    nan    nan  118.4  3.777    nan    nan -136.2
G   62.3 -165.1  116.7  177.1    nan    nan    nan   69.7  3.796    nan    nan  -73.7
G   67.4 -157.4  112.7 -179.2    nan    nan    nan   77.4  3.785    nan    nan   82.6
D  -68.0  -21.7  112.9  179.5  -72.2    nan  1.088  102.4  3.801    nan    nan  -35.2
S  -66.5  -43.7  107.0  177.6  -60.8    nan  0.988   95.9  3.799  5.641   86.3   95.4
A  -65.5  -43.2  109.5  178.4    nan    nan  1.028   95.4  3.832  5.300   60.6   75.8
S  -55.7  -46.2  110.3  178.1  -67.1    nan  1.037  100.5  3.818  5.368   74.2   85.9
A  -54.5  -46.7  110.3  179.4    nan    nan  1.036  101.1  3.819  5.357   73.6   85.5
A  -62.6  -43.0  110.4 -179.9    nan    nan  1.032   97.2  3.814  5.267   64.2   78.2
E  -62.0  -51.5  111.3 -179.9  174.0    nan  1.026   92.4  3.800  5.276   68.6   82.1
L  -63.4  -35.7  115.0 -178.6  -59.6    nan  1.110   98.2  3.809  5.176   55.0   75.6
S  -88.7    5.4  115.2 -178.4   65.9    nan  1.098   93.5  3.797  5.214   46.2   67.4
G   74.3   17.0  114.7  179.7    nan    nan    nan   98.1  3.795    nan    nan -107.4
E  -91.0  -17.2  112.9  179.9  -69.6    nan  1.063   82.4  3.793    nan    nan  111.0
A  -54.8  -38.1  112.9 -178.1    nan    nan  1.088  104.9  3.808  5.678   99.5  114.9
K  -71.1  -26.4  112.6  180.0   55.8    nan  1.056   97.3  3.798  5.326   63.2   79.0
R  -86.2  -17.7  112.7 -179.4  -70.1    nan  1.067   87.0  3.823  5.328   54.8   75.9
M  -74.5  159.5  110.9 -179.9 -139.9    nan  0.994   82.5  3.805  5.540   80.9   93.9
S  -74.0  -42.0  106.0  177.6  -61.3    nan  0.970   91.6  3.824  5.496  -91.1  -96.2
H -158.9  130.2  112.9 -179.0  179.3    nan  1.035  135.2  3.797  4.655  -31.7  -15.0
V -120.1  110.7  104.5  176.3  175.2  -63.2  0.982  112.3  3.800  5.846 -169.2 -176.5
S  -69.9  149.8  113.3 -179.0 -172.8    nan  1.047   83.6  3.792  5.951 -132.1 -139.7
T  -96.4   -4.7  111.7  178.6   58.0  -63.8  1.026   81.9  3.793  5.602 -122.3 -129.1
G -128.4  108.9  114.3 -179.5    nan    nan    nan  120.5  3.810    nan    nan   55.1
G  -64.7  -56.4  111.3  179.8    nan    nan    nan   87.9  3.800    nan    nan -141.8
G  -61.6  -43.1  112.8  179.5    nan    nan    nan   96.5  3.786    nan    nan   70.7
A  -67.3  -42.3  113.2 -178.9    nan    nan  1.104   92.3  3.805    nan    nan   79.3
S  -65.4  -38.3  110.4  179.9   70.1    nan  1.071   97.5  3.794  5.386   64.7   80.2
L  -63.9  -42.3  109.7  179.6 -162.8    nan  1.036   96.9  3.802  5.478   71.6   84.2
E  -61.5  -38.4  112.5 -180.0  -61.6    nan  1.119   99.5  3.794  5.338   63.8   83.7
L  -63.1  -43.8  109.1  177.6  -78.0    nan  1.018   97.2  3.806  5.563   75.2   83.6
L  -66.9  -22.2  111.9 -179.5  -91.5    nan  1.068  103.5  3.805  5.216   59.8   77.1
E  -77.9  -10.1  108.9  177.6  -69.3    nan  1.003   98.7  3.835  5.586   71.1   84.2
G   95.0   13.5  113.3 -179.0    nan    nan    nan   79.8  3.803    nan    nan -100.6
K  -92.5  156.2  110.9  179.8  -62.8    nan  1.023  100.6  3.816    nan    nan  105.8
T  -98.7  149.6  105.7  177.3   61.1  -58.7  0.988  105.4  3.822  5.623 -121.4 -124.4
L -100.6  127.3  113.1 -178.7  -81.6    nan  1.045  114.7  3.815  5.647 -128.7 -128.8
P  -52.2  -40.6  112.1  180.0  -32.5    nan  0.956  105.8  3.854  5.582  -92.7 -110.8
G  -67.2  -20.6  115.0 -179.6    nan    nan    nan  103.0  3.804    nan    nan   81.1
V  -92.1  -50.2  108.5  178.6  170.5  -67.6  1.013   74.5  3.796    nan    nan   73.2
T  -53.1  -40.7  112.7 -179.9  -55.0 -175.3  1.058  104.7  3.811  5.269   70.9   83.8
V  -63.8  -21.3  115.1 -179.1   77.7 -158.9  1.098  105.9  3.825  5.373   67.1   85.0
L  -73.4  155.3  112.3 -178.8  -55.0    nan  1.046   83.8  3.833  5.560   79.5   93.5
D  -70.4  154.4  111.2  178.8  -62.2    nan  1.014   81.1  3.813  5.466  -88.3  -96.4
D  -91.3  152.3  105.1  177.5  -67.6    nan  0.950   98.2  3.813  5.546 -112.6 -119.5
K  -83.9    nan  110.9  179.2   75.9    nan  1.106    nan  3.776  5.661 -119.7 -109.4
