Id   phi    psi    tau  omega    chi    chi2  solid    eta  CA-CA  CB-CB  BA^AB  NA^AC
S    nan  139.5  108.0    nan  103.4    nan  1.010    nan    nan    nan    nan    nan
R  -63.5  -14.8  109.6  179.1   62.4    nan  1.018  110.8  3.788  5.579  -96.8 -107.9
M -135.7   71.8  112.0  179.8   51.4    nan  1.070   91.4  3.819  5.054   12.1   35.9
P  -55.7  143.6  113.0  179.8   23.3    nan  1.006   74.8  3.828  6.085 -158.8 -166.1
S  -67.6  148.2  110.2 -179.5  -60.7    nan  1.037   81.0  3.833  5.744 -101.4 -107.6
P  -58.1  131.7  110.1 -179.6  -24.4    nan  0.949   82.3  3.805  5.330  -79.1  -92.0
P  -63.5  159.9  114.2 -179.9   30.1    nan  1.010   73.0  3.804  5.742 -112.9 -113.1
M  -96.8  151.8  107.0  180.0  -52.5    nan  0.965  103.9  3.807  5.571 -114.3 -118.5
P  -61.3  115.5  110.5  179.5  -34.2    nan  0.955   94.1  3.835  5.350  -84.0  -90.8
V -146.5  164.5  108.4 -179.0  -73.5   47.8  1.004  148.2  3.786  5.818  145.6  145.5
P  -55.8  139.6  109.5  179.1  -39.2    nan  0.929   75.6  3.801  5.084  -63.0  -71.4
P  -39.4  -36.4  117.0 -179.7  -34.9    nan  1.046  116.9  3.846  5.500  -80.6  -83.2
A  -72.5  -30.0  110.5 -180.0    nan    nan  1.050   95.3  3.814  5.355   56.6   79.8
A  -81.2  -35.9  108.8  178.3    nan    nan  1.026   86.4  3.814  5.411   58.3   74.3
L  -63.3  -44.0  107.5  179.5 -168.4    nan  0.980   97.8  3.802  5.398   75.6   85.9
F  -58.8  -52.7  112.0  178.3 -171.8    nan  1.036   93.4  3.793  5.260   67.4   82.4
N  -58.1  -40.8  108.2  179.4 -167.0    nan  1.005  103.1  3.850  5.246   64.6   76.1
R  -58.6  -39.6  110.8  179.7  164.9    nan  1.053  102.0  3.797  5.351   70.9   86.5
L  -63.4  -46.2  109.9 -179.5  175.4    nan  1.028   95.2  3.809  5.350   70.4   84.0
L  -56.2  -38.6  109.4  177.8  -58.5    nan  1.025  105.2  3.827  5.333   69.7   82.4
D  -66.1  -48.7  111.4  178.4 -168.6    nan  1.051   91.0  3.793  5.375   64.8   81.0
D  -60.6  -30.4  111.3 -178.6  -68.5    nan  1.030  105.3  3.816  5.335   68.3   79.8
L  -96.2   -7.1  114.2 -178.4  -65.1    nan  1.061   81.0  3.786  5.128   42.7   64.0
G   58.6   44.4  106.1 -177.6    nan    nan    nan  102.0  3.813    nan    nan -128.9
F -122.4   48.8  112.0 -176.1 -158.4    nan  1.005   83.4  3.788    nan    nan  107.9
S  -60.5  -23.4  111.2  179.1   60.5    nan  1.053  109.1  3.784  6.139  161.7  167.8
A  -79.8  -14.6  113.3  178.6    nan    nan  1.060   94.2  3.824  5.451   65.9   83.0
G  -41.7  -56.4  117.7 -178.5    nan    nan    nan   98.9  3.826    nan    nan  130.0
P  -54.8  -48.3  111.7  179.9  -30.6    nan  0.963   99.1  3.837    nan    nan   78.8
A  -59.4  -43.0  111.0  178.3    nan    nan  1.037   99.3  3.831  5.210   57.4   78.6
L  -66.1  -40.3  107.3  178.9  -70.4    nan  1.032   97.7  3.813  5.365   61.9   76.9
C  -58.7  -44.4  110.3  178.8  -91.0    nan  1.026   99.4  3.819  5.444   74.8   85.9
T  -62.2  -38.2  111.6  179.0  -59.0 -179.4  1.049   99.5  3.796  5.235   64.9   79.8
M  -63.4  -36.6  112.2  179.5  -78.0    nan  1.064   99.1  3.825  5.454   69.7   85.6
L  -57.8  -14.9  113.7 -179.1  -61.0    nan  1.103  115.3  3.795  5.430   77.6   93.7
D  -84.5  -42.0  110.0  178.4  -81.1    nan  0.983   81.0  3.813  5.618   76.8   85.7
T  -65.2  -10.4  115.5 -178.5   67.2  -51.6  1.123  110.0  3.796  5.128   60.0   82.2
W -110.5  161.8  111.8 -179.7  -58.4    nan  1.028  116.2  3.854  5.473   50.3   66.0
N -117.0   -8.1  112.2 -179.5  -67.0    nan  1.025   60.2  3.854  5.564 -132.6 -133.3
E  -64.7  136.7  117.8 -177.5 -152.9    nan  1.104   88.8  3.817  5.624   97.2  115.5
D  -88.8   91.0  107.2  177.8  177.1    nan  1.004  107.2  3.828  5.758 -125.6 -140.0
L  -95.4   -4.8  113.4 -179.5  -47.3    nan  1.006   82.7  3.803  6.067 -178.2  175.7
F -115.6  -18.5  121.7 -173.9  -48.7    nan  1.189   55.9  3.823  5.097   41.0   74.8
S  -54.8  -36.0  117.1 -179.3  -70.2    nan  1.089  104.3  3.817  5.751  105.1  114.6
A  -80.4   -4.0  113.5 -178.6    nan    nan  1.080   98.0  3.793  5.213   55.2   74.8
L  -81.1  141.5  111.3 -179.3  -64.6    nan  1.051   95.9  3.810  5.704   84.9  101.2
P  -66.4  134.7  106.7  179.7  -24.6    nan  0.892   84.6  3.832  5.438  -90.7 -109.9
T  -83.5  -30.3  111.8 -179.8   63.8  -57.8  1.081   84.9  3.804  5.962 -137.8 -129.3
N   55.1   28.1  111.2 -179.6  -67.0    nan  1.055  111.5  3.823  5.552 -155.6 -156.2
A  -49.2  -31.2  110.9 -179.6    nan    nan  1.041  114.7  3.823  6.148  153.7  160.1
D  -58.8  -30.1  114.2 -179.0   66.7    nan  1.096  105.8  3.799  5.478   79.3   97.6
L  -67.3  -19.1  113.7  179.9  -62.0    nan  1.038  104.1  3.813  5.491   77.4   90.2
Y -111.3    1.6  114.0 -177.6  -53.1    nan  1.047   69.4  3.822  5.105   38.7   59.7
R  -59.5  -31.1  111.8 -178.3 -173.1    nan  1.055  105.7  3.789  5.804  112.2  127.3
E -108.2   20.1  114.9 -179.8  -58.1    nan  1.109   81.1  3.801  5.107   24.1   51.2
C  -89.7   94.4  110.4  179.2  -71.5    nan  1.041  110.3  3.833  5.899  102.2  113.0
K  -60.1  -24.9  114.8 -177.5 -170.1    nan  1.129  107.3  3.805  6.084 -143.3 -147.3
F  -68.9   -6.1  111.2  177.4   49.4    nan  1.067  108.7  3.796  5.657   78.5   91.3
L -104.3   -1.0  111.8  179.6  -65.6    nan  1.067   75.4  3.810  5.480   56.8   76.6
S  -59.3  131.4  110.3  178.9 -177.8    nan  1.020   83.4  3.814  5.897  114.4  122.6
T  -80.2    6.8  111.4  179.3   53.3  -66.5  1.074  102.3  3.794  5.798 -127.2 -132.3
L  -96.5  109.5  105.3  177.7 -133.4    nan  0.929  106.6  3.824  5.767   85.7   92.5
P  -49.8  -36.9  115.8 -179.9  -34.0    nan  1.027  108.4  3.833  5.820 -118.7 -121.2
S  -64.4  -28.3  111.7  179.8   59.6    nan  1.073  102.9  3.819  5.366   63.2   86.8
D  -70.0  -43.2  109.2  178.0  -84.6    nan  0.999   92.1  3.826  5.542   76.0   86.2
V  -63.9  -35.6  109.2  179.5  177.2  -61.4  1.031  100.7  3.806  5.289   65.6   78.9
V  -65.5  -48.0  109.9  177.9  172.5  -68.6  1.070   92.7  3.814  5.513   69.3   83.9
E  -58.2  -51.9  112.1  178.2  -60.1    nan  1.040   94.2  3.796  5.386   72.1   80.1
W  -59.7  -50.4  112.0 -179.5  171.0    nan  1.038   94.2  3.852  5.216   64.9   77.2
G  -63.7  -31.8  118.4 -178.5    nan    nan    nan   98.7  3.784    nan    nan   77.4
D  -73.1  -33.1  108.3  179.8  -78.0    nan  0.999   94.5  3.776    nan    nan   82.8
A  -91.1  -29.5  117.4 -176.4    nan    nan  1.103   76.0  3.809  5.100   43.5   67.9
Y  -66.9  123.4  115.0 -178.6 -174.4    nan  1.077   96.2  3.783  5.401   76.9   93.4
V -111.6  110.7  103.7  176.8  169.3  -70.5  0.996  109.6  3.798  5.897 -165.3 -177.4
P  -58.5  139.5  115.1 -179.6   22.8    nan  1.035   80.7  3.842  5.910 -120.6 -128.8
E -136.3  134.9  110.2  179.4  -30.6    nan  1.043  132.8  3.781  5.762 -178.2  178.4
R -112.5   27.2  108.8  178.8    nan    nan    nan   78.2  3.805    nan    nan -161.0
T  -73.0  -69.9  111.1 -179.2   57.8  -62.1  1.030   77.1  3.803    nan    nan  137.7
Q  -82.8   65.8  110.4 -179.9    2.8    nan  1.041  111.5  3.779  4.857   20.2   38.6
I -136.0  132.5  110.7  177.8  -51.0 -169.2  1.066  131.9  3.805  5.869  103.8  109.5
D -156.4   97.6  101.1  178.2  173.2    nan  0.925  101.4  3.776  5.611  166.2  147.6
I  -71.1    3.8  114.0  179.8   61.9  -62.9  1.104  110.4  3.803  6.146 -156.5 -152.5
R -128.2   33.3  108.8  177.7  -70.2    nan  1.053   67.8  3.818  5.361   42.8   59.3
A  -66.2  152.2  111.3  179.1    nan    nan  1.037   78.3  3.791  6.091  140.2  148.5
H -114.6  162.2  109.8 -179.9  -68.2    nan  0.996  119.4  3.803  5.668 -138.6 -142.2
G -100.8 -178.7  103.5  174.6    nan    nan    nan  100.5  3.767    nan    nan -120.9
D -107.7   15.2  114.4 -179.4   65.0    nan  1.140   79.1  3.810    nan    nan  -97.6
V  -81.1  134.0  103.7  177.2  164.5  -72.7  0.964   93.5  3.830  6.086  111.6  114.0
A  -65.1  135.8  115.1 -178.4    nan    nan  1.103   88.1  3.816  5.772 -109.2 -109.9
F  -67.3  119.7  100.9  176.2 -168.2    nan  0.899   87.7  3.805  5.580  -96.6 -122.0
P  -69.5  147.0  114.9 -179.5   29.4    nan  1.002   85.5  3.848  5.901 -129.1 -127.3
T -105.3  146.8  107.7  177.7   51.3  -69.3  1.020  112.4  3.810  5.841 -142.3 -142.4
L  -55.4  132.9  111.7 -179.8  -71.9    nan  1.068   80.6  3.814  5.509  -83.2  -90.3
P  -57.4  150.0  115.1 -179.6   30.7    nan  1.012   73.3  3.830  5.552  -94.1 -107.8
A  -63.7  -28.7  109.6  178.6    nan    nan  1.024  104.1  3.816  5.609  -92.2  -97.8
T -135.7  163.3  111.3 -179.5   61.3  -58.5  1.038  139.4  3.825  4.983    2.7   23.2
R  -57.6  -26.4  113.8 -179.5  -58.1    nan  1.041  109.1  3.825  5.204  -66.2  -74.3
D  -59.6  -29.2  112.1 -178.9  -52.4    nan  1.030  106.5  3.802  5.511   89.8  101.3
G  -87.6    5.4  116.0 -178.2    nan    nan    nan   94.8  3.793    nan    nan   74.3
L  -63.1  -32.4  114.6 -178.8  -81.9    nan  1.124  100.5  3.777    nan    nan  127.9
G  -69.7  -46.2  111.8  179.2    nan    nan    nan   89.3  3.821    nan    nan   85.2
L  -62.8  -37.3  109.3  178.4  -61.4    nan  1.028  100.7  3.788    nan    nan   77.3
Y  -61.6  -52.5  113.5  178.9 -179.9    nan  1.082   90.6  3.835  5.423   70.0   87.2
Y  -52.5  -42.1  108.5  179.2 -176.9    nan  0.998  106.4  3.852  5.331   74.0   81.9
E  -69.5  -48.4  111.1 -179.7 -152.3    nan  0.990   88.9  3.794  5.122   61.5   75.1
A  -65.8  -35.8  112.9 -178.0    nan    nan  1.088   97.2  3.809  5.133   53.2   76.0
L  -69.1  -36.6  110.7  180.0 -176.3    nan  1.056   95.1  3.804  5.389   66.9   82.6
S  -68.1  -44.0  107.8  179.0  -63.0    nan  1.024   94.1  3.818  5.424   66.2   80.9
R  -60.4  -39.9  111.3  178.5 -175.1    nan  1.061  100.2  3.826  5.375   65.6   80.9
F  -60.0  -53.3  107.9  177.3  174.6    nan  0.994   94.9  3.840  5.448   75.4   84.1
F  -51.5  -45.0  112.0  179.8  171.0    nan  1.044  103.5  3.802  5.183   68.4   81.9
H  -65.4  -41.2  111.6 -179.4  -64.2    nan  1.041   95.4  3.810  5.241   62.2   78.2
A  -62.1  -46.0  110.2  177.9    nan    nan  1.041   96.0  3.787  5.307   67.6   82.2
E  -61.5  -45.8  110.4  178.2  -70.3    nan  1.020   96.5  3.823  5.335   67.0   78.2
L  -58.7  -52.4  112.5  179.4 -175.7    nan  1.075   93.4  3.815  5.286   66.9   82.5
R  -59.3  -41.0  112.3 -179.3  -71.8    nan  1.074   99.8  3.813  5.310   63.5   77.7
A  -65.8  -43.5  112.1 -179.4    nan    nan  1.058   93.5  3.792  5.306   67.3   81.7
R  -75.7  -28.6  111.2 -179.5 -157.6    nan  1.041   92.8  3.771  5.132   51.9   69.7
E  -66.7  -32.0  114.1 -179.3 -171.4    nan  1.109   97.9  3.806  5.454   70.3   92.5
E  -61.7  -33.0  109.7  178.1  -69.7    nan  1.031  103.7  3.800  5.528   80.7   91.5
S  -76.2  -38.9  109.7  178.5  -73.8    nan  1.075   88.8  3.808  5.401   56.8   76.6
Y  -64.4  -31.3  110.7  177.8  -84.9    nan  1.071  101.8  3.775  5.435   68.0   82.1
R  -64.6  -43.4  110.0  177.7 -173.7    nan  1.025   95.7  3.841  5.527   76.5   88.4
T  -62.7  -42.5  108.5  177.7  -60.5  179.7  1.007   98.5  3.819  5.346   66.1   78.7
V  -60.7  -41.5  109.9  178.9  173.9  -64.2  1.099   99.8  3.786  5.390   63.5   82.5
L  -61.8  -42.8  110.4  179.7 -176.3    nan  1.052   97.9  3.849  5.564   73.0   83.4
A  -59.0  -41.1  110.9 -179.7    nan    nan  1.028  100.9  3.839  5.322   73.9   85.0
N  -66.2  -41.4  110.5  178.5  -71.9    nan  1.035   95.2  3.792  5.306   63.8   78.6
F  -68.8  -41.2  113.3  179.8  -91.1    nan  1.137   91.6  3.801  5.260   55.4   77.8
C  -63.1  -36.2  110.0  175.8  -77.2    nan  1.014  100.6  3.806  5.420   71.3   79.5
S  -65.8  -47.6  110.1  177.7  168.9    nan  1.034   92.6  3.834  5.355   67.0   82.5
A  -67.9  -31.8  107.8  179.5    nan    nan  1.010   99.9  3.841  5.322   57.4   71.2
L  -66.2  -53.9  107.4  179.2  179.8    nan  1.024   90.9  3.799  5.486   72.8   86.6
Y  -51.9  -45.2  112.6  179.1  171.6    nan  1.050  102.6  3.817  5.257   69.2   80.2
R  -64.5  -39.8  113.2 -179.8  -68.2    nan  1.102   95.9  3.846  5.254   59.5   78.8
Y  -64.1  -43.1  108.3  178.2  173.8    nan  1.002   97.2  3.800  5.486   73.1   81.9
L  -61.5  -43.2  111.1  179.4  -69.3    nan  1.054   97.6  3.815  5.290   65.9   81.6
R  -63.9  -39.0  109.4  178.8 -175.3    nan  1.027   98.9  3.820  5.334   65.3   79.0
A  -67.9  -38.7  112.0  179.3    nan    nan  1.070   94.4  3.811  5.349   61.4   80.0
S  -64.9  -41.3  111.2  179.5  -45.2    nan  1.011   95.8  3.816  5.423   72.9   83.5
V  -65.5  -39.2  110.8 -179.6  153.0  -86.4  1.069   96.7  3.803  5.184   61.9   80.6
R  -63.4  -41.4  108.8  178.8  -93.8    nan  1.012   98.3  3.809  5.470   70.9   83.0
Q  -68.1  -36.7  112.6 -179.9  173.6    nan  1.057   94.9  3.811  5.241   61.1   78.0
L  -68.3  -39.4  109.6  178.5  -71.6    nan  1.017   95.1  3.824  5.406   68.1   81.0
H  -61.4  -40.0  108.3  178.9 -168.0    nan  0.997  101.0  3.790  5.277   72.3   84.3
R  -60.9  -54.4  111.8  179.3  -67.7    nan  1.049   91.1  3.825  5.379   68.6   85.0
Q  -59.3  -44.8  112.3 -179.5  -60.7    nan  1.045   97.6  3.804  5.142   62.1   75.3
A  -62.8  -57.8  110.7 -179.5    nan    nan  1.042   88.7  3.788  5.234   65.4   80.5
H  -56.0  -33.3  110.2  179.3  150.7    nan  1.030  108.1  3.795  5.175   61.4   73.6
M  -63.8  -26.5  107.7  179.2 -165.4    nan  0.983  105.9  3.806  5.418   77.0   87.9
R -101.3   28.8  111.0  179.5  -52.0    nan  1.036   89.9  3.787  5.148   36.5   59.3
G   75.4  -12.4  116.6  178.9    nan    nan    nan  109.9  3.804    nan    nan  -85.4
R  -95.2   93.4  111.1 -179.9   25.1    nan  1.041  111.3  3.813    nan    nan   79.6
D  -96.2  108.8  110.8  179.8  -56.8    nan  1.053  111.7  3.815  6.084  177.4  175.5
R  -97.5  171.8  111.1  179.9   -7.9    nan  1.047  100.4  3.821  6.007 -164.1 -171.9
D  -85.3  113.3  109.0  179.5  173.5    nan  1.024  105.4  3.804  5.357  -92.2  -90.5
L  -52.7  -50.8  111.3 -179.6 -175.8    nan  1.043   99.1  3.797  5.851 -109.8 -124.3
G  -53.4  -41.4  114.8  179.6    nan    nan    nan  102.9  3.798    nan    nan   83.8
E  -66.6  -48.4  106.3  179.3 -170.0    nan  0.980   94.1  3.801    nan    nan   78.5
M  -54.2  -46.2  112.0  179.0  -62.3    nan  1.038  100.7  3.802  5.289   70.2   82.9
L  -59.6  -48.7  112.0 -179.6 -178.3    nan  1.066   95.2  3.821  5.253   66.8   82.4
R  -63.9  -32.0  112.2  179.7  -87.4    nan  1.073  101.2  3.811  5.278   59.5   75.7
A  -72.7  -41.5  111.5 -179.5    nan    nan  1.067   89.4  3.781  5.424   65.9   83.4
T  -67.9  -27.0  111.1 -179.2   62.0  -56.1  1.080  100.6  3.802  5.382   61.6   79.3
I  -67.3  -47.3  107.6  178.5  -72.5  164.5  1.033   93.2  3.776  5.523   77.0   90.1
A  -60.6  -49.6  107.3  179.0    nan    nan  0.981   96.9  3.820  5.353   67.3   77.1
D  -63.7  -44.7  117.5 -179.0  177.1    nan  1.125   91.4  3.754  4.982   52.5   75.9
R -117.8  -37.3  120.0 -175.6  -60.4    nan  1.117   50.3  3.848  4.940    7.8   35.5
Y  -52.2  -49.3  117.6 -176.7 -177.5    nan  1.106   97.0  3.818  5.385   87.3  102.8
Y  -69.6  -38.1  112.0 -176.0  -58.0    nan  1.133   93.3  3.760  5.115   50.2   75.1
R  -66.9  -38.6  111.0  179.7  -15.4    nan  1.034   95.8  3.784  5.467   69.7   82.2
E  -72.3  -37.9  112.5 -179.1  -79.8    nan  1.114   90.9  3.801  5.234   54.5   77.8
T  -63.6  -41.2  109.4  178.5  -65.5  173.1  1.007   98.0  3.811  5.494   74.3   84.0
A  -62.2  -42.7  111.2 -180.0    nan    nan  1.031   97.3  3.810  5.293   69.4   83.4
R  -64.8  -42.7  109.2 -178.4  172.9    nan  1.035   96.4  3.822  5.237   64.1   80.5
L  -68.0  -44.6  110.2  178.2  -66.4    nan  1.035   92.4  3.804  5.357   59.7   75.0
A  -58.1  -43.0  112.5 -179.2    nan    nan  1.071   99.5  3.820  5.304   69.9   85.1
R  -52.9  -60.5  112.2  179.7  -72.8    nan  1.054   92.0  3.809  5.410   79.1   91.2
V  -62.8  -36.6  113.1  179.9 -171.9  -50.3  1.090   99.2  3.803  5.129   48.9   66.6
L  -61.2  -49.8  110.8  180.0  173.2    nan  1.056   94.2  3.804  5.493   77.1   89.3
F  -77.7  -22.2  113.5 -179.2  -68.2    nan  1.137   92.9  3.781  5.109   39.1   63.0
L  -67.0  -37.7  105.2  175.6 -179.6    nan  0.989   99.3  3.806  5.733   86.8   92.5
H  -64.5  -45.7  110.5  178.2 -173.8    nan  1.036   94.3  3.822  5.455   69.2   82.2
L  -53.3  -53.3  111.1  179.8  170.9    nan  1.043   97.2  3.805  5.377   78.5   87.7
Y  -67.2  -48.0  113.9 -178.5  -68.5    nan  1.104   89.0  3.803  5.115   50.9   70.1
L  -62.1  -49.5  113.6 -179.4  -68.4    nan  1.128   92.0  3.807  5.372   61.2   79.9
F  -62.8  -40.4  112.7 -178.8 -171.9    nan  1.095   97.3  3.822  5.328   63.1   77.8
L  -71.9  -49.3  113.4 -179.4 -178.1    nan  1.089   85.2  3.810  5.390   59.5   77.2
T  -61.1  -39.0  110.5 -178.9   56.3  -62.8  1.096  100.5  3.829  5.385   62.9   78.9
R  -60.8  -52.7  109.9  177.9  -75.4    nan  0.992   93.4  3.831  5.504   79.1   84.8
E  -53.3  -50.3  113.2  179.6  177.5    nan  1.049   98.0  3.786  5.108   67.8   81.3
I  -71.6  -49.6  112.7 -179.0  -61.9  175.6  1.048   85.7  3.800  5.166   52.3   68.6
L  -64.0  -38.7  115.7 -177.5  -65.5    nan  1.158   95.7  3.800  5.116   54.8   77.9
W  -67.9  -33.7  110.5  179.1  -76.9    nan  1.118   97.6  3.794  5.534   64.3   81.3
A  -69.2  -43.7  109.8  178.1    nan    nan  1.034   92.2  3.784  5.514   72.6   82.5
A  -71.7  -29.9  113.1 -179.5    nan    nan  1.104   95.0  3.835  5.274   53.0   73.5
Y  -63.7  -44.8  110.2  179.8  169.5    nan  1.004   95.6  3.832  5.570   84.2   92.6
A  -59.7  -40.2  110.4 -179.9    nan    nan  1.025  101.1  3.780  5.189   68.9   82.4
E  -72.4  -37.6  113.9 -179.2  -61.8    nan  1.078   90.2  3.771  5.194   56.0   76.6
Q  -70.1  -33.7  109.5 -179.2  -67.6    nan  1.045   96.3  3.792  5.330   64.2   80.6
M  -57.6  -36.9  107.5  178.7 -140.2    nan  0.975  106.0  3.771  5.470   84.5   92.7
M  -83.4    5.6  115.6 -179.1  -55.7    nan  1.091   98.9  3.810  5.147   45.5   68.7
R -124.5   58.6  114.7  179.8  -65.9    nan  1.106   89.9  3.811  5.359   46.9   68.3
P  -54.0  -32.4  111.0  179.9  -29.0    nan  0.937  110.0  3.852  6.073 -165.0 -178.0
D  -61.2  -22.9  113.9  179.2   67.9    nan  1.068  107.8  3.778  5.285   68.4   92.9
L  -94.9  -34.2  110.3  179.7  -63.9    nan  1.009   74.7  3.819  5.405   52.8   70.6
F -103.3  -12.5  121.5 -173.5  -48.3    nan  1.185   70.5  3.772  4.816   26.6   59.5
D  -58.0  -33.6  115.0  180.0  -83.6    nan  1.087  104.0  3.834  5.863  105.3  116.0
C -118.9    8.9  113.4 -178.7  -49.4    nan  1.035   65.0  3.848  5.017   20.5   38.3
L  -64.3  129.7  112.6 -179.1  176.3    nan  1.079   89.5  3.780  5.859  114.5  129.5
C -116.8  129.5  102.0  176.8  -63.4    nan  0.931  115.5  3.779  5.818 -158.0 -175.7
C -131.3  123.3  109.6 -179.2  175.4    nan  1.014  124.9  3.784  5.767  178.0  178.7
D -110.9  127.4  109.0  179.2 -171.8    nan  1.051  117.3  3.806  5.947 -169.2 -170.1
L -109.0  154.3  109.9 -178.2  -44.3    nan  1.021  115.7  3.803  5.848 -153.9 -163.5
E  -74.3  -30.5  109.9  179.9   15.5    nan  1.032   93.8  3.807  5.525  -96.2 -101.1
S -149.5  167.2  112.9 -178.9   56.7    nan  1.045  152.1  3.772  4.770  -11.7    7.6
W  -75.9  -30.9  108.4  178.9  174.1    nan  1.013   92.9  3.764  5.216  -85.6  -88.9
R  -55.4  -35.3  111.1  179.0  165.9    nan  1.036  107.0  3.828  5.513   83.9   98.0
Q  -66.6  -26.8  111.4  179.8 -168.0    nan  1.048  101.8  3.828  5.398   68.6   84.9
L  -92.8  -33.5  111.6  179.7 -175.0    nan  1.027   75.9  3.812  5.294   50.2   67.9
A  -71.5  -22.8  113.5 -179.8    nan    nan  1.083   98.4  3.798  5.323   63.3   83.5
G  -58.1  136.8  114.1 -178.6    nan    nan    nan   81.5  3.824    nan    nan  106.7
L  -38.7  -50.1  117.2 -179.4  -71.9    nan  1.074  106.3  3.797    nan    nan  -87.6
F  -90.2  106.5  113.9 -176.2 -165.2    nan  1.113  112.9  3.765  4.845   29.3   55.2
Q -111.0  106.4  111.7 -179.8  -68.8    nan  1.054  115.6  3.791  5.955 -176.8  170.5
P  -59.1  -32.9  112.1  179.8  -30.9    nan  0.962  104.8  3.825  5.880 -121.0 -137.1
F -111.8  119.3  113.5 -179.4  -66.8    nan  1.075  120.3  3.844  5.063   14.2   45.4
M -108.5    6.1  115.4  179.2  -71.8    nan  1.148   74.2  3.794  5.845 -171.9 -171.9
F -143.7  105.7  105.5  178.8  -63.0    nan  0.990  111.7  3.834  5.419   33.8   44.1
V -131.7   74.4  103.5  179.6  177.8  -62.2  0.975   89.4  3.814  5.976  157.5  150.5
N  -78.0  -15.6  122.0 -176.0  -55.9    nan  1.219   93.5  3.782  6.104  166.3 -176.0
G  -82.3  -43.7  111.6  179.1    nan    nan    nan   81.0  3.798    nan    nan   89.5
A -178.6  144.5  110.8 -179.1    nan    nan  1.031  145.0  3.813    nan    nan  -38.2
L -133.2  108.5  106.0  178.4 -168.4    nan  0.990  114.1  3.797  5.663 -166.5 -173.3
T -129.6  160.0  111.1 -176.7   52.2  -65.9  1.011  133.9  3.802  5.941  164.7  158.8
V -126.1  116.3  103.8  178.5  155.3  -84.0  0.941  115.7  3.836  5.636 -142.6 -148.1
R   50.7   49.2  108.5 -178.2  -58.6    nan  1.048  103.2  3.774  4.955   -3.9  -20.5
G   75.5  -20.7  120.0  178.6    nan    nan    nan  113.9  3.788    nan    nan  -66.9
V  -87.1  136.4  110.3 -179.2 -179.5  -58.2  1.046  101.7  3.793    nan    nan   81.5
P  -66.6  128.1  109.0  179.8  -29.7    nan  0.921   89.4  3.820  5.509  -97.0 -114.1
I  -61.5  156.8  108.3  179.0   66.8  -57.4  1.032   70.8  3.812  5.969 -115.1 -117.6
E  -81.6  136.6  111.5  180.0  -62.3    nan  1.062   98.3  3.801  5.498 -102.5 -103.8
A  -52.7  -48.0  112.2  179.8    nan    nan  1.062  100.5  3.839  5.633  -86.8 -101.2
R  -57.2  -43.8  112.5  179.4 -175.0    nan  1.048   99.7  3.807  5.276   70.4   82.3
R  -59.8  -49.7  112.1  179.5  -75.8    nan  1.053   94.4  3.850  5.381   71.1   83.8
L  -58.0  -40.0  109.7  178.2  179.8    nan  1.027  102.9  3.803  5.250   68.3   78.5
R  -61.5  -41.8  111.8  180.0 -101.1    nan  1.021   97.9  3.854  5.405   73.4   85.1
E  -71.6  -39.0  111.2 -179.3  -60.2    nan  1.062   91.6  3.793  5.119   56.2   75.2
L  -62.0  -42.4  108.0  178.6 -147.8    nan  0.949   99.3  3.808  5.387   76.1   84.0
N  -68.5  -30.8  112.1 -178.9  -87.8    nan  1.100   97.8  3.787  5.058   52.8   76.8
H  -62.4  -47.7  107.7  176.5  162.7    nan  0.986   96.5  3.797  5.572   81.5   89.8
I  -58.9  -55.4  109.0  178.1  -67.6  167.0  1.011   93.7  3.849  5.246   64.7   77.7
R  -52.2  -45.9  109.8  179.4  -65.2    nan  1.035  103.5  3.872  5.325   66.9   78.8
E  -61.2  -43.6  111.3  179.5  177.4    nan  1.022   97.5  3.779  5.256   68.4   79.8
H  -74.2   -6.7  113.8 -177.9  -70.6    nan  1.158  103.0  3.808  5.126   45.6   72.9
L -107.3   10.3  107.5  175.9  -76.1    nan  0.983   76.0  3.790  5.561   57.4   68.3
N   54.1   46.2  114.2 -176.5 -172.6    nan  1.155   99.5  3.822  5.697 -126.1 -117.2
L -114.6  150.6  108.6  178.1  -74.0    nan  0.990  120.3  3.798  5.933  114.7  111.2
P  -65.9  148.3  111.3  179.5   26.4    nan  0.974   80.0  3.854  5.478  -90.9  -95.5
L  -77.5  163.3  113.1 -179.0  -44.6    nan  1.075   84.5  3.815  5.753 -112.4 -109.0
V -102.0  114.4  103.3  176.6  172.5  -65.2  0.961  106.9  3.807  5.479 -114.2 -120.9
R  -94.7  140.1  111.9 -177.9  -59.8    nan  1.034  107.5  3.835  6.004 -155.0 -159.6
S -151.3  103.2  109.1  178.8 -173.6    nan  1.020  110.7  3.774  5.603  170.7  163.6
A  -56.5  -45.6  109.0  179.2    nan    nan  1.006  101.1  3.812  5.958 -124.0 -138.6
A  -59.7  -24.4  115.0  179.3    nan    nan  1.078  108.0  3.785  5.173   64.4   81.7
T  -99.0  -45.4  115.5 -177.5  -57.5 -177.1  1.067   65.6  3.832  5.292   47.3   68.2
E  -57.2  136.3  114.4 -177.3  -59.0    nan  1.079   81.2  3.779  5.189   72.7   88.8
E  -90.2  120.4  110.5  179.8  -68.1    nan  1.054  107.7  3.803  5.789 -130.6 -137.3
P  -56.5  135.0  107.1 -179.8  -30.8    nan  0.917   77.5  3.807  5.707 -102.6 -120.2
G   96.8  -13.0  114.1  179.3    nan    nan    nan   88.6  3.763    nan    nan   37.3
A -101.1  160.2  110.1  179.2    nan    nan  1.030  107.2  3.817    nan    nan   72.4
P  -78.0  167.9  108.9  179.5   35.2    nan  0.938   82.2  3.807  5.311  -91.5  -97.1
L  -78.0  -21.3  112.7  179.4  -69.7    nan  1.050   93.2  3.812  5.529  -95.6  -87.1
T -129.6  154.3  110.0 -177.1   50.0  -69.4  0.990  133.5  3.816  5.005   22.3   37.5
T -153.4  127.8  109.5  178.6  -70.4  168.5  1.020  131.8  3.816  5.628  179.7  178.6
P  -64.1  121.3  110.2  179.7  -28.0    nan  0.947   92.2  3.847  5.666 -106.1 -119.8
P  -77.9  156.6  110.5 -179.8   33.9    nan  0.941   86.7  3.815  5.879 -135.1 -138.7
T  -91.5  124.6  106.7  177.5  -57.1 -177.6  0.994  104.6  3.795  5.703 -120.0 -116.4
L  -67.0  141.3  108.8 -180.0  169.9    nan  0.989   83.1  3.811  5.796 -112.6 -126.0
H -121.1   89.6  106.7  178.7  -56.1    nan  0.989  104.0  3.757  5.651 -159.7 -162.7
G  -49.3  -19.6  116.0 -179.3    nan    nan    nan  120.2  3.793    nan    nan -141.3
N  -87.5    9.4  111.0  179.7   66.3    nan  1.074   95.8  3.789    nan    nan   80.4
Q -124.4  159.6  108.9  179.4  -55.3    nan  0.995  128.5  3.831  5.549   55.4   68.9
A  -63.4  145.3  110.4  179.3    nan    nan  1.012   79.0  3.820  5.297  -78.5  -84.8
R  -99.1  155.6  111.8 -179.6  -68.6    nan  1.076  107.1  3.788  5.662 -136.6 -133.4
A  -53.5  -33.1  109.6 -179.6    nan    nan  1.022  110.6  3.802  5.370  -67.7  -80.0
S  -61.9  -35.1  110.1  178.7   55.1    nan  1.038  102.2  3.802  5.391   74.3   89.8
G  -62.6  -48.7  111.2  178.5    nan    nan    nan   93.6  3.810    nan    nan   87.6
Y  -61.7  -34.4  111.8 -180.0  -57.5    nan  1.040  101.9  3.807    nan    nan   77.6
F  -67.4  -42.6  111.1 -179.9 -172.2    nan  1.050   93.4  3.817  5.382   68.6   85.1
M  -62.8  -35.0  111.7  179.1 -109.9    nan  1.099  100.7  3.814  5.368   63.6   81.5
V  -64.0  -36.8  108.2  178.1  173.7  -63.2  1.000  100.5  3.772  5.509   78.0   85.9
L  -64.6  -53.3  109.5 -179.0 -151.9    nan  0.994   90.8  3.826  5.379   73.4   85.2
I  -63.5  -40.6  112.4 -179.3  -49.7 -169.8  1.093   96.7  3.773  5.077   52.1   72.1
R  -60.9  -25.9  114.5 -179.5  -82.9    nan  1.184  106.3  3.838  5.468   63.9   87.3
A  -68.4  -30.2  108.6  177.3    nan    nan  1.007   99.7  3.820  5.681   83.6   89.6
K  -77.1  -51.6  107.0  178.0  -64.8    nan  0.988   85.2  3.817  5.430   63.2   77.0
L  -62.5  -34.8  116.8 -177.7  -51.0    nan  1.129   98.7  3.813  5.117   54.1   76.3
D  -87.1   -1.1  113.4 -179.7  -56.4    nan  1.047   92.5  3.826  5.315   51.7   68.5
S  -56.5  -47.5  117.9 -178.0 -172.8    nan  1.134   94.9  3.808  5.797  111.5  129.6
Y  -63.1  -52.8  112.7 -178.6 -170.4    nan  1.045   90.0  3.807  5.290   67.9   80.6
S  -90.8   17.3  114.7 -178.1  -57.9    nan  1.068   96.3  3.781  4.894   26.8   49.5
S  -67.2 -144.3  112.9 -178.2 -162.5    nan  1.086   58.4  3.811  5.969  119.9  135.4
A -136.5  160.8  113.4  124.2    nan    nan  1.077  140.8 27.651 26.827  132.5  -17.2
A  -48.7  131.0  109.0  178.6    nan    nan  1.005   75.6  3.795  5.147  -57.7  -71.3
P  -64.5  149.5  110.3 -179.9  -24.7    nan  0.930   77.8  3.868  5.636 -101.7 -117.7
R  -89.9  118.5  104.8  178.8    2.4    nan  0.969  102.9  3.790  5.713 -124.7 -123.0
L -109.2  129.8  116.0 -177.9  -48.6    nan  1.080  121.9  3.811  5.944 -169.9 -168.2
S -141.4 -179.0  107.7  178.4   40.9    nan  1.030  141.1  3.795  5.718  170.4  161.0
F -138.6  149.9  111.6 -178.6  -56.3    nan  1.055  140.5  3.807  5.386 -139.0 -131.0
L  -73.6    nan  110.4  179.7  -62.5    nan  1.032    nan  3.804  5.588  -97.6 -105.3
