Id   phi    psi    tau  omega    chi    chi2  solid    eta  CA-CA  CB-CB  BA^AB  NA^AC
M    nan  155.1  110.0    nan  177.9    nan  1.037    nan    nan    nan    nan    nan
N -155.7  175.7  105.6  177.7   55.5    nan  0.998  156.5  3.788  5.567 -178.3  175.3
I  -54.8  -40.4  117.1 -178.1  174.2   54.2  1.221  101.4  3.694  5.145  -65.5  -53.2
F  -57.9  -46.2  113.7  179.8  -75.6    nan  1.060   97.0  3.797  5.555   84.5   90.5
E  -68.3  -42.5  108.1 -179.8  -62.9    nan  1.017   94.4  3.727  5.128   60.9   73.7
M  -48.4  -60.1  109.6  178.6 -151.5    nan  0.985   96.5  3.738  5.338   86.2   93.5
L  -65.2  -31.4  115.6 -178.9  -50.8    nan  1.155   98.8  3.733  5.019   40.7   65.7
R  -63.0  -35.7  106.0 -179.7  -98.8    nan  0.964  103.1  3.693  5.600   96.2   92.2
I  -63.8  -46.5  111.3 -178.9  -75.0  165.7  1.090   93.8  3.736  5.254   72.0   87.6
D  -68.5  -41.5  116.7 -178.9  -65.8    nan  1.163   89.8  3.776  5.177   54.1   75.5
E  -93.6  -19.8  116.1 -176.8  -63.5    nan  1.098   78.0  3.882  5.236   39.7   59.0
G   65.3 -163.4  109.8 -178.1    nan    nan    nan   71.8  3.755    nan    nan -135.3
L -141.5  138.0  113.2 -179.6  169.9    nan  1.091  138.2  3.733    nan    nan -115.1
R -146.1  121.0  111.7 -178.8  -70.9    nan  1.064  127.2  3.747  5.582  177.4  167.2
L  -87.1    8.0  114.5 -179.0  -67.4    nan  1.139   96.2  3.743  5.833 -144.7 -149.2
K -136.0  153.8  110.6  178.7  -48.1    nan  1.076  138.9  3.713  5.307   39.6   56.5
I  -53.3  152.6  110.3  178.2  -63.7  173.6  1.047   66.3  3.674  5.218  -71.1  -82.4
Y -169.3  171.8  109.9  178.2   77.5    nan  1.173  169.0  3.735  5.452  156.7  157.6
K -107.4  129.7  112.3 -177.5  -46.6    nan  1.043  118.0  3.769  5.320 -102.1 -110.9
D  -77.0  176.7  107.6  178.5   57.0    nan  1.001   78.0  3.708  5.651 -119.8 -132.3
T  -58.8  -19.4  108.6  178.7   70.8  -51.9  1.095  113.4  3.704  5.062  -64.5  -60.2
E  -81.4   -8.1  111.4  178.9  -70.7    nan  1.051   95.6  3.757  5.618   69.7   85.3
G   87.9    3.1  113.4 -178.7    nan    nan    nan   90.9  3.806    nan    nan -104.8
Y  -88.7  156.4  111.9  179.6  -56.6    nan  1.011   97.4  3.810    nan    nan   99.9
Y  -78.6  126.0  110.1  179.1  -66.2    nan  1.023   99.0  3.765  5.415  -98.8 -103.6
T -136.5  167.2  108.4 -179.0  -48.9 -169.3  0.918  139.1  3.683  5.609 -178.7  166.0
I -160.9  160.5  109.9  177.1 -169.1   70.5  1.010  158.1  3.674  5.254  178.3 -173.7
G   76.6 -124.3  109.2  177.8    nan    nan    nan   97.7  3.740    nan    nan   46.9
I -106.7   74.7  108.1  177.4  -51.8 -174.2  1.070  102.2  3.752    nan    nan  -39.0
G   64.5   35.2  113.9  179.4    nan    nan    nan   98.1  3.782    nan    nan  -51.6
H  -85.8  111.0  109.9  177.8 -177.8    nan  1.074  106.9  3.731    nan    nan  130.4
L  -73.5  122.5  110.5 -178.2  179.9    nan  1.030   97.5  3.711  5.859 -130.7 -144.5
L  -82.1  -66.7  112.2  179.9  -84.7    nan  1.071   73.2  3.688  5.741 -136.4 -143.1
T -155.7  143.4  114.0 -178.3 -164.4   74.2  1.056  146.3  3.741  4.552  -48.5  -31.2
K  -72.3  -19.5  110.5  178.2  -62.2    nan  1.113  100.1  3.733  5.568 -110.0 -113.9
S  -58.9  154.7  112.7  178.2  154.5    nan  1.191   71.0  3.774  5.696   85.4  105.9
P  -87.7    3.5  113.2 -176.5   10.1    nan  0.974   93.7  3.794  5.355  -92.2 -111.8
S -102.6  120.2  119.0 -174.9   94.8    nan  1.145  121.2  3.780  5.355   59.9   92.9
L  -44.0  -60.4  109.8  176.4 -171.6    nan  1.068   98.7  3.723  5.593  -92.4 -115.7
N  -43.4  -53.3  114.7 -178.6  -70.4    nan  1.247  101.8  3.803  5.301   61.7   85.4
A  -51.7  -43.3  110.6  179.1    nan    nan  1.075  105.2  3.809  5.530   78.2   82.7
A  -62.0  -59.7  108.4  177.6    nan    nan  1.019   89.8  3.776  5.368   69.3   79.6
K  -45.9  -47.0  109.0  177.8  -67.5    nan  1.059  107.7  3.803  5.223   68.8   79.4
S  -55.7  -65.2  107.2  177.9  -48.5    nan  1.031   90.8  3.746  5.356   73.2   81.6
E  -38.0  -52.0  113.2  179.3  -90.0    nan  1.064  107.1  3.735  5.040   72.8   83.3
L  -53.9  -63.7  112.3 -179.2  169.0    nan  1.099   89.2  3.792  5.207   64.7   83.1
D  -48.7  -57.4  110.1  178.7  -65.2    nan  1.016   97.9  3.780  5.178   67.3   75.3
K  -37.2  -64.4  109.3  179.7  157.8    nan  0.994   99.4  3.728  5.194   84.6   91.7
A  -58.3  -45.3  113.7 -178.8    nan    nan  1.083   97.2  3.748  4.793   48.9   67.1
I  -71.4  -29.7  111.5 -179.5 -114.4  126.8  1.026   96.0  3.743  5.191   58.4   72.9
G   99.0  -35.1  114.0 -179.1    nan    nan    nan   95.9  3.799    nan    nan -114.1
R -112.2  171.4  113.2 -179.1   53.7    nan  1.069  115.3  3.807    nan    nan   44.2
N  -71.6   98.3  110.8  177.5 -117.7    nan  1.116  106.7  3.768  5.275  -82.6  -79.0
S  -73.6  -44.8  113.9 -177.1   79.1    nan  0.987   85.7  3.831  5.995 -133.3 -158.3
N   64.4   30.0  111.1 -176.4 -165.3    nan  1.161  102.3  3.709  5.288 -166.5 -157.7
G   84.3    3.9  118.0  176.8    nan    nan    nan   93.9  3.797    nan    nan  -77.5
V -138.0  131.1  111.8  176.8    2.6  125.3  1.207  132.5  3.782    nan    nan   50.6
I -104.9  169.6  114.2 -176.5   62.3  -57.2  1.100  108.9  3.767  5.746 -138.6 -155.1
T  -96.7  151.2  106.9  177.9   67.6  -53.4  0.927  103.9  3.708  5.240  -94.2 -106.7
K  -46.7  -51.4  110.6  176.6 -174.4    nan  1.000  103.2  3.665  5.013  -71.2  -80.6
D  -57.0  -38.3  112.6 -179.4  -28.6    nan  1.215  103.2  3.781  5.263   52.1   80.2
E  -61.6  -50.1  109.8 -179.0  -76.3    nan  1.084   94.4  3.782  5.605   79.6   88.1
A  -46.1  -46.4  109.5  178.4    nan    nan  1.006  107.7  3.767  5.341   81.9   88.7
E  -65.6  -31.8  111.0 -179.3 -127.5    nan  1.018  100.3  3.735  5.150   62.8   76.0
K  -71.3  -37.3  111.2 -178.4  -83.6    nan  1.122   92.7  3.713  5.286   63.0   85.7
L  -69.7  -48.9  111.0 -179.6  -59.6    nan  0.999   88.6  3.732  5.300   71.4   80.7
F  -44.1  -60.9  107.7  178.9 -173.0    nan  0.976   99.4  3.710  5.127   80.8   92.3
N  -52.5  -29.4  114.9 -178.2  -47.6    nan  1.370  111.5  3.723  5.016   35.6   76.2
Q  -88.1  -32.7  110.0  179.6  -22.1    nan  1.076   81.0  3.745  5.709   64.8   71.5
D  -63.3  -47.4  108.2  178.6  -65.0    nan  1.075   95.6  3.685  5.384   74.5   88.9
V  -56.2  -48.8  109.8  178.5  175.4  -64.6  1.029   98.9  3.727  5.459   74.1   82.0
D  -53.9  -46.4  111.2 -179.9 -168.4    nan  1.118  101.3  3.726  5.285   70.4   84.7
A  -56.3  -38.7  114.3 -178.6    nan    nan  1.108  102.7  3.747  5.301   73.7   86.5
A  -68.2  -53.1  111.1  179.6    nan    nan  1.066   87.5  3.743  5.327   65.5   81.3
V  -49.6  -47.5  108.2  179.7 -174.2  -54.3  1.053  105.2  3.729  5.331   73.4   84.1
R  -58.3  -46.2  112.1 -179.9  -85.8    nan  1.207   97.6  3.748  5.284   56.9   81.5
G  -53.4  -51.0  112.1  179.3    nan    nan    nan   98.1  3.808    nan    nan   87.4
I  -55.6  -54.1  112.8 -180.0  -66.5  170.8  1.046   94.2  3.786    nan    nan   81.8
L  -56.3  -20.0  112.5 -176.6  -63.3    nan  1.239  114.3  3.776  5.130   53.1   81.2
R  -97.7  -10.3  115.9 -179.6  -61.8    nan  1.053   78.0  3.857  5.635   61.7   70.9
N  -95.0  124.5  111.3 -178.2 -173.8    nan  1.062  110.3  3.772  5.302   63.3   82.9
A  -60.2  -29.6  115.1 -177.4    nan    nan  1.126  104.5  3.777  5.805 -110.9 -117.3
K  -83.4  -32.9  114.1 -178.1  -99.7    nan  1.138   82.9  3.793  5.350   54.6   77.6
L  -87.7  -46.6  114.2 -177.6  -59.9    nan  1.018   74.3  3.817  5.300   57.4   70.7
K  -38.3  -67.0  114.1 -178.5 -177.2    nan  1.192   94.2  3.690  5.248   82.3  103.8
P  -47.4  -38.4  113.0 -177.6    8.8    nan  0.974  110.6  3.784  5.160   77.9   77.6
V  -68.1  -54.0  109.9 -179.6 -175.2  -56.2  1.001   87.9  3.716  5.135   65.0   81.5
Y  -49.6  -46.7  110.5 -179.6  175.8    nan  0.969  104.4  3.720  5.002   77.0   83.8
D  -65.6  -18.9  114.1 -179.2  -84.6    nan  1.026  105.7  3.747  4.961   61.1   76.1
S  -99.4   -4.6  112.6 -179.0   84.3    nan  1.068   78.9  3.778  5.220   47.9   70.9
L  -92.2  148.0  115.6 -179.0  -65.8    nan  1.039  105.1  3.802  5.518   74.9   91.8
D  -68.6  172.2  106.7  176.2   64.4    nan  0.975   71.0  3.721  5.448  -96.6 -105.8
A  -59.5  -34.3  116.6 -177.9    nan    nan  1.129  101.7  3.755  5.229  -69.3  -62.1
V  -70.8  -44.2  110.7 -178.2 -166.9  -44.4  1.119   90.2  3.772  5.381   65.0   84.9
R  -66.6  -31.6  110.8  179.8  -55.9    nan  1.094   99.7  3.769  5.332   60.2   76.7
R  -59.0  -36.7  112.6  179.1  -56.3    nan  1.049  102.5  3.766  5.563   85.3   95.7
S  -58.7  -48.5  112.1  176.6  -54.5    nan  1.032   96.0  3.732  5.317   79.0   89.2
A  -54.4  -45.9  110.1 -178.6    nan    nan  1.012  101.8  3.738  5.149   73.7   85.7
L  -56.1  -45.4  109.3 -178.8 -167.8    nan  1.066  101.3  3.706  5.238   69.1   85.7
I  -66.0  -45.1  111.6 -179.3  -59.0  179.6  0.978   92.8  3.700  5.182   70.0   76.6
N  -50.8  -40.7  107.6  179.2 -173.4    nan  1.028  109.1  3.684  5.101   76.3   89.8
M  -64.7  -54.5  111.9  179.4  -51.6    nan  0.994   88.5  3.775  5.375   71.3   80.9
V  -55.3  -40.9  113.1  179.9 -176.0  -56.2  1.052  102.7  3.750  5.006   65.8   78.8
F  -61.5  -28.6  110.8  179.0  177.6    nan  1.018  105.6  3.745  5.260   72.7   84.4
Q  -87.8  -46.0  118.2 -177.0  168.7    nan  1.164   71.7  3.773  5.203   45.4   75.4
M -109.9  -14.1  113.1 -177.2    8.2    nan  1.035   65.2  3.803  4.934   22.2   38.9
G   90.4  151.3  112.3  179.6    nan    nan    nan   79.9  3.696    nan    nan -109.2
E  -39.3  -50.4  109.7  179.1 -136.5    nan  0.942  109.2  3.738    nan    nan  -75.3
T  -60.6  -60.5  111.9 -178.6   28.8  -88.4  1.153   87.6  3.724  5.003   48.5   78.0
G  -43.3  -58.0  110.4  179.2    nan    nan    nan  100.5  3.755    nan    nan   83.4
V  -58.0  -35.6  114.7 -178.8  176.0  -62.2  1.165  103.0  3.747    nan    nan   74.0
A  -74.2    0.5  111.2 -179.0    nan    nan  1.122  106.0  3.775  5.469   59.8   80.0
G  -83.7  -16.7  111.7  178.9    nan    nan    nan   89.9  3.737    nan    nan  101.2
F  -89.7   59.3  109.5 -177.2  -67.1    nan  1.045  106.8  3.780    nan    nan   82.5
T  -43.2  -72.3  116.4 -179.1  -42.8 -162.0  1.196   86.0  3.725  6.089 -168.1 -164.2
N  -51.5  -54.6  111.3 -178.5  -52.8    nan  1.072   97.4  3.739  5.188   61.8   68.6
S  -44.7  -54.4  109.0 -178.9  -30.5    nan  1.083  103.2  3.727  5.183   76.2   88.7
L  -45.6  -55.6  111.4  177.9  -63.1    nan  1.169  100.4  3.764  5.374   66.6   85.3
R  -53.7  -57.7  110.8  178.3  -65.9    nan  1.001   94.3  3.764  5.339   75.1   77.4
M  -44.3  -54.7  111.7 -179.2  -64.8    nan  1.073  101.7  3.728  5.099   72.9   86.3
L  -54.7  -56.2  110.7 -179.5  -83.9    nan  0.914   94.6  3.758  5.171   78.9   79.0
Q  -46.3  -42.3  109.4 -179.8  160.6    nan  0.998  110.5  3.607  4.836   73.1   85.0
Q  -85.2   14.3  115.8 -178.6  -62.8    nan  1.072  100.8  3.750  5.028   42.2   63.0
K   63.8   25.4  116.3  179.7  -17.9    nan  1.234  103.3  3.805  5.522 -111.3 -109.5
R  -95.8   61.4  111.4  178.4  -75.2    nan  1.135  105.7  3.832  5.993  103.0  112.7
W  -41.0  -55.7  117.6 -175.9  -44.5    nan  1.210  100.0  3.745  6.152 -158.4 -158.4
D  -63.1  -44.3  113.3 -176.8  -61.2    nan  1.198   94.4  3.728  5.291   52.4   75.3
E  -57.0  -39.5  110.7 -178.2  -65.3    nan  1.058  103.4  3.725  5.440   79.5   87.7
A  -68.1  -52.7  106.8  178.1    nan    nan  0.931   90.7  3.646  5.235   72.2   77.6
A  -40.9  -44.5  110.3 -178.2    nan    nan  1.025  112.3  3.771  5.137   80.8   93.3
V  -63.7  -66.6  112.2  179.0  164.3  -75.2  1.020   82.3  3.749  5.093   64.2   78.3
N  -39.2  -48.9  115.9  177.4 -114.3    nan  1.082  107.5  3.786  5.034   67.1   81.3
L  -58.8  -47.1  111.1 -177.6  -74.5    nan  1.057   97.3  3.744  5.178   67.0   83.3
A  -53.2  -17.7  112.6 -178.7    nan    nan  1.086  118.4  3.672  5.176   71.1   88.2
K  -83.5   -7.9  115.6 -178.7  -22.7    nan  1.173   93.1  3.761  5.564   61.2   88.9
S  -74.6  159.2  114.0 -179.4   99.5    nan  0.990   83.7  3.746  5.627  104.0  104.6
R  -54.8  -48.1  109.3  175.3  163.1    nan  0.973  100.6  3.741  5.100  -71.9  -80.6
W  -41.6  -51.3  109.5 -178.5  -66.1    nan  1.031  107.1  3.766  5.290   85.6   97.1
Y  -49.8  -39.9  113.0 -178.0  179.9    nan  1.071  107.7  3.669  5.106   74.9   87.9
N  -83.3  -12.8  110.5 -176.7  -51.8    nan  1.130   92.1  3.744  5.182   42.2   68.4
Q  -97.5  -29.9  114.7 -179.3  -43.5    nan  1.129   71.3  3.768  5.502   55.9   78.0
T -136.1   43.5  111.7  178.3  -50.0 -167.3  1.050   69.7  3.829  5.047    4.5   20.6
P  -36.3  -48.5  112.2 -177.7   24.9    nan  0.951  111.5  3.781  5.973 -166.9 -172.2
N  -55.0  -54.1  113.6 -177.8  -82.9    nan  1.133   94.1  3.758  5.086   58.7   86.5
R  -70.2  -45.4  112.7  177.8  156.6    nan  1.093   88.8  3.739  5.037   47.2   63.8
C  -56.7  -33.8  109.5  179.0 -125.4    nan  1.263  107.5  3.862  5.621   55.9   84.5
K  -61.6  -62.5  110.2  177.5 -101.3    nan  1.028   87.1  3.699  5.676   90.9   88.9
R  -47.1  -45.2  109.9  179.9  -67.2    nan  1.054  107.6  3.766  5.110   67.9   78.0
V  -64.1  -48.3  112.6 -179.7  171.9  -66.7  1.094   91.9  3.736  5.320   64.1   79.3
I  -59.7  -38.7  111.8 -178.6  -66.6  174.8  1.078  101.2  3.729  5.201   69.4   81.5
T  -61.9  -36.5  111.0 -179.7  -64.6  170.7  1.003  101.0  3.766  5.430   79.0   86.9
T  -67.2  -41.1  112.1 -179.2  -59.4 -178.9  1.150   93.7  3.726  5.126   59.8   84.3
F  -66.8  -43.4  108.5  177.5  -83.2    nan  0.972   94.9  3.808  5.551   73.0   77.3
R  -60.4  -56.9  114.5 -179.9 -149.4    nan  1.119   88.2  3.716  5.136   65.2   83.6
T  -81.4  -37.8  115.4 -178.4   83.6  -37.5  1.153   81.9  3.811  4.998   32.9   55.0
G   81.8   28.0  109.0 -177.7    nan    nan    nan   88.5  3.758    nan    nan -136.1
T -144.5  163.7  113.1  179.3   78.5  -43.6  1.062  147.7  3.792    nan    nan   66.5
W  -85.8    4.2  115.0 -178.6  -59.8    nan  1.057   96.0  3.787  5.404  -97.1  -98.3
D  -40.9  -40.8  112.9 -176.8  -65.9    nan  1.163  114.0  3.777  5.944  135.9  148.7
A  -59.0  -16.9  113.5 -178.5    nan    nan  1.122  113.2  3.793  5.468   76.3   89.7
Y -113.9   -2.7  114.7 -177.9  -66.9    nan  1.055   65.0  3.781  5.246   40.5   59.6
K  -74.8  -13.0  121.3 -179.3  -60.2    nan  1.323   98.3  3.837  5.623   75.6  110.7
N   70.9   59.4  114.1 -178.2 -105.8    nan  1.142   80.4  3.968  5.673 -112.6 -124.6
L  -85.4    nan  112.1 -177.8  -46.0    nan  1.071    nan  3.827  6.116  157.2  155.8
