Id   phi    psi    tau  omega    chi    chi2  solid    eta  CA-CA  CB-CB  BA^AB  NA^AC
M    nan  136.4  107.1    nan -176.0    nan  1.078    nan    nan    nan    nan    nan
N -149.3  177.4  113.9 -176.5   72.7    nan  1.183  150.3  3.660  5.535  168.8  164.9
I  -61.6  -51.9  110.8 -179.6  175.2   48.1  1.161   92.7  3.652  5.182  -62.7  -60.4
F  -50.5  -44.5  110.7 -180.0  -78.0    nan  1.022  105.2  3.821  5.567   80.7   84.8
E  -62.8  -50.6  112.7  178.4  -59.6    nan  1.148   91.4  3.774  5.182   56.2   79.3
M  -47.7  -56.7  112.0  177.4  172.1    nan  1.078   97.9  3.798  5.368   75.6   87.1
L  -65.7  -23.6  110.7  179.1  -69.1    nan  1.074  104.4  3.794  5.231   49.9   66.1
R  -69.2  -44.6  104.1 -177.5  173.0    nan  1.112   95.3  3.727  5.634   72.4   94.1
I  -55.7  -45.9  112.2 -177.0  -80.7  159.6  1.039   99.7  3.693  5.441   81.4   87.7
D  -75.9  -12.8  111.5 -175.9  -68.0    nan  1.183   99.2  3.712  4.992   43.4   70.2
E -133.8  -17.7  111.8 -178.4  -56.3    nan  0.915   42.2  3.770  5.318   40.8   43.9
G   48.3 -168.3  114.9 -175.5    nan    nan    nan   54.0  3.674    nan    nan -148.0
L -116.9  144.4  114.4 -177.4  170.4    nan  1.033  125.6  3.756    nan    nan  -93.0
R -151.3  124.1  108.3  177.0  -50.2    nan  1.129  128.0  3.893  5.820  163.7  166.1
L  -95.2   11.8  115.3 -175.4  -45.0    nan  1.132   89.9  3.863  5.968 -145.3 -146.2
K -136.8  136.2  115.6 -179.1  176.6    nan  1.208  137.0  3.789  5.374   32.2   59.4
I  -51.5  120.4  112.3 -176.0  -78.6  146.0  1.109   86.6  3.715  5.552  -78.4  -99.0
Y -132.7  163.7  106.8  179.8   65.5    nan  0.943  135.3  3.750  5.856 -175.8  161.1
K  -92.9  166.6  111.1  177.3  -67.6    nan  0.931   97.6  3.760  5.206 -103.8 -107.9
D -107.5 -177.8  112.7  180.0   60.8    nan  1.226  106.7  3.717  5.466 -146.4 -113.7
T  -46.9  -59.5  105.3  179.4   94.4  -30.9  1.078  100.4  3.785  5.223  -31.7  -42.5
E  -47.4  -54.4  111.3  177.5  -78.9    nan  0.996  100.2  3.761  5.346   76.2   77.3
G  140.6    3.5  112.9 -175.6    nan    nan    nan   38.2  3.765    nan    nan  -93.8
Y  -89.1  132.4  120.1 -176.4  -41.3    nan  1.339  111.1  3.766    nan    nan  105.8
Y  -61.8  112.9  109.5 -179.8  -60.8    nan  1.180   94.9  3.725  5.674  -93.3 -118.2
T -119.8  172.6  113.3  177.3  -40.5 -161.7  0.943  122.5  3.773  5.746 -161.1  166.1
I -163.7  173.2  107.7  178.0 -176.3   67.5  1.089  164.4  3.713  5.244  174.4 -171.1
G   53.2 -157.2  114.7 -174.5    nan    nan    nan   65.0  3.792    nan    nan   43.0
I  -84.3   73.7  108.5  179.6  -58.6  177.6  1.018  109.3  3.782    nan    nan  -50.5
G   76.2   34.1  117.3  176.3    nan    nan    nan   87.0  3.804    nan    nan  -45.4
H  -98.6   97.1  112.5  180.0  178.7    nan  1.025  113.2  3.800    nan    nan  119.5
L  -54.6  127.5  112.7 -179.0  173.1    nan  1.291   84.1  3.762  6.022 -151.5 -140.9
L  -90.4  -36.7  112.1 -178.3  -82.0    nan  1.034   76.7  3.688  5.740 -119.8 -144.2
T  172.6  145.7  112.5 -175.0 -173.6   67.9  0.967  142.4  3.816  4.524  -43.4  -40.1
K  -80.9   -4.2  113.0 -179.0  -57.2    nan  1.181   97.4  3.782  5.643 -127.8 -116.8
S  -77.6  141.6  112.6 -178.8  137.0    nan  1.049   93.8  3.783  5.827   92.7  105.1
P  -59.5  -25.2  110.0  176.5    9.4    nan  0.906  109.5  3.722  5.274  -81.4 -105.6
S  -63.5  118.6  121.1 -179.8 -143.4    nan  1.824  101.1  3.713  5.106   20.3  100.2
L  -71.6  -43.1  103.4  176.3  172.7    nan  0.978   94.7  3.602  5.264  -78.6 -147.1
N  -52.5  -27.7  110.9  177.6  -62.4    nan  1.157  114.0  3.730  5.490   70.2   88.0
A  -75.2  -38.4  111.2  178.2    nan    nan  1.088   89.0  3.776  5.602   72.1   82.8
A  -75.7  -42.4  108.1  179.3    nan    nan  1.156   88.8  3.752  5.337   49.1   73.2
K  -48.9  -42.2  108.6  177.7  -56.1    nan  1.113  109.0  3.784  5.674   83.2   92.4
S  -59.7  -61.1  112.7  178.7 -178.1    nan  1.058   87.3  3.845  5.399   72.3   83.4
A  -43.6  -60.1  110.4  175.8    nan    nan  1.021   98.8  3.713  5.067   69.7   80.4
L  -38.1  -68.9  115.4  179.8 -153.5    nan  1.113   92.1  3.916  5.324   72.8   89.2
D  -41.3  -71.7  107.2 -178.2  -93.2    nan  0.965   92.9  3.782  5.088   77.2   81.0
K  -28.0  -57.8  112.4  175.1 -156.5    nan  1.076  108.6  3.766  4.905   72.4   83.2
A  -53.3  -51.3  111.6  177.1    nan    nan  0.930   98.2  3.825  5.094   74.2   74.9
I  -74.6  -41.9  119.5 -175.8  -54.0 -172.8  1.299   83.1  3.772  4.722   26.6   68.9
G  112.1    2.7  112.0  179.4    nan    nan    nan   66.9  3.706    nan    nan -112.8
R -150.6  179.2  112.1 -179.9   70.3    nan  0.968  150.9  3.809    nan    nan   36.2
N  -83.8  131.6  104.9  173.6 -116.4    nan  1.058   96.9  3.736  5.107  -96.0  -84.1
T -128.9   -9.8  114.9 -172.9   46.1  -75.4  1.062   47.6  3.748  5.789 -167.0 -171.8
N   54.6    9.2  114.5 -178.3 -137.0    nan  1.110  121.2  3.705  5.471 -140.1 -137.5
G  103.7    8.7  111.4  178.3    nan    nan    nan   73.3  3.794    nan    nan  -75.4
V -132.5  142.7  115.4  179.3  137.4  -99.6  1.176  136.8  3.813    nan    nan   64.4
I -138.6  178.3  115.0 -177.8   54.1  -73.7  0.975  139.3  3.813  5.707 -155.9 -177.2
T  -94.9  161.7  115.1 -174.8   81.5  -37.5  1.149  102.4  3.707  4.974 -105.2  -88.1
K  -54.4  -40.5  109.8 -176.3 -178.3    nan  1.062  105.4  3.591  5.041  -59.8  -73.1
D  -72.7  -36.4  108.7 -179.3  -66.1    nan  1.000   93.3  3.773  5.311   64.8   73.8
E  -66.2  -57.3  103.8  179.8  -72.8    nan  0.952   91.9  3.729  5.359   77.1   82.4
A  -40.2  -54.0  113.1  176.0    nan    nan  1.057  104.1  3.768  5.271   77.8   84.9
E  -64.8  -16.7  111.0  179.3 -111.1    nan  1.193  108.3  3.827  5.236   48.3   69.7
K  -81.2  -49.3  110.7  178.3  167.9    nan  1.037   80.5  3.777  5.760   84.6   88.6
L  -50.7  -41.9  107.9  176.1  -72.0    nan  1.040  108.2  3.767  5.266   77.4   83.3
F  -58.4  -36.6  111.9 -178.5 -171.4    nan  1.113  103.4  3.820  5.410   71.6   87.4
N  -62.1  -47.2  108.8 -179.0  -91.2    nan  1.029   96.3  3.710  5.436   75.9   88.8
Q  -56.9  -68.8  108.9 -179.8  -52.8    nan  1.071   86.8  3.841  5.295   65.2   81.9
D  -39.9  -56.3  111.5  179.7  -51.7    nan  1.163  103.3  3.688  5.043   61.8   78.8
V  -51.3  -56.1  112.9  177.8  163.1  -76.3  1.176   95.6  3.718  5.506   64.0   79.3
D  -47.6  -68.0  111.5  179.4 -166.5    nan  1.018   90.1  3.882  5.467   85.3   84.0
A  -28.3  -76.7  104.8  175.9    nan    nan  0.905   94.9  3.716  5.010   87.0   87.3
A  -32.7  -39.6  115.2 -177.8    nan    nan  1.222  120.2  3.735  4.913   52.9   79.4
V  -85.0  -36.8  108.1 -178.9  130.8 -102.4  1.099   83.3  3.757  5.311   48.2   65.0
R  -61.5  -36.8  111.3  174.2  -70.8    nan  1.243  101.0  3.738  5.531   54.3   83.5
G  -69.1  -37.0  108.3  177.3    nan    nan    nan   96.3  3.755    nan    nan   79.0
I  -61.6  -41.7  112.0  177.5  -64.4  176.9  1.066   97.7  3.839    nan    nan   85.9
L  -71.7  -34.3  115.6 -178.3  -54.6    nan  1.178   91.6  3.889  5.306   52.0   77.2
R  -80.7   28.3  112.4  179.4 -103.6    nan  0.957  108.7  3.829  5.442   67.3   73.1
N -150.4  109.5  111.7 -175.6 -171.3    nan  0.947  117.5  3.757  5.078   52.8   64.2
A  -47.3  -28.6  111.0  176.4    nan    nan  0.915  118.0  3.762  5.527 -107.0 -131.2
K  -77.0  -50.5  110.4  178.3  -73.8    nan  1.111   83.2  3.654  5.149   49.9   81.4
L  -71.8  -48.4  118.8 -178.1  -47.5    nan  1.219   82.2  3.817  5.062   44.3   69.1
K  -44.9  -68.6  114.2 -177.0  177.7    nan  1.340   89.4  3.876  5.576   68.2   98.5
P  -29.6  -39.1  115.1  174.0   -6.3    nan  1.002  122.9  3.700  5.493   96.3   85.8
V  -68.6  -63.6  112.7 -176.0  166.7  -73.6  1.014   80.9  3.925  5.338   68.0   84.3
Y  -38.9  -64.6  110.4  173.3 -161.1    nan  0.908   97.8  3.565  4.601   79.1   81.1
D  -55.7  -22.5  111.5 -179.2  -39.6    nan  1.143  113.9  3.754  4.963   39.2   69.4
S  -74.2  -29.7  115.2  175.9   85.1    nan  1.037   92.0  3.677  5.520   78.4   89.5
L  -73.5  151.5  123.3 -170.5  -58.0    nan  1.323   90.1  3.816  5.116   53.0   94.6
D  -78.5  166.4  101.8  177.5   46.9    nan  0.947   81.6  3.739  5.364  -83.9 -115.6
A  -56.7  -37.2  117.1 -176.9    nan    nan  1.198  102.0  3.702  5.170  -74.4  -66.1
V  -71.8  -43.3  106.4 -177.7  161.7  -66.7  0.986   92.5  3.763  5.429   73.4   80.3
R  -74.0  -32.2  109.2  178.7  -84.6    nan  1.081   93.7  3.805  5.281   49.2   68.1
R  -62.5  -19.6  110.1  176.2  -38.2    nan  1.132  109.4  3.724  5.605   73.6   89.2
A  -79.9  -37.8  112.9 -177.8    nan    nan  1.167   84.5  3.750  5.471   65.3   89.1
A  -69.1  -38.3  108.6  178.3    nan    nan  0.958   95.5  3.748  5.544   77.7   79.1
L  -63.7  -44.3  110.2  177.1 -176.2    nan  1.085   95.8  3.722  5.173   63.8   82.7
I  -53.4  -20.0  115.4  178.7  -40.7 -160.6  1.178  116.3  3.833  5.627   71.2   89.5
N  -70.6  -60.8  112.0 -173.7 -147.3    nan  0.980   81.5  3.751  5.588   98.9  100.5
M  -45.2  -50.7  106.5  179.5  -89.3    nan  1.070  106.9  3.690  4.699   66.0   81.4
V  -64.1  -39.1  109.3  178.8  168.9  -62.4  1.033   98.7  3.834  5.406   59.6   70.6
F  -62.7  -50.6  107.9 -179.8 -170.9    nan  1.028   94.6  3.855  5.452   72.3   84.2
Q  -63.1  -68.1  114.3  179.7 -172.7    nan  1.174   80.2  3.718  5.202   49.9   74.5
M  -86.9  -29.0  121.1 -177.5   54.9    nan  1.369   78.3  3.924  5.086    4.7   42.5
G  106.1  156.5  113.8  176.1    nan    nan    nan   95.7  3.792    nan    nan -108.9
E  -32.0  -63.6  111.1  179.0 -151.7    nan  1.135  101.9  3.770    nan    nan  -61.4
T  -48.1  -66.2  115.6 -178.6  -94.2  143.7  1.231   88.6  3.783  5.115   54.3   78.6
G  -52.2  -38.8  110.3 -175.5    nan    nan    nan  107.8  3.914    nan    nan   75.7
V  -83.7  -32.5  113.2 -178.1 -148.6  -25.6  1.049   83.3  3.737    nan    nan   68.7
A  -56.3  -36.4  100.5  178.9    nan    nan  0.979  110.9  3.784  5.513   93.9   94.5
G  -55.7    2.4  121.2  174.0    nan    nan    nan  125.5  3.755    nan    nan   89.7
F -106.3   46.4  109.7 -178.6  -74.1    nan  1.099   92.4  3.844    nan    nan   85.9
T  -19.2  -74.4  113.4 -179.7  -70.6  174.6  1.355   97.3  3.681  6.195 -164.2 -154.7
N  -54.8  -52.8  115.3 -177.0  -59.5    nan  1.063   94.0  3.771  5.484   68.6   64.6
S  -50.8  -58.3  112.2 -176.4    2.6    nan  1.355   94.7  3.733  5.221   52.4   88.4
L  -39.7  -29.4  114.2  175.7  -81.4    nan  1.138  122.8  3.781  5.610   84.9   86.7
R  -76.3  -49.0  111.6  179.3  179.7    nan  1.053   83.4  3.851  5.599   67.4   81.1
M  -62.4  -36.3  107.8  179.3 -101.7    nan  1.106  102.3  3.676  5.042   56.8   75.3
L  -59.0  -54.7  113.5  176.2  -72.9    nan  1.167   91.0  3.805  5.702   69.1   88.7
Q  -58.8  -29.9  113.3  178.8  162.8    nan  1.048  106.2  3.848  5.166   63.9   74.2
Q  -79.5  -16.8  109.1  179.9  -77.8    nan  1.019   94.7  3.800  5.407   57.3   77.6
K   77.6   28.9  110.8 -178.4  -67.3    nan  1.036   91.2  3.769  5.405 -126.5 -121.0
R  -88.8   71.3  110.4  177.8  -25.1    nan  1.362  109.7  3.848  5.939   84.6  122.6
W  -48.6  -51.5  116.8 -178.3  -49.8    nan  1.031   98.5  3.815  6.091 -120.7 -157.8
D  -58.4  -67.8  110.2  177.3  -71.4    nan  1.123   85.7  3.702  5.032   55.3   77.5
E  -38.6  -61.1  113.5  180.0  -73.1    nan  1.083   99.2  3.747  5.202   69.6   81.9
A  -45.8  -45.9  109.5 -179.2    nan    nan  1.023  108.3  3.765  5.276   71.9   82.1
A  -39.7  -68.4  111.1 -177.8    nan    nan  1.204   93.9  3.725  5.221   76.8  101.8
V  -62.2  -28.0  113.2  179.8 -126.8   -5.1  1.058  104.4  3.827  5.293   49.8   59.7
N  -63.0  -47.0  107.9  178.4 -147.1    nan  1.041   96.3  3.742  5.584   82.2   93.8
L  -56.9  -38.9  108.6 -179.4  -97.5    nan  0.988  104.9  3.734  5.045   74.1   81.7
A  -57.4  -16.4  120.8 -180.0    nan    nan  1.224  113.3  3.736  5.164   61.4   92.0
K -125.5  108.9  108.6 -179.1   -2.7    nan  1.033  115.7  3.912  5.408   33.2   46.5
S  174.6  122.6  106.3 -174.4   30.6    nan  0.818  120.9  3.696  5.202  127.1   97.7
R  -10.9  -62.1  113.4 -178.0  160.3    nan  1.249  113.2  3.734  5.600  -84.2  -71.0
W  -24.5 -109.4  110.5  177.9 -168.6    nan  1.060   63.9  3.928  5.569   94.9   99.1
Y  -14.6  -36.3  117.6  176.4 -171.4    nan  0.898  135.3  3.725  4.608   69.2   63.6
N -120.1   47.4  106.6 -177.2  -34.6    nan  0.923   80.9  3.801  4.685   13.3   35.2
Q -146.2  -34.6  108.9  178.6 -106.1    nan  1.078   38.1  3.734  5.480   65.3   80.6
T -149.7   77.6  110.5  166.9   78.2  -43.9  1.027   89.3  3.892  5.226  -24.2   -6.6
P  -72.3  -27.9  120.5 -177.0   13.4    nan  1.186   92.4  3.806  6.097 -179.1 -172.4
N  -73.7  -36.3  110.1  179.8  -51.2    nan  1.246   91.8  3.644  5.490   54.3   87.8
R  -59.9  -56.5  110.5  175.8 -179.7    nan  1.137   91.4  3.803  5.756   75.8   86.6
A  -48.6  -49.2  109.2  176.4    nan    nan  0.959  104.2  3.755  5.384   83.0   79.5
K  -60.8  -21.4  115.0 -178.7  -45.5    nan  1.198  108.6  3.689  5.093   51.2   80.1
R  -74.0  -55.6  110.8 -178.3  -61.6    nan  1.237   82.8  3.814  5.706   69.0   93.7
V  -57.4  -43.9  112.7 -179.6 -177.1  -60.5  0.999   99.4  3.678  5.067   74.7   75.3
I  -64.0  -24.3  109.0  179.1  -78.7  151.2  0.988  106.2  3.813  5.155   65.5   78.7
T  -82.0  -45.2  109.3 -179.2  -62.4  175.0  1.079   82.3  3.703  5.084   53.9   80.7
T  -55.7  -39.4  109.0  175.7  -30.4 -146.8  1.014  105.4  3.812  5.447   67.8   81.6
F  -67.3  -47.5  105.3  177.4  -82.4    nan  1.053   94.7  3.798  5.454   60.8   77.2
R  -45.1  -78.7  117.5 -177.1 -144.3    nan  1.441   79.5  3.787  5.428   59.0   96.1
T  -78.3  -12.0  112.9 -175.1   84.4  -38.9  0.939   96.8  3.726  4.779   48.8   41.9
G   55.1   40.1  112.5 -180.0    nan    nan    nan  103.6  3.748    nan    nan -140.4
T -144.6 -172.1  108.8  175.3   60.3  -62.7  1.050  141.4  3.917    nan    nan   72.9
W -108.2   18.1  117.3  178.9  -50.5    nan  1.130   80.7  3.791  5.043 -102.3  -90.3
D  -53.4  -29.8  116.8 -178.9  -66.6    nan  1.077  109.7  3.804  5.918  144.4  147.9
A  -84.5  -13.4  108.2  179.9    nan    nan  0.983   91.2  3.768  5.275   57.4   73.2
Y -110.2   19.8  109.4  178.4  -72.7    nan  1.125   77.3  3.729  5.278   30.3   63.2
K -115.8    nan  111.5 -169.8  -83.3    nan  1.060    nan  3.523  5.382   62.7  111.6
