Id   phi    psi    tau  omega    chi    chi2  solid    eta  CA-CA  CB-CB  BA^AB  NA^AC
M    nan  146.5  112.9    nan -167.6    nan  1.141    nan    nan    nan    nan    nan
N -130.4 -168.3  108.5 -179.9   72.9    nan  1.107  125.8  3.723  5.666 -162.6 -165.3
C  -57.6  -36.7  114.6  178.8 -102.6    nan  1.030  102.7  3.706  4.807  -35.2  -38.7
F  -59.8  -45.1  111.4 -176.1 -175.6    nan  1.025   97.6  3.801  5.322   79.0   94.2
E  -64.6  -35.8  115.9 -178.7  -44.4    nan  1.039   96.7  3.715  5.120   65.6   80.5
M  -66.4  -43.8  109.4  180.0  176.0    nan  1.062   94.5  3.796  5.245   67.1   85.3
L  -77.1  -30.9  111.1 -179.4  -87.6    nan  1.065   90.6  3.780  5.289   48.6   67.6
R  -60.7  -34.9  107.8  178.3  153.3    nan  1.064  104.4  3.787  5.551   80.1   92.7
I  -78.6  -44.2  115.5  178.4  -76.2  163.6  1.148   81.2  3.800  5.372   52.2   73.1
D  -77.0  -34.1  116.9  179.7  -73.1    nan  1.087   86.5  3.823  5.308   57.4   69.8
E -111.6  -36.8  112.1 -177.2 -145.7    nan  1.135   59.7  3.704  4.888   20.1   47.3
G  104.3  139.0  115.7 -177.4    nan    nan    nan   84.9  3.792    nan    nan -116.1
L -108.9  133.1  108.7 -179.1  160.5    nan  0.942  116.3  3.795    nan    nan -155.4
R -129.2  124.6  106.3 -178.7 -108.9    nan  1.000  122.5  3.827  5.889 -179.7 -177.9
L  -90.5  -12.3  117.5 -174.6  -63.7    nan  1.243   83.9  3.831  5.994 -152.8 -141.2
K -116.0  143.9  107.9  178.1  -92.3    nan  0.983  121.1  3.841  5.582   50.7   55.7
I  -52.4  134.4  109.1  178.9  -77.6  159.6  1.028   76.0  3.815  5.503  -81.4  -92.7
Y -135.0  166.1  107.9  178.4   64.2    nan  1.069  137.6  3.858  5.801  176.9  175.8
K  -98.0  136.1  108.3  176.3  -74.3    nan  0.943  108.4  3.846  5.600 -102.7 -110.4
D  -79.6 -168.8  110.2  178.4   56.6    nan  1.010   75.9  3.787  5.728 -126.4 -122.2
T  -48.0  -43.4  113.2  179.8  -23.3 -137.6  1.105  106.6  3.837  4.969  -37.6  -30.8
E  -84.3   -0.3  115.6 -179.9  -76.6    nan  1.087   95.6  3.813  5.201   45.9   61.6
G   96.5   -0.1  116.0  179.7    nan    nan    nan   83.5  3.813    nan    nan  -93.2
Y  -86.6  145.1  113.0  178.9  -42.3    nan  1.180  100.0  3.791    nan    nan   99.9
Y  -69.8  126.7  107.5 -179.9  -71.7    nan  1.065   91.1  3.795  5.436  -91.1 -111.6
T -142.6  168.2  108.9 -175.6  -52.4 -174.2  0.959  144.9  3.755  5.744  179.8  162.4
I -161.5  168.4  109.0  178.8 -157.2   72.1  1.055  161.7  3.723  5.346  179.6 -174.1
G   64.2 -133.7  110.3  179.5    nan    nan    nan   85.7  3.771    nan    nan   45.8
I  -98.4   84.6  107.1  175.8  -54.1 -168.9  1.017  106.0  3.731    nan    nan  -41.0
G   58.3   30.6  115.1  179.1    nan    nan    nan  105.6  3.824    nan    nan  -48.0
H  -84.2  109.6  109.7 -178.9 -172.5    nan  1.034  106.4  3.827    nan    nan  129.5
L  -71.8  128.7  110.5 -178.3  175.0    nan  1.014   93.6  3.773  5.967 -130.1 -145.7
L  -91.4  -49.9  112.5 -179.3  -70.1    nan  1.084   72.0  3.734  5.735 -141.9 -145.1
T -168.3  153.8  110.5 -179.3  159.2   45.4  1.006  155.5  3.810  4.693  -43.4  -31.7
K  -91.4    4.3  109.6  177.3  -28.9    nan  1.107   90.1  3.734  5.592 -125.0 -118.7
S  -77.2  144.8  111.4  177.9  116.0    nan  1.063   91.3  3.781  5.824   98.5  110.9
P  -77.2    8.7  114.8 -178.7    8.5    nan  1.055  106.3  3.845  5.613 -106.8 -112.2
S  -97.3  123.3  115.3 -179.1 -164.9    nan  1.059  115.1  3.709  5.562   76.7   99.5
L  -57.5  -41.3  110.6  173.2  178.6    nan  1.208  102.0  3.806  5.865 -122.0 -126.3
N  -63.4  -43.6  112.7  177.1  -39.7    nan  1.062   95.0  3.872  5.675   73.9   80.5
A  -61.9  -39.0  107.6  178.3    nan    nan  1.025  101.4  3.746  5.350   70.4   80.4
A  -61.0  -52.5  109.9  178.8    nan    nan  1.116   93.4  3.787  5.324   66.3   84.9
K  -57.4  -39.9  109.8  176.9  -80.8    nan  1.033  103.4  3.803  5.492   68.2   75.0
S  -59.7  -42.0  111.7 -179.4    8.2    nan  1.158   99.3  3.841  5.482   69.6   88.0
E  -65.4  -36.1  112.7 -179.8  -85.6    nan  1.094   97.5  3.787  5.476   70.8   81.1
L  -62.7  -53.4  109.7 -180.0 -173.1    nan  1.038   91.9  3.776  5.406   75.7   88.1
D  -53.0  -37.2  110.9  179.9  -58.8    nan  1.122  107.9  3.797  5.281   60.5   80.8
K  -63.3  -47.4  114.1  178.6 -119.7    nan  1.077   92.0  3.833  5.603   74.2   85.9
A  -67.5  -41.8  110.7  180.0    nan    nan  0.972   93.9  3.699  4.925   66.0   73.6
I  -76.7  -50.4  108.1 -179.6  -71.2  168.6  0.974   85.0  3.787  5.191   52.4   69.2
G  101.5   25.5  104.5 -178.5    nan    nan    nan   73.4  3.673    nan    nan -129.2
R -157.2  172.9  111.2  178.2 -167.8    nan  1.069  158.8  3.680    nan    nan   51.5
N  -84.3  109.9  108.6  178.9  -85.6    nan  1.051  105.3  3.760  5.379  -90.4  -88.6
C -110.5  -27.5  116.3 -177.2  -49.7    nan  1.076   59.9  3.767  5.952 -173.5 -178.8
N   60.0   34.5  112.6 -177.7 -163.8    nan  1.260  102.9  3.709  5.520 -154.2 -148.0
G   77.7   18.1  118.6  176.6    nan    nan    nan   93.3  3.779    nan    nan  -80.9
V -139.3  127.7  107.7 -178.6  171.7  -72.0  0.894  128.3  3.741    nan    nan   62.9
I -121.0  167.3  114.5  178.8   59.5  -61.8  1.077  125.5  3.776  5.750  177.4 -174.1
T  -90.7  166.5  110.2  176.0   73.2  -49.2  0.972   95.3  3.769  5.253  -97.4 -102.8
K  -58.7  -41.4  111.4 -179.5 -174.4    nan  1.087  100.6  3.786  5.226  -73.3  -71.4
D  -59.4  -39.6  113.0  179.7  -63.8    nan  1.233  100.2  3.665  5.220   60.0   86.8
E  -67.6  -42.0  111.5 -176.7  -72.7    nan  1.062   93.2  3.769  5.429   69.0   83.0
A  -61.5  -34.3  108.6  178.2    nan    nan  0.882  103.7  3.684  5.257   77.7   81.9
E  -68.8  -39.4  109.0 -176.5  174.9    nan  1.253   94.9  3.753  5.032   44.7   85.7
K  -53.5  -58.4  108.6  174.5 -120.0    nan  0.994   95.4  3.750  5.711   89.8   88.3
L  -55.1  -46.4  113.7  178.2  -53.0    nan  1.091   98.9  3.821  5.150   58.3   73.1
F  -56.5  -43.5  109.8  179.0  169.5    nan  1.039  101.9  3.762  5.313   73.5   84.2
N  -61.9  -34.4  113.8  178.9  -51.8    nan  1.137  100.8  3.818  5.559   63.4   81.9
Q  -65.0  -46.1  109.5  179.3  -69.5    nan  1.059   94.3  3.826  5.511   81.6   87.0
D  -53.5  -47.3  108.8  173.7  -73.7    nan  1.081  102.3  3.771  5.285   67.5   81.3
V  -63.6  -43.7  109.4 -179.5 -175.0  -53.8  1.083   96.7  3.789  5.442   59.9   76.6
D  -57.8  -43.4  115.1  179.7  -65.1    nan  1.222   98.1  3.775  5.423   62.6   86.4
A  -60.7  -42.6  109.9  176.3    nan    nan  0.996   99.1  3.808  5.470   78.2   80.6
A  -59.4  -45.0  113.2  176.8    nan    nan  1.027   96.8  3.825  5.454   72.7   83.2
V  -65.0  -38.4  113.1 -178.3  177.5  -65.7  1.034   96.3  3.795  5.065   67.6   79.8
R  -60.6  -42.9  107.4  178.5  -81.1    nan  1.038  100.5  3.680  5.276   71.0   86.6
G  -63.4  -41.4  114.0  179.0    nan    nan    nan   95.4  3.758    nan    nan   80.7
I  -56.5  -41.3  111.6 -177.5  -72.4  160.2  1.096  102.2  3.738    nan    nan   91.8
L  -71.8  -15.5  113.3 -174.8  -67.2    nan  1.126  101.5  3.697  5.155   57.4   79.2
R  -98.2   10.7  110.0  176.2  -80.7    nan  0.987   85.5  3.842  5.555   60.3   70.1
N -115.6  107.9  112.3 -176.9 -175.8    nan  1.186  117.3  3.848  5.366   50.5   81.7
A  -54.1  -40.1  113.5 -175.3    nan    nan  1.090  103.9  3.810  5.948 -106.8 -128.7
K  -76.3  -30.5  113.1  179.8  -68.5    nan  1.014   90.6  3.683  5.318   61.1   73.8
L  -88.8  -34.5  114.7 -175.8  -58.3    nan  1.089   77.3  3.713  5.044   50.7   74.7
K  -45.1  -56.2  117.1 -178.2 -169.1    nan  1.264   97.2  3.690  5.410   84.9  109.4
P  -64.8  -27.1  117.0 -177.0   11.5    nan  1.117  101.1  3.826  5.336   62.1   73.9
V  -70.8  -53.3  110.6  178.4 -162.0  -41.0  1.012   86.0  3.823  5.557   75.9   88.3
Y  -56.2  -41.7  109.9  177.4  179.0    nan  0.973  103.1  3.791  5.094   67.2   76.0
D  -59.4  -38.1  108.3  179.0 -100.4    nan  0.967  103.5  3.728  5.266   73.9   84.2
S  -82.4  -16.6  119.4 -179.0   84.6    nan  1.179   89.3  3.722  5.145   42.4   72.0
L  -86.7  157.0  114.4 -174.8  -56.3    nan  0.998   96.2  3.867  5.611   86.4   90.0
D  -78.8  169.8  107.3  176.2   53.5    nan  1.037   81.9  3.713  5.269 -103.3 -107.0
A  -55.8  -43.2  116.3 -176.2    nan    nan  1.201   99.2  3.789  5.231  -66.7  -61.6
V  -62.8  -52.9  108.6  179.8  175.9  -60.1  1.092   92.9  3.689  5.416   70.2   82.2
R  -60.8  -30.5  112.1 -177.0  -59.7    nan  1.207  104.7  3.790  5.233   52.2   76.2
R  -67.9  -38.3  106.2  175.9  -86.2    nan  0.943   97.8  3.776  5.698   87.3   84.1
C  -61.0  -39.5  113.0  177.8  -81.9    nan  0.994   99.0  3.786  5.336   77.7   86.0
A  -62.8  -41.9  111.6 -179.4    nan    nan  0.993   97.0  3.807  5.282   74.9   85.9
L  -62.4  -37.8  112.5  176.9 -165.9    nan  1.008   99.1  3.798  5.222   70.4   81.0
I  -67.6  -37.7  110.0 -179.7  -81.8  164.3  1.074   96.2  3.783  5.201   60.6   82.1
N  -58.3  -45.1  106.5 -179.4 -171.6    nan  0.997  101.6  3.655  5.252   74.6   89.7
M  -64.6  -42.0  112.5 -179.6  -79.7    nan  1.055   95.0  3.776  5.361   58.8   77.9
V  -58.6  -44.5  112.4  179.1  166.4  -70.2  1.031   98.2  3.761  5.284   76.0   86.5
F  -59.5  -39.1  110.4  179.8  -94.9    nan  0.992  101.8  3.760  5.289   75.4   83.3
Q  -70.0  -59.8  115.1 -178.9 -158.0    nan  1.183   80.1  3.750  5.098   55.8   80.0
M -112.2    9.3  117.6 -178.1   44.6    nan  1.096   72.3  3.790  4.790    4.8   23.9
G   76.5  158.1  116.6 -178.1    nan    nan    nan   67.7  3.789    nan    nan -101.0
E  -51.2  -48.2  111.2 -178.3 -155.9    nan  1.092  101.9  3.741    nan    nan  -77.9
T  -64.3  -40.7  114.0 -178.7  -66.8  179.5  1.189   95.2  3.700  5.218   52.3   77.7
G  -60.9  -42.3  113.1  179.2    nan    nan    nan   97.4  3.795    nan    nan   86.5
V  -67.4  -36.9  111.9 -177.5 -170.5  -50.9  1.034   95.7  3.814    nan    nan   80.8
A  -56.7  -25.5  111.3  179.8    nan    nan  1.057  111.4  3.760  5.382   76.1   93.1
G  -62.4  -27.6  116.3  179.0    nan    nan    nan  103.2  3.788    nan    nan   98.2
F  -77.3   48.4  116.0 -178.0  -62.7    nan  1.081  117.8  3.885    nan    nan   85.9
T  -34.4  -58.2  114.1 -174.6  -45.5 -167.2  1.193  103.8  3.769  6.155 -173.9 -164.9
N  -69.5  -46.3  113.5 -179.4  -63.0    nan  1.105   88.4  3.659  5.050   46.8   63.7
S  -56.3  -45.8  109.3 -177.0  -71.5    nan  1.054  100.9  3.742  5.388   72.9   87.5
L  -58.0  -43.4  110.9 -179.9  -62.9    nan  1.045  100.2  3.646  5.169   70.8   83.3
R  -57.9  -45.7  111.4 -179.7  162.6    nan  1.086   98.6  3.766  5.273   68.1   86.2
M  -61.8  -38.4  113.7  179.6  -69.1    nan  1.078   98.6  3.752  5.339   63.9   80.8
L  -65.0  -34.8  111.7 -178.2  -76.1    nan  1.035   99.0  3.757  5.368   72.8   85.9
Q  -73.6  -19.1  113.5 -178.0  173.7    nan  1.103   98.2  3.758  5.133   57.9   81.8
Q  -97.6   -0.8  115.2  179.0  -70.1    nan  1.036   82.1  3.769  5.308   48.9   69.2
K   62.5   34.2  116.4 -179.4  -42.8    nan  1.231   99.2  3.852  5.655 -132.7 -122.8
R  -95.9   69.2  105.2  176.0   -9.2    nan  1.003  102.0  3.777  6.057  122.5  115.8
W  -51.3  -47.3  116.7 -174.8  -37.6    nan  1.291   99.5  3.740  6.118 -175.5 -157.3
D  -65.3  -51.5  111.9 -178.5  -60.9    nan  1.125   89.7  3.744  5.497   64.3   78.3
E  -57.5  -36.0  109.5 -178.8  -66.5    nan  1.019  105.6  3.749  5.297   70.0   79.9
A  -65.2  -45.4  109.6 -179.7    nan    nan  1.138   94.4  3.757  5.388   60.5   85.5
A  -59.7  -42.4  110.9  178.6    nan    nan  1.155   99.5  3.750  5.432   64.6   81.0
V  -59.4  -49.9  108.6  178.5  172.6  -71.1  0.989   96.8  3.813  5.633   85.0   83.7
N  -59.1  -42.1  114.3 -178.8 -137.8    nan  1.248   98.3  3.673  4.973   53.8   80.1
L  -64.1  -31.8  114.7 -177.6  -79.0    nan  1.165  100.0  3.677  5.418   68.0   85.4
A  -67.8   -7.8  116.0 -177.9    nan    nan  1.237  108.6  3.777  5.431   62.2   90.8
K  -92.3   -7.6  112.8  179.7  -66.5    nan  1.016   84.8  3.839  5.812   79.3   87.1
S  -68.1  168.6  110.8 -176.8   47.2    nan  1.008   72.5  3.784  5.730  102.4  111.9
R  -74.0  -36.1  108.1  177.8 -178.5    nan  0.964   92.7  3.639  4.808  -82.2  -86.0
W  -55.9  -42.6  113.3  179.4  161.7    nan  1.017  101.0  3.826  5.292   73.8   93.0
Y  -62.2  -36.6  109.9  178.8 -176.5    nan  0.974  101.3  3.794  5.234   69.6   81.8
N  -77.1  -35.9  114.8  179.2  -82.3    nan  1.255   86.6  3.718  5.165   36.5   75.5
Q  -70.3  -40.1  119.0  179.7  -66.2    nan  1.164   87.9  3.814  5.503   67.3   83.8
T -135.4   71.4  104.6 -177.5   54.2  -60.7  0.954   86.6  3.843  4.914    1.2   14.9
P  -67.1  -32.5  117.2 -171.7   37.0    nan  1.064   95.9  3.723  6.005 -179.0 -167.7
N  -69.0  -49.1  109.4  179.1  -91.4    nan  0.994   90.0  3.826  5.505   70.3   85.2
R  -66.8  -48.4  108.2  179.7 -162.4    nan  0.983   92.7  3.738  5.110   62.4   70.8
A  -59.6  -39.6  112.7 -179.5    nan    nan  1.166  100.2  3.768  5.166   56.4   80.0
K  -59.8  -46.8  111.5 -179.8 -117.9    nan  1.038   96.5  3.818  5.631   81.9   88.3
R  -58.7  -49.7  109.3  179.4  -66.9    nan  1.047   97.0  3.849  5.274   69.5   80.8
V  -59.7  -48.5  113.0  177.5  170.2  -68.2  1.102   94.7  3.792  5.252   61.0   76.7
I  -61.7  -39.5  112.7  179.9  -63.3  174.1  1.060   98.7  3.805  5.364   63.3   78.6
T  -59.2  -39.6  110.6  178.8  -73.1  170.7  1.037  101.7  3.746  5.336   73.4   87.5
T  -63.3  -41.6  110.5  177.1  -54.9  179.6  1.045   97.4  3.824  5.396   65.8   81.7
F  -67.8  -42.1  106.9  179.2  -80.7    nan  1.001   95.8  3.800  5.482   66.3   76.7
R  -63.7  -48.8  114.0 -179.0 -165.6    nan  1.053   91.0  3.754  5.277   70.6   82.7
T  -92.1  -25.1  119.1 -176.7   73.7  -48.3  1.034   76.2  3.809  4.957   36.9   55.6
G   77.7   16.7  109.9 -177.3    nan    nan    nan   96.2  3.816    nan    nan -127.0
T -129.5  178.5  110.3  178.6   65.0  -52.9  0.971  130.1  3.851    nan    nan   71.1
W  -99.3   24.0  112.3  178.8  -59.3    nan  1.000   90.2  3.800  5.177 -102.0  -95.4
D  -57.3  -36.2  114.5 -176.8  -73.5    nan  1.132  103.3  3.731  5.976  132.7  152.6
A  -59.0  -31.2  110.3 -179.1    nan    nan  1.055  106.6  3.727  5.433   81.6   92.8
Y  -96.7   -3.5  117.3 -178.0  -60.4    nan  1.065   81.7  3.747  5.165   42.6   63.8
K  -35.2  -73.2  115.3 -178.3  177.2    nan  1.082   90.0  3.789  5.846  137.3  145.9
N  -92.7   37.1  119.3 -178.2  -21.3    nan  1.361  104.9  3.768  4.836  -12.7   32.5
L -111.1    nan  105.9  176.1  -83.2    nan  1.018    nan  3.784  6.061  119.3  103.3
