Id   phi    psi    tau  omega    chi    chi2  solid    eta  CA-CA  CB-CB  BA^AB  NA^AC
M    nan  135.6  108.1    nan  175.7    nan  1.000    nan    nan    nan    nan    nan
N -141.4  178.8  111.0 -178.8   53.0    nan  1.090  141.8  3.746  5.714  171.4  173.6
I  -65.2  -31.0  113.1 -176.0 -165.4   67.0  1.147  100.1  3.694  5.027  -66.2  -59.8
F  -61.6  -52.0  110.9  176.7  178.3    nan  1.052   92.6  3.816  5.678   80.7   91.7
E  -61.5  -36.8  111.1  179.1  -81.7    nan  1.028  101.2  3.713  5.091   60.6   73.9
M  -58.8  -48.4  111.6  178.2 -170.0    nan  1.023   96.2  3.786  5.441   75.3   90.0
L  -69.2  -34.7  115.1  179.7  -87.0    nan  1.218   93.7  3.767  5.055   39.7   71.5
R  -57.8  -46.3  107.6  175.9  153.8    nan  1.046  100.6  3.736  5.674   83.9   90.8
I  -64.0  -50.6  111.6 -179.9  -76.4  162.2  1.056   91.3  3.792  5.358   61.9   76.8
D  -73.3  -45.2  114.5 -175.7  -74.5    nan  1.148   85.5  3.709  5.100   45.3   69.7
E  -98.8  -45.2  114.7 -176.7 -152.9    nan  1.127   66.4  3.732  4.989   28.5   50.5
G  106.2  152.7  110.9 -179.7    nan    nan    nan   95.2  3.724    nan    nan -121.2
L -115.8  130.5  110.9 -175.3 -172.8    nan  0.871  121.8  3.743    nan    nan -140.6
R -115.9  132.8  107.9  177.9  -69.9    nan  1.006  120.0  3.790  5.790 -178.2 -169.1
L -105.5    8.9  119.6 -176.5  -37.9    nan  1.426   79.0  3.794  5.835 -175.7 -146.8
E -133.9  144.3  109.7  177.9  -89.1    nan  0.973  134.9  3.705  5.565   67.7   56.7
I  -55.7  133.2  114.5  179.7  -56.2 -178.2  1.095   82.2  3.753  5.513  -91.5  -93.9
Y -140.5  166.8  107.4  178.1   63.4    nan  1.047  142.6  3.746  5.712  174.9  165.8
K -101.5  143.8  105.2  178.1  -59.9    nan  1.001  108.2  3.763  5.600 -113.8 -112.3
D  -85.1 -179.6  109.8  175.9   75.8    nan  1.031   84.9  3.759  5.543 -118.9 -124.5
T  -51.4  -39.4  113.2 -177.9   38.1  -81.5  1.026  106.6  3.756  4.882  -43.9  -46.5
E  -77.8  -10.3  111.3  179.9  -89.3    nan  1.038   98.3  3.702  5.073   51.1   71.3
G   95.0   14.1  112.9 -179.3    nan    nan    nan   79.7  3.812    nan    nan -100.6
Y  -91.4  135.5  113.7 -178.2  -65.7    nan  1.008  107.4  3.860    nan    nan  109.2
Y  -67.3  127.3  112.0  177.8  -73.7    nan  0.959   92.4  3.809  5.627 -101.1 -117.6
T -140.3  158.3  111.7 -169.6  -53.3 -173.5  0.973  143.4  3.757  5.572  177.6  164.7
I -156.9  167.4  109.5  178.9 -157.9   81.0  1.083  157.9  3.743  5.489  172.8  178.4
G   66.0 -129.9  109.1  177.7    nan    nan    nan   88.2  3.851    nan    nan   45.6
I -106.6   86.5  108.1  175.5  -57.6 -175.1  1.039  106.2  3.861    nan    nan  -45.9
G   56.7   33.5  114.1 -179.3    nan    nan    nan  105.6  3.798    nan    nan  -47.0
H  -84.5  108.6  110.9  175.8 -175.3    nan  0.997  107.8  3.765    nan    nan  129.6
L  -72.2  120.2  112.1 -179.6  167.8    nan  1.053   99.0  3.815  5.972 -140.1 -146.7
L  -82.8  -41.4  111.7 -177.2  -69.0    nan  1.085   81.5  3.820  5.911 -137.8 -144.5
T -176.6  157.8  110.3 -177.4  175.4   57.4  0.963  158.8  3.766  4.628  -36.7  -32.9
K  -97.2    1.2  111.7  179.5  -58.5    nan  1.148   83.2  3.777  5.625 -132.9 -116.6
S  -74.4  144.2  111.1  178.4  130.6    nan  1.110   89.2  3.751  5.817   97.1  110.9
P  -68.5   -5.3  113.6  177.0    2.5    nan  0.960  109.3  3.784  5.458  -88.0 -107.9
S  -84.9  118.9  117.5 -178.9  155.4    nan  1.152  111.1  3.811  5.472   67.6   99.0
L  -58.3  -30.9  112.4  174.6  177.8    nan  1.064  106.5  3.737  5.662 -108.9 -130.6
N  -63.3  -42.7  112.1 -179.8  -87.0    nan  1.074   95.8  3.815  5.445   74.5   92.7
A  -60.9  -47.5  109.1  175.4    nan    nan  0.996   96.8  3.781  5.289   68.7   79.5
A  -58.4  -48.5  112.6  177.7    nan    nan  1.071   95.8  3.802  5.224   62.0   79.8
K  -62.6  -34.1  113.0 -178.0  -76.9    nan  1.041  100.7  3.788  5.349   66.2   79.6
S  -64.8  -49.5  109.5 -175.0  173.5    nan  0.942   92.7  3.773  5.131   82.4   91.5
E  -60.0  -43.8  109.8  176.1  -68.3    nan  0.980   99.0  3.780  5.062   58.6   74.2
L  -62.6  -43.3  112.1 -179.2  172.6    nan  1.087   96.1  3.714  5.223   62.6   82.2
D  -60.1  -40.5  112.9 -179.1  -79.3    nan  1.175   99.2  3.744  5.273   62.7   85.4
K  -61.5  -51.3  111.0  176.9  -57.1    nan  1.059   93.0  3.856  5.670   74.2   82.9
A  -58.1  -35.0  113.2 -177.2    nan    nan  1.052  103.9  3.769  5.162   69.8   81.1
I -103.3   -8.6  116.7 -175.9   76.2  -45.7  1.182   73.0  3.726  4.855   23.2   57.0
G   69.8   25.9  115.4  178.0    nan    nan    nan   97.7  3.775    nan    nan -125.6
R -156.0  155.0  110.9  175.7   57.1    nan  1.318  152.7  3.834    nan    nan   48.2
N  -85.6   97.2  107.4 -177.7  -49.8    nan  1.030  106.7  3.849  5.519  -88.0 -110.6
C  -85.3  -25.3  116.6 -175.9  -66.9    nan  1.011   83.3  3.754  5.980 -155.0 -166.3
N   61.3   38.8  111.4 -175.6 -165.2    nan  1.115  100.0  3.742  5.420 -148.7 -142.0
G   76.0   21.5  114.3  177.0    nan    nan    nan   94.5  3.838    nan    nan  -76.3
V -130.3  144.4  110.0  177.8 -169.0  -46.7  1.053  132.7  3.797    nan    nan   73.6
I -134.3  166.1  116.7 -179.1   59.3  -63.2  1.156  139.0  3.875  5.850 -173.1 -167.9
T  -95.8  153.1  110.7  174.8   79.1  -41.9  1.107  104.4  3.822  5.364 -109.3 -111.7
K  -47.7  -40.5  109.6  178.1 -125.2    nan  0.954  110.5  3.784  5.080  -56.1  -80.3
D  -77.9  -26.9  112.9 -177.6  176.7    nan  1.230   90.9  3.734  5.118   34.7   72.5
E  -79.1  -28.4  106.2  179.2  -44.6    nan  1.059   92.0  3.694  5.605   70.6   80.4
A  -62.0  -33.4  109.1  175.9    nan    nan  1.012  103.4  3.731  5.559   82.4   91.6
E  -70.6  -42.8  110.4 -179.9 -175.1    nan  1.021   91.1  3.831  5.390   67.0   82.5
K  -59.7  -46.3  108.4  179.5  152.2    nan  1.065   98.7  3.715  5.238   66.4   83.6
L  -66.8  -36.4  109.9 -177.8  -72.8    nan  0.996   97.5  3.733  5.349   65.1   76.0
F  -64.9  -44.5  112.5 -178.2  174.2    nan  1.105   93.4  3.732  5.213   65.4   87.4
N  -57.2  -32.2  113.0  177.6  -71.2    nan  1.097  106.5  3.720  5.380   69.4   84.7
Q  -67.3  -37.4  110.6  177.2  -54.9    nan  1.017   96.3  3.785  5.608   76.0   85.9
D  -66.8  -37.9  109.3 -178.5  -78.0    nan  1.023   97.1  3.788  5.231   68.7   83.3
V  -61.7  -46.8  108.6  176.4  177.6  -64.0  1.078   96.9  3.768  5.477   66.5   83.5
D  -57.4  -40.9  112.8  177.9  -83.6    nan  1.036  101.2  3.790  5.464   75.5   81.7
A  -66.9  -37.3  110.3 -177.6    nan    nan  1.008   96.8  3.773  5.218   69.6   82.1
A  -64.0  -43.1  110.8 -179.4    nan    nan  0.997   95.9  3.807  5.302   73.2   85.9
V  -65.4  -39.5  109.7  178.5  174.8  -64.1  1.040   97.2  3.841  5.245   59.0   77.5
R  -56.1  -44.3  111.6  178.5 -127.4    nan  1.067  100.7  3.730  5.418   73.9   90.0
G  -69.2  -45.0  110.4 -178.9    nan    nan    nan   91.2  3.678    nan    nan   75.3
I  -55.3  -39.3  113.0  179.1  -74.7  163.1  1.007  103.7  3.780    nan    nan   86.8
L  -69.0  -15.5  111.3 -176.7  -60.0    nan  1.109  104.8  3.815  5.374   59.2   82.5
R  -98.8   -4.9  111.3  180.0  -87.8    nan  1.055   79.5  3.764  5.376   58.3   73.3
N  -95.8  118.2  108.1 -179.5 -175.3    nan  0.969  108.7  3.815  5.572   69.9   85.2
A  -57.7  -35.7  114.4 -176.8    nan    nan  1.041  103.3  3.796  5.823 -113.0 -121.3
K  -76.2  -35.3  112.5  176.7  -67.0    nan  1.117   88.8  3.707  5.234   51.8   74.2
L  -92.0  -30.9  117.0 -176.5  -60.2    nan  1.124   74.7  3.771  5.232   45.1   67.7
K  -49.9  -51.3  115.3 -176.4  172.0    nan  1.108   98.5  3.720  5.486   96.6  109.8
P  -59.3  -39.3  112.3 -176.9   -5.4    nan  0.973  100.8  3.742  5.096   72.2   81.3
V  -65.4  -49.8  109.5  178.7 -177.3  -59.9  0.981   92.1  3.735  5.191   64.8   81.5
Y  -58.4  -45.1  110.4 -178.3 -172.7    nan  0.970   99.2  3.763  5.138   68.4   80.5
D  -58.4  -36.8  110.6 -178.5  -85.8    nan  0.953  104.0  3.748  5.230   75.1   85.0
S  -75.0  -21.2  116.2 -176.1   80.6    nan  1.115   95.0  3.765  5.037   52.6   81.0
L  -79.9  153.8  113.9 -175.2  -58.9    nan  1.062   91.1  3.804  5.581   72.2   91.0
D  -78.9  169.7  108.3  172.1   52.4    nan  0.997   82.3  3.718  5.302 -101.3 -112.8
A  -53.6  -50.8  116.4 -174.3    nan    nan  1.180   95.7  3.802  5.226  -66.8  -58.4
V  -66.4  -44.6  109.4 -175.3  170.3  -69.9  1.069   94.1  3.719  5.241   58.9   76.2
R  -65.3  -29.6  109.0 -178.9  -75.7    nan  1.046  102.5  3.772  5.368   61.1   78.0
R  -60.6  -40.5  110.3  175.9  -82.0    nan  1.037  100.1  3.785  5.661   82.0   92.5
C  -61.1  -41.3  110.4  179.9  -66.4    nan  1.048   99.3  3.744  5.325   75.4   85.0
A  -62.6  -35.9  112.2  179.9    nan    nan  1.086  100.1  3.823  5.360   67.7   83.7
L  -66.9  -41.2  109.4  179.0 -166.1    nan  1.022   95.4  3.736  5.413   70.4   83.5
I  -68.3  -35.5  109.0 -177.9  -73.0  168.4  0.987   97.2  3.797  5.257   65.4   79.1
N  -55.8  -47.8  108.6  177.1 -178.1    nan  0.989  100.5  3.753  5.346   78.1   92.0
M  -60.8  -41.4  111.0 -179.6  -73.0    nan  1.052   99.1  3.769  5.285   61.4   78.9
V  -62.7  -40.6  110.2 -179.1  165.3  -77.1  1.008   98.6  3.829  5.358   73.4   83.6
F  -59.6  -41.6  109.6  178.4 -101.3    nan  0.961  100.7  3.808  5.406   77.8   85.0
Q  -73.4  -43.9  113.4 -175.5  174.8    nan  1.167   86.7  3.751  5.070   48.4   76.6
M -125.3    7.4  115.5 -174.2   65.6    nan  1.126   58.2  3.808  4.905    5.9   26.7
G   69.5  165.6  114.7 -177.9    nan    nan    nan   64.2  3.732    nan    nan -108.2
E  -54.6  -48.4  113.7 -178.2  -83.0    nan  1.036   98.0  3.786    nan    nan  -68.9
T  -63.8  -37.3  111.4 -177.2  -80.7  162.5  1.023   98.8  3.626  4.888   62.9   78.9
G  -64.6  -44.5  111.4 -180.0    nan    nan    nan   94.3  3.723    nan    nan   85.8
V  -65.5  -48.0  112.2 -179.2  177.2  -64.6  1.044   91.2  3.751    nan    nan   78.7
A  -55.6  -15.3  112.2 -178.7    nan    nan  1.085  117.6  3.792  5.211   67.0   85.4
G  -81.0   -4.1  115.5  179.8    nan    nan    nan   97.2  3.766    nan    nan   91.4
F  -95.5   55.6  108.8  179.9  -78.8    nan  0.908  102.2  3.819    nan    nan   86.2
T  -43.0  -56.5  117.6 -173.3  -50.1 -168.6  1.168   98.0  3.765  6.058  177.8 -161.9
N  -60.6  -48.3  112.1 -178.8  -59.2    nan  1.055   94.7  3.786  5.307   62.4   74.5
S  -54.2  -48.3  112.9  178.2  -77.1    nan  0.978   98.9  3.704  5.211   80.4   84.2
L  -62.0  -39.3  111.1 -179.4  -66.7    nan  1.008   99.3  3.706  5.016   65.5   78.9
E  -61.3  -38.6  110.2 -179.0  -98.6    nan  1.115  100.7  3.779  5.252   63.5   87.1
M  -67.7  -43.8  112.6  176.6  -60.0    nan  1.027   91.6  3.763  5.474   67.2   78.8
L  -56.1  -42.0  109.1 -179.9  -70.9    nan  1.035  103.5  3.684  5.279   76.4   87.3
Q  -62.4  -33.7  114.9 -179.8 -163.2    nan  1.064  100.3  3.734  5.215   70.5   83.7
Q  -86.7    5.2  114.6  177.1  -69.9    nan  1.038   95.5  3.744  5.123   48.6   67.4
K   63.0   26.8  111.0 -177.0  -57.2    nan  1.142  105.2  3.871  5.661 -121.8 -113.8
R  -90.6   72.6  107.2  177.0  -59.3    nan  1.044  106.2  3.751  5.982  109.7  117.3
W  -56.0  -45.5  118.1 -174.4  -43.3    nan  1.167   96.6  3.769  6.193 -163.5 -158.9
D  -66.5  -36.9  112.4 -178.1  -64.0    nan  1.044   96.2  3.732  5.298   70.0   79.8
E  -73.3  -34.2  110.8 -178.1  -67.0    nan  1.086   92.7  3.767  5.291   59.7   79.5
A  -64.2  -44.5  110.4  178.8    nan    nan  1.044   95.2  3.795  5.449   75.0   87.3
A  -59.0  -41.9  111.5  178.5    nan    nan  1.005  100.0  3.815  5.291   71.4   82.2
V  -62.2  -51.7  111.3  178.7  176.7  -64.4  1.033   92.1  3.747  5.243   66.9   82.5
N  -59.0  -43.4  111.3  178.1  -81.5    nan  1.003   99.2  3.780  5.275   68.0   75.8
L  -59.8  -38.3  111.8  179.7  -73.3    nan  1.060  101.3  3.783  5.276   71.3   84.1
A  -67.6  -19.8  114.7 -177.5    nan    nan  1.096  103.2  3.818  5.293   66.4   84.7
E  -94.1   10.7  114.5 -178.7  -77.5    nan  0.920   90.4  3.768  5.369   69.1   76.2
S  -88.2  171.7  110.9 -175.8   56.0    nan  0.968   91.2  3.747  5.444   93.8  110.6
R  -72.3  -25.6  111.8  174.8  -83.3    nan  1.038   96.9  3.785  5.244  -84.2  -79.9
W  -58.6  -48.6  111.1  176.9  164.4    nan  1.027   96.6  3.757  5.474   88.2   99.1
Y  -59.9  -41.8  110.8  178.7 -173.1    nan  1.020   99.7  3.798  5.227   64.9   78.2
N  -66.2  -35.0  113.4  176.8  -67.9    nan  1.068   97.1  3.746  5.271   60.3   78.0
Q  -73.1  -38.7  117.0 -177.9 -147.4    nan  1.122   87.4  3.732  5.314   61.4   83.8
T -135.8   75.3  109.4  178.5   54.1  -65.4  1.032   92.4  3.748  4.826   -2.8   13.9
P  -62.4  -33.0  119.8 -175.9   11.3    nan  1.118   98.5  3.840  6.101 -166.4 -163.1
N  -70.6  -49.6  110.1 -179.5  -66.9    nan  1.008   88.2  3.803  5.483   71.9   85.4
R  -62.2  -49.5  110.7  179.0 -179.7    nan  1.019   93.8  3.758  5.155   63.9   75.0
A  -59.3  -45.0  110.6 -177.3    nan    nan  1.028   98.5  3.775  5.130   67.7   80.9
E  -56.6  -43.2  110.1 -179.8  174.5    nan  1.065  101.8  3.727  5.252   68.3   85.6
R  -64.6  -46.2  111.7 -179.1  -73.8    nan  1.060   93.1  3.816  5.370   63.7   80.5
V  -63.0  -44.6  109.7 -177.9  166.0  -69.5  1.030   96.5  3.771  5.284   65.1   80.1
I  -61.3  -43.6  111.3 -179.8  -70.6  168.6  1.036   97.4  3.797  5.309   67.2   81.5
T  -59.0  -37.0  108.1  178.9  -73.0  170.5  0.955  104.6  3.775  5.274   75.0   83.2
T  -64.4  -36.7  110.0 -178.5  -59.0 -174.8  1.074   99.3  3.734  5.195   62.2   86.1
F  -70.6  -35.6  110.6  179.4  -81.5    nan  1.044   94.4  3.821  5.553   64.3   79.6
R  -69.2  -48.6  113.5 -175.7 -170.3    nan  1.062   87.4  3.669  5.133   69.6   86.4
T  -94.1  -26.8  115.9 -177.4   75.0  -43.9  1.067   74.9  3.803  4.969   28.9   50.3
G   73.2   18.1  110.7 -178.1    nan    nan    nan   99.8  3.749    nan    nan -134.8
T -122.4  174.4  109.6  177.9   68.5  -52.1  0.954  124.1  3.775    nan    nan   79.8
W  -92.8   15.1  110.8  178.7  -74.3    nan  0.966   92.6  3.836  5.241  -97.0  -93.9
D  -55.7  -37.0  117.3 -172.9  -72.9    nan  1.195  102.8  3.704  5.809  123.5  149.9
A  -65.5  -16.9  112.8 -175.8    nan    nan  1.003  107.1  3.728  5.425   84.6   90.1
Y -101.2   -1.4  111.8 -176.5  -73.0    nan  1.049   78.3  3.774  5.195   49.0   72.0
K  -25.9    nan  114.9  179.6   88.9    nan -1.363    nan  3.738  5.358   42.7  154.3
