Id   phi    psi    tau  omega    chi    chi2  solid    eta  CA-CA  CB-CB  BA^AB  NA^AC
M    nan  125.9  119.2    nan -167.8    nan  1.303    nan    nan    nan    nan    nan
N -149.1 -177.5  111.9 -180.0   56.4    nan  1.068  148.1  3.812  5.710  175.6  146.6
I  -55.3  -52.1  114.6 -179.3  -37.4 -152.5  1.022   94.6  3.740  4.881  -42.8  -47.5
F  -48.9  -35.9  108.7 -178.9  176.1    nan  1.084  112.9  3.687  4.939   68.9   87.8
E  -71.5  -56.8  113.5  179.3  -92.9    nan  1.075   81.9  3.703  5.299   59.7   79.3
M  -48.6  -57.5  106.6  177.5 -166.7    nan  0.944  100.0  3.727  4.992   70.8   80.4
L  -57.5  -36.9  117.3  178.9  -66.7    nan  1.464  101.4  3.732  5.042   20.1   73.0
R  -61.0  -34.3  107.7  178.5  174.5    nan  1.006  104.5  3.678  5.706   93.8   88.4
I  -75.5  -54.9  112.7 -179.7  -87.6  143.3  1.147   80.7  3.763  5.218   48.4   77.7
D  -59.8  -57.4  114.4  178.1  -78.5    nan  1.074   88.3  3.805  5.310   60.3   73.1
E  -95.1  -37.2  115.0 -176.1 -109.4    nan  1.317   71.0  3.777  4.832    2.5   43.5
G  109.0  162.9  116.3 -178.6    nan    nan    nan  100.9  3.772    nan    nan -113.6
L -131.0  128.6  118.9 -176.2  175.8    nan  1.147  133.9  3.791    nan    nan -143.2
R -119.9  129.6  110.9  178.2  -42.8    nan  1.102  123.8  3.793  5.805 -171.1 -176.7
L  -98.4  -27.4  110.1 -179.7  -60.1    nan  0.988   73.3  3.795  5.726 -136.5 -152.7
K -102.7  129.9  105.7  178.6  177.3    nan  0.962  110.1  3.720  5.029   34.5   54.7
I  -44.7  133.2  111.5 -180.0  -93.5  149.5  0.917   72.6  3.776  5.508  -76.6  -99.4
Y -124.5  147.1  115.0  178.9  158.0    nan  1.259  131.7  3.738  5.577  162.6 -168.1
K -108.2  109.3  113.5  178.2 -147.6    nan  1.077  117.4  3.746  5.550 -128.7 -144.2
D  -75.3  163.2  112.2  179.3   89.3    nan  1.179   82.1  3.896  6.143 -149.6 -150.7
T  -62.6   -3.4  117.8 -177.5   42.3  -83.3  1.227  115.7  3.852  5.521  -75.1  -75.7
E -112.4   11.7  108.5 -178.5  -62.8    nan  1.178   71.7  3.776  5.412   51.6   71.3
G   73.4   35.4  115.6  177.8    nan    nan    nan   89.6  3.752    nan    nan -102.4
Y  -97.9  142.6  106.8  177.9  -65.4    nan  1.013  106.4  3.790    nan    nan  119.1
Y -101.6  125.7  105.4  178.4  -81.7    nan  0.989  109.2  3.783  5.751 -136.4 -139.6
T -140.5  165.8  114.9 -178.4 -140.8   93.5  1.088  144.5  3.594  5.442  164.0  168.0
I -153.9  162.5  114.5  178.0 -145.7   88.8  1.159  155.7  3.742  5.472 -175.5 -167.2
G   67.5 -135.5  111.9  179.7    nan    nan    nan   88.2  3.805    nan    nan   40.3
I  -89.4   81.3  101.5  177.9  -59.0 -177.5  0.978  101.4  3.793    nan    nan  -34.5
G   46.4   43.6  115.7 -179.7    nan    nan    nan  106.5  3.826    nan    nan  -59.3
H  -81.4  125.8  110.4  179.8 -174.6    nan  1.063  101.1  3.795    nan    nan  143.9
L  -72.0  104.8  118.8  179.0 -161.7    nan  1.971  111.3  3.754  5.924 -179.2 -131.1
L  -87.5  -55.1  110.6  179.9  -56.8    nan  1.021   74.8  3.724  5.576 -100.0 -168.7
A -160.0  154.8  112.5 -177.2    nan    nan  1.035  155.0  3.796  4.542  -41.4  -26.2
A -107.7  159.0  110.9 -179.9    nan    nan  1.075  113.9  3.790  5.571 -133.9 -134.1
A   70.5  -81.5  108.8 -178.3    nan    nan  1.080  110.4  3.782  4.760   60.2   41.1
A -177.8 -167.2  121.8  178.4    nan    nan  1.483  165.9  3.812  5.096 -110.1  -73.1
D   84.0  106.8  106.3 -174.1 -143.7    nan  1.143   72.6  3.672  4.875  125.7  106.3
L  -49.0  -43.9  106.0  179.0 -159.9    nan  0.864  109.1  3.758  5.591  -90.9 -128.9
A  -48.0  -56.8  113.3  178.8    nan    nan  1.063   96.9  3.674  4.725   67.7   91.6
A  -55.6  -41.9  111.2  179.4    nan    nan  1.014  102.8  3.794  5.238   61.6   76.0
A  -65.4  -52.2  110.2 -179.6    nan    nan  1.038   90.4  3.804  5.167   62.2   79.9
K  -46.6  -36.9  111.5  178.4 -130.3    nan  1.038  112.9  3.769  5.178   74.6   86.8
A  -83.9  -25.3  113.9 -178.1    nan    nan  0.996   85.6  3.713  5.017   52.9   69.9
A  -77.4  -32.1  107.9 -179.6    nan    nan  0.954   91.5  3.718  5.256   67.1   84.4
L  -62.6  -58.6  107.6  178.4  174.9    nan  0.977   90.6  3.685  5.106   70.6   88.9
A  -55.8  -36.5  109.0  178.8    nan    nan  1.027  107.0  3.831  5.261   55.8   71.4
A  -62.1  -39.1  108.2  179.5    nan    nan  0.985  100.9  3.692  5.251   77.8   86.9
A  -75.2  -52.5  115.6 -177.6    nan    nan  1.153   79.9  3.778  5.139   46.4   76.0
I  -91.0   -5.9  112.5 -177.2   64.9  -55.1  1.049   86.7  3.736  5.036   33.0   50.9
G   59.3   42.6  116.6  179.6    nan    nan    nan   96.7  3.744    nan    nan -132.1
R -162.5  143.3  102.6  177.6  132.4    nan  0.996  143.5  3.788    nan    nan   56.2
N  -89.2  128.2  110.5 -177.8 -171.4    nan  1.187  105.5  3.688  5.802 -136.6 -120.7
T -114.1  171.3  108.3 -179.1   95.8  -23.0  0.991  116.6  3.720  5.782 -148.2 -168.5
N  -95.8   36.5  103.8  177.1   49.4    nan  1.024   93.4  3.701  5.365 -109.2 -103.8
G   73.6   27.6  109.8 -179.1    nan    nan    nan   95.7  3.736    nan    nan  -74.5
V -129.2  125.8  111.8  178.6  147.4  -93.2  1.058  127.1  3.727    nan    nan   81.8
I -121.2 -169.3  109.3  179.9   69.2  -48.3  0.992  117.1  3.669  5.696 -172.6 -174.3
T -120.0  152.0  111.3 -179.9   77.0  -42.4  1.085  126.1  3.691  5.038 -115.9 -100.9
K  -45.4  -30.9  110.9  179.4 -151.3    nan  0.950  118.2  3.704  4.945  -55.0  -80.7
D  -78.2  -37.8  107.1 -177.6  -80.6    nan  0.946   89.1  3.655  5.119   63.1   79.2
E  -69.0  -42.5  103.5 -178.8  -60.0    nan  0.983   96.7  3.634  5.023   61.9   78.6
A  -54.0  -53.8  112.2  179.6    nan    nan  1.172   95.7  3.748  5.350   63.3   88.4
E  -56.5  -33.7  108.3  179.7 -172.3    nan  1.038  108.2  3.738  5.342   68.8   77.1
K  -57.3  -55.7  113.0 -179.6  171.9    nan  1.208   91.9  3.765  5.399   69.2   95.1
L  -68.6  -43.6  111.5  178.8  -45.3    nan  0.958   91.7  3.815  5.391   63.9   64.5
F  -47.9  -44.4  111.9  179.5  170.0    nan  1.101  106.6  3.709  5.082   77.3   94.9
N  -63.6  -34.2  114.7  179.9  -73.3    nan  1.069   99.1  3.747  5.220   65.2   79.9
Q  -76.6  -35.0  107.4  178.6  -19.6    nan  1.106   91.3  3.759  5.481   53.9   76.1
D  -53.7  -48.7  107.0  177.3  -68.0    nan  1.043  102.3  3.775  5.540   86.2   93.6
V  -55.6  -47.0  111.0  177.2 -179.3  -61.2  1.119   99.8  3.770  5.380   61.2   79.9
D  -52.3  -51.2  118.3  179.8  -86.9    nan  1.369   95.2  3.766  5.345   56.2   89.4
A  -57.8  -41.2  111.8 -179.9    nan    nan  1.070  101.2  3.744  5.400   74.8   81.2
A  -60.4  -47.2  109.7  179.6    nan    nan  1.041   96.9  3.751  5.378   69.2   85.0
V  -61.1  -40.8  112.3 -178.4 -127.9   -6.7  1.298   98.6  3.733  5.236   47.4   80.7
R  -64.5  -32.0  106.1  178.5  -51.8    nan  1.026  103.4  3.728  5.678   81.5   80.3
G  -60.7  -60.2  112.2  178.6    nan    nan    nan   87.6  3.737    nan    nan   91.7
I  -49.5  -32.2  114.6  180.0  -54.1  180.0  1.057  112.4  3.767    nan    nan   79.3
L  -74.6  -34.7  116.2 -178.3  -42.3    nan  1.182   88.6  3.860  5.450   52.3   83.5
R  -79.1  -14.7  108.2  179.7  -66.7    nan  1.048   96.0  3.750  5.335   62.2   73.9
N  -88.3  113.8  113.7  179.7 -165.4    nan  1.169  110.8  3.733  5.492   54.8   84.4
A  -48.9  -58.9  113.9  179.9    nan    nan  1.114   94.5  3.691  5.625  -99.2 -124.2
K  -68.4  -16.3  112.4 -177.8  -70.1    nan  1.138  104.7  3.775  5.189   43.0   65.3
L  -91.2  -52.1  119.7 -177.3  -74.3    nan  1.215   66.2  3.737  5.340   55.5   84.7
K  -42.5  -57.8  118.2 -177.7  169.9    nan  1.190   97.0  3.820  5.510   82.4   98.0
P  -45.3  -42.6  115.5  179.8  -13.4    nan  0.984  108.1  3.812  5.147   85.2   87.2
V  -69.4  -39.8  106.6  179.1  166.1  -70.3  0.988   95.7  3.761  5.058   55.6   75.1
Y  -59.2  -51.1  110.9 -179.0 -169.4    nan  1.082   94.8  3.652  5.111   64.8   87.3
D  -51.7  -48.9  112.3 -179.6  -70.7    nan  1.031  100.5  3.756  5.343   73.9   85.1
S  -67.9   -3.5  115.5 -178.3   58.3    nan  1.003  110.5  3.682  4.870   61.5   74.0
L -106.1  159.3  122.9 -177.5   28.2    nan  1.496  116.4  3.747  5.145   23.7   88.4
D  -82.2  155.4  110.5  178.0   53.9    nan  1.051   91.2  3.668  5.079  -78.2 -105.0
A  -36.5  -43.3  113.8  179.9    nan    nan  1.202  114.9  3.819  5.393  -59.1  -65.2
V  -72.2  -44.7  112.5 -179.6  165.9  -72.5  1.191   87.8  3.765  5.329   55.0   74.1
R  -66.9  -36.0  111.8  179.6  -64.6    nan  1.130   96.7  3.784  5.423   59.7   76.3
R  -69.6  -25.8  111.8 -178.3  -48.7    nan  1.177   99.3  3.745  5.442   59.3   83.8
A  -69.5  -36.2  108.2  178.3    nan    nan  1.016   96.3  3.797  5.760   84.4   89.2
A  -60.0  -46.2  109.8  179.9    nan    nan  1.020   97.8  3.727  5.173   77.4   89.1
L  -69.7  -33.1  112.8 -179.7  174.4    nan  0.914   95.3  3.772  5.181   63.3   72.5
I  -64.7  -41.8  105.6 -178.0  -68.6  169.6  0.954   99.0  3.715  5.116   74.9   89.5
N  -58.5  -44.0  111.4 -179.6 -175.1    nan  1.004   99.2  3.698  5.027   70.4   85.7
M  -66.9  -29.6  111.8  177.5  -77.1    nan  0.944   99.9  3.787  5.242   63.2   75.1
V  -72.7  -38.9  106.2 -177.7  141.6 -100.4  1.007   93.7  3.765  5.273   66.2   85.6
F  -64.9  -28.9  111.5  179.9 -117.7    nan  0.895  102.2  3.700  5.044   76.9   81.4
Q  -92.4  -29.2  114.1 -178.1  159.0    nan  1.183   76.3  3.712  4.955   27.4   69.9
M -138.6   18.3  116.8 -177.9   64.5    nan  1.207   51.8  3.748  4.859   -2.0   25.3
G   65.3  169.4  111.2 -178.9    nan    nan    nan   61.9  3.790    nan    nan -101.0
E  -63.8  -43.1  111.2 -178.6  -70.9    nan  0.988   95.8  3.800    nan    nan  -72.7
T  -58.6  -47.8  112.2 -179.1   37.6  -77.5  1.151   96.4  3.701  5.099   65.3   86.8
G  -58.3  -57.9  109.3  178.2    nan    nan    nan   92.3  3.777    nan    nan   79.8
V  -52.3  -43.8  112.9 -179.8 -177.9  -55.8  1.138  103.3  3.785    nan    nan   77.9
A  -59.9  -25.3  111.2 -179.6    nan    nan  1.061  108.6  3.770  5.428   71.4   84.3
G  -59.3  -25.8  114.7 -179.9    nan    nan    nan  107.6  3.758    nan    nan  102.1
F  -79.9   55.2  117.9 -179.5  -72.0    nan  0.945  118.5  3.881    nan    nan   84.7
T  -37.1  -57.7  117.8 -176.7  -66.8  172.8  1.126  100.8  3.843  6.021 -173.9 -162.9
N  -69.0  -51.3  112.3  180.0  -66.7    nan  1.126   87.0  3.679  5.017   43.0   65.2
S  -57.4  -33.5  112.7 -178.7  -48.6    nan  1.085  105.7  3.758  5.421   68.6   81.1
L  -60.8  -52.4  108.9 -178.5  -75.0    nan  1.072   94.2  3.701  5.409   78.9   93.3
R  -48.0  -52.3  114.1  178.0 -106.0    nan  0.927   99.7  3.723  5.136   84.9   85.0
M  -63.0  -37.0  109.0 -180.0  -39.0    nan  0.942  100.9  3.699  4.876   60.2   73.5
L  -59.0  -36.6  109.4 -178.4  -83.6    nan  1.067  104.1  3.753  5.272   73.3   91.2
Q  -69.4  -55.3  106.4  178.2 -172.1    nan  1.032   89.0  3.701  5.211   64.6   78.1
Q  -70.2   18.2  116.2  178.8   43.6    nan  1.291  116.8  3.769  5.267   25.5   63.7
K   49.7   45.7  115.1  179.5  -38.8    nan  1.251  102.7  3.871  5.942 -111.6 -118.0
R  -95.6   31.1  116.1 -178.5  -73.2    nan  1.185   98.2  3.836  6.108  131.7  132.8
W   -6.9  -65.4  116.0  179.6  -47.0    nan  1.230  111.4  3.756  6.102 -160.7 -159.1
D  -54.2  -57.6  112.2 -179.4  -74.0    nan  1.079   93.1  3.763  5.225   63.2   71.7
E  -57.1  -47.0  113.7 -179.3   -4.6    nan  1.153   97.1  3.735  5.173   54.2   75.4
A  -52.6  -55.4  107.4 -179.6    nan    nan  1.029   98.6  3.795  5.437   80.3   87.7
A  -46.8  -42.5  113.4 -179.4    nan    nan  1.023  108.0  3.672  5.010   75.2   84.8
V  -81.6  -37.7  111.7 -176.7  145.5  -88.9  0.978   83.8  3.707  4.890   51.3   67.8
N  -64.9  -43.0  109.3  179.2 -159.1    nan  0.966   96.1  3.684  5.139   67.2   83.9
L  -64.3  -27.6  114.9 -178.9  -70.0    nan  1.146  102.0  3.779  5.219   53.3   81.7
A  -77.5   -7.7  110.9  179.6    nan    nan  1.082   99.6  3.803  5.473   66.0   82.2
K  -90.9   14.8  112.2  177.0  -69.4    nan  1.054   94.7  3.807  5.581   67.0   85.2
S -108.9  165.7  116.6 -177.1   68.7    nan  1.084  114.7  3.898  5.660   74.4   94.3
R  -60.2  -36.4  112.1 -179.8  -72.0    nan  1.106  101.9  3.835  5.268  -71.4  -75.4
W  -53.4  -52.5  107.7 -179.0  168.7    nan  0.990   99.7  3.747  5.407   89.5   96.3
Y  -59.2  -40.6  112.2 -179.3 -175.9    nan  1.037  100.2  3.730  5.024   60.6   75.9
N  -76.6  -35.6  108.0  179.6  -71.7    nan  0.951   90.8  3.725  5.144   59.4   69.9
Q  -72.8  -45.4  118.5  179.7  -42.6    nan  1.399   83.2  3.641  5.043   31.3   82.4
T -128.7   62.0  109.7 -179.4   49.9  -66.1  1.010   86.5  3.877  5.239   12.0   17.0
P  -46.1  -46.5  113.4 -176.2   30.1    nan  1.024  105.6  3.777  6.053 -162.5 -163.1
N  -61.7  -54.9  113.2 -179.3  -49.5    nan  1.106   89.3  3.787  5.396   60.0   81.6
R  -60.9  -43.3  109.9 -178.8  178.4    nan  1.032   98.6  3.657  5.011   64.6   74.1
A  -60.1  -37.3  113.0 -178.2    nan    nan  1.076  101.0  3.775  5.314   68.0   85.7
K  -67.4  -51.1  112.7 -178.1 -168.8    nan  1.078   87.9  3.748  5.130   65.7   84.0
R  -60.6  -44.4  107.9  176.7  -50.2    nan  1.006   99.5  3.812  5.499   66.8   73.6
V  -53.2  -61.5  111.8  178.3  177.9  -67.2  1.167   91.4  3.739  5.204   70.1   87.5
I  -50.8  -47.5  114.7  179.7  -73.5  164.1  1.081  100.9  3.805  5.338   67.2   76.7
T  -55.3  -48.6  110.5  178.5  -72.8  167.2  0.901   99.2  3.807  5.275   82.4   84.0
T  -54.6  -39.9  110.5 -179.5  -80.9  158.6  1.057  105.2  3.726  4.954   64.3   84.3
F  -73.6  -18.2  105.8  178.9  -91.5    nan  0.891  100.7  3.649  5.285   70.3   72.6
R  -77.7  -54.6  115.6 -173.4 -152.9    nan  1.188   77.2  3.645  5.150   60.3   97.3
T  -89.0  -18.6  111.5 -176.4   85.7  -30.5  0.904   84.3  3.702  4.822   48.2   50.0
G   67.5   36.7  108.7 -176.9    nan    nan    nan   97.5  3.667    nan    nan -132.0
T -150.0  164.4  117.3  179.5   70.6  -47.7  1.114  153.6  3.839    nan    nan   70.8
W  -76.1   -4.5  114.8 -177.7  -69.2    nan  1.053  102.0  3.654  5.063  -83.6  -89.8
D  -47.3  -44.8  111.0 -174.8  -43.3    nan  1.103  107.2  3.780  5.859  121.3  135.9
A  -37.8  -43.9  107.5  177.8    nan    nan  0.888  116.2  3.643  5.010   98.7  100.7
Y -100.0  -35.1  116.6 -178.5  -68.6    nan  1.161   66.7  3.818  4.844    6.9   45.7
K  -63.5    nan  109.0  179.9  -30.2    nan  1.067    nan  3.819  5.553   77.3   88.8
