Id   phi    psi    tau  omega    chi    chi2  solid    eta  CA-CA  CB-CB  BA^AB  NA^AC
M    nan  164.3  108.4    nan  151.8    nan  1.063    nan    nan    nan    nan    nan
N -146.0  170.7  110.3 -178.8   43.1    nan  1.017  148.2  3.752  5.514 -157.6 -158.8
I  -61.9  -33.3  114.1 -179.0 -172.7   65.7  1.069  101.3  3.705  5.005  -69.9  -68.3
F  -66.2  -45.0  107.8 -179.2  172.1    nan  1.016   95.1  3.814  5.433   71.1   87.8
E  -63.2  -40.8  111.5  176.1  -70.3    nan  1.094   97.3  3.726  5.283   56.7   76.0
M  -57.0  -51.7  110.2  179.2  178.5    nan  0.954   96.3  3.826  5.487   84.8   88.3
L  -64.0  -34.2  113.3  179.5  -79.9    nan  1.247   99.4  3.747  4.961   37.5   72.5
R  -55.9  -44.6  108.1  178.6 -175.6    nan  0.960  102.6  3.795  5.701   95.5   94.7
I  -69.4  -48.3  114.1 -179.2  -65.8  175.1  1.053   87.1  3.742  5.013   55.1   74.0
D  -74.4  -47.8  114.4 -177.4  -79.9    nan  1.086   83.4  3.774  4.998   49.5   69.4
E  -94.5  -40.1  114.4 -178.6 -157.6    nan  1.124   71.0  3.812  5.085   25.3   49.9
G  105.5  151.7  113.6 -179.2    nan    nan    nan   93.0  3.800    nan    nan -117.1
L -118.1  127.9  111.2 -177.8  176.1    nan  0.998  122.7  3.848    nan    nan -145.0
R -117.5  123.9  107.5  178.4  -89.2    nan  0.957  118.7  3.751  5.781 -167.1 -172.2
L  -91.6   -8.1  114.7 -179.1  -67.7    nan  1.161   85.0  3.763  5.821 -155.2 -148.1
K -125.3  137.0  107.7  178.6 -176.7    nan  0.992  126.3  3.792  5.351   39.8   50.9
I  -46.9  137.0  110.2  178.4  -92.6  151.2  0.977   70.9  3.752  5.438  -75.5  -96.4
Y -135.1  146.1  112.0  179.8 -179.7    nan  1.068  137.4  3.753  5.580  179.5  177.8
K -119.7  120.4  106.0 -178.8 -150.3    nan  0.933  117.2  3.730  5.537 -142.7 -157.7
D  -84.3 -177.5  114.0  179.7   71.8    nan  1.060   83.3  3.746  5.910 -149.8 -141.7
T  -62.3  -22.9  115.4 -179.9   55.9  -60.9  1.175  106.3  3.808  5.155  -64.9  -53.8
E  -98.6   11.4  114.2 -177.3  -66.2    nan  1.167   86.2  3.823  5.428   46.2   69.8
G   86.4   15.2  117.9  178.0    nan    nan    nan   86.5  3.749    nan    nan  -90.9
Y  -91.1  142.3  113.9 -179.4  -60.3    nan  1.024  105.3  3.815    nan    nan  110.9
Y  -99.6  113.3  109.6  177.1  -79.5    nan  1.000  111.8  3.735  5.459 -133.5 -146.4
T -131.4  163.4  111.5 -177.0 -139.6   97.4  1.070  135.5  3.743  5.738  161.2  160.3
I -157.1  158.2  111.8  177.8 -159.7   73.6  1.126  155.3  3.809  5.613 -177.3 -176.0
G   67.8 -130.0  111.2  177.3    nan    nan    nan   90.7  3.776    nan    nan   35.0
I -102.5   79.6  110.2  179.2  -51.3 -170.6  1.053  107.1  3.806    nan    nan  -38.2
G   60.0   26.8  111.5 -178.4    nan    nan    nan  107.6  3.788    nan    nan  -49.7
H  -75.4  103.9  114.7  179.9 -166.0    nan  1.155  109.4  3.773    nan    nan  136.9
L  -66.3  124.2  113.6 -178.3  172.8    nan  1.002   94.4  3.701  5.813 -121.9 -145.7
L -100.6  -43.8  112.2  179.7  -67.5    nan  0.989   67.1  3.734  5.783 -152.5 -157.7
A -167.9  144.8  112.2 -176.8    nan    nan  1.087  147.6  3.727  4.460  -41.7  -24.7
A  -78.6 -103.2  107.7  177.4    nan    nan  1.121   70.4  3.781  5.598 -114.1 -120.7
A  -73.4  135.9  122.3 -179.3    nan    nan  1.253   98.7  3.823  4.910   -8.5   19.4
A   79.5 -103.1  128.8  170.4    nan    nan  1.238  123.9  3.800  4.600   42.3    3.1
D  -47.1   94.2  121.6 -174.2 -107.8    nan  1.663  109.4  3.720  4.433   -0.7   61.1
L  -58.2  -38.4  106.0  178.0  160.6    nan  0.965  105.5  3.704  5.552  -93.9 -157.6
A  -70.4  -36.7  109.2  179.7    nan    nan  1.039   94.7  3.745  5.248   54.1   76.9
A  -63.7  -52.7  105.3  177.7    nan    nan  1.013   94.6  3.703  5.321   69.9   83.1
A  -52.4  -50.2  108.9  175.9    nan    nan  1.020  101.1  3.822  5.330   67.5   77.2
K  -61.2  -34.7  112.9  179.5  -75.6    nan  1.108  101.6  3.790  5.285   58.4   76.4
A  -59.8  -50.2  110.4  179.1    nan    nan  1.074   95.2  3.800  5.496   79.8   91.6
A  -56.3  -44.3  111.1  178.6    nan    nan  0.977  100.8  3.765  5.308   76.9   79.9
L  -57.1  -55.8  109.7 -176.9 -179.6    nan  0.969   94.1  3.702  5.029   77.6   87.8
A  -51.6  -36.2  113.2 -178.4    nan    nan  1.071  108.6  3.693  4.929   62.6   81.9
A  -76.6  -42.9  110.1 -180.0    nan    nan  1.003   86.7  3.701  5.277   61.3   75.5
A  -55.7  -40.0  116.5 -178.2    nan    nan  1.268  101.2  3.767  5.272   60.8   91.0
I -100.0   -7.0  112.8 -176.0   68.0  -54.2  1.024   77.4  3.822  5.269   45.1   54.0
G   70.7   40.9  113.0 -179.6    nan    nan    nan   90.5  3.688    nan    nan -120.3
R -157.4  145.9  115.0 -179.1 -164.1    nan  1.136  148.8  3.814    nan    nan   64.2
N  -82.2   74.8  117.0 -178.6 -114.0    nan  1.151  118.1  3.685  5.401 -111.2 -118.8
T  -73.1  167.2  115.5  179.7  101.9  -18.9  1.129   78.9  3.654  6.061 -174.8 -179.7
N -103.1   19.5  105.8  175.2   77.3    nan  0.947   82.8  3.697  5.076 -105.6 -120.1
G   98.5   -5.9  114.5 -179.7    nan    nan    nan   83.9  3.807    nan    nan  -69.8
V -113.9  136.8  110.4  179.0  179.4  -58.0  1.056  120.9  3.788    nan    nan   66.3
I -121.0  175.5  110.3  177.4   64.2  -59.9  1.049  122.5  3.675  5.588 -165.1 -164.9
T  -96.3  165.2  110.5  176.1   61.7  -65.0  0.970  101.2  3.802  5.341  -95.2  -98.0
K  -62.5  -32.0  111.0  177.2 -161.7    nan  1.044  102.9  3.770  5.186  -79.5  -77.5
D  -68.7  -38.2  108.9 -178.6  -68.7    nan  1.104   95.6  3.750  5.500   63.9   87.3
E  -61.5  -45.2  110.6  177.8  -65.5    nan  1.125   96.6  3.727  5.499   69.3   85.3
A  -59.2  -39.3  111.8  179.6    nan    nan  1.060  101.2  3.820  5.506   74.8   82.9
E  -62.8  -33.4  109.3 -179.4 -163.0    nan  0.963  102.7  3.726  5.196   77.6   85.1
K  -68.2  -46.8  114.2  177.7  121.0    nan  1.276   88.6  3.690  5.248   46.4   85.3
L  -59.9  -38.3  111.5  178.0  -55.9    nan  1.047  101.4  3.870  5.741   80.9   80.1
F  -61.7  -46.1  111.1 -179.9  170.3    nan  1.050   95.8  3.743  5.199   75.9   86.9
N  -62.2  -30.6  109.9 -178.6  -73.1    nan  1.115  104.3  3.739  5.317   58.7   80.4
Q  -67.3  -44.6  107.7  178.6  -92.3    nan  0.912   94.5  3.738  5.626   90.6   86.7
D  -66.9  -36.4  111.5 -178.0  -66.6    nan  1.095   96.7  3.754  4.981   57.5   77.1
V  -64.6  -35.2  111.7  178.1  172.0  -69.4  1.010   99.1  3.747  5.485   78.4   85.2
D  -67.3  -49.8  111.8 -178.3  -80.6    nan  1.055   89.2  3.784  5.288   70.0   86.6
A  -47.9  -48.2  110.6  177.6    nan    nan  1.043  104.6  3.768  5.250   75.8   87.4
A  -62.2  -37.3  113.5  179.2    nan    nan  0.987   99.1  3.795  5.214   67.2   77.1
V  -73.2  -30.5  109.4  179.8  173.1  -69.4  1.033   95.1  3.743  5.146   58.3   77.3
R  -61.1  -54.8  108.7  179.1  -78.5    nan  1.003   92.8  3.742  5.503   85.8   93.2
G  -57.0  -35.9  112.7  179.0    nan    nan    nan  104.6  3.731    nan    nan   75.1
I  -60.7  -39.8  109.0 -179.7  -79.8  158.3  0.996  101.2  3.791    nan    nan   90.2
L  -70.5  -40.4  113.3 -179.0  -58.8    nan  1.113   90.7  3.774  5.094   56.0   77.8
R  -74.5    6.7  109.2  176.6  -49.9    nan  1.053  107.6  3.717  5.347   54.9   70.8
N -107.8  127.9  111.0 -178.9 -173.3    nan  1.071  117.2  3.798  5.565   64.6   86.5
A  -72.2  -32.3  117.5 -176.3    nan    nan  1.208   91.3  3.711  5.689 -124.0 -125.5
K  -82.8  -25.5  109.0  178.7  -16.2    nan  1.078   88.5  3.755  5.484   55.7   72.7
L  -90.8  -42.3  119.0 -176.9  -60.3    nan  1.249   70.3  3.774  5.296   42.1   76.1
K  -46.8  -52.6  117.5 -179.7  175.7    nan  1.244   98.5  3.802  5.596   83.8  100.5
P  -62.0  -27.8  113.1 -179.0    9.3    nan  1.049  104.7  3.793  5.377   70.8   76.9
V  -72.5  -49.7  111.8  179.4 -173.8  -53.9  1.054   85.7  3.750  5.491   69.2   87.2
Y  -53.8  -60.1  105.4 -178.3 -177.8    nan  0.991   96.2  3.714  5.083   74.3   84.2
D  -47.4  -32.2  113.3  179.2  -88.5    nan  1.015  114.6  3.726  5.089   69.2   78.3
S  -94.4   -7.9  114.2 -177.9   91.5    nan  0.957   82.4  3.699  4.955   51.0   66.2
L  -85.8  160.7  111.5 -175.4  -80.1    nan  0.987   92.9  3.755  5.383   75.8   96.6
D  -84.1  163.3  108.2  175.7   64.4    nan  1.007   89.4  3.811  5.435 -103.0 -106.6
A  -54.1  -40.8  114.4 -176.7    nan    nan  1.091  103.0  3.762  5.207  -64.7  -68.3
V  -68.0  -51.8  112.2 -178.9  176.3  -63.9  1.088   87.4  3.686  5.241   64.1   81.4
R  -56.6  -27.4  113.4  179.9  -68.5    nan  1.139  109.6  3.715  5.129   60.6   80.1
R  -75.2  -28.6  110.0  179.2  -66.7    nan  0.877   93.8  3.731  5.552   86.4   84.4
A  -55.8  -44.6  105.2 -178.7    nan    nan  0.987  104.4  3.728  5.132   84.5  100.8
A  -62.2  -43.0  110.6  179.1    nan    nan  1.073   97.4  3.790  5.212   59.3   77.6
L  -61.4  -49.0  109.3  179.1 -163.8    nan  1.115   95.5  3.776  5.345   63.8   81.7
I  -59.1  -41.5  114.6  178.2  -71.6  168.7  1.025   98.5  3.785  5.312   69.8   78.5
N  -56.7  -50.0  108.1  179.4 -178.5    nan  1.004   98.9  3.777  5.210   72.8   88.2
M  -57.1  -47.3  110.7  178.6  -74.2    nan  1.030   98.6  3.820  5.362   66.9   78.6
V  -57.8  -40.7  110.3  177.5  166.3  -75.8  0.996  102.3  3.779  5.253   75.2   80.1
F  -65.0  -26.8  112.0 -179.0 -104.4    nan  0.902  103.0  3.719  5.199   79.7   83.0
Q  -85.7  -46.6  111.7 -176.3  179.8    nan  1.113   77.5  3.718  4.944   46.0   78.4
M -115.8    1.8  119.0 -175.6   69.3    nan  1.286   65.1  3.780  4.808   -4.0   33.6
G   84.6  160.8  109.9 -180.0    nan    nan    nan   78.4  3.887    nan    nan  -99.4
E  -64.6  -39.1  114.7 -178.5  -14.9    nan  1.117   95.5  3.842    nan    nan  -80.7
T  -63.2  -47.7  109.8 -179.4    8.5 -107.9  1.141   94.6  3.693  5.240   70.2   85.7
G  -53.1  -46.5  111.1  178.1    nan    nan    nan  101.8  3.739    nan    nan   84.6
V  -68.7  -47.7  111.0 -179.4 -175.9  -58.5  1.071   89.8  3.771    nan    nan   73.2
A  -46.1  -27.1  113.1  180.0    nan    nan  1.071  119.2  3.780  5.238   79.4   93.0
G  -72.6  -14.2  117.4  178.6    nan    nan    nan  100.5  3.826    nan    nan   87.5
F  -88.2   55.8  112.7  179.6  -62.2    nan  1.058  109.7  3.827    nan    nan   85.9
T  -40.6  -53.7  112.8 -178.8  -73.3  165.3  0.954  104.3  3.761  5.996 -153.8 -167.2
N  -69.5  -49.6  112.0 -176.7  -66.1    nan  1.168   87.7  3.663  4.884   37.6   69.7
S  -57.0  -41.7  110.8 -179.1  -70.8    nan  1.032  102.1  3.727  5.272   74.4   82.0
L  -59.6  -43.9  111.7 -179.9  -69.8    nan  1.019   98.3  3.750  5.284   72.0   86.0
R  -55.2  -53.7  110.7  178.0 -109.6    nan  1.046   95.9  3.761  5.270   73.8   86.2
M  -53.5  -46.0  112.1  179.7  -51.7    nan  1.078  101.3  3.785  5.231   67.8   80.5
L  -55.5  -48.2  109.4  179.3  -82.0    nan  0.957  100.0  3.786  5.276   78.6   84.7
Q  -69.4  -29.1  110.4 -179.6  161.3    nan  1.100   98.6  3.654  5.048   46.4   71.2
Q  -95.3   23.5  110.1  179.7   33.8    nan  1.235   92.9  3.708  5.305   29.6   64.9
K   58.4   33.3  114.9 -179.2  -80.1    nan  1.098  104.0  3.756  5.564  -89.7 -103.4
R  -97.0   70.4  111.9  179.4  -66.8    nan  1.110  107.9  3.873  5.959  104.9  120.0
W  -55.7  -44.3  119.6 -175.5  -44.2    nan  1.163   96.8  3.797  6.149 -159.4 -164.3
D  -78.1  -33.6  106.8 -179.6  -46.4    nan  1.039   90.9  3.736  5.330   54.9   67.9
E  -56.3  -62.7  110.0  179.4 -102.5    nan  1.023   90.1  3.697  5.438   88.0   94.8
A  -49.7  -48.4  109.4  179.7    nan    nan  0.939  103.8  3.691  4.718   66.4   75.2
A  -59.8  -37.8  113.1 -177.6    nan    nan  1.079  100.9  3.752  5.104   53.9   81.5
V  -76.4  -38.0  110.6  179.8  168.2  -72.8  0.993   88.6  3.679  5.278   62.2   74.6
N  -55.4  -57.2  109.9 -179.8 -153.5    nan  0.977   94.2  3.725  5.273   86.3   92.9
L  -57.0  -37.8  114.5  179.9  -72.5    nan  1.106  102.5  3.684  4.874   55.8   74.5
A  -65.7  -17.6  113.2 -178.3    nan    nan  1.091  106.5  3.836  5.563   70.7   87.0
K  -84.2   25.7  109.4  178.9  -72.5    nan  0.963  103.6  3.758  5.496   77.7   84.1
S -107.2  165.7  117.6 -176.4   71.2    nan  1.078  113.3  3.751  5.466   85.2  110.1
R  -63.6  -37.0  109.9  178.0  -67.9    nan  0.979   99.9  3.746  5.168  -69.9  -79.2
W  -54.2  -51.3  106.9  179.7  163.0    nan  0.935  100.4  3.831  5.342   85.2   93.5
Y  -58.2  -37.9  113.6 -179.9 -170.5    nan  1.013  101.9  3.740  5.035   62.6   78.0
N  -70.1  -35.5  114.8 -178.7 -147.1    nan  1.119   92.7  3.767  5.214   58.5   81.9
Q  -75.5  -39.2  120.7  177.9  -69.7    nan  1.101   83.2  3.774  5.228   62.4   77.7
T -138.4   68.2  106.5 -179.9   53.8  -65.4  0.988   84.1  3.937  4.925   -3.3   10.2
P  -64.7  -38.1  115.3 -175.8   11.1    nan  0.986   95.5  3.792  6.078 -169.7 -173.0
N  -71.2  -40.6  112.3 -178.0  -62.9    nan  1.224   90.7  3.763  5.196   44.7   81.5
R  -72.9  -43.0  109.1  176.9  171.9    nan  1.029   90.1  3.778  5.497   66.4   71.6
A  -55.1  -52.7  109.5  177.9    nan    nan  1.026   97.4  3.792  5.348   75.3   86.3
K  -57.3  -43.0  115.5  179.5 -167.2    nan  1.064   98.6  3.769  5.201   64.4   78.3
R  -63.8  -50.2  111.3 -179.3  -73.2    nan  1.040   91.9  3.798  5.364   70.8   82.6
V  -56.6  -43.6  110.6  178.9  168.6  -73.4  1.031  101.3  3.705  5.045   69.1   80.1
I  -67.4  -40.0  111.3 -178.0  -70.1  168.6  0.993   94.6  3.683  5.147   64.0   78.7
T  -67.7  -24.4  109.6 -179.2  -58.7 -180.0  0.887  102.6  3.594  5.027   72.9   80.5
T  -72.6  -38.5  109.2 -180.0  -60.0  176.8  1.034   92.2  3.652  5.077   63.6   89.3
F  -66.0  -29.1  106.9 -179.1  -88.2    nan  0.976  103.0  3.763  5.426   70.1   82.1
R  -70.6  -59.2  112.8 -179.5 -148.5    nan  1.099   81.7  3.684  5.288   66.5   87.6
T  -84.5  -24.9  116.8 -176.7   72.3  -52.1  1.074   84.1  3.758  4.968   34.0   51.6
G   71.5   15.0  108.5 -177.4    nan    nan    nan  103.2  3.701    nan    nan -133.8
T -116.6  178.0  107.7  175.2   69.0  -55.3  0.977  117.2  3.820    nan    nan   80.0
W -104.3   13.6  110.3 -179.3  -69.7    nan  0.942   80.7  3.768  5.122 -100.0 -100.5
D  -56.1  -30.9  118.3 -176.4  -54.3    nan  1.123  106.1  3.728  5.804  124.4  145.7
A  -62.2  -21.2  110.3 -176.6    nan    nan  1.033  108.9  3.831  5.549   87.1   97.1
Y -102.6   -6.3  112.4 -177.6  -67.3    nan  1.081   75.1  3.699  5.016   43.7   64.9
K -104.4  -17.8  110.1  178.6  -22.1    nan  1.212   70.3  3.698  5.480   40.2   77.1
N -116.1   90.3  113.5  178.0   72.6    nan  1.589  111.1  3.731  5.343    5.0   52.7
L -105.7    nan  113.0 -178.3  -33.0    nan  1.074    nan  3.745  5.904 -148.9  159.1
