Id   phi    psi    tau  omega    chi    chi2  solid    eta  CA-CA  CB-CB  BA^AB  NA^AC
M    nan  162.4  107.6    nan  164.1    nan  1.041    nan    nan    nan    nan    nan
N -154.6  178.7  109.3 -177.1   52.1    nan  0.990  155.0  3.695  5.339 -166.2 -170.5
I  -51.2  -36.5  114.4 -178.7 -175.9   59.8  1.138  108.2  3.705  5.054  -55.5  -48.4
F  -69.0  -49.3  111.5 -178.6  -73.3    nan  1.051   88.5  3.771  5.470   72.5   84.1
E  -59.0  -44.6  111.6  179.4 -115.0    nan  1.017   98.4  3.724  5.164   70.1   79.1
M  -57.6  -51.7  111.7  179.1 -173.0    nan  0.987   95.0  3.812  5.153   73.4   84.1
L  -68.8  -30.4  113.5  179.6  -83.3    nan  1.085   97.1  3.782  5.066   45.6   68.4
R  -67.5  -30.0  107.9  179.6 -156.4    nan  1.020  100.9  3.723  5.374   75.2   88.2
I  -73.2  -49.9  109.3  177.5  -84.7  154.9  1.063   86.8  3.735  5.399   61.9   81.0
D  -64.8  -36.5  116.4 -180.0  -70.3    nan  1.137   95.9  3.773  5.199   55.9   74.3
E  -98.1  -21.9  115.3 -175.7  -55.2    nan  1.158   73.2  3.770  5.093   34.1   60.4
G   72.8  174.8  110.4 -178.2    nan    nan    nan   71.0  3.781    nan    nan -130.7
L -124.1  118.7  111.5  178.8  168.0    nan  1.032  122.4  3.796    nan    nan -124.4
R -126.9  118.3  110.7  177.8  -89.4    nan  1.171  122.3  3.773  5.790  161.9  167.6
L  -87.6   -3.8  115.8 -176.1  -55.0    nan  1.108   90.8  3.817  5.974 -134.7 -149.0
K -122.4  137.5  109.6  179.4 -113.2    nan  1.046  125.9  3.821  5.336   42.6   58.3
I  -43.5  131.6  112.7 -179.6  -60.9  178.7  1.108   73.5  3.818  5.619  -78.9  -89.5
Y -133.5  174.0  108.1  176.0   56.2    nan  1.035  135.0  3.820  5.806 -179.5  173.4
K -105.5  130.8  110.6  175.8  -78.0    nan  1.093  115.6  3.826  5.442 -117.4 -108.5
D  -71.1 -178.6  107.0  177.4   77.9    nan  1.114   70.6  3.772  5.803 -118.9 -125.5
T  -72.5    5.0  118.1 -178.8   44.5  -73.5  1.217  109.8  3.799  5.203  -73.7  -63.4
E -115.0   -0.8  107.3  177.4  -48.9    nan  1.013   64.7  3.830  5.699   63.7   72.3
G   89.6   15.6  114.3  179.9    nan    nan    nan   84.0  3.752    nan    nan  -97.1
Y  -87.8  132.5  114.1 -177.4  -62.7    nan  1.088  106.0  3.855    nan    nan  114.9
Y  -59.7  124.9  111.8  179.3  -73.9    nan  1.107   88.5  3.767  5.599 -103.2 -113.5
T -138.7  162.9  114.8 -174.1  -55.3 -175.4  1.084  143.0  3.787  5.782  178.4  163.1
I -157.7  157.7  116.3  178.0 -158.1   79.3  1.176  156.9  3.702  5.402  179.0 -176.4
G   68.1 -121.7  113.9  177.2    nan    nan    nan   97.1  3.727    nan    nan   32.4
I -104.5   64.4  110.9  178.7  -37.1 -157.7  1.122  101.7  3.718    nan    nan  -30.1
G   77.0   22.3  115.1  177.4    nan    nan    nan   92.9  3.769    nan    nan  -52.5
H  -79.4  107.7  112.2  178.6 -174.8    nan  1.110  107.3  3.773    nan    nan  125.8
L  -75.2  131.2  110.2  179.4  166.9    nan  1.121   94.8  3.764  6.114 -146.6 -149.7
L  -90.3  -44.2  113.7 -179.1  -70.1    nan  1.040   73.5  3.775  5.771 -126.0 -140.0
T -170.0  153.0  108.4 -176.3 -178.6   57.8  1.031  154.4  3.699  4.410  -41.0  -26.9
K  -94.5    5.5  110.0  176.0  -65.1    nan  1.129   87.4  3.768  5.735 -127.6 -123.8
S  -80.2  141.4  112.2  177.4  175.0    nan  1.070   95.7  3.905  6.027   99.8  108.0
P  -73.2  -14.5  109.5 -179.3   12.3    nan  0.980  101.5  3.763  5.507 -101.0 -114.1
S  -73.1  119.4  115.1 -177.3  177.2    nan  1.197  102.2  3.797  5.552   68.4  101.6
L  -65.0  -27.8  110.1  178.8  175.1    nan  1.112  103.2  3.718  5.770 -114.4 -133.1
N  -67.1  -38.6  110.6 -179.5  -67.6    nan  1.047   95.8  3.831  5.605   78.7   91.4
A  -64.2  -53.4  111.0  177.0    nan    nan  1.067   90.0  3.675  5.197   65.1   81.8
A  -60.1  -33.6  114.4  179.8    nan    nan  1.129  102.5  3.825  5.297   55.2   75.5
K  -68.3  -37.9  108.7 -179.7 -105.4    nan  1.028   96.2  3.834  5.517   73.7   85.2
S  -68.9  -34.6  112.8  178.9  132.7    nan  1.120   95.2  3.750  5.223   58.2   79.4
E  -70.0  -31.2  112.5  179.7  -90.6    nan  1.016   96.1  3.846  5.447   71.4   82.5
L  -72.2  -55.1  110.1 -178.1  177.0    nan  0.998   84.7  3.765  5.142   67.8   83.6
D  -56.1  -40.6  108.9 -179.0  -73.4    nan  1.054  104.4  3.742  5.109   58.9   77.0
K  -60.6  -37.4  112.0  178.0  -80.8    nan  0.947  101.1  3.792  5.333   79.8   83.1
A  -78.6  -44.0  111.6 -177.9    nan    nan  1.021   83.7  3.758  4.948   55.8   73.5
I  -72.9  -40.7  112.4 -178.2  -79.4  164.1  1.171   89.2  3.731  5.046   44.4   73.3
G  104.9   10.6  108.8  179.8    nan    nan    nan   72.0  3.788    nan    nan -117.3
R -150.0  174.7  112.4  179.7   51.3    nan  1.092  151.6  3.741    nan    nan   44.4
N  -90.7  101.4  108.4  178.7  -60.8    nan  1.176  108.2  3.769  5.333 -105.0  -93.1
T  -85.2  -35.3  116.9 -172.8   61.3  -60.1  1.096   78.9  3.802  6.049 -143.0 -161.0
N   70.1   35.0  108.8 -176.7 -147.3    nan  1.065   96.1  3.772  5.387 -145.6 -142.7
G   69.0   20.7  114.0 -179.0    nan    nan    nan  101.6  3.812    nan    nan  -82.2
V -130.8  132.8  111.7  178.9 -176.2  -56.8  1.096  130.5  3.804    nan    nan   73.9
I -128.5  165.7  112.8  177.5   66.9  -52.2  1.145  132.7  3.759  5.663 -177.8 -179.4
T  -91.5  159.4  111.6  179.4   74.6  -42.1  1.010   98.8  3.787  5.242  -94.5 -105.5
K  -53.6  -36.5  113.6  178.2  166.0    nan  1.153  106.6  3.745  5.396  -80.1  -74.7
D  -70.3  -36.2  112.8 -177.7  -41.8    nan  1.172   93.3  3.866  5.571   60.4   83.6
E  -66.3  -31.9  109.6 -180.0  -74.2    nan  1.049  100.3  3.781  5.524   74.3   84.5
A  -72.4  -44.7  111.4  178.8    nan    nan  1.008   88.3  3.718  5.292   68.4   81.5
E  -61.3  -33.2  109.1 -178.9  -84.3    nan  0.992  104.1  3.737  5.109   67.7   81.9
K  -69.5  -46.4  112.2  179.7 -131.8    nan  1.142   89.1  3.732  5.252   56.8   83.7
L  -65.7  -35.2  111.8  177.7  -64.0    nan  0.971   98.1  3.767  5.449   73.0   74.6
F  -54.5  -52.2  109.3  177.7 -171.1    nan  0.983   98.3  3.765  5.222   85.1   94.1
N  -56.2  -46.7  111.3  177.8  176.7    nan  1.104   99.3  3.786  5.143   57.2   77.1
Q  -60.2  -39.6  113.9  177.8  -42.2    nan  1.053   99.1  3.807  5.535   71.5   80.1
D  -62.5  -44.0  112.3 -178.0  -68.1    nan  1.121   95.7  3.791  5.248   69.7   87.4
V  -63.8  -41.9  111.6  179.5  173.7  -63.3  1.125   96.2  3.746  5.408   64.7   79.8
D  -64.1  -43.2  109.8  179.9  163.3    nan  1.068   96.3  3.741  5.265   69.5   81.2
A  -60.1  -42.4  112.1  178.7    nan    nan  1.034   98.5  3.773  5.369   68.3   83.0
A  -60.2  -41.6  110.9 -179.3    nan    nan  1.063   99.5  3.822  5.319   67.4   85.2
V  -66.6  -40.0  110.5  176.8  176.8  -59.9  1.070   95.6  3.761  5.345   61.7   76.8
R  -64.5  -40.9  113.7 -179.8  -57.5    nan  1.163   95.1  3.755  5.362   61.6   84.0
G  -62.3  -43.6  110.9 -179.0    nan    nan    nan   96.8  3.759    nan    nan   85.5
I  -53.9  -41.7  109.3  177.8  -68.5  167.3  1.015  105.2  3.714    nan    nan   87.3
L  -73.8  -30.7  112.8 -175.5  -66.1    nan  1.113   92.9  3.761  5.086   54.2   75.6
R  -84.4  -24.2  109.5  178.8  -56.7    nan  1.106   87.3  3.773  5.391   50.8   71.5
N  -78.4  130.1  112.5  177.7 -170.2    nan  1.070   99.1  3.740  5.510   67.6   82.5
A  -69.3  -33.0  118.6 -178.6    nan    nan  1.152   93.0  3.773  5.591 -115.2 -123.8
K  -83.4  -31.0  110.2  179.8 -110.0    nan  0.985   85.5  3.858  5.443   60.9   72.2
L  -75.7  -61.3  115.7 -175.9  -60.5    nan  1.146   75.6  3.721  5.001   56.8   84.3
K  -35.4  -60.0  115.5  179.7 -169.5    nan  1.145  101.0  3.760  5.322   78.7   92.7
P  -54.2  -28.5  112.2 -177.5   -1.2    nan  1.014  111.5  3.790  5.178   70.6   77.9
V  -77.4  -47.5  109.4  178.8 -173.4  -53.1  1.069   84.7  3.774  5.391   58.3   80.3
Y  -53.4  -40.1  109.7  178.2  170.0    nan  1.044  106.4  3.748  5.312   74.9   84.3
D  -65.7  -28.7  114.3 -177.7  -80.1    nan  1.213  100.4  3.728  5.266   54.7   84.0
S  -89.5   -3.0  113.8 -178.8   56.4    nan  1.085   89.3  3.753  5.434   56.9   72.1
L -101.7  150.1  114.5 -176.5  -65.7    nan  1.013  112.2  3.762  5.450   70.5   86.2
D  -74.3  167.9  112.6  176.5   57.0    nan  1.081   79.2  3.776  5.484 -105.9 -109.9
A  -48.2  -40.0  110.4 -179.7    nan    nan  1.065  110.1  3.737  5.063  -52.9  -60.4
V  -77.8  -51.7  116.1 -177.0  177.6  -61.4  1.164   78.2  3.740  5.252   47.2   75.2
R  -63.2  -23.1  111.1 -179.1  -64.8    nan  1.072  106.8  3.724  5.191   62.7   75.8
A  -64.9  -33.6  111.7  178.3    nan    nan  1.081   99.7  3.817  5.616   80.0   96.9
A  -68.0  -36.5  110.8  178.7    nan    nan  0.981   96.0  3.830  5.457   75.7   84.1
A  -63.4  -44.6  112.4  179.3    nan    nan  1.172   94.6  3.684  5.111   59.0   87.0
L  -57.9  -45.5  111.1  177.1 -176.8    nan  0.953   98.9  3.803  5.441   79.7   82.5
I  -62.4  -45.1  110.4  179.0  -69.7  170.1  1.113   96.2  3.741  5.055   54.1   78.6
N  -51.4  -45.7  110.2  175.9 -177.0    nan  1.033  104.0  3.796  5.452   78.0   86.8
M  -63.6  -44.4  112.6  178.1  -62.1    nan  1.088   94.4  3.882  5.473   58.5   76.9
V  -60.5  -44.5  112.6  178.9  171.3  -67.2  1.101   96.7  3.765  5.361   68.9   82.6
F  -56.8  -45.0  109.9  179.8 -174.2    nan  0.923  100.6  3.780  5.267   82.6   85.4
Q  -70.3  -52.1  112.7  180.0  179.8    nan  1.051   85.5  3.740  4.995   50.6   72.7
M -107.5   -4.8  119.2 -176.7   -0.6    nan  1.223   70.2  3.819  4.833    2.2   37.3
G   87.2  161.2  111.2  179.8    nan    nan    nan   80.6  3.763    nan    nan -103.6
E  -47.6  -70.9  109.9 -179.5 -155.5    nan  1.025   89.1  3.770    nan    nan  -68.9
T  -44.2  -50.8  112.4  179.7   41.1  -79.3  1.028  104.3  3.793  4.985   60.3   73.4
G  -52.3  -52.5  112.0 -179.1    nan    nan    nan   97.9  3.770    nan    nan   85.6
V  -69.2  -35.4  114.3 -179.0  176.5  -64.1  1.106   93.9  3.789    nan    nan   69.1
A  -66.8   -4.8  113.3 -177.4    nan    nan  1.050  111.2  3.801  5.383   74.5   88.3
G  -92.0   -0.4  116.3 -178.3    nan    nan    nan   87.9  3.788    nan    nan   92.2
F  -91.0   46.7  110.7  179.6  -73.8    nan  1.025  104.2  3.838    nan    nan   93.5
T  -29.3  -54.1  117.8 -178.5 -112.4  119.0  1.150  109.0  3.770  6.011 -170.3 -163.1
N  -73.0  -46.0  113.4 -179.5  -68.5    nan  1.082   85.9  3.777  5.218   46.1   65.0
S  -60.3  -41.2  111.3 -178.7  -32.1    nan  1.112   99.5  3.740  5.201   64.4   83.0
L  -60.5  -40.4  112.5  178.2  -64.8    nan  1.086   99.1  3.813  5.435   69.6   84.2
R  -72.7  -34.3  111.3  178.6   72.4    nan  1.224   92.9  3.785  5.381   45.1   74.5
M  -62.5  -36.6  112.2  178.3  -61.1    nan  0.961   99.8  3.760  5.608   90.5   88.8
L  -72.8  -44.9  107.1 -178.2  -79.5    nan  1.011   90.6  3.813  5.181   60.5   78.4
Q  -52.8  -37.2  108.5  178.1  175.4    nan  0.985  109.2  3.702  5.171   76.8   85.9
Q  -91.4    4.1  114.4  179.9  -37.6    nan  1.180   90.3  3.788  5.145   27.6   59.9
K   66.6   21.0  111.9  178.6  -46.1    nan  1.070  104.3  3.750  5.386 -103.7 -115.7
R  -88.7   77.2  106.3  176.8  -63.1    nan  1.010  106.2  3.794  5.869  103.6  113.0
W  -55.3  -79.8  113.4 -176.0  -50.4    nan  1.092   77.2  3.862  6.209 -157.1 -156.1
D  -33.5  -50.9  114.5  178.1  -54.4    nan  1.065  110.3  3.783  4.976   66.6   75.7
E  -65.1  -43.6  109.9 -179.5   -0.9    nan  1.050   95.3  3.775  5.125   56.8   73.2
A  -57.4  -46.3  106.7  177.7    nan    nan  0.982  101.4  3.704  5.337   74.7   83.2
A  -56.4  -47.8  111.9 -179.3    nan    nan  1.056   98.1  3.751  5.182   67.2   84.0
V  -56.0  -36.7  111.9 -178.1  162.6  -78.2  1.140  105.3  3.727  5.184   64.2   85.5
N  -83.5  -29.9  116.1 -177.7  -91.0    nan  0.970   83.1  3.736  5.215   63.0   70.7
L  -72.2  -31.0  110.8 -176.3  -80.3    nan  1.074   95.1  3.756  5.151   63.1   88.9
A  -65.0  -18.4  112.4  177.4    nan    nan  1.045  107.0  3.781  5.330   72.8   88.0
K  -91.2   24.3  110.4  178.5  -65.1    nan  0.983   97.1  3.813  5.424   59.6   75.4
S -108.9  170.8  112.0 -178.2   52.8    nan  1.086  112.1  3.762  5.600   78.2  103.2
R  -66.0  -51.5  107.8  177.9 -147.5    nan  0.989   92.0  3.749  5.031  -65.7  -75.7
W  -41.3  -50.2  111.5  177.8  164.5    nan  0.980  107.2  3.765  5.069   82.7   90.8
Y  -71.6  -38.6  112.9 -178.3  178.9    nan  1.003   90.9  3.731  4.918   50.1   68.9
N  -61.2  -43.4  110.4 -179.3 -106.5    nan  0.979   98.1  3.795  5.314   74.9   87.9
Q  -73.1  -43.1  116.0 -179.8  -70.6    nan  1.236   85.7  3.771  4.911   39.3   71.9
T -129.9   65.1  109.7  178.4   49.3  -69.7  1.068   88.0  3.809  5.119   -1.5   16.0
P  -58.8  -34.3  113.8 -175.9    6.0    nan  1.029  103.5  3.730  6.061 -166.6 -171.7
N  -63.6  -48.2  113.3 -178.9  -69.0    nan  1.142   91.9  3.793  5.388   65.1   91.2
R  -69.4  -54.9  108.9  178.0 -147.1    nan  0.959   87.3  3.778  5.249   64.0   68.9
A  -47.0  -48.6  112.1 -178.6    nan    nan  1.131  104.2  3.735  5.011   63.8   86.3
K  -55.7  -49.8  113.4 -179.6 -108.8    nan  1.024   96.5  3.770  5.361   75.0   84.2
R  -58.5  -47.6  112.4 -179.5  -74.2    nan  1.049   96.5  3.795  5.084   64.4   80.6
V  -65.3  -39.4  108.7 -179.6  166.1  -68.5  1.030   98.0  3.792  5.148   58.4   75.0
I  -66.9  -38.8  111.5  178.8  -76.1  163.6  1.120   95.4  3.773  5.388   57.5   79.9
T  -67.9  -23.5  111.5  178.7  -60.9  176.7  1.020  102.1  3.731  5.368   70.6   80.1
T  -73.4  -45.3  112.5  179.2  -48.5 -168.4  1.223   86.5  3.708  5.286   56.2   89.2
F  -64.9  -32.9  112.4  175.9  -86.3    nan  0.939   99.7  3.787  5.522   77.1   74.7
R  -76.4  -47.4  113.8 -177.3 -134.5    nan  1.099   82.5  3.772  5.049   55.8   81.0
T  -91.3  -32.2  115.7 -180.0   60.8  -58.3  1.125   75.5  3.799  5.099   30.0   52.9
G   73.7   27.9  108.0 -175.3    nan    nan    nan   96.3  3.859    nan    nan -136.2
T -130.5  168.4  108.7 -178.4   51.0  -70.9  1.015  133.2  3.807    nan    nan   81.6
W  -96.8    5.5  112.0 -179.8  -69.8    nan  1.030   85.3  3.769  5.328 -106.3 -104.7
D  -42.2  -52.5  115.6 -177.3  -54.2    nan  1.205  102.8  3.768  5.944  127.9  148.6
A  -56.4  -17.2  112.8 -178.7    nan    nan  1.100  115.6  3.768  5.353   71.4   81.8
Y -103.8   -4.7  114.7 -179.9  -71.2    nan  1.098   74.3  3.828  5.327   44.8   66.6
K -107.3    nan  109.5  179.6  -46.0    nan  1.040    nan  3.808  5.456   55.8   73.7
