Id   phi    psi    tau  omega    chi    chi2  solid    eta  CA-CA  CB-CB  BA^AB  NA^AC
M    nan -162.7  110.7    nan   48.8    nan  1.111    nan    nan    nan    nan    nan
N -151.6  178.7  113.6 -176.8   56.6    nan  1.073  152.1  3.701  5.049 -131.6 -124.0
I  -53.4  -37.7  114.1 -177.9 -170.6   69.1  1.167  105.7  3.763  5.069  -56.7  -50.1
F  -67.5  -44.2  110.8 -178.4  -68.1    nan  1.129   92.6  3.850  5.663   66.7   84.0
E  -64.3  -44.1  110.0  178.9  -40.0    nan  1.045   95.6  3.759  5.374   69.8   78.1
M  -56.5  -50.4  111.5  177.8  176.5    nan  1.145   96.7  3.830  5.310   62.2   84.2
L  -68.9  -24.6  114.8  177.3  -67.9    nan  1.171   99.5  3.789  5.468   46.9   68.7
R  -67.8  -38.9  110.1  179.3  -97.7    nan  1.061   95.4  3.835  5.771   86.1   94.0
I  -63.5  -53.3  108.8  176.5  -75.4  167.0  1.023   92.1  3.763  5.340   73.1   81.0
D  -64.0  -39.3  115.6 -179.3  -74.9    nan  1.160   95.3  3.767  5.047   49.2   72.0
E -100.2  -22.0  115.3 -179.1  -46.7    nan  1.171   71.3  3.748  5.129   25.5   53.6
G   72.4 -176.9  108.5 -179.6    nan    nan    nan   73.4  3.770    nan    nan -132.1
L -144.1  117.1  114.5 -174.9  167.3    nan  1.047  125.8  3.782    nan    nan -133.0
R -123.0  129.2  109.5  178.8  -63.5    nan  0.981  124.2  3.724  5.801  178.9  168.3
L  -85.6    2.3  114.8 -179.4  -67.4    nan  1.155   95.4  3.793  5.850 -141.9 -138.4
K -142.4  149.2  112.4  176.8   72.5    nan  1.205  143.1  3.780  5.266   19.3   43.1
I  -44.2  133.8  114.8 -178.4  -66.0  172.8  1.192   73.4  3.843  5.487  -62.1  -78.4
Y -144.9  166.4  108.6  178.0   66.0    nan  1.076  147.0  3.685  5.535  174.0  164.8
K  -97.9  134.1  105.7  178.4  -61.0    nan  0.994  106.8  3.733  5.571 -108.0 -109.0
D  -73.1 -161.1  110.0  176.4   71.6    nan  1.111   67.6  3.744  5.721 -120.1 -122.9
T  -67.6  -21.2  116.7 -177.6  -95.8  139.2  1.206  101.8  3.752  4.776  -51.5  -37.3
E -112.1    9.9  111.3 -179.9   -3.9    nan  1.049   71.7  3.799  5.337   38.7   55.2
G   86.9   17.0  114.2  179.0    nan    nan    nan   86.1  3.777    nan    nan  -90.8
Y  -88.8  133.6  112.5  178.0  -55.9    nan  1.099  105.2  3.848    nan    nan  111.5
Y  -64.1  130.2  108.8  179.3  -73.0    nan  0.965   86.5  3.744  5.450  -92.7 -117.3
T -143.3  168.2  109.1 -174.4  -76.5  163.5  0.931  145.6  3.690  5.496  175.2  165.9
I -163.1  161.9  111.1  178.8 -171.3   71.3  1.104  160.4  3.748  5.475  171.6 -174.1
G   64.3 -133.8  113.2 -179.6    nan    nan    nan   87.5  3.817    nan    nan   37.5
I  -99.9   75.2  111.7  178.2  -47.5 -168.7  1.130  108.0  3.810    nan    nan  -39.1
G   71.4   25.2  116.3  176.2    nan    nan    nan   96.3  3.814    nan    nan  -49.0
H  -81.1   97.5  114.4  179.9 -171.9    nan  1.113  112.6  3.756    nan    nan  127.3
L  -67.6  122.5  111.5  179.2  171.8    nan  1.126   94.7  3.794  6.129 -146.0 -155.2
L  -84.5  -57.3  112.2 -179.0  -72.2    nan  1.073   74.6  3.787  5.871 -132.5 -143.7
T -158.8  158.6  112.8 -178.7 -176.4   57.2  1.088  156.8  3.762  4.605  -45.7  -27.1
K  -92.5   -1.1  109.9  175.7  -65.3    nan  1.088   87.1  3.830  5.639 -115.7 -115.8
S  -69.1  141.9  109.9  178.1  173.6    nan  1.087   85.2  3.787  5.837   98.9  112.5
P  -79.4  -15.1  109.9  178.7   13.0    nan  0.979   95.2  3.826  5.647 -106.6 -120.3
S  -72.8  128.6  110.9  179.5  177.7    nan  0.991   94.7  3.779  5.540   81.0   97.4
L  -72.7  -24.5  110.4  178.3  173.8    nan  1.091   97.6  3.782  5.819 -126.9 -127.9
N  -63.9  -40.1  109.8 -179.8  -99.0    nan  1.001   98.1  3.762  5.602   89.8   97.0
A  -62.4  -44.7  110.2  180.0    nan    nan  1.010   96.5  3.720  5.197   72.4   84.1
A  -58.1  -51.5  112.0  179.6    nan    nan  1.092   94.6  3.764  5.118   64.9   83.8
K  -61.7  -39.5  112.5  179.7  -82.6    nan  1.121   98.7  3.873  5.425   56.5   75.3
S  -57.0  -53.3  110.4  179.0  162.9    nan  1.086   95.2  3.795  5.378   75.4   89.3
E  -57.3  -41.3  110.7  177.3  -77.4    nan  1.027  102.1  3.781  5.293   63.0   74.9
L  -66.4  -46.6  112.6  179.5  174.3    nan  1.053   91.1  3.793  5.238   62.6   79.6
D  -60.8  -40.7  112.8  178.4  -69.1    nan  1.125   98.6  3.821  5.232   57.9   79.5
K  -60.2  -45.3  112.1  175.5  -93.8    nan  0.999   96.7  3.851  5.494   76.3   82.6
A  -67.7  -51.8  111.5 -179.9    nan    nan  0.910   88.2  3.826  5.073   69.8   75.1
I  -73.1  -41.6  110.1 -179.2  -59.6 -178.6  1.077   90.0  3.751  4.811   38.4   64.5
G   94.6   17.3  114.3  177.4    nan    nan    nan   78.6  3.759    nan    nan -134.5
R -148.5  173.2  106.9  175.6   55.5    nan  1.018  149.8  3.732    nan    nan   48.5
N  -85.2  101.8  107.6  178.3  171.2    nan  1.160  106.2  3.767  5.382 -102.5  -89.5
T  -79.2  -45.4  117.0 -174.8   63.7  -61.9  1.171   79.2  3.838  6.162 -144.9 -154.8
N   69.7   24.5  110.9 -175.5  -52.3    nan  1.178  100.2  3.792  5.473 -154.5 -151.7
G   83.5    6.2  115.1  175.7    nan    nan    nan   93.9  3.810    nan    nan  -81.5
V -119.0  129.6  109.9 -176.3  176.3  -60.2  0.982  122.6  3.723    nan    nan   75.2
I -129.9  177.0  112.5 -179.5   65.8  -57.2  1.102  131.0  3.797  5.865  174.4  178.0
T -105.6  165.7  110.5 -178.1   83.5  -34.2  1.015  110.2  3.724  5.182 -103.0 -102.2
K  -59.7  -37.5  113.2 -178.1 -151.2    nan  1.177  101.2  3.709  5.247  -79.8  -72.3
D  -71.8  -29.1  109.8 -178.9  -79.4    nan  1.087   96.7  3.735  5.469   63.2   79.6
E  -71.2  -37.7  108.8  175.9  -65.1    nan  1.027   94.0  3.761  5.543   71.6   82.6
A  -60.1  -44.9  112.0  176.7    nan    nan  1.076   97.2  3.803  5.402   72.1   86.3
E  -66.7  -28.3  111.9  179.2  -70.9    nan  1.004  100.7  3.795  5.166   63.6   75.6
K  -66.6  -49.0  109.7  178.9  163.4    nan  0.991   91.6  3.742  5.299   74.5   90.4
L  -64.1  -44.6  109.4  179.1  -62.4    nan  1.003   95.8  3.782  5.136   59.1   73.1
F  -58.5  -47.5  112.7  177.4 -167.0    nan  1.033   96.3  3.740  5.186   70.4   82.0
N  -58.3  -38.0  110.3  179.4  175.0    nan  1.091  103.4  3.765  5.301   63.2   81.6
Q  -66.3  -39.7  113.5 -178.8  -97.6    nan  1.003   94.3  3.821  5.463   74.1   84.2
D  -67.0  -41.7  112.4 -178.2  -70.3    nan  1.130   93.4  3.830  5.158   58.0   82.7
V  -65.2  -43.3  111.3  177.7  173.8  -61.4  1.080   94.5  3.784  5.444   64.5   79.2
D  -58.2  -49.0  108.8  179.0 -179.3    nan  0.978   97.9  3.724  5.281   75.9   84.3
A  -64.3  -31.8  111.8 -178.0    nan    nan  1.099  101.1  3.704  5.043   51.7   76.3
A  -70.0  -36.3  109.4  179.2    nan    nan  1.041   95.2  3.765  5.484   68.5   84.4
V  -65.0  -43.5  110.9  179.2 -176.1  -59.2  1.030   94.9  3.748  5.472   73.4   84.9
R  -68.9  -20.3  113.8 -178.2  -65.8    nan  1.155  101.9  3.683  5.002   53.8   77.8
G  -73.8  -41.2  107.2  177.2    nan    nan    nan   91.3  3.830    nan    nan   89.2
I  -56.8  -60.1  109.0  175.5  -70.4  169.8  1.083   92.1  3.720    nan    nan   84.2
L  -52.2  -32.9  116.1  179.5  -59.2    nan  1.028  109.1  3.809  5.207   68.0   75.9
R  -84.3  -25.7  113.3 -177.3  150.8    nan  1.086   85.4  3.744  5.005   48.9   74.2
N  -87.6  132.4  113.0 -178.6 -167.5    nan  1.087  105.1  3.810  5.421   52.6   76.2
A  -69.2  -27.5  113.2 -178.3    nan    nan  1.102   98.3  3.797  5.676 -108.2 -122.6
K  -80.2  -46.1  109.2  177.3  -72.0    nan  1.044   83.4  3.738  5.400   62.6   77.5
L  -67.0  -48.0  117.3 -178.1  -52.5    nan  1.186   87.0  3.825  5.217   51.2   77.0
K  -47.0  -48.9  120.7 -173.5 -166.6    nan  1.419   99.6  3.754  5.333   64.7  101.3
P  -65.5  -31.0  112.8 -179.5   -3.0    nan  0.954  100.0  3.776  5.391   83.3   76.8
V  -72.3  -46.0  108.8  177.3 -176.7  -59.4  1.047   89.5  3.719  5.182   58.5   81.6
Y  -60.1  -45.8  111.0  178.2  172.8    nan  1.032   97.2  3.776  5.335   67.8   79.4
D  -51.5  -38.4  110.1  179.4  -71.4    nan  0.997  108.7  3.766  5.421   85.4   88.9
S  -87.0    1.4  117.3 -175.9   81.5    nan  1.216   93.6  3.729  4.843   38.4   67.1
L -101.9  158.6  112.0  179.2  -55.5    nan  1.048  109.0  3.809  5.776   75.1   86.7
D  -82.4  179.9  105.4  173.8   49.3    nan  1.003   82.4  3.701  5.364 -102.6 -107.3
A  -59.0  -38.6  114.4 -178.1    nan    nan  1.072  100.5  3.806  4.951  -55.4  -54.2
V  -75.4  -50.6  110.4  178.6 -172.8  -53.0  1.106   84.2  3.821  5.414   51.7   73.4
R  -61.9  -36.6  112.6 -178.7  -74.6    nan  1.145  100.1  3.756  5.255   58.9   77.0
A  -62.6  -27.6  113.5 -179.9    nan    nan  1.079  104.1  3.817  5.492   74.4   88.7
A  -69.1  -35.5  109.6  177.6    nan    nan  1.062   96.3  3.797  5.472   70.9   87.8
A  -64.0  -42.0  110.4  177.3    nan    nan  1.148   96.6  3.790  5.400   61.7   84.7
L  -64.1  -43.9  112.6  176.0 -178.0    nan  1.057   94.3  3.774  5.471   65.9   78.4
I  -63.6  -40.4  108.5  179.3  -56.0 -177.9  1.061   98.9  3.789  5.363   62.6   79.4
N  -51.8  -53.0  110.6  178.2 -170.6    nan  1.045   98.7  3.752  5.443   81.3   92.3
M  -56.6  -49.5  113.6  179.2  -73.9    nan  1.029   95.9  3.827  5.224   65.6   77.8
V  -59.6  -42.2  108.8  177.3  171.2  -67.3  1.022  100.8  3.796  5.236   65.5   76.7
F  -58.3  -47.2  110.3  177.6 -171.6    nan  1.053   98.1  3.775  5.312   71.8   83.9
Q  -70.6  -45.4  113.4  177.8  174.5    nan  1.050   88.1  3.736  5.186   53.9   69.5
M -114.8   -0.5  121.7 -176.1   62.9    nan  1.344   65.0  3.820  4.853   -9.0   40.1
G   92.5  150.9  109.8 -178.7    nan    nan    nan   82.7  3.809    nan    nan  -93.1
E  -53.8  -45.4  108.8 -178.8  162.5    nan  0.970  103.3  3.752    nan    nan  -86.5
T  -66.8  -39.0  112.6 -176.8  -80.8  161.4  1.109   94.8  3.701  5.039   50.4   77.9
G  -66.2  -45.3  111.6  178.9    nan    nan    nan   92.5  3.763    nan    nan   82.0
V  -70.4  -33.2  110.9 -178.3 -177.6  -57.2  1.116   95.6  3.785    nan    nan   74.0
A  -66.0   -4.0  113.8  179.3    nan    nan  1.162  112.3  3.809  5.583   65.8   88.1
G  -84.3  -20.9  114.0  179.8    nan    nan    nan   87.0  3.843    nan    nan   98.1
F  -75.9   52.1  109.3  178.8  -61.0    nan  1.064  113.8  3.837    nan    nan   88.3
T  -46.3  -47.0  116.0 -179.5   56.3  -65.7  1.269  103.9  3.782  6.241  173.9 -173.8
N  -78.5  -42.1  112.1 -177.9  -64.3    nan  1.122   84.3  3.760  5.404   51.8   66.9
S  -61.0  -38.8  109.9 -180.0  -64.3    nan  1.068  101.0  3.703  5.364   72.1   84.2
L  -66.1  -38.3  111.4 -176.6  -70.9    nan  1.043   96.4  3.833  5.413   71.3   84.9
R  -60.3  -46.3  110.4  177.7 -120.3    nan  0.998   97.1  3.738  5.252   75.1   86.1
M  -61.8  -44.4  111.3  179.7  -72.6    nan  1.069   96.5  3.756  5.264   61.3   79.4
L  -61.5  -46.0  110.6 -178.6  -71.3    nan  1.000   96.2  3.775  5.367   76.0   82.7
Q  -63.5  -28.8  111.0 -178.9  163.2    nan  1.052  103.6  3.651  4.926   61.7   79.2
Q  -81.9   -9.3  111.2  179.3  -77.2    nan  1.066   94.6  3.743  5.337   53.0   76.1
K   79.2   30.8  115.2  179.7  -72.1    nan  1.229   87.0  3.769  5.482 -124.4 -116.4
R -104.7   70.3  109.0  178.7  -71.6    nan  1.024  102.2  3.756  5.934  108.6  107.4
W  -54.3  -45.4  115.9 -176.2  -29.2    nan  1.202   99.0  3.760  6.147 -170.2 -162.1
D  -55.5  -64.3  113.4 -178.8  -86.8    nan  1.120   87.2  3.754  5.424   76.0   89.1
E  -55.9  -46.2  111.5 -179.6   31.5    nan  1.002   99.7  3.715  4.963   61.7   69.9
A  -55.9  -49.5  110.2  178.8    nan    nan  1.075   98.4  3.779  5.236   65.5   84.2
A  -55.4  -44.2  108.3  178.6    nan    nan  0.934  103.1  3.788  5.192   73.8   80.6
V  -62.6  -47.0  109.1  178.8  133.1 -100.8  0.971   95.8  3.772  5.031   61.2   77.9
N  -60.2  -42.1  113.1 -179.9 -153.6    nan  1.082   98.1  3.749  5.091   58.6   80.4
L  -68.2  -33.6  117.3 -177.9  -62.6    nan  1.156   94.2  3.814  5.297   56.4   80.8
A  -72.6  -10.6  111.5 -176.9    nan    nan  1.057  103.3  3.791  5.420   71.0   85.3
K  -86.6   -3.5  112.8  179.4  -89.4    nan  1.049   92.1  3.695  5.460   70.7   89.1
S  -79.5  164.5  115.9 -174.8   69.7    nan  1.089   86.5  3.820  5.653   88.5  107.9
R  -71.7  -37.1  109.9  176.2  165.6    nan  1.030   93.2  3.769  5.120  -82.8  -90.5
W  -54.4  -46.5  110.0  177.1  156.1    nan  0.998  101.5  3.851  5.451   81.7   91.8
Y  -60.7  -32.2  113.0  179.7 -177.9    nan  1.020  103.5  3.762  4.994   64.1   79.5
N  -84.4  -26.1  112.7 -178.5  -64.7    nan  1.176   85.3  3.745  5.191   40.4   73.7
Q  -72.9  -44.1  111.1  177.6  -42.7    nan  1.147   88.3  3.710  5.600   68.3   86.4
T -130.0   75.4  111.8 -179.4   62.6  -56.0  1.052   96.5  3.875  5.024   -0.1   15.0
P  -61.1  -38.9  116.1 -175.3  -15.6    nan  1.114   97.7  3.762  6.033 -164.6 -164.5
N  -68.6  -51.3  115.1  178.2  -51.5    nan  1.041   85.4  3.822  5.474   66.8   80.9
R  -62.0  -49.2  110.0 -179.9  162.8    nan  0.951   94.5  3.729  4.934   67.6   75.8
A  -54.1  -42.3  113.1  178.9    nan    nan  1.146  102.7  3.733  5.013   57.5   83.1
K  -63.5  -45.5  109.8  178.9  -67.5    nan  1.027   95.6  3.801  5.523   73.7   80.9
R  -59.1  -45.4  109.8  179.9  -81.7    nan  1.085   98.8  3.710  5.157   67.7   82.2
V  -62.5  -46.3  115.3  179.0  176.7  -63.6  1.256   92.5  3.706  5.235   50.8   79.8
I  -60.8  -43.3  115.1  179.0  -64.9  172.8  1.106   95.8  3.828  5.493   71.2   81.6
T  -60.9  -42.2  110.6  177.0  -51.9 -177.7  0.940   98.8  3.818  5.433   79.3   81.6
T  -58.6  -40.7  107.8 -179.5  -55.0 -177.9  1.039  103.0  3.686  5.135   71.1   86.0
F  -63.1  -43.2  110.4  179.0  -91.5    nan  1.053   96.8  3.800  5.414   70.2   81.8
R  -69.7  -54.5  114.7 -178.6 -132.1    nan  1.046   83.2  3.752  5.187   63.1   77.0
T  -77.9  -38.2  116.7 -176.5   70.9  -51.4  1.157   83.9  3.804  4.892   35.2   62.0
G   76.1   24.4  109.0 -178.1    nan    nan    nan   95.0  3.831    nan    nan -141.3
T -134.0  165.4  109.7 -179.8   77.9  -46.5  1.006  137.1  3.760    nan    nan   73.5
W  -92.7   10.1  114.4 -177.4  -66.6    nan  1.021   91.5  3.808  5.343 -102.3 -103.5
D  -45.5  -46.8  118.9 -175.6  -41.6    nan  1.513  103.2  3.744  5.854  104.2  152.1
A  -60.2  -22.5  112.4 -178.7    nan    nan  1.050  109.4  3.778  5.683   88.6   84.0
Y -100.8  -11.6  112.7 -178.3  -74.4    nan  1.089   74.9  3.739  5.169   40.4   66.4
K  -88.8  -39.4  114.3  179.1  -69.6    nan  1.295   75.8  3.757  5.463   49.5   86.4
N  -97.8   95.3  109.0  179.2  -74.9    nan  1.031  109.5  3.825  5.409   41.9   51.0
L -138.8    nan  110.6 -176.5  -91.9    nan  1.048    nan  3.782  5.896  139.6  136.4
