Id   phi    psi    tau  omega    chi    chi2  solid    eta  CA-CA  CB-CB  BA^AB  NA^AC
M    nan  133.3  108.0    nan  151.5    nan  1.017    nan    nan    nan    nan    nan
N -128.1 -167.8  113.1 -177.0   58.0    nan  1.036  122.6  3.687  5.597 -169.5 -173.4
I  -59.3  -42.5  111.6  179.7 -176.1   60.9  1.123   99.4  3.741  4.736  -51.8  -39.5
F  -60.9  -46.1  110.8  178.9  -65.8    nan  1.038   96.6  3.803  5.476   72.2   83.2
E  -63.7  -50.2  108.3  178.3  -73.7    nan  0.995   93.9  3.773  5.202   64.5   75.8
M  -50.6  -49.3  113.4  177.1 -173.9    nan  1.048  100.4  3.725  5.132   70.3   83.8
L  -76.2  -23.1  114.7 -177.9  -58.5    nan  1.244   93.4  3.868  5.269   31.3   67.2
R  -56.8  -49.0  107.4  178.2 -125.2    nan  0.961   99.8  3.811  5.816  107.1  103.7
I  -69.5  -30.8  112.6  179.2  -69.5  163.6  0.910   96.7  3.784  4.935   61.4   67.9
D  -85.3  -13.7  113.1 -176.1  -86.2    nan  1.116   89.3  3.689  4.904   42.6   76.6
E -130.5  -16.6  117.8 -174.8  -52.8    nan  1.015   43.6  3.789  5.031   32.5   48.7
G   62.3  167.4  113.6 -179.2    nan    nan    nan   57.9  3.759    nan    nan -136.6
L -108.2  141.7  111.1  179.0 -162.9    nan  1.016  117.2  3.783    nan    nan -121.3
R -152.5  127.6  111.3  176.2 -111.9    nan  1.272  132.4  3.688  5.414  154.8  158.1
L -102.9    1.2  115.8 -177.1  -54.3    nan  1.167   77.6  3.824  5.876 -138.9 -157.1
K -134.8  123.7  107.5 -178.7  165.1    nan  0.949  124.6  3.819  5.302   43.4   50.7
I  -38.5  128.8  116.3 -177.7  -79.3  161.2  1.037   74.0  3.852  5.764  -83.8  -97.1
Y -139.9  165.3  113.6  175.9   74.5    nan  1.133  143.6  3.747  5.604  160.1  163.9
K  -99.1  131.9  109.2  176.5  -48.6    nan  1.016  110.3  3.755  5.291 -107.1 -114.4
D  -84.1 -177.5  112.8  179.1   54.4    nan  1.043   83.1  3.850  5.809 -126.7 -135.8
T  -59.3  -39.2  110.5 -179.9    8.5 -116.7  0.998  101.8  3.853  5.029  -47.9  -52.5
E  -67.1  -16.8  112.9 -179.1 -160.6    nan  0.972  105.6  3.822  5.083   72.3   80.7
G  105.3  -43.7  113.8 -179.3    nan    nan    nan   94.5  3.777    nan    nan  -96.2
Y  -51.8  153.3  116.6 -178.9  -69.9    nan  1.209   66.8  3.825    nan    nan   93.9
Y  -78.5  146.2  107.7  177.5  -62.6    nan  1.033   90.0  3.770  5.510  -92.7 -109.2
T -139.6  164.8  112.4 -179.2  -42.4 -162.9  1.024  143.1  3.800  5.579 -167.2 -174.6
I -163.6  161.4  110.7  178.4 -161.3   71.0  1.106  160.2  3.813  5.430  174.1  179.1
G   66.6 -132.8  109.2 -178.6    nan    nan    nan   87.3  3.807    nan    nan   40.7
I -108.2   74.9  112.0 -179.5  -53.0 -178.0  1.006  105.2  3.763    nan    nan  -46.3
G   63.1   37.6  113.2  179.4    nan    nan    nan   98.3  3.751    nan    nan  -54.0
H -101.0   96.9  108.7  179.0  172.4    nan  1.030  109.6  3.757    nan    nan  118.5
T  -78.6  146.6  120.5 -176.1   23.4  -96.6  1.343   96.2  3.875  6.201 -175.1 -158.0
L -102.3   87.1  112.7 -178.4  -63.3    nan  1.174  111.5  3.781  5.458 -122.5 -144.3
K  -61.7   72.2  106.9  178.0   45.9    nan  1.099  112.9  3.737  6.027 -142.9 -164.6
V -144.9  141.3  108.3 -174.1  164.8  -71.0  0.946  138.7  3.717  5.739  122.3  107.1
D  -63.4  -96.3  119.3 -178.2   46.6    nan  1.047   61.0  3.780  5.520  -97.0 -104.1
G  -80.2 -139.0  117.2 -173.6    nan    nan    nan   64.9  3.801    nan    nan   28.2
N  -27.5  141.6  118.1 -177.4 -168.5    nan  1.144   55.9  3.819    nan    nan   30.4
S  -52.8  -35.5  110.7  177.3  -13.2    nan  0.980  109.2  3.749  5.206  -77.2 -101.1
N  -54.6  -49.4  108.8  177.2 -115.2    nan  0.961  100.2  3.731  5.268   80.2   93.1
A  -55.1  -51.4  105.8  178.1    nan    nan  0.973  100.5  3.683  5.018   68.2   79.8
A  -53.9  -47.0  110.7 -179.2    nan    nan  1.093  101.1  3.749  5.117   61.6   81.3
K  -58.2  -47.3  115.0 -179.3  -64.5    nan  1.078   95.3  3.752  5.196   66.4   83.3
S  -54.6  -43.9  109.6 -178.6  121.8    nan  1.063  103.2  3.749  5.255   70.1   87.2
E  -60.7  -47.9  110.7  179.8 -147.5    nan  0.955   95.6  3.662  5.083   73.6   81.7
L  -57.1  -57.0  108.2  179.3  173.3    nan  0.991   94.4  3.704  5.029   65.1   81.2
D  -48.1  -37.7  111.3 -177.8  -71.9    nan  1.101  111.3  3.747  5.102   65.1   83.5
K  -64.3  -55.6  111.7 -180.0 -162.9    nan  1.035   88.4  3.738  5.233   71.7   84.7
A  -64.5  -19.7  111.4 -179.6    nan    nan  0.996  107.1  3.786  5.132   55.9   69.2
I -103.4  -28.3  112.7 -175.7  -83.8  155.6  1.045   67.6  3.750  5.026   45.2   68.0
G   72.6   48.7  112.2  179.0    nan    nan    nan   85.8  3.711    nan    nan -139.6
R -176.1  150.9  112.8  176.3  109.5    nan  1.310  152.2  3.803    nan    nan   47.0
N  -69.7  114.1  102.5  176.2  -66.3    nan  1.035   92.5  3.760  5.531  -81.5 -104.6
T -104.4  -28.2  115.1 -173.9   83.6  -40.8  1.091   65.5  3.790  6.042 -162.7 -164.0
N   66.2   21.6  112.5 -177.9 -117.4    nan  1.135  104.2  3.713  5.357 -145.2 -143.3
G   76.5    9.7  114.3  175.7    nan    nan    nan   99.4  3.849    nan    nan  -92.1
V -119.1  129.2  111.6 -179.8  178.2  -62.1  1.047  123.8  3.725    nan    nan   75.7
I -128.3  170.1  109.5  178.2   79.1  -40.6  1.049  130.9  3.749  5.804  179.1  179.1
T  -84.6  166.8  111.5  177.2   60.4  -58.5  1.032   89.5  3.756  5.168  -90.2  -93.7
K  -62.8  -46.2  110.6  179.4  -76.0    nan  1.011   95.2  3.722  5.102  -70.0  -75.5
D  -62.4  -47.1  110.0 -179.6  -74.8    nan  1.123   95.3  3.754  5.207   56.3   79.0
E  -55.5  -35.3  108.3  176.4  -74.2    nan  1.043  108.2  3.765  5.550   76.1   81.1
A  -68.8  -31.2  111.2  178.4    nan    nan  1.061   97.8  3.784  5.471   69.8   81.8
E  -73.5  -37.8  110.8 -177.8 -119.7    nan  1.144   90.9  3.719  5.285   61.2   84.4
K  -61.9  -49.4  110.1  179.1  -20.8    nan  1.070   94.4  3.753  5.536   74.3   86.2
L  -56.1  -43.2  112.0  177.9  -68.0    nan  1.019  101.2  3.773  5.388   75.3   80.5
F  -56.3  -48.8  110.7  179.9 -167.6    nan  1.005   98.2  3.759  5.169   77.1   87.5
N  -59.3  -42.9  113.0  179.8 -109.2    nan  1.055   98.4  3.759  5.212   62.5   79.5
Q  -63.5  -51.5  110.8 -179.3  -23.1    nan  1.134   91.7  3.724  5.270   61.8   82.2
D  -57.1  -37.9  113.5 -178.5  -63.6    nan  1.094  102.9  3.763  5.333   69.6   81.0
V  -70.2  -45.7  111.5 -177.3  164.5  -75.4  1.055   89.4  3.765  5.326   67.8   82.3
D  -58.5  -33.8  109.2  179.4 -179.6    nan  0.939  106.2  3.756  5.150   76.8   82.2
A  -71.8  -33.4  110.1  178.7    nan    nan  1.123   94.6  3.708  5.062   50.2   79.5
A  -69.2  -41.2  110.2  178.8    nan    nan  1.037   93.1  3.821  5.643   71.5   83.3
V  -69.5  -42.6  110.9 -178.4  161.4  -75.1  1.010   91.8  3.678  4.950   62.4   77.4
R  -63.2  -34.1  113.6 -178.4  164.3    nan  1.196   99.9  3.790  5.282   50.2   83.5
G  -69.5  -42.9  111.4  177.5    nan    nan    nan   91.3  3.814    nan    nan   81.8
I  -63.5  -42.7  108.0  177.2  -84.6  154.4  0.944   98.0  3.734    nan    nan   78.2
L  -66.9  -29.0  113.9 -176.3  -67.3    nan  1.171   99.3  3.769  5.195   52.7   81.3
R  -98.1   -5.4  111.6  179.8  -54.7    nan  1.030   79.9  3.746  5.352   51.7   62.0
N  -90.8  121.1  112.5 -179.9  178.2    nan  1.114  109.5  3.726  5.434   69.4   91.4
A  -63.8  -21.1  112.8 -178.4    nan    nan  1.075  106.6  3.778  5.703 -109.4 -128.8
K  -96.2  -26.2  111.3 -179.1  -69.8    nan  1.073   75.1  3.724  5.335   49.0   72.0
L  -95.3  -34.3  112.1 -178.2  -39.1    nan  1.160   73.3  3.719  5.275   41.5   69.1
K  -49.7  -49.0  118.6 -177.4  169.2    nan  1.334   98.5  3.733  5.497   79.6  105.9
P  -55.4  -50.4  110.2 -179.4  -11.3    nan  0.970   98.2  3.801  5.543   88.2   85.2
V  -50.7  -58.6  111.3  176.5 -170.3  -50.2  1.045   95.1  3.797  5.229   69.1   83.2
Y  -48.7  -45.4  112.5  178.8 -175.7    nan  0.913  105.0  3.774  5.085   81.5   80.0
D  -62.8  -24.9  110.6 -176.7  -73.2    nan  1.106  106.5  3.701  4.924   54.9   82.6
S  -80.1  -31.4  118.5 -177.8   86.3    nan  1.156   84.4  3.757  5.357   61.0   85.0
L  -80.6  174.1  114.5 -174.3  -53.0    nan  1.011   83.1  3.772  5.346   69.1   83.2
D  -89.2  165.3  105.4  174.4   61.5    nan  0.968   93.1  3.758  5.164  -97.6  -95.7
A  -43.9  -59.2  116.2 -176.4    nan    nan  1.205   96.1  3.861  5.471  -61.5  -54.9
V  -53.2  -45.4  109.5 -179.3 -172.8  -51.9  0.959  103.3  3.689  4.951   75.7   77.8
R  -68.2  -29.2  110.6  179.6  -71.9    nan  1.233   99.5  3.620  5.000   34.5   74.0
R  -67.5  -43.9  109.7  177.9  -40.1    nan  1.223   93.5  3.792  5.791   66.6   88.3
A  -49.1  -46.5  112.0  176.9    nan    nan  1.015  104.2  3.752  5.487   89.6   90.7
A  -60.1  -40.1  110.5  178.8    nan    nan  1.063  100.7  3.819  5.283   63.0   80.0
L  -59.4  -47.6  111.5  178.8 -166.3    nan  1.063   96.3  3.716  5.301   74.1   86.4
I  -58.7  -50.7  111.3 -178.6  -63.2  177.5  1.139   95.1  3.755  5.183   61.2   82.6
N  -43.5  -49.3  112.3  179.9 -154.7    nan  1.015  105.9  3.765  5.293   84.6   92.6
M  -63.8  -49.4  111.8  176.8  -74.0    nan  1.090   92.0  3.825  5.300   54.1   72.8
V  -61.1  -38.4  109.6  179.4  177.1  -63.9  1.053  101.3  3.754  5.307   69.2   77.0
F  -60.5  -43.3  111.8  179.9  174.3    nan  1.054   97.8  3.775  5.382   75.5   87.6
Q  -88.1  -29.9  113.0 -178.4  162.2    nan  1.047   80.4  3.714  5.008   39.6   60.3
M -118.0   -1.9  118.1 -177.4   97.6    nan  1.304   61.1  3.664  4.840    1.0   48.0
G   93.3  145.3  112.9  178.1    nan    nan    nan   80.0  3.731    nan    nan  -98.0
E  -59.0  -43.1  114.7 -178.1  112.3    nan  1.205   97.5  3.714    nan    nan  -96.9
T  -76.8   -6.4  115.0  179.7   31.7  -89.4  1.095  100.5  3.813  5.456   54.4   70.2
G  -89.2  -39.3  106.8  178.2    nan    nan    nan   80.1  3.773    nan    nan   88.3
V  -70.1  -48.4  110.5 -178.7 -166.7  -46.2  1.065   88.9  3.761    nan    nan   77.8
A  -50.5  -20.7  111.0  178.3    nan    nan  1.019  119.8  3.771  5.229   75.0   86.6
G  -78.0  -15.6  117.3 -179.3    nan    nan    nan   94.6  3.788    nan    nan   89.4
F  -84.3   51.0  110.2  178.0  -60.2    nan  1.010  109.2  3.855    nan    nan   85.5
T  -30.0  -72.6  114.8 -178.2  -34.4 -155.9  1.189   93.4  3.743  6.061 -166.3 -159.5
N  -59.2  -48.2  113.2  178.2  -55.2    nan  1.085   95.1  3.773  5.133   48.4   58.6
S  -61.7  -32.1  110.8  179.8  -16.9    nan  1.182  103.6  3.766  5.354   56.0   78.5
L  -66.0  -37.5  110.9  179.1  -81.7    nan  1.147   97.2  3.734  5.641   72.5   88.5
R  -58.1  -46.8  113.3  179.6 -152.5    nan  1.051   96.8  3.743  5.494   83.4   91.2
M  -61.6  -39.6  112.9 -179.8  -26.6    nan  1.144   98.5  3.775  5.098   58.4   80.2
L  -69.8  -36.1  106.9  177.2  -54.6    nan  1.003   96.8  3.786  5.643   68.7   75.7
Q  -65.5  -24.7  111.5 -179.9  164.9    nan  1.173  103.7  3.631  5.223   61.5   85.2
Q -101.4   26.7  109.9  178.6  -48.7    nan  1.038   88.4  3.802  5.510   47.5   61.8
K   49.6   32.0  115.1 -177.8  -16.2    nan  1.250  112.3  3.849  5.826 -112.1 -107.4
R  -98.7   59.2  111.3 -179.7  -44.2    nan  1.092  103.4  3.776  5.953  114.9  116.5
W  -35.4  -71.5  118.3 -177.0  -38.7    nan  1.288   89.8  3.765  6.152 -166.3 -155.9
D  -52.1  -39.8  114.8 -178.6  -30.9    nan  1.117  105.1  3.809  5.376   61.0   70.2
E  -62.0  -45.8  111.5 -177.4  -67.7    nan  1.034   95.4  3.714  5.365   79.6   88.4
A  -66.1  -46.6  107.8  178.0    nan    nan  0.952   94.4  3.662  5.058   66.8   73.8
A  -42.4  -61.4  109.5  179.4    nan    nan  1.002   99.0  3.781  5.212   84.5   95.6
V  -57.1  -45.0  112.7  177.9  151.9  -82.3  0.946   98.9  3.720  4.839   61.6   68.0
N  -55.1  -48.6  111.9 -179.7 -153.5    nan  1.070   98.6  3.805  5.120   68.0   87.7
L  -62.6  -32.8  111.8  179.5  -60.4    nan  1.058  102.0  3.781  5.266   63.3   76.7
A  -50.6  -23.0  116.0 -179.7    nan    nan  1.354  116.9  3.748  5.417   69.5  103.7
K  -75.7 -110.9  100.7  172.7  -62.9    nan  0.945   75.2  3.802  5.973   91.3   80.4
S   46.9  133.9  121.6  173.6   82.9    nan  1.289   41.5  3.715  4.743  102.2  109.9
R  -58.1  -42.4  107.9  177.8  -72.0    nan  1.013  102.3  3.721  5.391  -82.0 -118.1
W  -47.3  -72.5  108.3 -178.3  166.8    nan  1.032   89.1  3.772  5.381   83.8   96.5
Y  -45.4  -48.9  108.9  179.2  175.2    nan  0.986  106.8  3.712  4.935   64.6   69.5
N  -64.3  -21.4  114.2 -178.5  -95.9    nan  1.211  105.6  3.679  4.989   47.8   76.4
Q  -81.6  -41.6  112.8  179.9  -86.7    nan  1.128   81.6  3.674  5.513   67.5   85.3
T -127.5   39.2  116.5 -177.1   70.6  -50.6  1.047   75.6  3.788  4.896    6.5   24.5
P  -14.3  -48.3  120.9  179.8   19.0    nan  1.113  123.3  3.845  5.968 -158.0 -157.9
N  -69.9  -41.1  115.0 -177.4  -43.7    nan  1.202   89.9  3.905  5.455   46.3   76.2
R  -71.6  -45.9  110.7 -178.8  152.7    nan  1.079   88.8  3.742  5.354   66.5   76.8
A  -58.1  -50.5  108.7  179.3    nan    nan  1.017   97.3  3.762  5.333   73.1   82.1
K  -40.5  -52.7  108.4  176.4 -153.4    nan  0.934  107.3  3.757  5.136   87.4   91.5
R  -60.4  -53.1  110.4  179.8 -115.1    nan  1.036   93.1  3.809  5.013   54.9   73.5
V  -65.2  -32.3  112.3  179.5  176.4  -62.0  1.118   99.9  3.799  5.155   50.5   70.0
I  -73.7  -38.5  112.6 -179.5  -62.3  178.5  1.043   89.4  3.750  5.423   70.4   82.8
T  -64.8  -35.7  110.0 -178.6  -64.7  173.1  1.019   99.5  3.780  5.318   72.6   85.0
T  -61.8  -44.5  108.5  179.9  -56.6 -179.0  0.963   98.1  3.683  5.200   77.9   88.4
F  -64.6  -40.6  108.8 -177.3  -89.1    nan  1.050   97.8  3.710  5.215   58.1   79.7
R  -60.5  -56.1  114.5 -178.3 -172.2    nan  1.170   88.6  3.688  5.222   65.9   87.5
T  -90.7  -13.3  115.9 -176.5   76.1  -44.7  0.997   83.5  3.786  4.977   38.0   48.5
G   63.1   20.6  112.3 -177.5    nan    nan    nan  107.7  3.696    nan    nan -132.2
T -129.5  168.6  112.0  176.7   84.1  -33.3  0.977  132.9  3.837    nan    nan   74.1
W  -86.3   21.0  115.1  177.1  -66.0    nan  1.092  102.2  3.870  5.396 -102.8  -95.1
D  -55.5  -55.0  114.7 -179.5  -32.6    nan  1.215   92.5  3.788  6.056  136.1  149.3
A  -43.1  -28.6  114.9 -177.3    nan    nan  1.215  120.2  3.788  5.445   81.2   93.1
Y -106.6  -10.0  115.9 -177.3  -56.9    nan  1.156   69.3  3.859  5.318   37.0   56.8
K   -6.1  -91.4  119.9  178.0   42.8    nan  1.005   85.6  3.833  5.809  167.4  163.6
N  -88.9  -12.2  112.1 -178.4 -127.5    nan  1.073   86.5  3.806  4.423  -11.8   18.9
L  155.8    nan  119.9  178.8  -93.2    nan  1.705    nan  3.782  5.363  -86.2  -39.5
