Id   phi    psi    tau  omega    chi    chi2  solid    eta  CA-CA  CB-CB  BA^AB  NA^AC
M    nan  148.0  108.2    nan  163.5    nan  1.009    nan    nan    nan    nan    nan
N -162.1  174.1  111.0 -179.1   51.0    nan  1.034  163.3  3.761  5.513  167.2  164.3
I  -44.3  -45.9  113.5 -177.6 -171.9   64.6  1.180  107.3  3.723  5.094  -52.7  -47.1
F  -61.3  -51.4  112.1 -178.0  -77.8    nan  1.055   92.4  3.791  5.411   72.6   82.7
E  -61.5  -31.3  109.8  179.1  -81.3    nan  1.061  104.6  3.754  5.243   61.0   74.6
M  -67.4  -69.7  112.2 -178.6 -157.1    nan  1.050   78.8  3.803  5.412   75.8   88.8
L  -48.7  -39.4  111.2 -178.8  -80.5    nan  1.059  109.8  3.732  4.998   58.1   72.0
R  -56.6  -38.2  111.7 -177.9  169.2    nan  1.134  104.0  3.761  5.413   71.8   92.6
I  -73.9  -33.9  111.6  179.4  -72.8  164.7  1.065   91.9  3.745  5.364   61.9   75.2
D  -81.0  -28.0  113.5 -179.1  -72.2    nan  1.112   87.3  3.770  5.250   52.4   74.6
E  -96.8  -40.9  119.7 -174.4  -65.8    nan  1.146   65.8  3.799  5.156   44.3   70.2
G   74.3  161.9  111.5 -178.9    nan    nan    nan   68.5  3.777    nan    nan -145.9
L  -91.2  161.5  111.1 -179.3 -134.5    nan  0.950   97.7  3.781    nan    nan -109.0
R -176.9  123.8  112.9  177.3   36.7    nan  1.647  125.0  3.775  5.342  122.9  159.2
L -106.0    3.5  113.6 -176.2  -33.6    nan  1.183   75.4  3.754  5.623 -127.7 -163.2
K -131.9  142.6  108.1  177.7  154.9    nan  1.087  132.2  3.761  5.534   37.3   53.8
I  -50.9  150.3  114.5 -178.9  -55.5 -179.8  1.130   67.1  3.735  5.467  -78.4  -90.3
Y -151.9  153.2  111.0  179.5   64.3    nan  1.134  149.7  3.695  5.433  179.4  172.2
K  -97.6  124.8  100.6  176.2 -103.3    nan  0.922  103.0  3.759  5.573 -109.6 -131.0
D  -69.4 -144.9  108.4  179.2   63.9    nan  0.953   62.8  3.717  5.768 -115.8 -125.3
T  -49.8  -79.3  109.7  175.1  -54.6  179.5  0.895   82.4  3.752  4.109   -8.8   -5.3
E  -86.7   33.6  110.7  178.1   48.9    nan  1.137  104.1  3.760  4.506   -6.7   24.3
G   42.2   58.9  120.4  179.1    nan    nan    nan   95.3  3.827    nan    nan -111.1
Y -100.2  151.9  104.4  170.5  -67.6    nan  1.009  105.7  3.837    nan    nan  129.2
Y  -70.2  110.4  113.5 -179.8  -64.2    nan  1.289  103.5  3.807  5.781 -113.1  -95.5
T -117.2  165.5  110.0 -177.3  -70.7  167.9  0.990  121.2  3.694  5.747 -160.5  168.8
I -162.1  167.8  112.9  179.4 -175.9   61.3  1.134  162.8  3.823  5.560  174.7 -177.5
G   57.4 -127.4  110.3  179.6    nan    nan    nan   84.5  3.762    nan    nan   38.2
I  -98.7   77.5  109.4 -178.8  -39.6 -157.9  1.076  106.8  3.738    nan    nan  -30.8
G   52.6   38.5  111.2  177.7    nan    nan    nan  107.3  3.696    nan    nan  -61.4
H  -90.4  114.7  110.0  176.7  173.0    nan  1.049  108.3  3.756    nan    nan  128.1
L  -77.9  125.7  115.0 -179.1 -149.1    nan  1.084  102.3  3.795  5.962 -137.0 -143.5
L  -88.0  -57.9  112.7  177.4  -69.5    nan  1.106   72.1  3.742  5.730 -141.1 -149.2
T -149.3  146.7  115.7 -179.4 -170.7   65.6  1.161  147.2  3.761  4.723  -40.7  -15.5
K  -72.5  -43.4  109.2  176.9  -73.7    nan  1.174   90.1  3.766  5.600 -106.8 -111.3
S  -45.8 -174.4  113.7  177.5  122.6    nan  1.151   43.8  3.863  5.610   83.0   94.8
P -121.3    6.4  114.3 -177.0   -6.3    nan  1.066   61.5  3.852  5.247 -111.0 -105.6
S  -78.0  132.1  110.1  178.1   94.2    nan  1.034   96.3  3.731  5.764   94.2  110.9
L  -74.1   -6.6  105.7  174.4 -178.4    nan  0.935  104.0  3.767  5.702 -112.4 -129.3
N  -61.4  -74.8  123.5 -178.0  -68.6    nan  1.811   70.0  3.711  5.179   47.4  118.6
A  -61.2  -45.2  107.7  175.4    nan    nan  0.993   98.6  3.708  5.557   72.7   56.0
A  -44.6  -50.6  107.4  178.4    nan    nan  1.063  106.8  3.790  5.392   79.4   93.8
K  -63.5  -40.2  108.2  177.5 -140.6    nan  1.050   99.2  3.732  5.276   56.3   70.7
S  -55.2  -60.7  108.9  179.6  -43.4    nan  1.032   92.7  3.795  5.456   78.4   89.7
E  -48.0  -60.0  108.4  176.8  -80.0    nan  0.883   97.5  3.755  4.923   76.0   75.4
L  -44.0  -48.4  111.1 -180.0  179.2    nan  1.071  106.9  3.637  4.828   64.5   83.2
D  -67.9  -36.8  118.6 -175.9  -46.8    nan  1.318   92.0  3.746  5.105   41.0   77.8
K  -64.1  -33.9  111.0 -179.5   -0.4    nan  1.053  100.5  3.820  5.746   85.4   88.0
A  -73.3  -40.0  110.8  179.2    nan    nan  1.010   90.1  3.731  5.166   68.1   78.7
I  -85.7  -17.1  112.5  178.8  -52.5 -174.0  1.187   87.7  3.774  5.205   29.1   63.4
G   72.3   40.4  108.4 -179.9    nan    nan    nan   92.1  3.781    nan    nan -127.6
R -178.8  164.9  113.5 -179.1   98.8    nan  1.109  165.3  3.719    nan    nan   39.7
N  -80.5   96.0  110.7  176.7 -175.2    nan  1.155  109.2  3.773  5.436  -97.2  -97.1
T  -68.8  -33.4  109.7 -176.7  -61.1 -179.3  0.990   97.4  3.649  5.742 -132.7 -155.6
N   31.7   38.3  109.9 -146.8 -164.1    nan  1.014  123.8  3.793  5.605 -164.1 -150.4
G   88.7   26.8  111.2  177.7    nan    nan    nan   81.8  3.809    nan    nan  -62.2
V -146.4   98.6  114.2 -178.6 -170.4  -49.6  1.037  110.4  3.806    nan    nan   66.3
I  -96.0  166.4  111.1  179.5   49.2  -69.2  1.008  100.7  3.756  5.976 -175.0  180.0
T  -98.1 -176.7  107.3  175.3   79.5  -42.3  0.936   97.1  3.696  5.263 -108.1 -112.1
K  -63.9  -75.6  108.9  178.4 -117.5    nan  1.021   80.1  3.762  4.975  -62.4  -57.1
D  -20.8  -50.0  111.9  179.4  -53.2    nan  1.147  119.9  3.749  5.051   76.3   90.2
E  -67.5  -48.2  115.3  179.3  -20.6    nan  1.054   87.8  3.768  5.362   60.0   71.8
A  -59.4  -37.4  108.6 -178.7    nan    nan  1.039  103.7  3.732  5.143   68.0   81.8
E  -71.6  -35.0  111.6 -179.7 -145.9    nan  1.043   93.4  3.741  5.381   63.9   78.8
K  -57.4  -54.4  108.8  178.7 -167.6    nan  1.010   95.3  3.726  5.271   83.6   92.4
L  -54.5  -48.2  109.4  178.2  -75.9    nan  0.966  100.7  3.790  5.257   70.2   76.7
F  -46.9  -58.9  111.9 -180.0  179.8    nan  1.031   96.9  3.776  5.065   78.0   91.1
N  -56.4  -33.1  112.6  178.5  -55.1    nan  1.182  106.8  3.759  5.215   47.8   72.6
Q  -72.1  -38.6  111.3  178.8  -22.7    nan  1.042   91.5  3.773  5.618   75.1   82.0
D  -60.3  -57.7  111.3 -179.2  -72.9    nan  1.097   89.9  3.734  5.239   71.8   88.5
V  -48.4  -46.5  109.6  179.1  166.7  -71.3  1.023  106.0  3.759  5.306   73.5   80.7
D  -63.5  -40.2  109.8 -179.4 -170.3    nan  1.042   98.3  3.706  5.020   60.6   77.2
A  -63.7  -27.7  113.1  179.8    nan    nan  1.034  103.3  3.799  5.416   68.1   83.5
A  -78.2  -32.8  114.5 -177.4    nan    nan  1.070   87.3  3.795  5.232   64.4   84.1
V  -68.0  -27.9  110.5 -179.4 -170.1  -51.6  1.065  100.4  3.727  5.372   69.8   87.4
R  -78.1  -42.1  113.7 -179.5 -105.0    nan  1.233   83.7  3.711  5.284   51.1   82.6
G  -57.9  -46.5  104.8  179.0    nan    nan    nan  102.1  3.702    nan    nan   85.5
I  -49.5  -66.3  107.0  179.4  -73.6  164.6  1.044   93.2  3.706    nan    nan   88.1
L  -48.0  -43.9  113.2  178.8  -59.7    nan  1.088  106.3  3.776  5.087   61.8   72.3
R  -78.4   14.1  111.9  178.5  -56.0    nan  1.118  106.5  3.756  5.210   44.9   66.2
N -121.5  110.7  115.8 -178.6 -163.3    nan  1.156  122.1  3.838  5.580   57.9   80.7
A  -49.1   -9.9  114.8 -179.1    nan    nan  0.970  126.2  3.698  5.426  -91.8 -131.3
K -126.2  -18.2  110.5 -176.7  -11.3    nan  1.012   49.5  3.714  4.780   27.0   53.0
L  -92.7  -51.0  109.5  178.7  -66.8    nan  1.033   73.2  3.736  5.359   50.5   74.9
K  -39.2  -54.9  113.7 -179.0 -168.0    nan  1.096  103.7  3.782  5.305   84.6   97.1
P  -54.1  -38.4  112.9 -178.4   -5.2    nan  1.021  105.3  3.746  5.077   70.6   81.3
V  -73.3  -43.7  108.7  179.8 -165.4  -44.7  1.060   89.7  3.745  5.275   53.3   76.0
Y  -51.8  -53.9  112.9 -178.6 -172.3    nan  1.066   96.7  3.754  5.287   77.8   91.7
D  -61.6  -36.1  112.7 -177.9  -78.9    nan  1.041  100.6  3.783  5.186   61.9   75.5
S  -66.5  -27.0  112.1 -179.5  114.0    nan  1.030  101.5  3.721  5.199   71.9   85.3
L  -90.7  163.6  114.5 -177.2  -49.1    nan  1.074   97.4  3.781  5.253   50.9   73.6
D  -86.9  179.4  113.3  177.1   67.1    nan  1.062   87.2  3.747  5.236 -101.3 -104.7
A  -52.0  -61.9  114.9 -177.9    nan    nan  1.087   89.8  3.796  4.975  -47.3  -48.0
V  -56.9  -56.6  108.6  179.4 -128.8   -6.7  0.967   94.5  3.773  5.085   65.2   70.3
R  -55.9  -36.6  113.6 -178.7  -72.9    nan  1.211  104.6  3.747  5.096   49.5   76.9
R  -61.2  -36.7  110.1 -179.5  -85.5    nan  1.020  101.9  3.783  5.621   86.9   89.9
A  -57.6  -33.8  113.4 -179.7    nan    nan  1.106  105.0  3.737  5.263   74.6   92.4
A  -74.8  -38.9  110.9 -179.4    nan    nan  1.059   89.2  3.787  5.348   63.9   79.7
L  -60.4  -45.3  110.1  178.2 -164.0    nan  0.993   97.7  3.682  5.356   78.3   86.0
I  -61.9  -39.0  111.2 -178.8  -75.3  164.3  1.051   99.5  3.754  5.123   66.0   80.9
N  -63.5  -48.3  107.5 -179.9 -177.9    nan  1.025   95.5  3.710  5.257   68.6   83.9
M  -50.9  -63.3  109.0  179.0  -74.8    nan  1.042   93.3  3.781  5.481   73.6   85.9
V  -50.1  -43.0  112.6 -179.7  178.0  -60.7  1.050  105.5  3.752  5.046   65.5   75.0
F  -59.8  -34.4  108.6  179.9 -179.3    nan  0.900  105.1  3.749  5.289   83.9   84.2
Q  -79.6  -46.4  116.5 -178.6  176.1    nan  1.183   78.9  3.672  4.841   43.0   75.8
M -116.1  -11.7  118.9 -177.5   19.3    nan  1.142   58.8  3.886  5.094    9.5   33.6
G  101.4  149.5  115.8 -179.9    nan    nan    nan   87.3  3.825    nan    nan  -96.7
E  -41.7  -54.7  106.1  179.1 -114.6    nan  0.885  106.4  3.799    nan    nan  -80.2
T  -51.6  -59.8  113.1 -179.7  -41.6 -163.4  1.025   92.6  3.694  4.698   61.1   79.9
G  -58.7  -42.4  114.1 -178.0    nan    nan    nan   98.5  3.768    nan    nan   73.2
V  -67.0  -40.2  111.0 -179.2  162.2  -76.4  1.049   94.9  3.729    nan    nan   79.7
A  -60.2   -3.4  114.5 -179.0    nan    nan  1.160  118.4  3.718  5.298   66.2   88.5
G  -82.1   -6.9  112.4  179.7    nan    nan    nan   95.2  3.790    nan    nan  101.0
F  -87.6   47.4  112.7 -178.4  -70.8    nan  1.003  108.2  3.791    nan    nan   92.9
T  -39.6  -57.6  114.2 -178.1   25.9  -92.6  1.310  101.1  3.696  6.074  164.4 -172.2
N  -65.9  -51.5  113.0 -179.3  -64.4    nan  1.141   88.5  3.800  5.485   54.5   67.6
S  -55.8  -36.9  110.8  179.4  -16.5    nan  1.062  105.9  3.756  5.252   68.7   80.4
L  -69.5  -33.1  110.9  179.7  -66.8    nan  1.027   96.3  3.805  5.426   66.4   80.7
R  -73.4  -31.2  109.9  178.6 -124.9    nan  1.036   94.3  3.683  5.192   63.9   79.0
M  -82.3  -22.1  113.5  178.1  -55.7    nan  1.283   88.6  3.641  5.247   34.9   75.6
L  -66.4  -52.2  110.1  178.1  -67.7    nan  1.054   89.8  3.774  5.849   94.7   96.4
Q  -63.5  -25.4  114.2  179.0   92.2    nan  1.346  104.3  3.734  5.120   36.4   72.6
Q  -84.5  -17.9  106.9  176.3  -95.9    nan  1.051   90.1  3.850  5.880   69.9   73.6
K   81.8   19.7  116.3  178.8  -41.4    nan  1.134   89.2  3.821  5.429 -123.9 -122.4
R  -79.8   69.6  105.4  179.1  -62.4    nan  1.034  107.9  3.714  5.827  112.0  121.1
W  -48.1  -55.3  113.6 -176.1  -48.7    nan  1.101   97.8  3.736  6.209 -155.9 -155.3
C  -53.3  -50.9  115.2 -179.2  -75.8    nan  1.141   96.4  3.683  5.022   65.6   81.7
E  -61.2  -36.3  111.5 -178.7  -44.0    nan  1.126  101.4  3.767  5.326   59.9   78.3
A  -63.1  -43.3  113.4 -179.3    nan    nan  1.079   95.0  3.826  5.442   73.5   88.0
A  -59.4  -54.3  109.1  179.0    nan    nan  0.978   93.9  3.768  5.301   75.0   83.7
V  -54.3  -56.6  109.6  179.7  134.7 -107.1  1.029   95.4  3.712  5.048   63.4   78.3
N  -49.3  -54.8  113.7 -179.7 -113.2    nan  1.036   97.2  3.712  5.135   71.1   82.3
L  -54.2  -40.6  111.2 -178.5  -77.5    nan  0.996  104.7  3.715  5.003   69.9   80.9
A  -71.7  -19.1  115.2 -177.6    nan    nan  1.061   99.5  3.703  5.130   58.5   79.3
K  -93.2   73.1  106.7 -178.8  -63.1    nan  0.985  104.9  3.726  5.263   59.7   75.3
S -155.4  168.8  112.0 -175.3   54.0    nan  0.932  157.3  3.770  5.538  104.4   99.0
R  -66.4  -40.8  110.5  179.9   51.3    nan  1.376   95.4  3.777  5.482 -107.9  -76.6
W  -49.6  -57.4  108.1  177.3  172.0    nan  0.953   98.6  3.754  5.793  102.2   92.9
Y  -56.3  -41.0  109.4 -177.7 -174.5    nan  1.004  103.7  3.635  4.903   60.8   75.3
N  -71.0  -29.8  110.2 -177.8  164.7    nan  1.050   96.9  3.697  5.097   55.8   76.8
Q  -78.7  -38.5  112.7  178.9  -98.4    nan  1.123   85.3  3.702  5.374   53.5   79.4
T -133.5   63.2  111.7 -178.8   40.2  -79.9  0.997   85.9  3.847  5.005    4.0   17.5
P  -41.9  -47.0  116.1 -177.0   14.0    nan  1.029  107.1  3.796  6.010 -155.4 -158.2
N  -64.3  -61.7  116.4 -178.2  -79.1    nan  1.107   81.6  3.836  5.152   57.8   80.6
R  -54.7  -50.1  108.2  178.9  164.0    nan  0.885  100.1  3.693  4.951   72.7   72.7
A  -50.2  -44.7  111.4 -179.1    nan    nan  1.072  105.0  3.732  4.900   65.7   86.6
K  -67.4  -41.7  112.1  178.1 -174.7    nan  1.052   93.2  3.748  5.222   61.3   74.9
R  -58.9  -44.2  109.3  179.7  -76.3    nan  1.043   99.9  3.825  5.376   72.7   86.1
V  -65.4  -42.7  112.4  178.8  173.3  -62.0  1.127   94.1  3.745  5.224   56.6   77.0
I  -62.0  -51.4  112.3 -179.6  -62.4 -177.9  1.175   91.8  3.759  5.451   63.2   84.0
T  -54.5  -36.8  112.8  179.3  -51.0 -174.1  1.022  106.0  3.747  5.399   79.4   82.0
T  -65.3  -56.7  108.5 -179.2  -51.0 -176.0  1.018   89.4  3.682  5.186   70.5   85.6
F  -47.3  -42.2  107.3  179.1  -95.5    nan  0.930  110.8  3.752  5.312   79.1   81.5
C  -72.7  -46.7  115.6 -175.5 -167.4    nan  1.125   84.5  3.721  4.966   51.7   77.0
T  -84.8  -24.5  108.5 -178.6   63.9  -54.5  0.954   87.2  3.741  5.185   50.8   59.6
G   78.9   -1.8  108.1 -178.1    nan    nan    nan  101.6  3.667    nan    nan -128.2
T -110.5  178.1  113.1  178.3   85.4  -35.4  1.131  111.2  3.780    nan    nan   73.9
W  -98.3    4.3  113.3 -178.6  -70.1    nan  1.058   83.4  3.824  5.230  -93.2  -94.2
D  -50.7  -32.6  116.5 -175.9  -71.5    nan  1.238  110.4  3.754  5.828  115.5  140.9
A  -64.8  -20.7  110.1 -178.1    nan    nan  1.023  106.8  3.788  5.655   84.8   91.7
Y -100.3   23.2  116.9 -176.6  -66.1    nan  1.150   90.7  3.752  5.130   41.3   69.8
K -160.2    nan  105.1  178.8  -12.5    nan  0.973    nan  3.849  5.450   40.7   42.2
