Id   phi    psi    tau  omega    chi    chi2  solid    eta  CA-CA  CB-CB  BA^AB  NA^AC
M    nan  144.0  113.1    nan -167.9    nan  1.127    nan    nan    nan    nan    nan
N -159.1  178.3  109.6  178.9   53.7    nan  1.003  159.7  3.766  5.552  176.5  157.0
I  -65.5  -20.3  112.6 -177.8 -174.2   58.3  1.174  105.5  3.710  5.073  -75.8  -61.9
F  -76.9  -43.2  109.5  179.9  169.0    nan  1.091   86.7  3.632  5.506   69.5   89.8
E  -71.7  -35.8  108.8  179.0  -43.6    nan  1.013   94.3  3.701  5.429   59.7   72.0
M  -52.5  -50.6  108.9  178.2  133.8    nan  1.086  100.8  3.695  5.366   82.0   95.7
L  -75.1  -33.0  113.0  179.1  -76.4    nan  1.229   90.6  3.700  5.132   32.0   63.1
R  -49.2  -44.5  108.6  174.8  162.7    nan  1.076  107.3  3.741  5.818   94.6   99.5
I  -69.3  -60.3  114.1  179.9  -69.3  166.5  1.075   80.9  3.837  5.335   59.0   73.8
D  -51.2  -51.2  115.6 -179.6  -68.6    nan  1.201   97.4  3.802  5.146   55.8   78.9
E  -96.5  -51.6  115.7 -179.2  -59.8    nan  1.100   65.9  3.804  5.142   27.3   45.5
G  114.5  158.5  110.9 -178.7    nan    nan    nan  105.5  3.749    nan    nan -117.6
L -121.5  122.5  111.0 -178.2 -131.5    nan  0.877  122.6  3.753    nan    nan -143.8
R -108.8  134.9  101.1  172.6 -103.2    nan  1.027  110.9  3.727  5.804  174.9 -175.5
L -102.0    6.2  116.3 -176.2  -86.3    nan  1.114   80.8  3.767  5.811 -143.0 -140.9
K -132.9  154.1  111.3  178.5  136.6    nan  1.105  136.7  3.780  5.300   36.2   56.0
I  -52.2  146.5  113.6 -179.4  -39.9 -161.4  1.174   70.3  3.850  5.635  -73.3  -78.8
Y -157.0  145.6  111.9  176.3   70.0    nan  1.182  147.3  3.730  5.500  169.3  162.9
K  -82.1  121.1  106.4  177.3  -56.3    nan  1.030   99.7  3.678  5.426 -104.9 -122.7
D  -65.9 -167.4  109.7  179.7   68.2    nan  1.158   62.2  3.760  5.979 -126.9 -127.3
T  -59.2  -45.3  111.8 -178.8  107.1  -13.4  1.075   97.7  3.750  4.823  -38.2  -39.1
E  -92.6   32.1  114.5  179.5   11.1    nan  1.218  100.4  3.805  5.166   18.4   52.3
G   76.1    2.7  117.8  177.5    nan    nan    nan  102.6  3.795    nan    nan  -83.4
Y  -87.8  142.3  116.9 -177.6  -61.3    nan  1.041  104.3  3.795    nan    nan  104.5
Y  -70.4  123.0  112.7  178.9  -66.7    nan  1.100   97.0  3.763  5.562 -108.9 -114.2
T -136.9  170.4  110.5 -177.6  -37.0 -161.7  1.025  139.4  3.748  5.727  177.0  160.8
I -165.0  159.0  110.5 -178.4 -176.0   63.7  1.022  159.1  3.804  5.428 -172.0 -174.7
G   62.5 -127.5  113.1  179.8    nan    nan    nan   89.7  3.829    nan    nan   32.2
I  -99.4   81.0  111.5  179.4  -61.3  175.4  1.144  109.4  3.776    nan    nan  -31.7
G   55.8   31.7  113.1  180.0    nan    nan    nan  108.0  3.816    nan    nan  -54.4
H  -89.7  105.8  110.4 -179.6  173.5    nan  1.120  109.5  3.699    nan    nan  125.8
L  -77.9  130.1  110.6 -175.7  152.9    nan  1.049   97.4  3.662  5.903 -137.2 -153.5
L  -88.0  -54.1  116.0 -178.1  -79.8    nan  1.087   70.5  3.762  5.686 -129.8 -142.3
T -151.5  150.8  113.7  178.8  169.9   48.4  1.158  149.4  3.864  4.871  -41.9  -16.3
K  -96.8  -16.1  108.2  177.0  -87.8    nan  1.233   78.5  3.772  5.631 -135.2 -128.5
S  -63.3  176.5  108.6  176.0  130.6    nan  0.997   64.5  3.705  5.745   98.5  102.0
P -119.0   43.1  114.2 -177.0   19.8    nan  0.959   83.7  3.854  5.387 -116.2 -114.9
S -128.2  125.0  109.3  179.3  154.7    nan  1.043  124.5  3.714  5.455   77.3   96.5
L  -62.6  -45.8  109.1  177.3 -163.4    nan  1.019   96.5  3.717  5.731 -108.7 -123.2
N  -49.4  -39.5  110.3  178.8  -47.6    nan  1.125  109.6  3.703  5.290   72.0   90.1
A  -65.4  -45.1  110.7  178.7    nan    nan  1.082   93.8  3.778  5.516   66.3   81.2
A  -56.9  -56.9  107.3  177.1    nan    nan  1.005   95.2  3.734  5.350   74.2   82.2
K  -47.3  -57.9  112.0 -179.0  -74.3    nan  1.170   97.3  3.786  5.214   59.8   83.3
S  -45.9  -52.7  113.2  179.0  -84.7    nan  1.049  101.3  3.785  5.412   79.1   83.7
E  -56.0  -42.8  111.7 -178.8  -97.1    nan  0.990  101.7  3.769  5.124   72.8   80.7
L  -60.1  -67.0  106.9 -178.7 -171.1    nan  0.961   87.8  3.744  5.166   73.6   84.5
D  -43.3  -41.9  111.6  179.2  -72.2    nan  1.195  111.9  3.719  4.828   50.5   76.1
K  -57.7  -75.0  105.2  174.7 -107.4    nan  0.917   85.6  3.831  5.716   86.1   81.9
A  -35.9  -46.7  117.3  178.0    nan    nan  1.027  111.1  3.760  4.678   68.4   74.8
I  -80.9  -21.3  114.6 -175.0  -96.8  147.4  1.166   89.9  3.774  4.871   37.1   68.1
G   77.7   40.3  113.5 -178.3    nan    nan    nan   84.8  3.788    nan    nan -125.1
R  179.4  179.3  110.1  179.9   77.2    nan  1.063  178.9  3.866    nan    nan   36.1
N  -90.6   78.9  110.9 -179.7  -76.6    nan  1.135  110.3  3.783  5.246  -96.1  -85.7
T  -61.7  -38.6  113.7 -178.6   78.4  -42.5  1.054   98.6  3.803  6.165 -148.0 -164.5
N   70.6   25.1  111.7 -178.2 -129.4    nan  1.052   98.8  3.748  5.269 -147.5 -148.0
G   89.4  -11.1  112.1 -178.7    nan    nan    nan   94.7  3.786    nan    nan  -72.3
V -111.7  134.6  112.4  179.7  166.6  -74.2  1.074  120.8  3.773    nan    nan   66.1
I -126.5  174.7  113.3  178.0   52.7  -72.1  1.081  128.5  3.741  5.681 -170.9 -174.3
T  -99.2  172.0  109.0  176.8   74.5  -42.5  0.942  101.7  3.752  5.067  -95.5 -102.9
K  -67.5  -37.0  111.9  177.8   94.0    nan  1.087   95.7  3.740  5.228  -82.7  -73.0
D  -60.5  -46.1  110.3 -179.4  -29.8    nan  1.019   97.1  3.805  5.578   83.4   89.9
E  -55.3  -51.0  108.3  178.6  -49.3    nan  1.070   99.0  3.645  5.067   70.4   84.2
A  -50.5  -43.6  110.6  178.3    nan    nan  1.110  105.9  3.745  5.355   66.2   83.7
E  -53.5  -55.1  108.3  179.3 -140.8    nan  1.026   97.6  3.762  5.470   80.3   88.5
K  -45.2  -60.5  110.7  178.3 -160.4    nan  1.014   97.4  3.707  5.077   76.2   84.7
L  -51.8  -47.1  109.1  179.7  -69.2    nan  0.972  103.5  3.745  5.061   66.5   75.3
F  -57.3  -52.9  112.7 -178.9  168.5    nan  1.086   93.8  3.723  5.085   63.5   83.8
N  -45.9  -17.6  113.5 -179.9  -74.1    nan  1.113  125.2  3.781  5.386   75.9   89.3
Q  -85.6  -56.7  109.0  179.4  -56.0    nan  0.948   76.7  3.751  5.522   78.0   82.8
D  -50.1  -36.2  107.3 -178.9  -51.8    nan  1.055  112.5  3.703  5.012   65.1   80.6
V  -60.1  -56.0  111.6  178.2 -175.3  -54.0  1.111   90.8  3.705  5.471   72.1   88.7
D  -50.4  -42.0  111.7 -179.6 -100.4    nan  1.185  106.4  3.749  5.330   65.3   82.1
A  -59.2  -51.5  112.0  178.5    nan    nan  1.048   93.9  3.716  5.470   81.1   85.2
A  -52.4  -50.7  110.7  180.0    nan    nan  1.019   99.8  3.765  5.203   74.8   83.7
V  -56.7  -41.5  113.8 -179.1  -11.9  115.6  1.402  100.8  3.754  5.265   40.1   82.2
R  -61.5  -33.2  109.6  177.9  -46.3    nan  1.134  103.8  3.709  5.604   79.7   83.1
G  -62.4  -49.3  109.9  178.2    nan    nan    nan   94.2  3.759    nan    nan   89.2
I  -52.0  -61.6  110.7 -179.0  -61.7  175.4  1.001   92.8  3.781    nan    nan   86.1
L  -57.5  -28.7  113.8 -179.9  -58.2    nan  1.177  107.9  3.726  4.933   45.7   70.3
R  -73.9  -25.8  110.2  177.6  -79.3    nan  1.120   96.1  3.822  5.675   67.0   83.1
N  -79.5  111.9  113.9  178.5 -165.8    nan  1.093  107.5  3.819  5.496   65.2   80.4
A  -58.0  -12.2  114.8 -178.6    nan    nan  1.091  116.3  3.778  5.785 -115.0 -132.8
K  -98.1  -46.2  109.6 -179.2 -101.0    nan  1.067   70.3  3.751  5.412   56.3   77.6
L  -73.1  -33.8  114.3 -178.1  -84.5    nan  1.053   91.3  3.793  5.193   56.5   70.3
K  -51.5  -65.9  116.5 -175.4 -178.5    nan  1.269   86.3  3.760  5.377   77.4  106.3
P  -41.5  -53.2  110.1 -179.5   -7.4    nan  0.982  105.4  3.790  5.309   84.6   82.8
V  -52.1  -59.7  112.1  177.6  179.4  -56.7  1.001   93.0  3.798  5.144   67.9   80.3
Y  -42.9  -47.0  112.9 -179.3 -165.9    nan  1.056  107.8  3.771  5.148   75.1   86.2
D  -64.8  -37.7  113.9 -177.9  -74.4    nan  1.091   96.5  3.727  5.022   61.0   78.7
S  -68.1  -37.4  112.5 -179.5   14.4    nan  1.066   94.6  3.825  5.415   65.5   82.8
L  -56.3  157.1  116.4 -178.2  -70.4    nan  1.070   68.4  3.825  5.336   80.4   94.9
D -100.1  166.2  107.5  175.0   52.9    nan  1.007  103.9  3.799  5.488 -120.9 -129.3
A  -40.4  -59.6  116.5 -176.4    nan    nan  1.254   97.8  3.799  5.308  -59.3  -50.8
V  -56.5  -58.5  112.7 -179.0  177.6  -63.0  1.093   90.8  3.772  5.271   66.2   75.4
R  -52.1  -42.9  112.1  177.9  -48.8    nan  1.134  104.4  3.728  5.136   59.3   76.6
R  -56.5  -45.9  108.2  177.5  -52.9    nan  0.990  101.4  3.829  5.587   80.7   85.2
A  -52.4  -47.6  112.0  179.1    nan    nan  1.029  101.1  3.730  5.157   76.1   87.3
A  -60.1  -40.2  109.7 -178.5    nan    nan  1.101  101.1  3.790  5.191   60.1   80.9
L  -64.0  -47.4  109.3  176.5 -157.1    nan  0.979   94.5  3.803  5.425   73.0   79.2
I  -60.6  -33.9  110.1  179.7  -75.1  165.0  1.102  103.9  3.757  5.232   59.3   79.0
N  -58.4  -55.1  109.3  177.6 -168.8    nan  1.029   93.9  3.763  5.556   86.3   91.5
M  -58.7  -49.5  109.8 -179.0  -52.6    nan  1.046   96.8  3.729  5.151   63.9   74.5
V  -52.0  -41.2  110.9 -178.4  154.9  -88.3  1.085  106.2  3.770  5.337   75.5   86.8
F  -63.8  -30.3  111.3 -177.8 -132.8    nan  1.006  102.5  3.706  5.175   75.9   83.8
Q  -97.2  -25.4  115.5 -177.8  135.4    nan  1.157   72.7  3.736  5.089   31.1   64.6
M -124.8    2.5  114.3  179.7   38.6    nan  1.118   56.3  3.687  4.957   17.2   42.4
G   89.6  156.4  111.8  179.0    nan    nan    nan   81.1  3.770    nan    nan  -94.8
E  -59.3  -32.9  114.2 -178.4  109.5    nan  1.461  103.7  3.749    nan    nan  -82.3
T  -64.7  -54.3  111.7  179.1  -76.0  161.8  1.046   88.7  3.737  5.804   92.4   88.9
G  -53.0  -70.1  107.0  179.4    nan    nan    nan   89.1  3.778    nan    nan   79.4
V  -39.2  -45.4  110.6 -179.5 -178.8  -57.8  1.111  112.6  3.700    nan    nan   77.9
A  -52.6  -29.5  115.5 -178.8    nan    nan  1.064  111.1  3.797  5.376   79.7   90.5
G  -63.3  -20.8  116.5 -179.1    nan    nan    nan  106.2  3.811    nan    nan   96.3
F  -83.6   85.8  113.6 -177.5  -55.9    nan  1.028  113.9  3.786    nan    nan   86.9
T  -57.9  -58.6  120.0 -177.5  -11.0 -131.7  1.476   85.2  3.723  6.079 -179.3 -151.1
N  -54.5  -54.7  112.6 -177.1  -69.2    nan  0.923   94.6  3.767  5.528   96.8   80.9
S  -47.1  -54.5  110.1 -177.1  -43.6    nan  1.076  101.0  3.664  4.704   67.2   88.3
L  -57.3  -45.4  110.5 -179.1  -54.6    nan  1.153   99.8  3.750  5.278   54.2   76.7
R  -52.6  -70.7  107.7  178.9 -146.6    nan  0.983   88.5  3.725  5.391   82.5   87.2
M  -40.6  -48.3  111.3  177.0  -84.2    nan  1.030  109.2  3.778  4.994   63.1   73.8
L  -58.4  -43.8  111.3  179.5  -81.5    nan  1.025   99.4  3.786  5.299   70.0   80.8
Q  -56.3  -36.3  110.5 -179.8 -178.2    nan  1.001  105.9  3.737  5.184   76.8   87.0
Q  -87.4    2.1  114.8 -178.8    8.0    nan  1.103   93.5  3.761  5.121   41.4   66.3
K   80.7   20.0  115.2  179.2  -35.8    nan  1.202   90.5  3.756  5.302 -105.4 -105.2
R  -95.7   57.6  108.7  178.0  -19.5    nan  1.052  102.5  3.790  5.912   99.5  106.8
W  -40.0  -56.7  111.0 -179.1  -47.7    nan  0.891  103.2  3.730  5.948 -145.9 -163.3
C  -54.4  -46.3  119.4 -178.8  -36.6    nan  1.748   96.5  3.663  4.615    8.6   80.1
E  -67.5  -38.8  113.3  178.6  -79.1    nan  0.990   94.0  3.777  5.865  100.1   75.9
A  -53.7  -57.9  106.2  177.8    nan    nan  0.964   97.1  3.709  5.149   82.7   91.7
A  -47.4  -55.5  110.5  179.1    nan    nan  0.976   99.9  3.781  5.039   71.2   80.1
V  -50.8  -39.7  108.7  179.2  145.7  -97.3  0.999  109.1  3.761  5.101   69.4   80.2
N  -69.1  -34.4  115.5 -178.3 -163.6    nan  1.181   93.8  3.706  5.103   54.6   80.8
L  -78.7  -22.3  112.2 -177.7  -52.2    nan  1.107   92.4  3.808  5.467   60.1   78.1
A  -57.4  -35.5  107.9  178.1    nan    nan  0.953  106.8  3.719  5.522   99.1  103.4
K  -93.9   74.7  110.9  178.4  -19.8    nan  1.024  109.0  3.698  4.961   34.4   57.3
S -162.0  154.7  107.2 -178.9   64.3    nan  1.039  154.0  3.798  5.544   89.9   89.2
R  -55.1  -41.0  109.2 -179.0  -41.7    nan  1.019  104.7  3.780  5.343  -68.7  -81.8
W  -50.2  -62.0  108.5  179.6  169.2    nan  0.978   94.9  3.744  5.282   86.6   93.6
Y  -46.6  -45.4  109.3  178.8 -175.4    nan  1.068  108.2  3.675  5.008   62.1   77.6
N  -76.6  -15.3  117.3  179.8 -102.5    nan  1.320   96.1  3.786  5.269   30.3   68.0
Q  -89.8  -36.0  117.6 -178.4  -44.1    nan  1.317   74.4  3.733  5.541   60.1   87.0
T -138.4   66.6  105.0  178.1   39.7  -84.2  0.917   82.0  3.865  5.285   12.5   11.3
P  -53.0  -45.7  113.9 -179.0   20.1    nan  0.966  100.9  3.683  5.823 -164.9 -166.2
N  -55.2  -43.8  115.5 -178.3  -76.8    nan  1.272   99.6  3.820  5.298   50.4   89.6
R  -69.7  -55.0  111.1  178.4  178.0    nan  0.963   85.6  3.822  5.400   73.5   73.8
A  -46.3  -46.7  110.5  179.3    nan    nan  1.017  106.8  3.757  5.000   70.1   85.5
K  -57.5  -48.8  112.1 -178.6  -90.0    nan  1.066   96.6  3.758  5.254   68.8   84.5
R  -62.8  -47.2  111.7  179.8  -50.8    nan  1.080   94.0  3.672  5.178   63.9   77.0
V  -60.0  -40.2  113.0 -178.2  155.0  -84.5  1.083   99.4  3.751  5.201   69.4   82.7
I  -61.2  -51.7  111.3  179.0 -120.0  119.6  1.000   92.7  3.738  5.104   72.5   84.7
T  -62.0  -31.3  108.7  179.4  -66.5  171.5  0.912  104.7  3.739  5.052   63.1   73.4
T  -66.9  -39.3  111.8 -177.8  -62.2  178.2  1.170   95.0  3.668  5.110   56.3   90.4
F  -66.1  -32.8  108.8 -179.8  -82.1    nan  1.045  100.4  3.743  5.510   70.6   81.8
C  -75.2  -51.3  112.0  179.0 -170.8    nan  1.052   82.9  3.731  5.321   61.6   78.4
T  -81.7  -39.7  115.3 -175.6   90.9  -29.5  1.209   80.8  3.727  4.985   27.9   62.4
G   74.2   30.0  110.1 -177.7    nan    nan    nan   94.1  3.718    nan    nan -144.7
T -133.7  177.9  106.3  177.5   69.3  -50.6  0.942  134.3  3.823    nan    nan   77.0
W  -99.6   11.4  109.7  178.3  -61.6    nan  1.024   84.4  3.791  5.426 -108.1  -95.9
D  -36.3  -42.1  114.0 -177.3  -81.6    nan  1.196  115.9  3.682  5.870  140.0  159.1
A  -72.9  -13.0  115.8 -179.4    nan    nan  1.109  101.1  3.799  5.375   59.0   75.1
Y -103.7  -16.0  113.4 -177.2  -70.0    nan  1.184   70.5  3.826  5.367   43.8   75.1
K  -49.7    nan  110.1  178.7  -71.8    nan  1.061    nan  3.798  5.843  110.6  117.3
