Id   phi    psi    tau  omega    chi    chi2  solid    eta  CA-CA  CB-CB  BA^AB  NA^AC
M    nan  153.8  104.5    nan  168.5    nan  0.970    nan    nan    nan    nan    nan
N -137.6 -178.5  109.3 -178.0   57.1    nan  1.149  137.1  3.710  5.578 -175.4 -158.7
I  -60.6  -36.0  113.8 -178.8 -174.8   63.5  1.152  101.1  3.734  5.044  -52.8  -53.6
F  -66.5  -43.0  112.0  178.0  -68.9    nan  1.035   93.2  3.771  5.546   78.6   84.2
E  -63.5  -44.3  111.7  177.8  -74.7    nan  0.961   95.1  3.764  5.221   74.8   79.7
M  -55.5  -49.1  115.4  178.9 -173.9    nan  1.090   96.0  3.726  5.029   67.3   87.5
L  -73.0  -30.2  110.8 -177.1  -73.9    nan  1.040   94.7  3.817  5.251   52.3   70.3
R  -63.2  -44.5  108.5 -178.6 -166.8    nan  1.036   97.0  3.723  5.403   77.7   93.6
I  -65.2  -41.1  109.3  173.5  -71.3  167.1  0.903   96.9  3.741  5.343   71.1   72.2
D  -72.7  -32.5  117.3 -176.1  -82.3    nan  1.060   90.8  3.773  5.143   57.4   80.3
E  -99.1  -25.8  117.2 -174.6  -54.3    nan  1.061   70.2  3.793  5.049   44.3   63.8
G   77.3 -175.1  111.0 -176.6    nan    nan    nan   79.1  3.732    nan    nan -128.4
L -136.4  119.6  110.9  177.5  172.3    nan  0.936  124.8  3.871    nan    nan -126.8
R -133.0  135.1  107.2  177.6  -76.3    nan  0.994  129.5  3.883  5.801  163.5  160.3
L -101.6    3.4  114.2 -175.1  -39.6    nan  1.247   79.8  3.798  5.854 -154.8 -144.3
K -128.3  149.4  107.9  174.3  153.7    nan  0.955  131.1  3.647  5.427   57.0   57.0
I  -48.1  134.8  113.3  179.5  -63.9  174.9  1.037   74.8  3.822  5.373  -73.6  -80.7
Y -140.0  174.0  110.7  178.0   61.7    nan  1.059  141.8  3.815  5.703  171.3  172.0
K -107.5  157.0  111.8  175.5  -64.5    nan  1.076  114.5  3.784  5.429 -118.6 -109.3
D  -98.9 -178.5  107.0  179.3   67.8    nan  1.061   98.4  3.668  5.431 -122.7 -121.7
T  -63.7  -18.2  110.9  179.6  100.0  -22.8  1.078  108.7  3.778  5.222  -57.7  -57.9
E  -96.2   -0.2  110.5  178.7  -63.3    nan  1.042   83.7  3.781  5.418   55.2   72.8
G   89.7    8.9  114.1 -179.1    nan    nan    nan   86.7  3.765    nan    nan  -97.4
Y  -89.5  157.5  111.8  178.3  -59.3    nan  1.010   97.7  3.848    nan    nan  103.8
Y  -94.5  128.8  114.5 -177.8  -65.2    nan  1.093  111.8  3.806  5.562 -118.7 -114.1
E -136.9  170.8  111.2  179.9  -84.2    nan  0.966  139.5  3.778  5.700 -175.2  165.2
I -150.0  161.6  109.4  176.9 -158.2   78.2  1.229  150.9  3.740  5.418 -179.7 -159.1
G   62.7 -126.5  111.5  179.2    nan    nan    nan   89.4  3.784    nan    nan   35.4
I -102.2   68.7  109.3 -179.3  -56.5 -175.9  1.045  103.0  3.749    nan    nan  -32.7
G   76.4   20.1  115.2  176.1    nan    nan    nan   94.5  3.681    nan    nan  -50.0
H  -80.5  115.2  111.4  178.9 -177.8    nan  1.036  104.8  3.770    nan    nan  123.9
L  -70.5  127.3  113.7 -179.2  179.1    nan  0.992   95.7  3.818  5.940 -125.6 -136.4
L  -88.2  -60.8  110.3  177.9  -64.2    nan  1.126   73.3  3.867  6.107 -150.3 -144.4
T -159.2  153.6  112.2 -178.2 -174.4   65.8  1.101  153.7  3.743  4.693  -42.3  -31.2
K  -92.1  -11.3  108.4  174.8  -60.3    nan  1.098   84.4  3.841  5.597 -117.0 -124.4
S  -65.9  141.3  112.8  176.0  159.2    nan  1.102   84.4  3.717  5.683   93.5  105.6
P  -63.0  -14.4  115.7  179.5   -0.2    nan  0.996  110.1  3.809  5.494  -86.7 -104.4
S  -79.9  117.9  119.5 -177.1 -168.0    nan  1.154  110.3  3.796  5.301   66.6   96.5
L  -61.8  -43.3  111.0  177.0  177.6    nan  1.049   97.4  3.769  5.750 -112.2 -136.9
N  -55.9  -44.7  107.9  178.0 -175.8    nan  1.016  102.6  3.772  5.330   73.4   85.3
A  -61.4  -42.0  110.8  180.0    nan    nan  1.165   98.5  3.751  5.314   57.1   80.6
A  -58.4  -54.3  106.7  178.5    nan    nan  1.052   96.2  3.765  5.477   75.6   84.3
K  -59.4  -40.6  116.1  179.0  -90.9    nan  1.009   98.1  3.778  5.357   68.0   74.4
S  -60.8  -39.6  113.2 -179.2  172.2    nan  1.052   99.0  3.695  5.062   70.3   88.4
E  -64.5  -39.9  111.2  179.6  -65.5    nan  1.003   96.9  3.834  5.514   72.2   83.7
L  -57.7  -50.3  109.8  178.9  179.3    nan  0.995   97.0  3.746  5.187   79.2   87.9
D  -59.8  -38.8  110.3 -177.5  -80.6    nan  1.023  101.8  3.817  5.163   63.1   79.4
K  -65.0  -47.2  112.7  177.4 -106.6    nan  1.044   91.8  3.721  5.302   65.4   81.9
A  -64.8  -40.5  110.4 -179.4    nan    nan  0.970   96.9  3.766  5.189   68.1   76.8
I  -81.3  -38.3  112.8 -176.8  -63.4 -174.8  1.134   83.1  3.820  5.090   40.0   69.9
G   99.0   27.5  111.4 -179.7    nan    nan    nan   72.2  3.723    nan    nan -124.2
R -173.9  167.0  109.0  176.8   77.4    nan  0.993  167.6  3.780    nan    nan   31.0
N  -76.0  110.5  110.4  179.0 -138.3    nan  1.149  103.5  3.752  5.466  -96.1  -87.8
T  -80.5  -52.4  110.1 -169.4  177.3   57.4  1.007   80.3  3.797  5.851 -125.5 -147.7
N   67.8   39.1  105.8 -166.0 -164.3    nan  0.934   97.7  3.608  5.007 -153.4 -153.8
G   61.0   20.5  120.9 -178.5    nan    nan    nan  107.2  3.956    nan    nan  -85.6
V -133.6  138.3  108.0 -178.8 -178.3  -59.8  0.968  131.6  3.899    nan    nan   70.0
I -129.9  171.2  109.1 -179.7   58.6  -59.8  1.062  132.3  3.823  5.807 -175.9 -171.7
T  -90.7  160.3  110.9  174.9   74.4  -48.9  1.009   97.6  3.775  5.296  -95.3  -98.4
K  -57.8  -34.3  107.0  179.9  146.2    nan  1.041  107.4  3.758  5.237  -75.6  -79.9
D  -70.6  -34.4  113.0 -179.7  -56.5    nan  1.109   93.8  3.714  5.442   61.2   83.0
E  -66.4  -40.8  108.5  179.1  -79.8    nan  1.079   96.5  3.701  5.352   70.7   85.3
A  -60.6  -43.6  113.7  176.7    nan    nan  1.074   96.5  3.731  5.438   70.4   83.3
E  -63.2  -38.2  114.3 -179.9 -133.2    nan  0.987   97.3  3.810  5.264   75.5   82.1
K  -59.7  -48.6  111.0  178.3  170.9    nan  1.191   95.8  3.767  5.182   58.7   87.9
L  -61.3  -45.5  109.7  179.4  -68.3    nan  1.025   97.2  3.835  5.631   72.6   77.3
F  -53.4  -54.5  112.2 -179.7 -173.9    nan  1.028   95.7  3.795  5.206   77.8   88.0
N  -59.7  -33.5  111.0  179.5  -87.2    nan  1.047  104.5  3.728  5.156   57.8   74.5
Q  -65.2  -45.6  111.1  178.7  -82.5    nan  1.073   93.5  3.701  5.464   72.6   87.6
D  -63.3  -40.5  113.6 -176.7  -72.6    nan  1.116   96.3  3.688  5.078   64.4   82.3
V  -69.7  -37.3  109.6 -179.2  175.8  -62.3  1.008   94.8  3.824  5.383   63.0   78.3
D  -63.0  -37.4  113.1  178.3  167.8    nan  1.087   98.5  3.788  5.400   61.9   85.9
A  -66.0  -40.5  112.2  178.2    nan    nan  1.128   94.9  3.749  5.352   59.7   83.5
A  -59.7  -48.3  110.8  178.7    nan    nan  1.078   96.1  3.854  5.579   71.0   85.9
V  -57.8  -50.2  109.6  179.1  176.6  -64.7  1.054   97.1  3.869  5.414   67.3   80.2
R  -60.4  -42.7  110.5 -178.6  -74.4    nan  1.008   99.0  3.801  5.352   69.1   78.0
G  -61.6  -41.9  113.4  179.3    nan    nan    nan   97.0  3.688    nan    nan   83.7
I  -59.6  -48.9  108.1  179.3  -73.8  169.4  0.980   97.5  3.825    nan    nan   85.0
L  -63.7  -26.1  113.4 -175.9  -55.2    nan  1.158  103.9  3.751  5.086   53.9   78.9
R  -92.7    2.0  110.6  178.7  -57.1    nan  0.983   88.0  3.874  5.769   61.9   68.7
N -103.1  124.4  109.6 -178.8 -179.0    nan  1.076  113.4  3.832  5.245   65.6   86.7
A  -61.5  -31.4  114.0 -177.4    nan    nan  1.135  102.8  3.837  5.992 -109.9 -119.0
K  -77.4  -35.1  113.3  177.1  -80.0    nan  1.052   87.5  3.736  5.449   66.9   78.0
L  -81.6  -45.0  117.8 -176.4  -57.4    nan  1.163   77.2  3.850  5.242   50.1   76.1
K  -54.4  -43.0  118.5 -175.5 -173.8    nan  1.090   99.2  3.790  5.288   81.4   95.2
P  -63.9  -38.4  109.1 -176.8   -2.3    nan  0.949   99.3  3.811  5.247   71.2   84.4
V  -69.0  -52.5  107.5  179.4  179.7  -60.3  1.011   89.8  3.707  5.200   59.9   78.4
Y  -55.9  -42.3  112.4 -180.0 -179.2    nan  1.013  101.7  3.821  5.193   68.2   78.8
D  -69.3  -26.4  113.0 -176.6  -75.3    nan  1.083   98.9  3.811  5.264   54.9   80.2
S  -76.0  -23.0  112.2  179.2   82.4    nan  1.075   94.6  3.700  5.396   65.3   84.9
L  -76.4  151.0  117.9  179.0  -55.2    nan  1.059   90.9  3.855  5.563   74.2   88.8
D  -74.3  171.9  106.7  174.6   54.8    nan  0.993   76.7  3.820  5.425 -100.9 -111.1
A  -55.2  -39.9  117.7 -176.8    nan    nan  1.108  101.1  3.865  5.296  -60.9  -57.6
V  -68.2  -49.8  111.9 -177.9  172.3  -66.9  1.115   88.6  3.735  5.200   60.7   82.9
R  -65.0  -29.3  111.9  179.3  -70.0    nan  1.014  101.7  3.797  5.247   59.3   73.4
R  -60.8  -40.2  109.3  175.9  -78.0    nan  1.042  100.7  3.840  5.655   76.6   92.7
A  -67.3  -38.5  112.3  178.0    nan    nan  1.017   94.9  3.804  5.520   73.5   79.0
A  -60.5  -39.9  106.1 -179.2    nan    nan  0.929  102.9  3.835  5.352   85.9   87.6
L  -66.3  -42.1  109.9 -179.5 -174.3    nan  1.091   95.2  3.786  5.248   56.5   80.8
I  -60.0  -39.0  112.9  175.5  -61.5  176.7  1.033  100.2  3.798  5.506   73.2   82.1
N  -54.9  -43.8  112.6  177.9 -166.7    nan  1.115  101.4  3.797  5.309   70.8   91.6
M  -63.9  -43.3  111.9  178.2  -77.8    nan  1.042   95.2  3.783  5.381   64.4   78.7
V  -65.2  -39.3  110.8 -179.6  172.9  -67.1  1.155   96.9  3.737  5.227   53.7   79.7
F  -63.4  -38.5  113.1  177.6 -169.4    nan  1.000   97.6  3.662  5.404   76.5   83.6
Q  -76.6  -34.1  115.9 -176.5 -164.2    nan  1.116   87.4  3.761  5.164   48.7   77.0
M -119.8   -6.0  116.9 -174.4  -77.9    nan  1.061   57.6  3.816  4.931   22.4   40.6
G   82.6  154.7  110.3 -178.1    nan    nan    nan   74.8  3.776    nan    nan -107.6
E  -58.4  -43.4  111.2 -178.0  114.6    nan  1.136   99.7  3.779    nan    nan  -84.9
T  -63.1  -48.0  110.8 -178.9  -61.5 -175.5  1.109   93.8  3.840  5.601   62.8   81.6
G  -65.4  -37.3  115.5  179.7    nan    nan    nan   95.4  3.672    nan    nan   76.4
V  -68.7  -36.6  111.2  179.6  176.6  -63.1  0.982   95.2  3.777    nan    nan   82.3
A  -60.1  -22.1  108.5 -178.5    nan    nan  1.046  111.0  3.835  5.375   71.7   90.4
G  -76.9   -9.4  114.9  179.9    nan    nan    nan   99.0  3.799    nan    nan   88.8
F  -83.0   61.5  107.6  179.6  -76.8    nan  0.956  108.8  3.856    nan    nan   92.9
T  -45.5  -54.6  118.7 -178.3  -53.7 -167.2  1.165   97.3  3.742  6.114 -172.1 -162.2
N  -67.8  -43.5  114.1 -177.2  -60.9    nan  1.031   90.8  3.704  5.095   60.8   72.2
S  -58.7  -44.0  111.0 -179.0  -69.5    nan  1.056   99.2  3.779  5.267   71.0   86.6
L  -59.4  -46.8  111.1 -177.4  -67.5    nan  1.051   97.0  3.781  5.258   71.6   85.9
R  -53.3  -49.8  109.7  179.3  -93.2    nan  0.984  100.3  3.790  5.344   79.1   86.0
M  -65.5  -37.4  114.9 -178.3  -88.6    nan  1.157   95.6  3.721  4.972   51.0   75.1
L  -60.6  -46.0  110.1  179.4  -82.5    nan  0.957   97.3  3.829  5.470   83.0   88.9
Q  -62.7  -27.8  114.0  179.5 -163.4    nan  1.119  103.7  3.707  5.093   52.2   79.3
Q  -91.0    2.5  110.5  179.4  -69.9    nan  0.953   89.9  3.809  5.292   59.1   69.0
K   63.4   34.5  112.9 -178.2  -52.1    nan  1.065   99.9  3.709  5.416 -124.1 -117.6
R  -97.9   71.4  108.2  177.3  -52.2    nan  0.994  104.4  3.803  5.888  111.9  117.8
W  -47.4  -57.7  117.2 -175.0  -40.7    nan  1.262   94.5  3.760  6.145 -166.9 -153.3
D  -58.4  -42.4  112.9 -177.4  -48.5    nan  1.114   99.4  3.811  5.401   64.9   76.8
E  -60.6  -51.0  114.5  178.0  -58.7    nan  1.119   91.6  3.792  5.425   66.2   83.5
A  -57.2  -38.8  108.9  177.3    nan    nan  0.920  104.6  3.774  5.179   76.9   77.9
A  -59.1  -42.0  109.2 -178.0    nan    nan  1.133  101.1  3.863  5.368   62.4   89.7
V  -65.4  -38.1  112.3  178.1  169.2  -69.5  1.079   96.5  3.700  5.385   68.0   78.8
N  -75.5  -31.6  114.7 -179.8  -77.2    nan  1.140   90.1  3.788  5.307   53.2   76.3
L  -61.3  -39.7  108.7  177.6  -75.5    nan  1.033  101.0  3.832  5.622   83.3   91.5
A  -65.6  -24.0  116.5  179.3    nan    nan  1.169  102.3  3.860  5.339   59.0   81.5
K  -92.3   76.5  110.7 -179.7  -85.2    nan  0.937  109.5  3.780  5.321   65.0   72.1
S -163.5  170.0  110.1 -176.1   52.0    nan  0.922  163.9  3.785  5.438   92.1   91.4
R  -69.4  -38.0  109.4  178.1  -93.2    nan  0.978   94.9  3.745  5.225  -80.8  -78.1
W  -46.9  -51.6  110.8 -178.5  170.7    nan  1.013  102.8  3.774  5.337   88.6  101.8
Y  -58.6  -28.6  109.7 -178.9 -175.4    nan  1.089  108.6  3.755  5.129   56.6   78.2
N  -86.7  -25.0  113.7  178.0  -61.7    nan  0.986   83.3  3.729  5.573   61.1   74.1
Q  -72.3  -42.1  114.9 -177.3  -55.2    nan  1.091   87.5  3.795  5.248   72.0   93.3
T -138.5   70.4  107.4 -179.7   61.5  -59.0  0.947   86.3  3.856  4.861   -6.4    8.2
P  -56.4  -36.3  116.9 -177.0    4.5    nan  1.003  102.9  3.780  6.073 -164.3 -163.9
N  -70.1  -40.4  110.6 -178.9  -61.4    nan  1.120   92.6  3.821  5.428   58.3   83.4
R  -66.7  -50.7  108.5  179.7  156.6    nan  0.905   91.4  3.743  5.235   81.5   79.2
A  -53.9  -45.8  110.9 -178.5    nan    nan  1.009  101.8  3.725  5.059   67.2   83.4
K  -57.6  -46.2  110.9 -179.2  -69.1    nan  1.087   98.8  3.800  5.290   70.3   84.5
R  -59.9  -43.4  111.8 -177.1  -68.5    nan  1.032   98.3  3.751  5.327   76.6   84.1
V  -69.6  -43.4  109.1 -175.0  174.1  -66.1  1.014   92.5  3.761  5.114   63.0   78.6
I  -61.2  -41.2  109.5  179.6  -72.0  164.7  1.052   99.8  3.796  5.292   62.3   81.7
T  -59.9  -40.8  112.8  178.5  -65.7  170.2  0.991   99.3  3.860  5.516   73.9   85.1
T  -59.9  -40.3  108.4  178.6  -49.5 -168.5  1.033  101.9  3.692  5.169   67.6   85.1
F  -69.9  -33.7  111.8  177.7  -84.6    nan  1.030   95.3  3.814  5.423   62.6   76.2
R  -65.5  -50.9  112.7  179.8 -148.3    nan  1.038   89.3  3.803  5.367   73.8   87.7
T  -98.1  -18.2  115.4 -172.6   63.5  -51.9  1.004   74.5  3.694  4.736   28.2   50.6
G   72.7   17.3  111.0 -174.4    nan    nan    nan  100.5  3.750    nan    nan -124.5
T -122.9  171.0  108.1  177.8   67.4  -43.5  0.921  125.3  3.878    nan    nan   78.0
W  -95.5   20.5  110.2  179.5  -69.6    nan  0.983   91.7  3.771  5.281 -107.6 -100.2
D  -53.9  -33.9  117.1 -178.0  -68.6    nan  1.152  106.5  3.845  6.067  132.5  152.5
A  -68.8  -11.1  113.6 -178.1    nan    nan  1.076  106.4  3.803  5.451   74.7   88.2
Y -102.3    1.0  111.3 -179.3  -74.1    nan  1.121   78.0  3.808  5.444   49.4   73.9
K  -63.2  128.4  114.2  176.5  -52.5    nan  1.021   90.3  3.739  5.959  118.4  120.7
N   69.1   16.5  112.6  176.3  -63.2    nan  0.978  103.9  3.850  4.809   32.1   -0.7
L  -86.2    nan  107.7  178.0 -103.5    nan  1.054    nan  3.684  5.685   97.1  113.1
