Id   phi    psi    tau  omega    chi    chi2  solid    eta  CA-CA  CB-CB  BA^AB  NA^AC
M    nan  145.8  108.6    nan  172.7    nan  1.021    nan    nan    nan    nan    nan
N -151.4  174.0  106.6  178.8   57.1    nan  1.005  152.6  3.783  5.710  174.9  171.1
I  -50.1  -41.6  114.1 -177.6 -175.0   59.2  1.188  105.8  3.845  5.269  -61.1  -52.1
F  -65.2  -49.6  113.4 -178.9  -69.4    nan  1.091   89.8  3.814  5.517   68.8   82.9
E  -66.0  -33.8  109.7  178.4  -56.7    nan  1.025   99.6  3.713  5.247   62.5   71.9
M  -63.8  -50.3  110.8 -179.4 -172.1    nan  0.983   92.1  3.770  5.381   81.4   89.5
L  -68.9  -30.8  111.9 -178.0  -81.9    nan  1.098   97.5  3.772  5.043   46.9   71.2
R  -63.0  -32.9  109.6  178.9  164.8    nan  1.206  102.6  3.808  5.588   66.7   91.6
I  -76.7  -40.8  110.9  176.6  -79.8  159.9  1.054   87.0  3.784  5.579   67.0   74.7
D  -74.7  -30.8  115.8 -179.8  -78.8    nan  1.067   90.7  3.763  5.251   57.0   74.7
E -101.8  -22.4  115.4 -174.8  -59.5    nan  1.063   69.6  3.802  5.098   39.1   62.3
G   73.6 -175.1  110.5 -174.5    nan    nan    nan   75.4  3.819    nan    nan -127.1
L -135.8  124.5  107.8  176.8  155.1    nan  1.017  125.6  3.821    nan    nan -126.3
R -133.3  127.7  108.0 -179.9  -72.3    nan  1.091  126.7  3.808  5.825  167.8  169.6
L  -93.1    0.4  115.5 -176.1  -59.3    nan  1.163   87.1  3.688  5.786 -141.4 -143.2
K -126.6  144.8  108.0  176.9  156.1    nan  1.044  129.0  3.812  5.352   43.1   57.3
I  -46.9  137.5  110.8 -177.1  -65.5  172.2  1.063   70.8  3.871  5.715  -71.6  -82.2
Y -144.6  170.4  108.5  178.8   67.4    nan  1.081  146.5  3.803  5.729  171.0  170.9
K  -99.7  138.3  108.9  177.9  -71.1    nan  1.035  109.8  3.703  5.370 -107.2 -105.9
D  -79.9 -172.8  112.9  180.0   82.4    nan  1.193   77.2  3.720  5.663 -127.6 -123.4
T  -66.3  -19.5  113.4 -177.4   74.4  -43.7  1.099  104.9  3.784  5.233  -49.3  -50.7
E  -95.5   -5.2  110.6 -178.9  -66.7    nan  1.036   82.7  3.744  5.334   58.3   73.5
G   93.6   17.5  113.1 -178.8    nan    nan    nan   79.7  3.777    nan    nan  -96.4
Y  -99.2  144.7  113.6  179.9  -54.2    nan  1.080  111.0  3.825    nan    nan  105.0
Y  -58.6  118.8  110.2  176.2  -70.3    nan  1.076   90.4  3.714  5.274  -88.8 -102.6
T -135.5  164.0  107.9 -177.0  -57.9  177.2  0.946  138.1  3.821  5.851  178.3  158.8
I -150.6  161.4  106.9  175.0 -165.8   71.0  1.037  150.6  3.870  5.687 -177.9 -168.4
G   67.0 -131.8  115.3  175.0    nan    nan    nan   91.9  3.838    nan    nan   36.6
I -102.7   70.4  112.0 -179.7  -57.6 -174.5  1.105  105.7  3.788    nan    nan  -37.7
G   73.6   26.6  114.9  179.3    nan    nan    nan   94.1  3.736    nan    nan  -49.1
H  -85.9  103.3  110.9  179.3 -177.0    nan  1.045  109.2  3.792    nan    nan  124.3
L  -61.6  129.6  109.8  178.3  174.9    nan  1.034   85.7  3.820  6.019 -131.8 -143.7
L  -95.3  -46.0  112.0  179.6  -75.7    nan  1.031   70.6  3.745  5.834 -143.7 -145.0
T -166.1  151.5  112.2 -178.3  178.8   57.4  1.015  153.7  3.845  4.729  -38.6  -25.5
K  -91.0   -2.0  113.0  174.9  -56.9    nan  1.132   88.3  3.791  5.575 -128.1 -121.5
S  -73.3  147.8  109.9  178.9  133.4    nan  1.049   86.0  3.809  5.802   99.7  108.4
P  -74.2   -6.9  114.6 -178.0  -20.6    nan  1.019  102.9  3.805  5.426  -97.1 -106.5
S  -86.7  122.0  117.0 -176.9  177.4    nan  1.160  110.7  3.768  5.421   63.9   96.7
L  -66.5  -21.5  109.6  178.6  176.6    nan  1.123  105.0  3.688  5.759 -118.0 -133.5
N  -80.2  -38.8  111.6  179.1  -52.7    nan  1.132   84.5  3.715  5.563   63.2   85.2
A  -59.8  -39.0  107.1  177.0    nan    nan  1.070  103.3  3.745  5.510   73.7   85.3
A  -65.0  -42.5  110.1  177.9    nan    nan  1.015   95.8  3.832  5.527   71.2   80.4
K  -63.4  -38.6  112.0  178.7  -92.0    nan  1.140   98.1  3.731  5.259   60.4   80.9
S  -62.8  -44.5  114.3  179.0 -134.1    nan  1.052   94.0  3.798  5.401   75.4   85.7
E  -64.1  -41.2  109.0  178.7  -73.1    nan  0.978   97.8  3.804  5.267   67.2   78.1
L  -58.1  -46.4  112.6  179.1 -177.2    nan  1.092   97.3  3.756  5.283   69.3   86.9
D  -65.8  -37.6  112.4 -179.1  -66.0    nan  1.090   96.5  3.810  5.332   61.8   77.1
K  -64.2  -41.8  109.7  176.9  167.2    nan  1.002   97.1  3.726  5.256   72.9   82.6
A  -67.6  -40.3  114.2  178.8    nan    nan  1.143   92.6  3.814  5.281   51.0   77.9
I  -85.7  -28.5  115.0 -178.5  -56.3 -178.8  1.039   82.2  3.889  5.313   50.7   65.0
G   87.2   27.1  110.7  178.3    nan    nan    nan   83.3  3.735    nan    nan -126.2
R -162.7  169.7  109.0  177.2   81.8    nan  1.077  163.1  3.756    nan    nan   44.0
N  -81.4  105.3  107.2  178.9 -120.4    nan  1.022  104.0  3.763  5.255  -87.0  -90.7
T -101.6  -10.6  116.3 -172.9   66.0  -55.5  1.043   73.9  3.773  6.041 -170.6 -167.7
N   55.9   25.0  114.1 -176.2 -152.9    nan  1.196  111.4  3.753  5.497 -139.8 -135.5
G   84.6    9.4  116.1  177.1    nan    nan    nan   91.2  3.853    nan    nan  -82.3
V -135.4  137.7  113.2  179.4 -177.8  -55.7  0.987  135.5  3.754    nan    nan   59.2
I -128.8  168.9  109.1 -178.8   60.5  -60.2  0.997  131.6  3.843  5.773 -171.9 -172.9
T  -93.3  168.2  108.0  177.8   67.5  -51.4  0.930   96.8  3.756  5.332  -99.2 -102.2
K  -54.8  -44.6  112.5  176.9 -173.9    nan  1.043  101.0  3.800  5.107  -68.7  -67.6
D  -59.0  -44.0  111.9  179.1  -67.6    nan  1.048   98.5  3.825  5.380   70.0   83.6
E  -61.2  -40.4  109.4  178.9  -78.2    nan  1.003  100.2  3.815  5.252   70.8   81.0
A  -61.6  -46.0  111.5  177.8    nan    nan  1.047   95.6  3.751  5.227   66.6   83.2
E  -65.1  -34.2  113.2  179.7  -78.5    nan  1.126   98.5  3.771  5.211   54.5   77.3
K  -64.5  -47.0  111.3  178.6 -172.1    nan  1.105   93.1  3.674  5.396   70.9   87.8
L  -57.0  -44.7  109.8  177.3  -65.9    nan  1.062  100.8  3.802  5.508   72.6   81.1
F  -56.8  -48.6  112.0  179.7 -172.1    nan  1.064   97.3  3.778  5.273   74.1   85.2
N  -58.1  -42.7  111.7  178.7  -80.3    nan  1.038  100.1  3.826  5.365   67.9   80.4
Q  -63.9  -42.5  112.0  178.7  -67.8    nan  1.020   95.6  3.747  5.275   68.4   80.5
D  -66.9  -34.5  114.8 -178.0  -65.0    nan  1.144   96.0  3.798  5.245   57.4   81.4
V  -68.8  -46.9  108.0  179.3  169.5  -69.4  1.073   92.1  3.788  5.524   70.7   83.4
D  -53.1  -51.6  113.0  176.9 -159.8    nan  1.043   97.4  3.773  5.299   74.6   84.2
A  -59.2  -39.9  110.0  179.1    nan    nan  1.010  101.8  3.780  5.196   63.6   76.7
A  -60.6  -48.5  112.4  179.5    nan    nan  1.099   94.4  3.773  5.336   67.8   86.4
V  -58.5  -49.3  110.8  179.6  177.7  -62.3  1.066   96.3  3.751  5.267   67.2   80.7
R  -59.9  -38.2  111.7 -179.4  -74.9    nan  1.182  101.3  3.776  5.208   52.4   79.2
G  -61.2  -43.4  110.1  176.5    nan    nan    nan   98.2  3.785    nan    nan   84.7
I  -62.4  -47.2  109.0  177.6  -79.5  160.0  0.997   95.9  3.752    nan    nan   79.2
L  -64.5  -21.6  116.8 -176.5  -57.3    nan  1.213  104.5  3.754  5.195   50.4   80.8
R  -90.5  -13.1  113.0 -179.9  -75.4    nan  0.949   84.4  3.798  5.543   75.7   76.4
N  -88.1  118.5  114.3 -177.1 -169.5    nan  1.138  110.2  3.767  5.142   59.3   88.7
A  -58.6  -30.7  114.4 -177.6    nan    nan  1.171  105.6  3.798  5.891 -113.4 -123.9
K  -85.2  -28.1  112.4  179.0  -89.0    nan  1.036   84.0  3.755  5.444   61.4   72.6
L  -88.5  -42.4  115.7 -176.3  -59.7    nan  1.134   74.1  3.783  5.207   50.2   76.3
K  -46.6  -50.5  117.4 -177.2 -175.6    nan  1.161  100.3  3.744  5.345   84.5  101.9
P  -61.8  -40.2  111.2 -178.1   -8.8    nan  1.002   99.0  3.741  5.184   68.8   79.1
V  -65.9  -49.3  110.7  179.1 -171.0  -48.0  1.048   91.3  3.775  5.336   62.0   80.8
Y  -54.7  -41.6  112.8  178.4 -175.1    nan  1.036  102.9  3.760  5.157   71.0   82.2
D  -67.7  -31.3  109.8 -178.6  -82.3    nan  1.016   99.3  3.835  5.352   64.3   79.5
S  -74.5  -15.7  113.3 -178.5   76.8    nan  1.060   98.9  3.691  5.283   66.0   83.7
L  -86.5  160.2  116.5 -173.3  -57.9    nan  1.042   95.3  3.800  5.459   75.2   92.5
D  -79.4  172.4  110.0  173.7   57.4    nan  1.022   82.1  3.786  5.327  -98.3 -103.0
A  -59.9  -38.9  117.7 -177.4    nan    nan  1.353   97.9  3.815  5.314  -84.0  -62.0
V  -67.6  -53.1  110.6  177.9  178.9  -65.0  1.061   88.2  3.821  5.688   77.2   80.6
R  -56.2  -34.0  111.5  178.7  -65.8    nan  1.111  106.9  3.785  5.272   59.5   77.4
R  -62.2  -34.8  110.8  178.2  -70.4    nan  1.064  101.7  3.764  5.595   79.6   89.4
A  -65.4  -38.0  108.4  179.2    nan    nan  1.025   98.7  3.786  5.432   75.5   85.5
A  -62.9  -35.8  110.7  177.7    nan    nan  1.093  100.7  3.809  5.492   67.3   84.1
A  -67.3  -39.8  110.2 -179.4    nan    nan  1.050   95.3  3.780  5.484   72.8   84.4
I  -64.4  -39.4  109.2 -178.1  -67.6  170.5  1.075   98.4  3.784  5.346   67.7   84.0
N  -59.6  -49.1  110.6 -179.3 -167.2    nan  1.028   95.8  3.772  5.356   75.3   87.8
M  -57.6  -46.3  111.4  178.9  -76.1    nan  1.022   98.5  3.778  5.350   68.4   80.0
V  -65.6  -40.8  110.2 -177.9  173.7  -67.5  1.105   96.2  3.791  5.231   58.5   77.7
F  -58.9  -37.1  110.8 -179.6 -176.7    nan  0.985  103.2  3.797  5.470   83.0   87.4
Q  -80.2  -46.1  114.0 -178.3 -176.1    nan  1.098   80.2  3.813  5.219   49.5   72.1
M -115.5    0.9  118.9 -172.7   79.3    nan  1.274   65.0  3.719  4.616    1.7   37.9
G   82.4  155.1  110.1  178.2    nan    nan    nan   74.7  3.676    nan    nan -104.3
E  -67.6  -31.2  113.4 -176.3  124.9    nan  1.116   97.8  3.603    nan    nan  -93.2
T  -69.7  -50.8  107.9  178.0  -64.4  176.3  1.029   89.8  3.727  5.554   69.6   84.4
G  -44.3  -57.6  111.1  178.7    nan    nan    nan   99.8  3.749    nan    nan   89.7
V  -60.5  -45.3  114.8 -179.3 -173.4  -55.7  1.065   95.0  3.784    nan    nan   72.0
A  -48.6  -30.0  112.4 -179.5    nan    nan  1.217  115.4  3.740  5.148   67.0   94.3
G  -76.1   -6.4  116.0  176.9    nan    nan    nan  101.0  3.863    nan    nan   80.0
F  -88.6   44.4  110.1  178.6  -81.5    nan  0.948  104.9  3.834    nan    nan   90.0
T  -42.4  -56.1  115.0 -177.2  -55.1 -176.1  1.027  100.1  3.763  6.007  178.3 -175.8
N  -58.9  -44.0  115.5 -179.8  -52.9    nan  1.186   96.6  3.750  5.075   50.4   76.0
S  -64.3  -39.4  109.3  178.9  -51.4    nan  0.993   98.4  3.817  5.531   77.1   79.2
L  -57.0  -46.9  110.7 -179.7  -66.1    nan  1.124   98.9  3.812  5.343   71.5   89.9
R  -61.8  -41.3  109.5  179.2 -174.5    nan  0.999   99.2  3.788  5.355   71.1   77.7
M  -66.6  -38.7  112.0  179.4  -68.3    nan  1.139   95.4  3.740  5.301   55.1   79.4
L  -64.7  -42.7  110.0  178.5  -70.5    nan  1.042   96.0  3.731  5.466   74.9   82.8
Q  -59.7  -32.8  111.9 -178.2  171.6    nan  1.112  104.5  3.747  5.294   66.1   86.4
Q  -86.5   -1.0  111.3 -179.7  -62.2    nan  1.002   93.1  3.743  5.363   57.2   69.5
K   65.5   31.0  116.1 -179.3  -42.9    nan  1.228   98.6  3.808  5.557 -125.9 -120.8
R  -93.8   80.5  105.4  176.1  -73.9    nan  0.953  104.5  3.769  5.953  124.4  115.2
W  -59.8  -54.2  120.6 -173.7  -32.6    nan  1.377   86.5  3.785  6.184  177.8 -152.5
D  -60.3  -41.4  110.6  179.0  -77.1    nan  1.027   99.7  3.719  5.440   78.1   75.7
E  -62.2  -41.6  114.5  179.6  -59.1    nan  1.125   96.0  3.766  5.306   63.2   84.5
A  -64.5  -39.4  109.5 -178.8    nan    nan  1.007   98.1  3.719  5.333   72.6   82.8
A  -59.2  -43.0  110.5 -177.9    nan    nan  1.064   99.7  3.774  5.332   72.2   89.4
V  -65.3  -47.1  109.5  179.3  164.3  -74.8  1.079   93.6  3.753  5.291   61.5   78.2
N  -64.7  -37.3  111.5 -179.3 -173.9    nan  1.065   97.9  3.806  5.366   61.5   76.5
L  -62.4  -32.7  111.5 -177.8  -77.4    nan  1.064  102.4  3.772  5.492   75.2   89.5
A  -68.3  -21.2  114.0 -176.7    nan    nan  1.163  102.0  3.830  5.381   66.0   89.2
K  -84.8   68.6  110.4  178.5  -55.6    nan  0.983  110.9  3.813  5.628   72.5   79.9
S -154.9  155.0  110.7 -174.7   61.3    nan  0.996  152.2  3.675  5.300   93.2   95.0
R  -56.7  -42.7  109.1  175.4  165.7    nan  1.003  102.6  3.739  5.314  -77.4  -86.7
W  -47.7  -50.6  111.5  179.3  169.4    nan  0.996  102.6  3.855  5.367   86.0   94.8
Y  -67.0  -43.1  110.8  179.9 -176.8    nan  0.977   93.5  3.766  5.070   59.4   70.6
N  -66.2  -35.2  114.4 -179.1  -72.2    nan  1.160   96.4  3.743  5.116   54.0   80.3
Q  -79.2  -42.7  115.6  179.2  -58.0    nan  1.135   81.3  3.848  5.504   56.4   74.3
T -127.0   68.0  107.9  179.8   49.4  -72.3  1.013   90.1  3.774  4.884    5.6   19.8
P  -59.0  -44.3  118.1 -177.9   23.3    nan  1.074   94.9  3.744  6.042 -169.6 -168.1
N  -64.6  -42.9  112.9 -179.0  -66.0    nan  1.105   94.3  3.842  5.422   60.7   81.9
R  -68.1  -44.8  110.3  178.0  170.5    nan  1.012   92.1  3.754  5.320   67.1   75.7
A  -54.5  -46.8  110.6  178.1    nan    nan  1.037  100.8  3.806  5.329   73.4   86.0
K  -55.8  -39.7  111.7  179.7  -94.8    nan  1.012  103.7  3.815  5.346   76.0   84.4
R  -63.5  -48.6  113.1  179.8  -80.9    nan  1.116   91.8  3.783  5.239   65.8   84.5
V  -63.0  -44.4  112.2  179.0  173.5  -67.0  1.054   95.2  3.797  5.260   64.6   76.2
I  -63.1  -38.3  112.2  179.5  -69.6  168.5  1.112   98.5  3.807  5.298   61.4   80.0
T  -67.1  -35.2  109.8  179.2  -76.8  163.5  1.027   97.9  3.800  5.490   72.4   81.4
T  -63.7  -38.8  110.9  177.6  -58.6 -176.6  1.039   98.3  3.730  5.298   71.6   85.8
F  -72.4  -36.5  108.5 -179.0  -88.3    nan  1.020   93.6  3.792  5.374   60.1   76.9
R  -68.0  -43.8  113.9 -178.0 -157.8    nan  1.120   90.6  3.781  5.369   63.8   84.4
T -100.0  -28.0  115.8 -174.9   64.3  -57.3  1.048   69.2  3.791  5.062   36.6   52.1
G   78.3   15.2  112.9 -177.4    nan    nan    nan   95.5  3.671    nan    nan -131.6
T -125.1  173.3  109.6  177.8   67.8  -50.8  0.896  127.1  3.871    nan    nan   72.7
W  -98.3   23.2  110.2  179.6  -67.2    nan  0.950   90.1  3.757  5.256 -107.2 -100.4
D  -56.0  -32.6  117.8 -177.2  -62.6    nan  1.157  105.2  3.693  5.838  132.3  153.9
A  -69.9  -17.6  111.0 -176.6    nan    nan  1.019  103.0  3.810  5.478   78.9   88.6
Y -104.5    5.5  111.1 -176.2  -73.2    nan  1.054   77.6  3.695  5.156   45.5   68.1
K -108.0    nan  110.5  179.2  -67.9    nan  1.163    nan  3.722  5.462   55.9   83.8
