Id   phi    psi    tau  omega    chi    chi2  solid    eta  CA-CA  CB-CB  BA^AB  NA^AC
M    nan  152.0  108.2    nan  173.3    nan  1.031    nan    nan    nan    nan    nan
N -158.2  172.9  108.0  178.0   60.7    nan  1.021  159.3  3.796  5.684  175.5  169.7
I  -51.7  -39.8  113.2 -175.8 -174.4   62.8  1.143  106.2  3.789  5.211  -58.4  -54.6
F  -67.5  -44.1  112.5 -177.7  -72.1    nan  1.067   91.7  3.789  5.515   69.3   83.2
E  -68.9  -36.1  110.5  178.8  -60.1    nan  0.997   95.6  3.713  5.234   66.1   74.5
M  -63.4  -50.7  109.3 -178.4 -172.9    nan  0.952   93.2  3.746  5.210   77.7   88.2
L  -65.0  -34.5  114.7  179.4  -82.9    nan  1.115   97.7  3.770  5.135   46.3   73.2
R  -62.2  -35.7  108.9  179.9  164.1    nan  1.052  102.2  3.794  5.510   78.5   90.0
I  -70.3  -45.7  109.7  176.0  -79.3  157.5  1.047   90.5  3.766  5.411   65.3   77.5
D  -71.6  -28.0  115.9 -177.8  -80.6    nan  1.085   94.8  3.801  5.270   56.5   74.2
E -104.7  -21.9  115.2 -174.6  -57.4    nan  1.072   67.1  3.818  5.103   39.9   62.1
G   76.4 -172.2  109.7 -176.9    nan    nan    nan   79.1  3.809    nan    nan -126.0
L -142.1  121.6  108.2  177.0  163.0    nan  1.005  125.2  3.777    nan    nan -129.2
R -131.7  128.6  109.5  179.0  -55.9    nan  1.118  127.5  3.828  5.861  164.4  166.6
L  -93.0    2.3  117.0 -178.0  -55.1    nan  1.186   88.1  3.778  5.832 -141.8 -143.1
K -126.0  143.8  107.5  179.6 -178.8    nan  0.992  128.1  3.752  5.358   51.8   60.7
I  -48.7  133.5  110.5 -179.8  -67.7  171.3  1.054   74.7  3.829  5.648  -79.2  -87.0
Y -140.4  169.2  109.0  178.3   65.3    nan  1.072  142.8  3.823  5.768  170.8  170.5
K -100.1  135.8  109.3  176.2  -59.6    nan  1.036  110.7  3.817  5.552 -110.7 -108.1
D  -76.6 -170.8  112.1 -179.4   76.9    nan  1.126   73.3  3.738  5.597 -121.1 -122.6
T  -64.4  -19.5  112.8 -177.6   66.4  -52.1  1.140  106.9  3.797  5.196  -52.9  -46.8
E  -96.6    0.3  112.8  179.0  -56.8    nan  1.097   83.6  3.791  5.455   53.8   71.6
G   84.5   19.7  112.5 -179.1    nan    nan    nan   87.8  3.793    nan    nan -100.0
Y -102.8  142.8  110.4 -179.2  -64.7    nan  0.940  112.5  3.851    nan    nan  103.1
Y  -63.0  125.8  111.7 -179.5  -68.3    nan  1.035   90.1  3.769  5.380  -98.3 -103.4
T -138.1  168.4  108.1 -176.6  -56.3  180.0  0.936  140.4  3.733  5.685 -179.6  161.9
I -155.0  163.4  107.1  174.9 -167.0   68.8  1.022  154.7  3.772  5.574 -177.7 -166.9
G   70.6 -132.0  115.7  174.8    nan    nan    nan   94.7  3.764    nan    nan   41.9
I -102.9   72.4  110.2  177.5  -55.0 -175.3  1.116  104.6  3.758    nan    nan  -39.6
G   66.0   30.5  114.5  178.5    nan    nan    nan   99.1  3.749    nan    nan  -53.8
H  -86.9  107.0  111.3  178.7  179.5    nan  1.001  109.4  3.792    nan    nan  126.7
L  -64.9  128.9  112.7 -179.7  173.4    nan  1.024   90.3  3.828  6.006 -132.9 -141.3
L  -94.1  -46.1  111.0 -179.0  -66.3    nan  1.035   72.2  3.715  5.829 -145.2 -144.5
T -164.6  150.5  112.7 -177.5 -175.1   64.0  1.062  152.8  3.731  4.606  -38.0  -23.3
K  -89.4   -8.2  110.6  175.6  -72.8    nan  1.102   87.7  3.749  5.565 -121.6 -121.8
S  -65.2  144.4  109.8  178.1  156.7    nan  1.108   80.7  3.729  5.696   96.3  109.5
P  -76.3   -6.1  113.9 -178.8   -0.1    nan  1.034  101.2  3.717  5.412  -98.5 -114.6
S  -92.3  129.5  114.2 -178.6  167.8    nan  1.079  110.0  3.829  5.557   66.5   90.1
L  -68.2  -29.9  111.8  178.3  177.9    nan  1.108   98.6  3.779  5.709 -116.1 -125.5
N  -69.4  -42.5  110.5  179.9  -60.9    nan  1.041   92.2  3.760  5.513   74.2   87.3
A  -60.4  -37.4  108.4  176.9    nan    nan  1.037  103.1  3.702  5.238   68.7   81.2
A  -68.4  -40.8  110.9  179.6    nan    nan  1.041   93.6  3.789  5.343   65.2   80.5
K  -69.7  -29.7  112.0  179.2  -77.7    nan  1.035   97.3  3.771  5.301   63.6   77.0
S  -68.6  -45.9  111.1  177.1 -110.3    nan  0.999   90.8  3.794  5.426   77.9   86.2
E  -63.2  -40.4  106.6  179.7  -79.7    nan  0.944  100.2  3.787  5.192   71.3   77.2
L  -60.2  -47.9  114.1  177.9 -179.5    nan  1.081   94.0  3.762  5.300   67.9   85.1
D  -61.6  -37.9  113.1 -177.4  -71.9    nan  1.069   99.4  3.798  5.211   64.8   81.7
K  -65.9  -38.5  110.6  177.5  170.0    nan  1.003   96.9  3.756  5.223   66.5   81.4
A  -74.2  -32.1  112.5  179.4    nan    nan  1.076   92.0  3.830  5.333   51.1   75.1
I  -91.6  -27.2  111.2 -177.8  -62.7  174.6  1.022   79.0  3.807  5.244   49.3   66.4
G   83.1   32.1  112.9 -179.1    nan    nan    nan   84.1  3.751    nan    nan -128.1
R -167.3  169.2  108.3  177.4   77.7    nan  1.053  166.2  3.854    nan    nan   42.6
N  -81.4  102.6  106.4  178.0 -126.5    nan  0.959  103.9  3.688  5.079  -83.1  -92.3
T  -89.4  -35.8  115.5 -173.8   64.8  -56.6  1.070   75.9  3.775  6.058 -165.3 -161.4
N   73.1   27.2  109.6 -178.2 -167.7    nan  1.074   96.4  3.715  5.277 -145.3 -142.2
G   80.2    9.9  116.1  177.2    nan    nan    nan   95.4  3.839    nan    nan  -82.8
V -131.2  140.9  110.6  179.1 -173.8  -54.6  0.943  132.7  3.785    nan    nan   63.0
I -133.5  168.5  108.4 -178.6   59.6  -66.8  1.013  136.0  3.807  5.758 -176.9 -173.2
T  -95.3  173.4  108.7  180.0   69.4  -51.2  0.930   97.4  3.717  5.303  -99.8 -102.6
K  -59.8  -42.4  113.3  178.6 -174.4    nan  1.050   98.1  3.831  5.144  -69.4  -64.4
D  -61.4  -43.3  111.3  177.1  -65.1    nan  1.033   97.4  3.748  5.300   69.7   81.9
E  -65.3  -37.3  109.7 -179.3  -70.9    nan  0.981   98.5  3.832  5.279   69.3   79.5
A  -60.6  -45.7  111.2  176.9    nan    nan  1.000   96.8  3.762  5.335   73.5   86.5
E  -68.8  -25.1  110.5 -175.7  -84.7    nan  1.077  100.9  3.786  5.072   54.0   77.0
K  -72.7  -42.7  111.8  178.3 -174.9    nan  1.081   88.7  3.701  5.496   69.0   88.0
L  -61.0  -41.5  110.3  175.7  -66.7    nan  1.019   99.3  3.821  5.476   74.1   80.1
F  -61.1  -48.1  110.1 -178.4 -175.8    nan  1.023   95.7  3.759  5.169   72.4   85.4
N  -56.5  -45.8  109.4  177.9  -78.5    nan  1.025  100.8  3.812  5.383   67.8   80.6
Q  -63.0  -41.4  112.3  179.7  -63.2    nan  1.078   96.7  3.720  5.289   64.3   79.1
D  -68.5  -35.2  113.4 -177.7  -70.6    nan  1.069   94.9  3.756  5.280   66.3   80.9
V  -66.0  -48.7  109.2  179.7  172.9  -67.5  1.091   92.4  3.818  5.451   67.3   85.6
D  -54.8  -46.2  110.8  178.0 -170.1    nan  1.043  100.9  3.739  5.264   69.7   81.7
A  -64.8  -34.8  113.3 -179.2    nan    nan  1.077   98.3  3.799  5.371   58.8   78.3
A  -64.2  -49.1  111.3 -178.8    nan    nan  1.084   92.2  3.785  5.456   73.5   89.4
V  -57.5  -53.3  108.9  179.7  172.7  -71.0  0.992   95.8  3.714  5.238   74.0   80.4
R  -57.6  -35.5  111.2 -177.2  -91.0    nan  1.185  105.0  3.779  5.137   51.7   78.8
G  -66.1  -39.1  113.0  178.6    nan    nan    nan   95.2  3.785    nan    nan   84.9
I  -63.0  -45.1  109.0  177.0  -79.3  158.9  0.962   96.6  3.777    nan    nan   82.5
L  -68.1  -18.2  114.0 -177.2  -58.6    nan  1.116  103.7  3.843  5.168   52.9   77.2
R  -94.8  -13.3  111.5  179.6  -74.6    nan  1.005   80.5  3.770  5.459   62.5   74.0
N  -90.5  124.1  111.2 -179.0 -169.4    nan  1.095  107.7  3.764  5.308   60.3   84.1
A  -67.2  -27.3  113.2 -177.9    nan    nan  1.100  100.2  3.774  5.834 -113.9 -125.7
K  -77.9  -39.3  110.9  178.6  -98.1    nan  0.982   86.7  3.762  5.448   73.7   81.3
L  -82.9  -46.3  116.4 -173.7  -56.8    nan  1.098   76.5  3.744  4.926   47.7   72.4
K  -47.2  -47.1  117.4 -174.4 -175.8    nan  1.130  102.4  3.730  5.216   80.8  100.6
P  -65.0  -32.0  111.4 -177.2   -1.3    nan  1.018  100.5  3.730  5.249   65.6   80.1
V  -69.3  -49.2  110.1  179.1 -174.3  -49.4  1.065   89.3  3.756  5.452   65.7   85.2
Y  -58.1  -42.8  110.2 -179.2 -175.8    nan  0.957  100.8  3.715  5.121   73.7   80.4
D  -62.3  -27.2  111.1 -179.0  -84.7    nan  1.034  105.5  3.816  5.290   63.0   82.9
S  -77.9  -18.7  116.3 -178.4   77.9    nan  1.121   93.5  3.754  5.312   61.6   85.0
L  -82.5  154.8  115.8 -175.6  -60.7    nan  1.034   93.7  3.782  5.447   76.8   90.8
D  -75.9  170.0  109.8  171.1   58.5    nan  1.008   79.4  3.761  5.372 -101.5 -107.7
A  -56.3  -41.8  115.8 -176.7    nan    nan  1.193   99.9  3.851  5.314  -71.7  -61.9
V  -66.0  -46.6  110.2 -179.1  179.4  -63.5  1.066   92.9  3.840  5.509   68.2   81.4
R  -66.4  -32.9  111.9 -179.4  -56.5    nan  1.193   98.6  3.751  5.297   48.4   75.7
R  -58.9  -37.3  109.7  177.2  -81.5    nan  0.983  103.6  3.764  5.669   92.6   92.5
A  -61.4  -40.6  111.2  179.2    nan    nan  1.077   99.0  3.804  5.315   67.9   87.5
A  -62.2  -38.5  109.3  177.4    nan    nan  0.998  100.5  3.846  5.484   73.1   81.9
A  -65.3  -39.6  111.1  179.2    nan    nan  1.027   96.5  3.812  5.352   68.6   82.4
I  -67.5  -42.2  109.9  179.0  -62.6  171.1  1.080   94.2  3.800  5.344   60.9   79.4
N  -53.1  -47.3  112.1  177.5 -163.7    nan  1.015  100.7  3.792  5.434   80.9   89.4
M  -64.1  -41.4  112.9 -179.0  -72.4    nan  1.076   95.5  3.782  5.233   58.1   78.2
V  -68.3  -38.3  109.5  179.6  166.0  -77.9  1.032   95.6  3.788  5.357   65.4   77.8
F  -61.1  -37.8  109.4 -179.3 -179.2    nan  0.997  101.8  3.806  5.398   76.5   87.4
Q  -76.8  -47.4  114.8 -178.3 -174.4    nan  1.098   81.6  3.751  5.174   50.7   74.9
M -115.3    0.2  116.6 -172.5   73.7    nan  1.178   64.8  3.774  4.738    5.0   35.6
G   78.7  155.2  111.3  179.0    nan    nan    nan   70.9  3.708    nan    nan -107.9
E  -62.0  -25.8  113.3 -175.1  113.2    nan  1.221  105.7  3.710    nan    nan  -86.8
T  -74.5  -52.7  109.0  178.5   33.6  -86.4  0.948   85.0  3.648  5.476   79.6   84.6
G  -50.7  -45.3  110.7 -179.9    nan    nan    nan  104.5  3.714    nan    nan   83.6
V  -72.1  -36.8  114.3 -176.7  172.7  -68.4  1.077   90.6  3.787    nan    nan   74.1
A  -53.8  -17.3  111.7 -180.0    nan    nan  1.134  118.4  3.745  5.354   74.9   96.4
G  -85.9    2.2  116.1  177.6    nan    nan    nan   95.0  3.905    nan    nan   82.2
F -101.0   38.4  108.7  177.6  -76.5    nan  1.026   92.6  3.814    nan    nan   84.1
T  -46.0  -49.2  114.8 -177.7  -86.6  155.7  1.046  103.1  3.825  6.144  169.0  175.3
N  -64.5  -40.2  114.5  178.5  -53.0    nan  1.203   95.0  3.806  5.253   47.2   75.3
S  -66.5  -40.0  111.0  178.8  -61.6    nan  0.986   95.4  3.801  5.570   78.8   80.5
L  -58.3  -46.0  109.5 -178.6  -63.4    nan  1.069   99.2  3.800  5.300   72.6   89.2
R  -61.6  -40.2  112.0 -179.8  173.3    nan  1.054   98.7  3.734  5.189   65.7   80.0
M  -65.2  -40.2  110.9  177.9  -81.3    nan  1.059   96.3  3.788  5.417   63.2   80.5
L  -65.7  -40.2  110.2  180.0  -74.0    nan  1.008   96.4  3.756  5.313   70.9   81.3
Q  -60.8  -38.0  109.9 -179.3  177.2    nan  1.085  101.6  3.744  5.237   65.4   86.2
Q  -82.5   -0.9  113.8  179.4  -72.3    nan  0.986   97.2  3.748  5.275   55.9   68.2
K   65.7   30.0  116.0 -179.6  -46.3    nan  1.261   99.0  3.822  5.598 -131.5 -120.6
R  -93.8   77.4  106.4  176.3  -69.1    nan  0.936  105.1  3.793  5.984  126.1  115.0
W  -55.5  -50.6  119.9 -171.8  -36.9    nan  1.318   92.4  3.821  6.238 -179.5 -150.3
D  -65.9  -36.9  111.8 -177.6  -73.2    nan  1.071   97.0  3.759  5.369   68.5   76.6
E  -68.3  -39.8  113.6  179.2  -52.6    nan  1.074   92.6  3.732  5.386   64.4   82.7
A  -62.3  -37.8  110.1  178.5    nan    nan  0.997  100.4  3.750  5.338   75.0   84.4
A  -63.0  -43.2  108.9 -177.0    nan    nan  1.038   97.7  3.793  5.287   70.5   87.7
V  -65.1  -47.2  110.8  177.7  166.6  -78.1  1.035   92.9  3.686  5.204   62.5   77.1
N  -62.4  -41.2  111.7 -179.9 -170.4    nan  1.052   97.6  3.799  5.297   61.5   78.5
L  -57.0  -33.1  113.0 -177.8  -74.9    nan  1.056  106.1  3.828  5.505   77.1   91.2
A  -72.6  -19.0  113.7 -176.1    nan    nan  1.106   99.1  3.810  5.233   63.9   85.1
K  -87.1   69.5  107.4  178.7  -61.3    nan  1.006  107.3  3.788  5.588   64.9   79.2
S -155.3  156.8  109.9 -174.7   57.3    nan  0.978  153.0  3.784  5.524   98.0   96.7
R  -58.3  -42.3  110.0  176.5  169.9    nan  0.985  101.1  3.751  5.246  -75.9  -84.9
W  -46.6  -50.5  111.0  178.6  168.4    nan  0.978  103.7  3.837  5.290   87.8   95.8
Y  -67.4  -41.3  112.0 -178.1  175.9    nan  0.981   93.5  3.749  4.959   57.2   72.3
N  -70.3  -29.1  113.1 -178.9  -73.6    nan  1.090   96.6  3.789  5.159   53.2   78.0
Q  -84.8  -41.8  113.4  179.6  -65.3    nan  1.058   78.7  3.788  5.374   56.7   74.7
T -128.1   70.4  108.2  179.8   53.6  -64.1  1.043   91.4  3.793  4.922   -2.7   19.4
P  -56.2  -47.5  116.6 -177.5   13.3    nan  1.051   95.8  3.732  6.007 -160.1 -164.4
N  -67.0  -42.1  112.5 -176.2  -68.5    nan  1.073   93.1  3.852  5.318   55.9   78.6
R  -66.8  -48.0  109.8  177.0 -168.8    nan  0.976   91.9  3.747  5.338   70.1   76.6
A  -54.6  -42.9  111.5  180.0    nan    nan  1.119  102.8  3.809  5.220   63.8   84.7
K  -55.8  -44.2  110.2  178.5  -80.1    nan  1.086  101.8  3.844  5.621   76.3   86.8
R  -66.6  -40.9  111.3 -179.2  -67.6    nan  1.021   94.6  3.761  5.358   72.4   77.9
V  -68.6  -43.0  109.2 -176.6  173.9  -66.7  1.043   93.3  3.804  5.247   64.1   80.8
I  -58.5  -41.9  111.0  179.0  -66.8  172.9  1.125  100.6  3.808  5.415   65.0   84.2
T  -65.0  -34.0  110.4 -179.9  -69.0  170.9  1.000  100.0  3.802  5.450   74.6   80.7
T  -65.0  -43.2  109.0 -180.0  -57.3 -178.5  1.039   96.1  3.756  5.271   69.1   86.9
F  -72.5  -33.1  110.0 -178.8  -85.1    nan  0.960   94.2  3.790  5.410   61.8   73.2
R  -63.1  -47.8  113.8  179.2 -147.9    nan  1.122   92.1  3.774  5.383   69.9   90.4
T  -96.0  -27.5  117.1 -175.0   62.7  -60.8  1.076   72.4  3.763  4.925   36.2   52.6
G   75.4   20.1  110.0 -173.9    nan    nan    nan   97.0  3.725    nan    nan -129.6
T -130.0  171.8  109.7  179.2   69.5  -54.5  0.958  132.2  3.875    nan    nan   74.6
W  -94.8   16.7  110.9  177.8  -63.5    nan  0.994   91.3  3.816  5.334 -104.0  -99.7
D  -50.7  -38.5  116.5 -176.8  -57.7    nan  1.165  106.3  3.785  5.942  133.3  152.8
A  -64.8  -21.6  110.6 -178.1    nan    nan  1.021  106.2  3.839  5.516   77.6   86.5
Y  -97.2    3.7  112.8 -177.5  -70.0    nan  1.168   84.2  3.778  5.229   40.6   71.4
K -110.2    nan  112.3  178.9  -48.5    nan  1.170    nan  3.803  5.614   56.6   80.1
