Id   phi    psi    tau  omega    chi    chi2  solid    eta  CA-CA  CB-CB  BA^AB  NA^AC
M    nan  157.8  106.1    nan  164.0    nan  0.970    nan    nan    nan    nan    nan
N -155.8  175.8  106.6  179.0   57.6    nan  1.037  156.6  3.812  5.702  177.3 -179.7
I  -54.0  -41.3  112.1 -178.8 -173.5   59.4  1.148  103.9  3.855  5.278  -58.4  -54.9
F  -66.6  -43.9  112.3 -178.1  -66.0    nan  1.108   92.6  3.814  5.550   65.7   82.2
E  -69.7  -36.4  110.3 -178.8  -68.2    nan  0.971   94.9  3.729  5.261   68.5   75.7
M  -61.6  -55.1  111.4  178.6 -173.1    nan  0.985   90.5  3.777  5.260   75.2   87.6
L  -64.0  -31.3  112.4  178.8  -85.6    nan  1.028  101.3  3.789  5.077   52.7   69.2
R  -63.8  -36.1  109.4  180.0  163.1    nan  1.065  100.5  3.816  5.494   74.5   91.5
I  -71.3  -43.3  109.7  178.1  -77.8  158.1  1.016   90.8  3.779  5.405   67.0   77.9
D  -67.8  -36.1  116.7 -179.1  -78.4    nan  1.135   93.5  3.804  5.234   56.2   78.9
E  -98.3  -25.8  116.2 -173.6  -62.6    nan  1.071   71.4  3.824  5.147   42.5   61.5
G   78.2 -173.2  110.6 -177.1    nan    nan    nan   80.6  3.793    nan    nan -127.9
L -139.4  119.8  107.9  177.1  160.2    nan  0.967  123.4  3.776    nan    nan -126.9
R -128.1  130.5  111.1  177.4  -56.7    nan  1.118  128.0  3.845  5.842  161.6  169.1
L  -96.7    5.2  114.6 -176.6  -54.5    nan  1.116   85.5  3.790  5.828 -140.0 -144.8
K -127.8  143.0  107.7  178.0  174.4    nan  1.030  129.4  3.733  5.362   46.4   60.6
I  -47.3  132.8  110.9  179.3  -63.4  173.7  1.066   74.4  3.817  5.560  -75.1  -87.7
Y -142.5  172.3  109.1  177.4   65.7    nan  1.059  144.3  3.810  5.754  170.2  166.5
K -100.5  133.9  110.5  176.2  -65.1    nan  1.051  112.0  3.805  5.418 -109.0 -105.4
D  -77.1 -171.3  110.4 -179.1   72.9    nan  1.141   74.2  3.789  5.763 -124.7 -126.0
T  -63.5  -22.7  113.3 -177.5   62.3  -54.2  1.124  106.0  3.819  5.197  -49.2  -46.6
E  -93.7   -3.2  112.4 -179.4  -61.8    nan  1.112   85.1  3.827  5.448   52.2   72.1
G   89.6   16.3  113.5  179.8    nan    nan    nan   84.0  3.817    nan    nan  -99.7
Y  -99.6  140.6  112.3 -178.1  -60.8    nan  1.013  111.5  3.853    nan    nan  103.5
Y  -60.6  124.6  111.4  180.0  -70.9    nan  1.091   89.0  3.767  5.465  -98.1 -105.3
T -140.1  169.0  107.7 -176.2  -57.1  179.4  0.941  142.2  3.751  5.735 -179.3  160.0
I -156.5  165.2  108.8  175.8 -163.1   71.8  1.046  156.8  3.808  5.597 -177.6 -168.1
G   64.9 -128.1  114.0  177.4    nan    nan    nan   91.6  3.819    nan    nan   40.7
I  -99.8   69.0  112.2  177.6  -49.9 -169.7  1.158  106.6  3.799    nan    nan  -32.3
G   72.8   20.7  114.5  179.0    nan    nan    nan   97.9  3.770    nan    nan  -51.4
H  -81.4  105.6  112.0  179.2 -178.7    nan  1.038  108.5  3.799    nan    nan  123.7
L  -69.2  126.3  111.0 -178.1  171.4    nan  0.968   93.4  3.788  5.952 -131.8 -145.7
L  -89.1  -43.6  114.3 -179.7  -65.0    nan  1.064   74.2  3.741  5.821 -146.4 -141.9
T -168.9  154.6  110.8 -177.8 -179.6   61.5  1.048  156.3  3.790  4.685  -38.7  -25.6
K  -92.4   -9.6  111.6  177.2  -62.4    nan  1.094   84.1  3.745  5.470 -119.6 -119.0
S  -67.0  143.0  111.8  177.9  148.8    nan  1.124   83.9  3.730  5.647   88.9  107.2
P  -71.9   -3.8  114.5 -177.2    3.3    nan  1.030  106.5  3.766  5.438  -94.0 -111.6
S  -92.1  120.8  116.9 -176.9  176.3    nan  1.071  114.0  3.781  5.446   69.0   93.6
L  -64.5  -28.0  112.2  177.9 -177.4    nan  1.135  102.7  3.816  5.878 -124.2 -132.2
N  -71.3  -46.2  110.0 -179.4  -65.2    nan  1.058   89.4  3.750  5.565   75.1   88.1
A  -57.8  -37.2  109.3  178.0    nan    nan  1.020  104.8  3.689  5.159   70.2   81.1
A  -69.5  -41.3  111.2  178.9    nan    nan  1.078   92.3  3.831  5.424   59.4   79.6
K  -67.4  -30.2  112.3  178.7  -77.8    nan  1.046   99.0  3.786  5.460   69.3   78.8
S  -70.0  -38.9  110.2  177.9  -61.8    nan  1.045   93.6  3.803  5.473   76.3   85.1
E  -66.4  -40.6  106.4 -179.7  -80.7    nan  0.974   97.8  3.781  5.337   75.1   80.8
L  -59.0  -47.0  113.3  178.0  179.2    nan  1.086   95.9  3.765  5.340   68.6   85.6
D  -64.5  -37.3  112.3 -177.4  -70.2    nan  1.058   97.7  3.829  5.285   64.4   79.2
K  -63.4  -45.2  109.9  177.5  175.8    nan  1.015   95.7  3.760  5.277   71.0   84.0
A  -65.6  -39.2  116.0  178.1    nan    nan  1.114   93.9  3.869  5.287   53.6   76.2
I  -86.5  -33.2  111.6 -176.2  -64.7  174.3  1.011   81.3  3.876  5.221   50.9   66.3
G   89.4   30.5  111.8  179.1    nan    nan    nan   79.7  3.713    nan    nan -127.9
R -162.8  167.2  109.5  178.1   81.4    nan  1.090  162.4  3.797    nan    nan   47.2
N  -78.6   98.5  103.9  179.5 -131.9    nan  0.943  101.7  3.727  5.151  -79.4  -91.8
T  -89.0  -25.0  116.7 -174.4   67.9  -51.3  1.067   80.0  3.752  6.081 -171.7 -162.3
N   69.3   28.6  112.7 -176.8 -151.9    nan  1.155   97.9  3.771  5.406 -139.6 -136.1
G   78.5    5.9  116.2  178.6    nan    nan    nan   98.8  3.850    nan    nan  -83.1
V -131.6  140.5  112.9  179.9 -175.2  -53.3  0.960  134.2  3.837    nan    nan   59.9
I -130.7  169.4  110.4 -179.7   61.1  -64.6  1.047  133.6  3.840  5.706 -176.7 -171.8
T  -94.5  173.7  106.8  178.7   63.2  -54.4  0.937   96.3  3.716  5.315  -99.2 -101.9
K  -61.9  -39.4  112.7  177.8 -179.6    nan  1.044   98.5  3.783  5.071  -71.0  -66.9
D  -62.6  -43.3  111.4  177.3  -70.7    nan  1.030   96.5  3.825  5.456   71.7   83.4
E  -66.4  -34.6  109.7  178.6  -70.6    nan  0.975   98.9  3.800  5.174   69.7   76.6
A  -66.2  -45.8  110.6  176.8    nan    nan  1.015   92.9  3.824  5.391   68.6   83.4
E  -65.8  -28.9  111.1 -178.8  -85.8    nan  1.082  101.6  3.788  5.147   57.2   77.3
K  -69.0  -46.5  111.5  178.8  177.7    nan  1.093   89.9  3.731  5.477   68.7   88.2
L  -59.4  -38.8  109.2  176.7  -72.0    nan  1.012  102.6  3.842  5.454   72.4   78.4
F  -64.0  -47.8  112.3 -179.8 -175.1    nan  1.075   92.4  3.779  5.221   67.5   84.6
N  -55.0  -43.6  111.2  176.4  -72.5    nan  1.025  102.2  3.837  5.472   71.4   81.9
Q  -65.0  -41.4  113.0  179.6  -69.3    nan  1.047   94.8  3.725  5.232   66.3   79.6
D  -69.3  -35.8  113.2 -178.3  -71.9    nan  1.067   94.1  3.767  5.218   63.5   79.5
V  -66.9  -50.5  109.3  179.2  169.8  -67.6  1.098   90.9  3.792  5.444   65.4   83.8
D  -54.4  -47.1  110.5  176.7 -175.1    nan  1.016  100.9  3.796  5.298   71.1   79.4
A  -61.4  -36.7  112.8  178.8    nan    nan  1.051  100.4  3.805  5.364   62.3   78.7
A  -64.1  -47.2  111.7 -178.2    nan    nan  1.072   93.0  3.815  5.389   72.1   88.2
V  -60.7  -50.7  107.7  179.4  174.1  -64.2  0.998   96.0  3.738  5.222   68.1   78.5
R  -58.9  -34.9  112.9 -178.7  -86.7    nan  1.206  103.4  3.716  5.147   49.0   79.2
G  -69.5  -38.2  112.5  178.3    nan    nan    nan   93.1  3.782    nan    nan   82.6
I  -61.2  -45.7  108.3  178.6  -80.3  157.0  0.955   98.0  3.762    nan    nan   86.1
L  -64.1  -22.0  115.4 -178.5  -59.9    nan  1.174  105.1  3.812  5.208   51.8   79.7
R  -93.6  -10.3  110.0  179.2  -85.4    nan  0.953   82.9  3.797  5.475   67.5   71.3
N  -90.0  118.3  111.8 -178.5 -169.9    nan  1.152  109.0  3.750  5.275   56.2   88.1
A  -61.2  -27.7  115.6 -179.7    nan    nan  1.068  104.5  3.762  5.768 -107.0 -127.2
K  -83.5  -34.3  111.4  177.6  -99.1    nan  0.969   83.7  3.844  5.449   65.7   74.9
L  -86.5  -43.4  115.2 -176.7  -59.9    nan  1.079   75.7  3.734  4.946   48.7   71.4
K  -47.9  -48.6  117.8 -175.6 -174.5    nan  1.135  100.6  3.719  5.244   81.5  101.3
P  -64.1  -31.9  111.9 -178.1   -1.0    nan  1.027  101.1  3.767  5.229   65.1   79.0
V  -70.6  -48.7  110.3  178.9 -175.0  -50.9  1.093   88.5  3.771  5.446   61.6   83.9
Y  -56.5  -42.9  110.0 -179.1 -177.3    nan  0.993  102.2  3.695  5.139   73.2   82.4
D  -64.5  -26.7  113.0 -179.3  -78.2    nan  1.068  103.1  3.799  5.358   60.4   81.2
S  -78.2  -17.6  114.5 -178.7   71.1    nan  1.103   94.1  3.767  5.346   65.5   84.7
L  -83.0  158.4  116.5 -176.4  -59.4    nan  1.049   92.9  3.755  5.440   75.0   91.1
D  -80.7  169.0  108.6  172.8   56.8    nan  0.974   84.3  3.804  5.358 -100.4 -107.5
A  -52.6  -46.3  117.8 -177.2    nan    nan  1.259   98.8  3.855  5.364  -75.1  -59.3
V  -60.5  -51.3  110.5  178.2 -175.1  -59.5  1.042   94.0  3.864  5.564   75.0   80.8
R  -62.8  -34.3  113.3  180.0  -60.6    nan  1.158  100.4  3.763  5.204   51.4   74.7
R  -58.7  -36.1  109.0  176.2  -76.8    nan  1.013  104.8  3.813  5.670   87.5   90.5
A  -62.2  -42.6  111.0  178.1    nan    nan  1.085   97.4  3.773  5.384   71.0   86.8
A  -61.7  -37.4  111.3  177.3    nan    nan  1.005  100.5  3.827  5.427   74.1   80.9
A  -64.8  -41.9  109.9  179.4    nan    nan  1.051   96.4  3.832  5.383   68.7   84.2
I  -66.0  -40.8  110.0  179.9  -62.3  172.4  1.065   95.9  3.850  5.371   63.4   78.8
N  -58.0  -44.1  110.3  179.3 -168.8    nan  1.009  100.1  3.830  5.463   76.2   87.1
M  -63.2  -43.6  111.3  179.2  -74.5    nan  1.049   96.0  3.809  5.362   64.1   79.8
V  -64.0  -42.2  110.4 -179.9  168.1  -77.8  1.069   96.6  3.843  5.361   65.4   80.0
F  -58.2  -41.5  110.3 -179.7 -171.8    nan  0.994  101.5  3.760  5.345   77.3   86.6
Q  -74.2  -47.7  115.8 -178.2 -179.4    nan  1.080   82.8  3.730  5.113   51.8   74.8
M -115.0   -0.7  117.3 -171.5   79.2    nan  1.184   64.7  3.773  4.603    4.7   36.5
G   78.8  157.2  111.1 -179.4    nan    nan    nan   71.6  3.740    nan    nan -107.2
E  -60.9  -28.2  112.3 -177.1  132.5    nan  1.117  105.8  3.738    nan    nan  -85.6
T  -74.2  -51.9  111.9  178.9   11.7 -107.1  1.070   83.5  3.718  5.425   63.0   83.5
G  -51.6  -47.3  108.1  178.5    nan    nan    nan  104.0  3.713    nan    nan   82.5
V  -67.7  -41.8  115.0 -177.4  178.8  -60.2  1.153   91.2  3.797    nan    nan   75.3
A  -51.4  -22.1  112.5  179.4    nan    nan  1.099  117.7  3.770  5.371   80.1   93.9
G  -80.4   -1.0  116.2  177.7    nan    nan    nan   99.1  3.884    nan    nan   83.2
F -100.4   38.3  109.5  178.0  -79.5    nan  1.004   93.6  3.840    nan    nan   82.1
T  -44.4  -48.7  116.5 -178.4  -73.1  168.6  1.013  103.7  3.807  6.072  172.2  176.4
N  -65.5  -42.0  112.4  179.5  -60.3    nan  1.133   94.3  3.775  5.136   51.4   75.5
S  -64.6  -40.0  111.6  179.9  -56.5    nan  1.029   96.6  3.793  5.433   74.2   81.5
L  -62.1  -42.9  109.7 -177.5  -63.5    nan  1.018   98.0  3.819  5.342   73.8   86.6
R  -63.2  -39.4  109.5  179.6  179.9    nan  0.998   99.1  3.705  5.138   68.0   80.5
M  -67.0  -38.1  112.6  177.8  -70.9    nan  1.087   95.1  3.817  5.442   58.9   79.7
L  -65.7  -42.7  110.2  179.4  -69.8    nan  1.036   95.1  3.760  5.342   72.3   83.1
Q  -60.5  -34.8  109.6  179.4  177.2    nan  1.062  103.8  3.757  5.321   66.0   83.0
Q  -80.8   -4.7  113.3  178.3  -69.6    nan  1.034   97.4  3.802  5.393   55.8   71.5
K   65.9   29.5  114.0 -179.7  -48.3    nan  1.194   99.9  3.886  5.653 -130.3 -123.2
R  -92.0   74.5  103.1  178.4  -72.6    nan  0.930  102.1  3.821  6.051  122.7  117.1
W  -54.5  -46.6  118.6 -173.3  -39.9    nan  1.282   96.7  3.778  6.209 -177.4 -152.4
D  -70.0  -37.8  113.5 -176.4  -73.1    nan  1.126   92.3  3.750  5.301   62.4   77.4
E  -69.3  -38.0  112.2  176.9  -42.7    nan  1.072   93.5  3.701  5.411   62.4   79.1
A  -61.9  -37.8  111.3  179.0    nan    nan  1.059  100.1  3.776  5.411   72.5   87.0
A  -66.7  -38.2  109.6 -176.8    nan    nan  1.022   97.0  3.844  5.375   70.1   84.8
V  -69.6  -43.0  111.6  176.7  161.7  -77.1  1.059   91.1  3.691  5.216   58.7   77.4
N  -65.6  -38.5  110.7  179.4 -172.6    nan  1.022   97.1  3.787  5.343   63.9   78.7
L  -58.6  -38.4  112.3 -179.1  -76.2    nan  1.074  102.0  3.821  5.493   74.0   90.9
A  -65.5  -22.4  113.9 -177.0    nan    nan  1.100  104.1  3.825  5.333   68.6   86.4
K  -86.3   69.2  109.8  179.1  -53.3    nan  1.038  109.8  3.802  5.486   61.5   78.1
S -152.9  157.6  110.7 -172.9   63.9    nan  0.991  152.2  3.776  5.542  100.9   98.9
R  -60.0  -41.6  108.6  176.1  173.9    nan  1.003  101.0  3.748  5.343  -79.2  -85.8
W  -47.5  -52.4  112.4  178.5  169.4    nan  1.015  101.0  3.833  5.337   85.4   95.5
Y  -63.7  -40.3  112.9 -179.6  177.1    nan  1.010   96.4  3.765  5.016   57.4   73.5
N  -72.2  -29.5  114.0 -179.2  -71.0    nan  1.118   94.3  3.835  5.270   51.1   77.3
Q  -84.2  -42.6  113.6  179.9  -64.8    nan  1.070   78.7  3.756  5.363   58.1   75.1
T -127.8   71.2  106.8 -179.5   52.4  -67.4  1.011   91.1  3.821  4.908   -0.1   19.2
P  -60.3  -43.5  117.0 -176.0   18.9    nan  1.085   95.0  3.753  6.103 -168.7 -164.8
N  -67.3  -39.3  114.0 -176.3  -61.7    nan  1.113   93.4  3.780  5.356   58.6   82.8
R  -69.6  -45.5  107.6  178.5 -174.0    nan  0.982   92.4  3.781  5.371   69.4   77.1
A  -56.2  -42.0  112.9  178.7    nan    nan  1.130  101.3  3.823  5.363   64.1   84.3
K  -60.1  -40.3  110.3 -179.3 -107.0    nan  1.020  100.7  3.840  5.486   78.6   85.6
R  -65.3  -44.6  111.0 -179.1  -73.9    nan  1.047   94.0  3.816  5.347   68.1   82.6
V  -67.8  -41.9  110.6 -177.4  174.8  -60.8  1.077   93.6  3.800  5.245   59.7   77.5
I  -61.1  -43.7  109.4  178.7  -66.3  172.7  1.114   98.5  3.837  5.458   66.1   82.5
T  -61.7  -35.1  111.0  179.2  -68.7  172.3  1.022  101.9  3.813  5.483   74.6   81.1
T  -64.7  -43.0  110.8  179.8  -57.9 -174.9  1.076   95.4  3.727  5.249   68.0   86.7
F  -72.0  -35.1  109.9  179.9  -81.3    nan  0.979   93.8  3.785  5.416   62.5   72.9
R  -66.9  -44.0  112.6 -178.2 -155.1    nan  1.073   92.1  3.758  5.305   69.2   86.7
T -100.2  -22.0  117.1 -175.9   64.0  -57.6  1.075   70.6  3.739  4.919   31.3   51.5
G   71.5   18.1  112.1 -175.7    nan    nan    nan  101.0  3.738    nan    nan -130.5
T -124.3  173.1  108.7  178.3   69.9  -50.5  0.974  126.2  3.859    nan    nan   76.9
W  -96.2   16.7  110.6  177.5  -68.1    nan  0.979   89.8  3.838  5.305 -101.8 -100.2
D  -51.2  -37.6  116.6 -175.6  -66.8    nan  1.202  106.4  3.771  5.909  127.8  152.9
A  -67.0  -19.6  111.7 -177.1    nan    nan  1.091  104.7  3.808  5.522   72.7   86.3
Y -101.6   -2.8  112.2 -177.3  -72.6    nan  1.092   77.3  3.763  5.250   46.6   68.6
K  -96.7    nan  111.7  179.7  -62.1    nan  1.160    nan  3.811  5.622   59.8   87.3
