Id   phi    psi    tau  omega    chi    chi2  solid    eta  CA-CA  CB-CB  BA^AB  NA^AC
M    nan  153.2  108.1    nan  172.3    nan  0.986    nan    nan    nan    nan    nan
N -155.9  173.8  108.9  178.4   61.1    nan  1.052  157.2  3.797  5.646  173.4  174.0
I  -50.5  -41.7  112.7 -177.3 -171.3   63.5  1.176  106.1  3.812  5.238  -57.7  -53.4
F  -67.9  -44.3  111.5 -176.2  -67.7    nan  1.104   91.9  3.753  5.492   65.3   81.9
E  -68.4  -36.0  109.6 -179.6  -64.6    nan  0.979   96.5  3.717  5.386   70.8   75.6
M  -63.8  -48.5  110.2 -177.7 -176.9    nan  0.944   93.4  3.744  5.203   81.4   88.5
L  -66.8  -33.0  112.4  179.8  -83.4    nan  1.092   98.1  3.789  5.095   48.5   73.0
R  -64.2  -31.8  110.8  178.3  165.7    nan  1.091  101.7  3.793  5.511   72.7   88.6
I  -74.2  -43.8  111.1  178.0  -79.9  159.1  1.049   87.5  3.771  5.453   65.0   79.7
D  -71.0  -32.7  114.5 -178.8  -79.3    nan  1.060   93.5  3.807  5.212   57.9   75.1
E -101.7  -20.8  115.5 -175.6  -62.9    nan  1.024   70.1  3.831  5.100   39.1   59.9
G   71.9 -172.6  110.3 -175.2    nan    nan    nan   74.6  3.795    nan    nan -127.9
L -142.0  120.0  108.0  178.0  160.3    nan  0.979  124.0  3.814    nan    nan -129.3
R -128.8  130.7  108.8  177.9  -61.6    nan  1.107  126.8  3.811  5.858  163.5  167.2
L  -92.0   -1.6  116.0 -176.3  -60.9    nan  1.138   87.2  3.821  5.829 -134.1 -139.9
K -124.5  144.7  108.0  179.5  171.3    nan  0.974  127.6  3.765  5.278   47.3   58.5
I  -48.5  136.5  111.8  179.6  -66.1  173.0  1.074   73.2  3.842  5.668  -81.1  -86.2
Y -144.2  170.2  109.5  178.4   67.6    nan  1.081  146.4  3.831  5.720  171.4  168.6
K -101.3  136.0  107.5  178.1  -73.6    nan  1.010  110.2  3.771  5.462 -107.2 -108.7
D  -79.0 -171.3  111.0 -179.7   76.8    nan  1.108   76.0  3.736  5.637 -124.1 -124.8
T  -65.1  -22.1  112.1 -177.4   67.4  -49.8  1.105  105.1  3.855  5.235  -52.8  -48.4
E  -93.7   -1.8  111.9  177.6  -59.5    nan  1.097   85.7  3.793  5.450   50.9   70.6
G   88.2   15.2  113.0  179.8    nan    nan    nan   85.9  3.829    nan    nan  -99.8
Y  -95.3  145.3  112.1  179.6  -56.5    nan  1.038  106.8  3.852    nan    nan  105.4
Y  -65.9  125.1  108.6 -178.9  -73.3    nan  1.004   90.2  3.791  5.432  -92.1 -104.9
T -140.1  166.7  107.3 -175.6  -59.7  179.3  0.916  142.2  3.757  5.758  178.0  161.5
I -153.3  161.8  108.6  175.1 -163.8   72.3  1.034  153.3  3.797  5.597 -178.5 -167.2
G   71.8 -131.2  113.4  171.8    nan    nan    nan   94.5  3.794    nan    nan   40.0
I -102.9   73.8  110.3  178.5  -57.5 -176.3  1.115  105.3  3.737    nan    nan  -39.2
G   68.8   24.2  115.1  178.9    nan    nan    nan   99.7  3.759    nan    nan  -50.1
H  -82.8  103.5  112.1  178.9 -178.4    nan  1.065  109.5  3.790    nan    nan  124.9
L  -64.6  131.8  112.0  179.8  169.8    nan  1.014   88.1  3.802  5.996 -130.0 -145.6
L  -95.8  -47.3  113.1 -178.8  -72.2    nan  1.065   69.2  3.747  5.792 -145.3 -143.0
T -165.4  150.4  110.2 -177.0 -178.1   60.6  1.022  152.2  3.784  4.676  -37.5  -24.9
K  -90.8   -1.2  109.1  177.4  -73.9    nan  1.053   88.8  3.768  5.594 -121.1 -122.5
S  -79.5  145.9  112.4  179.2  124.0    nan  1.176   93.4  3.737  5.658   79.6  104.7
P  -70.5  -10.3  114.8 -176.8    7.1    nan  0.996  104.9  3.784  5.297  -82.4 -107.5
S  -87.5  124.1  115.0 -178.3  177.2    nan  1.114  109.0  3.732  5.362   62.7   91.1
L  -68.4  -29.6  111.9  179.9  178.8    nan  1.095   98.6  3.733  5.698 -117.1 -131.2
N  -69.8  -41.1  109.5  179.6  -71.1    nan  1.046   93.1  3.727  5.506   72.5   87.1
A  -62.0  -37.0  109.1  178.9    nan    nan  1.056  101.6  3.722  5.357   69.3   82.7
A  -65.8  -40.4  111.2  178.5    nan    nan  1.023   95.6  3.767  5.380   71.8   82.9
K  -67.0  -32.2  110.8  179.4  -87.7    nan  1.022   99.0  3.774  5.299   66.9   79.7
S  -70.6  -44.1  111.0  179.4  147.9    nan  1.143   90.2  3.764  5.246   59.8   83.6
E  -63.5  -38.3  109.6  176.9  -72.9    nan  0.988   99.5  3.777  5.497   70.7   77.2
L  -62.9  -45.2  113.7  177.6 -179.4    nan  1.052   93.8  3.774  5.314   69.4   84.7
D  -65.3  -37.2  111.7 -178.0  -69.8    nan  1.063   97.4  3.775  5.240   61.6   79.9
K  -66.0  -34.2  110.6  178.4  169.0    nan  0.986   99.0  3.770  5.302   71.3   82.6
A  -73.0  -35.8  112.4  179.6    nan    nan  1.081   91.4  3.839  5.345   56.5   80.3
I  -89.5  -29.3  114.6 -176.4  -58.4  179.6  1.028   78.8  3.814  5.189   50.1   66.6
G   86.6   26.9  113.5 -178.6    nan    nan    nan   82.7  3.733    nan    nan -125.8
R -163.3  169.2  109.3  177.6   78.2    nan  1.088  163.4  3.811    nan    nan   42.7
N  -82.4  100.2  106.2  178.2 -125.7    nan  1.015  104.4  3.730  5.210  -86.6  -93.2
T  -89.0  -30.9  114.9 -173.6   68.2  -53.9  1.060   78.4  3.760  6.084 -161.1 -163.7
N   66.3   31.4  112.3 -175.7 -159.7    nan  1.081   99.3  3.714  5.242 -143.9 -143.9
G   75.5    6.8  116.1  176.6    nan    nan    nan  101.4  3.887    nan    nan  -84.4
V -127.0  139.1  112.0  178.3 -172.4  -52.9  1.065  130.6  3.764    nan    nan   64.5
I -134.7  164.7  109.6 -178.6   61.7  -65.1  1.036  137.8  3.814  5.757 -170.7 -177.8
T  -91.5  169.9  108.7 -179.1   71.9  -48.0  0.988   94.7  3.749  5.350 -100.9 -104.2
K  -60.8  -41.3  111.6  178.3 -167.5    nan  1.077   98.9  3.810  5.198  -72.2  -70.6
D  -60.1  -45.4  111.8  176.5  -87.5    nan  1.029   96.9  3.789  5.388   71.9   83.2
E  -64.2  -42.1  109.6 -179.5  -68.4    nan  1.018   96.9  3.799  5.201   63.0   78.3
A  -57.9  -46.9  110.1  177.7    nan    nan  1.045   98.7  3.814  5.377   69.6   84.6
E  -65.5  -32.8  113.2  179.6  -77.0    nan  1.144   98.9  3.796  5.258   52.8   75.7
K  -66.6  -45.0  111.1  177.3 -169.2    nan  1.086   92.7  3.752  5.556   72.7   86.1
L  -58.8  -42.2  109.3  176.3  -70.9    nan  0.982  101.2  3.843  5.549   78.0   80.2
F  -59.9  -48.7  111.0 -178.0 -174.5    nan  1.046   95.6  3.784  5.155   71.5   86.2
N  -57.1  -43.1  111.5  177.0  -87.1    nan  0.998  100.8  3.780  5.295   69.0   79.5
Q  -66.3  -37.5  112.5 -179.7  -64.7    nan  1.015   96.0  3.706  5.211   64.7   79.5
D  -69.9  -35.0  111.7 -176.9  -70.2    nan  1.074   94.7  3.790  5.283   64.6   83.2
V  -66.9  -46.1  108.7  178.8  169.8  -69.2  1.036   93.4  3.810  5.468   72.2   83.9
D  -58.5  -43.9  112.1  178.4 -148.2    nan  1.039   98.9  3.730  5.196   66.5   81.3
A  -64.3  -35.8  111.0  179.0    nan    nan  1.012   99.4  3.799  5.355   64.3   79.0
A  -63.3  -48.2  110.6 -179.6    nan    nan  1.093   93.8  3.764  5.373   69.0   88.1
V  -60.4  -47.4  109.9 -179.6  179.6  -61.4  1.019   96.7  3.745  5.323   70.9   79.2
R  -61.3  -32.0  113.0 -177.0  -79.1    nan  1.288  103.1  3.703  5.035   45.5   81.8
G  -65.6  -42.4  109.9  176.8    nan    nan    nan   95.5  3.786    nan    nan   86.5
I  -61.1  -51.2  110.3  177.8  -77.3  167.0  1.019   93.8  3.722    nan    nan   81.6
L  -64.5  -22.6  113.1 -176.2  -56.5    nan  1.117  105.1  3.768  5.140   54.0   76.2
R  -88.1  -11.3  112.9  179.8  -65.8    nan  1.074   87.5  3.775  5.483   60.3   77.4
N  -91.6  122.9  111.4 -178.3 -170.3    nan  1.087  108.7  3.811  5.452   65.3   85.5
A  -66.1  -25.6  112.6 -178.0    nan    nan  1.098  102.4  3.748  5.815 -115.3 -126.1
K  -83.2  -36.4  110.1  178.5  -85.6    nan  1.004   83.8  3.754  5.452   65.7   77.7
L  -83.1  -41.3  116.4 -176.0  -58.0    nan  1.092   78.5  3.750  5.095   49.9   73.6
K  -48.6  -50.6  117.5 -174.6 -171.9    nan  1.142   98.7  3.739  5.283   83.0  103.6
P  -62.6  -34.0  111.6 -176.6    4.2    nan  1.014  101.4  3.760  5.183   65.9   79.8
V  -68.6  -45.8  110.7  178.5 -174.7  -53.6  1.093   91.1  3.767  5.423   60.8   83.6
Y  -61.5  -40.5  110.3 -177.3 -179.0    nan  0.972   99.5  3.726  5.176   73.7   81.9
D  -65.1  -26.7  111.4 -179.1  -82.6    nan  1.037  103.2  3.814  5.307   62.1   82.5
S  -78.3  -17.4  114.3 -179.7   83.0    nan  1.082   94.2  3.741  5.304   63.1   83.5
L  -85.1  157.2  115.2 -177.2  -57.5    nan  1.021   94.9  3.834  5.512   73.5   88.1
D  -78.3  170.5  107.6  173.1   48.6    nan  0.977   81.3  3.792  5.371  -97.3 -107.4
A  -55.5  -42.8  116.5 -175.7    nan    nan  1.225   99.6  3.817  5.199  -71.9  -60.1
V  -68.9  -46.3  110.3 -178.9 -178.9  -59.4  1.047   90.8  3.809  5.452   67.6   78.3
R  -66.3  -30.0  111.9 -178.8  -64.8    nan  1.124  100.2  3.731  5.265   53.1   76.8
R  -61.8  -33.0  109.9  175.4  -81.3    nan  0.986  103.5  3.767  5.652   88.5   91.1
A  -66.7  -37.4  109.6 -180.0    nan    nan  1.018   97.3  3.795  5.341   72.8   87.0
A  -62.9  -39.7  110.4  177.8    nan    nan  1.015   98.8  3.796  5.420   72.8   84.5
A  -63.8  -41.5  110.8  178.5    nan    nan  1.050   96.8  3.827  5.383   68.6   82.3
I  -63.4  -41.9  110.2  179.4  -64.8  169.6  1.067   97.3  3.777  5.336   66.1   81.9
N  -54.1  -48.5  111.8 -179.4 -166.8    nan  1.062   99.4  3.798  5.413   76.5   91.2
M  -62.2  -44.1  112.9 -179.7  -70.1    nan  1.079   95.5  3.745  5.289   61.5   78.3
V  -66.4  -36.3  109.1 -178.8  167.9  -75.3  1.050   98.4  3.778  5.342   65.5   78.4
F  -63.6  -38.0  110.3  179.0 -176.5    nan  0.995   99.2  3.764  5.416   77.8   85.9
Q  -76.1  -41.7  114.2 -177.5 -172.0    nan  1.057   85.1  3.759  5.181   55.6   76.8
M -118.3    0.1  119.2 -171.0   80.8    nan  1.263   61.8  3.776  4.605    1.0   38.6
G   78.4  155.6  111.2  179.7    nan    nan    nan   70.8  3.739    nan    nan -107.4
E  -62.9  -26.0  112.7 -175.7  125.9    nan  1.231  105.0  3.774    nan    nan  -88.1
T  -69.6  -55.4  109.4  175.8   39.4  -80.8  0.982   86.7  3.702  5.608   82.4   87.2
G  -45.5  -69.5  109.0  179.2    nan    nan    nan   91.7  3.806    nan    nan   85.0
V  -57.6  -37.1  114.8 -179.3  -42.5   73.3  1.152  102.4  3.776    nan    nan   63.1
A  -61.3  -17.8  113.4  179.0    nan    nan  1.229  110.6  3.788  5.539   63.0   89.3
G  -90.9   24.0  118.5  179.3    nan    nan    nan  100.4  3.928    nan    nan   80.6
F -117.7   50.4  107.0 -178.7  -87.4    nan  0.866   84.4  3.860    nan    nan   87.8
T  -49.5  -52.5  116.9 -178.2  -63.5  177.5  0.968   97.0  3.751  5.974  177.4 -176.3
N  -58.2  -44.6  113.6  179.4  -50.4    nan  1.188   97.8  3.717  4.902   50.4   79.2
S  -64.2  -37.3  110.3  178.8  -61.5    nan  0.954   99.0  3.810  5.558   78.3   78.4
L  -59.2  -48.4  110.8 -179.7  -70.6    nan  1.119   96.4  3.810  5.319   70.1   90.3
R  -60.0  -41.8  111.3 -179.1  165.0    nan  1.054   99.3  3.744  5.252   69.6   80.0
M  -66.4  -40.0  110.7  180.0  -80.6    nan  1.076   95.6  3.792  5.389   61.6   79.3
L  -66.8  -39.8  109.1  179.5  -72.5    nan  0.998   96.3  3.741  5.383   71.3   80.0
Q  -60.5  -34.0  108.3 -178.1 -174.9    nan  1.051  104.8  3.784  5.354   69.1   87.1
Q  -84.9   -0.7  113.3 -179.4  -64.0    nan  1.035   94.8  3.750  5.322   53.1   70.5
K   65.5   29.3  114.5 -179.2  -43.5    nan  1.227  100.2  3.835  5.603 -125.2 -120.1
R  -93.9   74.7  105.9  175.3  -63.6    nan  0.999  104.2  3.818  6.053  118.6  113.3
W  -55.9  -52.1  117.8 -173.7  -39.5    nan  1.238   92.2  3.797  6.227 -170.9 -155.7
D  -64.1  -39.9  111.5 -178.8  -78.1    nan  1.057   97.2  3.748  5.340   65.3   75.3
E  -64.6  -43.2  111.8  179.3  -68.7    nan  1.047   94.8  3.764  5.389   67.5   82.8
A  -61.5  -40.6  110.9  179.7    nan    nan  1.013   99.1  3.764  5.309   71.8   82.8
A  -58.3  -42.2  110.5 -178.6    nan    nan  1.092  100.9  3.758  5.235   69.7   88.8
V  -68.1  -43.9  111.7  178.2  162.8  -79.6  1.031   91.8  3.719  5.300   63.6   76.4
N  -62.1  -43.1  111.3  179.6 -170.1    nan  1.020   97.0  3.766  5.287   67.4   81.5
L  -58.9  -30.9  111.6 -179.0  -77.2    nan  1.037  106.4  3.813  5.404   73.3   86.3
A  -74.2  -17.3  114.0 -177.4    nan    nan  1.122   98.3  3.849  5.363   62.0   85.2
K  -87.4   70.3  107.8  179.1  -60.5    nan  0.996  107.6  3.796  5.583   68.0   81.1
S -154.4  156.6  110.7 -174.9   59.7    nan  1.002  152.7  3.740  5.497   96.6   97.8
R  -61.0  -39.3  109.7  177.0  170.3    nan  0.994  100.9  3.740  5.300  -79.2  -87.1
W  -51.3  -49.1  110.2 -179.7  167.3    nan  0.964  101.9  3.835  5.337   86.1   95.3
Y  -65.5  -42.8  110.9 -179.0  178.7    nan  0.992   94.8  3.775  5.143   59.2   74.3
N  -67.9  -30.8  113.1 -178.4  -74.1    nan  1.081   97.9  3.790  5.192   59.2   79.1
Q  -82.3  -38.2  115.2  179.6  -60.1    nan  1.118   81.0  3.828  5.427   54.7   76.1
T -133.9   70.1  106.7 -179.9   50.8  -68.3  1.000   87.6  3.804  4.928    2.2   16.5
P  -60.2  -39.9  115.9 -177.5   18.1    nan  1.015   98.0  3.745  6.035 -165.7 -167.7
N  -68.0  -40.5  112.5 -177.0  -73.2    nan  1.106   93.1  3.837  5.361   57.0   83.9
R  -69.7  -45.9  109.5  178.1 -169.3    nan  1.038   90.9  3.753  5.357   64.4   76.0
A  -57.9  -43.7  109.6  179.8    nan    nan  1.074  100.8  3.826  5.357   67.5   82.7
K  -56.9  -40.8  111.9  178.8  -61.9    nan  1.066  102.0  3.852  5.547   74.8   85.3
R  -66.9  -41.8  110.0 -178.6  -71.7    nan  1.038   94.7  3.846  5.408   70.6   80.9
V  -70.6  -41.8  110.2 -178.3  171.8  -66.5  1.024   91.7  3.823  5.246   62.9   76.4
I  -61.7  -41.1  111.8  177.9  -70.3  170.2  1.118   98.1  3.780  5.317   61.8   82.0
T  -64.4  -33.6  110.3  178.5  -64.7  175.6  1.027  100.7  3.837  5.519   72.9   80.7
T  -65.0  -44.7  109.5  179.7  -59.3 -178.6  1.055   95.0  3.757  5.350   70.8   87.3
F  -67.6  -37.7  111.0  179.8  -83.6    nan  1.009   95.7  3.788  5.417   63.7   75.5
R  -64.3  -44.8  112.3 -178.7 -151.9    nan  1.094   93.8  3.784  5.328   68.9   86.2
T -100.7  -22.8  116.6 -174.2   68.7  -54.8  1.090   70.0  3.798  4.999   30.6   50.9
G   70.4   17.6  111.6 -175.5    nan    nan    nan  102.4  3.736    nan    nan -132.1
T -126.1  171.6  108.2  177.9   65.5  -53.5  0.930  128.2  3.885    nan    nan   74.4
W  -97.3   20.4  110.3  179.0  -67.9    nan  0.962   90.0  3.808  5.316 -105.0 -102.0
D  -54.6  -36.8  117.7 -176.5  -56.3    nan  1.203  103.6  3.757  5.876  128.4  153.2
A  -66.5  -17.8  110.0 -177.7    nan    nan  1.055  106.4  3.749  5.477   76.0   86.9
Y -103.5   -4.5  112.2 -177.0  -72.3    nan  1.114   74.8  3.725  5.253   43.0   69.2
K  -96.9    nan  109.0  179.1  -60.8    nan  1.071    nan  3.832  5.673   66.7   83.6
