Id   phi    psi    tau  omega    chi    chi2  solid    eta  CA-CA  CB-CB  BA^AB  NA^AC
M    nan  148.9  108.2    nan  169.8    nan  1.026    nan    nan    nan    nan    nan
N -152.7  176.0  107.7  177.1   55.6    nan  1.021  153.7  3.809  5.749  176.2  172.4
I  -52.1  -39.3  113.7 -179.3 -168.5   64.2  1.162  105.9  3.834  5.161  -58.9  -53.0
F  -70.5  -41.6  112.0 -177.2  -71.5    nan  1.069   90.8  3.788  5.503   66.1   81.1
E  -70.4  -33.2  109.3  179.6  -59.9    nan  1.012   96.3  3.738  5.325   64.5   75.3
M  -67.4  -48.1  110.0 -178.6 -171.8    nan  0.959   91.2  3.751  5.287   77.7   87.0
L  -68.4  -32.2  112.4 -178.7  -85.4    nan  1.096   97.1  3.735  5.080   47.4   73.0
R  -64.9  -30.8  109.9  178.9  163.5    nan  1.114  101.8  3.763  5.511   71.8   88.9
I  -73.9  -43.6  110.6  177.3  -80.8  157.6  1.044   88.2  3.775  5.492   68.5   80.3
D  -71.0  -31.1  115.6 -178.3  -79.3    nan  1.090   93.9  3.749  5.176   55.5   76.2
E -103.3  -19.5  115.5 -174.6  -57.5    nan  1.082   69.0  3.814  5.142   36.5   61.0
G   73.8 -172.7  110.4 -176.0    nan    nan    nan   76.5  3.796    nan    nan -125.5
L -140.8  121.4  109.8  176.3  159.1    nan  1.095  125.9  3.773    nan    nan -127.9
R -132.4  127.0  110.7  179.4  -59.4    nan  1.127  127.9  3.870  5.890  170.5  165.3
L  -92.1    0.9  115.8 -176.7  -59.3    nan  1.155   88.3  3.758  5.755 -138.9 -145.4
K -125.1  145.1  108.1  177.7  161.8    nan  0.998  128.2  3.790  5.392   45.7   59.2
I  -48.7  135.6  111.7 -179.7  -65.7  172.9  1.090   73.9  3.846  5.704  -80.4  -85.5
Y -142.6  171.6  109.7  178.3   67.7    nan  1.110  144.6  3.772  5.726  170.6  170.3
K -102.1  132.0  110.3  176.6  -65.0    nan  1.066  113.1  3.752  5.445 -109.0 -107.2
D  -73.3 -173.0  111.7 -179.8   78.4    nan  1.193   70.9  3.753  5.703 -123.3 -125.4
T  -63.8  -23.8  113.2 -177.2   69.7  -48.4  1.168  105.2  3.815  5.147  -51.4  -48.9
E  -95.1   -4.9  112.6  179.5  -59.1    nan  1.115   83.1  3.835  5.463   50.1   68.4
G   90.6   16.4  114.5  179.0    nan    nan    nan   82.7  3.814    nan    nan -100.5
Y  -96.7  141.2  111.7 -178.4  -57.8    nan  1.016  108.7  3.834    nan    nan  105.9
Y  -62.1  123.6  110.7 -178.3  -74.8    nan  1.026   90.0  3.747  5.364  -93.1 -105.4
T -138.3  167.9  107.8 -175.1  -61.0  176.9  0.925  140.6  3.784  5.749  178.0  161.9
I -153.9  165.7  109.3  174.0 -165.7   71.5  1.105  155.0  3.786  5.571  176.3 -166.9
G   63.9 -124.7  112.4  174.2    nan    nan    nan   91.8  3.805    nan    nan   38.8
I -104.9   71.8  112.5  179.7  -58.4 -177.8  1.105  105.7  3.776    nan    nan  -33.3
G   68.2   27.4  113.8  179.9    nan    nan    nan   99.0  3.760    nan    nan  -52.1
H  -84.5  103.3  111.5  176.4 -177.7    nan  1.066  109.5  3.780    nan    nan  124.2
L  -67.6  132.5  111.5 -178.8  166.1    nan  1.028   89.6  3.812  6.035 -135.1 -146.6
L  -95.9  -44.9  113.2 -178.7  -68.7    nan  1.054   69.5  3.698  5.764 -142.3 -141.9
T -166.6  150.8  111.2 -176.6 -177.1   62.3  1.055  152.9  3.819  4.703  -37.4  -23.8
K  -91.8   -4.7  111.7  175.6  -73.0    nan  1.111   86.5  3.767  5.555 -123.4 -124.3
S  -73.1  151.3  109.0  177.2  134.4    nan  1.063   84.0  3.743  5.752   93.8  104.8
P  -82.1   -1.1  113.7 -176.8   -6.0    nan  0.993   97.5  3.766  5.354  -97.7 -110.2
S  -89.7  121.0  114.8 -177.5  170.4    nan  1.074  111.0  3.756  5.456   71.2   97.6
L  -64.1  -30.4  112.3  178.2 -177.4    nan  1.123  101.8  3.791  5.860 -121.5 -130.2
N  -71.0  -40.4  109.8 -179.3  -58.6    nan  1.072   92.3  3.738  5.453   69.9   86.1
A  -59.1  -41.9  107.0  177.3    nan    nan  0.982  102.4  3.697  5.333   74.9   84.1
A  -64.6  -43.0  113.0  178.4    nan    nan  1.105   94.2  3.773  5.257   57.0   79.4
K  -68.1  -32.5  110.4  179.7  -85.8    nan  0.982   98.1  3.765  5.373   70.0   76.9
S  -68.4  -41.4  111.5  178.7  153.0    nan  1.125   92.9  3.722  5.259   62.8   85.5
E  -64.6  -37.9  107.8  178.2  -78.2    nan  0.956   99.7  3.795  5.526   77.2   79.3
L  -62.1  -42.8  112.6  179.4  173.1    nan  1.107   96.5  3.760  5.255   66.3   86.6
D  -68.7  -35.6  112.1 -176.9  -69.0    nan  1.060   95.2  3.798  5.364   63.7   79.4
K  -65.9  -34.7  111.0  177.5  167.2    nan  1.016   98.6  3.745  5.290   70.7   83.5
A  -76.0  -37.0  114.0  179.0    nan    nan  1.092   87.5  3.828  5.314   53.9   76.7
I  -89.1  -28.3  111.3 -177.4  -60.2  175.6  1.004   80.9  3.872  5.265   51.1   64.3
G   80.8   35.7  111.9  179.9    nan    nan    nan   85.1  3.767    nan    nan -130.9
R -165.1  164.1  107.8 -179.8   96.8    nan  1.082  162.0  3.757    nan    nan   50.3
N  -80.5   98.6  106.7  179.5 -134.7    nan  1.017  104.8  3.715  5.361  -90.1  -95.8
T  -87.0  -28.2  117.2 -175.7   69.0  -51.4  1.118   80.2  3.811  6.140 -167.8 -163.1
N   67.9   28.4  112.0 -177.1 -158.6    nan  1.159   99.6  3.743  5.427 -141.6 -140.5
G   81.7    5.0  115.7  177.2    nan    nan    nan   96.1  3.832    nan    nan  -81.2
V -129.8  142.0  110.8 -178.9 -170.9  -50.6  0.976  132.2  3.801    nan    nan   61.7
I -133.3  167.4  108.2  179.2   58.0  -64.4  1.019  136.0  3.838  5.805 -174.6 -173.6
T  -92.1  168.5  106.7  179.0   72.0  -46.1  0.950   95.4  3.757  5.304  -98.5 -103.3
K  -59.5  -40.1  112.0  178.2 -179.6    nan  1.047  100.4  3.813  5.179  -71.4  -71.1
D  -62.1  -45.7  111.0  176.9  -69.2    nan  1.064   95.7  3.780  5.350   67.6   82.5
E  -64.0  -39.1  110.7  179.4  -70.5    nan  1.004   98.0  3.787  5.298   68.6   77.6
A  -61.1  -44.9  109.3  178.5    nan    nan  1.038   97.9  3.806  5.361   70.9   85.1
E  -67.8  -26.9  112.2 -179.5  -84.4    nan  1.090  100.3  3.782  5.219   56.6   75.5
K  -72.0  -44.0  110.5  178.0 -174.6    nan  1.100   89.5  3.771  5.563   67.5   86.7
L  -57.1  -42.4  110.5  174.8  -63.4    nan  1.038  101.7  3.854  5.606   77.4   81.5
F  -59.7  -47.5  111.7 -179.1 -170.5    nan  1.051   96.1  3.777  5.238   74.3   85.8
N  -60.8  -39.4  111.9 -179.3  -78.0    nan  1.059   99.8  3.778  5.296   64.4   80.3
Q  -67.3  -39.7  110.1 -178.8  -63.7    nan  1.008   95.4  3.740  5.337   70.2   81.8
D  -68.1  -37.1  113.7 -177.3  -75.1    nan  1.079   94.1  3.753  5.216   63.6   82.3
V  -69.5  -47.8  108.8 -179.7  169.5  -72.2  1.041   90.6  3.781  5.360   66.3   81.0
D  -53.6  -47.6  111.9  176.1 -161.6    nan  0.990  100.2  3.739  5.255   75.0   82.4
A  -61.4  -38.7  112.1 -178.2    nan    nan  1.020   99.6  3.736  5.115   64.7   80.7
A  -63.7  -45.4  113.4 -179.4    nan    nan  1.080   93.3  3.792  5.362   68.6   86.1
V  -58.7  -52.0  108.2  178.2  177.7  -68.6  1.011   96.3  3.726  5.202   72.1   81.7
R  -62.1  -31.9  112.1 -178.8  -98.6    nan  1.138  102.8  3.739  5.164   49.9   74.8
G  -61.7  -46.4  110.9  177.0    nan    nan    nan   95.8  3.781    nan    nan   90.6
I  -59.6  -48.7  110.5  177.9  -79.3  161.6  0.992   96.2  3.743    nan    nan   79.5
L  -65.0  -22.8  113.3 -176.1  -59.4    nan  1.135  104.5  3.783  5.159   53.0   78.2
R  -89.3  -17.3  111.6 -179.7  -62.1    nan  1.038   84.4  3.750  5.439   62.7   75.8
N  -87.4  123.5  112.1 -177.4 -175.1    nan  1.139  106.7  3.722  5.265   57.3   85.5
A  -62.3  -28.3  114.7 -178.6    nan    nan  1.107  103.5  3.760  5.791 -107.8 -122.3
K  -80.4  -34.9  111.1  178.9 -103.4    nan  0.936   86.2  3.811  5.500   72.9   78.4
L  -84.5  -44.1  116.8 -175.1  -56.0    nan  1.156   75.9  3.721  4.857   43.7   73.9
K  -47.4  -50.3  116.6 -176.4 -166.7    nan  1.150  100.3  3.723  5.358   84.6  100.6
P  -63.5  -33.6  112.0 -177.4   -4.6    nan  1.025  100.7  3.729  5.182   66.9   78.4
V  -69.0  -48.0  110.3  178.3 -172.4  -51.3  1.082   90.0  3.745  5.418   62.8   83.5
Y  -58.5  -41.2  110.5 -177.8 -175.4    nan  0.996  101.3  3.755  5.176   72.3   82.4
D  -64.3  -30.2  111.7 -179.6  -75.8    nan  1.097  101.9  3.824  5.425   59.4   82.3
S  -77.4  -17.2  115.3 -178.8   78.6    nan  1.070   94.9  3.753  5.318   67.8   82.4
L  -84.1  162.3  115.3 -175.2  -63.1    nan  1.019   91.8  3.770  5.422   74.3   91.5
D  -81.1  172.4  109.8  172.0   56.7    nan  1.027   83.8  3.785  5.343 -101.4 -103.0
A  -59.5  -41.8  115.6 -175.0    nan    nan  1.223   97.5  3.833  5.292  -72.9  -61.0
V  -65.3  -48.6  111.2  179.9 -175.7  -60.5  1.096   91.7  3.823  5.533   69.0   81.4
R  -64.0  -32.4  113.4  179.6  -61.4    nan  1.163  100.3  3.761  5.262   54.4   75.9
R  -62.4  -33.3  110.2  176.1  -71.9    nan  0.992  102.6  3.779  5.655   87.9   89.0
A  -64.8  -37.9  108.4  179.2    nan    nan  1.013   99.3  3.778  5.341   75.0   87.4
A  -64.4  -36.0  111.5  178.1    nan    nan  1.018   99.0  3.817  5.456   71.7   83.2
A  -67.8  -38.4  111.5  179.3    nan    nan  1.016   94.9  3.827  5.326   70.5   83.1
I  -66.9  -42.2  108.7  179.6  -64.6  170.5  1.028   95.3  3.780  5.277   64.0   81.0
N  -56.1  -48.1  110.6  179.0 -167.5    nan  0.995   98.9  3.836  5.404   76.7   87.2
M  -63.4  -43.5  110.3  179.9  -68.3    nan  1.040   96.4  3.793  5.280   60.2   76.2
V  -63.3  -37.7  110.5 -177.5  175.5  -69.9  1.105   99.5  3.810  5.405   64.3   82.8
F  -64.0  -41.0  110.6 -179.9 -179.3    nan  1.001   97.1  3.777  5.415   77.8   85.2
Q  -72.6  -43.8  115.3  179.8 -179.9    nan  1.083   86.2  3.755  5.182   53.9   75.3
M -115.4   -5.7  119.2 -173.0   77.1    nan  1.258   61.9  3.801  4.688    2.4   39.1
G   87.0  147.9  109.8  179.2    nan    nan    nan   77.0  3.690    nan    nan -105.0
E  -60.4  -19.3  113.7 -178.4  109.0    nan  1.146  110.5  3.679    nan    nan  -94.5
T  -73.7  -57.4  107.8  177.3  -14.7 -137.9  0.967   84.5  3.751  5.658   84.0   90.5
G  -46.3  -51.9  112.2 -179.3    nan    nan    nan  102.1  3.740    nan    nan   83.6
V  -75.1  -22.9  113.7 -176.6  -35.0   84.5  1.093   94.9  3.788    nan    nan   65.8
A  -72.3   -5.0  113.8 -179.4    nan    nan  1.236  105.7  3.738  5.394   62.7   93.3
G  -98.0   13.5  115.4  179.2    nan    nan    nan   87.9  3.916    nan    nan   83.2
F -106.7   40.2  106.2  178.5  -81.2    nan  0.945   87.3  3.757    nan    nan   88.1
T  -42.7  -53.9  117.1 -179.3  -62.5 -180.0  0.967  100.6  3.768  6.044  178.4  179.9
N  -62.4  -36.4  112.5  179.1  -55.0    nan  1.090   99.9  3.759  4.886   52.7   73.6
S  -68.2  -39.3  109.1  178.5  -68.6    nan  0.979   95.4  3.784  5.455   74.9   81.5
L  -58.2  -44.7  110.2 -179.2  -63.9    nan  1.066   99.7  3.782  5.319   73.4   89.1
R  -66.3  -39.4  111.4 -178.2  177.7    nan  1.037   95.6  3.695  5.148   65.2   78.3
M  -66.6  -39.7  109.6  179.1  -86.4    nan  1.005   96.3  3.782  5.385   67.6   80.6
L  -64.2  -44.3  110.2  179.9  -69.8    nan  1.063   95.4  3.734  5.299   67.2   83.2
Q  -59.0  -34.1  111.4 -179.5  178.2    nan  1.062  104.5  3.793  5.319   69.7   84.3
Q  -82.7   -3.1  113.2  179.2  -72.1    nan  0.972   96.1  3.774  5.324   59.1   71.4
K   65.6   32.6  115.2 -179.6  -41.6    nan  1.237   98.0  3.835  5.583 -133.2 -122.1
R  -95.0   76.5  105.5  177.2  -75.3    nan  0.940  103.8  3.842  6.042  126.1  116.3
W  -55.7  -51.3  118.6 -173.5  -36.8    nan  1.331   92.5  3.762  6.206  179.3 -153.5
D  -65.3  -37.7  112.2 -178.3  -71.4    nan  1.146   96.9  3.758  5.403   63.3   75.5
E  -68.8  -41.3  113.4  177.3  -64.9    nan  1.039   91.6  3.723  5.462   68.7   80.0
A  -60.5  -38.7  109.5  179.8    nan    nan  1.034  101.7  3.719  5.313   73.1   85.7
A  -60.9  -42.9  110.7 -175.4    nan    nan  1.116   98.4  3.791  5.350   70.9   90.5
V  -64.9  -45.0  111.1  177.2  164.0  -74.0  1.076   94.0  3.715  5.268   63.9   77.4
N  -63.4  -40.2  113.4  177.9 -170.2    nan  1.054   96.5  3.766  5.353   63.7   78.4
L  -62.4  -32.0  112.1 -178.2  -73.6    nan  1.039  102.5  3.790  5.420   73.1   87.1
A  -70.2  -20.3  112.9 -176.7    nan    nan  1.106  101.0  3.807  5.322   66.6   88.1
K  -85.1   70.0  109.0  179.1  -54.0    nan  1.029  109.5  3.810  5.594   65.4   80.7
S -154.1  156.6  111.5 -174.2   63.8    nan  1.023  152.8  3.736  5.481   98.3   98.0
R  -61.4  -41.4  108.0  176.3  171.5    nan  0.969  100.3  3.736  5.286  -76.1  -88.9
W  -47.6  -53.6  110.9  178.3  167.9    nan  1.005  100.8  3.832  5.336   86.2   95.0
Y  -63.8  -43.4  110.2 -179.7  176.9    nan  0.947   96.2  3.806  5.148   63.8   71.1
N  -66.5  -31.5  114.0 -177.3  -70.7    nan  1.156   98.4  3.821  5.176   52.9   81.0
Q  -80.1  -42.7  115.7  179.5  -59.9    nan  1.156   80.6  3.761  5.432   56.8   77.7
T -130.0   72.6  106.2 -179.1   51.5  -69.0  1.003   90.6  3.794  4.919    3.3   16.8
P  -61.0  -45.4  116.8 -178.3   15.8    nan  1.059   93.4  3.741  6.059 -166.6 -166.3
N  -63.3  -41.6  112.4 -176.4  -67.2    nan  1.123   96.3  3.854  5.387   58.5   84.0
R  -67.3  -48.0  110.1  178.1 -175.0    nan  1.068   91.3  3.807  5.417   64.2   77.1
A  -58.1  -40.9  109.4 -179.9    nan    nan  1.039  102.4  3.808  5.341   69.9   81.0
K  -60.4  -40.6  110.9 -179.4  -91.2    nan  1.055  100.0  3.823  5.482   72.7   85.9
R  -63.6  -43.2  110.9 -180.0  -74.7    nan  1.047   96.0  3.795  5.375   72.6   83.3
V  -69.3  -41.6  110.2 -174.9  176.2  -61.9  1.085   92.8  3.820  5.253   59.9   79.0
I  -61.5  -44.0  111.4  177.9  -69.1  168.9  1.113   96.9  3.737  5.354   66.9   82.4
T  -59.2  -35.2  110.9  178.5  -69.6  170.6  1.015  104.0  3.856  5.517   77.3   82.9
T  -64.0  -46.7  109.8  179.8  -56.9 -172.4  1.123   94.6  3.749  5.254   65.1   86.6
F  -70.2  -36.3  111.2 -179.4  -86.6    nan  0.988   94.1  3.748  5.411   63.4   72.0
R  -65.0  -44.8  115.1 -179.2 -155.5    nan  1.133   91.7  3.677  5.178   64.1   87.4
T  -98.5  -23.9  115.2 -175.2   64.4  -56.3  1.091   72.2  3.785  5.031   32.3   52.7
G   70.1   21.3  112.1 -174.9    nan    nan    nan  100.9  3.699    nan    nan -133.0
T -127.0  173.2  107.2  178.6   72.2  -48.3  0.924  128.7  3.891    nan    nan   76.5
W  -97.2   14.1  111.4  178.0  -66.2    nan  1.018   88.1  3.783  5.301 -108.5 -100.3
D  -45.3  -38.3  117.8 -178.1  -57.7    nan  1.255  110.3  3.799  5.978  129.5  154.0
A  -71.1  -16.0  112.0 -177.3    nan    nan  1.053  102.3  3.852  5.555   72.4   82.1
Y -101.3   -3.9  112.9 -176.5  -75.2    nan  1.125   77.2  3.768  5.298   44.9   73.0
K -101.2    nan  111.0  179.0  -30.2    nan  1.133    nan  3.786  5.561   58.0   81.3
