Id   phi    psi    tau  omega    chi    chi2  solid    eta  CA-CA  CB-CB  BA^AB  NA^AC
M    nan  150.1  111.7    nan  179.1    nan  1.107    nan    nan    nan    nan    nan
N -155.9  174.3  109.3  177.4   59.8    nan  1.055  157.2  3.810  5.668  177.1  169.3
I  -51.9  -44.4  110.6  179.6 -171.7   59.9  1.126  104.3  3.817  5.256  -56.3  -56.2
F  -65.9  -42.4  114.3 -178.1  -67.1    nan  1.115   92.8  3.793  5.498   64.3   80.4
E  -70.1  -34.9  111.1  179.6  -61.3    nan  1.010   94.9  3.758  5.332   67.2   75.9
M  -63.2  -52.7  109.6  179.7  176.3    nan  1.035   92.0  3.726  5.220   72.0   87.9
L  -67.4  -30.0  113.0  179.1  -80.8    nan  1.068   98.8  3.821  5.325   49.1   68.4
R  -63.6  -32.9  109.4  179.7  171.7    nan  1.106  102.2  3.774  5.534   75.2   92.6
I  -73.4  -45.0  110.9  177.0  -78.7  160.7  1.053   87.7  3.781  5.445   66.5   78.4
D  -67.8  -34.4  114.5 -178.1  -78.2    nan  1.103   95.4  3.795  5.250   57.2   77.5
E -102.1  -23.9  116.4 -174.3  -54.8    nan  1.085   68.4  3.848  5.120   36.6   58.9
G   74.5 -171.2  109.3 -176.3    nan    nan    nan   77.6  3.756    nan    nan -128.5
L -141.3  123.0  110.0  177.9  170.9    nan  1.016  127.2  3.779    nan    nan -126.5
R -131.9  130.9  110.5  177.4  -68.3    nan  1.154  129.3  3.790  5.762  163.5  165.5
L  -92.7   -4.3  116.8 -178.0  -59.6    nan  1.191   85.4  3.727  5.751 -136.9 -141.8
K -123.7  145.2  107.7  178.9  156.9    nan  0.972  126.9  3.772  5.223   46.9   56.8
I  -46.2  128.5  112.2  179.5  -65.6  175.1  1.082   77.5  3.836  5.741  -78.2  -83.8
Y -136.1  171.8  108.2  176.7   61.7    nan  1.046  138.0  3.818  5.820  172.1  169.0
K  -98.5  134.8  108.2  176.2  -63.0    nan  1.056  108.8  3.781  5.459 -109.4 -104.2
D  -77.1 -167.0  112.2  179.4   75.5    nan  1.108   72.5  3.716  5.623 -120.3 -124.1
T  -63.8  -25.5  112.8 -177.6   67.3  -50.5  1.179  104.4  3.832  5.154  -53.5  -41.7
E  -95.3   -2.1  114.1 -178.8  -65.2    nan  1.078   83.8  3.806  5.448   52.7   68.9
G   89.0   15.4  114.6 -177.5    nan    nan    nan   84.6  3.831    nan    nan  -96.8
Y -100.4  140.1  111.0 -178.2  -53.7    nan  1.028  111.4  3.853    nan    nan  101.4
Y  -61.9  124.9  109.4 -178.1  -72.8    nan  1.024   88.3  3.729  5.315  -92.1 -107.9
T -140.6  169.8  106.5 -174.2  -61.3  176.1  0.922  142.4  3.713  5.730  179.6  160.3
I -157.4  169.2  109.7  172.7 -168.3   68.4  1.075  158.6  3.750  5.509  177.2 -168.6
G   65.5 -127.3  112.8  172.9    nan    nan    nan   91.7  3.778    nan    nan   43.9
I -108.1   75.1  110.8  179.4  -54.0 -176.5  1.085  104.3  3.757    nan    nan  -39.9
G   69.1   27.9  115.0 -178.6    nan    nan    nan   97.5  3.759    nan    nan  -46.7
H  -88.1  105.8  111.5  179.0 -178.5    nan  1.084  110.1  3.769    nan    nan  123.4
L  -70.3  131.2  110.8 -178.2  168.9    nan  1.000   91.7  3.780  5.982 -132.2 -146.3
L  -91.7  -45.1  113.3  179.4  -65.0    nan  1.066   72.5  3.722  5.809 -141.4 -141.3
T -171.9  151.6  111.3 -174.6 -172.7   67.8  1.029  153.5  3.774  4.573  -37.5  -29.0
K  -90.5  -14.1  112.8  177.5  -60.3    nan  1.186   84.1  3.788  5.581 -127.3 -122.1
S  -65.1  147.9  108.9  175.1  138.2    nan  1.033   78.4  3.734  5.759   96.5  101.9
P  -81.4   -0.7  115.7 -177.6   14.6    nan  1.056   98.3  3.740  5.415 -107.3 -114.1
S  -87.3  119.3  113.6  179.9 -170.1    nan  1.105  108.9  3.844  5.714   72.4   97.5
L  -61.7  -31.9  111.6  176.7  179.6    nan  1.042  103.3  3.770  5.748 -112.1 -130.3
N  -67.9  -46.2  110.2 -179.4  -64.3    nan  1.077   91.7  3.709  5.270   67.1   87.1
A  -56.3  -40.5  108.5  175.0    nan    nan  1.000  104.5  3.728  5.375   73.3   80.2
A  -64.7  -42.5  112.5  179.7    nan    nan  1.068   94.7  3.766  5.251   65.1   81.7
K  -69.2  -28.9  111.7 -179.6  -82.0    nan  1.022   98.2  3.786  5.309   65.0   77.1
S  -69.7  -42.7  111.6  178.0  175.3    nan  1.112   91.3  3.781  5.283   64.0   86.7
E  -65.1  -43.0  107.4  176.6  -76.2    nan  0.943   97.1  3.813  5.525   69.9   76.0
L  -56.4  -50.4  111.3  176.6  178.4    nan  1.076   96.9  3.737  5.259   68.6   84.6
D  -61.6  -38.9  112.6 -177.3  -68.4    nan  1.080   99.1  3.862  5.351   62.5   78.8
K  -63.2  -40.3  111.5  176.4  172.7    nan  1.042   97.6  3.755  5.314   69.5   82.5
A  -65.2  -44.7  113.3  179.8    nan    nan  1.096   92.7  3.869  5.375   62.2   82.1
I  -84.1  -28.6  113.4 -177.0  -57.5 -179.2  1.054   84.3  3.864  5.163   46.0   62.7
G   80.7   36.2  109.7 -179.1    nan    nan    nan   86.2  3.739    nan    nan -130.0
R -169.4  163.0  109.3  178.8   95.7    nan  1.118  163.3  3.850    nan    nan   45.2
N  -77.6  100.3  106.4  178.4 -129.6    nan  0.996  103.4  3.745  5.232  -83.6  -96.8
T  -89.7  -26.8  115.1 -174.1   65.6  -53.5  1.070   79.2  3.766  6.075 -167.5 -163.2
N   66.1   29.4  111.3 -173.5 -161.2    nan  1.095  101.0  3.706  5.357 -138.6 -138.2
G   79.3    5.7  114.7  177.0    nan    nan    nan   98.2  3.877    nan    nan  -82.6
V -129.2  139.1  112.1 -179.8 -176.3  -59.7  1.047  132.0  3.772    nan    nan   62.4
I -132.2  166.3  108.1 -179.3   62.0  -63.5  1.046  135.0  3.860  5.806 -172.1 -175.6
T  -93.0  165.2  108.8  178.0   62.8  -57.6  0.979   97.7  3.783  5.404 -100.1 -105.3
K  -56.4  -38.7  110.5  178.1 -175.7    nan  1.048  104.5  3.812  5.165  -71.9  -72.3
D  -62.7  -45.5  112.5  178.3  -96.0    nan  1.056   94.5  3.780  5.398   67.8   84.4
E  -65.0  -39.7  111.1 -179.9  -66.7    nan  1.028   96.7  3.745  5.159   63.8   77.8
A  -57.7  -48.4  108.1  175.2    nan    nan  0.996   99.1  3.787  5.367   74.1   84.9
E  -64.2  -28.6  114.3 -179.5  -69.7    nan  1.189  101.8  3.770  5.203   48.6   76.2
K  -69.2  -45.1  109.8  179.2 -173.5    nan  1.108   91.5  3.755  5.599   74.5   88.6
L  -58.9  -41.5  110.7  176.5  -63.3    nan  1.024  100.7  3.805  5.496   75.2   80.2
F  -61.2  -49.2  111.9 -178.7 -171.8    nan  1.048   93.8  3.762  5.215   71.3   85.5
N  -55.8  -43.5  113.0  176.2  -74.7    nan  1.064  100.6  3.754  5.286   66.1   80.2
Q  -67.0  -36.6  110.1  179.0  -52.2    nan  0.979   97.2  3.815  5.406   68.0   76.8
D  -70.0  -36.6  112.1 -176.1  -73.8    nan  1.089   93.7  3.742  5.197   61.0   84.5
V  -66.9  -50.1  110.3  179.2  169.6  -72.0  1.045   90.4  3.811  5.452   68.4   83.0
D  -56.0  -47.1  113.1  177.1 -165.1    nan  0.982   98.1  3.667  5.088   69.3   79.7
A  -61.3  -35.2  109.9 -178.8    nan    nan  0.996  102.7  3.767  5.170   63.7   80.6
A  -62.5  -52.0  111.0 -178.9    nan    nan  1.066   91.9  3.781  5.334   71.6   89.6
V  -54.5  -51.3  108.3  178.8  178.5  -63.5  1.031   99.5  3.764  5.271   69.3   79.7
R  -60.4  -40.9  112.8 -177.3  -84.9    nan  1.237   98.8  3.748  5.174   49.0   78.3
G  -57.0  -44.5  112.4  175.1    nan    nan    nan   99.5  3.759    nan    nan   85.9
I  -59.4  -49.0  109.8  178.4  -76.4  161.7  1.025   96.6  3.778    nan    nan   82.1
L  -63.5  -23.4  114.5 -175.8  -64.4    nan  1.106  105.2  3.819  5.225   59.7   79.4
R  -92.9   -9.8  110.4 -179.8  -70.1    nan  1.007   83.8  3.801  5.426   59.5   71.3
N  -90.4  129.1  110.4  179.4 -160.8    nan  1.065  106.0  3.771  5.417   66.1   86.0
A  -74.1  -27.9  113.9 -178.3    nan    nan  1.148   93.4  3.747  5.792 -123.0 -127.3
K  -76.2  -32.1  108.4  177.0 -104.6    nan  0.921   92.3  3.797  5.535   78.5   80.0
L  -92.5  -48.6  118.3 -172.6  -55.4    nan  1.173   67.4  3.753  4.901   36.6   71.2
K  -46.1  -50.0  115.4 -175.2 -169.7    nan  1.054  102.1  3.660  5.196   90.0   99.1
P  -63.4  -30.3  112.7 -176.9    5.9    nan  1.049  102.3  3.721  5.040   58.4   78.9
V  -73.2  -42.7  110.7  175.8 -176.9  -54.4  1.083   89.0  3.776  5.528   59.6   80.9
Y  -63.6  -39.3  110.5 -176.2  177.9    nan  1.002   98.4  3.703  5.161   71.6   83.7
D  -66.2  -26.6  113.2  178.7  -84.6    nan  1.021  101.5  3.751  5.296   64.5   81.2
S  -76.3  -20.9  113.3  179.9   85.8    nan  1.075   94.8  3.762  5.221   64.2   84.8
L  -82.5  157.7  117.5 -176.6  -54.2    nan  1.080   93.1  3.793  5.471   66.1   89.0
D  -73.6  169.0  108.9  169.7   60.9    nan  1.047   77.4  3.803  5.357  -96.1 -104.3
A  -61.5  -39.9  115.5 -174.8    nan    nan  1.172   97.1  3.861  5.255  -73.5  -66.9
V  -67.0  -44.4  109.9  179.2 -178.5  -62.3  1.040   93.4  3.796  5.486   66.7   80.7
R  -68.4  -32.1  111.5 -178.6  -68.3    nan  1.100   97.5  3.779  5.271   54.0   76.5
R  -57.9  -37.3  109.0  175.4  -70.5    nan  1.011  104.8  3.814  5.685   86.6   92.3
A  -62.6  -39.8  110.1  178.9    nan    nan  1.064   99.1  3.762  5.321   71.4   85.8
A  -61.6  -37.2  112.4  176.4    nan    nan  1.105  100.2  3.819  5.480   66.5   83.0
A  -65.8  -42.2  111.7  178.8    nan    nan  1.037   94.4  3.838  5.490   73.8   83.4
I  -63.9  -43.1  111.5  178.4  -63.0  173.9  1.079   95.5  3.755  5.221   63.8   80.2
N  -57.0  -43.4  110.7  178.5 -168.4    nan  1.005  101.0  3.865  5.419   76.4   85.7
M  -66.0  -42.9  113.5  179.3  -75.7    nan  1.076   92.9  3.761  5.293   59.1   78.7
V  -66.1  -38.3  107.9 -177.9  165.7  -81.3  1.060   98.3  3.796  5.326   64.6   80.3
F  -61.8  -41.9  111.2  179.5 -176.5    nan  0.967   97.9  3.817  5.454   80.3   85.7
Q  -74.3  -42.1  113.9  180.0  171.4    nan  1.081   86.5  3.737  5.050   50.0   72.6
M -118.2   -1.7  119.0 -173.6   74.0    nan  1.214   60.9  3.755  4.721    3.3   37.9
G   79.7  162.6  109.9 -179.6    nan    nan    nan   74.3  3.696    nan    nan -107.0
E  -61.7  -29.2  111.5 -179.3 -104.4    nan  0.946  104.8  3.756    nan    nan  -80.3
T  -79.6  -33.1  114.2 -178.8  -97.3  141.4  1.092   86.1  3.741  4.999   55.4   79.2
G  -72.5  -28.4  108.9 -179.5    nan    nan    nan   96.7  3.754    nan    nan   82.3
V  -88.7    1.1  112.9 -175.8  -45.5   72.4  1.254   91.8  3.788    nan    nan   73.5
A  -66.9  -32.5  112.3  178.6    nan    nan  1.086   98.3  3.780  5.977  111.4  117.1
G  -79.6   -4.0  116.5 -178.6    nan    nan    nan   98.6  3.831    nan    nan   78.5
F  -90.5   19.5  116.1 -177.8  -72.4    nan  1.104   97.9  3.851    nan    nan   93.4
T  -41.1  -53.9  117.3  179.2  -66.4  177.1  1.007  101.6  3.792  6.047  160.8  159.5
N  -64.3  -34.1  112.9  178.0  -52.9    nan  1.105   99.4  3.730  4.933   50.4   71.0
S  -70.4  -41.9  108.9  178.6  -67.8    nan  0.973   92.6  3.785  5.511   76.6   81.9
L  -54.8  -47.5  110.4 -178.5  -66.5    nan  1.019  100.3  3.789  5.257   78.6   90.3
R  -62.1  -35.9  111.7  179.8 -177.8    nan  1.053  100.8  3.700  5.039   62.1   78.2
M  -68.5  -40.8  110.5  178.5  -74.9    nan  1.082   93.7  3.795  5.506   62.0   81.8
L  -62.5  -42.6  111.4  179.8  -71.9    nan  1.110   96.9  3.751  5.370   67.8   84.0
Q  -59.8  -37.5  110.6  180.0  170.5    nan  1.056  102.3  3.777  5.418   70.4   84.7
Q  -82.9   -2.6  112.3 -179.7  -71.5    nan  0.965   96.1  3.799  5.354   57.0   68.8
K   66.3   36.9  114.4  178.6  -44.7    nan  1.187   95.4  3.808  5.522 -130.5 -122.4
R  -96.9   82.3  104.5  176.6  -77.2    nan  0.921  103.3  3.748  5.980  126.3  118.1
W  -60.6  -52.5  120.3 -173.8  -30.2    nan  1.406   87.2  3.732  6.177  172.6 -150.8
D  -64.1  -34.4  110.2 -176.4  -77.5    nan  1.075  100.7  3.746  5.512   74.0   77.3
E  -66.7  -46.5  114.2  179.7  -43.5    nan  1.187   90.0  3.716  5.289   59.3   86.4
A  -61.1  -41.8  108.6  178.9    nan    nan  0.966  100.1  3.777  5.482   73.5   79.5
A  -57.9  -40.6  109.8 -178.7    nan    nan  1.075  102.6  3.844  5.276   67.6   87.3
V  -72.2  -39.2  112.0  176.8  165.9  -76.3  1.036   90.6  3.763  5.339   57.8   72.9
N  -67.6  -38.9  111.3  178.8 -175.3    nan  1.028   94.9  3.823  5.387   63.3   80.2
L  -60.1  -30.6  112.6 -179.9  -75.1    nan  1.004  105.0  3.821  5.519   77.8   88.8
A  -71.8  -18.8  112.7 -176.8    nan    nan  1.169  100.2  3.797  5.252   60.3   87.8
K  -86.3   71.2  109.8  178.6  -57.5    nan  1.019  109.9  3.764  5.615   70.1   81.1
S -153.7  157.8  109.1 -173.8   61.3    nan  0.980  152.2  3.712  5.359  100.1   99.9
R  -60.8  -38.0  110.5  174.2  171.0    nan  0.951  101.3  3.726  5.265  -77.5  -86.4
W  -50.8  -47.3  111.4  178.9  168.6    nan  0.974  102.7  3.835  5.282   84.8   96.2
Y  -68.9  -40.1  110.0 -176.7  176.1    nan  0.997   94.0  3.755  5.027   57.3   74.6
N  -70.9  -32.1  114.0 -178.6  -73.8    nan  1.113   94.1  3.805  5.237   53.6   78.6
Q  -82.6  -39.8  113.4 -180.0  -66.0    nan  1.020   81.2  3.762  5.416   61.5   74.7
T -129.1   69.6  107.7 -177.6   55.9  -64.4  1.073   90.1  3.786  4.812   -2.4   21.3
P  -62.1  -44.3  115.9 -176.5   12.1    nan  1.021   93.7  3.715  6.042 -161.6 -169.6
N  -64.5  -41.7  113.9 -177.6  -60.9    nan  1.195   94.5  3.829  5.320   50.8   83.2
R  -67.5  -46.9  110.6  178.2 -174.4    nan  1.007   91.4  3.770  5.414   72.7   77.7
A  -52.1  -46.3  110.5  177.3    nan    nan  1.152  103.0  3.802  5.277   64.9   85.7
K  -61.5  -38.7  114.5  179.8  -72.9    nan  1.047   98.3  3.819  5.487   73.1   80.5
R  -62.5  -45.2  110.6  179.2  -73.9    nan  1.028   95.9  3.785  5.379   75.5   85.9
V  -66.9  -42.9  110.8 -177.8  172.1  -59.7  1.073   93.7  3.840  5.189   60.7   77.2
I  -60.7  -45.6  111.3  176.4  -65.8  169.3  1.128   96.7  3.832  5.442   62.4   80.5
T  -60.5  -35.4  111.0  179.4  -72.0  166.3  0.997  102.8  3.822  5.427   75.4   81.0
T  -65.3  -44.1  110.7  179.6  -56.2 -175.1  1.058   94.4  3.717  5.199   65.6   85.4
F  -69.4  -35.1  111.9  178.3  -85.7    nan  1.001   95.0  3.782  5.361   62.7   73.6
R  -67.7  -43.6  113.4 -179.4 -162.6    nan  1.091   91.2  3.719  5.187   66.5   85.3
T  -97.7  -22.7  116.8 -174.6   66.3  -56.8  1.165   72.8  3.757  4.996   26.9   55.0
G   69.2   17.1  111.0 -175.2    nan    nan    nan  104.0  3.755    nan    nan -132.4
T -127.1  169.7  110.6  179.3   77.1  -45.4  0.961  130.1  3.945    nan    nan   73.6
W  -97.5   18.8  111.0 -179.9  -65.6    nan  0.991   89.5  3.810  5.330 -107.6 -104.0
D  -51.6  -40.7  117.9 -177.3  -59.9    nan  1.224  103.5  3.795  5.975  129.0  153.5
A  -62.2  -21.8  110.6 -178.8    nan    nan  1.046  108.5  3.797  5.518   79.7   86.7
Y  -99.2    1.9  113.6 -177.6  -71.2    nan  1.167   81.6  3.768  5.247   39.7   69.3
K -102.5    nan  109.9  177.6  -54.9    nan  1.140    nan  3.795  5.643   63.5   84.2
