Id   phi    psi    tau  omega    chi    chi2  solid    eta  CA-CA  CB-CB  BA^AB  NA^AC
M    nan -170.7  110.6    nan  177.0    nan  1.152    nan    nan    nan    nan    nan
N -148.8  165.4  114.5 -177.9   50.1    nan  1.109  151.8  3.743  5.357 -138.3 -129.8
L  -59.7  -35.4  112.2 -179.0 -161.7    nan  1.041  102.8  3.635  4.912  -64.1  -76.6
F  -67.9  -47.7  110.3 -176.2  172.3    nan  1.044   90.9  3.678  5.180   66.9   86.7
E  -61.6  -50.6  107.1 -177.4  -98.1    nan  1.063   95.8  3.706  5.124   58.6   79.2
M  -47.6  -61.6  110.3  177.5  169.6    nan  1.040   95.5  3.690  5.167   72.3   85.5
L  -60.3  -36.0  112.0  178.3  -86.7    nan  1.094  102.1  3.788  5.159   47.2   65.8
R  -52.8  -50.5  109.5  176.9  175.1    nan  1.043  100.3  3.734  5.438   86.5   94.6
I  -68.3  -50.0  112.9  179.3  -59.7  166.6  1.114   87.7  3.878  5.333   50.9   68.7
D  -66.8  -48.3  115.4 -176.1  -74.3    nan  1.092   88.2  3.889  5.213   60.9   76.0
E  -83.3  -66.2  115.4 -177.7 -152.8    nan  1.126   69.9  3.791  4.901   35.3   60.6
G  115.1  141.3  104.3 -177.6    nan    nan    nan  101.1  3.781    nan    nan -125.6
L -102.9  115.6  107.2  177.9 -171.1    nan  1.059  110.9  3.804    nan    nan -145.6
R -112.5  141.6  107.0  178.6  -33.6    nan  1.164  117.8  3.822  6.031  176.9  180.0
L -116.0   19.1  109.6 -176.3  -49.6    nan  1.183   71.6  3.723  5.762 -152.1 -151.7
K -140.6  126.7  112.7  177.0  -42.6    nan  1.192  131.2  3.665  5.329   42.9   62.8
I  -39.1  118.6  108.3 -177.3  -63.4  178.4  1.066   78.6  3.789  5.737  -70.4  -95.7
Y -123.7  162.1  112.3  177.8   62.6    nan  1.086  128.7  3.857  6.006 -177.3  168.3
K  -90.9  132.5  116.1  178.8  -95.7    nan  1.268  109.6  3.745  5.295 -118.4 -108.5
D  -68.2  165.4  108.5  178.1 -128.6    nan  0.843   73.4  3.848  5.401  -77.3 -127.7
T  -61.2  -39.5  105.2  175.1   43.4  -80.1  0.972  103.0  3.701  5.095  -82.9  -78.9
E  -73.8  -15.8  110.9  177.8  -47.9    nan  1.110  100.1  3.801  5.220   48.1   70.7
G   92.3    9.2  115.7  179.1    nan    nan    nan   83.7  3.862    nan    nan -110.1
Y  -85.8  129.8  111.8  178.9  -56.1    nan  1.037  103.7  3.777    nan    nan  107.4
Y  -48.5  124.3  112.6  177.8  -72.2    nan  1.069   82.2  3.720  5.521  -94.0 -105.4
T -134.1  173.1  108.2 -179.2  -40.1 -163.6  0.939  135.9  3.760  5.775  179.5  167.1
I -168.7  155.6  112.3  179.1 -166.9   71.4  1.051  157.5  3.806  5.389  177.5 -175.7
G   78.8 -142.2  107.4  178.6    nan    nan    nan   91.5  3.863    nan    nan   44.1
I  -92.8   81.7  106.4  174.8  -95.3  140.3  1.002  105.8  3.732    nan    nan  -46.7
G   51.5   48.9  116.7 -178.2    nan    nan    nan   98.3  3.815    nan    nan  -55.1
H  -96.9  122.9  105.4  177.2 -175.8    nan  1.018  106.7  3.781    nan    nan  128.6
L  -87.9  129.6  111.2 -178.3 -176.0    nan  1.096  104.8  3.744  5.898 -141.6 -145.2
L  -87.9  -64.8  108.5  178.3  -59.4    nan  1.101   74.3  3.859  5.909 -134.4 -144.7
T -150.5  160.1  114.9  178.8 -155.8   78.2  1.088  152.7  3.716  4.625  -44.4  -26.1
K  -90.8  -18.1  108.2  173.9  -54.6    nan  1.082   83.7  3.782  5.463 -112.8 -116.6
S  -64.6  126.9  110.8  176.3 -149.4    nan  1.071   89.9  3.861  5.746   85.8   99.0
P  -64.8    2.5  112.7 -178.1   22.5    nan  0.906  116.1  3.789  5.571  -93.8 -122.2
D  -93.7  104.9  117.5 -176.7 -151.9    nan  1.190  117.5  3.815  5.378   62.9   98.5
L  -48.2  -40.4  112.7  177.8 -164.0    nan  1.122  108.8  3.764  5.842 -110.9 -132.4
N  -64.3   -6.4  113.6 -179.9  -91.2    nan  1.152  113.0  3.800  5.332   62.9   83.3
V -103.5  -33.9  109.5  176.6 -171.9  -54.8  1.200   68.0  3.775  5.498   45.4   73.7
A  -56.4  -53.0  105.4  174.9    nan    nan  0.988   99.1  3.794  5.782   87.9   90.7
K  -41.5  -66.7  111.5  178.3  -58.7    nan  0.985   94.2  3.786  5.171   83.4   89.4
S  -48.4  -40.9  114.0  178.5    5.2    nan  1.032  107.6  3.719  4.800   60.8   73.2
E  -67.9  -44.4  109.6 -178.1  -82.0    nan  1.098   92.9  3.739  5.139   57.1   80.8
L  -53.2  -70.0  110.4  178.6 -172.3    nan  0.917   86.7  3.644  5.241   85.8   87.8
D  -45.6  -52.3  106.6 -179.6  -55.4    nan  1.044  105.5  3.765  4.872   54.7   72.6
K  -46.4  -46.9  107.3  178.7  169.5    nan  1.024  108.3  3.717  5.370   79.4   85.6
A  -64.9  -46.7  116.2 -177.9    nan    nan  1.112   90.0  3.803  5.176   58.8   77.9
I  -73.7  -39.0  114.8 -177.0  -67.1  175.3  1.103   87.9  3.800  5.012   50.6   72.3
G   93.4   30.0  110.4 -177.8    nan    nan    nan   77.0  3.809    nan    nan -125.3
R -168.6  173.0  114.8 -176.0  124.7    nan  1.119  169.4  3.829    nan    nan   43.3
N  -90.6   86.2  112.5  179.7 -129.5    nan  1.085  112.4  3.686  5.293  -97.6  -92.2
C  -56.9  -60.3  116.2 -176.7  -64.5    nan  1.172   87.1  3.817  6.086 -146.1 -153.6
N   90.5   14.0  111.2  179.3  -61.6    nan  1.144   84.5  3.755  5.309 -151.8 -148.7
G   92.2   27.9  108.9  179.1    nan    nan    nan   79.3  3.691    nan    nan  -79.8
V -151.6  131.6  115.1 -178.0  161.1  -76.6  1.030  137.3  3.738    nan    nan   60.8
I -123.7 -177.2  110.8 -178.1   57.4  -66.1  1.073  122.6  3.671  5.607 -174.1 -174.6
T -127.1  131.6  110.8  179.8   75.2  -49.8  0.943  127.7  3.629  5.079 -116.9 -117.0
K  -17.3  -60.4  115.0  174.8  167.4    nan  1.076  111.2  3.793  5.321  -64.5  -76.9
D  -50.8  -30.5  111.8 -179.9  -55.0    nan  1.173  113.5  3.771  5.299   58.6   78.3
E  -73.9  -60.7  110.7  174.8  -82.3    nan  1.067   80.8  3.799  5.533   69.1   77.6
A  -41.9  -33.9  113.5  173.9    nan    nan  1.123  118.0  3.868  5.363   69.8   80.1
E  -75.1  -27.0  113.7 -179.1  177.3    nan  1.073   93.0  3.869  5.499   65.3   79.9
K  -74.1  -51.6  107.3  177.9 -173.7    nan  1.055   86.9  3.753  5.451   68.1   83.9
L  -45.8  -47.6  104.7  179.0  -89.1    nan  0.953  109.7  3.847  5.388   82.8   86.4
F  -58.1  -66.7  112.0  179.1 -175.8    nan  1.096   85.2  3.722  5.029   61.4   78.8
N  -50.5  -19.9  113.5 -179.2  -31.7    nan  1.175  119.5  3.727  5.253   55.2   73.2
Q  -80.4  -59.3  108.3 -176.1  -90.3    nan  0.941   79.6  3.748  5.555   86.4   88.8
D  -49.7  -38.8  105.8  179.0  -81.4    nan  0.956  112.0  3.723  4.832   65.1   76.3
V  -60.2  -59.7  114.9  178.8  164.1  -71.4  1.187   86.3  3.728  5.340   59.2   87.2
D  -63.0  -12.6  118.6 -177.9   62.0    nan  1.464  110.5  3.825  5.239   30.6   71.3
A  -72.9  -49.5  107.5  174.0    nan    nan  0.901   88.4  3.760  5.871  111.7   94.3
A  -54.9  -54.7  109.1  176.2    nan    nan  0.954   96.5  3.818  5.079   67.8   78.2
V  -50.5  -44.9  114.2  177.1  174.9  -65.6  1.105  103.1  3.677  4.940   63.4   80.3
R  -69.2  -35.6  110.7 -179.1  -86.1    nan  1.086   95.5  3.765  5.272   56.9   75.6
G  -63.5  -39.6  108.8  176.6    nan    nan    nan   99.2  3.688    nan    nan   84.8
I  -57.2  -51.6  108.9  177.5  -87.4  142.2  1.157   97.1  3.851    nan    nan   86.8
L  -64.1  -27.2  115.4  178.8  -46.4    nan  1.040  102.2  3.831  5.468   67.7   72.1
R  -74.4  -35.7  110.6  178.8   94.9    nan  1.115   91.2  3.783  5.349   63.6   85.0
N  -66.4  131.4  109.8  177.6 -171.9    nan  1.168   88.1  3.815  5.487   61.9   82.8
P  -84.9  -13.7  111.9 -172.6   20.2    nan  1.009   89.9  3.774  5.741 -117.0 -128.2
K  -92.2  -12.3  115.0  178.2 -136.1    nan  0.996   82.7  3.828  5.257   57.1   78.1
L -113.2  -23.5  107.7 -178.9  -69.7    nan  1.020   61.8  3.950  5.416   36.5   61.7
K  -61.1  -46.8  115.1 -176.6  178.1    nan  1.228   93.4  3.701  5.397   75.5  104.2
P  -63.9  -43.5  113.2 -178.5   16.4    nan  1.030   94.4  3.805  5.408   70.6   80.1
V  -59.3  -76.4  108.9  176.5 -163.2  -40.0  0.934   81.3  3.843  5.319   72.6   81.5
Y  -35.3  -45.6  111.2  177.6  172.3    nan  1.004  114.9  3.747  4.867   65.7   74.5
D  -65.0  -28.4  114.2 -176.6 -156.4    nan  0.985  101.3  3.732  5.056   68.6   80.7
S  -86.6  -36.0  110.9 -178.2   77.4    nan  1.167   80.7  3.770  5.129   40.7   74.2
L  -50.9  156.8  113.5  175.6  -74.2    nan  1.031   62.8  3.805  5.561   90.4   95.9
D  -92.4  169.7  105.2  176.1   51.2    nan  0.959   95.0  3.820  5.514 -111.9 -121.6
A  -47.6  -35.3  116.9 -178.6    nan    nan  1.060  110.9  3.837  5.158  -51.8  -55.3
V  -92.1  -30.9  112.8 -175.7 -170.3  -47.8  1.043   76.7  3.707  4.891   45.2   66.9
R  -70.7  -37.6  107.6  177.6  -41.8    nan  1.264   95.0  3.657  5.343   45.2   83.6
R  -51.3  -39.1  115.7  175.1  -55.3    nan  1.143  105.8  3.924  5.972   88.6   93.4
C  -65.7  -32.0  109.2  177.5  -55.0    nan  1.086  101.0  3.889  5.418   69.4   80.6
A  -70.1  -43.5  110.8  175.0    nan    nan  1.189   91.0  3.705  5.434   54.2   80.9
L  -58.2  -57.1  109.3  177.5 -151.9    nan  1.013   92.9  3.939  5.653   76.4   82.8
I  -47.8  -49.4  115.2  173.2  -63.6  174.7  1.110  101.4  3.799  5.193   62.6   77.6
N  -56.4  -24.2  110.9 -179.1  177.5    nan  1.013  112.6  3.751  5.195   74.5   83.5
M  -86.8  -49.4  113.4 -175.2 -102.5    nan  1.039   74.7  3.812  5.285   56.9   79.5
V  -51.7  -55.4  103.0  174.5  149.7  -89.4  0.846  101.9  3.696  5.212   87.2   81.0
F  -48.5  -49.4  110.4  178.4 -112.6    nan  0.949  103.5  3.804  5.117   79.2   80.1
Q  -71.1  -30.1  112.9 -173.8  178.4    nan  1.072   95.5  3.612  4.877   52.8   74.3
M -126.3    2.3  115.8 -175.6  -61.6    nan  1.149   54.7  3.786  4.904    9.3   37.9
G   80.9  151.6  105.6  176.1    nan    nan    nan   74.7  3.703    nan    nan -104.3
E  -53.9  -20.8  113.5  179.6  160.1    nan  1.012  115.9  3.765    nan    nan  -85.6
T  -86.5  -63.7  111.8 -179.3  -89.4  144.9  1.313   72.2  3.666  5.161   35.6   81.3
G  -47.3  -36.5  112.6  178.9    nan    nan    nan  112.2  3.831    nan    nan   76.7
V  -65.8  -51.2  111.0 -179.7  171.3  -66.1  1.118   90.1  3.768    nan    nan   85.2
A  -54.7  -10.9  114.4 -179.8    nan    nan  1.245  120.3  3.803  5.359   58.0   82.7
G -105.8   49.5  114.2 -178.8    nan    nan    nan   97.0  3.826    nan    nan   73.7
F -132.0   58.5   99.0  179.5  -82.0    nan  0.878   75.6  3.741    nan    nan   93.4
T  -49.4  -45.4  114.8 -175.4  -45.5 -164.4  1.000  103.4  3.706  6.005 -174.8 -164.8
D  -76.0  -67.9  111.6 -175.4  -77.7    nan  1.027   76.1  3.747  4.903   48.7   71.4
S  -44.5  -35.9  112.7  179.1  -33.3    nan  1.117  114.7  3.778  5.133   60.8   76.1
L  -66.4  -37.0  111.5 -177.4  -94.0    nan  1.121   96.8  3.724  5.327   71.5   87.4
R  -66.7  -47.3  110.0  179.3 -111.7    nan  1.018   92.1  3.672  5.317   70.9   82.8
M  -56.4  -49.5  108.9  178.0  -50.1    nan  0.988   98.9  3.746  5.268   71.0   81.5
L  -55.1  -40.2  109.2 -179.8  -59.9    nan  1.111  105.2  3.752  5.259   62.4   82.3
Q  -62.5  -32.8  114.6 -178.8 -176.3    nan  1.047  100.9  3.639  5.364   75.0   86.6
Q  -84.1  -21.5  116.2 -176.0 -107.5    nan  1.115   86.3  3.725  4.996   50.1   75.1
K   94.4   35.2  115.0  178.5  -69.7    nan  1.291   72.2  3.794  5.431 -124.9 -113.2
R -114.7   64.7  108.2 -178.8  -47.6    nan  1.024   94.5  3.707  5.814  108.4  103.6
W  -39.4  -53.9  113.4  178.2  -50.1    nan  1.088  104.6  3.645  5.955 -153.4 -159.0
D  -68.1  -31.0  116.0 -177.3  -76.5    nan  1.157   96.4  3.804  5.218   47.0   71.7
E  -71.8  -55.0  111.6 -179.2  -75.3    nan  0.946   83.8  3.775  5.252   78.2   85.3
A  -50.6  -50.7  110.3  176.1    nan    nan  0.921  101.2  3.761  4.975   66.7   79.2
A  -60.3  -44.7  113.7  180.0    nan    nan  1.057   96.1  3.686  4.840   54.5   77.4
A  -59.6  -40.8  106.3  179.4    nan    nan  0.861  103.0  3.708  5.130   78.3   82.2
N  -54.0  -61.6  113.4  177.4 -111.6    nan  1.025   89.8  3.705  4.976   67.4   89.2
L  -51.2  -34.8  109.9  178.7  -48.9    nan  1.040  111.3  3.809  5.089   60.1   75.2
A  -60.0  -10.1  114.9 -178.2    nan    nan  1.002  115.4  3.732  5.423   85.9   94.3
K  -97.1  -33.2  114.7 -176.6  -21.0    nan  1.216   70.7  3.715  5.055   48.5   84.4
S  -36.5  165.2  116.0  177.8   65.8    nan  1.152   44.7  3.774  5.702  102.8  114.4
R  -76.5  -42.8  104.4  178.9 -175.3    nan  0.959   90.4  3.738  5.122  -76.8  -95.0
W  -42.7  -66.2  109.5  178.9  162.4    nan  0.925   95.2  3.790  5.203   93.0   97.0
Y  -53.8  -21.2  110.6  175.8 -179.4    nan  0.942  116.6  3.678  4.606   53.7   65.1
N  -88.0  -12.8  114.1 -178.4 -115.8    nan  1.054   86.7  3.738  5.231   53.1   81.7
Q  -87.5  -55.1  111.4 -175.4  -90.7    nan  1.029   74.1  3.723  5.351   70.2   89.2
T -122.0   73.5  111.2 -178.2   43.8  -72.2  1.042   98.3  3.788  4.551   -7.0   13.0
P  -57.5  -65.4  116.9 -176.4   -7.0    nan  1.056   82.9  3.791  6.098 -160.4 -162.9
D  -47.2  -44.3  110.6 -177.7  -25.9    nan  1.200  107.8  3.785  5.158   53.9   79.8
R  -64.5  -45.5  110.4  178.9 -143.6    nan  0.960   94.4  3.732  5.365   77.3   77.9
A  -59.5  -46.1  111.6 -178.6    nan    nan  1.056   97.1  3.824  5.126   61.0   83.2
K  -53.8  -54.6  111.8  176.7  -81.7    nan  0.980   95.7  3.768  5.287   78.5   85.0
R  -55.4  -44.2  112.5  179.8  -46.7    nan  1.028  100.8  3.781  5.031   64.5   78.3
V  -71.4  -47.8  110.0 -178.9 -173.3  -47.4  1.062   88.5  3.745  5.116   53.4   73.8
I  -56.3  -52.7  111.1  177.3  -73.7  164.5  1.020   95.6  3.743  5.415   72.1   81.5
T  -46.3  -45.8  115.3  177.9  -67.9  171.5  1.033  105.1  3.732  5.194   80.1   87.6
T  -61.1  -30.7  113.1 -178.5  -44.4  179.0  1.043  103.9  3.710  5.094   69.8   83.5
F  -67.6  -54.2  110.9  179.3  -94.5    nan  1.028   87.4  3.845  5.394   73.9   87.8
R  -49.5  -71.8  110.8  173.5 -132.6    nan  0.821   86.9  3.754  4.913   81.3   78.2
T  -69.2  -45.3  114.5 -176.8   59.0  -62.8  1.071   88.5  3.797  4.446   22.0   52.8
G   80.9   40.1  109.5  179.7    nan    nan    nan   84.8  3.690    nan    nan -145.6
T -152.2  171.2  111.6  178.5   62.2  -62.2  1.067  154.2  3.817    nan    nan   68.2
W  -82.2   -3.0  113.9 -179.6  -54.3    nan  1.029   96.6  3.786  5.218  -83.6  -87.0
D  -37.5  -40.9  111.3 -176.3  -60.2    nan  1.142  117.0  3.652  5.747  129.9  145.1
A  -63.0  -18.4  118.1 -173.6    nan    nan  1.274  107.3  3.739  5.275   60.2   91.3
Y -106.9   -0.3  114.1 -174.9  -77.6    nan  0.947   73.0  3.853  5.410   60.1   65.7
K  -85.5  -19.6  121.7 -174.4  -49.4    nan  1.506   84.1  3.772  5.227   47.4  107.8
N -141.1   76.0  107.3  177.9  -86.3    nan  0.946   89.6  3.731  5.361   36.0   25.7
L  -95.4    nan  109.4 -179.5  -81.8    nan  1.045    nan  3.755  5.988  153.6  161.3
