Id   phi    psi    tau  omega    chi    chi2  solid    eta  CA-CA  CB-CB  BA^AB  NA^AC
P    nan -152.7  109.1    nan   31.7    nan  0.966    nan    nan    nan    nan    nan
Y -107.5  137.8  112.4 -179.4  -57.8    nan  1.037  117.9  3.801  5.016  -86.9  -67.9
T -136.3  126.5  109.1  177.8  -60.7  179.0  1.014  127.7  3.794  5.738 -176.2  176.2
V -105.0  123.8  107.5  178.9  170.7  -66.7  0.986  112.7  3.791  5.856 -153.2 -162.8
V -110.7  112.3  107.3  178.6 -174.4  -52.4  1.001  113.1  3.823  5.961 -166.1 -169.8
Y -156.6  169.7  113.9 -177.3 -160.2    nan  1.039  158.7  3.791  5.635  140.4  134.0
F  -74.0  163.9  105.6  177.2  -57.4    nan  0.962   78.9  3.783  5.233  -79.9  -85.1
P  -75.8   66.4  113.9  179.9   30.1    nan  1.011  117.3  3.819  5.349  -91.5  -88.4
V -150.1  162.5  107.6  179.2  -42.3   79.7  1.007  150.7  3.821  5.727   87.8   92.9
R  -73.4  -62.2  107.1  178.6  -63.2    nan  0.992   83.3  3.809  5.388  -86.2  -91.3
G   37.8 -129.8  117.9  178.1    nan    nan    nan   73.4  3.803    nan    nan  154.3
R  -77.9    6.4  115.0 -178.3  -85.6    nan  1.099  104.8  3.796    nan    nan   -8.7
C -109.7   -9.6  111.7  178.1  -80.8    nan  1.047   67.0  3.812  5.603   64.6   81.7
A  -56.1  -49.1  113.8 -179.6    nan    nan  1.074   96.5  3.816  5.753  105.9  119.6
A  -62.1  -48.4  113.8 -179.3    nan    nan  1.077   92.5  3.820  5.257   62.4   78.8
L  -66.5  -30.2  111.8 -179.5   62.2    nan  1.077  100.0  3.805  5.267   57.3   74.7
R  -69.9  -42.5  108.3  178.6  -78.8    nan  1.006   93.1  3.818  5.528   74.1   85.1
M  -60.0  -41.1  108.5  179.0  -71.4    nan  1.003  101.3  3.814  5.365   71.8   82.6
L  -60.8  -50.9  110.9 -179.9 -175.3    nan  1.032   93.8  3.796  5.299   70.7   84.5
L  -60.3  -46.7  111.1 -179.0  -72.3    nan  1.046   96.4  3.808  5.213   62.3   77.6
A  -61.8  -49.4  112.1 -179.9    nan    nan  1.050   93.2  3.811  5.276   64.8   79.6
D  -63.4  -29.2  112.7 -179.9 -164.1    nan  1.053  102.9  3.800  5.198   60.7   76.0
Q  -89.3    1.5  111.3 -179.7  -70.3    nan  1.049   91.2  3.812  5.295   50.0   70.1
G   67.8   30.0  114.5  179.0    nan    nan    nan   97.8  3.790    nan    nan -117.1
Q  -95.3  142.4  110.6  179.7  -61.3    nan  1.022  106.6  3.794    nan    nan  117.6
S  -89.9  147.2  107.7  178.6  -27.0    nan  0.989   99.4  3.781  5.677 -123.2 -130.5
W -155.9  162.0  108.7  177.8   81.2    nan  1.040  155.4  3.812  5.601  168.9  167.5
K -113.4  142.7  109.5  180.0  158.4    nan  1.008  120.1  3.814  5.541 -127.8 -129.8
E -104.5  129.8  109.1  178.9  -69.8    nan  1.009  113.8  3.809  5.776 -140.2 -143.4
E -116.8  102.8  103.7  177.8  -82.2    nan  0.949  107.9  3.788  5.810 -162.8 -172.2
V  -83.1  127.9  112.4 -178.4 -176.0  -54.2  1.060  103.0  3.783  6.064 -159.8 -159.1
V -105.8  119.8  110.0  179.3 -179.5  -57.9  1.026  114.9  3.789  5.863 -153.3 -161.8
T  -81.5  160.7  110.5  179.8   66.0  -54.7  1.017   88.6  3.807  5.924 -134.4 -145.4
V  -60.1  -35.9  110.6 -179.7  117.5 -120.1  1.043  103.0  3.789  5.295  -74.7  -79.9
E  -64.8  -47.8  110.7  179.8  -56.9    nan  1.032   92.8  3.796  5.401   72.3   85.9
T  -60.7  -40.7  109.9  179.5  -65.2  174.4  1.018  100.2  3.802  5.303   67.1   78.5
W  -65.8  -46.8  110.1  180.0 -168.1    nan  1.027   93.0  3.789  5.299   67.3   80.5
Q  -62.8  -20.2  111.7 -180.0  -89.3    nan  1.055  108.4  3.789  5.217   62.7   78.1
E  -61.2  -40.7  107.1  178.3 -168.8    nan  0.998  101.4  3.792  5.652   92.0  102.0
G  103.8  -29.4  122.1  177.1    nan    nan    nan   92.6  3.810    nan    nan -127.3
S  -61.1  -46.1  113.8 -179.0   65.0    nan  1.079   94.6  3.798    nan    nan   99.3
L  -60.4  -54.3  109.8  179.6 -148.1    nan  1.014   92.8  3.818  5.373   70.8   81.2
K  -51.7  -47.7  112.0 -179.5  175.5    nan  1.043  101.5  3.805  5.166   69.3   81.8
A  -60.2  -29.4  111.8  180.0    nan    nan  1.049  105.9  3.804  5.247   65.1   80.1
S  -82.9  -12.3  113.1 -179.9   77.1    nan  1.060   92.2  3.812  5.332   56.3   76.0
C  -80.7  132.4  109.1  179.4  -68.9    nan  1.006   97.4  3.829  5.614   78.5   92.3
L  -44.3  -51.4  114.7 -178.3  179.9    nan  1.085  102.6  3.823  5.618  -84.3  -94.9
Y -109.0   20.2  111.0  179.9  -57.8    nan  1.039   79.1  3.799  4.891   10.5   30.9
G   63.6   26.1  114.7  179.2    nan    nan    nan  103.5  3.796    nan    nan -103.3
Q -142.9  169.1  114.9 -179.0  -59.5    nan  1.064  146.2  3.794    nan    nan   67.5
L -115.1  159.9  104.9  178.0  -62.8    nan  0.969  118.6  3.796  5.377 -123.8 -126.4
P  -69.6  153.0  119.3    0.9   32.3    nan  1.060   84.1  2.980  4.742   83.2   75.0
K -117.7  141.8   99.7  175.6  165.4    nan  0.912  117.2  3.768  5.612 -142.3 -153.9
F -134.4  144.5  110.7 -179.0 -172.2    nan  1.017  135.7  3.818  5.746 -173.6 -170.4
Q -129.2  131.7  109.9  178.6  -65.1    nan  1.028  128.1  3.796  5.711 -165.5 -166.5
D -128.7   88.2  102.0  177.7  174.7    nan  0.929   98.2  3.779  5.773 -170.5  176.0
G   70.9 -138.4  103.7 -176.8    nan    nan    nan   84.5  3.779    nan    nan  -25.4
D  -85.4    9.8  113.4 -180.0   69.5    nan  1.093   98.4  3.800    nan    nan  -32.0
L  -91.0  118.5  107.0  178.1  176.7    nan  0.994  105.4  3.817  5.857   91.4  101.3
T -108.3  126.8  108.7  180.0  -64.0  175.6  1.009  115.5  3.803  5.934 -166.7 -171.5
L -123.0  156.9  113.9 -177.8  -97.0    nan  1.038  129.4  3.788  5.803 -171.6 -176.3
Y -134.2  163.2  103.8  176.2  -62.2    nan  0.970  135.8  3.800  5.580 -157.4 -162.0
Q   83.9  110.6  111.1 -179.5  -68.2    nan  1.058   68.1  3.820  4.829   73.4   59.4
S  -50.5  -42.1  115.1 -178.6   60.6    nan  1.103  104.7  3.811  5.892 -111.7 -123.8
N  -72.7  -24.6  112.2 -179.3  -69.5    nan  1.069   96.9  3.812  5.316   57.6   75.2
T  -71.1  -39.5  106.5  178.4  -76.6  162.9  0.985   94.6  3.804  5.581   77.9   88.6
I  -65.2  -44.5  109.5  179.1  -60.2  178.3  1.029   95.0  3.804  5.360   66.1   80.6
L  -61.0  -45.7  111.2  179.4  -79.7    nan  1.031   96.4  3.814  5.333   68.9   81.1
R  -67.0  -33.9  112.3  180.0  -79.9    nan  1.059   97.5  3.816  5.268   59.3   75.7
H  -68.2  -44.3  109.7  179.9  169.1    nan  1.021   92.7  3.814  5.415   71.6   84.6
L  -68.0  -39.1  108.4  179.1  -99.6    nan  0.997   96.1  3.817  5.274   60.8   73.7
G  -63.5  -42.3  110.2  179.3    nan    nan    nan   97.0  3.797    nan    nan   83.5
R  -63.0  -54.1  111.3  179.4 -159.1    nan  1.026   90.2  3.784    nan    nan   81.3
T  -70.7  -30.4  116.6 -177.7   69.3  -51.3  1.119   94.1  3.812  5.104   44.7   67.7
L  -96.2    1.8  113.3 -179.1  -92.0    nan  1.065   84.5  3.807  5.212   45.0   64.2
G   73.1   41.3  114.8  179.6    nan    nan    nan   87.3  3.818    nan    nan -111.8
L -122.7   51.1  108.0  179.1  -32.9    nan  0.995   82.2  3.813    nan    nan   99.0
Y -139.5   37.4  112.1 -177.5 -145.0    nan  1.025   62.9  3.812  5.608   84.6   95.0
G   85.1  161.1  113.3  179.6    nan    nan    nan   77.9  3.798    nan    nan  -67.3
K  -83.8  -20.4  113.5 -179.1   66.4    nan  1.057   87.9  3.804    nan    nan -100.8
D -151.7 -173.6  109.4 -179.9   47.0    nan  1.021  149.0  3.811  4.892   -3.4   13.4
Q  -64.2  -39.5  113.7 -179.4  -72.4    nan  1.080   96.1  3.795  5.048  -57.3  -51.0
Q  -61.7  -50.1  111.6  179.0 -177.2    nan  1.048   93.2  3.802  5.426   73.1   86.0
E  -61.5  -35.7  110.7  179.3  -77.6    nan  1.031  101.9  3.814  5.272   63.6   75.9
A  -59.6  -40.5  109.5  179.6    nan    nan  1.025  101.4  3.800  5.424   78.0   90.6
A  -66.5  -40.1  110.6  179.5    nan    nan  1.032   95.6  3.819  5.340   64.8   79.7
L  -65.8  -36.0  109.7  179.6  -61.8    nan  1.027   98.6  3.821  5.350   66.2   80.8
V  -64.3  -43.0  107.6  178.9  166.8  -70.9  0.998   97.5  3.815  5.446   72.8   84.5
D  -62.1  -43.1  109.7  179.2  -84.1    nan  1.007   98.0  3.809  5.336   69.0   80.4
M  -59.9  -37.5  111.0 -179.3 -172.4    nan  1.036  102.1  3.802  5.274   70.5   84.4
V  -70.6  -47.3  110.7  179.2  172.6  -65.5  1.037   88.8  3.795  5.384   63.9   78.7
N  -62.8  -36.6  113.5 -178.6 -156.2    nan  1.079   98.9  3.807  5.252   63.3   79.4
D  -66.6  -36.8  108.6  179.0  -71.4    nan  1.007   98.2  3.804  5.434   72.4   83.0
G  -67.7  -38.7  109.6  178.1    nan    nan    nan   95.9  3.795    nan    nan   80.5
V  -65.0  -45.3  108.6  179.2  167.4  -71.0  1.011   95.3  3.815    nan    nan   81.9
E  -59.7  -41.1  111.4  179.2  168.7    nan  1.040  100.0  3.807  5.305   68.8   81.3
D  -58.6  -46.3  111.0 -179.7  -85.1    nan  1.026   98.0  3.814  5.376   76.0   87.6
L  -70.5  -39.2  110.0  179.8 -174.1    nan  1.036   93.2  3.800  5.204   55.0   71.1
R  -59.6  -36.8  109.8  179.8 -173.1    nan  1.028  103.3  3.813  5.461   75.7   87.5
C  -63.9  -40.4  110.4  179.5  -76.5    nan  1.035   97.6  3.790  5.384   71.8   85.6
K  -66.3  -42.6  109.1  179.1  -63.8    nan  1.012   95.3  3.808  5.366   66.8   79.5
Y  -59.4  -48.0  109.6  179.5  167.9    nan  1.016   97.3  3.807  5.309   71.5   83.8
I  -61.6  -40.6  110.8  179.9  -70.5  168.6  1.040   99.1  3.802  5.253   62.8   77.6
S  -60.4  -46.0  109.9  179.4 -176.3    nan  1.029   97.5  3.791  5.404   73.3   85.4
L  -60.0  -52.8  111.2  179.6  166.7    nan  1.028   93.0  3.807  5.299   69.0   80.9
I  -54.1  -49.9  115.2 -179.0  -67.8  169.9  1.076   96.5  3.805  5.200   67.9   82.5
Y  -95.5  -16.8  115.9 -177.7  -65.5    nan  1.075   77.4  3.807  4.950   27.5   49.0
T -104.9  -37.2  118.8 -176.1  -98.9  138.7  1.142   60.9  3.803  5.174   44.5   72.0
N -168.8   64.9  112.3  178.2   80.1    nan  1.098   69.6  3.801  4.768  -38.1  -20.6
Y  -59.4  -55.4  111.6 -179.9 -171.7    nan  1.027   91.6  3.775  6.145 -167.5 -176.7
E  -52.8  -56.4  115.6 -178.6  -63.5    nan  1.086   92.8  3.797  5.117   64.7   81.8
A  -81.7  -21.9  116.3 -178.2    nan    nan  1.100   88.3  3.807  4.980   33.4   56.2
G -103.2   -7.7  118.7 -178.2    nan    nan    nan   73.2  3.795    nan    nan   68.0
K  -55.4  -53.4  115.2 -178.6 -171.6    nan  1.098   93.3  3.796    nan    nan  123.8
D  -51.6  -52.1  112.6 -179.6  -72.6    nan  1.046   98.2  3.813  5.293   74.7   84.4
D  -60.1  -41.4  110.8 -179.8  -75.2    nan  1.016   99.8  3.794  5.176   64.9   76.4
Y  -62.1  -48.0  111.9 -179.3 -173.0    nan  1.043   93.9  3.782  5.266   69.3   84.5
V  -65.1  -34.4  110.8 -179.4  174.2  -64.3  1.044   99.6  3.790  5.216   60.1   75.5
K  -65.3  -35.2  110.1  179.8  -87.9    nan  1.016   99.3  3.802  5.432   74.4   86.7
A  -86.5  -13.9  114.5 -179.3    nan    nan  1.072   87.7  3.801  5.142   46.0   67.6
L  -50.0  -49.8  116.9 -178.3 -128.2    nan  1.108   98.7  3.831  5.746  107.6  123.1
P  -50.6  -47.3  113.6 -179.8  -24.7    nan  1.012  101.7  3.833  5.284   78.5   89.1
G  -62.9  -28.0  111.9 -179.9    nan    nan    nan  104.2  3.801    nan    nan   78.6
Q  -81.0  -28.5  112.7  179.4  -58.8    nan  1.044   87.4  3.807    nan    nan   78.2
L  -86.5  -28.3  111.1 -179.5  -62.7    nan  1.032   83.3  3.808  5.307   55.3   73.4
K  -45.0  -46.4  117.1 -178.7 -142.5    nan  1.116  104.7  3.799  5.561   98.0  113.8
P  -55.4  -35.9  114.5 -179.9  -23.6    nan  1.028  105.1  3.814  5.296   76.2   88.1
F  -72.4  -33.0  111.8 -180.0  -55.7    nan  1.068   93.5  3.813  5.329   55.4   80.3
E  -68.6  -38.5  106.7  177.5  175.8    nan  0.987   96.8  3.796  5.497   71.5   82.6
T  -64.0  -44.0  110.7 -179.9  -61.9  178.6  1.050   95.5  3.803  5.377   67.5   83.7
L  -59.9  -44.1  109.5  178.6  -69.9    nan  1.020   99.1  3.806  5.353   70.9   81.8
L  -61.3  -47.5  110.3  179.3 -120.7    nan  1.017   95.7  3.819  5.328   68.1   80.9
S  -58.6  -23.6  113.3 -179.4   91.7    nan  1.060  110.0  3.815  5.244   66.5   82.2
Q  -96.5   -2.8  115.4 -179.1  -75.6    nan  1.086   82.4  3.812  5.258   46.9   69.8
N -119.8   93.3  111.2  179.7  179.3    nan  1.041  110.0  3.821  5.362   45.4   63.7
Q   54.6   44.6  112.3  179.5  -63.5    nan  1.050  101.3  3.814  5.101  -21.1  -44.3
G   59.1   18.4  113.7  179.3    nan    nan    nan  112.2  3.785    nan    nan  -85.2
G   72.4   20.6  113.5  179.6    nan    nan    nan   98.5  3.784    nan    nan  -96.7
K  -85.9  -11.1  115.7 -178.7  -49.4    nan  1.077   89.2  3.810    nan    nan  120.9
T -117.6 -101.3  113.2 -179.1   53.0  -66.9  1.073   75.4  3.802  5.228   38.6   60.8
F -122.2  179.1  112.6 -179.1  -55.9    nan  1.072  122.6  3.803  4.622  -50.6  -27.0
I  -67.2  -33.6  111.6 -178.3 -164.7   70.6  1.100   97.8  3.782  5.248  -68.1  -62.7
V -136.5  125.7  109.7  177.4  173.7  -65.0  1.027  127.7  3.833  5.117   -1.7   15.9
G   67.7 -161.4  114.3  178.9    nan    nan    nan   76.2  3.801    nan    nan   -0.9
D -111.2   15.8  113.8 -179.4   64.4    nan  1.081   75.8  3.788    nan    nan  -80.0
Q -128.3  148.1  106.2  178.3   74.9    nan  0.987  130.0  3.805  5.516   57.0   69.7
I  -67.8  150.0  110.7 -179.9 -160.3   76.8  1.047   80.6  3.803  5.610  -96.5 -100.3
S -134.0  170.7  109.3  179.8   71.8    nan  1.015  136.4  3.827  5.685 -161.2 -165.3
F  -64.4  -27.1  110.8  179.8   68.3    nan  1.067  103.8  3.797  5.310  -73.3  -71.2
A  -66.6  -29.5  110.5  179.3    nan    nan  1.032  100.8  3.816  5.555   78.9   92.0
D  -63.3  -46.1  109.7  178.6  -79.4    nan  1.000   95.4  3.822  5.522   81.7   92.0
Y  -65.0  -39.9  110.9 -179.7  -65.0    nan  1.045   96.7  3.796  5.198   61.0   76.6
N  -68.6  -44.8  110.2 -179.5 -156.5    nan  1.037   91.8  3.784  5.315   63.8   79.3
L  -64.2  -42.3  110.0  179.6  170.6    nan  1.023   96.6  3.815  5.329   64.9   77.9
L  -57.0  -46.9  110.5  179.1  176.3    nan  1.041   99.1  3.813  5.389   74.1   86.6
D  -61.1  -43.2  110.6  179.3 -178.2    nan  1.031   98.1  3.806  5.350   67.3   78.9
L  -57.4  -44.4  110.3  179.6 -175.9    nan  1.025  100.4  3.805  5.340   74.7   85.9
L  -66.5  -42.9  110.9  180.0  -61.2    nan  1.041   94.0  3.824  5.264   60.6   76.5
L  -59.7  -50.8  112.2  179.5  -72.9    nan  1.058   93.8  3.807  5.379   69.7   84.5
I  -66.5  -23.6  113.1 -178.8   65.9  -57.1  1.095  102.7  3.831  5.307   54.8   73.1
H  -79.8  -28.3  110.7  179.3  -88.3    nan  1.069   89.5  3.789  5.497   66.5   83.7
E  -70.8  -24.3  107.6  178.1  -72.8    nan  1.017  100.5  3.813  5.561   72.0   85.5
V  -77.9  -40.4  107.2  177.9  167.4  -70.6  0.990   88.4  3.812  5.559   68.8   81.6
L  -72.2  -40.1  111.9 -179.8  175.5    nan  1.043   90.3  3.808  5.250   59.2   74.8
A -134.0   77.1  109.7 -179.5    nan    nan  1.024   94.6  3.803  4.799   -5.1   14.5
P  -46.3  130.0  111.2  179.9  -26.7    nan  0.978   75.9  3.810  6.014 -143.1 -151.8
G   90.6   -4.1  117.3  179.6    nan    nan    nan   91.3  3.798    nan    nan   23.9
C  -56.8  -25.6  113.8 -179.4   58.7    nan  1.090  110.3  3.823    nan    nan  124.6
L  -87.3   -1.7  113.0 -179.9  -95.3    nan  1.065   92.0  3.812  5.393   56.9   75.8
D  -64.7  -29.1  108.7  179.3  -68.3    nan  1.018  103.4  3.803  5.832  106.2  117.0
A  -81.1   -7.4  112.8  179.9    nan    nan  1.054   96.0  3.814  5.338   57.5   77.0
F -129.5   90.9  110.9 -178.7  -55.5    nan  1.032  106.6  3.819  5.141   30.4   50.3
P  -53.6  -47.3  115.2 -179.5  -21.9    nan  1.034   98.7  3.842  5.993 -136.8 -146.1
L  -64.4  -46.8  111.6 -179.1  -94.7    nan  1.058   93.1  3.810  5.246   56.5   78.3
L  -64.1  -37.2  110.0  179.5  -73.7    nan  1.028   99.3  3.808  5.317   64.0   76.6
S  -63.0  -48.6  111.1  179.5 -169.9    nan  1.035   93.4  3.805  5.380   72.5   86.2
A  -66.4  -34.9  111.4  179.4    nan    nan  1.034   97.8  3.823  5.222   57.8   72.7
Y  -62.6  -45.8  109.7 -179.9  171.1    nan  1.015   96.1  3.830  5.355   74.4   88.8
V  -60.9  -43.3  110.5  178.7  166.9  -71.2  1.033   98.3  3.814  5.339   63.9   79.3
G  -66.4  -43.1  112.4 -179.8    nan    nan    nan   93.1  3.815    nan    nan   78.3
R  -61.9  -55.8  112.9  179.8 -172.0    nan  1.046   88.8  3.796    nan    nan   82.7
L  -62.8  -39.6  112.3 -179.3  -68.6    nan  1.052   97.8  3.821  5.166   55.2   71.4
S  -64.3  -18.6  111.1  179.8  -64.8    nan  1.025  107.9  3.806  5.345   70.7   83.3
A  -87.9  -11.3  112.9 -179.1    nan    nan  1.066   87.7  3.808  5.385   60.5   81.6
R  -54.7  122.7  104.2  178.5  -72.0    nan  0.971   81.8  3.786  5.771  109.5  115.9
P  -37.4  -60.5  118.9 -179.0  -32.3    nan  1.094   97.8  3.852  5.651  -90.2  -96.8
K  -63.2  -39.4  113.0 -179.6  -83.0    nan  1.057   97.2  3.805  5.168   48.7   68.6
L  -70.0  -42.0  110.0  179.8 -176.5    nan  1.030   92.2  3.824  5.328   63.3   78.1
K  -57.5  -44.2  109.3  179.0  175.8    nan  1.007  101.0  3.811  5.377   75.4   85.9
A  -63.9  -40.2  111.2  179.5    nan    nan  1.044   97.3  3.800  5.255   63.1   78.8
F  -66.8  -46.6  111.6 -180.0  174.2    nan  1.049   91.4  3.818  5.355   64.8   80.6
L  -61.3  -27.4  112.8 -179.0  -69.7    nan  1.065  105.6  3.809  5.268   65.3   81.0
A  -91.8  -11.2  112.4 -179.6    nan    nan  1.047   84.0  3.803  5.291   50.2   69.8
S  -74.2  150.8  115.9 -178.1   79.3    nan  1.094   88.1  3.820  5.590   82.6  103.1
P  -56.6  -32.7  113.7  179.8  -20.5    nan  1.003  106.4  3.834  5.301  -75.7  -89.2
E  -66.0  -18.7  113.1 -178.4  100.1    nan  1.118  105.7  3.806  5.353   62.1   90.6
Y -104.3  -53.1  108.2  177.9  174.6    nan  1.002   67.0  3.814  5.465   46.8   62.2
V  -60.0  -36.4  116.9 -178.3  177.9  -60.3  1.106   99.8  3.799  5.156   59.2   77.1
N  -85.0    9.6  115.8 -178.2  -66.9    nan  1.118   99.1  3.819  5.214   48.3   71.3
L -105.2  139.0  107.9  178.6 -113.9    nan  0.982  113.1  3.805  5.690   77.0   87.5
P  -74.7  161.0  108.1  179.6   26.3    nan  0.941   81.2  3.816  5.644 -110.8 -116.9
I  -71.5  -46.3  109.5  179.9  -66.3  173.3  1.029   89.5  3.800  5.596  -93.2  -89.5
N -120.2  169.2  112.6 -179.3  -52.8    nan  1.058  123.8  3.807  4.802    1.5   23.5
G  -81.0  -11.1  117.0 -178.6    nan    nan    nan   93.9  3.789    nan    nan  -86.5
N -106.5    9.8  113.2 -179.4   68.3    nan  1.072   77.6  3.787    nan    nan   71.6
G   78.2    0.2  116.6  179.0    nan    nan    nan  101.7  3.791    nan    nan -100.7
K  -94.4  154.5  110.1  179.6  -57.2    nan  1.037  102.5  3.808    nan    nan   91.6
Q -166.7    nan  110.7 -179.0   64.1    nan  1.021    nan  3.802  5.483  172.3  164.6
