Id   phi    psi    tau  omega    chi    chi2  solid    eta  CA-CA  CB-CB  BA^AB  NA^AC
M    nan  143.1  106.7    nan  174.8    nan  0.983    nan    nan    nan    nan    nan
N -142.2  173.3  107.2  178.7   62.5    nan  1.093  143.7  3.750  5.696  172.3  179.3
I  -54.8  -40.5  114.6 -176.1 -172.3   62.9  1.094  102.6  3.734  5.137  -53.2  -56.2
F  -65.6  -37.9  111.3 -177.8  -71.9    nan  1.049   97.1  3.782  5.367   67.9   84.1
E  -73.9  -38.2  107.3 -179.0  -62.5    nan  1.023   92.3  3.736  5.304   61.2   75.9
M  -59.1  -54.5  111.7  177.7 -167.8    nan  1.007   92.3  3.702  5.337   78.9   87.0
L  -66.7  -33.8  113.0 -178.6  -73.7    nan  1.142   97.4  3.763  5.110   44.9   69.7
R  -59.3  -35.3  109.6 -179.7  171.2    nan  1.036  104.5  3.765  5.448   83.5   93.5
I  -71.1  -45.8  111.9  175.4  -74.3  159.9  1.122   88.5  3.855  5.528   55.7   77.0
D  -70.1  -32.0  116.5 -179.8  -76.0    nan  1.104   93.8  3.793  5.265   61.4   74.4
E -101.2  -27.3  115.6 -174.7  -58.3    nan  1.072   68.5  3.843  5.117   41.1   61.5
G   74.9  179.2  109.3 -175.3    nan    nan    nan   74.6  3.801    nan    nan -130.5
L -126.8  128.3  114.3  176.2  173.7    nan  1.064  129.1  3.809    nan    nan -123.7
R -146.4  132.8  108.7  178.7  -24.0    nan  1.025  134.1  3.857  5.790  165.4  155.8
L  -99.9   10.3  113.7 -174.4  -65.6    nan  1.121   84.3  3.649  5.483 -143.6 -147.9
K -139.1  142.4  106.3  179.0 -174.3    nan  1.098  135.3  3.665  5.345   30.8   54.2
I  -49.7  131.6  110.2 -177.9  -60.6  177.1  1.077   76.6  3.686  5.401  -72.0  -90.5
Y -141.8  175.3  110.4  179.5   69.2    nan  1.115  143.2  3.677  5.591  168.4  167.1
K -105.0  143.1  106.5  179.1  -57.1    nan  0.986  111.8  3.709  5.454 -102.8 -105.1
D  -80.3 -166.2  109.3  179.8   75.6    nan  1.270   76.0  3.621  5.563 -133.7 -117.5
T  -72.9   -9.4  113.6 -176.9  123.8    0.4  1.211  103.1  3.706  4.975  -54.1  -48.9
E -115.0    6.9  112.3 -180.0  -63.8    nan  1.064   67.8  3.787  5.499   47.2   62.0
G   85.0   10.1  115.5  177.3    nan    nan    nan   90.6  3.764    nan    nan  -96.6
Y  -92.4  153.9  114.4  177.6  -49.0    nan  1.005  102.7  3.756    nan    nan  103.1
Y  -71.8  123.1  110.6 -179.2  -74.0    nan  1.021   96.2  3.639  4.995  -97.1 -102.0
T -138.3  167.4  108.2 -177.2  -56.7  178.0  0.952  140.7  3.769  5.748  173.9  159.2
I -158.4  166.7  108.3  174.4 -169.7   68.6  1.078  158.6  3.780  5.554  174.5 -172.0
G   62.0 -127.3  111.6  177.0    nan    nan    nan   88.5  3.850    nan    nan   40.2
I -103.7   76.1  112.5  179.7  -53.4 -174.3  1.134  107.7  3.775    nan    nan  -35.6
G   66.2   27.6  111.9  178.9    nan    nan    nan  101.5  3.770    nan    nan  -50.3
H  -83.0  103.7  111.0  177.3 -178.3    nan  1.003  108.5  3.780    nan    nan  127.3
L  -63.9  130.0  112.3  179.4  173.5    nan  0.963   88.8  3.896  6.057 -128.7 -143.7
L  -95.4  -43.1  111.0  179.3  -68.7    nan  1.048   71.8  3.688  5.730 -151.8 -145.0
T -167.7  148.6  111.0 -175.2 -164.3   75.8  1.021  150.9  3.687  4.436  -35.6  -23.5
K  -77.3  -46.3  109.7  178.5  -70.8    nan  0.983   85.1  3.722  5.423 -103.3 -112.3
S  -35.6  134.3  116.6  175.2  150.5    nan  1.157   67.6  3.746  5.167   79.2  100.0
P  -65.1   -9.1  113.8 -179.6    8.7    nan  1.013  110.9  3.775  5.436  -92.9 -120.2
S  -86.2  119.7  118.3 -179.0  171.1    nan  1.250  112.3  3.760  5.435   56.5   95.2
L  -60.9  -31.7  114.4  176.7  176.2    nan  1.191  103.0  3.697  5.656 -113.8 -131.3
N  -79.3  -36.7  107.2 -179.4  -39.6    nan  1.015   88.6  3.825  5.740   66.2   77.2
A  -52.7  -42.0  106.3  177.3    nan    nan  1.001  107.5  3.587  5.285   87.7   93.3
A  -65.8  -45.3  110.6 -178.0    nan    nan  1.039   93.4  3.797  5.293   64.2   79.9
K  -57.4  -40.4  114.3 -179.9 -102.2    nan  1.062  100.7  3.712  5.100   71.3   84.9
S  -65.1  -52.6  107.5 -179.5  155.4    nan  1.038   92.3  3.747  5.132   64.8   81.8
E  -52.7  -43.6  111.4  179.6  -72.5    nan  1.019  103.8  3.760  5.205   68.5   80.8
L  -63.5  -42.0  114.3  177.7  176.6    nan  1.046   94.9  3.776  5.237   64.6   79.6
D  -67.4  -35.2  110.9 -179.2  -75.0    nan  1.032   97.2  3.781  5.241   64.0   79.8
K  -68.8  -35.9  111.6  177.6  151.9    nan  1.038   95.2  3.711  5.148   62.9   81.1
A  -74.7  -35.1  114.4 -179.7    nan    nan  1.039   89.3  3.826  5.383   58.4   78.5
I  -86.2  -38.9  107.4 -176.6  -65.5  171.1  0.990   82.2  3.786  5.148   52.8   68.7
G   94.8   13.6  112.5 -180.0    nan    nan    nan   80.1  3.658    nan    nan -128.2
R -139.5  177.4  109.2  179.9   73.9    nan  1.141  140.3  3.816    nan    nan   58.1
A  -86.9   93.1  106.5  179.1    nan    nan  0.990  106.3  3.805  5.214  -79.8  -86.5
C  -77.1  -36.3  118.7 -174.6  -67.6    nan  1.189   84.5  3.768  6.089 -169.7 -158.4
A   67.1   38.4  108.8 -177.1    nan    nan  1.072   96.9  3.746  5.424 -143.1 -146.8
G   62.9   22.4  117.4  177.5    nan    nan    nan  105.3  3.804    nan    nan  -88.1
A -143.6  147.0  109.5  178.3    nan    nan  1.041  141.5  3.783    nan    nan   60.5
I -139.4  164.5  109.7 -179.3   63.1  -55.7  1.023  142.2  3.764  5.628 -169.2 -173.1
T  -82.9  169.3  111.3  179.7   79.2  -40.7  1.056   86.8  3.696  5.261  -97.5  -97.4
K  -57.4  -45.5  111.1  176.9 -148.9    nan  0.987   99.2  3.824  5.107  -58.5  -69.6
D  -60.4  -45.6  112.3 -179.4  -94.9    nan  1.022   96.3  3.732  4.992   66.7   82.0
E  -62.0  -46.1  107.3  178.7  -66.1    nan  1.019   97.8  3.748  5.223   63.3   78.4
A  -56.9  -44.2  111.2  179.6    nan    nan  1.153  100.4  3.761  5.312   62.1   83.2
E  -71.1  -30.1  112.6  178.5  -67.1    nan  1.002   95.6  3.804  5.425   64.6   72.4
K  -62.1  -46.9  108.2  179.1 -174.4    nan  1.021   96.8  3.766  5.456   78.9   93.1
L  -63.7  -40.1  109.6 -180.0  -63.0    nan  0.995   98.3  3.776  5.334   68.7   76.1
F  -60.5  -42.8  111.5 -178.2 -171.3    nan  1.013   98.3  3.782  5.212   75.4   87.7
N  -61.1  -41.3  111.0  178.8  -79.7    nan  1.033   99.0  3.844  5.382   66.2   82.6
Q  -60.7  -48.4  112.2  177.7  -63.0    nan  1.119   94.5  3.785  5.349   65.0   83.5
D  -66.8  -37.7  113.8 -179.8  -62.8    nan  1.104   94.9  3.797  5.317   59.6   74.2
V  -70.4  -38.9  109.2 -179.9  166.7  -69.2  1.087   93.8  3.788  5.432   62.7   80.1
D  -62.8  -42.1  111.8  179.9 -172.9    nan  0.995   96.8  3.811  5.480   76.3   85.2
A  -61.3  -38.9  110.2  179.6    nan    nan  1.031  100.6  3.831  5.208   66.0   83.2
A  -61.5  -53.0  112.1  175.6    nan    nan  1.113   91.3  3.776  5.383   64.0   83.2
V  -58.8  -50.8  109.6 -179.0 -179.7  -62.2  1.014   96.0  3.808  5.281   68.3   77.0
R  -62.3  -39.3  111.3  179.8  -69.3    nan  1.103   99.0  3.714  5.198   54.6   75.0
G  -58.5  -45.7  109.4 -179.7    nan    nan    nan   99.4  3.762    nan    nan   89.2
I  -61.1  -44.4  111.5 -179.9  -75.0  160.3  1.040   96.9  3.775    nan    nan   80.6
L  -66.8  -20.4  114.7 -175.9  -71.1    nan  1.166  103.6  3.752  5.119   55.4   81.2
R  -94.1  -17.0  114.9  177.9 -101.1    nan  0.897   79.0  3.771  5.432   71.2   71.4
N  -87.6  126.5  112.6 -174.8 -177.2    nan  1.093  106.5  3.786  5.014   56.6   87.7
A  -59.9  -25.2  113.4 -177.8    nan    nan  1.079  107.9  3.756  5.735 -102.8 -117.2
K  -93.0  -34.9  113.7  179.2  -83.8    nan  1.051   74.2  3.760  5.347   52.1   71.1
L  -80.3  -39.7  115.1 -177.8  -47.3    nan  1.153   82.1  3.719  5.122   49.8   76.7
K  -48.7  -47.4  116.4 -175.5 -175.5    nan  1.180  101.6  3.826  5.488   84.1  103.5
P  -65.3  -35.8  111.0  179.9   -8.9    nan  0.974   98.5  3.758  5.313   71.2   76.6
V  -66.3  -50.5  110.0  178.7 -177.4  -56.7  1.027   90.8  3.740  5.336   67.3   84.1
Y  -54.1  -48.1  110.6 -179.6 -168.2    nan  1.018  100.3  3.745  5.085   70.5   82.8
D  -57.6  -35.9  111.7  179.2  -73.6    nan  1.054  104.6  3.792  5.315   64.8   81.3
S  -72.6  -16.2  115.8 -179.1   79.8    nan  1.066   99.9  3.725  5.237   64.6   81.5
L  -94.0  163.7  117.0 -172.6  -60.6    nan  1.044  101.2  3.756  5.271   63.5   86.4
D  -77.7  167.1  108.9  173.2   60.6    nan  1.048   82.1  3.803  5.376  -96.7  -99.0
A  -58.8  -40.1  117.1 -175.4    nan    nan  1.242   98.4  3.806  5.442  -76.7  -65.3
V  -66.2  -51.1  112.0 -176.8  178.1  -67.0  1.154   89.2  3.787  5.492   68.4   85.6
R  -61.3  -26.8  113.6  177.7  -58.0    nan  1.097  105.7  3.674  5.228   61.0   74.9
R  -66.6  -36.3  109.8  176.6  -86.5    nan  0.994   97.8  3.764  5.616   83.7   90.8
C  -58.9  -39.1  109.6  178.0  -72.5    nan  0.977  102.7  3.765  5.412   82.7   89.4
A  -63.0  -36.5  112.1 -177.4    nan    nan  1.073   99.5  3.800  5.260   68.5   87.2
L  -69.8  -34.8  108.7  177.8  176.2    nan  1.098   96.4  3.790  5.414   59.7   79.0
I  -67.3  -38.0  111.3  177.0  -62.5  173.9  1.113   95.6  3.839  5.674   66.3   82.5
N  -55.9  -52.9  109.0  177.7 -169.0    nan  1.051   97.1  3.819  5.510   80.3   90.2
M  -57.4  -44.3  112.0  179.8  -78.6    nan  1.024   99.5  3.805  5.319   65.4   77.1
V  -65.4  -38.4  111.7 -177.7  169.2  -68.6  1.143   96.8  3.755  5.212   55.3   80.6
F  -59.0  -45.5  108.6 -179.1 -175.6    nan  0.990   99.6  3.754  5.455   81.9   89.7
Q  -73.1  -48.2  115.4 -177.6  174.3    nan  1.115   83.6  3.705  5.023   46.0   72.0
M -109.5   -3.2  116.1 -173.5   76.6    nan  1.259   69.1  3.758  4.840    3.2   40.6
G   80.7  148.2  111.2 -176.2    nan    nan    nan   71.0  3.659    nan    nan -105.9
E  -53.6  -39.7  111.0 -176.9 -174.4    nan  0.922  105.8  3.752    nan    nan  -90.8
T  -68.2  -47.2  110.9  178.0  -33.5 -154.2  1.143   90.6  3.671  5.021   46.2   77.7
G  -55.1  -52.9  109.0  177.1    nan    nan    nan   97.6  3.801    nan    nan   82.3
V  -60.2  -42.9  115.0 -178.9 -173.2  -56.9  1.134   96.5  3.788    nan    nan   76.2
A  -57.9  -17.9  114.2  178.2    nan    nan  1.235  113.5  3.791  5.366   60.5   86.5
G  -84.6   -3.7  116.5  175.4    nan    nan    nan   93.8  3.896    nan    nan   82.4
F  -88.6   49.6  107.0  179.3  -81.3    nan  1.020  103.9  3.850    nan    nan   91.9
T  -42.8  -53.3  117.0 -176.8  -63.4  179.3  1.091  101.0  3.787  6.141 -177.0 -170.2
N  -68.7  -44.8  112.4 -178.3  -52.0    nan  1.167   90.4  3.685  5.004   43.9   70.5
S  -57.7  -44.1  110.5 -179.1  -96.1    nan  0.985  100.2  3.750  5.394   80.0   85.5
L  -59.8  -44.0  111.0 -179.9  -68.6    nan  1.079   98.4  3.841  5.247   64.4   82.8
R  -65.0  -41.9  112.0  178.4  178.0    nan  1.052   95.0  3.747  5.263   66.0   77.5
M  -68.9  -32.9  112.6  178.2  -64.8    nan  1.067   96.2  3.743  5.330   61.2   76.7
L  -65.4  -39.3  108.7  179.2  -73.2    nan  0.976   97.8  3.795  5.444   80.5   87.7
Q  -61.5  -38.5  111.8  179.2 -130.8    nan  1.078   99.8  3.703  5.201   65.9   85.1
Q  -83.0    7.0  114.6  176.3  -43.9    nan  1.138   99.9  3.820  5.378   43.6   65.6
K   62.4   30.8  115.8  177.3  -64.4    nan  1.212  101.6  3.768  5.457 -118.3 -118.8
R  -98.3   77.4  108.3  177.3  -48.4    nan  0.934  105.8  3.814  6.015  118.7  111.9
W  -53.7  -55.1  116.5 -174.4  -48.4    nan  1.160   92.6  3.772  6.033 -164.5 -153.8
D  -61.5  -43.1  110.5 -178.9  -73.3    nan  1.180   97.9  3.762  5.240   50.4   74.3
E  -68.5  -38.4  113.5  179.2  -70.3    nan  1.063   93.2  3.717  5.528   66.3   76.7
A  -63.9  -39.7  109.6 -178.9    nan    nan  0.976   98.4  3.762  5.327   77.9   86.1
A  -55.5  -39.8  111.6 -179.2    nan    nan  1.071  104.0  3.810  5.259   72.1   91.9
V  -69.8  -47.7  111.2 -178.4  157.3  -82.3  1.082   88.9  3.749  5.300   60.4   79.3
N  -62.5  -45.1  109.6 -179.3 -175.9    nan  1.019   96.6  3.709  5.247   67.4   78.0
L  -54.5  -34.9  111.8 -177.7  -78.3    nan  1.038  107.7  3.815  5.410   77.0   89.4
A  -69.9  -12.8  115.8 -177.3    nan    nan  1.164  104.1  3.832  5.266   60.1   85.4
K  -95.8   71.5  109.7  177.1  -66.3    nan  0.957  106.6  3.741  5.497   69.7   76.3
S -155.9  156.4  109.9 -175.0   56.0    nan  0.941  153.2  3.699  5.442   97.9   95.8
R  -59.5  -41.6  110.1  173.7 -176.2    nan  0.954  100.6  3.695  5.090  -81.4  -88.3
W  -48.8  -50.8  110.0  179.7  162.7    nan  1.015  102.5  3.794  5.259   79.0   95.2
Y  -65.9  -42.0  112.4 -177.8  176.6    nan  0.973   94.1  3.705  5.046   61.1   73.6
N  -66.5  -32.2  112.8 -179.2  -70.9    nan  1.126   98.5  3.796  5.130   53.9   80.4
Q  -81.2  -41.0  115.2  177.6  -61.7    nan  1.096   80.8  3.782  5.449   56.5   74.7
T -127.8   75.6  108.3  179.1   48.1  -67.1  1.015   95.0  3.838  4.984    2.6   19.6
P  -64.4  -41.5  118.2 -176.9   12.0    nan  1.095   92.4  3.696  5.968 -167.5 -165.5
N  -69.4  -39.7  113.6 -177.0  -80.8    nan  1.019   91.8  3.758  5.276   65.9   82.0
R  -70.4  -46.7  108.4  177.3 -168.3    nan  1.008   90.8  3.720  5.232   62.5   75.4
A  -55.3  -44.0  107.2  179.6    nan    nan  1.054  103.9  3.833  5.367   71.9   83.4
K  -60.5  -36.3  116.0  179.1  -79.4    nan  1.093   99.9  3.739  5.407   70.9   83.1
R  -64.9  -43.4  111.2 -179.0  -78.6    nan  1.073   94.8  3.811  5.380   75.4   87.7
V  -64.8  -45.7  110.8 -179.9  173.3  -71.1  1.114   93.9  3.780  5.234   61.4   79.1
I  -60.7  -43.3  113.0  177.5  -68.3  170.1  1.170   97.1  3.809  5.353   59.6   79.0
T  -66.5  -31.0  112.0  176.9  -69.9  170.5  0.987   99.5  3.818  5.538   73.5   76.0
T  -64.0  -43.6  109.1  179.3  -60.0 -178.4  1.093   96.6  3.753  5.259   70.2   90.5
F  -69.5  -42.1  111.5  177.4  -83.5    nan  1.002   91.7  3.837  5.434   63.2   72.0
R  -63.8  -43.0  112.3 -179.7 -138.1    nan  1.128   95.2  3.810  5.321   63.2   82.1
T  -98.2  -32.9  119.4 -176.1   78.1  -44.5  1.153   67.4  3.770  5.015   32.6   53.9
G   82.1   11.9  110.8 -176.0    nan    nan    nan   93.6  3.781    nan    nan -130.1
T -124.5  170.5  110.6  178.3   70.9  -45.1  0.987  127.3  3.833    nan    nan   71.9
W  -94.4   16.9  112.6  177.6  -69.0    nan  1.026   92.2  3.848  5.365 -105.6 -101.6
D  -54.9  -39.4  114.0 -178.7  -60.6    nan  1.109  103.5  3.832  6.043  132.1  146.3
A  -64.1  -15.0  110.7 -178.2    nan    nan  1.083  109.9  3.776  5.406   71.6   85.9
Y -111.3    5.2  112.9 -178.8  -70.9    nan  1.081   70.8  3.711  5.282   41.6   63.3
K -112.4    nan  110.3  178.7  -62.7    nan  1.144    nan  3.777  5.442   54.5   78.9
