Id   phi    psi    tau  omega    chi    chi2  solid    eta  CA-CA  CB-CB  BA^AB  NA^AC
M    nan  171.6  103.3    nan -173.6    nan  1.018    nan    nan    nan    nan    nan
V -146.2  117.8  105.5 -170.2  161.8  -74.9  0.886  121.2  3.651  5.228 -140.0 -148.6
L  -77.2  125.1  104.9  174.0 -142.7    nan  0.975   94.5  3.760  6.011 -142.9 -148.0
L -124.4  174.8  110.3 -178.5  -60.6    nan  1.012  126.0  3.737  5.794 -176.3 -178.9
E  -84.9  165.3  106.8  177.0 -163.2    nan  0.976   89.3  3.753  5.128  -88.3  -89.3
S  -47.8  -59.4  111.1 -179.3  -83.0    nan  1.025   96.5  3.785  5.218  -56.3  -61.9
E  -73.7  -28.7  112.8 -176.3  -84.5    nan  1.064   93.9  3.809  4.930   40.5   59.8
Q  -71.1  -30.9  108.8  178.7  177.3    nan  1.020   97.0  3.830  5.534   72.9   85.8
F  -71.2  -47.9  109.9  179.8  174.2    nan  1.033   88.7  3.788  5.391   69.1   83.8
L  -58.8  -31.9  113.5 -180.0  -64.8    nan  1.091  105.1  3.808  5.255   65.0   81.2
T  -78.5  -32.1  111.0 -179.3   63.3  -56.6  1.027   89.0  3.833  5.433   64.3   78.2
E  -76.2  -31.0  112.3 -176.8 -170.2    nan  1.003   90.8  3.815  5.209   66.7   80.7
L  -70.9  -49.6  107.2  177.5 -174.8    nan  1.002   89.9  3.808  5.305   66.0   81.9
T  -54.0  -43.6  108.8  179.5  -54.8 -174.6  1.014  104.2  3.809  5.266   71.2   81.7
R  -64.4  -30.8  113.1  178.9  -67.2    nan  1.084  100.9  3.794  5.285   61.5   78.7
L  -68.1  -48.3  108.6  178.6  -77.2    nan  0.997   91.5  3.833  5.542   78.0   86.3
F  -58.8  -40.6  109.9  178.5  -89.4    nan  1.003  101.8  3.778  5.171   68.6   78.3
Q  -66.9  -35.6  114.0 -179.5  -92.8    nan  1.121   95.8  3.792  5.234   58.0   80.9
K  -78.8  -14.0  111.5 -176.8 -179.8    nan  1.054   95.8  3.816  5.356   60.1   76.6
C -112.9   47.3  112.7 -177.1  -53.6    nan  1.015   89.8  3.855  5.328   45.2   63.0
R -101.9  -37.5  111.4 -178.7 -119.2    nan  1.022   67.6  3.794  5.890  119.4  128.4
S  -83.0  -21.3  108.2  178.7   51.8    nan  1.013   90.1  3.755  5.133   49.2   65.9
S -177.0  159.9  113.8  179.3   75.6    nan  1.049  160.9  3.774  4.784  -31.6  -17.0
G   93.7 -179.9  113.7  179.3    nan    nan    nan   93.8  3.787    nan    nan   61.2
S -138.8  155.2  109.3 -179.6    1.2    nan  1.000  140.8  3.769    nan    nan -133.9
V -110.4  122.9  107.5  177.5  175.5  -63.8  1.008  115.2  3.724  5.565 -136.7 -136.1
F -105.6  140.7  108.0  177.6  -63.9    nan  0.990  113.4  3.804  5.962 -158.5 -165.9
I -132.5  122.1  108.0  179.0  -59.3 -179.2  0.983  123.5  3.796  5.724 -167.9 -175.3
T -115.7  139.0  111.6  177.6   63.4  -58.0  1.105  123.0  3.826  5.948  179.1 -174.9
L -121.9  144.8  108.0 -180.0  178.9    nan  0.986  125.6  3.786  5.657 -152.6 -167.1
K -167.4  142.9  114.2  179.8 -161.1    nan  1.066  146.3  3.846  5.581  157.0  153.4
K  -60.7  148.2  106.9  177.3 -104.8    nan  0.967   73.6  3.840  5.519  -86.5 -104.8
Y -143.3  142.9  111.1 -178.1  158.0    nan  1.042  140.3  3.831  5.600 -176.1 -175.3
D  -97.8  152.9  110.6  179.8 -170.5    nan  1.032  106.3  3.844  5.797 -131.7 -137.3
E -106.5 -148.9   91.5   59.4  -60.2    nan -1.137  103.3 19.199 18.383   99.2  113.3
G  119.4   -9.0  114.8 -171.9    nan    nan    nan   64.6  4.009    nan    nan  140.0
L   65.9   62.9  119.4  163.3  -19.2    nan  1.072   77.7  3.885    nan    nan -141.9
E  -87.9  138.9  111.2 -179.7  -74.9    nan  1.031  102.1  3.837  6.106  152.3  152.3
P  -62.5   16.6  117.5 -178.2    0.3    nan  1.017  124.1  3.846  5.480  -92.6 -106.0
A  100.0  -70.2  125.5  161.1    nan    nan  1.133  118.6  3.777  5.060  -85.3  -93.2
E  115.6   94.4  111.3 -178.3  -56.2    nan  1.082   72.9  3.859  4.868 -131.8 -136.9
N  -82.5  138.8  111.1  179.9 -124.7    nan  1.040   97.9  3.814  6.060 -158.8 -172.0
K -145.4  173.5  118.9 -176.2  -55.1    nan  1.109  148.1  3.822  5.642  176.4  174.1
C -143.7  137.8  109.1  179.0   78.8    nan  1.020  136.7  3.822  5.377 -148.5 -148.9
L  -93.4  131.7  109.8  179.4 -178.4    nan  1.048  107.0  3.811  5.783 -134.4 -137.5
L -117.5  115.2  110.5 -178.9 -151.6    nan  1.017  118.5  3.799  5.776 -159.8 -167.7
R -117.7  153.8  113.3  179.5  -62.2    nan  1.077  124.9  3.785  5.899  176.0  175.8
A -152.2  150.5  109.9  179.2    nan    nan  1.038  148.0  3.790  5.524 -176.3  179.3
T -154.1  161.6  112.6  179.3  -49.7  176.0  1.057  155.1  3.781  5.564  178.3  173.5
D -124.7   16.1  105.4  178.3   63.5    nan  0.966   60.9  3.783  5.480 -139.4 -144.8
G   96.2  -21.3  114.1 -180.0    nan    nan    nan   92.7  3.794    nan    nan  -75.0
K -116.9  -58.1  111.5 -179.4  -57.3    nan  1.043   58.9  3.813    nan    nan   50.4
R -111.7  112.3  116.5  179.7  151.9    nan  1.003  121.6  3.830  4.864    6.3   22.4
K  -89.4  120.4  111.0 -172.4  -61.4    nan  1.045  107.7  3.853  5.764 -145.5 -168.7
I -133.1  158.4  110.8  178.4   65.3  -53.7  1.054  137.0  3.802  5.882  168.5  162.8
S -152.8  166.2  111.4  179.7   58.4    nan  1.056  154.6  3.816  5.549 -173.2 -175.2
T -159.6  156.9  107.7  178.8 -168.2   72.2  1.022  154.7  3.798  5.493 -172.0 -174.7
V -118.6  111.7  110.3 -179.5  176.3  -63.1  1.059  117.4  3.812  5.628 -141.0 -140.7
V -100.4  141.0  111.0 -178.6 -169.7  -45.6  1.044  111.2  3.776  5.967 -162.5 -170.8
S -122.4  176.0  109.6 -179.3   65.3    nan  1.003  123.6  3.782  5.720 -157.0 -162.4
S  -67.3  -13.6  112.4  179.8   37.9    nan  1.055  107.0  3.784  5.107  -70.3  -68.1
K  -80.4  -16.8  111.2 -179.3  -60.4    nan  1.052   93.2  3.795  5.541   74.6   92.9
E -140.9   21.8  117.4 -178.9   63.0    nan  1.092   52.3  3.807  4.943    8.9   31.2
V  -69.4  -41.7  110.9  179.1  -98.7   28.0  1.052   92.3  3.825  6.108  128.3  134.8
N  -59.7  -44.4  113.3 -178.4  -59.4    nan  1.098   96.9  3.808  5.320   73.7   87.5
K  -73.6  -42.1  110.4  179.2  -60.1    nan  1.047   89.1  3.816  5.296   55.0   69.9
F  -63.8  -52.2  110.5  179.4 -179.8    nan  1.011   91.3  3.814  5.365   69.9   80.7
Q  -56.5  -34.0  114.0 -178.8  -65.9    nan  1.124  105.5  3.797  5.151   61.0   80.5
M  -63.3  -41.2  110.4  178.5  -85.0    nan  1.092   97.7  3.824  5.587   74.8   88.8
A  -73.1  -51.5  110.1  176.5    nan    nan  1.024   85.6  3.810  5.406   59.5   70.6
Y  -55.5  -43.1  113.5 -178.6 -174.7    nan  1.088  100.9  3.851  5.179   64.5   81.8
S  -62.9  -46.1  110.1  177.8  168.6    nan  1.044   95.5  3.816  5.358   65.0   80.0
N  -62.6  -40.8  113.5  179.7  -69.7    nan  1.083   96.7  3.884  5.406   61.1   78.9
L  -65.3  -35.1  112.3  179.6 -169.5    nan  1.047   98.3  3.808  5.288   68.1   81.7
L  -70.4  -48.5  110.6  179.6  -69.1    nan  1.065   88.5  3.818  5.426   63.0   81.8
R  -62.5  -36.7  113.9  179.2  -66.1    nan  1.080   98.9  3.803  5.250   61.4   76.6
A  -75.7  -43.9  112.9 -179.1    nan    nan  1.073   85.2  3.795  5.280   58.5   77.1
N  -80.1  -23.7  117.9 -179.2  -69.3    nan  1.143   88.4  3.782  5.094   42.7   67.7
M  -98.4   63.6  105.1  179.9  -61.0    nan  0.991   99.6  3.802  5.345   49.9   64.8
D -113.4    9.2  118.1 -176.8   66.6    nan  1.108   71.1  3.791  5.931  122.8  136.6
G -102.2   59.0  111.9 -179.6    nan    nan    nan  101.8  3.805    nan    nan   93.3
L -121.9  166.9  114.0 -178.3 -113.4    nan  1.066  126.4  3.786    nan    nan  119.9
K  -44.9   97.9  111.3 -179.3  -57.3    nan  1.097   99.0  3.812  5.152  -54.3  -58.6
K  -22.9  -82.1  115.4 -177.2  -18.8    nan  1.083   87.7  3.936  5.860  -89.2 -112.0
R   67.3 -125.5  112.4  157.7 -169.2    nan  1.068   93.5  3.982  5.257  143.3  152.5
A  105.8  -67.9  113.1   90.1    nan    nan  1.081  104.3 14.074 11.486  118.2  104.6
Q  -93.6  146.2  108.5  178.2 -115.5    nan  0.936  103.2  3.716  4.760   18.2   28.4
G  141.1  143.2  116.8  170.2    nan    nan    nan  117.0  3.821    nan    nan   90.6
G  -90.0  173.4  116.2 -179.2    nan    nan    nan   92.9  3.784    nan    nan -129.2
E -148.0  136.1  110.3 -178.6 -115.3    nan  0.982  137.6  3.822    nan    nan -152.5
Q -112.0   85.7  108.8  179.2  176.4    nan  0.989  105.6  3.805  5.729 -153.8 -160.0
K  -97.1  165.3  112.4 -176.6  176.3    nan  1.032  102.4  3.828  6.090  169.1  170.9
L -144.5    6.7  114.2  179.4 -172.5    nan  1.072   38.7  3.821  5.507 -160.8 -158.1
F -178.8   13.4  111.9   -1.7  -61.0    nan  0.947   13.9 13.802 14.063  104.6   -9.2
Q   44.9  -93.0  111.2 -178.7   70.5    nan  1.055  102.5  3.448  5.169 -125.0 -125.2
T  -48.9  146.5  111.3 -178.6   65.5  -54.8  1.021   66.6  3.760  4.844   41.8   50.3
W  -68.3  -41.6  105.3  170.4  162.4    nan  0.954   96.5  3.764  5.404  -96.3 -112.2
E  -52.9  -46.3  112.8 -176.6 -163.8    nan  1.033  101.1  3.789  5.312   80.0   93.9
E  -67.6  -37.0  110.7 -178.0  -63.6    nan  1.026   96.2  3.847  5.191   60.7   76.0
F  -62.8  -54.0  110.1  178.7  167.4    nan  1.043   91.3  3.759  5.342   70.9   85.9
S  -51.4  -50.2  113.5 -179.2  -71.6    nan  1.049   99.2  3.820  5.255   71.6   82.9
R  -60.7  -47.5  110.6 -178.8  -56.3    nan  1.034   96.0  3.796  5.175   65.1   78.4
A  -60.2  -48.6  111.8 -179.4    nan    nan  1.046   95.0  3.788  5.202   66.2   80.5
A  -62.7  -34.1  112.0 -179.4    nan    nan  1.052  101.2  3.819  5.165   61.5   77.3
E  -69.4  -43.7  111.0 -180.0 -174.0    nan  1.037   91.4  3.804  5.269   66.4   83.3
K  -68.0  -37.6  111.0  176.5  180.0    nan  1.051   95.4  3.838  5.360   55.8   73.4
L  -61.1  -37.2  109.7  176.4  173.6    nan  1.020  101.9  3.800  5.438   74.3   84.9
Y  -70.9  -52.3  111.7 -179.8  173.4    nan  1.045   85.6  3.790  5.332   63.4   79.6
L  -59.9  -27.2  113.3 -178.6  -90.0    nan  1.068  106.8  3.812  5.138   61.8   77.4
A  -58.0  -57.0  108.9  180.0    nan    nan  1.012   93.3  3.797  5.513   89.0  100.3
D -145.3   85.1  111.9  178.5 -161.3    nan  1.067   98.1  3.808  4.714  -37.4  -14.7
P  -50.8  -32.1  117.1 -179.8  -30.5    nan  1.028  110.3  3.906  6.049 -136.6 -149.0
M  -76.2  -21.9  115.8 -179.0  -66.7    nan  1.088   93.6  3.827  5.287   56.2   82.1
K -101.6  -12.6  116.0 -178.6  -56.0    nan  1.075   73.2  3.816  5.232   45.8   67.3
V  -85.8  138.4  116.2 -178.0 -175.8  -53.1  1.130  103.7  3.818  5.455   66.6   91.5
R -117.8  131.1  109.9  179.5 -177.5    nan  0.987  122.3  3.822  5.755 -148.0 -165.1
V -104.3  120.5  106.9  178.5  179.7  -57.2  1.002  111.6  3.789  5.769 -153.7 -157.0
V -115.8  140.7  113.7 -178.6  179.7  -59.0  1.095  124.5  3.820  5.932 -176.8 -173.7
L -127.9  132.0  106.8  179.3  -79.8    nan  0.996  125.5  3.832  5.764 -160.1 -172.6
K -134.5  117.4  108.5 -179.3  174.4    nan  1.015  121.6  3.792  5.759 -179.7  175.5
Y -113.3  124.0  109.7 -178.9 -178.1    nan  1.022  118.5  3.780  5.897 -172.0 -177.5
R -120.2   93.0  108.6  176.9 -152.4    nan  1.049  107.6  3.748  5.805 -179.3 -179.6
H  -50.9  -54.7  115.5 -179.6 -163.3    nan  1.091   95.3  3.820  6.045 -129.3 -140.9
V  -55.4  -38.8  113.2  179.9   69.6 -167.4  1.077  103.9  3.810  5.217   66.5   79.5
D  -83.4  -18.2  112.1  179.4  -65.0    nan  1.039   89.5  3.835  5.266   50.9   66.3
G   70.9   39.8  112.5 -179.7    nan    nan    nan   91.1  3.786    nan    nan -130.9
N -138.3  146.5  115.4  178.5   58.5    nan  1.165  141.3  3.800    nan    nan   84.5
L -118.5  144.3  108.5  178.0  174.7    nan  1.015  123.4  3.790  5.645 -143.1 -156.9
C -138.8  128.2  113.9  179.7 -178.8    nan  1.086  132.5  3.790  5.658 -176.2 -174.4
I -117.4  129.4  112.9  176.7 -168.9   65.6  1.102  124.0  3.810  5.854 -170.7 -173.5
K -125.2  131.2  112.9  179.8  176.4    nan  1.052  128.2  3.787  5.736 -169.2 -179.4
V -120.2  116.8  104.2  176.5  168.7  -70.3  0.985  114.6  3.802  5.862 -166.1 -176.8
T -143.8  158.0  113.9 -179.8  179.3   59.2  1.070  146.9  3.815  5.824  155.0  151.9
D -119.2   18.1  106.2  176.6   66.8    nan  0.997   67.2  3.837  5.594 -138.9 -144.7
D   72.9    1.6  114.2 -177.4  -68.0    nan  1.147  106.4  3.786  5.435  -99.3  -92.9
L -117.3  -71.5  102.2  176.2 -158.8    nan  0.971   71.1  3.807  5.577   53.9   66.0
V  -85.0  135.8  108.7  176.8  -64.2   55.5  1.026   99.2  3.817  4.960   11.8   28.7
C -122.2  139.1  109.8 -179.0 -168.5    nan  1.012  126.2  3.825  5.776 -161.6 -168.1
L -135.2  115.7  106.9  178.3  -46.4    nan  0.980  119.5  3.817  5.767 -173.8 -179.9
V -116.6  164.3  110.9  178.2  -51.3   72.8  1.057  121.2  3.820  5.988  176.6  177.6
Y -152.3  111.7  106.8  178.3 -172.4    nan  1.026  116.9  3.796  5.462 -167.3 -169.0
R -104.0  141.7  112.9 -178.6  -58.4    nan  1.048  115.1  3.792  5.929 -165.2 -173.5
T -152.7  163.8  112.4 -179.7  -59.7 -177.0  1.059  154.4  3.772  5.561  170.6  165.1
D -137.5    2.9  107.9  178.8   59.1    nan  1.071   43.5  3.785  5.493 -156.2 -154.8
Q  -88.5  125.5  111.3  178.9  -62.9    nan  1.043  106.3  3.803  5.773   82.7   98.9
A  -63.4  -20.3  110.1  179.6    nan    nan  1.021  108.3  3.806  5.739 -108.9 -123.6
Q  -76.6  -13.7  113.1 -179.7   69.1    nan  1.053   97.8  3.808  5.455   71.3   89.8
D  -93.2  -16.0  113.1  179.9  -65.7    nan  1.097   80.7  3.815  5.456   57.6   80.9
V  -53.1  -51.6  112.8  180.0  173.8  -66.1  1.105   97.5  3.822  5.790  102.3  116.0
K  -52.1  -52.2  115.8  179.5  177.0    nan  1.093   96.0  3.815  5.302   71.3   84.6
K  -71.0  -32.9  114.0 -178.4   58.9    nan  1.121   93.7  3.849  5.196   46.5   69.0
I  -69.4  -32.8  107.7  178.2  -67.9  167.9  0.999   98.1  3.816  5.498   72.8   82.6
E  -77.2  -49.2  108.7  178.4  102.7    nan  1.053   84.8  3.805  5.379   55.2   75.3
K  -56.1  -35.5  112.6 -179.4  -61.7    nan  1.061  105.6  3.797  5.366   69.9   82.5
F  -70.3  -55.1  112.0 -179.4 -177.6    nan  1.049   84.5  3.804  5.328   67.7   82.3
H  -52.2  -42.2  107.5  177.7  155.6    nan  0.978  107.1  3.803  5.114   69.3   78.1
S  -68.3  -34.2  114.0  178.9  -69.3    nan  1.098   95.3  3.816  5.269   52.9   76.2
Q  -69.4  -39.7  110.9  178.2 -179.1    nan  1.050   93.3  3.816  5.503   70.1   82.6
L  -56.2  -38.4  111.7  175.0  -60.2    nan  1.053  104.2  3.782  5.445   77.8   87.4
M  -60.1  -40.0  109.8  179.6 -176.7    nan  1.044  101.1  3.816  5.385   74.2   87.7
R  -68.4  -32.0  112.6  179.2  -66.7    nan  1.053   97.1  3.785  5.319   63.8   78.6
L  -71.2  -39.3  108.4  179.7  -62.6    nan  1.029   93.4  3.829  5.443   68.4   83.2
M  -61.5  -38.8  111.3 -179.9  -58.9    nan  1.010   99.9  3.800  5.365   74.2   85.5
V  -87.6  -28.8  116.3 -176.9  125.8 -107.5  1.091   79.8  3.782  4.953   41.5   65.3
A  -50.7  136.0  112.3 -178.2    nan    nan  1.055   75.4  3.828  5.619   94.7  108.5
K  -94.9  141.9  109.1  179.0 -169.5    nan  1.004  105.6  3.818  5.742 -131.4 -144.8
E -118.2  128.9  111.1 -176.8 -158.8    nan  1.008  122.9  3.814  5.722 -151.8 -155.2
S  -72.3   86.0  111.6 -178.3  -49.3    nan  1.010  111.7  3.748  5.750 -118.1 -123.5
R  -70.8  142.3  107.3  177.8 -174.3    nan  1.024   84.9  3.803  6.117 -164.5 -170.0
N  -95.7   54.6  128.1 -175.1   89.3    nan  1.282  116.4  3.805  5.765 -139.6 -123.4
V  -70.6    nan  103.9  174.7   98.3 -140.6  1.062    nan  3.770  6.175  167.8  155.5
