Id   phi    psi    tau  omega    chi    chi2  solid    eta  CA-CA  CB-CB  BA^AB  NA^AC
M    nan  146.3  106.9    nan  174.6    nan  0.937    nan    nan    nan    nan    nan
N -146.4  175.2  109.9  178.7   63.8    nan  1.114  147.8  3.821  5.656  169.8  177.3
I  -57.7  -35.7  112.9 -178.5 -175.1   61.1  1.166  104.1  3.886  5.304  -60.7  -58.6
F  -69.8  -42.4  112.4 -179.2  -76.4    nan  1.101   90.7  3.836  5.567   67.5   83.1
E  -72.7  -32.7  109.8  178.8  -67.6    nan  1.037   94.4  3.777  5.349   59.6   72.0
M  -65.1  -44.5  111.5 -179.4 -177.1    nan  1.039   93.9  3.782  5.355   74.5   89.1
L  -73.7  -33.1  113.8  179.9  -77.4    nan  1.161   91.4  3.818  5.216   42.6   70.7
R  -66.3  -30.4  109.0  176.9  169.3    nan  1.134  101.3  3.869  5.654   67.3   84.8
I  -75.8  -38.4  110.2  175.3  -77.8  154.5  1.029   89.2  3.850  5.710   66.8   77.3
D  -76.7  -31.4  116.0 -176.4  -82.5    nan  1.089   88.5  3.827  5.223   55.7   77.1
E -101.9  -26.0  114.5 -176.7  -57.1    nan  1.067   68.7  3.834  5.182   37.8   58.9
G   72.5 -175.0  108.8 -177.1    nan    nan    nan   74.1  3.757    nan    nan -133.2
L -131.8  108.8  112.2  179.0  161.8    nan  1.079  118.8  3.863    nan    nan -121.1
R -116.4  127.0  112.1 -179.5  -48.2    nan  1.168  122.5  3.885  6.065  169.4  169.2
L  -95.4    4.7  116.4 -176.5  -49.8    nan  1.257   86.7  3.815  5.932 -148.6 -147.0
K -133.6  143.8  107.3 -178.6  173.1    nan  1.033  133.1  3.742  5.354   48.0   56.1
I  -50.1  144.5  109.8 -179.1  -73.6  162.0  1.046   68.2  3.800  5.646  -77.6  -88.5
Y -150.3  172.5  111.2  178.3   69.9    nan  1.118  152.2  3.783  5.621  169.8  171.7
K -107.7  127.2  111.4  177.7  -76.9    nan  1.047  117.5  3.811  5.478 -112.0 -111.2
D  -71.7 -172.7  111.3 -179.5   79.3    nan  1.124   69.2  3.759  5.776 -124.3 -127.6
T  -61.0  -21.8  113.9  179.6   82.8  -35.8  1.109  108.6  3.782  4.889  -50.1  -47.8
E -105.4   11.8  109.2  177.6  -42.1    nan  0.996   78.7  3.832  5.462   43.6   58.1
G   75.4    9.2  116.3  178.8    nan    nan    nan  100.4  3.775    nan    nan -100.3
Y  -83.9  155.9  113.1  178.8  -50.6    nan  1.128   93.6  3.857    nan    nan  110.9
Y  -74.7  121.3  112.0  179.4  -63.9    nan  1.146   99.9  3.742  5.306  -96.1 -100.6
T -129.7  166.3  110.9 -176.9  -53.5  179.1  0.980  133.3  3.810  5.767 -169.5  166.7
I -160.5  162.0  110.8  176.8 -151.5   86.2  1.132  158.9  3.840  5.577  172.8 -175.5
G   65.9 -132.9  113.4  176.7    nan    nan    nan   89.2  3.864    nan    nan   37.4
I  -99.0   72.5  112.1 -179.7  -58.2 -176.2  1.222  107.9  3.787    nan    nan  -35.4
G   71.3   27.0  113.7 -178.4    nan    nan    nan   96.5  3.841    nan    nan  -46.6
H  -85.5  108.3  112.4 -178.8 -172.8    nan  1.074  109.7  3.840    nan    nan  127.2
L  -63.5  123.8  110.4  177.5  176.0    nan  1.085   90.6  3.844  6.042 -129.7 -141.7
L  -90.9  -45.9  112.1  178.9  -75.2    nan  1.086   73.7  3.780  5.936 -145.0 -147.4
T -163.5  158.7  113.3 -178.2  178.4   57.4  1.072  159.1  3.832  4.722  -36.2  -21.9
K -100.7    2.2  112.0  176.8  -35.0    nan  1.231   80.2  3.806  5.691 -136.6 -120.9
S  -78.7  139.3  109.2  178.2  154.3    nan  1.048   93.5  3.800  5.913  102.9  106.2
P  -75.5   -0.6  113.0 -179.1    9.7    nan  1.002  104.2  3.826  5.642 -105.2 -117.7
S  -84.9  127.2  112.8  178.9  162.0    nan  1.130  104.7  3.770  5.563   72.2  100.0
L  -71.2  -21.5  111.1  178.2  171.8    nan  1.082  100.1  3.783  5.779 -114.9 -130.8
A  -80.7  -29.3  109.8  179.2    nan    nan  1.062   88.7  3.796  5.533   65.9   83.8
A  -67.3  -49.8  107.2  178.5    nan    nan  1.077   92.3  3.749  5.441   69.6   87.6
A  -56.0  -45.7  111.4  176.9    nan    nan  1.085  100.1  3.843  5.402   64.4   78.1
K  -61.4  -36.9  110.3  178.5  -87.1    nan  1.076  101.5  3.779  5.375   65.7   79.4
A  -67.8  -45.2  111.6 -178.1    nan    nan  1.071   91.4  3.799  5.390   68.3   84.1
A  -63.0  -35.8  106.7  179.8    nan    nan  1.017  102.6  3.774  5.214   65.2   78.2
L  -64.5  -45.5  113.4  179.1  178.1    nan  1.108   92.7  3.771  5.444   64.1   86.2
A  -62.3  -35.0  114.4 -177.4    nan    nan  1.115   99.8  3.877  5.342   63.3   83.1
A  -66.8  -44.9  112.2  174.7    nan    nan  1.019   92.0  3.841  5.422   69.0   81.3
A  -66.4  -32.8  113.2  177.8    nan    nan  1.111   98.1  3.823  5.248   53.7   75.5
I  -99.4  -22.3  111.3 -177.4  -81.1  154.9  1.066   73.3  3.857  5.280   40.1   58.4
G   73.1   25.2  112.0  179.5    nan    nan    nan   96.4  3.738    nan    nan -133.4
R -149.3  143.3  114.0  177.0   96.7    nan  1.287  144.5  3.750    nan    nan   56.9
N  -68.8  105.2  105.1  178.2 -136.5    nan  0.952   98.0  3.722  5.316  -80.5 -112.6
T -103.7  -27.3  116.4 -173.0   59.2  -58.7  1.062   65.9  3.729  5.988  178.9 -168.4
N   75.5   35.1  113.6 -174.6 -153.5    nan  1.170   89.0  3.761  5.337 -136.2 -131.1
G   79.7    7.6  118.6  176.3    nan    nan    nan   96.6  3.853    nan    nan  -78.3
V -129.6  137.0  116.6 -176.1  164.9  -76.9  1.064  134.6  3.821    nan    nan   67.2
I -125.4  165.2  113.6 -179.6   63.0  -60.4  1.151  130.0  3.834  5.839 -177.1 -167.6
T  -90.9  159.9  109.5  176.9   69.1  -52.0  1.011   97.5  3.834  5.396  -96.7 -105.8
K  -57.5  -37.8  112.4 -179.5  160.3    nan  1.230  103.1  3.785  5.452  -86.7  -77.1
D  -63.3  -38.4  110.9  178.3  -73.6    nan  1.005   98.9  3.801  5.705   85.0   85.0
E  -61.5  -42.8  110.6  179.6  -80.1    nan  1.075   98.0  3.832  5.388   72.4   86.7
A  -63.4  -30.3  112.1  179.9    nan    nan  1.029  102.5  3.804  5.305   71.1   81.1
E  -79.4  -35.3  111.2 -177.4  -86.2    nan  1.118   86.8  3.757  5.238   54.5   79.8
K  -69.1  -38.5  109.9  178.7  173.5    nan  1.106   94.7  3.732  5.382   63.4   81.5
L  -67.0  -40.2  110.2  175.2  -54.3    nan  1.135   95.4  3.818  5.587   59.9   77.7
F  -58.5  -49.6  111.0  177.9 -167.3    nan  1.043   96.0  3.888  5.613   80.1   86.3
N  -55.0  -43.8  110.7  179.3  -78.0    nan  1.012  102.3  3.861  5.387   72.7   82.2
Q  -63.4  -44.4  112.8  179.4  -61.0    nan  1.119   94.4  3.835  5.301   59.7   80.2
D  -68.5  -33.9  114.9 -178.8  -59.0    nan  1.130   94.9  3.776  5.304   58.1   77.4
V  -69.9  -46.7  107.7  177.8  171.0  -67.8  1.076   91.7  3.866  5.612   64.7   81.5
D  -54.0  -50.0  111.3  175.3 -168.0    nan  1.003   98.7  3.840  5.499   74.2   82.0
A  -58.0  -37.5  113.2  179.6    nan    nan  1.036  102.5  3.823  5.246   64.5   79.7
A  -66.0  -46.1  111.0  179.1    nan    nan  1.090   92.6  3.809  5.328   65.0   83.0
V  -63.8  -45.2  112.5  178.4  170.2  -69.4  1.133   93.8  3.818  5.303   57.2   76.8
R  -66.2  -36.3  111.9  176.9  -72.3    nan  1.118   97.1  3.838  5.455   56.8   74.3
G  -64.9  -40.6  111.6  177.1    nan    nan    nan   96.0  3.812    nan    nan   84.0
I  -59.7  -53.6  112.9  176.7  -81.5  158.4  1.039   91.7  3.777    nan    nan   84.7
L  -60.0  -27.2  115.6 -177.1  -65.8    nan  1.107  106.0  3.817  5.032   58.2   78.2
R  -87.2  -28.5  113.0 -178.7 -114.9    nan  0.961   81.8  3.841  5.351   64.7   74.0
N  -81.2  127.8  115.5 -179.3 -170.7    nan  1.092  104.1  3.759  5.010   54.5   79.6
A  -67.5  -18.4  112.6 -178.1    nan    nan  1.088  104.6  3.806  5.811 -112.4 -124.9
K  -93.5  -34.4  112.3 -179.8  -99.8    nan  0.971   74.7  3.726  5.436   65.8   77.4
L  -81.4  -45.0  112.1 -172.6  -69.3    nan  1.069   81.0  3.776  4.931   54.1   77.6
K  -48.4  -52.7  118.7 -177.4  173.6    nan  1.282   96.6  3.835  5.327   65.7   96.9
P  -61.3  -35.0  111.2  178.1   15.4    nan  0.975  102.2  3.810  5.432   73.7   74.8
V  -66.0  -48.9  109.2  178.3 -171.9  -48.2  1.116   92.4  3.824  5.392   59.6   84.3
Y  -56.7  -48.6  110.7  178.6 -166.5    nan  1.005   98.1  3.820  5.420   74.6   80.2
D  -51.1  -41.0  114.0 -179.6  -74.6    nan  1.140  105.4  3.816  5.203   66.6   88.2
S  -71.2  -20.2  118.7 -179.0   73.8    nan  1.132   98.4  3.807  5.299   59.6   78.7
L  -93.7  155.1  118.3 -171.6  -65.5    nan  1.063  104.9  3.810  5.289   63.9   83.0
D  -68.4  172.6  111.2  173.0   66.2    nan  1.105   71.2  3.831  5.468  -96.2 -101.1
A  -69.9  -30.1  115.9 -173.9    nan    nan  1.186   95.2  3.818  5.328  -77.1  -68.8
V  -71.0  -49.3  110.9 -179.9 -180.0  -61.5  1.140   87.5  3.830  5.647   69.7   86.8
R  -65.6  -27.0  112.2  179.8  -61.9    nan  1.131  102.3  3.789  5.283   58.1   73.4
R  -64.0  -39.0  106.9  174.8  -77.9    nan  1.007  100.2  3.770  5.726   86.4   90.5
A  -59.6  -36.0  111.7 -179.4    nan    nan  1.101  102.8  3.808  5.393   72.6   88.2
A  -64.7  -45.7  109.7 -178.9    nan    nan  1.028   94.6  3.823  5.475   75.8   86.6
L  -62.3  -40.6  111.4  178.7 -169.4    nan  1.053   98.2  3.791  5.323   65.3   78.3
I  -65.8  -31.7  108.6 -179.7  -62.7  170.1  0.996  101.3  3.818  5.402   70.8   80.9
N  -63.4  -49.8  108.1 -179.4 -170.6    nan  1.080   94.4  3.870  5.473   69.9   90.6
M  -54.4  -46.9  114.3  175.5  -58.3    nan  1.155   98.8  3.834  5.511   62.4   79.7
V  -62.6  -41.6  113.6 -178.5  173.3  -68.3  1.174   96.2  3.914  5.474   63.0   80.9
F  -57.2  -47.2  109.8  175.0 -178.6    nan  1.063   99.2  3.789  5.470   76.9   84.2
Q  -73.2  -45.3  112.9  178.0 -177.3    nan  1.124   86.5  3.861  5.309   46.4   66.0
M -121.4   19.7  119.7 -178.3   54.6    nan  1.294   69.6  3.801  4.918   -8.3   30.9
G   71.5  157.3  113.0  179.1    nan    nan    nan   64.2  3.750    nan    nan  -97.6
E  -54.9  -54.2  110.5 -179.1 -175.3    nan  1.002   96.0  3.788    nan    nan  -81.0
T  -53.5  -48.8  113.5  179.3  -58.8 -178.1  1.104   98.6  3.746  5.158   60.8   80.0
G  -56.1  -49.6  114.3 -179.1    nan    nan    nan   95.7  3.785    nan    nan   84.6
V  -70.8  -36.4  111.1 -179.1  172.8  -64.8  1.062   93.6  3.792    nan    nan   69.8
A  -59.1  -12.4  112.1 -180.0    nan    nan  1.178  115.6  3.796  5.459   65.7   91.3
G  -91.9   -7.4  116.8 -179.7    nan    nan    nan   84.8  3.765    nan    nan   84.7
F  -84.6   53.8  110.0 -178.8  -79.9    nan  1.012  109.3  3.842    nan    nan   94.2
T  -46.6  -50.3  117.7 -176.7  -50.8 -171.1  1.097  100.3  3.811  6.072 -177.6 -170.9
N  -65.7  -42.6  112.8  179.6  -60.2    nan  1.124   93.7  3.708  5.234   50.9   74.6
S  -65.7  -48.6  114.4 -176.5  -82.6    nan  1.102   89.4  3.814  5.354   66.8   83.2
L  -58.7  -37.6  110.3  178.9  -57.8    nan  1.042  103.3  3.776  5.333   70.7   80.1
R  -67.3  -39.2  109.0 -179.8  148.4    nan  1.133   96.2  3.854  5.463   61.7   81.9
M  -66.8  -32.0  112.6  178.3  -72.2    nan  1.058   98.5  3.811  5.545   70.1   80.2
L  -71.1  -43.2  107.9  179.4  -75.8    nan  1.021   92.1  3.770  5.393   69.3   83.1
Q  -61.2  -32.4  112.0  178.6 -167.4    nan  1.079  103.3  3.745  5.304   64.6   81.4
Q  -86.9    5.0  111.7  177.3  -61.2    nan  0.983   94.9  3.798  5.389   56.6   67.0
K   58.4   34.5  111.6 -179.4  -38.3    nan  1.132  104.7  3.752  5.429 -125.5 -120.6
R  -93.7   75.4  106.8  175.5  -75.8    nan  1.019  105.2  3.757  6.014  115.4  120.3
W  -48.8  -56.9  118.8 -175.3  -31.5    nan  1.374   93.3  3.850  6.276 -169.6 -149.6
A  -62.2  -45.2  113.7 -179.1    nan    nan  1.198   94.4  3.804  5.412   60.8   73.2
A  -59.9  -40.1  111.3  176.8    nan    nan  1.057  100.4  3.793  5.569   73.2   80.5
A  -63.7  -47.6  112.0  179.6    nan    nan  1.030   92.9  3.791  5.355   72.1   83.4
A  -58.8  -40.8  111.3 -178.0    nan    nan  1.019  100.9  3.792  5.136   68.4   83.0
A  -67.9  -35.9  112.8  178.6    nan    nan  1.067   95.4  3.834  5.205   56.5   77.8
A  -73.4  -42.2  109.8  177.6    nan    nan  1.029   89.6  3.751  5.336   59.7   76.5
L  -62.8  -27.3  112.4 -179.9  -73.2    nan  1.113  104.5  3.825  5.396   62.1   82.5
A  -70.5  -11.4  114.6 -177.9    nan    nan  1.141  104.5  3.816  5.417   70.4   91.2
K -101.4    7.9  114.1  179.9  -71.2    nan  0.982   81.9  3.843  5.530   63.1   74.3
S  -83.7  161.7  111.4 -178.4   51.1    nan  1.025   90.6  3.729  5.522   91.3  111.0
R  -59.4  -42.5  107.5  172.7  178.1    nan  0.974  101.6  3.778  5.303  -72.8  -82.1
W  -45.1  -52.3  111.0 -179.8  166.5    nan  1.051  103.4  3.850  5.383   84.4   97.5
Y  -62.5  -43.9  112.3 -179.4  179.5    nan  0.997   95.7  3.710  5.058   63.8   74.2
N  -70.2  -27.5  113.3 -178.0  -74.7    nan  1.129   97.4  3.784  5.089   49.8   76.2
Q  -79.1  -40.5  115.6  179.3  -62.5    nan  1.156   82.4  3.733  5.417   58.0   82.2
T -134.0   71.4  108.3 -179.0   47.8  -75.1  0.987   89.5  3.857  5.067    2.4   14.8
P  -60.2  -39.1  120.3 -173.8   13.0    nan  1.230   96.3  3.811  6.076 -178.0 -163.3
N  -68.3  -44.7  111.7  178.4  -79.5    nan  1.033   91.2  3.823  5.535   70.3   80.7
R  -66.3  -49.8  110.1  176.4  156.3    nan  1.070   91.1  3.809  5.333   57.4   74.0
A  -56.2  -41.6  113.9  179.1    nan    nan  1.164  101.0  3.814  5.305   61.2   81.3
K  -62.4  -38.4  110.4  178.5 -101.1    nan  0.990   99.9  3.827  5.570   78.5   82.4
R  -61.5  -49.5  109.0  178.6  -70.3    nan  1.065   95.3  3.806  5.387   71.0   85.5
V  -60.9  -46.6  111.0 -179.6 -179.3  -57.7  1.127   96.1  3.847  5.237   57.9   77.0
I  -58.2  -47.2  112.7  178.2  -72.6  168.1  1.160   96.8  3.769  5.436   61.5   81.4
T  -63.2  -31.0  111.4  178.6  -65.1  176.8  1.035  102.7  3.805  5.383   69.2   76.6
T  -65.6  -42.0  109.9  177.8  -55.3 -172.6  1.157   95.7  3.821  5.469   63.3   87.8
F  -70.3  -46.0  110.6  175.3  -85.5    nan  0.963   89.8  3.823  5.555   70.3   71.3
R  -55.1  -48.3  112.1 -178.9 -146.4    nan  1.063   98.6  3.818  5.260   72.9   87.1
T  -95.0  -32.2  120.3 -176.1   87.4  -39.4  1.209   70.0  3.842  4.957   23.5   51.6
G   79.1   11.3  113.1 -177.0    nan    nan    nan   96.3  3.811    nan    nan -133.5
T -119.5  170.4  112.8  178.4   73.8  -43.2  0.995  122.8  3.900    nan    nan   76.1
W  -97.9   17.4  113.4  178.4  -65.5    nan  0.983   89.2  3.813  5.451 -106.6 -102.4
D  -49.7  -44.2  116.4 -177.0  -66.2    nan  1.144  103.1  3.801  5.936  137.1  153.0
A  -60.7  -18.2  110.8 -177.4    nan    nan  1.082  111.6  3.824  5.384   72.5   85.9
Y -109.3    0.7  108.9 -173.1  -76.3    nan  0.934   70.9  3.780  5.371   53.4   65.3
K  -98.3    nan   88.3 -173.4  -66.2    nan  0.666    nan  4.434  5.788   87.4   85.8
