Id   phi    psi    tau  omega    chi    chi2  solid    eta  CA-CA  CB-CB  BA^AB  NA^AC
K    nan  136.9  111.0    nan  170.3    nan  1.026    nan    nan    nan    nan    nan
V -102.8  111.9  105.6  178.0  175.7  -63.6  1.013  109.1  3.804  5.841 -145.6 -150.3
F  -77.8  153.4  113.6 -178.9  -85.5    nan  1.031   89.2  3.797  5.991 -136.9 -145.6
G  -84.6  158.7  106.1  171.0    nan    nan    nan   90.8  3.750    nan    nan -117.8
R  -54.8  -56.4  113.1 -177.7 -178.4    nan  1.069   93.0  3.793    nan    nan  -73.9
C  -69.2  -29.5  113.2 -179.9  -63.5    nan  1.088   97.3  3.822  5.147   45.5   64.8
E  -65.5  -41.7  108.9  179.1 -176.2    nan  1.003   96.5  3.807  5.539   80.8   90.6
L  -68.6  -44.2  110.2  178.6 -179.6    nan  1.031   92.1  3.794  5.256   60.2   75.6
A  -54.1  -48.3  109.5  178.6    nan    nan  1.023  100.8  3.826  5.384   75.8   86.9
A  -62.2  -43.9  111.5  179.8    nan    nan  1.051   96.4  3.811  5.252   61.4   76.9
A  -63.1  -41.8  111.2  179.9    nan    nan  1.046   97.0  3.806  5.318   65.8   80.6
M  -66.7  -39.8  111.0 -179.5  -74.1    nan  1.042   95.3  3.807  5.304   64.1   79.5
K  -63.3  -44.9  109.6  179.9 -177.5    nan  1.023   96.1  3.789  5.316   70.1   83.6
R  -62.0  -32.7  110.0  179.9 -141.5    nan  1.026  103.4  3.800  5.268   66.1   79.8
H  -85.9    9.7  114.9  179.2  -79.8    nan  1.134   98.1  3.802  5.220   43.4   69.6
G   78.4   20.0  120.2  176.7    nan    nan    nan   91.2  3.813    nan    nan -103.1
L  -82.5  -20.9  115.2  179.4  -77.4    nan  1.107   88.4  3.788    nan    nan  121.6
D  -63.9  116.3  109.1 -179.5 -173.3    nan  1.049   93.9  3.813  5.694   89.6  101.6
N   70.9   15.2  113.9 -179.7  -53.8    nan  1.111  102.4  3.791  4.915   17.7   -6.3
Y  -66.6  124.1  106.8  177.9 -171.5    nan  1.004   89.8  3.807  6.050  124.9  129.3
R   59.1   27.2  110.4 -177.6  -66.9    nan  1.062  108.6  3.845  5.036   16.7   -6.2
G   83.1    6.1  116.8  180.0    nan    nan    nan   94.1  3.790    nan    nan  -78.7
Y  -98.5  113.8  110.7 -179.9  -68.1    nan  1.050  112.3  3.820    nan    nan   93.5
S  -63.9  158.5  110.1 -179.2   58.5    nan  1.043   72.8  3.778  5.879 -121.8 -134.2
L  -50.3  -39.9  114.7 -178.6 -158.2    nan  1.077  106.5  3.784  5.233  -64.7  -72.2
G  -57.1  -32.0  113.2 -179.9    nan    nan    nan  106.6  3.795    nan    nan   91.3
N  -65.0  -43.6  110.6  179.5  -78.2    nan  1.026   94.9  3.806    nan    nan   89.6
W  -67.9  -40.0  112.3 -179.3  -63.1    nan  1.060   93.6  3.791  5.183   60.0   77.0
V  -68.7  -42.3  109.5  179.8  175.2  -62.4  1.051   93.4  3.786  5.343   61.9   78.6
C  -62.1  -42.8  109.8  178.6 -177.5    nan  1.014   98.0  3.781  5.353   69.9   81.1
A  -61.2  -45.5  109.9  179.7    nan    nan  1.036   97.2  3.818  5.333   67.6   82.5
A  -62.8  -40.8  110.8  180.0    nan    nan  1.046   98.1  3.810  5.297   64.3   79.0
K  -57.5  -51.5  111.5  179.8  169.6    nan  1.027   95.3  3.801  5.413   77.5   88.5
F  -80.5  -20.5  116.5 -177.5  -63.1    nan  1.182   90.0  3.759  4.922   30.9   61.4
E  -82.4  -43.0  112.0  178.5  -73.6    nan  1.035   81.0  3.765  5.608   72.1   84.1
S -132.0   -0.8  117.3 -174.9   68.8    nan  1.030   47.7  3.811  4.649    0.8   19.3
N   60.8   34.7  108.5 -176.4 -154.9    nan  1.058  104.1  3.813  5.482 -124.1 -120.3
F   66.2   19.7  114.2  178.8  -60.1    nan  1.067  104.7  3.824  5.476  -80.2  -86.6
N -101.2  116.4  109.8 -178.7 -175.7    nan  1.007  112.6  3.820  5.731   91.1  103.6
T  -64.8  -21.9  113.0 -179.5   63.8  -57.2  1.053  105.2  3.801  5.942 -122.0 -131.6
Q  -91.5    3.7  115.8 -177.2  -61.2    nan  1.099   90.1  3.806  5.266   55.7   77.9
A  -64.5  135.1  113.2 -178.9    nan    nan  1.066   86.9  3.790  5.863  112.0  124.7
T -137.5  146.9  106.7  176.4   56.5  -65.7  0.992  136.3  3.791  5.782 -178.6  170.7
N -149.1  128.7  109.0  177.9  -69.8    nan  1.027  131.8  3.775  5.554  177.0  175.5
R  -84.5  141.0  110.0 -179.6 -164.5    nan  1.002   98.0  3.811  5.850 -127.5 -138.4
N -102.0  160.9  107.4  179.0  -58.0    nan  0.995  107.0  3.800  5.709 -139.2 -144.3
T  -62.7  -31.4  113.7 -178.7   57.7  -62.3  1.087  101.9  3.823  5.467  -79.4  -79.8
D  -75.2   -0.4  111.8  179.3   63.9    nan  1.076  104.6  3.792  5.403   64.4   80.9
G   97.1  -11.3  115.2  178.9    nan    nan    nan   87.8  3.804    nan    nan  -92.0
S  -77.7  170.5  106.7  178.7   63.4    nan  0.981   80.6  3.790    nan    nan   95.1
T -136.7  145.1  107.5 -179.6  -59.7  179.3  0.989  135.7  3.812  5.519 -146.9 -143.0
D  -98.6  139.0  106.0  178.3  -66.9    nan  0.979  107.0  3.817  5.703 -130.5 -136.6
Y -129.5  139.0  116.4 -175.5  -64.6    nan  1.024  134.8  3.794  5.718 -163.2 -167.7
G   81.3 -172.7  120.4  173.9    nan    nan    nan   85.1  3.722    nan    nan   18.0
I  -58.7  -30.4  113.0 -177.0 -157.3   75.2  1.123  106.2  3.717    nan    nan  -43.2
L -110.3   11.7  112.0  179.1  -73.6    nan  1.091   74.4  3.807  5.250   23.6   48.1
Q   46.8   56.8  114.3  177.3  -70.4    nan  1.080   97.1  3.786  5.617 -126.1 -128.2
I  -76.6  131.2  109.6 -179.8  -70.7  165.7  1.071   95.4  3.800  6.126  155.0  159.3
N  -81.5  134.9  117.2 -175.0 -172.1    nan  1.126  102.5  3.797  5.778 -123.8 -129.5
S  -73.5  -14.4  114.3 -179.5   66.3    nan  1.075  100.1  3.826  5.724 -109.7 -124.4
R  -64.3  -31.0  110.5  179.2  172.3    nan  1.033  102.1  3.836  5.714   94.0  106.0
W -129.6  -29.6  117.8 -178.3  -45.7    nan  1.046   42.9  3.796  4.928   10.3   31.0
W -109.0  -21.8  115.1 -164.4  -53.3    nan  1.055   63.2  3.753  4.736   39.4   66.3
C -144.7  161.8  109.1 -179.4   61.0    nan  1.033  146.6  3.824  4.878    1.0   20.9
N -101.7  121.6  112.3  180.0 -176.1    nan  1.041  115.0  3.771  5.498 -117.8 -117.5
D -116.1    6.0  111.7  176.9   63.1    nan  1.097   66.3  3.804  5.885 -179.0 -178.3
G   69.2    6.7  116.6  179.4    nan    nan    nan  107.7  3.780    nan    nan -111.8
R -141.7   29.0  114.9 -179.6   67.1    nan  1.093   55.9  3.810    nan    nan   51.6
T -127.4   81.4  104.1  178.5  -49.8 -170.3  0.966   95.8  3.799  5.660   75.1   82.2
P  -46.2  133.2  113.5 -179.7  -35.9    nan  0.974   74.7  3.840  5.986 -138.2 -145.7
G   63.4   32.9  114.6  179.7    nan    nan    nan  100.1  3.773    nan    nan    1.7
S -102.2  159.9  108.5  179.0   72.1    nan  1.016  107.7  3.789    nan    nan  112.6
R -100.3  169.0  106.3  179.3  -64.5    nan  0.985  103.2  3.780  5.509 -117.6 -120.3
N -136.1   61.7  103.9  179.3 -179.4    nan  0.960   78.8  3.781  5.476 -146.6 -146.1
L  -58.4  -26.5  115.9 -178.0  -64.3    nan  1.142  107.7  3.794  6.176  173.7 -173.0
C  -91.2   -4.2  111.6  178.1  -71.4    nan  1.077   87.2  3.794  5.428   50.9   70.0
N   54.5   53.8  114.2  179.1 -100.6    nan  1.084   94.2  3.804  5.580 -133.7 -134.3
I -152.3  151.3  111.2 -180.0   47.4  -81.6  0.994  149.0  3.766  5.623   82.9   80.3
P  -73.9  144.4  102.9  178.3   24.5    nan  0.871   84.2  3.781  5.312  -95.1 -106.0
C  -58.4  -28.7  112.0 -179.1  -60.4    nan  1.066  107.8  3.806  5.736  -99.3  -93.8
S  -58.5  -29.6  111.7  179.5   58.0    nan  1.057  107.3  3.801  5.556   85.0   98.6
A  -60.8  -26.4  110.8  178.9    nan    nan  1.041  107.4  3.834  5.546   82.2   94.9
L  -77.0   -1.8  114.6 -179.7  -60.1    nan  1.068  102.3  3.813  5.382   65.6   84.4
L -105.2   -3.6  112.7 -178.6  -55.0    nan  1.047   73.4  3.812  5.476   61.4   81.3
S  -59.2  152.5  114.2 -180.0  173.5    nan  1.054   73.0  3.801  5.775  109.3  121.9
S  -68.8  -20.0  108.9  177.4   49.0    nan  1.020  103.7  3.795  5.441  -92.3 -100.3
D  -90.5  118.5  103.6  178.4 -173.2    nan  0.933  102.2  3.815  5.427   60.4   72.8
I  -81.7   -0.3  116.3 -177.4   66.5  -57.7  1.126   98.1  3.812  6.015 -146.9 -139.9
T  -45.9  -50.5  115.2 -178.8  -57.1 -175.9  1.112  101.9  3.794  5.933  130.0  138.7
A  -63.1  -44.0  110.3 -178.3    nan    nan  1.046   96.3  3.822  5.313   63.6   76.9
S  -60.4  -44.2  111.3  179.4  -80.9    nan  1.060   97.7  3.801  5.346   67.7   82.3
V  -65.5  -46.8  111.8  179.8  171.1  -67.1  1.073   92.1  3.797  5.313   61.5   78.1
N  -60.1  -40.7  111.9 -180.0  -67.8    nan  1.065   99.7  3.820  5.387   67.9   81.2
C  -71.0  -40.2  110.2  179.3 -172.3    nan  1.038   92.2  3.781  5.275   61.1   75.6
A  -59.6  -36.6  110.1  179.3    nan    nan  1.037  103.3  3.823  5.402   72.4   86.2
K  -61.6  -39.0  110.2  178.7  -73.0    nan  1.033  100.2  3.815  5.446   74.1   87.2
K  -69.2  -41.8  110.0  179.6  -65.5    nan  1.036   93.0  3.811  5.389   63.8   78.7
I  -60.8  -50.8  111.4 -179.5  -63.1  173.8  1.060   93.5  3.801  5.368   70.5   84.8
V  -66.4  -16.2  113.7 -177.9   73.7 -161.9  1.111  106.3  3.808  5.217   53.6   73.6
S  -92.8   -7.3  110.1  178.6  -64.0    nan  1.002   84.7  3.825  5.526   63.7   76.8
D  -62.4  -11.2  116.7 -177.7 -163.5    nan  1.086  112.1  3.826  5.635   98.2  117.3
G  120.4  -33.3  116.6  179.7    nan    nan    nan   77.8  3.800    nan    nan  -78.9
N  -99.4    4.5  112.9  179.4  -56.0    nan  1.076   82.4  3.819    nan    nan   57.4
G   60.7 -143.5  111.8  179.4    nan    nan    nan   78.4  3.777    nan    nan -119.9
M  -76.4   -3.6  114.6 -178.5  -74.8    nan  1.129  102.1  3.788    nan    nan  -25.4
N  -64.1  -14.8  109.6  178.4  -67.7    nan  1.056  110.2  3.793  5.867  105.0  115.3
A  -62.0  -24.5  109.9  177.5    nan    nan  1.025  107.6  3.818  5.714   94.7  105.9
W  -99.0  108.7  108.0  178.5  -74.7    nan  1.022  109.8  3.827  5.305   42.6   62.0
V  -56.3  -42.0  113.7 -178.2  177.5  -60.2  1.077  100.9  3.784  5.947 -119.5 -129.8
A  -67.1  -33.5  110.9 -179.7    nan    nan  1.062   98.3  3.820  5.367   64.2   79.6
W  -66.0  -48.3  108.0  178.5  175.8    nan  1.007   93.4  3.796  5.517   75.5   85.5
R  -59.5  -43.6  112.2 -179.3 -163.2    nan  1.039   98.2  3.791  5.212   67.1   79.9
N  -84.9  -22.2  117.4 -177.7  -67.6    nan  1.113   84.7  3.799  5.071   39.4   64.5
R -126.2  -13.3  118.2 -175.5  -49.2    nan  1.113   48.5  3.781  4.886   21.5   45.8
C -115.3  -43.3  113.3 -179.2  -57.4    nan  1.044   56.2  3.806  5.265   40.9   60.7
K  -50.0  125.6  111.4 -179.1 -169.3    nan  1.028   81.6  3.791  5.303   83.6   94.5
G   75.3    7.1  116.6  178.4    nan    nan    nan  101.4  3.786    nan    nan    4.1
T -101.3  175.5  107.6  179.0   69.4  -52.4  0.999  102.7  3.799    nan    nan   89.7
D  -81.0   83.0  107.0  179.4  177.8    nan  0.987  107.8  3.789  5.260  -83.3  -82.3
V  -69.7  -18.7  115.3 -177.9  -66.8   55.5  1.157  101.5  3.798  6.186 -173.1 -164.6
Q  -61.4  -27.2  109.7  179.0 -168.3    nan  1.030  106.9  3.812  5.752   97.1  104.7
A  -58.4  -27.0  112.3  179.3    nan    nan  1.053  108.7  3.830  5.566   84.7   99.7
W  -69.1  -19.1  113.5  179.9  -71.0    nan  1.094  102.4  3.821  5.478   72.1   91.2
I -114.0    3.4  111.7  179.4   57.6  -64.8  1.082   67.3  3.779  5.234   32.1   55.2
R  -62.1  136.5  111.2 -179.9   63.4    nan  1.093   83.2  3.791  5.931  111.2  125.6
G   85.8   -9.7  115.2  179.2    nan    nan    nan   98.3  3.779    nan    nan   26.6
C  -84.0  147.6  113.4 -178.6  -48.8    nan  1.067   97.0  3.783    nan    nan   95.0
R  -97.4  103.4  102.7  177.9 -178.0    nan  0.936  104.0  3.788  5.583 -123.5 -134.9
L -100.8    nan  119.0 -177.0  -79.6    nan  1.158    nan  3.834  6.077  175.3 -171.7
