Id   phi    psi    tau  omega    chi    chi2  solid    eta  CA-CA  CB-CB  BA^AB  NA^AC
K    nan  134.9  109.3    nan  170.7    nan  1.015    nan    nan    nan    nan    nan
V -104.0  110.6  105.7  178.0 -179.6  -58.5  1.017  109.4  3.787  5.840 -148.7 -153.3
F  -76.3  151.9  113.4 -179.6  -83.3    nan  1.012   88.5  3.796  5.989 -134.6 -146.7
G  -84.7  156.7  106.2  170.4    nan    nan    nan   91.5  3.737    nan    nan -120.1
R  -52.0  -55.4  113.6 -178.0 -178.1    nan  1.066   95.2  3.801    nan    nan  -73.9
C  -70.5  -31.3  112.6 -179.3  -63.0    nan  1.102   95.5  3.829  5.157   43.5   65.0
E  -62.7  -44.2  109.1  178.3  179.0    nan  0.999   97.2  3.806  5.557   82.5   90.9
L  -66.8  -45.4  110.1  179.1 -179.9    nan  1.037   92.9  3.802  5.239   59.2   75.4
A  -51.9  -48.6  110.1  178.6    nan    nan  1.030  101.9  3.824  5.376   77.3   87.9
A  -64.3  -42.6  111.8  179.6    nan    nan  1.058   95.3  3.800  5.203   58.6   74.6
A  -63.7  -42.4  111.1  179.1    nan    nan  1.044   96.2  3.819  5.373   66.6   80.7
M  -65.9  -40.6  110.9 -179.9  -71.5    nan  1.048   95.6  3.807  5.311   63.9   79.3
K  -62.4  -47.0  109.8  179.1 -174.2    nan  1.025   95.5  3.793  5.337   70.3   83.2
R  -58.3  -35.0  109.8  179.8 -139.3    nan  1.007  105.4  3.805  5.285   69.7   81.2
H  -84.5    9.2  114.9  179.7  -73.7    nan  1.136   99.3  3.808  5.198   42.4   69.4
G   79.9   21.4  119.7  176.9    nan    nan    nan   89.1  3.818    nan    nan -102.1
L  -84.5  -17.8  114.9  179.6  -78.5    nan  1.109   87.8  3.798    nan    nan  121.2
D  -65.8  116.1  109.7 -179.5 -172.8    nan  1.059   95.4  3.815  5.712   90.2  102.8
N   68.2   18.3  113.7 -178.6  -66.8    nan  1.110  103.6  3.792  4.942   16.3   -8.5
Y  -66.6  123.0  105.7  177.8 -172.5    nan  0.983   89.6  3.789  6.042  129.1  131.6
R   58.6   29.9  110.9 -178.2  -59.5    nan  1.047  107.5  3.851  5.024   14.5   -7.7
G   81.3    5.9  117.1  179.6    nan    nan    nan   96.0  3.788    nan    nan  -78.5
Y  -98.8  111.6  111.5  179.8  -67.5    nan  1.062  113.1  3.819    nan    nan   93.0
S  -60.2  156.0  110.2 -179.2   62.9    nan  1.027   70.6  3.787  5.869 -117.8 -133.3
L  -51.0  -38.9  114.1 -179.1 -160.1    nan  1.081  106.9  3.808  5.327  -69.7  -76.2
G  -57.4  -31.3  111.8  179.5    nan    nan    nan  107.3  3.801    nan    nan   90.9
N  -65.0  -42.9  111.1  179.1  -78.5    nan  1.037   94.9  3.827    nan    nan   89.8
W  -67.7  -41.6  112.9 -179.5  -62.9    nan  1.068   92.5  3.812  5.211   60.7   77.7
V  -68.6  -41.9  109.0  179.4  176.1  -61.9  1.031   94.0  3.795  5.352   62.6   76.9
C  -62.0  -45.0  109.7  178.6 -176.6    nan  1.015   97.0  3.798  5.363   70.2   81.5
A  -60.6  -45.4  110.8  179.6    nan    nan  1.049   97.2  3.836  5.337   66.2   81.2
A  -60.5  -45.1  110.6  178.9    nan    nan  1.036   97.5  3.829  5.338   67.9   80.4
K  -53.6  -52.4  111.5  179.2  170.3    nan  1.020   97.4  3.821  5.369   77.5   87.5
F  -81.0  -19.5  116.9 -178.2  -64.3    nan  1.181   89.9  3.764  4.903   28.9   59.7
E  -82.9  -41.3  111.2  178.4  -74.7    nan  1.027   81.7  3.782  5.624   72.4   84.2
S -134.7   -0.6  116.7 -174.9   69.3    nan  1.024   45.0  3.793  4.640   -0.9   17.7
N   61.2   35.7  108.2 -176.9 -155.1    nan  1.038  103.4  3.806  5.437 -122.8 -120.2
F   65.1   18.8  115.3  178.9  -57.4    nan  1.086  105.9  3.843  5.508  -82.1  -86.9
N  -99.4  115.6  110.1 -178.7 -174.6    nan  1.012  112.1  3.821  5.738   92.8  104.2
T  -65.2  -21.3  113.4  179.9   66.2  -55.7  1.073  105.1  3.822  6.011 -124.6 -133.1
Q  -92.1    2.6  116.2 -178.2  -63.1    nan  1.113   89.0  3.822  5.341   55.8   77.3
A  -63.5  135.1  113.1 -179.5    nan    nan  1.071   86.1  3.814  5.893  113.0  124.0
T -138.7  147.3  105.6  176.9   57.4  -64.6  0.989  136.7  3.800  5.799 -179.2  169.7
N -148.3  129.0  108.0  178.8  -74.1    nan  1.006  131.4  3.773  5.559 -179.7  177.2
R  -85.6  136.0  110.6 -179.7 -167.4    nan  1.016  100.8  3.799  5.847 -130.5 -138.7
N  -97.1  161.1  108.3  179.0  -54.0    nan  1.021  102.6  3.799  5.757 -139.6 -144.6
T  -59.7  -35.4  113.8 -179.0   55.9  -64.0  1.082  102.1  3.832  5.443  -74.2  -77.3
D  -73.0   -0.2  112.5 -180.0   65.0    nan  1.083  107.0  3.810  5.369   62.7   80.0
G   96.9  -11.9  114.0  178.4    nan    nan    nan   88.0  3.799    nan    nan  -92.0
S  -77.4  169.9  107.2  178.4   64.4    nan  1.007   80.5  3.783    nan    nan   94.7
T -136.8  145.4  107.9 -179.2  -60.0  179.3  0.984  136.0  3.818  5.524 -144.7 -143.7
D  -99.6  139.2  107.5  177.7  -62.0    nan  0.996  108.7  3.813  5.697 -132.9 -137.2
Y -129.0  139.6  116.7 -174.9  -63.2    nan  1.039  134.9  3.800  5.713 -162.3 -167.2
G   80.3 -172.4  120.2  174.5    nan    nan    nan   84.2  3.730    nan    nan   18.0
I  -60.6  -27.1  113.2 -177.6 -155.5   76.4  1.128  106.3  3.721    nan    nan  -44.7
L -110.6    9.8  112.9  178.2  -74.7    nan  1.128   73.5  3.803  5.272   24.1   50.5
Q   46.8   55.6  114.5  176.4  -70.8    nan  1.078   97.9  3.811  5.653 -127.0 -130.8
I  -77.5  129.1  109.3 -179.3  -68.9  166.7  1.067   96.6  3.783  6.088  152.0  157.1
N  -79.8  134.3  117.3 -175.4 -170.0    nan  1.121  101.5  3.803  5.823 -123.0 -130.8
S  -73.7  -13.7  114.5 -179.2   66.4    nan  1.077  100.2  3.809  5.706 -110.7 -125.2
R  -64.2  -33.5  110.7  179.2  165.8    nan  1.030  100.8  3.813  5.709   95.3  106.9
W -126.3  -29.6  117.7 -178.1  -46.4    nan  1.050   45.6  3.810  4.920   11.0   32.2
W -108.2  -23.5  114.8 -164.2  -54.2    nan  1.054   63.6  3.756  4.746   40.1   66.7
C -145.6  163.0  109.6 -178.9   61.4    nan  1.040  147.6  3.820  4.865   -1.7   19.0
N -101.8  122.3  112.5  179.8  178.5    nan  1.047  115.3  3.764  5.455 -116.8 -116.5
D -116.9    2.3  110.7  177.2   63.2    nan  1.102   64.0  3.801  5.869 -179.1 -178.8
G   69.7    9.4  115.7  179.2    nan    nan    nan  106.0  3.795    nan    nan -114.4
R -141.5   26.0  114.7 -179.7   68.0    nan  1.103   53.9  3.808    nan    nan   54.0
T -125.2   84.2  104.9  178.0  -51.3 -171.4  0.974   98.7  3.811  5.681   74.1   81.4
P  -45.5  130.5  115.4 -179.8  -36.3    nan  1.014   77.2  3.834  5.968 -136.2 -142.3
G   62.6   32.6  114.6  179.0    nan    nan    nan  100.8  3.773    nan    nan   -3.6
S  -97.0  160.4  109.3  179.5   66.5    nan  1.012  103.0  3.778    nan    nan  118.3
R  -97.0  166.9  105.2  178.5  -66.0    nan  0.971  100.3  3.784  5.481 -114.3 -117.5
N -135.1   58.8  103.8  179.9  178.3    nan  0.953   77.1  3.802  5.512 -147.0 -147.4
L  -55.8  -25.7  115.9 -177.9  -58.7    nan  1.149  110.5  3.803  6.195  171.6 -173.3
C  -91.6   -4.9  112.4  178.0  -73.0    nan  1.093   86.6  3.797  5.430   50.6   70.5
N   56.1   52.5  113.9  178.0 -116.9    nan  1.054   94.2  3.805  5.533 -131.8 -134.3
I -153.9  153.5  110.2 -179.0   49.1  -77.9  0.971  150.6  3.770  5.531   78.7   78.0
P  -76.1  144.3  102.8  178.7   29.2    nan  0.864   86.0  3.787  5.321  -96.3 -105.2
C  -58.0  -28.4  112.6 -179.3  -60.9    nan  1.068  108.1  3.796  5.704  -99.0  -93.7
S  -60.7  -26.4  111.5  179.1   59.6    nan  1.061  107.2  3.806  5.549   82.4   96.7
A  -62.3  -26.8  110.4  179.1    nan    nan  1.035  106.0  3.820  5.567   84.1   96.5
L  -77.2   -3.8  114.6 -179.0  -60.4    nan  1.075  101.2  3.811  5.367   64.6   84.2
L -102.7   -3.8  112.9 -178.8  -55.4    nan  1.056   75.9  3.803  5.447   61.8   81.8
S  -59.2  156.6  114.6 -179.2  178.3    nan  1.054   70.9  3.807  5.779  108.7  122.4
S  -71.9  -19.8  108.5  178.1   47.3    nan  1.001  100.9  3.803  5.424  -90.1  -98.5
D  -93.4  116.0  103.7  179.9 -175.9    nan  0.940  103.8  3.803  5.340   57.3   71.3
I  -77.6   -1.9  116.5 -177.4   64.8  -58.9  1.108  101.5  3.809  6.027 -142.4 -138.9
T  -47.0  -51.5  115.7 -178.0  -53.9 -173.0  1.135  100.2  3.800  5.895  125.3  137.1
A  -61.8  -42.0  110.8 -179.2    nan    nan  1.060   98.2  3.838  5.369   64.6   76.7
S  -62.0  -46.7  110.8  178.9  -83.8    nan  1.059   95.4  3.805  5.386   68.3   82.4
V  -62.2  -48.2  112.3  179.5  172.6  -65.3  1.067   93.5  3.807  5.328   63.7   78.6
N  -59.9  -40.5  111.7 -179.8  -69.9    nan  1.060  100.0  3.830  5.351   66.7   80.3
C  -70.4  -40.5  109.6  179.3 -173.6    nan  1.040   92.8  3.775  5.295   61.1   76.1
A  -59.1  -36.1  110.6  179.0    nan    nan  1.046  103.7  3.818  5.425   72.5   86.2
K  -62.6  -37.0  110.2  179.2  -72.5    nan  1.044  100.5  3.805  5.429   72.8   87.4
K  -69.4  -41.9  109.4  178.9  -62.4    nan  1.036   93.2  3.820  5.420   64.1   79.5
I  -62.4  -51.5  111.0  180.0  -61.6  175.4  1.060   92.3  3.792  5.383   67.8   82.6
V  -63.8  -20.0  114.5 -178.1   75.9 -159.8  1.131  106.7  3.818  5.245   55.1   75.3
S  -90.8   -5.1  109.9  178.7  -56.7    nan  1.008   87.5  3.808  5.516   62.8   75.6
D  -66.9    1.0  118.1 -176.9 -149.1    nan  1.118  113.5  3.845  5.678   94.5  116.4
G  110.1  -34.8  116.8  179.0    nan    nan    nan   87.7  3.794    nan    nan  -79.0
N  -98.7    7.4  113.7  178.8  -63.3    nan  1.103   84.4  3.816    nan    nan   56.9
G   58.7 -143.9  110.8  179.6    nan    nan    nan   76.1  3.781    nan    nan -118.7
M  -77.3   -2.8  115.0 -178.8  -72.8    nan  1.130  101.5  3.794    nan    nan  -27.1
N  -64.0  -14.2  110.1  177.9  -67.1    nan  1.052  110.4  3.809  5.890  106.5  115.9
A  -61.4  -25.6  109.5  177.5    nan    nan  1.024  107.8  3.833  5.733   95.8  107.0
W  -98.1  107.7  108.1  178.6  -73.7    nan  1.016  109.7  3.825  5.301   42.8   61.8
V  -53.9  -42.5  113.3 -179.3  178.1  -60.0  1.075  102.6  3.794  5.944 -118.5 -129.7
A  -67.4  -32.6  111.7 -179.1    nan    nan  1.084   98.0  3.827  5.367   62.0   79.3
W  -68.3  -45.8  108.5  178.2  175.4    nan  1.015   92.7  3.788  5.500   74.2   84.2
R  -60.4  -44.5  112.4  179.8 -158.1    nan  1.026   96.9  3.783  5.229   69.0   80.8
N  -85.4  -21.7  116.8 -177.3  -65.3    nan  1.100   84.7  3.811  5.036   38.6   63.1
R -126.6  -13.9  117.7 -175.7  -48.4    nan  1.113   48.1  3.778  4.898   20.6   45.7
C -114.7  -42.6  113.3 -179.1  -57.2    nan  1.051   56.6  3.789  5.251   40.7   61.2
K  -50.5  125.0  111.5 -178.9 -168.3    nan  1.034   82.3  3.780  5.310   83.5   94.8
G   76.5    5.6  116.7  178.0    nan    nan    nan  100.9  3.788    nan    nan    4.3
T -100.9  176.0  106.9  179.3   71.0  -49.8  0.990  102.0  3.799    nan    nan   88.9
D  -80.3   79.9  108.4  179.1  179.8    nan  1.005  109.6  3.793  5.246  -83.4  -80.8
V  -68.6  -15.1  115.4 -178.1  -60.5   62.1  1.143  104.4  3.801  6.181 -173.6 -166.7
Q  -63.0  -26.3  108.6  178.8 -174.3    nan  1.016  106.3  3.819  5.791   99.0  106.1
A  -58.8  -28.2  111.2  180.0    nan    nan  1.047  108.1  3.817  5.556   85.4  100.2
W  -69.0  -16.9  114.6 -179.7  -69.5    nan  1.124  103.3  3.801  5.445   69.0   90.8
I -116.2   -2.1  111.8  179.1   58.4  -66.5  1.089   63.0  3.790  5.322   32.8   55.0
R  -59.0  136.7  110.2 -179.9   61.5    nan  1.082   80.0  3.764  5.872  110.9  123.0
G   87.2  -10.0  116.5  179.1    nan    nan    nan   97.2  3.784    nan    nan   28.2
C  -86.0  145.9  113.3 -179.1  -49.7    nan  1.053   99.3  3.795    nan    nan   92.3
R  -94.8   91.1  102.7  177.7 -178.7    nan  0.946  102.8  3.788  5.633 -124.2 -133.8
L  -95.9    nan  115.9 -177.6 -104.1    nan  1.108    nan  3.803  6.073  170.6  179.5
