Id   phi    psi    tau  omega    chi    chi2  solid    eta  CA-CA  CB-CB  BA^AB  NA^AC
M    nan  149.3  110.8    nan -178.2    nan  1.035    nan    nan    nan    nan    nan
N -154.5  174.2  107.7  178.4   61.7    nan  1.055  155.7  3.757  5.590  173.6  170.4
I  -55.7  -40.2  114.8 -178.1 -170.1   66.6  1.158  102.0  3.841  5.250  -61.0  -57.3
F  -64.6  -49.4  111.2  179.1  -70.1    nan  1.086   91.8  3.789  5.531   69.9   82.7
E  -64.7  -36.8  110.4  178.6  -64.1    nan  1.039   98.8  3.740  5.262   63.9   73.0
M  -63.0  -51.8  111.6 -179.9 -174.1    nan  1.019   91.3  3.790  5.367   76.7   87.2
L  -67.6  -31.9  114.6  179.2  -77.2    nan  1.130   96.9  3.787  5.147   46.9   69.9
R  -64.4  -31.5  109.9  179.8  164.3    nan  1.076  102.0  3.786  5.534   77.4   90.6
I  -71.0  -46.8  108.6  178.5  -79.3  157.5  1.064   90.1  3.812  5.532   67.2   82.5
D  -66.5  -38.0  115.4 -178.5  -74.8    nan  1.139   94.1  3.801  5.245   56.6   76.0
E  -98.2  -23.4  115.9 -176.8  -56.3    nan  1.081   72.4  3.763  5.065   37.5   57.8
G   74.3 -176.8  108.5 -177.5    nan    nan    nan   75.4  3.774    nan    nan -129.3
L -135.2  118.4  111.4  179.1  163.9    nan  1.041  124.3  3.798    nan    nan -126.2
R -126.3  134.2  110.1  178.5  -69.1    nan  1.134  127.7  3.810  5.812  165.9  168.5
L  -98.5   -0.5  115.0 -176.8  -65.6    nan  1.159   81.3  3.747  5.787 -140.4 -142.0
K -123.6  147.7  107.2 -179.6  170.8    nan  0.984  126.8  3.767  5.378   50.1   61.3
I  -53.6  135.3  109.5 -178.9  -71.8  166.8  1.088   76.5  3.786  5.639  -84.0  -86.7
Y -141.2  169.6  109.8  179.4   69.8    nan  1.123  143.6  3.788  5.762  173.5  171.8
K -100.6  125.6  110.5  179.3  -95.6    nan  1.063  112.7  3.775  5.417 -106.9 -107.4
D  -68.7 -170.4  114.0 -179.1   79.6    nan  1.242   65.1  3.745  5.856 -130.6 -124.0
T  -61.4  -19.9  112.3 -179.8   75.0  -45.1  1.145  109.7  3.840  5.088  -42.6  -44.8
E -103.5   -7.3  113.5 -179.6  -46.0    nan  1.130   73.7  3.845  5.481   45.6   64.8
G   99.8    9.1  112.5  179.2    nan    nan    nan   76.8  3.785    nan    nan  -93.8
Y  -92.4  149.6  114.0 -179.2  -51.8    nan  1.109  104.0  3.812    nan    nan  104.3
Y  -67.8  123.3  111.1  179.2  -76.9    nan  1.021   94.0  3.723  5.221  -87.5 -103.2
T -139.8  165.0  108.6 -175.7  -55.6  177.7  0.939  142.3  3.757  5.692  174.4  159.9
I -154.5  167.1  109.5  175.0 -164.3   72.0  1.094  155.7  3.730  5.499  175.1 -170.2
G   63.0 -128.9  113.6  177.3    nan    nan    nan   89.5  3.829    nan    nan   41.2
I -105.1   72.0  111.5 -178.6  -63.6  173.8  1.059  104.9  3.776    nan    nan  -36.9
G   71.6   24.2  115.4 -180.0    nan    nan    nan   96.9  3.736    nan    nan  -48.7
H  -83.9  105.7  111.1 -179.7 -179.0    nan  1.027  108.4  3.798    nan    nan  124.7
L  -64.3  127.8  111.1 -178.9  166.5    nan  1.029   89.5  3.791  6.001 -130.8 -141.0
L  -89.3  -50.1  112.3  177.3  -70.9    nan  1.099   73.6  3.719  5.817 -145.4 -142.9
T -162.7  154.3  112.4 -177.8 -177.7   61.3  1.020  155.4  3.830  4.679  -34.3  -24.5
K  -91.1   -8.4  111.8  178.7  -55.7    nan  1.100   85.8  3.748  5.559 -122.8 -115.9
S  -74.3  146.9  114.5 -179.3  118.1    nan  1.193   89.5  3.778  5.665   79.8  104.1
P  -71.1    4.5  117.1 -177.0  -19.3    nan  1.051  110.9  3.758  5.243  -86.3 -107.4
S -105.5  127.2  115.9 -178.4  162.7    nan  1.129  119.8  3.806  5.489   58.4   87.8
L  -67.8  -32.3  110.9  178.9  176.7    nan  1.077   98.2  3.775  5.749 -112.3 -127.2
N  -65.4  -43.7  109.5 -180.0  -69.8    nan  1.074   95.2  3.707  5.456   73.7   88.9
A  -58.4  -34.1  109.3  178.5    nan    nan  1.063  106.1  3.729  5.354   71.1   83.2
A  -69.6  -47.7  109.5  179.7    nan    nan  1.049   90.1  3.777  5.411   67.6   82.5
K  -58.3  -33.9  111.8  179.2  -94.6    nan  1.068  105.1  3.778  5.294   66.6   80.7
S  -69.6  -46.6  111.7  179.7  171.8    nan  1.144   89.3  3.811  5.440   61.9   83.7
E  -59.8  -42.8  108.6  178.1  -76.7    nan  0.998  100.5  3.774  5.415   74.7   79.2
L  -61.2  -44.6  113.7  179.9  177.5    nan  1.072   95.5  3.797  5.279   67.3   83.4
D  -65.9  -39.3  111.7  179.0  -66.5    nan  1.106   95.8  3.824  5.325   58.8   77.2
K  -63.0  -38.9  110.6  175.3  163.5    nan  1.004   99.0  3.772  5.371   72.7   81.0
A  -71.5  -37.0  113.3  180.0    nan    nan  1.101   91.6  3.890  5.358   54.2   77.8
I  -86.4  -30.2  114.0 -176.8  -64.5  173.9  1.080   81.4  3.831  5.190   48.3   68.1
G   85.2   25.9  112.4  179.7    nan    nan    nan   84.8  3.733    nan    nan -128.7
R -161.6  169.6  108.8  177.1   74.4    nan  1.093  162.1  3.790    nan    nan   43.4
N  -81.1  102.2  107.9  177.7 -112.3    nan  0.989  105.3  3.759  5.219  -82.5  -90.8
T  -92.7  -20.3  115.8 -174.8   66.4  -54.7  1.050   78.8  3.744  5.976 -167.6 -165.1
N   61.7   30.7  111.2 -177.7 -159.0    nan  1.106  104.2  3.708  5.353 -142.4 -139.5
G   74.9   13.3  114.6  176.7    nan    nan    nan   99.3  3.846    nan    nan  -85.0
V -131.2  133.9  112.8  178.3 -175.6  -55.4  1.021  131.8  3.774    nan    nan   66.2
I -125.9  170.0  110.6  178.6   57.7  -67.3  1.042  128.9  3.815  5.798 -173.2 -175.7
T  -99.6  171.8  108.9  177.8   66.5  -53.2  0.987  102.1  3.742  5.324 -106.5 -107.1
K  -57.1  -47.1  113.8  179.7 -169.0    nan  1.117   97.0  3.767  5.122  -67.3  -63.2
D  -57.6  -44.4  110.3  179.0 -107.8    nan  1.031  100.2  3.771  5.238   71.8   82.2
E  -65.7  -41.0  109.5  178.5  -70.7    nan  1.045   96.3  3.796  5.302   59.4   75.9
A  -60.6  -38.3  111.4  179.4    nan    nan  1.060  100.9  3.851  5.430   70.0   84.8
E  -71.3  -34.3  112.3  179.4  -84.5    nan  1.108   93.5  3.751  5.238   56.3   77.6
K  -64.3  -44.7  109.4  176.7 -173.0    nan  1.081   95.6  3.761  5.573   71.5   85.8
L  -57.3  -44.4  109.4  178.7  -68.1    nan  1.076  101.0  3.838  5.541   73.9   83.4
F  -62.2  -45.8  111.7 -177.3 -172.0    nan  1.069   95.2  3.745  5.184   68.8   82.8
N  -57.6  -43.9  110.7  177.9  -78.2    nan  1.056  100.3  3.817  5.459   67.2   82.4
Q  -62.4  -43.0  111.8  179.3  -69.9    nan  1.047   96.5  3.743  5.373   69.8   80.9
D  -67.4  -37.6  113.1 -176.7  -63.9    nan  1.146   94.8  3.804  5.281   60.0   80.6
V  -66.6  -47.8  108.6  178.6  177.2  -65.8  1.063   92.9  3.796  5.521   71.8   81.8
D  -55.7  -43.1  111.3  179.2 -164.7    nan  1.050  101.9  3.749  5.259   69.7   82.7
A  -65.4  -39.7  113.0  179.8    nan    nan  1.068   95.3  3.800  5.317   61.4   79.4
A  -62.2  -50.4  109.7  178.2    nan    nan  1.084   93.9  3.802  5.424   68.4   83.9
V  -56.7  -50.7  111.0  177.8  176.6  -66.1  1.039   96.6  3.779  5.353   70.1   78.6
R  -60.3  -38.9  112.1 -179.5  -93.2    nan  1.199  100.4  3.791  5.222   51.1   77.8
G  -60.5  -39.8  112.4  177.3    nan    nan    nan   99.6  3.816    nan    nan   85.9
I  -63.2  -46.7  110.2  178.7  -77.9  160.1  1.011   94.9  3.782    nan    nan   83.3
L  -68.8  -23.3  114.1 -175.2  -59.6    nan  1.096  100.4  3.732  5.062   54.9   77.1
R  -90.8   -9.6  110.7  179.9  -76.5    nan  0.982   85.8  3.740  5.412   61.8   73.8
N  -91.8  124.7  113.7 -176.7 -175.7    nan  1.149  110.4  3.747  5.256   59.5   88.8
A  -56.1  -36.9  114.8 -178.2    nan    nan  1.095  103.7  3.794  5.700  -96.9 -116.9
K  -84.5  -35.8  111.1 -179.4  -83.1    nan  1.001   82.4  3.780  5.239   54.4   68.3
L  -79.6  -44.6  117.2 -177.5  -61.3    nan  1.165   79.2  3.759  5.108   46.9   76.8
K  -44.2  -53.0  116.3 -177.1 -169.0    nan  1.175  100.7  3.758  5.417   84.8  102.5
P  -64.4  -33.6  113.4 -177.8    4.2    nan  1.052   99.3  3.795  5.234   61.9   75.1
V  -64.8  -49.6  107.4  178.6  179.4  -58.2  1.005   94.0  3.825  5.534   73.9   86.7
Y  -55.1  -49.3  111.9  179.6 -172.9    nan  1.034   98.1  3.722  5.101   69.9   81.5
D  -62.4  -28.8  111.8 -178.6  -69.6    nan  1.069  104.3  3.757  5.270   61.0   78.0
S  -77.2  -13.9  115.8 -178.1   76.5    nan  1.093   96.6  3.738  5.306   65.9   84.7
L  -93.5  161.2  115.9 -175.0  -63.8    nan  1.047  101.5  3.808  5.395   66.5   85.3
D  -78.8  169.5  106.7  175.6   55.4    nan  1.008   82.0  3.838  5.412  -94.9 -103.0
A  -59.8  -40.0  116.4 -175.6    nan    nan  1.212   97.9  3.790  5.288  -74.8  -64.5
V  -68.3  -45.5  111.0 -178.8  173.7  -68.7  1.059   91.2  3.782  5.444   69.1   81.5
R  -64.6  -31.9  111.6  179.6  -60.9    nan  1.183  100.8  3.772  5.316   51.0   77.5
R  -61.7  -40.2  110.1  177.0  -64.2    nan  1.043   99.6  3.814  5.722   85.8   90.4
A  -61.5  -39.6  110.3  177.5    nan    nan  0.999  100.0  3.780  5.353   75.6   83.1
A  -63.2  -38.4  111.6 -180.0    nan    nan  1.062   98.6  3.837  5.380   67.8   84.6
L  -68.7  -40.8  109.0  179.2 -174.4    nan  1.024   94.4  3.807  5.371   67.0   79.2
I  -60.1  -43.5  109.1  178.7  -65.3  172.0  1.032   99.6  3.794  5.424   71.9   84.4
N  -55.7  -50.1  110.2 -179.1 -168.6    nan  1.010   98.2  3.807  5.347   76.8   87.7
M  -59.8  -41.4  110.6  179.8  -77.2    nan  1.038  100.2  3.752  5.242   63.8   77.7
V  -64.8  -41.9  111.0 -178.2  176.2  -65.4  1.215   95.8  3.819  5.377   55.4   82.6
F  -57.7  -45.9  110.5  178.2 -174.2    nan  0.961   99.2  3.735  5.487   87.8   85.7
Q  -74.1  -42.9  114.8 -176.9  179.8    nan  1.109   85.7  3.795  5.069   44.8   71.7
M -116.0    7.3  117.6 -175.8   70.4    nan  1.319   67.5  3.766  4.797   -3.2   37.9
G   74.2  153.9  111.7  179.0    nan    nan    nan   66.4  3.789    nan    nan -104.9
E  -48.0  -46.0  113.9  178.7  168.3    nan  1.012  104.4  3.773    nan    nan  -79.3
T  -63.0  -45.7  114.5 -177.6  -64.3  177.2  1.121   93.0  3.795  5.277   56.8   82.4
G  -56.4  -54.3  110.6 -179.7    nan    nan    nan   94.9  3.752    nan    nan   86.3
V  -62.0  -46.5  112.9 -179.0 -172.3  -52.9  1.079   94.3  3.781    nan    nan   73.3
A  -51.3  -26.4  108.6 -179.6    nan    nan  1.019  116.7  3.742  5.318   79.8   89.3
G  -75.3  -20.4  117.8  179.7    nan    nan    nan   94.6  3.770    nan    nan   86.3
F  -77.7   66.2  110.2 -178.5  -66.6    nan  1.033  113.2  3.873    nan    nan   90.4
T  -48.0  -52.1  116.1 -177.1  -54.5 -171.9  1.112   98.8  3.763  6.156 -161.6 -160.8
N  -65.8  -39.8  112.5 -177.4  -51.0    nan  1.137   95.3  3.691  5.123   54.0   74.8
S  -68.1  -32.9  111.7 -178.5  -27.6    nan  1.094   97.3  3.752  5.479   66.6   81.8
L  -65.0  -36.1  109.2 -178.6  -60.2    nan  1.116   99.5  3.779  5.500   73.1   89.6
R  -70.5  -38.5  110.5 -180.0  162.6    nan  1.080   93.2  3.733  5.374   64.6   80.3
M  -68.6  -39.2  109.9  178.8  -66.8    nan  1.080   94.7  3.746  5.421   59.7   79.3
L  -57.1  -50.1  110.0  177.6  -87.2    nan  0.995   97.4  3.777  5.538   82.2   88.2
Q  -60.8  -42.0  111.7 -178.8  -79.8    nan  1.035   98.4  3.717  5.125   64.2   78.1
Q  -75.4   -2.1  113.3 -178.5  -58.2    nan  1.106  103.8  3.785  5.296   52.5   73.1
K   61.3   31.4  114.3  178.5  -44.3    nan  1.202  102.8  3.819  5.622 -126.6 -126.5
R  -87.6   75.5  108.6  177.0  -65.7    nan  1.036  108.6  3.779  6.009  123.4  123.4
W  -52.2  -52.4  118.4 -173.7  -36.7    nan  1.359   94.3  3.796  6.266 -173.5 -151.8
D  -64.2  -42.6  114.5 -177.6  -70.6    nan  1.253   93.9  3.783  5.431   57.7   76.9
E  -65.1  -41.1  110.7  178.2  -61.4    nan  1.033   96.1  3.815  5.652   73.7   79.2
L  -57.0  -42.4  110.4  179.1  163.6    nan  1.013  101.9  3.796  5.439   78.9   88.0
A  -61.0  -39.3  110.8 -178.6    nan    nan  1.052  100.3  3.813  5.259   68.6   84.8
V  -67.3  -48.8  111.0  177.0  165.8  -73.8  1.053   90.3  3.736  5.352   63.2   78.6
N  -59.6  -45.0  111.4  179.9 -174.0    nan  1.028   97.8  3.761  5.215   68.7   79.2
L  -61.6  -31.5  112.9 -178.6  -77.9    nan  1.128  103.1  3.761  5.359   61.8   83.2
A  -68.1  -17.0  114.1 -177.4    nan    nan  1.157  104.2  3.838  5.557   70.3   90.8
K  -89.2   64.9  108.7  179.1  -50.0    nan  1.033  107.3  3.810  5.622   67.8   79.5
S -150.2  155.5  111.6 -178.2   62.7    nan  1.028  149.9  3.701  5.491   94.4   96.0
R  -56.7  -41.8  108.6  176.1  173.0    nan  0.962  103.4  3.722  5.233  -70.6  -85.8
W  -50.2  -50.5  111.5 -179.7  170.6    nan  1.010  101.0  3.783  5.215   83.0   93.9
Y  -66.9  -41.1  111.7  179.9  174.5    nan  1.039   94.1  3.786  5.143   54.6   71.5
N  -66.5  -33.1  113.6 -179.3  -70.5    nan  1.139   97.7  3.837  5.280   57.5   81.0
Q  -82.3  -41.4  115.4  177.6  -60.9    nan  1.096   79.7  3.779  5.415   54.0   72.7
T -129.9   70.1  107.8 -179.0   52.3  -66.9  1.015   90.1  3.822  4.941    0.4   18.6
P  -61.8  -40.3  116.8 -175.4   14.5    nan  1.093   95.9  3.784  6.136 -171.2 -167.2
N  -65.5  -40.4  111.4 -177.7  -64.5    nan  1.092   95.8  3.831  5.480   65.5   85.1
R  -69.4  -50.1  109.3 -179.8 -173.0    nan  1.019   89.3  3.747  5.305   66.7   77.6
A  -55.6  -42.4  110.4  179.6    nan    nan  1.052  102.9  3.776  5.273   68.3   81.0
K  -58.4  -39.7  112.2  179.3  -59.7    nan  1.101  101.4  3.786  5.400   71.4   85.9
R  -65.5  -44.6  110.5 -179.4  -79.4    nan  1.050   94.1  3.803  5.387   72.4   82.5
V  -65.2  -45.6  111.2  179.3  175.2  -62.4  1.108   93.4  3.767  5.226   58.9   77.2
I  -59.2  -44.5  112.4  178.7  -70.5  167.8  1.131   97.8  3.812  5.426   65.4   81.8
T  -62.1  -33.3  110.9  178.2  -73.6  167.5  1.023  102.6  3.810  5.468   74.0   79.8
T  -65.5  -44.4  108.7 -178.3  -58.1 -175.8  1.112   95.3  3.734  5.283   67.1   88.5
F  -68.5  -42.2  110.8  177.8  -81.1    nan  0.982   92.8  3.767  5.445   66.0   72.8
R  -61.5  -48.6  112.9 -177.5 -147.0    nan  1.124   93.4  3.774  5.194   63.1   86.2
T  -93.8  -23.3  116.0 -176.3   71.6  -52.1  1.075   76.5  3.798  5.113   33.1   52.3
G   70.4   18.6  110.3 -176.0    nan    nan    nan  102.3  3.709    nan    nan -132.6
T -124.5  173.3  110.7  176.2   79.5  -36.9  0.986  126.6  3.827    nan    nan   77.5
W  -94.5   13.9  112.4  179.3  -67.9    nan  1.017   90.9  3.862  5.393 -101.5  -96.5
D  -46.5  -43.4  118.1 -178.2  -54.9    nan  1.266  105.4  3.763  5.944  128.3  152.5
A  -65.7  -16.7  112.1 -177.3    nan    nan  1.092  107.2  3.866  5.573   73.7   82.7
Y -103.5  -11.3  113.2 -178.3  -72.9    nan  1.060   72.3  3.745  5.281   50.1   69.3
K  -99.6    nan  111.8 -179.0  -51.3    nan  1.150    nan  3.790  5.382   48.5   77.8
