Id   phi    psi    tau  omega    chi    chi2  solid    eta  CA-CA  CB-CB  BA^AB  NA^AC
M    nan  139.0  109.4    nan -174.2    nan  1.043    nan    nan    nan    nan    nan
N -142.9  173.4  109.2  178.4   60.7    nan  1.077  144.6  3.817  5.735  175.9  171.3
I  -55.9  -39.9  112.3 -178.6 -178.6   60.3  1.136  103.2  3.888  5.327  -60.9  -59.4
F  -62.2  -49.8  112.5  177.7  -71.7    nan  1.100   92.5  3.842  5.565   69.3   83.8
E  -64.9  -33.5  111.5 -179.7  -53.2    nan  1.079   99.8  3.808  5.352   60.0   74.3
M  -62.6  -51.9  111.2 -179.3 -165.2    nan  1.047   91.8  3.764  5.419   79.4   90.9
L  -69.8  -30.3  114.8  178.5  -77.2    nan  1.091   95.7  3.887  5.200   48.8   66.6
R  -64.4  -37.7  106.9  177.5 -144.6    nan  0.946  100.5  3.780  5.501   85.5   89.4
I  -71.6  -44.3  111.9 -179.5  -79.6  154.1  1.103   88.8  3.808  5.242   54.1   78.4
D  -65.4  -37.3  115.7 -178.6  -79.2    nan  1.112   95.3  3.812  5.256   61.4   79.8
E -103.2  -25.5  114.1 -175.7  -57.3    nan  1.019   67.8  3.814  5.064   35.1   52.9
G   76.2 -177.9  110.3 -178.4    nan    nan    nan   76.9  3.733    nan    nan -131.4
L -134.7  118.5  113.0 -179.9  170.7    nan  1.113  125.4  3.796    nan    nan -126.3
R -128.9  126.6  112.5  179.6  -36.9    nan  1.153  127.8  3.827  5.850  169.3  166.0
L  -88.9    9.1  114.4 -179.8  -53.9    nan  1.112   94.8  3.720  5.795 -135.2 -143.4
K -131.6  141.3  110.2 -178.3 -156.2    nan  1.026  132.8  3.820  5.372   49.4   64.2
I  -47.2  140.6  110.0  179.7  -61.2 -178.8  1.061   68.6  3.781  5.596  -78.2  -89.0
Y -148.4  172.3  112.2  178.5   75.8    nan  1.198  150.5  3.858  5.742  165.4  169.1
K -105.3  123.9  112.2 -179.6  -59.0    nan  1.066  116.7  3.723  5.345 -104.8 -106.9
D  -56.2 -166.9  112.3  178.1   80.3    nan  1.289   52.2  3.719  5.812 -123.6 -117.0
T  -81.4   -6.2  113.7 -179.5  144.1   17.1  1.177   96.1  3.793  5.180  -64.1  -58.6
E -104.5    2.5  111.7  179.3 -117.2    nan  1.184   76.5  3.744  5.539   48.5   76.3
G  104.8  -12.6  113.6 -179.4    nan    nan    nan   80.6  3.802    nan    nan  -78.4
Y  -70.0  144.9  122.8 -178.5  -28.2    nan  1.451   90.8  3.874    nan    nan  107.5
Y  -70.9  127.8  109.5  179.1  -71.8    nan  1.109   92.8  3.727  5.273  -83.5 -115.8
T -141.2  164.5  107.1 -176.4  -53.8 -178.8  0.983  143.2  3.816  5.802 -178.7  163.3
I -150.7  173.4  109.2  176.1 -164.3   71.9  1.111  152.2  3.704  5.476 -176.4 -167.3
G   51.3 -119.4  114.4  176.3    nan    nan    nan   88.5  3.811    nan    nan   37.4
I -111.1   78.4  111.3  179.7  -57.1 -176.7  1.048  105.1  3.695    nan    nan  -33.2
G   67.8   25.1  115.0  178.9    nan    nan    nan  100.2  3.761    nan    nan  -47.1
H  -88.4  104.5  111.8  178.2 -175.7    nan  1.036  110.6  3.831    nan    nan  119.8
L  -59.1  128.9  110.9  177.9 -146.0    nan  0.977   85.2  3.817  5.870 -123.2 -141.4
L  -92.7  -53.0  111.4  179.8  -74.3    nan  1.156   71.4  3.788  5.915 -155.1 -145.2
T -161.0  160.6  111.5  179.4  174.3   52.4  1.064  158.7  3.821  4.849  -39.2  -27.4
K -101.7   15.2  109.0  177.9  -50.9    nan  1.036   83.6  3.806  5.576 -120.3 -120.3
S  -97.5  133.8  113.8 -175.7  121.2    nan  1.196  112.3  3.764  5.634   77.6  106.4
P  -64.9   18.6  114.6 -178.2    4.7    nan  1.041  121.5  3.741  5.458  -91.8 -116.3
S -114.3  122.1  113.1  179.5  169.6    nan  1.142  121.4  3.795  5.662   61.5   89.8
L  -67.4  -29.5  111.1  178.1 -173.4    nan  1.073   99.8  3.746  5.710 -111.6 -133.5
N  -74.8  -39.6  108.2 -179.4  -77.7    nan  1.039   90.6  3.754  5.440   69.6   82.9
A  -60.6  -27.9  110.3  177.9    nan    nan  1.005  107.0  3.704  5.269   74.0   84.5
A  -79.4  -38.3  110.4  179.6    nan    nan  1.101   86.1  3.860  5.421   54.1   79.1
K  -66.3  -25.2  111.0  177.0  -53.4    nan  1.150  103.0  3.730  5.457   61.1   80.7
S  -70.3  -55.5  110.9 -179.2  179.9    nan  1.080   85.1  3.816  5.620   77.5   91.3
E  -53.4  -46.7  109.9  177.3  -73.5    nan  1.011  102.1  3.755  5.092   67.0   76.4
L  -56.1  -49.3  113.5  177.9 -178.8    nan  1.085   96.5  3.799  5.293   65.3   83.1
D  -63.7  -37.3  112.4  179.5  -65.4    nan  1.097   98.4  3.800  5.331   59.4   75.7
K  -66.2  -42.7  108.1  179.1  171.9    nan  0.960   95.9  3.780  5.402   77.8   82.7
A  -60.3  -45.4  113.9  179.3    nan    nan  1.043   95.6  3.843  5.194   66.9   83.0
I  -88.5  -18.6  115.0 -177.8  -68.2  172.2  1.084   83.7  3.797  4.913   35.8   58.0
G   89.0    8.3  112.7  179.6    nan    nan    nan   87.8  3.714    nan    nan -116.3
R -161.3  170.0  112.8  178.1   86.7    nan  1.138  162.6  3.754    nan    nan   29.2
N  -75.5   88.7  109.3  179.3 -141.0    nan  0.966  109.0  3.825  5.063  -70.5  -85.9
T  -82.7   -6.9  115.8 -175.5   69.3  -57.7  1.108   94.3  3.793  6.107 -177.2 -171.9
N   41.8   32.7  112.0 -178.4 -156.5    nan  1.105  119.5  3.702  5.575 -144.4 -146.6
G   71.3   12.7  118.3  177.7    nan    nan    nan  102.3  3.858    nan    nan  -86.1
V -128.0  123.5  113.1  180.0  165.8  -71.2  1.008  126.7  3.857    nan    nan   69.5
I -115.9  166.9  110.6 -179.3   72.5  -49.1  1.097  119.8  3.829  5.893 -179.9 -172.8
T  -89.2  163.8  111.4  176.4   77.7  -42.2  1.090   95.1  3.786  5.410 -103.2 -101.6
K  -58.3  -42.1  111.4  179.0  168.2    nan  1.060  100.5  3.905  5.455  -66.8  -75.0
D  -59.9  -45.5  110.4  177.1  -57.1    nan  1.011   97.8  3.734  5.236   73.5   82.4
E  -64.4  -35.6  111.6  179.8  -81.6    nan  1.095   99.2  3.818  5.261   57.7   77.7
A  -67.9  -34.4  113.3  178.5    nan    nan  0.994   95.9  3.823  5.411   73.5   82.9
E  -71.4  -38.3  109.8 -179.8  -97.9    nan  1.050   92.9  3.794  5.192   60.7   81.0
K  -59.1  -51.1  110.6  174.5  177.9    nan  1.100   95.1  3.769  5.395   69.0   84.6
L  -60.6  -45.3  109.3  178.1  -66.7    nan  1.017   98.1  3.847  5.389   67.2   74.3
F  -55.3  -46.8  112.3  179.6 -177.2    nan  1.141   99.3  3.768  5.222   63.8   86.0
N  -58.4  -43.9  110.0  179.4  -81.0    nan  1.038  100.1  3.838  5.549   69.7   81.9
Q  -65.5  -37.2  112.2  179.3  -71.6    nan  1.024   97.0  3.766  5.263   64.5   77.7
D  -72.9  -37.4  112.0 -178.3  -73.9    nan  1.053   90.9  3.785  5.259   60.3   79.2
V  -67.9  -42.9  107.9  177.1  178.1  -65.4  1.034   94.7  3.870  5.544   66.1   79.4
D  -57.8  -45.6  111.8  178.4 -168.1    nan  1.157   98.5  3.765  5.352   63.2   84.7
A  -61.6  -42.3  110.1  178.3    nan    nan  1.033   98.6  3.859  5.572   70.9   78.9
A  -56.4  -52.2  111.0  177.2    nan    nan  1.104   96.0  3.850  5.489   71.5   85.9
V  -58.7  -44.0  113.9  179.5  178.4  -64.1  1.159   97.6  3.851  5.383   61.6   77.2
R  -69.5  -36.1  109.9 -179.7  -67.8    nan  1.156   95.4  3.846  5.404   56.4   75.1
G  -59.8  -45.7  108.8  176.5    nan    nan    nan   98.7  3.779    nan    nan   87.3
I  -62.0  -48.5  113.2  179.8  -71.1  166.8  1.134   92.9  3.815    nan    nan   79.9
L  -65.1  -28.4  115.0 -179.0  -53.9    nan  1.166  100.8  3.837  5.269   58.5   76.6
R  -89.8   -9.3  112.5 -179.1  -87.2    nan  1.034   86.7  3.753  5.462   58.1   71.7
N  -92.7  126.0  112.4 -176.4 -172.2    nan  1.122  109.6  3.769  5.313   63.3   87.9
A  -64.7  -27.9  115.1 -175.6    nan    nan  1.080  101.4  3.814  5.761 -104.5 -120.6
K  -84.3  -43.3  112.0  176.5 -111.8    nan  1.065   79.4  3.763  5.298   54.8   73.4
L  -75.7  -41.4  113.2 -177.9  -60.9    nan  1.049   86.2  3.842  5.310   55.9   71.7
K  -50.2  -51.4  117.5 -174.0  167.0    nan  1.287   97.0  3.775  5.313   71.9  101.9
P  -65.0  -34.2  112.5 -179.7   -1.1    nan  1.022   98.9  3.788  5.380   69.7   74.4
V  -63.6  -50.2  108.5  178.5 -179.6  -55.0  1.030   93.8  3.807  5.468   70.5   87.6
Y  -51.4  -54.3  112.0  177.4 -165.3    nan  1.077   97.2  3.779  5.229   69.5   82.7
D  -58.5  -36.8  111.3 -178.6  -71.3    nan  1.059  103.5  3.799  5.240   63.3   76.8
S  -70.8  -10.2  114.8 -179.7   78.2    nan  1.120  104.7  3.664  5.282   61.0   81.6
L -106.7  166.8  119.3 -174.0  -54.2    nan  1.111  112.7  3.766  5.283   56.1   80.3
D  -76.1  162.3  110.0  177.1   63.4    nan  1.113   82.7  3.799  5.236  -90.7  -92.1
A  -56.3  -36.3  115.0 -178.3    nan    nan  1.239  103.8  3.762  5.374  -75.2  -72.5
V  -71.9  -58.2  109.8 -179.9  177.5  -64.7  1.205   83.7  3.811  5.629   58.8   80.2
R  -51.9  -29.1  112.3  178.2  -67.6    nan  1.113  113.2  3.756  5.444   67.9   76.7
R  -66.0  -35.7  111.1 -179.7  -73.6    nan  1.094   97.9  3.820  5.623   77.2   92.1
A  -65.8  -35.1  109.1 -177.0    nan    nan  1.005   99.4  3.757  5.337   75.6   87.4
A  -67.0  -40.0  109.9 -177.2    nan    nan  0.980   95.6  3.774  5.342   69.9   86.4
L  -63.5  -44.2  110.1  176.3 -162.1    nan  0.987   96.1  3.792  5.315   69.0   80.3
I  -61.2  -39.8  110.1 -179.5  -59.7  171.5  1.020  100.3  3.771  5.283   69.4   82.3
N  -57.5  -46.7  110.6  179.4 -168.8    nan  0.959   98.8  3.849  5.379   82.4   88.6
M  -63.2  -40.6  110.5  179.7  -76.4    nan  1.029   98.0  3.852  5.189   61.1   77.1
V  -69.0  -38.0  112.7  179.2  173.9  -69.1  1.155   93.5  3.848  5.356   55.5   77.7
F  -63.4  -44.0  108.8  176.8 -179.9    nan  0.954   97.0  3.796  5.530   82.1   82.8
Q  -75.7  -43.2  113.8 -177.7  179.9    nan  1.087   85.0  3.772  5.079   46.3   70.9
M -107.9   -7.0  120.7 -173.7   71.5    nan  1.542   68.6  3.760  4.698   -8.3   47.3
G   87.9  155.0  108.7  178.1    nan    nan    nan   80.3  3.798    nan    nan -104.4
E  -61.2  -44.6  112.0 -178.6  140.9    nan  1.131   96.5  3.793    nan    nan  -87.0
T  -62.8  -42.1  113.5  179.1  -85.1  157.3  1.279   95.9  3.813  5.536   51.3   80.4
G  -61.2  -52.7  114.6  177.7    nan    nan    nan   90.1  3.798    nan    nan   83.7
V  -63.9  -39.2  110.2  178.8 -177.6  -55.5  1.024   98.3  3.847    nan    nan   71.5
A  -58.4  -26.3  110.1 -178.0    nan    nan  1.065  109.9  3.779  5.304   75.4   90.5
G  -72.7  -16.8  114.8  179.8    nan    nan    nan   99.7  3.709    nan    nan   88.8
F  -76.7   60.9  110.5 -177.6  -69.6    nan  1.039  114.2  3.807    nan    nan   95.5
T  -38.8  -50.1  120.6 -179.4  -53.5 -171.3  1.277  104.7  3.775  6.146 -166.5 -158.2
N  -72.5  -37.1  116.4 -176.7  -49.9    nan  1.208   89.1  3.754  5.203   51.9   72.9
S  -79.3  -25.4  110.4 -178.2   20.1    nan  1.149   91.2  3.782  5.498   53.5   74.1
L  -70.6  -34.7  107.6  179.7  -60.5    nan  1.077   96.4  3.811  5.747   78.4   89.2
R  -74.9  -43.8  109.1  178.7  177.7    nan  1.096   88.2  3.749  5.317   58.8   75.5
M  -62.0  -35.5  109.8  177.2  -64.0    nan  1.110  102.0  3.816  5.570   62.2   78.9
L  -60.8  -61.4  108.9  178.9 -136.9    nan  0.977   89.1  3.799  5.401   81.7   88.4
Q  -53.0  -41.9  112.8  178.3 -128.8    nan  1.067  104.0  3.770  5.058   53.1   72.3
Q  -78.7    5.6  113.6  179.0  -35.7    nan  1.095  103.5  3.832  5.394   48.9   68.1
K   59.4   30.2  114.2  179.9  -53.9    nan  1.128  105.2  3.773  5.431 -114.4 -120.6
R  -92.9   67.8  107.3  176.9  -58.3    nan  1.015  104.8  3.802  5.981  112.3  118.0
W  -44.6  -51.7  118.3 -175.9  -42.7    nan  1.281  100.4  3.832  6.250 -166.7 -154.2
D  -68.8  -42.7  112.7 -176.9  -56.3    nan  1.258   91.3  3.761  5.377   50.8   73.3
E  -65.4  -38.0  110.0  179.1  -45.9    nan  1.028   97.9  3.666  5.480   75.7   79.1
M  -62.7  -39.6  111.9 -179.4  167.3    nan  1.051   98.2  3.803  5.412   71.3   87.1
A  -63.7  -38.1  111.2 -179.7    nan    nan  1.076   98.6  3.858  5.373   65.7   84.1
V  -68.6  -38.2  112.2  178.1  163.3  -80.2  1.106   94.0  3.789  5.434   61.8   79.4
N  -71.6  -42.8  112.7  178.1  179.7    nan  1.062   89.1  3.793  5.318   64.2   76.7
L  -66.0  -23.7  111.0 -177.8  -74.8    nan  1.062  103.9  3.820  5.481   64.7   81.2
A  -72.3  -19.7  113.3 -179.1    nan    nan  1.151   99.1  3.789  5.451   70.0   91.6
K  -88.8   64.2  107.5 -179.8  -69.5    nan  1.015  106.2  3.727  5.444   64.7   77.6
S -153.4  158.1  112.4 -176.8   57.9    nan  1.039  153.3  3.703  5.433   87.1   93.9
R  -52.3  -49.3  109.7  175.8  173.6    nan  0.985  101.4  3.744  5.173  -64.3  -78.8
W  -45.9  -54.3  112.1 -178.8  170.8    nan  1.036  100.8  3.839  5.202   79.9   92.3
Y  -63.7  -39.7  112.1 -179.9 -177.2    nan  1.008   97.2  3.751  5.107   57.8   71.4
N  -68.4  -34.2  111.5 -177.3  -75.4    nan  1.102   96.5  3.799  5.229   58.6   81.9
Q  -79.8  -40.9  114.1 -179.4  -57.5    nan  1.155   82.6  3.711  5.367   50.8   75.7
T -130.4   65.4  108.5 -177.8   52.7  -65.3  1.062   87.1  3.837  5.014    2.0   19.4
P  -55.4  -40.6  118.3 -175.0   13.0    nan  1.099  100.1  3.742  6.096 -166.3 -165.1
N  -70.3  -36.2  112.3 -177.6  -76.0    nan  1.066   93.4  3.816  5.383   62.0   81.0
R  -71.0  -46.1  108.6  178.5 -175.0    nan  1.055   90.4  3.819  5.382   62.4   78.6
A  -53.2  -52.4  111.8  178.2    nan    nan  1.133   97.5  3.790  5.359   66.4   85.6
K  -53.0  -41.5  112.7  178.8  -80.4    nan  1.111  104.3  3.878  5.576   70.6   81.6
R  -66.9  -47.3  110.8  179.5  -51.4    nan  1.089   91.5  3.818  5.452   69.2   79.2
V  -63.8  -43.6  111.0  179.3  177.0  -61.2  1.064   95.6  3.835  5.409   67.3   76.3
I  -63.1  -34.5  111.5 -177.8  -68.2  169.1  1.119  100.8  3.829  5.438   66.8   82.6
T  -71.5  -39.2  110.3  179.3  -63.1  174.8  1.058   92.2  3.830  5.444   70.7   80.1
T  -64.0  -46.8  106.8  177.7  -48.6 -169.6  1.111   96.4  3.773  5.368   61.5   81.0
A  -61.3  -45.0  112.3  178.7    nan    nan  1.052   96.0  3.803  5.505   67.9   77.9
R  -61.2  -50.7  116.2 -178.4 -166.3    nan  1.182   90.3  3.817  5.259   61.3   83.8
T  -94.9  -24.9  117.6 -177.3   77.2  -46.1  1.108   74.3  3.785  4.978   32.3   49.1
G   76.6   10.9  111.1 -178.5    nan    nan    nan   99.3  3.755    nan    nan -131.3
T -117.7  164.8  110.8  176.0   83.7  -33.6  1.013  122.0  3.843    nan    nan   75.8
W  -99.8   20.6  111.5  178.9  -67.0    nan  0.979   88.1  3.841  5.496 -111.3 -112.5
D  -45.0  -64.0  115.6 -177.8  -67.2    nan  1.172   92.1  3.828  5.971  139.2  159.6
A  -43.5  -24.6  114.1  178.8    nan    nan  1.076  122.9  3.873  5.300   72.5   81.6
Y -101.6   -0.4  113.4 -178.4  -72.2    nan  1.092   78.3  3.821  5.296   41.6   64.2
K -103.5    nan  113.5 -177.2  -61.0    nan  1.185    nan  3.755  5.436   57.7   86.1
