Id   phi    psi    tau  omega    chi    chi2  solid    eta  CA-CA  CB-CB  BA^AB  NA^AC
P    nan -145.1  109.4    nan   24.9    nan  0.991    nan    nan    nan    nan    nan
Y -108.1  139.6  115.9 -176.6  -54.2    nan  1.072  120.4  3.784  4.911  -78.8  -57.0
T -137.9  129.3  108.1  176.7  -61.4  178.3  0.996  129.1  3.782  5.708 -174.8  174.4
V -116.3  125.8  106.3  176.7   -8.9  117.8  1.053  117.6  3.788  5.883 -172.3 -170.1
V -105.3  116.7  106.5 -179.6 -175.7  -53.3  0.983  111.3  3.802  5.942 -148.5 -162.5
Y -158.7  170.6  112.8 -176.8 -163.0    nan  1.028  160.5  3.783  5.606  142.7  135.9
F  -73.7  163.5  106.5  177.7  -53.6    nan  0.969   78.9  3.790  5.218  -78.7  -83.4
P  -79.5   68.2  111.8  179.9   29.7    nan  0.988  114.0  3.818  5.384  -95.4  -92.6
V -148.8  163.6  106.3  179.2  -47.0   75.1  0.987  149.5  3.811  5.761   91.2   96.1
R  -76.4  -60.0  106.9  178.9  -58.7    nan  0.994   82.6  3.794  5.387  -90.0  -92.3
G   38.6 -129.4  117.9  178.6    nan    nan    nan   74.3  3.799    nan    nan  157.4
R  -79.1    3.4  114.4 -178.5  -82.0    nan  1.086  102.3  3.793    nan    nan   -9.4
C -105.5  -12.6  112.1  178.5  -82.0    nan  1.056   70.1  3.802  5.571   64.7   83.4
A  -55.0  -49.4  113.4 -179.7    nan    nan  1.066   97.3  3.804  5.712  104.4  117.7
A  -63.1  -47.8  114.3 -179.2    nan    nan  1.089   91.8  3.816  5.252   59.9   77.7
L  -65.9  -29.7  111.4 -179.9   62.0    nan  1.071  101.0  3.811  5.305   59.6   75.5
R  -69.5  -44.6  109.0  178.4  -77.8    nan  1.010   92.0  3.826  5.545   74.8   85.9
M  -59.5  -40.8  107.9  179.1  -71.7    nan  0.993  102.3  3.819  5.336   72.1   81.3
L  -59.9  -54.3  110.2  179.8 -172.4    nan  1.026   92.8  3.784  5.280   72.0   85.1
L  -60.6  -42.3  111.6 -179.2  -73.5    nan  1.052   98.4  3.804  5.166   58.3   73.9
A  -62.9  -51.4  110.8  179.5    nan    nan  1.032   92.1  3.817  5.346   68.6   81.8
D  -63.2  -28.9  113.4 -179.3 -162.9    nan  1.067  102.9  3.796  5.152   58.0   74.7
Q  -88.6    6.0  111.4 -179.5  -69.4    nan  1.054   93.6  3.808  5.305   51.3   71.4
G   65.1   31.2  113.9  178.9    nan    nan    nan   99.8  3.785    nan    nan -115.5
Q  -98.1  147.9  110.4  179.7  -62.2    nan  1.016  107.6  3.795    nan    nan  116.0
S -101.9  144.8  109.4  179.0   38.6    nan  1.025  110.8  3.794  5.688 -133.8 -134.7
W -150.8  159.8  109.9  179.7   76.1    nan  1.027  151.2  3.786  5.605  176.2  171.0
K -107.8  141.1  108.9  179.1  159.0    nan  1.004  115.6  3.768  5.504 -126.0 -127.6
E -105.2  129.5  108.8  178.4  -68.6    nan  1.014  114.0  3.783  5.759 -143.1 -146.2
E -116.2  107.1  103.9  177.8  -83.5    nan  0.951  109.6  3.784  5.815 -162.3 -171.7
V  -84.6  131.3  114.1 -178.3 -175.4  -53.7  1.080  104.1  3.791  6.048 -157.8 -155.9
V -106.1  125.2  110.7 -179.8 -177.4  -56.0  1.035  116.0  3.793  5.804 -149.2 -159.0
T  -93.1  163.4  113.1  179.3   66.2  -55.9  1.030   99.4  3.777  5.866 -141.6 -150.3
V  -51.8  -68.7  105.6  179.2   72.2 -167.5  1.023   91.6  3.762  5.112  -64.1  -71.1
E  -33.1  -58.3  110.5  179.4  -53.6    nan  1.044  106.1  3.796  5.199   74.2   83.6
T  -54.6  -46.8  114.3  179.5  -60.4  179.7  1.068   98.7  3.851  5.286   60.8   75.4
W  -65.3  -53.4  108.4  179.8 -166.2    nan  1.001   91.0  3.796  5.247   65.4   75.9
Q  -57.4  -25.4  112.5 -179.8  -83.1    nan  1.052  110.3  3.783  5.137   62.4   76.8
E  -59.2  -32.0  109.0  179.2 -164.5    nan  1.019  106.6  3.799  5.571   89.2  100.3
G   96.3  -30.2  122.1  176.9    nan    nan    nan   99.8  3.800    nan    nan -126.0
S  -59.3  -54.2  113.6 -179.0   35.6    nan  1.077   91.2  3.792    nan    nan  100.3
L  -53.6  -53.8  110.0 -179.7 -152.9    nan  1.017   97.4  3.820  5.291   71.4   80.7
K  -51.7  -52.0  110.9 -179.7  178.3    nan  1.025   99.3  3.788  5.165   70.7   82.0
A  -58.0  -28.1  112.0 -179.9    nan    nan  1.049  108.6  3.798  5.170   63.1   78.2
S  -84.0  -10.0  112.6 -179.7   79.7    nan  1.050   92.1  3.813  5.347   57.2   76.4
C  -82.7  133.5  109.4  179.7  -67.2    nan  1.020   98.7  3.817  5.600   77.1   92.9
L  -41.5  -54.7  113.7 -178.7 -176.5    nan  1.070  102.5  3.815  5.572  -78.6  -92.0
Y -109.7   23.7  110.7 -179.9  -57.4    nan  1.041   80.0  3.804  4.844    6.0   27.1
G   61.2   28.8  114.6  179.0    nan    nan    nan  104.3  3.781    nan    nan -102.4
Q -143.3  165.1  114.4 -179.5  -59.5    nan  1.053  146.9  3.791    nan    nan   69.1
L -112.6  163.0  103.4  177.5  -66.1    nan  0.963  115.4  3.792  5.430 -126.6 -129.2
P  -66.3  154.9  119.1   -1.3   31.0    nan  1.059   79.9  2.993  4.754   89.0   81.5
K -119.5  136.0   99.1  175.5  164.5    nan  0.902  116.8  3.760  5.582 -142.1 -153.2
F -128.9  140.9  110.2 -178.8 -170.3    nan  1.011  131.1  3.824  5.823 -173.7 -170.5
Q -127.1  129.9  109.8  178.4  -64.1    nan  1.032  126.4  3.762  5.694 -167.9 -168.1
D -126.4   88.8  101.5  177.6  175.8    nan  0.918   98.6  3.773  5.788 -169.1  176.4
G   72.1 -136.1  103.6 -176.4    nan    nan    nan   86.2  3.781    nan    nan  -23.2
D  -88.8    9.3  113.0  179.3   64.6    nan  1.094   94.8  3.808    nan    nan  -33.4
L  -89.8  116.3  105.9  177.8 -152.4    nan  0.972  104.2  3.820  5.870   93.4  101.5
T -105.7  125.5  108.6  179.9  -64.9  174.6  0.998  114.0  3.798  5.938 -166.0 -171.5
L -120.8  158.3  113.2 -178.7  -93.0    nan  1.039  127.0  3.806  5.836 -173.0 -175.5
Y -136.4  159.7  103.2  177.1  -63.1    nan  0.951  137.2  3.812  5.592 -156.0 -161.8
Q   85.4  112.7  110.8  179.4  -63.1    nan  1.040   69.0  3.816  4.771   70.8   56.3
S  -52.3  -40.7  115.3 -178.2   62.3    nan  1.113  104.1  3.793  5.885 -114.0 -122.5
N  -73.6  -23.1  112.4 -179.1  -67.2    nan  1.076   96.6  3.808  5.357   58.0   76.1
T  -70.8  -41.8  106.1  178.2  -78.2  162.0  0.984   94.1  3.793  5.632   80.3   89.9
I  -64.9  -41.9  109.8  179.8  -57.2 -177.6  1.038   96.3  3.797  5.339   64.7   79.2
L  -62.5  -45.2  111.0  179.3  -80.5    nan  1.037   95.8  3.814  5.373   69.8   82.0
R  -66.9  -34.2  111.4  179.2  -81.5    nan  1.047   97.8  3.819  5.312   60.7   75.3
H  -64.5  -51.4  109.3  179.4  173.4    nan  1.017   92.0  3.797  5.435   75.7   87.3
L  -61.8  -40.1  110.3  179.0  -93.5    nan  1.031   99.5  3.811  5.187   59.4   73.4
G  -63.4  -39.2  111.3  179.7    nan    nan    nan   98.1  3.821    nan    nan   83.5
R  -68.2  -52.6  111.3  180.0 -151.8    nan  1.021   87.6  3.781    nan    nan   80.0
T  -72.3  -27.5  115.3 -178.5   68.0  -52.5  1.089   94.7  3.810  5.092   45.0   66.5
L  -98.5   -2.2  114.7 -179.0  -93.6    nan  1.077   80.6  3.811  5.201   43.4   64.7
G   77.7   37.0  116.1  179.2    nan    nan    nan   85.0  3.808    nan    nan -111.9
L -120.7   52.6  108.7  179.1  -32.2    nan  1.000   84.8  3.805    nan    nan   97.3
Y -139.5   39.2  111.9 -177.4 -144.6    nan  1.023   64.1  3.821  5.636   86.6   96.1
G   86.1  161.7  114.0  179.3    nan    nan    nan   79.0  3.792    nan    nan  -65.1
K  -89.5  -14.3  111.8 -179.7   71.7    nan  1.047   85.2  3.787    nan    nan -106.1
D -154.8 -174.9  110.4  179.2   55.4    nan  1.041  152.6  3.804  4.913   -3.2   15.1
Q  -65.6  -34.7  113.0 -179.1  -77.2    nan  1.068   97.8  3.810  5.125  -58.5  -53.9
Q  -66.1  -43.3  110.5  179.9 -161.6    nan  1.044   94.3  3.800  5.422   72.1   86.3
E  -68.9  -37.9  110.2  179.8  -70.6    nan  1.034   94.9  3.812  5.314   60.4   75.1
A  -58.5  -39.9  109.8  179.3    nan    nan  1.029  102.5  3.798  5.416   77.1   89.3
A  -66.2  -41.3  111.2 -180.0    nan    nan  1.038   94.8  3.811  5.329   66.0   81.0
L  -67.0  -36.3  109.9  179.3  -62.8    nan  1.019   97.5  3.815  5.305   64.4   78.3
V  -62.2  -43.2  108.0  178.6  166.7  -70.7  1.001   98.9  3.800  5.429   74.6   86.2
D  -64.2  -42.2  109.5  179.7  -80.5    nan  1.015   96.9  3.813  5.335   66.3   78.8
M  -59.1  -39.7  111.5 -179.6 -175.0    nan  1.042  101.3  3.814  5.316   72.0   85.8
V  -68.4  -48.8  109.3  178.4  170.0  -67.9  1.020   90.7  3.797  5.373   64.5   77.8
N  -61.1  -38.2  113.8 -178.9 -151.6    nan  1.088   99.3  3.805  5.252   62.0   79.3
D  -62.9  -39.4  107.7  178.1  -74.1    nan  0.990  100.4  3.804  5.461   76.2   84.2
G  -65.2  -43.9  110.6  178.8    nan    nan    nan   94.7  3.801    nan    nan   81.1
V  -59.9  -47.9  109.4  178.6  170.5  -67.7  1.016   97.0  3.802    nan    nan   81.8
E  -58.4  -41.2  111.6  179.4  169.8    nan  1.042  100.8  3.813  5.264   67.8   80.4
D  -60.1  -45.2  111.5  179.9  -81.0    nan  1.038   97.2  3.819  5.382   72.9   85.9
L  -70.5  -38.6  109.2  179.1 -173.8    nan  1.027   93.9  3.803  5.260   57.0   71.5
R  -59.3  -39.0  109.7  179.5 -170.5    nan  1.021  102.3  3.804  5.456   76.7   87.9
C  -62.9  -39.1  110.0 -179.3  -75.6    nan  1.041   99.3  3.793  5.363   70.8   85.3
K  -67.2  -39.3  110.2  179.3  -67.5    nan  1.019   95.6  3.802  5.371   67.2   80.2
Y  -64.5  -44.8  110.8 -179.7  167.1    nan  1.030   94.6  3.815  5.307   68.6   83.3
I  -63.9  -39.8  110.2 -179.9  -71.6  166.9  1.032   98.0  3.789  5.266   63.8   78.7
S  -60.8  -45.7  110.1  179.2 -178.4    nan  1.019   97.2  3.798  5.382   73.3   85.3
L  -61.8  -54.2  111.0  179.2  169.7    nan  1.022   91.1  3.807  5.257   66.1   79.1
I  -52.9  -50.0  114.3 -179.7  -65.9  171.1  1.052   97.9  3.821  5.235   69.4   81.4
Y  -95.4  -19.3  116.7 -177.9  -64.9    nan  1.089   76.3  3.800  4.877   26.5   48.9
T -101.9  -42.6  118.5 -176.3 -102.5  135.5  1.140   62.1  3.826  5.232   45.6   72.6
N -163.9   70.6  111.0  178.7   73.7    nan  1.072   77.0  3.803  4.753  -36.3  -19.6
Y  -64.2  -54.6  113.9 -179.5 -173.2    nan  1.052   87.3  3.780  6.126 -168.1 -175.2
E  -55.9  -55.6  114.2 -179.4  -67.1    nan  1.062   92.1  3.811  5.165   64.9   79.4
A  -74.1  -35.1  116.0 -178.4    nan    nan  1.094   89.0  3.805  4.986   42.8   63.1
G  -94.9   -7.1  119.7 -178.1    nan    nan    nan   81.6  3.793    nan    nan   64.4
K  -57.2  -42.6  116.0 -178.7 -177.9    nan  1.107   98.6  3.809    nan    nan  122.8
D  -61.5  -53.1  112.1 -179.8  -76.2    nan  1.037   91.2  3.828  5.410   73.3   84.7
D  -60.8  -40.4  110.6 -179.9  -72.0    nan  1.026   99.9  3.796  5.140   61.7   74.5
Y  -61.5  -46.3  111.0 -179.5 -173.6    nan  1.033   95.8  3.789  5.344   71.7   85.5
V  -68.3  -31.8  113.3 -178.9 -180.0  -58.9  1.083   96.9  3.783  5.184   56.1   75.0
K  -68.8  -36.2  108.3  178.8  -61.9    nan  0.988   96.9  3.814  5.521   76.2   85.1
A  -82.7  -13.7  113.7 -179.1    nan    nan  1.067   91.6  3.794  5.126   49.1   69.8
L  -53.4  -48.1  116.3 -178.5 -135.6    nan  1.099   97.7  3.811  5.725  104.5  119.9
P  -53.4  -41.6  112.4 -179.7  -21.5    nan  0.996  104.0  3.828  5.280   77.6   87.7
G  -63.5  -32.8  111.5 -180.0    nan    nan    nan  101.4  3.786    nan    nan   82.7
Q  -79.5  -26.2  113.5 -179.5  -61.2    nan  1.060   89.4  3.792    nan    nan   76.4
L  -87.2  -28.2  112.3 -179.7  -66.7    nan  1.048   82.2  3.809  5.346   56.1   75.2
K  -47.0  -45.8  115.4 -178.6 -154.1    nan  1.092  104.5  3.808  5.561   97.5  112.1
P  -53.3  -38.7  114.9 -179.8  -23.1    nan  1.031  104.8  3.829  5.301   77.2   90.3
F  -72.8  -31.7  111.7 -179.8  -55.0    nan  1.063   93.7  3.819  5.285   53.1   77.4
E  -67.3  -41.7  106.8  177.6  175.5    nan  0.980   96.4  3.814  5.504   74.4   84.9
T  -62.6  -45.0  111.1  179.9  -62.2  177.2  1.040   95.7  3.797  5.280   65.9   81.9
L  -57.9  -43.6  108.6  178.6  -76.5    nan  1.003  101.5  3.813  5.341   72.7   82.7
L  -62.3  -43.9  110.7  179.7 -123.9    nan  1.016   96.8  3.811  5.251   66.9   80.4
S  -64.8  -24.3  111.7 -179.6   87.5    nan  1.050  104.4  3.785  5.245   62.4   79.5
Q  -92.5    0.4  114.6 -178.7  -73.9    nan  1.078   87.7  3.799  5.292   50.2   73.2
N -123.2   92.8  111.7 -179.8 -179.2    nan  1.045  109.7  3.801  5.327   44.5   63.9
Q   55.9   42.7  112.3  179.5  -60.4    nan  1.041  101.4  3.805  5.082  -19.5  -43.7
G   61.6   15.5  113.8  179.6    nan    nan    nan  111.4  3.788    nan    nan  -84.4
G   74.6   21.0  113.6  179.5    nan    nan    nan   96.3  3.790    nan    nan  -97.5
K  -90.2  -10.6  115.8 -178.3  -59.5    nan  1.084   85.2  3.806    nan    nan  117.5
T -114.7 -103.5  111.5 -179.6   47.0  -73.3  1.052   76.9  3.816  5.329   42.5   62.9
F -121.5 -179.0  112.7  179.9  -55.7    nan  1.072  121.1  3.798  4.648  -53.3  -29.6
I  -67.7  -32.4  111.4 -178.8 -161.9   73.5  1.103   98.0  3.788  5.222  -67.5  -61.1
V -138.3  124.1  109.7  177.6  169.1  -69.4  1.027  127.2  3.824  5.115   -2.1   15.2
G   69.3 -161.8  114.3  179.4    nan    nan    nan   77.5  3.781    nan    nan   -0.7
D -110.4   14.7  113.3 -179.3   65.2    nan  1.063   75.9  3.801    nan    nan  -80.1
Q -130.2  148.5  107.9  178.5   69.8    nan  1.014  132.3  3.799  5.432   51.9   67.4
I  -68.2  150.1  110.3 -179.4 -159.5   77.7  1.044   80.7  3.796  5.597  -95.3 -100.5
S -137.6  169.6  107.8  179.8   69.8    nan  0.992  139.8  3.824  5.689 -163.2 -169.3
F  -61.6  -28.5  112.3 -179.8   68.8    nan  1.084  105.0  3.795  5.304  -72.7  -69.1
A  -65.2  -30.3  110.8  179.5    nan    nan  1.042  101.5  3.822  5.562   79.1   92.5
D  -62.1  -47.1  109.1  178.0  -82.2    nan  0.995   96.1  3.828  5.546   82.5   91.8
Y  -64.5  -37.9  111.3 -179.3  -65.9    nan  1.056   98.0  3.804  5.196   59.7   76.4
N  -70.6  -45.0  109.7  180.0 -156.6    nan  1.032   90.6  3.787  5.345   63.8   78.8
L  -63.9  -44.8  110.7  179.0  172.3    nan  1.028   95.0  3.826  5.340   64.8   77.6
L  -55.2  -46.4  109.5  179.1  173.8    nan  1.022  101.2  3.813  5.369   75.7   85.9
D  -60.5  -42.1  112.0  179.4 -179.8    nan  1.050   98.5  3.797  5.318   66.9   80.2
L  -60.8  -43.7  110.3 -179.5 -175.1    nan  1.030   98.2  3.792  5.302   72.3   84.8
L  -66.5  -42.9  109.8  179.9  -59.8    nan  1.031   94.6  3.811  5.283   61.1   77.0
L  -58.9  -47.6  112.5  179.7  -72.8    nan  1.058   96.1  3.821  5.394   70.2   85.2
I  -69.7  -24.4  112.2 -178.8   66.0  -56.6  1.088   99.7  3.805  5.278   54.0   72.8
H  -78.9  -28.1  112.0  179.5  -86.2    nan  1.079   89.8  3.791  5.486   66.0   84.0
E  -71.1  -26.2  108.9  178.2  -69.7    nan  1.029   99.0  3.818  5.549   72.2   85.8
V  -78.8  -37.4  107.6  178.0  168.9  -69.7  0.999   88.5  3.818  5.527   66.4   79.4
L  -72.9  -41.7  110.5  180.0  170.3    nan  1.021   89.8  3.808  5.299   62.3   76.5
A -133.2   80.7  110.2 -179.7    nan    nan  1.025   98.0  3.807  4.782   -6.6   13.3
P  -49.2  131.3  112.5  180.0  -25.7    nan  0.996   77.6  3.817  6.004 -142.7 -150.9
G   83.8    4.7  116.6  179.5    nan    nan    nan   94.1  3.790    nan    nan   18.6
C  -62.7  -16.7  112.7 -179.8   60.3    nan  1.073  110.0  3.805    nan    nan  126.7
L  -93.7   -5.2  111.9 -179.7  -96.4    nan  1.046   84.4  3.817  5.437   58.7   77.6
D  -59.3  -27.5  110.4  179.8  -73.3    nan  1.010  108.3  3.805  5.794  109.1  119.4
A  -84.2  -11.0  112.1 -179.5    nan    nan  1.045   91.6  3.805  5.270   56.4   76.1
F -125.1   93.1  112.1 -178.3  -54.8    nan  1.043  109.8  3.811  5.128   30.6   52.0
P  -57.3  -44.2  115.9 -179.6  -20.1    nan  1.044   97.5  3.843  5.988 -138.5 -147.8
L  -66.1  -45.6  109.7 -179.4  -96.2    nan  1.036   93.6  3.807  5.288   58.3   78.8
L  -63.0  -39.9  111.6  179.5  -74.6    nan  1.045   97.9  3.806  5.323   64.2   78.6
S  -63.2  -50.8  110.3 -180.0  -72.8    nan  1.018   92.6  3.819  5.391   72.7   84.0
A  -60.9  -38.0  110.2  179.8    nan    nan  1.018  101.4  3.792  5.141   63.3   75.6
Y  -60.6  -47.4  110.2  179.9  172.8    nan  1.019   96.4  3.809  5.292   72.8   87.5
V  -61.3  -44.9  110.7  179.3  171.7  -66.5  1.033   97.0  3.808  5.307   63.4   78.2
G  -64.3  -44.0  112.0 -180.0    nan    nan    nan   94.4  3.800    nan    nan   78.7
R  -63.3  -48.4  113.9 -179.8 -169.3    nan  1.058   91.6  3.790    nan    nan   81.2
L  -70.4  -36.5  110.9 -179.2  -77.0    nan  1.040   94.0  3.799  5.195   54.6   71.1
S  -65.7  -20.6  111.8 -179.9  -70.6    nan  1.035  105.4  3.801  5.372   70.9   85.0
A  -85.9   -9.0  113.4 -178.9    nan    nan  1.073   90.4  3.800  5.363   60.7   82.0
R  -56.5  123.0  105.5  178.2  -74.6    nan  0.989   83.5  3.794  5.800  109.2  116.4
P  -34.7  -63.1  118.4 -179.3  -32.6    nan  1.086   97.5  3.871  5.618  -85.8  -94.9
K  -63.5  -39.1  112.2  180.0  -79.3    nan  1.062   97.6  3.810  5.123   44.4   65.4
L  -68.5  -43.2  109.9  179.5 -137.5    nan  1.019   92.9  3.834  5.406   66.2   79.4
K  -57.6  -48.1  110.8  179.4 -178.2    nan  1.024   97.8  3.801  5.311   73.5   85.4
A  -61.9  -43.5  110.6  179.6    nan    nan  1.032   97.4  3.806  5.226   63.2   77.3
F  -64.3  -46.1  111.4 -179.7  174.3    nan  1.056   93.6  3.804  5.311   63.6   80.1
L  -62.5  -25.4  113.4 -179.1  -71.1    nan  1.069  105.5  3.808  5.297   64.6   80.6
A  -90.0  -18.4  112.5 -179.7    nan    nan  1.051   83.1  3.811  5.321   53.9   73.1
S  -65.3  153.6  115.2 -179.2   79.5    nan  1.075   78.3  3.823  5.581   86.8  103.6
P  -63.2  -28.2  110.6  179.8  -10.6    nan  0.968  104.4  3.846  5.319  -79.9  -92.6
E  -57.9  -33.2  111.3  180.0 -179.7    nan  1.021  106.0  3.806  5.389   80.0   99.3
Y  -99.9  -55.5  110.3  178.9  173.6    nan  1.021   67.7  3.815  5.138   33.6   54.1
V  -54.7  -40.9  115.3 -178.0  176.5  -61.7  1.090  102.0  3.810  5.167   63.2   80.0
N  -83.8   10.9  116.2 -177.3  -70.3    nan  1.122  100.9  3.799  5.150   44.6   68.9
L -105.4  135.9  107.7  177.6 -121.9    nan  0.972  113.2  3.784  5.688   79.0   87.8
P  -72.0  156.6  107.9  179.5   25.8    nan  0.937   80.4  3.819  5.660 -111.1 -117.8
I  -67.4  -44.3  109.8  179.8  -64.7  174.7  1.024   93.2  3.808  5.623  -91.5  -90.8
N -122.0  178.1  112.1 -179.6  -53.0    nan  1.042  122.7  3.805  4.797    3.1   23.0
G  -95.9   -6.1  117.3 -178.8    nan    nan    nan   81.3  3.796    nan    nan  -89.4
N -108.7   13.2  111.9 -179.5   69.4    nan  1.058   76.6  3.802    nan    nan   73.2
G   74.7    6.1  116.9  178.7    nan    nan    nan  102.5  3.786    nan    nan -100.9
K -101.5  153.3  109.8  179.6  -60.4    nan  1.030  109.2  3.799    nan    nan   89.9
Q -165.9    nan  110.9 -179.2   62.2    nan  1.022    nan  3.802  5.490  171.3  164.2
