Id   phi    psi    tau  omega    chi    chi2  solid    eta  CA-CA  CB-CB  BA^AB  NA^AC
P    nan -153.0  110.6    nan   21.4    nan  0.999    nan    nan    nan    nan    nan
Y -107.3  140.9  113.4 -179.9  -56.8    nan  1.044  118.0  3.779  4.977  -85.6  -67.2
T -138.7  128.8  107.3  176.7  -60.8  179.4  0.979  128.6  3.790  5.713 -174.0  175.6
V -115.9  126.1  106.1  176.3   -6.8  118.3  1.037  117.3  3.787  5.876 -172.1 -170.5
V -105.3  116.7  107.1  179.9 -175.6  -53.2  0.984  111.9  3.819  5.953 -149.7 -162.2
Y -158.9  171.4  112.6 -176.8 -163.5    nan  1.018  160.6  3.782  5.597  142.8  135.7
F  -73.8  163.1  107.0  177.9  -53.8    nan  0.974   79.3  3.786  5.205  -79.0  -82.2
P  -79.4   69.0  111.3  179.9   29.3    nan  0.982  113.6  3.816  5.393  -95.3  -93.1
V -149.1  163.9  106.6  179.0  -47.3   75.2  0.997  149.9  3.812  5.766   90.9   96.6
R  -77.0  -61.6  106.5  179.0  -59.9    nan  0.987   82.2  3.792  5.385  -89.5  -92.6
G   39.5 -129.2  117.8  178.4    nan    nan    nan   75.1  3.801    nan    nan  156.6
R  -79.1    3.8  114.8 -178.7  -80.5    nan  1.091  102.5  3.800    nan    nan   -9.5
C -106.0  -11.9  111.8  178.7  -85.6    nan  1.048   69.9  3.795  5.567   65.3   83.5
A  -55.5  -49.9  113.3 -179.3    nan    nan  1.070   96.6  3.804  5.697  103.7  118.0
A  -62.8  -47.2  114.5 -179.0    nan    nan  1.097   92.3  3.816  5.252   59.2   77.7
L  -66.6  -29.0  111.3  179.9   62.4    nan  1.072  100.7  3.812  5.334   59.3   75.3
R  -69.9  -45.0  109.4  178.4  -79.0    nan  1.010   91.3  3.824  5.537   74.9   86.1
M  -59.7  -39.7  108.0  178.4  -72.6    nan  0.987  102.6  3.822  5.318   70.7   80.3
L  -60.9  -54.3  110.5  179.7 -173.1    nan  1.027   92.0  3.785  5.288   71.0   85.1
L  -60.0  -42.6  111.8 -179.2  -74.1    nan  1.054   98.6  3.786  5.155   58.9   74.7
A  -62.9  -51.1  110.7  180.0    nan    nan  1.030   92.3  3.819  5.337   68.6   81.9
D  -63.8  -29.3  113.0 -178.7 -167.4    nan  1.061  102.3  3.787  5.142   58.0   74.7
Q  -87.6    7.0  111.9 -179.4  -70.2    nan  1.051   95.0  3.793  5.282   51.9   72.1
G   65.2   30.9  113.4  179.2    nan    nan    nan  100.0  3.783    nan    nan -114.0
Q  -98.1  150.3  110.1 -179.8  -61.2    nan  1.020  106.9  3.789    nan    nan  116.3
S -105.3  142.9  109.7  179.0   24.8    nan  1.020  114.0  3.796  5.661 -134.4 -135.4
W -149.6  159.5  111.0 -180.0   76.4    nan  1.036  150.7  3.777  5.601  174.8  170.7
K -106.6  140.6  109.3  179.1  159.3    nan  1.011  115.0  3.773  5.514 -125.3 -126.7
E -105.9  129.4  108.5  179.0  -68.9    nan  1.007  114.2  3.781  5.752 -143.4 -147.2
E -116.5  105.0  103.9  178.5  -83.7    nan  0.949  108.9  3.784  5.815 -162.4 -171.7
V  -83.2  131.5  114.2 -178.3 -175.6  -53.7  1.072  103.1  3.794  6.050 -157.8 -156.4
V -106.3  126.6  110.9 -179.6 -176.5  -55.1  1.039  116.2  3.795  5.793 -149.8 -159.0
T  -94.5  162.1  113.9  179.5   66.7  -55.5  1.047  101.4  3.768  5.850 -142.5 -150.1
V  -50.7  -68.1  106.7  178.5   73.8 -165.7  1.035   91.7  3.733  5.110  -63.4  -71.9
E  -33.0  -58.9  110.6  178.2  -52.2    nan  1.059  105.6  3.834  5.233   74.3   83.6
T  -54.2  -48.4  114.6  178.6  -59.3 -179.0  1.076   97.8  3.848  5.310   60.5   74.5
W  -63.9  -54.1  108.9  178.9 -165.8    nan  1.007   91.3  3.809  5.262   65.6   75.3
Q  -57.1  -25.9  112.4 -179.6  -83.1    nan  1.047  110.4  3.802  5.147   62.8   76.8
E  -57.2  -38.4  107.7  179.3 -167.0    nan  1.007  105.4  3.795  5.576   91.2  101.4
G  101.6  -29.0  121.1  177.5    nan    nan    nan   94.0  3.797    nan    nan -126.3
S  -63.8  -45.0  114.6 -177.8   54.2    nan  1.103   92.8  3.797    nan    nan   98.4
L  -60.3  -53.4  109.0  179.5 -155.0    nan  1.002   93.9  3.820  5.403   73.8   82.1
K  -50.8  -52.4  110.4  179.8  177.7    nan  1.020   99.9  3.795  5.176   71.6   82.4
A  -57.8  -27.5  112.2 -179.6    nan    nan  1.054  109.0  3.799  5.167   62.9   78.1
S  -84.7  -10.1  112.6 -179.5   78.2    nan  1.049   91.3  3.808  5.350   57.4   76.4
C  -82.2  133.9  109.5  179.6  -70.1    nan  1.020   98.3  3.809  5.582   77.5   93.2
L  -42.1  -54.2  113.9 -179.0 -176.9    nan  1.072  102.3  3.810  5.577  -79.1  -92.3
Y -110.2   24.1  110.6 -179.9  -57.8    nan  1.035   79.6  3.796  4.841    6.6   27.0
G   60.4   29.5  114.6  179.2    nan    nan    nan  104.6  3.784    nan    nan -102.5
Q -143.0  164.5  114.2 -179.4  -60.7    nan  1.055  146.6  3.791    nan    nan   70.1
L -113.5  162.0  103.1  177.3  -65.8    nan  0.949  116.4  3.793  5.445 -126.9 -130.8
P  -68.4  155.1  118.4    1.6   30.3    nan  1.044   81.5  2.988  4.752   90.1   82.8
K -119.2  136.6   99.8  175.6  165.5    nan  0.904  117.2  3.764  5.584 -141.9 -152.5
F -129.7  140.8  110.7 -178.3 -170.0    nan  1.022  131.8  3.817  5.805 -174.6 -170.2
Q -127.0  131.0  110.5  178.8  -63.9    nan  1.048  127.3  3.754  5.699 -167.9 -167.7
D -130.4   94.2  103.7  179.3  177.1    nan  0.939  103.2  3.776  5.774 -170.7  174.6
G   70.7 -132.6  105.2 -177.4    nan    nan    nan   87.6  3.774    nan    nan  -21.4
D  -96.4   13.1  111.5  179.2   63.8    nan  1.078   88.5  3.793    nan    nan  -36.9
L  -93.2  122.7  106.4  178.2 -157.6    nan  0.973  105.5  3.800  5.829   92.4  101.9
T -112.5  131.0  107.9  179.1  -58.6 -178.9  0.998  117.7  3.794  5.903 -168.3 -172.0
L -124.5  157.7  113.1 -178.6  -99.5    nan  1.036  130.3  3.788  5.753 -170.3 -173.9
Y -137.1  156.5  106.2  178.0  -64.4    nan  0.978  138.4  3.827  5.590 -157.8 -162.5
Q   88.0  115.2  109.6 -179.9  -65.2    nan  1.028   71.5  3.842  4.823   71.4   55.4
S  -52.8  -42.1  115.3 -178.8   60.7    nan  1.115  102.7  3.808  5.888 -112.8 -120.1
N  -72.0  -24.4  113.4 -179.5  -68.0    nan  1.091   97.2  3.825  5.347   57.7   76.2
T  -70.2  -41.6  106.5  177.5  -77.9  162.4  0.989   94.4  3.793  5.619   79.6   89.2
I  -65.5  -42.5  109.5  179.9  -57.9 -178.2  1.035   95.8  3.803  5.348   64.7   78.9
L  -61.3  -44.9  110.6  179.3  -81.8    nan  1.033   97.0  3.814  5.375   70.7   82.5
R  -67.4  -35.2  111.2 -180.0  -82.0    nan  1.047   96.9  3.820  5.292   60.4   75.5
H  -63.5  -51.0  109.1  179.8  173.2    nan  1.019   93.0  3.776  5.408   75.4   87.5
L  -63.1  -39.7  110.4  179.9  -98.8    nan  1.028   98.6  3.807  5.188   58.9   73.1
G  -64.9  -40.9  111.5  179.4    nan    nan    nan   95.9  3.811    nan    nan   82.4
R  -65.8  -50.9  111.2  179.9 -177.7    nan  1.024   90.1  3.796    nan    nan   80.6
T  -75.3  -27.7  116.1 -178.3   59.4  -60.9  1.093   91.6  3.809  5.095   43.1   65.5
L  -97.6   -1.9  113.2 -179.5  -95.7    nan  1.053   81.6  3.828  5.233   45.6   64.5
G   78.1   37.9  116.3  179.3    nan    nan    nan   84.1  3.804    nan    nan -111.2
L -122.1   53.2  107.8  179.3  -32.2    nan  0.998   83.7  3.811    nan    nan   96.6
Y -139.0   38.2  111.9 -177.8 -145.0    nan  1.022   63.7  3.811  5.640   87.8   97.4
G   86.1  162.3  113.8 -179.8    nan    nan    nan   79.2  3.800    nan    nan  -65.4
K  -89.8  -14.6  111.7 -180.0   73.3    nan  1.046   84.9  3.792    nan    nan -105.9
D -155.4 -177.0  110.8  179.6   56.4    nan  1.055  154.2  3.803  4.923   -4.4   14.5
Q  -64.0  -35.0  112.4 -179.0  -75.0    nan  1.063   99.4  3.803  5.114  -57.5  -55.0
Q  -65.0  -43.2  111.2  179.8 -159.0    nan  1.043   94.8  3.784  5.414   72.8   87.2
E  -69.9  -38.4  110.0  179.5  -69.2    nan  1.031   93.9  3.817  5.300   59.3   74.1
A  -57.9  -39.2  110.1  179.0    nan    nan  1.034  103.2  3.800  5.420   77.0   89.2
A  -66.7  -42.4  111.2 -179.7    nan    nan  1.045   93.9  3.817  5.349   65.8   81.5
L  -66.5  -36.4  109.8  179.3  -62.3    nan  1.013   97.8  3.797  5.296   64.9   77.9
V  -60.8  -43.8  108.5  178.5  167.5  -70.6  1.006   99.2  3.811  5.430   75.4   87.4
D  -63.7  -42.5  109.7  179.5  -81.1    nan  1.012   97.0  3.816  5.316   66.7   78.7
M  -59.2  -39.6  111.4 -179.7 -176.0    nan  1.038  101.2  3.806  5.298   71.8   85.3
V  -69.1  -48.2  109.0  178.7  170.2  -68.2  1.009   90.6  3.805  5.352   64.6   77.3
N  -61.0  -39.0  113.6 -179.2 -153.1    nan  1.086   99.1  3.810  5.253   62.0   79.4
D  -62.5  -41.4  107.4  178.7  -76.1    nan  0.995   99.9  3.814  5.449   75.7   84.3
G  -64.7  -41.6  110.7  179.3    nan    nan    nan   96.1  3.787    nan    nan   79.9
V  -61.3  -47.0  109.1  178.9  169.7  -68.5  1.011   96.7  3.812    nan    nan   82.8
E  -59.3  -41.3  110.7 -179.5  168.1    nan  1.039  100.5  3.809  5.255   67.3   81.0
D  -59.4  -45.9  111.8  179.6  -82.9    nan  1.042   97.1  3.799  5.374   73.0   86.1
L  -69.7  -39.2  108.9  179.1 -172.6    nan  1.024   94.4  3.798  5.269   57.6   71.5
R  -58.4  -39.6  110.3  179.8 -170.8    nan  1.036  102.4  3.808  5.444   76.4   88.5
C  -62.8  -39.0  110.5 -179.9  -76.1    nan  1.050   99.1  3.792  5.363   69.9   84.6
K  -67.6  -39.4  110.0  179.2  -67.4    nan  1.017   95.4  3.804  5.381   67.2   79.8
Y  -64.3  -45.7  110.6 -179.7  166.8    nan  1.023   94.3  3.814  5.307   69.3   83.2
I  -62.6  -40.5  110.2  179.8  -72.0  167.8  1.035   98.6  3.803  5.271   64.1   78.7
S  -60.5  -45.2  110.2  179.4  179.8    nan  1.021   97.7  3.799  5.372   73.2   85.2
L  -62.2  -54.2  110.9  179.1  169.9    nan  1.021   91.0  3.807  5.273   66.3   79.2
I  -52.8  -49.0  114.3 -179.4  -65.7  170.9  1.054   98.6  3.815  5.213   69.4   81.7
Y  -96.8  -18.3  116.6 -177.1  -65.4    nan  1.093   75.4  3.795  4.858   25.8   49.0
T -103.1  -41.5  118.6 -176.7 -102.8  135.8  1.132   61.4  3.819  5.241   45.7   72.0
N -165.0   70.3  111.3  178.7   73.4    nan  1.079   76.3  3.805  4.741  -37.1  -19.9
Y  -64.0  -55.7  113.1 -179.4 -173.7    nan  1.049   87.5  3.775  6.127 -168.2 -175.3
E  -54.7  -55.8  114.5 -178.7  -68.0    nan  1.066   92.6  3.811  5.169   64.6   80.0
A  -74.2  -34.3  115.9 -178.3    nan    nan  1.094   89.3  3.804  4.988   42.4   62.9
G  -95.4   -7.1  119.9 -178.5    nan    nan    nan   81.1  3.801    nan    nan   64.4
K  -60.7  -36.0  117.0 -178.1 -167.7    nan  1.128   99.4  3.808    nan    nan  120.8
D  -65.0  -53.4  110.8 -179.7  -76.2    nan  1.021   89.6  3.828  5.486   77.8   87.3
D  -60.0  -41.0  110.8  179.6  -72.2    nan  1.028  100.1  3.785  5.139   62.0   74.4
Y  -61.0  -46.6  110.7 -179.5 -173.7    nan  1.034   96.2  3.803  5.342   72.2   85.4
V  -68.4  -32.1  113.2 -178.6  179.5  -58.7  1.085   96.7  3.788  5.191   55.7   74.8
K  -68.2  -36.3  108.7  178.2  -61.4    nan  0.990   97.1  3.817  5.527   76.6   85.0
A  -82.8  -14.2  113.2 -178.9    nan    nan  1.056   91.5  3.802  5.122   49.8   69.8
L  -53.0  -48.2  116.3 -178.4 -135.4    nan  1.103   97.9  3.819  5.724  103.6  120.0
P  -52.7  -42.9  112.6 -179.9  -22.5    nan  0.998  103.6  3.826  5.286   78.4   88.2
G  -63.3  -31.9  111.9  179.4    nan    nan    nan  101.9  3.777    nan    nan   81.5
Q  -79.9  -24.9  113.0 -179.8  -60.1    nan  1.060   89.9  3.807    nan    nan   76.6
L  -89.5  -27.3  112.2 -179.7  -66.4    nan  1.049   80.5  3.818  5.370   54.9   74.2
K  -45.6  -46.1  115.1  180.0 -165.1    nan  1.077  105.5  3.807  5.568  100.1  112.8
P  -56.3  -37.6  114.4 -179.9  -20.7    nan  1.020  103.3  3.843  5.286   73.5   86.9
F  -73.3  -31.3  111.8 -179.1  -56.0    nan  1.066   93.5  3.805  5.283   53.2   78.7
E  -66.5  -43.4  106.8  177.7  174.4    nan  0.987   96.2  3.814  5.513   75.0   86.1
T  -61.4  -44.3  111.7  178.9  -62.1  177.3  1.037   96.7  3.817  5.299   66.0   80.7
L  -58.6  -44.0  109.3  179.1  -76.3    nan  1.015  100.3  3.803  5.333   71.9   83.4
L  -62.3  -47.9  109.7  179.1 -118.0    nan  1.006   95.1  3.815  5.309   67.5   79.7
S  -57.2  -24.0  111.7 -179.7   88.9    nan  1.047  111.6  3.812  5.249   67.4   82.5
Q  -95.2    0.8  113.9 -179.2  -72.3    nan  1.078   85.1  3.800  5.280   47.0   70.3
N -124.2   92.8  111.5 -179.8 -178.3    nan  1.041  109.3  3.799  5.329   44.5   63.3
Q   55.7   42.7  112.4  179.6  -59.4    nan  1.043  101.5  3.817  5.099  -20.3  -43.7
G   61.9   15.6  113.8  179.8    nan    nan    nan  111.0  3.788    nan    nan  -84.0
G   73.6   21.7  113.7  179.7    nan    nan    nan   96.9  3.794    nan    nan  -98.1
K  -89.8  -10.9  115.6 -178.2  -60.2    nan  1.085   85.6  3.804    nan    nan  118.5
T -114.4 -103.0  112.0 -179.9   47.1  -73.3  1.058   76.2  3.813  5.324   42.4   63.0
F -121.9 -179.2  112.5  180.0  -56.3    nan  1.071  121.6  3.807  4.660  -52.9  -29.4
I  -67.3  -32.4  111.8 -178.7 -162.2   73.4  1.103   98.2  3.793  5.226  -66.9  -60.7
V -138.2  123.4  109.9  177.5  170.0  -68.4  1.028  126.9  3.831  5.116   -1.7   15.2
G   70.3 -162.5  114.1  179.3    nan    nan    nan   78.1  3.786    nan    nan   -0.7
D -110.5   14.7  112.6 -178.9   64.8    nan  1.051   75.7  3.790    nan    nan  -81.1
Q -129.9  149.4  107.8  178.5   69.2    nan  1.015  132.1  3.800  5.439   51.5   67.9
I  -69.2  149.2  110.5 -178.9 -159.9   77.0  1.050   82.1  3.793  5.602  -95.6  -99.9
S -136.1  169.2  108.1  179.2   70.7    nan  0.995  138.4  3.817  5.698 -163.0 -168.7
F  -60.9  -27.7  112.3  179.9   69.4    nan  1.083  106.1  3.806  5.317  -72.0  -69.2
A  -66.1  -28.1  110.7  179.6    nan    nan  1.041  101.8  3.812  5.563   79.0   92.5
D  -64.4  -46.6  109.6  179.0  -82.7    nan  1.008   94.4  3.810  5.529   81.2   92.7
Y  -66.1  -38.4  110.2 -179.6  -61.9    nan  1.037   97.0  3.793  5.215   59.5   75.2
N  -68.3  -41.6  110.4  180.0 -158.9    nan  1.037   93.5  3.793  5.364   65.1   80.6
L  -67.6  -43.4  109.9  179.3  170.9    nan  1.027   93.5  3.812  5.354   63.3   77.5
L  -55.5  -48.2  109.1 -180.0  173.0    nan  1.022  100.2  3.805  5.383   76.3   87.4
D  -59.4  -42.0  112.0  179.8  177.9    nan  1.054   99.4  3.804  5.290   65.7   79.7
L  -60.2  -42.5  110.4  180.0 -173.1    nan  1.023   99.3  3.811  5.338   73.3   84.9
L  -69.0  -42.4  110.1  179.7  -60.3    nan  1.035   92.7  3.807  5.252   59.1   75.5
L  -59.8  -47.0  112.5  179.3  -72.7    nan  1.054   95.8  3.812  5.385   70.1   84.5
I  -69.8  -24.8  112.9 -179.5   66.6  -55.7  1.090   99.2  3.819  5.289   54.3   72.9
H  -78.3  -26.9  112.5  178.9  -86.6    nan  1.082   90.7  3.789  5.469   66.2   84.0
E  -70.4  -32.6  108.5  178.1  -72.4    nan  1.015   96.9  3.810  5.558   75.2   87.5
V  -71.4  -39.6  108.4  178.6  170.1  -68.3  1.013   93.2  3.797  5.435   67.1   80.8
L  -71.3  -42.4  111.3  179.9  171.5    nan  1.032   90.2  3.813  5.304   61.7   76.2
A -135.4   77.5  110.3 -179.2    nan    nan  1.027   94.8  3.803  4.753   -8.5   11.0
P  -46.3  136.5  112.6  179.9  -29.6    nan  0.993   71.9  3.820  6.016 -143.0 -151.4
G   78.7   10.6  114.5  179.4    nan    nan    nan   96.7  3.788    nan    nan   20.1
C  -69.3  -14.9  111.5 -179.8   58.6    nan  1.063  104.7  3.797    nan    nan  125.7
L  -96.8   -6.3  112.8  179.7  -94.8    nan  1.046   80.8  3.818  5.443   56.7   75.8
D  -51.7  -41.8  115.1 -178.9  -72.8    nan  1.083  103.9  3.811  5.786  113.7  127.7
A  -81.4   -1.4  113.7 -179.4    nan    nan  1.070   98.1  3.812  5.191   47.8   67.7
F -119.6   92.1  110.0 -179.4  -54.1    nan  1.028  108.4  3.823  5.353   46.8   65.3
P  -58.7  -40.7  114.8 -179.4   25.0    nan  1.020   99.2  3.839  5.992 -139.9 -149.1
L  -68.4  -45.9  111.7 -179.1  -93.3    nan  1.058   90.6  3.777  5.246   56.7   80.4
L  -65.0  -41.8  110.2 -179.5  -75.6    nan  1.030   96.1  3.814  5.314   63.1   77.3
S  -59.2  -55.1  110.0  179.8  -74.3    nan  1.009   93.0  3.813  5.361   74.5   85.4
A  -59.8  -36.4  111.0  179.7    nan    nan  1.029  102.8  3.790  5.077   59.6   72.9
Y  -61.8  -47.9  110.0 -179.8  171.9    nan  1.017   95.3  3.789  5.300   73.8   88.3
V  -60.4  -48.1  109.5  180.0  172.9  -65.5  1.027   96.6  3.812  5.334   63.9   78.7
G  -60.7  -45.0  113.0  179.6    nan    nan    nan   96.0  3.788    nan    nan   79.0
R  -62.8  -48.4  113.5 -178.8 -170.6    nan  1.060   92.2  3.783    nan    nan   81.8
L  -69.1  -37.7  110.9 -179.3  -77.4    nan  1.045   94.5  3.798  5.211   55.5   72.1
S  -65.3  -20.2  112.0 -179.6  -71.1    nan  1.034  106.0  3.807  5.365   70.5   84.6
A  -85.7  -10.8  113.3 -178.9    nan    nan  1.069   90.0  3.797  5.353   61.4   82.5
R  -55.9  123.5  105.9  179.0  -73.1    nan  0.995   83.1  3.797  5.794  108.0  116.0
P  -35.2  -62.9  118.1 -179.2  -31.8    nan  1.080   97.5  3.861  5.609  -85.1  -95.0
K  -63.6  -38.6  112.9 -179.4  -79.7    nan  1.073   97.5  3.803  5.131   44.2   66.1
L  -68.4  -41.7  110.6  179.1 -137.3    nan  1.024   93.2  3.825  5.394   67.3   79.9
K  -59.9  -47.6  110.2  179.7 -178.7    nan  1.015   96.7  3.812  5.322   73.2   84.8
A  -62.2  -42.8  110.6  179.6    nan    nan  1.033   97.5  3.808  5.228   62.8   77.2
F  -65.3  -44.9  111.7 -179.9  174.0    nan  1.055   93.4  3.789  5.302   63.3   79.8
L  -63.6  -24.4  113.0 -179.0  -71.5    nan  1.064  105.0  3.799  5.301   64.6   80.6
A  -90.4  -17.9  112.2 -179.5    nan    nan  1.044   82.9  3.803  5.315   54.6   73.7
S  -64.9  154.3  115.1 -179.3   76.6    nan  1.079   77.6  3.801  5.562   86.6  104.4
P  -62.0  -32.3  111.2  179.8  -10.5    nan  0.976  103.0  3.851  5.313  -78.1  -90.4
E  -55.8  -32.0  111.4 -179.9  162.5    nan  1.021  108.4  3.826  5.357   78.3   97.7
Y -100.1  -55.0  109.3  179.7  174.0    nan  1.002   68.5  3.801  5.153   35.2   55.5
V  -56.3  -39.6  116.3 -177.8  177.3  -60.6  1.097  101.0  3.779  5.129   61.5   79.2
N  -86.2   11.6  115.7 -177.4  -70.5    nan  1.114   98.7  3.810  5.130   44.4   67.7
L -105.3  134.5  107.2  178.3 -123.7    nan  0.974  112.8  3.801  5.717   79.0   88.9
P  -71.6  155.5  108.9  179.3   26.6    nan  0.950   80.8  3.803  5.670 -112.5 -118.5
I  -66.6  -44.3  109.7 -179.6  -64.4  174.7  1.019   93.9  3.819  5.634  -90.7  -91.0
N -122.3  178.6  112.0 -178.8  -55.2    nan  1.043  122.8  3.802  4.783    2.9   23.4
G  -96.1   -7.1  116.9 -178.2    nan    nan    nan   80.7  3.781    nan    nan  -88.7
N -108.2   13.0  112.5 -179.3   68.9    nan  1.064   77.2  3.785    nan    nan   73.3
G   74.1    8.3  117.1  178.6    nan    nan    nan  102.0  3.795    nan    nan -101.6
K -103.0  152.6  109.1  179.3  -60.5    nan  1.015  110.2  3.805    nan    nan   89.7
Q -166.4    nan  111.2 -178.8   62.3    nan  1.023    nan  3.792  5.483  170.1  163.2
