Id   phi    psi    tau  omega    chi    chi2  solid    eta  CA-CA  CB-CB  BA^AB  NA^AC
A    nan  157.2  111.4    nan    nan    nan  1.079    nan    nan    nan    nan    nan
A -121.1  152.8  111.3 -179.2    nan    nan  1.065  127.0  3.795  5.575 -141.7 -143.0
L  -92.3  172.8  112.0 -176.1  -49.7    nan  1.069   95.0  3.784  5.543 -112.9 -119.7
E  -63.0  124.0  110.7 -179.9  177.7    nan  1.052   90.4  3.777  5.133  -64.6  -68.3
P  -67.5  148.5  110.8  177.9  -22.0    nan  0.992   81.0  3.802  5.720 -117.0 -127.5
T  -89.7  161.2  112.5 -175.4   61.4  -56.3  0.994   96.8  3.762  5.741 -114.6 -119.0
D  -71.4  -32.3  112.8  169.7  -76.7    nan  1.010   94.2  3.796  5.256  -91.1  -94.7
S  -71.9  -31.0  112.7 -178.1   67.8    nan  1.057   94.4  3.830  5.371   67.0   85.2
G  102.3  -13.8  112.0 -172.4    nan    nan    nan   83.2  3.788    nan    nan -108.1
A  -65.6  157.9  108.9  176.2    nan    nan  0.990   74.2  3.791    nan    nan  103.0
P  -59.3  144.1  106.4  173.7  -18.3    nan  0.915   74.3  3.813  5.320  -76.6  -85.2
S  -57.8  -39.5  109.9 -177.1 -172.6    nan  1.012  103.2  3.816  5.635  -91.8  -94.5
A -144.9  150.8  106.8  174.5    nan    nan  0.992  142.7  3.797  4.910  -21.3   -0.7
I -138.4  132.5  108.6 -167.9  -62.5  171.1  0.954  131.4  3.778  5.546 -154.6 -162.8
V  -83.7  131.0  108.7  171.2 -167.5  -46.0  1.001   99.7  3.780  5.853 -135.4 -137.2
M -107.4  127.3  109.8  176.5  -51.9    nan  1.039  116.0  3.814  5.786 -157.0 -162.1
F -115.2  160.4  108.8 -170.5  -74.9    nan  0.962  119.9  3.771  5.832 -153.3 -165.7
P  -78.9   80.2  109.5 -178.8   29.4    nan  0.960  110.8  3.809  5.310  -96.9  -97.6
V  -82.2  128.3  112.7 -171.7  168.3  -70.6  1.036  102.5  3.747  6.140  173.0 -176.5
G -163.4 -177.3  110.7  173.5    nan    nan    nan  162.3  3.773    nan    nan  135.4
E  -91.7  -31.9  113.5 -176.3  -65.7    nan  1.053   76.3  3.793    nan    nan  -79.6
K  -68.4  132.3  109.4 -173.5  -66.7    nan  1.003   88.9  3.801  5.390   77.4   91.9
P  -53.4  137.6  111.8  179.3  -26.2    nan  0.929   76.1  3.818  5.508  -88.5 -104.8
N -136.6   65.2  107.5  176.2 -169.7    nan  0.963   83.2  3.815  5.738  174.7  175.8
P  -64.1  -21.7  114.0 -169.5   24.6    nan  1.005  105.7  3.803  6.060 -179.8 -169.1
K  -96.6   -1.1  111.7 -179.4  -59.7    nan  1.049   83.0  3.828  5.355   44.1   70.5
G   63.3   44.1  110.9  178.2    nan    nan    nan   95.7  3.808    nan    nan -123.5
A  -72.6  107.7  105.6  174.1    nan    nan  0.975   98.8  3.797    nan    nan  146.7
A -178.4  168.8  109.7 -172.0    nan    nan  0.894  169.2  3.732  5.385  126.8  105.9
M  -68.1  165.9  109.0  167.0  -59.7    nan  0.959   73.3  3.782  5.195  -86.6  -83.9
K  -63.5  144.3  108.7  168.2  -65.6    nan  0.960   78.8  3.787  5.266  -77.9  -81.9
P  -59.3  155.7  109.5  175.3  -28.1    nan  0.918   69.7  3.816  5.386  -88.3 -100.3
V -102.4  128.1  110.2 -179.2  174.9  -65.3  0.972  113.5  3.788  5.611 -128.2 -126.6
V  -94.5  108.0  108.5  172.6 -178.8  -59.5  1.059  108.9  3.802  5.935 -153.8 -153.9
F  -93.3  128.5  109.8 -179.7  176.4    nan  0.980  107.5  3.792  5.984 -153.5 -167.3
N  -87.7   88.0  109.9 -178.9 -161.0    nan  1.053  109.9  3.811  5.829 -139.0 -142.8
H  -62.7  -40.7  111.3 -176.2 -154.3    nan  1.073   97.9  3.792  6.150 -149.5 -154.2
L  -54.1  -52.3  112.8 -178.0  179.1    nan  1.003   96.3  3.792  5.361   84.2   93.9
I  -64.3  -37.3  110.6 -179.5  -78.6  151.5  1.000   98.8  3.773  5.015   53.9   72.6
H  -69.7  -51.4  112.2 -175.9  -83.7    nan  1.078   86.5  3.791  5.369   58.8   84.4
E  -66.0  -21.6  112.5 -176.6   77.4    nan  1.081  104.5  3.769  5.212   56.3   74.9
K  -71.1  -19.2  111.0  175.3  -74.6    nan  1.038  101.2  3.822  5.668   77.8   90.3
K -104.6  -32.8  111.5 -173.9 -103.8    nan  0.993   66.2  3.801  5.219   50.5   68.8
I -109.5  111.5  108.7 -175.5  -50.3 -174.8  1.007  113.8  3.785  4.919   27.3   48.6
A  -59.4  -49.9  115.0 -172.9    nan    nan  1.080   92.9  3.791  5.851 -117.0 -128.9
D -100.3  124.9  113.5 -172.3  171.4    nan  1.065  115.1  3.806  4.884   23.6   48.5
C  -57.4  -36.8  110.5 -177.7  -58.1    nan  0.973  104.7  3.812  5.757  -96.0 -116.5
E  -70.8  -16.3  114.6 -175.9  -86.5    nan  1.109  101.9  3.776  5.080   59.1   83.8
T  -55.4  -44.7  109.0  176.4  -69.5  173.3  1.029  102.4  3.821  5.830  101.1  110.2
C  -90.0  -48.1  115.5  173.3  -60.7    nan  1.036   71.3  3.807  5.112   32.2   50.1
H  -87.9   70.5  107.7 -177.6  -58.5    nan  1.017  107.4  3.807  5.037   33.8   55.7
H  -61.8  -19.2  111.1 -164.3   68.9    nan  1.051  109.9  3.748  6.100 -169.0 -160.3
T  -89.9   -2.5  109.3 -177.5   60.6  -60.1  1.053   89.3  3.781  5.549   56.5   80.8
G  103.3  -24.2  114.1  175.0    nan    nan    nan   87.4  3.794    nan    nan  -90.3
D -108.3  135.4  110.8 -178.6  -48.1    nan  1.083  117.5  3.809    nan    nan   57.1
P  -84.2   80.6  109.3 -176.2   -5.4    nan  0.919  109.9  3.796  5.649 -112.3 -129.1
V -125.2  159.5  107.6  179.9  -56.3   63.1  1.037  128.8  3.783  5.860  120.9  133.8
S  -66.3  137.6  110.4 -174.7   58.5    nan  1.059   85.3  3.812  5.569  -82.6  -81.6
C  -49.5  -38.6  108.9 -178.0  -45.8    nan  1.016  110.8  3.799  5.557  -77.7  -97.2
S  -79.4    2.2  113.2 -172.5   54.0    nan  1.095  101.4  3.800  5.288   53.4   76.8
T  -69.8  -26.1  107.0  169.9   55.5  -61.5  1.000  100.9  3.774  5.960  110.0  108.7
C -110.8  -33.0  113.6  175.0  -67.0    nan  1.017   60.0  3.763  5.080   29.8   49.9
H -105.4   83.3  109.7 -175.3  -64.7    nan  1.013  107.0  3.794  4.942   29.4   53.5
T  -84.6  169.9  108.0  178.9   52.2  -66.0  1.001   87.8  3.791  6.169 -178.3  175.2
V  -59.6  -43.3  110.0 -176.8  165.6  -70.0  1.026   99.6  3.768  5.179  -64.1  -66.2
E  -82.0  -22.5  112.3 -178.3   58.5    nan  1.075   89.1  3.810  5.194   42.2   65.1
G   92.0  155.6  110.4 -177.6    nan    nan    nan   83.6  3.803    nan    nan -112.6
K -164.9  163.0  110.7  179.8   71.5    nan  1.078  161.9  3.794    nan    nan  167.7
A  -55.5  -34.5  114.6 -169.4    nan    nan  1.058  105.9  3.783  5.315  -59.1  -65.7
E  -65.1  -18.3  113.1 -178.4  -63.3    nan  1.098  106.7  3.801  5.394   68.1   90.2
G -106.8   19.6  112.2  169.9    nan    nan    nan   81.3  3.776    nan    nan   56.7
D   56.5   34.5  108.5 -176.1 -172.3    nan  1.011  107.8  3.815    nan    nan -105.6
Y   60.5   14.5  115.5 -179.8  -58.4    nan  1.035  112.6  3.834  5.434  -87.7  -91.2
I  -79.1  119.4  105.0  178.1  -63.0  168.0  0.967   97.4  3.783  5.831  105.1  115.9
T  -77.3  172.7  112.1 -170.5   58.7  -58.8  1.004   80.1  3.792  5.966 -127.9 -131.8
L  -61.5  -41.5  109.4  175.4 -177.8    nan  0.996   99.4  3.799  5.074  -67.8  -69.1
D  -61.4  -43.9  110.4  178.5  165.0    nan  0.977   97.6  3.844  5.384   70.4   82.7
R  -69.2  -41.4  111.2 -178.7  175.4    nan  0.979   92.4  3.809  5.245   60.8   76.4
A  -62.6  -30.8  113.5 -178.1    nan    nan  1.048  102.4  3.820  5.230   65.4   85.7
M  -88.7  -27.7  112.6 -176.6  -58.2    nan  1.062   80.9  3.824  5.236   47.4   72.5
H -123.5   -0.4  113.4 -170.7  -41.1    nan  1.027   56.4  3.797  5.021   23.0   45.7
A  -51.9  132.9  115.4 -177.4    nan    nan  1.098   80.0  3.768  5.796  121.1  134.8
T -107.7  -24.8  113.8 -178.9   57.7  -59.3  1.061   64.1  3.768  5.811 -150.5 -155.3
D -117.0   75.4  109.2 -172.9  -66.6    nan  1.021   99.8  3.786  4.978   31.1   52.8
I  -94.2  130.1  111.6 -170.2  -57.6  177.1  1.031  109.1  3.760  6.045  162.3  169.5
A  -71.4  137.4  111.9 -177.5    nan    nan  1.087   90.3  3.764  5.792 -119.5 -122.7
A  -65.1  128.7  108.2  174.2    nan    nan  1.021   87.6  3.785  5.612 -100.7 -115.8
R  -89.8  127.7  110.0 -179.4  -92.2    nan  1.000  105.6  3.820  5.867 -134.1 -142.6
A  -75.7  -27.3  110.5 -176.9    nan    nan  1.043   93.7  3.826  5.850 -125.4 -127.9
K -110.1  119.9  112.0  175.4  170.0    nan  1.062  118.5  3.809  5.204   25.6   46.8
G   78.0 -158.3  117.7  177.9    nan    nan    nan   88.5  3.813    nan    nan    0.1
N  -81.1  126.4  110.1 -176.9  -62.5    nan  0.962  100.4  3.792    nan    nan  -46.0
T  -73.1  119.5  108.9  169.5  -60.6 -179.1  0.980   97.3  3.821  5.834 -126.3 -137.0
P  -60.9  160.8  111.1 -175.9  -20.5    nan  0.973   69.1  3.826  5.765 -113.2 -120.7
T -126.0  153.8  106.7  170.7   50.5  -66.8  0.992  129.0  3.787  5.708 -153.6 -148.1
S -108.4  169.5  109.1  167.2   65.3    nan  1.004  111.5  3.745  5.483 -137.6 -140.3
C  -53.5  -53.7  109.9  174.1  -47.3    nan  1.036   97.6  3.763  5.092  -60.9  -65.9
V  -66.0  -41.9  110.1 -173.3  172.6  -63.0  0.992   95.3  3.762  5.058   60.0   73.9
S  -66.3  -40.4  110.8 -172.0   73.7    nan  1.061   95.4  3.778  5.240   61.4   86.0
C  -67.5  -44.1  111.1 -178.6  176.1    nan  1.045   92.5  3.790  5.435   64.5   81.4
H  -55.5  -43.1  111.5  176.8  -66.4    nan  1.061  102.0  3.779  5.382   71.6   85.2
Q  -62.6  -38.2  109.4  177.8  -79.3    nan  0.994  100.3  3.831  5.483   72.1   79.8
S  -61.2  -42.7  109.8  179.6  -86.2    nan  1.028   98.8  3.800  5.395   75.0   86.9
E  -52.4  -43.8  112.6  175.5  -60.0    nan  1.078  103.2  3.781  5.438   77.1   88.4
T  -68.5  -23.7  111.4 -175.1   65.4  -51.7  1.066  101.4  3.839  5.424   64.9   80.3
K  -92.2  -36.5  113.3 -174.6  -76.7    nan  1.034   74.6  3.795  5.270   60.8   76.4
E  -98.2   -8.4  111.8 -166.9  -66.8    nan  1.041   78.8  3.801  4.909   41.2   65.2
R -105.3  120.1  111.1  178.3  -59.4    nan  1.062  115.6  3.780  5.386   48.5   72.1
R  -56.8  -34.8  112.4 -174.7  177.8    nan  1.068  105.5  3.777  5.815 -107.4 -117.2
E  -71.1  -15.8  111.3 -177.0   58.5    nan  1.094  102.6  3.815  5.531   63.3   84.9
C -101.1  -31.8  110.2 -179.7  -49.8    nan  0.965   70.1  3.811  5.452   60.8   71.1
A  -69.6  -15.2  116.7 -168.6    nan    nan  1.044  103.1  3.805  5.211   75.8   96.1
G  -74.2  -61.3  108.7  177.6    nan    nan    nan   81.9  3.813    nan    nan   95.1
C  -58.0  -44.7  111.0  178.4  -75.0    nan  0.945   99.4  3.803    nan    nan   67.6
H  -68.8   -1.5  115.1  178.6  -73.8    nan  1.175  110.6  3.795  5.041   43.8   74.4
A  -83.1  -18.4  109.6  168.0    nan    nan  1.021   90.6  3.786  5.931   86.7   91.6
I -133.9    5.0  116.1 -173.3   67.9  -57.3  1.077   48.5  3.810  4.912   19.2   41.0
T  -69.8  158.0  109.8 -179.3   55.8  -65.2  1.021   78.3  3.827  5.935  112.8  120.0
T  -97.7  100.8  106.7  176.4  -72.4  168.7  0.986  107.7  3.818  5.429 -118.0 -122.2
P  -48.0  139.8  113.5 -172.3  -32.9    nan  0.997   71.3  3.803  5.909 -117.5 -124.4
K -147.3   91.7  118.9 -175.9 -158.1    nan  1.160  106.6  3.732  5.583  164.5  175.4
D  -93.7   60.5  109.3 -170.7  -72.5    nan  1.016  104.8  3.777  5.994 -167.7  178.0
D  -93.1 -174.7  111.8 -178.4   54.1    nan  1.001   91.1  3.798  6.079  145.4  149.9
E  -56.4  -37.4  111.3 -173.5  -74.5    nan  1.009  104.8  3.804  5.067  -42.7  -42.8
A  -70.1  -30.9  108.4 -173.6    nan    nan  1.007   98.0  3.791  5.258   70.2   84.5
W  -66.3  -51.9  110.9  173.1 -174.1    nan  1.029   89.5  3.815  5.452   71.1   83.8
C  -53.5  -44.9  111.8  176.7  -49.3    nan  1.032  102.1  3.794  5.392   70.8   79.9
A  -70.7  -12.8  112.3 -172.1    nan    nan  1.045  104.0  3.809  5.077   62.6   79.4
T  -62.3  -37.3  109.4  176.8  -61.3 -179.0  1.027  101.0  3.799  5.766   94.0  107.4
C  -97.7  -42.6  115.3  173.0  -63.6    nan  1.030   67.4  3.785  5.184   30.9   50.2
H  -82.0   84.1  107.2 -178.7  -69.0    nan  0.968  107.8  3.833  5.090   48.5   64.9
D -131.7   14.7  115.1 -152.3   62.7    nan  1.075   55.8  3.719  5.693  139.1  147.5
I  -54.1  144.1  118.6 -175.7 -155.1   79.3  1.073   75.6  3.860  6.041  137.9  148.2
T  -53.7  136.6  110.6  171.6  175.5   59.4  1.061   76.3  3.813  5.426  -86.7 -101.7
P  -58.8  -20.3  112.4  173.6  -18.4    nan  0.954  111.9  3.796  5.406  -89.8 -110.5
S  -70.0  -17.1  113.9  178.6  -48.5    nan  1.074  102.4  3.812  5.486   71.8   95.9
M  -63.5  133.5  109.6  179.7  171.2    nan  1.025   84.8  3.800  5.714   95.3  105.3
T  -95.6  161.0  110.9 -180.0   70.2  -46.3  0.980  101.9  3.835  5.850 -135.1 -142.2
P  -54.0  -36.4  111.8  177.8  -21.5    nan  0.997  107.1  3.819  5.186  -71.6  -74.0
S  -61.3  -40.8  112.2  177.8  -69.9    nan  1.059   98.5  3.787  5.406   66.3   88.0
E  -68.1  -37.3  111.4  179.8  -76.5    nan  1.033   95.2  3.810  5.412   65.1   79.1
M  -60.1  -45.1  108.8  177.9  172.8    nan  1.007   98.9  3.771  5.321   75.5   87.4
Q  -56.0  -46.7  112.5  175.7  -73.4    nan  1.072   98.7  3.804  5.368   65.7   82.5
K  -66.9  -32.3  113.3  178.8  -63.8    nan  1.061   97.9  3.826  5.334   59.7   74.5
G  -67.3  -41.7  112.3  175.7    nan    nan    nan   93.2  3.789    nan    nan   85.1
I  -63.0  -41.7  111.5  178.1  -68.3  167.7  1.041   97.0  3.811    nan    nan   81.3
A  -83.6   -8.0  111.9 -178.0    nan    nan  1.052   93.4  3.805  5.105   44.9   64.8
G   79.4   17.7  111.7  173.1    nan    nan    nan   93.7  3.835    nan    nan -118.9
T -107.7    7.1  111.8  179.5   61.6  -56.2  0.990   75.1  3.794    nan    nan   94.8
L  -66.3  129.9  108.3  174.7 -168.2    nan  1.016   87.9  3.808  5.907  108.2  120.4
L  -61.2  136.6  110.6  178.2  -70.7    nan  1.036   82.1  3.802  5.753 -106.3 -114.7
P  -47.4  -35.8  114.2  172.8    1.3    nan  1.004  111.9  3.821  5.471  -84.5  -98.3
G  -71.8  -27.8  110.2 -179.4    nan    nan    nan   97.1  3.804    nan    nan   81.2
D  -75.9  -44.6  109.2 -178.8  -74.2    nan  1.062   87.1  3.758    nan    nan   83.8
N  -50.4  -54.6  108.5  171.5 -169.4    nan  1.008   99.8  3.795  5.451   77.2   84.3
E  -53.9  -47.2  113.3 -179.2  -69.8    nan  1.063   99.6  3.813  5.264   64.9   79.8
A  -58.2  -45.0  111.5 -179.0    nan    nan  1.028   98.8  3.793  5.254   71.5   83.6
L  -63.0  -44.2  111.0  178.1  -74.7    nan  1.029   95.8  3.810  5.287   63.6   78.1
A  -65.9  -42.1  109.6 -178.8    nan    nan  1.003   95.6  3.803  5.321   66.1   78.4
A  -63.6  -43.3  111.9  179.4    nan    nan  1.042   95.4  3.786  5.303   66.4   81.7
E  -59.9  -40.0  111.8  179.4  178.1    nan  1.019  100.2  3.802  5.400   73.0   84.3
T  -62.2  -53.2  111.9  178.4  -61.5 -178.1  1.041   90.9  3.783  5.308   70.2   84.1
V  -60.6  -38.7  110.3 -177.3  165.4  -72.2  1.012  101.2  3.785  5.164   64.2   76.6
L  -77.4   -6.5  112.0 -176.3  -66.4    nan  1.117  100.1  3.797  5.252   49.2   75.4
A -103.5   -3.2  110.7  174.8    nan    nan  1.045   75.4  3.818  5.542   57.7   73.2
E  -62.3  140.1  114.4 -179.3  -72.8    nan  1.120   82.9  3.817  5.853  100.8  120.5
A -122.2  131.4  108.8 -176.2    nan    nan  0.996  123.9  3.784  5.616 -147.7 -168.1
T -100.2  128.6  109.5  173.1  -69.0  174.2  1.009  111.6  3.826  5.883 -147.9 -156.6
V  -82.9  133.7  107.0 -178.8  170.8  -66.0  1.002   97.1  3.824  5.801 -132.6 -136.1
A  -89.9  135.6  109.2  179.4    nan    nan  1.050  103.3  3.814  5.984 -140.0 -135.1
P  -70.7  142.6  109.3 -178.7   21.6    nan  0.931   85.8  3.819  5.604 -101.7 -116.2
V  -57.2  147.4  108.8  179.9  -64.3   57.1  1.012   71.9  3.791  5.703  -93.0  -97.4
S  -60.9  136.4  111.8  172.6  174.2    nan  0.975   82.6  3.784  5.340  -84.4 -100.7
P  -61.8  -12.4  113.3  170.8  -27.2    nan  0.969  112.7  3.832  5.494 -104.2 -115.0
M  -70.1  -14.9  111.9  172.4  -58.1    nan  1.048  103.8  3.807  5.654   77.4   97.6
L  -90.5    0.2  111.9  178.4  -65.2    nan  1.015   89.5  3.826  5.478   65.8   80.5
A -119.9  166.8  109.1  179.4    nan    nan  1.077  123.4  3.839  5.307   40.5   64.9
P  -61.3  145.9  114.4 -171.6  -24.4    nan  0.975   78.8  3.827  5.310  -58.7  -66.2
Y  -64.1  -55.3  110.3  174.6  170.4    nan  1.000   89.5  3.820  5.594 -100.3 -105.1
K -134.8  156.2  108.6  173.8  -67.4    nan  1.031  137.4  3.825  4.922  -28.0   -6.0
V -128.2  129.1  107.4  173.0 -177.6  -55.7  0.975  124.9  3.789  5.575 -152.3 -153.9
V  -81.2  104.5  108.0  171.5  179.0  -59.5  1.011  104.9  3.780  5.842 -132.7 -140.0
I  -86.6   99.0  108.9 -179.5  -54.3 -178.0  1.057  108.0  3.784  6.050 -161.3 -163.7
D -125.6   13.5  112.9 -171.6   61.9    nan  1.057   60.5  3.769  5.872  160.7  158.1
A  -51.6  -36.3  112.4 -176.6    nan    nan  1.009  108.9  3.777  5.941  138.4  147.3
L -114.1    9.0  113.2 -172.7  -61.8    nan  1.021   69.7  3.796  4.831   21.5   44.8
A  -52.4  126.3  112.3 -166.3    nan    nan  1.118   83.1  3.824  5.904  128.5  151.1
D -162.5  -77.8  108.7 -171.6  167.8    nan  1.018   72.8  3.815  5.621  159.3  140.5
K  -77.6  -31.4  110.4 -180.0  -42.0    nan  1.044   90.4  3.799  4.935   16.3   35.4
Y -116.9  167.4  110.7 -180.0  -60.2    nan  1.032  120.7  3.796  5.100   20.2   40.2
E  -70.1  165.8  106.9  171.2  -68.0    nan  0.963   74.8  3.754  5.141  -78.4  -85.9
P  -55.3  156.1  109.9  169.8  -26.8    nan  0.883   66.0  3.820  5.068  -62.8  -73.6
S  -90.9  116.0  108.3  173.8 -172.0    nan  0.982  106.8  3.806  5.573 -123.5 -118.9
D  -90.9   86.2  106.9 -177.2 -173.9    nan  1.003  106.8  3.824  5.978 -155.0 -154.3
F  -71.4  130.0  111.8 -173.2 -179.3    nan  1.036   93.7  3.775  6.110 -161.2 -161.3
T  -79.4   66.9  109.2  178.2   52.5  -62.4  1.027  111.7  3.812  5.793 -125.0 -136.4
H  -52.3  -55.5  112.5 -173.0 -166.1    nan  1.046   95.6  3.826  6.151 -164.7 -161.1
R  -66.6  -41.4  113.4 -176.8 -165.0    nan  1.078   93.3  3.823  5.174   48.1   70.5
R  -60.8  -42.3  112.5  176.1 -179.2    nan  1.043   97.8  3.770  5.389   70.6   83.1
H  -57.4  -55.7  112.1  176.4  -93.8    nan  1.031   92.4  3.814  5.375   72.2   84.9
L  -61.3  -44.9  109.9 -174.8 -173.2    nan  0.993   97.4  3.824  5.156   62.2   75.7
T  -60.3  -44.9  109.6 -175.7  -60.4 -176.7  1.014   98.4  3.763  5.139   68.1   85.0
S  -63.1  -45.3  112.8  179.4  173.3    nan  1.052   94.2  3.811  5.299   62.1   79.0
L  -62.7  -41.6  110.8  179.8  -69.2    nan  1.035   97.6  3.793  5.246   65.9   79.8
M  -68.6  -41.0  111.5  179.9  -77.1    nan  1.049   92.9  3.808  5.280   60.1   77.0
E  -53.9  -43.3  111.7 -179.8  176.4    nan  1.022  103.0  3.819  5.411   81.4   92.2
S  -73.0   -7.2  114.2 -173.3  -50.2    nan  1.118  103.9  3.785  5.122   52.0   78.2
I -128.3   10.6  110.6 -178.0   58.7  -65.7  1.014   56.0  3.825  5.276   38.3   53.0
K  -60.2  -22.2  113.1 -170.9   66.1    nan  1.059  109.4  3.764  5.872  124.1  141.4
D -115.0   11.0  112.2 -178.7  -76.0    nan  1.034   69.6  3.785  5.125   31.1   54.5
D  -81.1  118.4  111.1 -173.2 -172.3    nan  1.024  103.9  3.797  5.806  102.1  120.1
K  -70.7  -29.6  112.0 -172.3  -75.5    nan  1.049   96.5  3.781  5.904 -125.7 -129.7
L  -73.9  -48.7  108.8 -177.9  174.0    nan  1.035   87.2  3.820  5.442   66.4   85.2
A  -58.2  -41.2  109.8  174.5    nan    nan  1.043  102.0  3.780  5.320   61.7   75.8
Q  -61.7  -35.0  112.9 -178.4  -83.3    nan  1.070  101.0  3.787  5.460   69.1   86.4
A  -71.0  -42.4  111.4 -176.6    nan    nan  0.981   90.4  3.809  5.410   74.8   84.8
F  -85.6  -24.8  113.5 -173.7  -73.2    nan  1.129   84.5  3.784  4.924   37.0   66.6
H  -83.9   74.0  105.3  175.8  -67.1    nan  0.925  106.4  3.833  5.514   66.9   74.1
D -109.1   19.4  116.0 -159.6   54.2    nan  1.077   80.2  3.773  5.919  140.0  163.2
K -127.9  140.0  107.2  165.5  -50.1    nan  1.013  128.4  3.820  5.686   54.9   63.7
P  -48.8  -40.3  116.0 -178.7  -32.5    nan  0.980  106.9  3.832  5.329  -76.0  -89.4
E  -98.7   17.1  113.9 -179.9  -63.5    nan  1.062   88.4  3.818  4.997   21.1   52.7
I  -63.2  -31.3  113.6 -174.8 -161.5   72.7  1.093  101.5  3.776  5.991  124.5  142.2
L  -71.4  -23.1  109.9 -173.8  -63.7    nan  1.042   99.6  3.794  5.449   72.3   90.1
C  -60.2  -28.9  110.7  176.2  -53.9    nan  0.983  106.7  3.780  5.650   91.2   99.5
A  -70.5  -13.9  112.5 -176.3    nan    nan  1.064  103.7  3.820  5.330   70.0   90.4
T  -52.6  -43.2  108.6  176.9  -56.6 -179.4  0.954  105.6  3.812  5.832  113.9  115.2
C -107.7  -42.3  111.7 -178.0  -55.3    nan  1.059   62.5  3.788  4.779   14.8   39.6
H  -88.5   72.5  107.2 -179.0  -63.6    nan  0.958  106.9  3.796  5.153   44.3   57.9
H  -88.7  170.3  111.7 -171.8   53.5    nan  1.044   92.2  3.780  6.075  158.3  172.1
R   59.6   30.4  112.7  168.3  -63.0    nan  1.067  105.6  3.810  4.400   46.6   37.3
S -148.3  157.1  108.9  172.6   66.4    nan  1.052  148.2  3.810  5.518   44.7   58.9
P  -56.6  141.7  110.9 -176.7  -28.1    nan  0.946   75.7  3.792  5.240  -65.3  -78.1
L  -54.8  132.4  110.5  174.2  -57.7    nan  1.029   79.8  3.796  5.628  -95.2 -100.0
S -162.3  149.5  109.3 -167.2  171.4    nan  0.978  150.7  3.765  5.565  166.4  148.7
L  -80.0   -9.8  110.3  174.5  -71.5    nan  1.034   96.5  3.781  5.622 -113.8 -113.0
T -137.0   66.8  110.1 -176.6   45.8  -72.1  1.047   85.8  3.827  5.119   21.1   41.2
P  -69.3  162.6  111.6 -176.5   31.0    nan  0.934   76.4  3.788  6.047 -173.0 -179.9
P  -63.5  157.4  110.3  179.7    7.6    nan  0.939   73.0  3.779  5.304  -78.4  -81.2
K  -70.6  147.5  109.9  174.2  -65.7    nan  1.001   83.8  3.784  5.436  -97.2  -96.7
C  -49.2  -40.8  109.7  176.0  -48.0    nan  1.012  109.1  3.800  5.428  -74.9  -88.1
G  -75.3   -4.6  114.2 -175.1    nan    nan    nan  102.8  3.797    nan    nan   76.4
S  -73.9  -26.6  109.4  173.3 -151.4    nan  1.002   96.1  3.776    nan    nan  101.8
C -111.3  -24.0  112.1  177.4  -62.0    nan  1.023   61.7  3.802  5.191   26.3   49.5
H -104.2  113.1  107.7 -171.5  -76.3    nan  1.031  111.5  3.776  5.013   41.6   65.7
T  -80.7  163.1  111.4 -173.0   52.2  -62.5  1.026   87.2  3.801  6.062 -140.9 -142.4
K  -65.0  -40.0  112.6 -176.5 -168.8    nan  1.080   95.7  3.804  5.421  -79.3  -78.5
E -108.3  156.9  108.9  175.3  -63.8    nan  0.982  114.2  3.786  5.017   21.9   37.2
I  -50.9  132.6  109.3  176.3  -78.0  158.7  0.986   76.2  3.817  5.340  -67.1  -78.2
D -104.4  119.4  106.6  176.3  167.8    nan  1.066  111.3  3.783  5.877 -160.7 -153.6
A  -58.7  -22.6  110.9  177.1    nan    nan  1.083  111.2  3.763  5.719 -109.9 -125.3
A  -72.8  -23.6  112.7  177.3    nan    nan  1.066   97.1  3.835  5.617   74.0   89.7
D -134.5   63.7  108.9  177.9  -73.1    nan  0.982   84.1  3.801  5.010   11.1   27.0
P  -63.7  -14.5  116.8 -171.9   -9.1    nan  1.041  109.1  3.846  6.114  179.2 -172.0
G  -96.5    1.6  112.5  171.8    nan    nan    nan   84.1  3.811    nan    nan   71.5
R  -89.6  122.8  108.0  178.8 -165.6    nan  1.015  104.8  3.796    nan    nan   96.9
P  -61.0  155.9  111.4 -176.5    1.6    nan  0.927   71.8  3.823  5.771 -103.2 -116.5
N  -77.7  176.8  106.6  171.1   65.3    nan  1.036   78.7  3.735  5.549 -114.1 -106.3
L  -62.6  -37.6  111.2 -169.2 -174.8    nan  1.048   99.7  3.796  5.227  -55.1  -56.4
M  -68.3  -42.1  109.7 -176.1  176.0    nan  1.066   93.7  3.781  5.392   66.0   84.7
A  -69.6  -29.6  108.7 -179.2    nan    nan  1.019   98.9  3.754  5.335   63.6   76.1
A  -60.1  -53.5  109.5  178.8    nan    nan  1.044   93.6  3.822  5.533   81.2   95.0
Y  -57.6  -55.9  110.8  176.7  -69.0    nan  1.050   93.0  3.801  5.281   61.1   73.9
H  -57.2  -51.2  112.0 -175.3  -75.6    nan  1.066   95.4  3.796  5.205   63.7   79.3
L  -58.7  -38.7  112.2 -177.7  -65.5    nan  1.080  101.8  3.802  5.298   64.0   80.6
E  -73.4  -54.7  110.6 -178.0 -157.4    nan  1.022   83.7  3.813  5.369   63.9   77.6
C  -59.6  -53.2  110.5 -178.2  -43.8    nan  1.122   93.5  3.798  5.185   55.0   75.2
M  -72.8  -27.4  110.1 -175.6  -51.6    nan  1.015   96.4  3.818  5.284   56.5   66.4
G  -63.0  -48.2  111.0 -178.2    nan    nan    nan   93.7  3.768    nan    nan   97.2
C  -67.2  -43.4  111.2  179.0  173.5    nan  0.984   93.0  3.739    nan    nan   72.8
H  -51.0  -47.1  110.5  179.4  -71.6    nan  1.055  103.3  3.827  5.329   76.5   91.6
K  -66.3  -45.0  110.1  178.5  169.4    nan  1.045   93.5  3.780  5.352   60.8   73.4
G  -54.1  -40.1  114.0 -179.6    nan    nan    nan  103.7  3.770    nan    nan   88.8
M -111.0   29.3  110.9 -175.3   51.2    nan  1.141   81.4  3.773    nan    nan   44.0
A   52.0   53.6  112.6  172.3    nan    nan  1.010   97.0  3.806  5.482  -95.3 -110.7
V  -80.7  123.5  107.5  177.8  166.7  -70.5  1.020   99.1  3.801  6.096  145.3  151.0
A  -65.1  -47.4  112.6 -175.2    nan    nan  1.070   91.7  3.822  5.879 -114.3 -120.7
R -142.5  138.6  108.7  179.4  -57.2    nan  1.051  136.4  3.797  4.818  -22.5   -1.9
P  -75.2  140.2  115.0    3.8   23.3    nan  0.963   93.7  2.913  4.955   78.5   42.4
R  -72.2  168.5  106.8  166.3  -47.5    nan  0.967   75.9  3.783  5.691 -115.8 -123.0
D  -66.7  -15.6  111.3  178.0  -57.2    nan  1.035  106.9  3.795  5.264  -79.3  -76.0
T  -93.5   -0.7  112.7  177.3   50.7  -61.8  1.030   86.2  3.833  5.472   56.1   76.4
D  -90.8   62.1  107.9  178.0  -69.4    nan  1.026  105.4  3.824  5.671   74.4   91.9
C  -49.8  -53.0  111.9 -177.7  -36.3    nan  1.062   99.2  3.809  6.183 -165.6 -167.0
T  -68.5  -13.3  112.2 -171.7   48.3  -68.4  1.045  106.0  3.806  5.204   58.0   74.8
T  -70.7  -34.0  109.8 -179.4  -67.6  176.3  1.057   95.5  3.815  5.599   85.9  101.8
C  -92.5  -27.5  113.0  178.2  -69.8    nan  1.023   77.4  3.772  5.315   43.1   61.5
H -151.8  117.0  108.3  178.2   36.1    nan  1.037  122.1  3.781  4.827  -13.0    6.0
K  -70.6  152.9  109.9 -175.6  -61.9    nan  1.036   81.4  3.786  5.899 -126.0 -132.4
A  -57.8  143.7  109.3  176.4    nan    nan  0.994   74.7  3.788  5.426  -75.3  -88.5
A  -69.3  139.2  108.5 -179.6    nan    nan  1.008   85.8  3.809  5.538  -99.3 -109.1
A  -74.9    nan  109.4  179.2    nan    nan  1.065    nan  3.794  5.724 -116.6 -117.1
