Id   phi    psi    tau  omega    chi    chi2  solid    eta  CA-CA  CB-CB  BA^AB  NA^AC
A    nan  -34.0  112.4    nan    nan    nan  1.072    nan    nan    nan    nan    nan
A  -56.4  144.8  107.8 -178.9    nan    nan  1.005   72.2  3.824  5.556   87.9   96.3
L  -61.0  153.8  109.7  170.6  -62.0    nan  1.014   72.2  3.782  5.529  -92.6 -103.1
E  -60.5  136.0  110.4  173.6  169.1    nan  0.992   81.7  3.825  5.343  -83.0  -91.4
P  -71.9  148.1  111.7  176.6   25.2    nan  0.965   85.5  3.837  5.691 -112.1 -119.8
T  -79.7  153.7  111.4  175.1   57.9  -60.3  0.962   89.9  3.773  5.650 -108.8 -115.2
D  -68.4  -31.1  110.3  168.2  -69.0    nan  1.047   98.5  3.783  5.433 -100.8 -101.0
S  -68.2  -30.7  115.1 -174.8   64.7    nan  1.060   96.8  3.805  5.409   77.1   92.8
G   93.9   -5.4  111.7 -169.4    nan    nan    nan   88.1  3.818    nan    nan -112.2
A  -69.7  160.3  107.4  168.5    nan    nan  0.945   76.6  3.836    nan    nan  100.2
P  -64.7  144.2  106.8  177.9   15.6    nan  0.927   78.8  3.802  5.223  -80.9  -85.8
S  -60.8  -46.0  109.6 -178.9 -171.2    nan  0.975   97.3  3.827  5.672  -93.5  -97.5
A -136.6  142.6  106.6  176.3    nan    nan  1.034  134.1  3.831  4.873  -21.4    1.5
I -141.1  136.9  110.4 -176.7 -178.3   55.8  1.036  135.9  3.805  5.692 -172.8 -177.2
V  -83.7  129.1  109.0  173.2 -172.1  -47.4  0.992  100.5  3.767  5.693 -122.0 -132.9
M -106.2  123.6  107.9 -178.7  -60.8    nan  0.981  113.6  3.831  5.866 -149.1 -161.3
F -111.5  165.3  111.8 -174.7  -66.7    nan  0.996  116.3  3.797  5.872 -161.1 -165.3
P  -80.4   79.9  111.6  178.2   29.9    nan  0.966  112.8  3.807  5.219  -93.8  -93.8
V  -73.6  125.0  111.4 -174.8  169.9  -67.7  1.070   97.1  3.799  6.144  179.8 -173.9
G -164.4 -178.5  107.7  177.0    nan    nan    nan  163.9  3.784    nan    nan  134.1
E -103.9  -18.7  113.8  175.6  -46.0    nan  1.148   69.3  3.782    nan    nan  -94.5
K  -60.1  130.1  111.3  175.8  -37.0    nan  1.040   85.3  3.826  5.835   96.9  103.8
P  -56.3  141.9  111.5  176.4  -26.1    nan  0.940   75.6  3.836  5.597  -94.3 -111.1
N -142.6   61.3  107.7 -178.5 -170.7    nan  0.972   77.4  3.791  5.656  177.2  176.2
P  -64.2  -27.0  114.7 -170.7   29.0    nan  0.970  102.5  3.784  6.083  178.7 -174.1
K  -91.3    2.1  111.9 -179.3  -59.7    nan  1.053   89.5  3.812  5.211   43.6   71.0
G   58.5   45.6  113.3 -179.0    nan    nan    nan   97.1  3.810    nan    nan -123.1
A  -69.2  106.1  106.1  174.6    nan    nan  0.970   98.7  3.810    nan    nan  151.2
A -176.7  163.1  110.3 -169.2    nan    nan  0.937  164.0  3.794  5.424  122.4  108.4
M  -69.8  164.8  107.4  168.8  -59.3    nan  0.946   75.0  3.791  5.351  -88.5  -91.3
K  -57.4  140.7  107.3  165.4  -76.1    nan  0.922   75.0  3.803  5.110  -71.2  -79.8
P  -57.7  159.8  109.9  172.6  -23.1    nan  0.947   66.3  3.813  5.448  -96.3 -104.6
V -108.3  122.2  110.2 -177.1  172.3  -68.4  0.965  116.4  3.760  5.557 -125.0 -127.8
V  -92.0  115.3  109.1  171.5  178.6  -61.2  1.007  108.1  3.787  5.890 -154.2 -157.3
F -100.0  128.3  112.0 -178.0  175.7    nan  1.002  113.4  3.778  5.892 -158.4 -165.6
N  -93.4   90.3  107.5 -175.6 -169.7    nan  1.040  107.5  3.774  5.848 -145.6 -146.2
H  -65.1  -36.9  111.6 -176.2 -160.1    nan  1.024   97.8  3.774  6.116 -145.0 -154.3
L  -51.1  -54.1  112.2  177.5 -176.8    nan  1.039   97.5  3.811  5.472   84.6   96.3
I  -62.2  -43.3  110.0 -177.8  -81.2  152.2  1.006   97.6  3.802  5.105   60.6   74.0
H  -69.4  -42.2  113.2 -176.6  -74.6    nan  1.090   90.8  3.748  5.215   55.3   78.8
E  -72.0  -18.5  111.4 -177.1   71.4    nan  1.095  100.5  3.786  5.343   56.8   77.4
K  -74.8  -26.7  109.1  176.9  -72.5    nan  1.063   95.3  3.788  5.687   75.5   90.8
K  -96.5  -35.2  112.1 -173.2 -169.5    nan  1.050   72.1  3.801  5.222   49.1   70.7
I -104.4  109.8  107.2 -176.2  -53.8  178.3  1.016  110.7  3.804  5.053   30.2   50.8
A  -73.5  -26.5  115.2 -168.1    nan    nan  1.053   94.1  3.790  5.967 -133.3 -135.7
D -102.2  120.7  109.3 -171.1  179.9    nan  1.022  112.7  3.766  5.021   41.8   67.4
C  -60.8  -33.3  112.0 -177.8  -54.0    nan  1.005  103.2  3.807  5.933 -108.8 -120.6
E  -79.2   -9.2  111.7 -170.7  -90.3    nan  1.065   97.3  3.768  5.111   60.7   82.8
T  -57.3  -42.1  107.8  174.9  -67.6  173.8  0.998  103.2  3.785  5.860  108.6  113.5
C  -94.5  -51.4  111.8 -179.6  -64.3    nan  0.998   70.2  3.755  5.018   34.8   52.9
H  -80.5   73.6  106.8 -179.0  -62.8    nan  0.967  108.7  3.773  5.002   41.0   57.5
H  -65.6  -22.9  112.3 -160.8   66.1    nan  1.103  104.2  3.808  6.173 -174.2 -156.9
T  -83.3   -8.5  110.9  179.0   64.5  -57.4  1.061   93.6  3.804  5.560   63.6   80.6
G   96.2  -19.1  112.1 -176.7    nan    nan    nan   91.2  3.817    nan    nan  -96.6
D  -83.3  124.6  111.5 -176.0  -53.2    nan  0.998  103.5  3.824    nan    nan   87.3
P  -80.9   65.9  114.2  175.0   33.4    nan  0.949  115.8  3.835  5.743 -132.2 -140.8
V -132.3  164.0  109.8 -175.6  -65.7   55.2  0.984  135.7  3.835  5.841  104.7  114.6
S  -59.0  133.2  110.0  177.2   69.5    nan  1.041   82.0  3.812  5.206  -73.3  -76.9
C  -53.2  -36.8  110.5  175.8  -45.5    nan  0.984  108.2  3.799  5.584  -86.2 -107.0
S  -71.4   -8.4  113.6 -176.5   50.7    nan  1.054  105.1  3.819  5.344   66.2   83.2
T  -60.4  -25.1  110.3  170.0   58.0  -60.2  1.053  108.6  3.815  5.839  103.3  108.2
C -117.8  -33.9  114.2  178.9  -57.9    nan  1.069   53.9  3.851  5.153   24.7   44.7
H -105.6   85.8  111.1 -179.5  -62.0    nan  1.012  109.0  3.789  5.033   31.7   50.2
T  -90.3  170.6  107.6 -178.8   46.5  -73.4  0.961   93.1  3.820  6.163 -179.2  173.8
V  -54.4  -43.0  112.9 -178.6  174.4  -65.9  1.072  102.1  3.781  5.204  -62.1  -60.6
E  -91.6  -16.4  112.9 -178.1   68.2    nan  1.077   82.2  3.792  5.078   36.2   57.1
G   97.8  142.8  107.9  177.9    nan    nan    nan   85.7  3.794    nan    nan -105.2
K -150.5  157.9  109.2 -177.4   77.7    nan  1.051  150.1  3.827    nan    nan  170.2
A  -64.1  -25.0  111.3 -169.1    nan    nan  1.044  104.9  3.770  5.501  -75.7  -78.9
E  -64.6  -25.1  110.8 -177.2  -77.7    nan  1.038  104.6  3.792  5.571   83.1   99.4
G -105.5   22.6  111.5  179.3    nan    nan    nan   83.7  3.790    nan    nan   57.9
D   49.8   34.7  112.8 -172.6  -76.2    nan  1.104  111.2  3.780    nan    nan -107.0
Y   62.0   15.4  114.2  177.8  -65.6    nan  1.124  110.9  3.804  5.544  -85.6  -92.5
I  -71.9  122.6  106.3  171.3  -66.7  169.4  0.928   93.3  3.773  6.005  124.2  119.0
T  -80.4  168.2  114.3 -174.5   61.3  -53.7  1.057   85.4  3.821  5.963 -139.2 -132.0
L  -54.1  -47.2  110.4  172.7 -174.7    nan  1.005  101.0  3.782  5.037  -61.5  -69.4
D  -51.9  -50.5  111.3  177.1  168.2    nan  1.069   99.8  3.833  5.322   69.8   85.4
R  -66.1  -43.3  112.0 -177.7  179.1    nan  1.008   93.4  3.783  5.227   60.9   74.2
A  -65.5  -32.4  110.7 -174.1    nan    nan  0.999  100.2  3.789  5.196   67.3   83.9
M  -88.0  -27.9  113.7 -175.4  -60.5    nan  1.036   81.0  3.805  5.192   49.2   72.9
H -116.3   -5.6  117.3 -171.5  -46.7    nan  1.073   61.2  3.794  4.938   28.2   52.4
A  -52.7  130.5  112.3 -172.0    nan    nan  1.049   80.6  3.824  5.792  121.7  132.8
T -104.5  -20.0  110.6  179.8   52.8  -64.3  1.063   69.3  3.774  5.850 -153.9 -155.5
D -118.1   76.3  109.7 -172.6   51.0    nan  1.010  100.2  3.794  5.089   37.3   54.7
I  -95.6  119.5  112.0 -175.4  -56.8 -175.0  1.071  111.9  3.778  6.060  156.9  165.3
A  -68.3  137.4  113.2 -179.2    nan    nan  1.057   88.6  3.798  5.881 -120.8 -131.6
A  -66.2  124.5  109.8  175.8    nan    nan  1.078   91.6  3.804  5.656 -108.0 -116.1
R  -77.4  126.2  108.5 -179.7  -89.3    nan  1.009   96.9  3.800  5.862 -122.8 -136.5
A  -57.1  -38.4  110.9  178.8    nan    nan  1.036  103.9  3.824  5.769 -103.6 -115.8
K -123.0  132.9  112.3  179.8  -69.8    nan  1.025  127.1  3.799  4.849    8.1   26.7
G   79.7 -154.8  113.0  173.4    nan    nan    nan   90.1  3.815    nan    nan   13.9
N  -80.4  140.8  112.0 -173.0  -60.6    nan  1.081   96.0  3.804    nan    nan  -39.9
T  -97.2  115.9  106.5  165.9  -63.1 -179.7  0.984  108.0  3.758  5.648 -135.0 -148.3
P  -60.8  159.8  112.0  178.0  -29.7    nan  0.939   69.9  3.803  5.759 -114.3 -128.3
T -121.2  152.9  108.7  171.8   60.2  -57.5  1.012  125.8  3.765  5.630 -150.8 -145.7
S -109.0  171.4  108.4  167.9   72.6    nan  1.014  111.5  3.789  5.574 -141.8 -141.5
C  -58.1  -48.9  108.2  174.6  -45.8    nan  1.002   98.5  3.803  5.228  -60.8  -67.6
V  -68.6  -38.9  111.0 -172.7  172.1  -64.1  1.029   94.3  3.792  5.102   59.6   75.9
S  -69.8  -37.2  113.1 -174.4   87.5    nan  1.053   93.0  3.788  5.232   62.9   84.4
C  -69.4  -43.9  110.2  178.7 -179.2    nan  1.028   91.6  3.787  5.446   64.2   80.3
H  -58.7  -41.3  111.8  177.5  -70.2    nan  1.024  100.4  3.792  5.292   71.4   82.8
Q  -67.1  -36.5  108.9 -177.0 -164.5    nan  1.036   97.8  3.770  5.309   62.4   81.5
S  -55.7  -45.3  111.6  176.5 -169.5    nan  1.039  100.4  3.799  5.513   81.2   91.1
E  -52.8  -42.7  109.0  179.9  -67.7    nan  0.982  105.6  3.830  5.348   82.1   88.4
T  -66.8  -29.8  110.6 -176.2   70.1  -52.7  1.062  100.4  3.834  5.281   62.2   80.4
K  -93.4  -31.6  112.8 -175.4  -61.5    nan  0.989   75.3  3.825  5.237   55.5   69.3
E  -94.9   -8.0  115.4 -173.1  -66.0    nan  1.060   81.7  3.773  5.032   42.1   69.6
R -108.3  123.9  107.6 -176.7  -64.6    nan  0.983  114.4  3.821  5.342   56.5   72.2
R  -58.9  -37.4  111.7 -169.2  177.7    nan  1.061  102.6  3.798  5.857 -107.0 -110.4
E  -66.4  -21.5  114.1 -179.4   63.9    nan  1.118  103.6  3.800  5.425   63.9   85.3
C  -98.6  -31.5  109.7 -178.4  -47.3    nan  0.968   72.4  3.817  5.417   58.3   68.6
A  -74.9  -10.8  115.3 -166.1    nan    nan  1.043  100.3  3.828  5.182   72.4   93.2
G  -74.5  -62.6  110.8  174.9    nan    nan    nan   79.6  3.831    nan    nan   96.4
C  -57.9  -42.6  110.4  174.6  -72.1    nan  1.009  101.1  3.764    nan    nan   64.3
H  -76.4   -6.0  113.1 -172.6  -81.0    nan  1.120  101.2  3.816  5.140   48.2   76.1
A  -74.2  -23.5  111.5  166.8    nan    nan  1.045   96.3  3.796  5.874   86.1   94.9
I -123.7   -3.4  112.9 -174.3   61.8  -65.1  1.042   55.0  3.793  4.993   23.9   46.4
T  -62.4  152.4  112.5 -175.0   49.4  -69.7  1.049   75.3  3.808  5.880  111.5  123.7
T  -94.4  109.8  106.1  169.4  -62.6  178.1  0.941  106.7  3.804  5.477 -118.1 -129.1
P  -58.9  138.6  109.6 -172.2  -19.0    nan  0.909   78.6  3.791  5.813 -115.1 -126.4
K -130.3  107.2  110.7  175.0 -133.7    nan  1.045  116.7  3.766  5.701  175.9 -175.8
D -107.2   65.8  110.1  177.0  -85.5    nan  1.020  100.3  3.805  5.974  177.7  179.3
D  -96.2 -173.4  110.6 -172.3   47.0    nan  1.008   93.8  3.821  6.124  149.9  155.8
E  -57.0  -36.6  112.2 -175.5  -79.4    nan  1.014  104.4  3.787  5.034  -41.2  -42.3
A  -68.0  -28.5  113.5 -179.2    nan    nan  1.049   98.8  3.787  5.317   69.4   85.2
W  -64.6  -54.0  107.6  173.4 -172.2    nan  1.046   91.8  3.799  5.496   72.8   87.6
C  -55.4  -38.1  111.7  179.8  -43.7    nan  1.019  105.0  3.848  5.468   70.0   77.6
A  -73.0  -18.1  111.3 -169.3    nan    nan  1.074   99.8  3.824  5.152   64.6   85.2
T  -61.7  -34.1  108.4  178.1  -56.1 -175.0  0.988  103.7  3.789  5.723   96.8  103.8
C -101.4  -43.5  111.1  176.8  -58.9    nan  1.044   67.3  3.802  5.165   28.7   50.9
H  -79.3   79.6  108.5 -179.0  -66.5    nan  1.069  109.9  3.824  5.167   45.9   65.6
D -134.4   15.0  116.3 -151.6   64.9    nan  1.070   53.6  3.742  5.794  143.6  140.5
I  -50.5  146.9  118.8  179.0 -158.9   75.4  1.101   70.8  3.867  6.036  139.8  147.2
T  -57.2  140.7  111.8  168.8  174.5   57.4  1.039   77.2  3.802  5.387  -84.9 -102.5
P  -65.1   -8.1  112.8  176.7   21.4    nan  0.954  111.5  3.816  5.401  -93.9 -109.8
S  -78.4  -16.5  114.5 -178.8  -57.8    nan  1.040   94.4  3.821  5.457   76.2  100.8
M  -67.7  136.9  109.1  177.5  177.1    nan  0.983   86.0  3.790  5.657   87.7   99.8
T  -95.9  163.2  112.0  177.5   63.1  -52.1  0.997  101.9  3.804  5.775 -136.5 -141.4
P  -56.7  -36.7  112.3  177.5  -30.8    nan  0.927  104.5  3.812  5.076  -65.8  -74.4
S  -62.5  -40.0  110.9  178.6  170.6    nan  0.986   98.7  3.765  5.127   66.5   86.7
E  -69.6  -36.8  110.6  177.1  -79.0    nan  1.047   94.7  3.795  5.255   56.2   75.6
M  -62.2  -41.9  109.4  176.0  179.7    nan  1.012   98.7  3.796  5.416   72.9   84.4
Q  -62.2  -42.3  113.1  175.2  -65.0    nan  1.066   96.4  3.747  5.369   63.5   80.4
K  -67.2  -31.5  111.0 -178.9  -65.2    nan  1.070   99.0  3.788  5.350   62.0   80.0
G  -67.9  -38.3  113.9  176.9    nan    nan    nan   93.6  3.775    nan    nan   86.7
I  -62.4  -40.5  111.1  178.3  -66.4  169.9  1.060   98.4  3.770    nan    nan   85.8
A  -80.4  -10.6  114.1 -178.1    nan    nan  1.042   95.1  3.830  5.131   52.6   68.3
G   80.0   10.9  110.0  176.6    nan    nan    nan   96.1  3.815    nan    nan -117.6
T -102.7   -1.3  114.4 -175.7   59.0  -57.7  1.083   76.7  3.803    nan    nan   97.9
L  -63.1  137.5  106.5  178.2 -169.4    nan  0.964   80.7  3.777  5.867  114.4  117.7
L  -75.7  145.0  109.3 -180.0  -67.8    nan  1.033   88.9  3.799  5.762 -118.3 -118.9
P  -57.8  -31.2  110.8 -173.0  -12.3    nan  0.994  107.5  3.825  5.512  -81.2  -90.4
G  -61.5  -36.2  112.8  177.2    nan    nan    nan  100.6  3.817    nan    nan   91.7
D  -80.7  -35.4  107.1 -175.8  -68.8    nan  0.980   87.9  3.787    nan    nan   73.8
N  -60.1  -49.7  107.9  175.2 -165.0    nan  1.081   96.9  3.782  5.407   67.9   86.3
E  -51.3  -50.9  112.9  176.0  -62.7    nan  1.021   99.1  3.847  5.545   77.5   82.3
A  -59.8  -44.8  109.5 -175.3    nan    nan  0.981   98.8  3.777  5.109   71.6   81.2
L  -66.7  -42.6  108.5 -177.1  -71.7    nan  0.995   95.4  3.831  5.232   63.8   77.5
A  -62.5  -48.2  112.1 -179.9    nan    nan  1.078   93.3  3.788  5.282   64.9   82.1
A  -62.7  -41.4  112.1 -178.9    nan    nan  1.005   97.0  3.778  5.234   68.0   78.7
E  -61.0  -42.9  107.8 -177.6  178.9    nan  0.984   99.9  3.772  5.268   71.9   86.1
T  -64.3  -51.7  110.2 -177.4  -60.3 -177.0  1.032   91.4  3.758  5.222   64.1   81.4
V  -59.8  -44.6  110.6 -177.3  156.7  -77.2  1.043   98.3  3.820  5.260   63.4   78.4
L  -61.3  -30.8  110.9 -178.7  -68.2    nan  1.053  104.6  3.792  5.363   68.3   82.6
A  -88.0   -4.4  114.3 -178.8    nan    nan  1.104   90.2  3.821  5.262   49.1   71.3
E  -69.3  142.4  111.3  178.4  -61.3    nan  1.014   85.8  3.838  5.888  103.1  110.6
A -134.9  139.2  110.6  170.1    nan    nan  1.050  134.2  3.761  5.614  177.8 -175.8
T  -78.0  129.1  108.9 -176.9  -51.1 -170.5  0.986   96.6  3.799  5.631 -106.2 -121.7
V  -76.5  139.0  108.9  178.7  179.7  -59.2  1.049   91.8  3.803  5.882 -128.2 -129.9
A  -93.2  131.1  109.1 -179.0    nan    nan  1.004  106.4  3.779  5.753 -128.6 -133.4
P  -65.1  143.7  109.6  178.5   23.0    nan  0.929   80.8  3.831  5.629 -104.1 -117.8
V  -58.9  148.5  109.4  176.7   71.5 -167.9  0.960   73.0  3.793  5.595  -93.2  -99.1
S  -64.3  139.7  111.9  175.7  176.8    nan  0.959   83.5  3.788  5.474  -89.2 -100.1
P  -59.6  -17.0  112.2  171.8  -25.4    nan  0.969  112.9  3.814  5.415  -99.8 -108.8
M  -68.3  -17.8  113.1  175.6  -57.7    nan  1.030  103.9  3.821  5.610   78.0   97.8
L  -90.3    6.4  110.4 -178.8  -60.5    nan  1.011   92.0  3.776  5.350   62.3   80.5
A -126.2  167.8  107.5  179.5    nan    nan  0.993  129.0  3.844  5.408   46.3   64.6
P  -56.4  144.0  114.5 -171.6  -30.3    nan  0.996   75.9  3.845  5.243  -58.1  -60.6
Y  -67.2  -52.0  110.9  173.1  170.6    nan  0.995   88.8  3.781  5.618 -102.1 -110.6
K -135.2  160.0  109.7  168.8   74.5    nan  1.101  138.4  3.801  4.977  -33.8   -5.2
V -129.1  124.3  108.5  171.9 -175.8  -53.2  1.017  124.0  3.778  5.581 -148.2 -151.2
V  -88.1   98.8  106.5 -179.7  174.3  -63.9  1.024  106.0  3.767  5.838 -139.6 -147.8
I  -83.6  104.9  109.2 -177.0  -54.7 -178.9  1.019  106.6  3.788  6.111 -158.4 -164.4
D -131.9   15.1  112.2 -172.1   59.5    nan  1.068   55.1  3.775  5.865  156.5  155.8
A  -52.1  -40.6  112.1 -178.6    nan    nan  1.026  105.8  3.810  6.037  139.4  146.5
L -108.4    2.0  113.6 -171.2  -61.1    nan  1.018   72.4  3.783  4.802   26.9   47.9
A  -47.0  123.7  111.9 -166.2    nan    nan  1.103   81.3  3.833  5.836  127.9  149.4
D -159.8  -77.5  108.7 -174.0  175.8    nan  1.026   71.9  3.795  5.713  157.0  139.9
K  -76.9  -24.9  112.4  177.8  -62.0    nan  1.093   92.8  3.783  4.904   15.8   35.5
Y -121.4  165.1  111.8  175.0  -58.4    nan  1.046  125.8  3.797  5.242   19.5   39.2
E  -71.3  171.0  108.5  170.6  -98.3    nan  1.020   74.3  3.804  5.234  -85.2  -91.1
P  -61.6  159.1  111.9 -178.3  -29.4    nan  0.943   70.9  3.840  5.210  -59.6  -66.2
S  -90.0  115.1  108.4  170.7 -178.1    nan  1.002  106.6  3.755  5.520 -121.9 -114.3
D  -87.1   83.3  109.7 -177.5  -62.2    nan  0.964  109.9  3.809  6.019 -143.1 -152.1
F  -73.5  127.4  110.7 -168.7  175.6    nan  1.014   95.5  3.743  6.040 -168.8 -163.3
T  -80.9   69.2  109.7 -179.8   53.9  -60.1  1.045  111.5  3.788  5.888 -132.0 -136.8
H  -51.0  -56.4  112.6 -174.4 -165.3    nan  1.051   95.7  3.811  6.140 -158.0 -159.1
R  -67.0  -39.2  114.0 -177.9 -166.2    nan  1.086   93.8  3.828  5.197   46.6   68.7
R  -57.2  -43.6  109.3  177.6 -168.4    nan  0.984  101.5  3.817  5.475   80.8   88.4
H  -64.1  -56.4  110.5 -179.7  -91.4    nan  1.045   88.8  3.804  5.223   63.2   79.3
L  -66.5  -35.4  108.8 -172.8  173.7    nan  1.012   98.8  3.775  5.077   55.1   71.2
T  -62.6  -43.4  110.7 -178.2  -61.7 -174.3  1.025   96.9  3.822  5.502   73.3   89.9
S  -64.9  -44.0  111.1 -176.7  176.1    nan  1.030   94.5  3.791  5.226   65.6   81.8
L  -64.6  -39.2  110.4 -178.0  -70.1    nan  1.004   97.7  3.787  5.240   66.8   80.3
M  -68.7  -40.0  110.8  178.4  -80.3    nan  1.047   93.8  3.782  5.259   60.7   78.2
E  -63.0  -38.2  110.3 -172.9 -175.6    nan  1.049   99.5  3.789  5.412   73.1   89.9
S  -69.5  -10.8  112.8 -176.5  -64.4    nan  1.108  106.0  3.795  5.337   63.3   83.3
I -126.0   12.6  112.0 -177.7   62.0  -63.1  1.036   59.5  3.849  5.282   36.2   53.0
K  -61.5  -25.3  113.0 -169.0   76.4    nan  1.073  106.5  3.792  5.891  125.1  143.4
D -115.7   11.9  113.6  179.7  -62.9    nan  1.042   69.5  3.783  5.098   25.7   49.9
D  -78.2  118.1  112.6 -177.8 -171.5    nan  1.070  103.6  3.801  5.832  100.1  120.4
K  -67.3  -33.7  113.9 -173.0  -65.4    nan  1.045   96.5  3.783  5.880 -116.0 -128.8
L  -69.6  -49.6  110.1  177.9  177.7    nan  1.028   88.9  3.812  5.357   67.3   82.6
A  -57.6  -48.0  112.0  175.2    nan    nan  1.022   97.1  3.811  5.318   63.6   76.9
Q  -55.0  -39.4  113.3  179.7  -74.3    nan  1.057  103.7  3.809  5.349   69.7   85.0
A  -70.4  -38.5  113.7 -179.8    nan    nan  1.013   91.5  3.826  5.307   66.8   79.5
F  -93.0  -18.8  113.8 -177.5  -75.5    nan  1.079   79.7  3.826  5.074   34.0   61.0
H  -85.0   78.7  105.2  171.8  -65.4    nan  0.959  105.8  3.814  5.574   65.2   75.7
D -115.3   24.9  115.5 -159.7   57.4    nan  1.093   77.1  3.734  5.826  140.7  160.9
K -130.9  145.8  106.0  164.1  -65.9    nan  0.987  131.2  3.790  5.746   57.7   64.6
P  -60.8  -32.4  112.3 -174.2  -30.7    nan  0.967  103.6  3.823  5.453  -83.8  -91.4
E  -99.2   13.0  113.6 -178.3  -75.7    nan  1.048   86.1  3.804  5.148   29.3   60.5
I  -61.6  -37.2  114.1 -170.0 -161.6   75.5  1.122   99.3  3.757  5.913  121.6  143.8
L  -64.3  -19.6  113.4 -180.0  -57.7    nan  1.061  106.8  3.800  5.481   74.0   87.2
C  -68.0  -27.6  108.4  179.7  -55.1    nan  0.944  101.3  3.779  5.653   90.9   98.2
A  -69.9  -12.0  112.6 -178.5    nan    nan  1.046  105.2  3.824  5.372   71.4   90.6
T  -52.6  -42.8  107.7  178.3  -56.9 -177.3  0.969  106.4  3.809  5.840  115.3  117.8
C -108.3  -42.8  110.5 -178.4  -56.1    nan  1.051   62.8  3.830  4.817   16.8   38.5
H  -86.5   71.8  108.8  178.3  -59.8    nan  0.997  108.9  3.788  5.185   41.0   57.4
H  -87.4  164.8  111.9 -173.7   54.0    nan  1.044   93.1  3.782  6.092  163.1  169.6
R   61.5   27.6  111.5  168.1  -53.7    nan  1.111  105.9  3.801  4.469   42.4   32.2
S -146.5  156.3  111.3  171.9   79.5    nan  1.116  147.6  3.796  5.509   44.2   59.3
P  -56.0  143.3  111.7 -174.5  -33.2    nan  0.956   74.6  3.817  5.295  -61.4  -76.7
L  -55.7  133.4  109.2  174.3  -62.5    nan  1.008   79.0  3.774  5.622  -92.5  -98.7
S -160.8  152.4  112.8 -172.1 -176.0    nan  0.944  153.6  3.747  5.505  168.7  149.6
L  -82.6  -14.4  109.0  174.1  -66.1    nan  1.002   92.5  3.789  5.626 -116.1 -113.8
T -131.2   71.1  110.9  176.9   40.9  -71.7  1.015   92.3  3.806  5.124   19.6   40.7
P  -68.2  161.1  111.5 -174.2   27.8    nan  0.927   76.0  3.791  6.048 -168.6 -173.2
P  -64.5  157.3  110.7  177.7   20.4    nan  0.949   74.1  3.817  5.338  -84.6  -84.2
K  -75.7  152.2  110.4 -179.7  -71.4    nan  1.003   86.6  3.796  5.544  -99.0  -98.3
C  -53.1  -38.6  109.3 -177.3  -52.3    nan  0.998  107.7  3.820  5.428  -71.2  -81.9
G  -73.4   -4.3  112.7 -173.7    nan    nan    nan  104.8  3.788    nan    nan   80.2
S  -76.6  -29.5  107.8  173.7  -80.0    nan  1.005   93.2  3.809    nan    nan   99.1
C -109.5  -22.3  114.0  179.5  -64.5    nan  1.043   63.0  3.798  5.141   30.7   50.5
H -109.3  106.4  109.4 -178.1  -69.3    nan  1.003  113.2  3.789  5.119   40.4   57.8
T  -71.8  153.5  110.6 -174.0   56.2  -64.2  1.022   82.5  3.765  5.989 -139.5 -144.0
K  -63.4  -42.3  111.6  176.5  155.5    nan  1.036   96.2  3.829  5.560  -88.2  -91.4
E  -94.0  177.6  113.4  177.3  -56.6    nan  0.981   95.0  3.814  5.108   35.7   51.7
I  -50.1  133.0  110.4  176.3  176.3   49.0  1.026   76.0  3.776  4.940  -51.2  -52.4
D -127.5   82.3  110.0  176.9 -174.1    nan  1.034  100.7  3.808  5.737 -173.4  179.8
A  -68.3  -15.8  113.1 -177.7    nan    nan  1.058  104.8  3.801  6.097 -163.8 -165.3
A  -76.2  -15.7  110.2  175.3    nan    nan  1.070   97.9  3.804  5.635   71.3   91.1
D -126.7   66.2  108.8  178.4  -68.5    nan  0.997   89.7  3.823  5.245   26.1   42.9
P  -52.8  -30.9  114.4 -171.9  -21.9    nan  0.979  110.4  3.810  6.054 -160.1 -160.5
G  -80.4  -12.4  115.7 -178.0    nan    nan    nan   94.1  3.822    nan    nan   79.5
R  -94.1  122.4  110.5 -179.2  -62.1    nan  1.013  109.4  3.811    nan    nan   81.2
P  -64.9  148.7  110.7  174.1   11.4    nan  0.932   78.7  3.773  5.525 -111.9 -131.0
N  -66.9  168.0  109.9  172.0   68.2    nan  1.040   71.4  3.798  5.659 -104.8 -103.4
L  -60.9  -40.3  112.3 -165.8 -175.3    nan  1.078   99.0  3.800  5.333  -62.8  -62.8
M  -60.5  -46.0  111.6  179.7 -173.7    nan  0.993   96.4  3.824  5.556   80.5   86.7
A  -66.2  -33.3  109.0 -177.2    nan    nan  1.005  100.0  3.771  5.068   62.5   77.5
A  -60.0  -49.3  109.9  177.9    nan    nan  1.053   95.9  3.802  5.459   74.9   91.2
Y  -64.5  -49.2  108.5 -178.9  -74.6    nan  0.954   93.7  3.819  5.346   67.0   74.3
H  -58.1  -48.0  111.3 -178.3  -79.9    nan  1.021   97.2  3.820  5.168   66.0   81.3
L  -66.5  -37.9  110.8 -175.2  -71.8    nan  1.022   96.5  3.782  5.208   59.7   77.8
E  -76.1  -49.7  111.0 -175.9 -169.5    nan  1.053   83.7  3.783  5.246   55.2   77.6
C  -61.2  -52.0  110.1 -179.6  -51.6    nan  1.027   93.4  3.814  5.349   64.6   77.2
M  -70.8  -26.2  112.0 -178.1  -61.8    nan  1.033   98.0  3.823  5.208   54.1   67.6
G  -64.1  -44.8  110.8 -179.5    nan    nan    nan   94.9  3.799    nan    nan   96.4
C  -70.7  -39.5  112.1  176.6  174.5    nan  1.006   91.7  3.790    nan    nan   70.8
H  -58.2  -42.4  109.4 -178.1  -76.6    nan  1.001  101.5  3.793  5.328   77.6   90.7
K  -67.0  -46.2  109.7  177.1 -175.6    nan  1.036   92.7  3.815  5.302   58.8   75.4
G  -53.0  -40.4  112.6 -177.7    nan    nan    nan  105.0  3.828    nan    nan   89.5
M -113.8   24.7  111.9 -176.0   59.8    nan  1.148   77.1  3.791    nan    nan   39.5
A   48.9   54.2  112.6  173.6    nan    nan  1.104   98.6  3.805  5.703 -111.4 -116.5
V  -71.0  127.7  108.4  178.9  164.9  -73.9  1.002   92.1  3.797  6.178  166.4  161.6
A  -74.8  -32.1  113.7 -175.1    nan    nan  1.051   90.9  3.782  5.846 -121.7 -124.6
R -149.0  126.7  110.5 -176.1 -176.2    nan  0.979  131.0  3.818  4.724   -5.8    8.1
P  -80.6  147.0  115.4    2.2   34.0    nan  0.962   95.3  2.956  5.202   54.7   29.2
R  -74.5  160.4  108.4  168.3  -75.4    nan  0.994   81.3  3.751  5.604 -112.6 -118.5
D  -66.2  -21.0  111.8 -179.5  -70.1    nan  1.021  104.8  3.779  5.362  -80.4  -84.7
T  -90.5   -5.4  113.5 -179.0   42.8  -75.4  0.985   87.4  3.830  5.331   62.6   77.1
D  -82.2  108.7  108.0  173.5  179.9    nan  1.032  104.3  3.795  5.508   72.5   92.1
C  -98.8    5.2  115.0 -174.8  -56.8    nan  1.035   83.4  3.800  6.023 -163.7 -165.2
T -119.5  -19.5  114.7  178.2   56.8  -61.7  1.148   54.2  3.807  5.395   43.9   71.6
T  -64.8  -36.5  112.6 -178.6  -71.5  173.0  1.125   97.8  3.824  5.693   87.8  104.0
C  -81.1  -16.0  113.5  174.3  -64.9    nan  1.036   92.3  3.795  5.491   52.7   67.7
H -166.2  111.1  108.6 -174.2   36.6    nan  1.059  114.9  3.852  4.839  -10.8    4.4
K  -57.0  142.0  111.8 -179.9 -171.5    nan  1.015   76.3  3.832  5.786 -113.3 -130.3
A  -57.9  138.6  110.3  176.0    nan    nan  1.021   78.2  3.818  5.641  -90.5 -102.1
A  -72.4  156.4  109.9 -178.8    nan    nan  1.006   81.5  3.797  5.638 -106.9 -115.0
A  -57.1    nan  109.7  179.0    nan    nan  1.045    nan  3.792  5.381  -78.0  -82.6
