Id   phi    psi    tau  omega    chi    chi2  solid    eta  CA-CA  CB-CB  BA^AB  NA^AC
V    nan  115.3  108.7    nan -157.8  -30.3  1.062    nan    nan    nan    nan    nan
L  -76.5  125.6  111.8 -178.5  -58.1    nan  1.103   99.1  3.799  5.898 -136.9 -143.2
S  -83.0  172.9  105.4  175.9   74.7    nan  0.965   84.9  3.799  5.862 -125.4 -146.0
P  -64.8  -37.0  107.9  178.4  -15.9    nan  0.981  100.0  3.819  5.151  -71.3  -70.4
A  -59.3  -44.4  109.6  179.5    nan    nan  1.043   99.4  3.799  5.386   68.8   88.9
D  -60.7  -48.8  110.0 -179.5  -72.0    nan  1.026   95.6  3.780  5.361   70.6   82.2
K  -58.8  -40.6  109.8 -175.1  -29.1    nan  1.136  101.8  3.760  5.170   61.1   83.5
T  -56.7  -51.9  110.9  176.1  -74.7  163.0  1.058   96.0  3.826  5.496   75.9   85.3
N  -55.2  -49.9  111.9  177.7  -71.5    nan  1.059   97.7  3.816  5.245   64.0   78.8
V  -62.4  -46.3  113.7 -177.0  166.5  -69.3  1.123   93.6  3.799  5.264   55.9   79.2
K  -58.8  -43.4  107.5 -177.1  -70.6    nan  1.042  101.5  3.792  5.314   70.5   84.4
A  -61.4  -48.8  114.4  179.5    nan    nan  1.063   92.5  3.789  5.231   64.1   81.2
A  -72.7  -34.9  110.6 -177.0    nan    nan  1.048   93.0  3.785  5.159   50.5   70.5
W  -75.0  -21.6  111.7 -174.8 -163.0    nan  1.088   96.3  3.765  5.219   58.1   82.0
G  -62.8  -48.7  110.6  177.3    nan    nan    nan   93.9  3.750    nan    nan   97.8
K  -70.9  -25.7  111.0 -179.8  -34.9    nan  1.115   98.5  3.852    nan    nan   68.1
V  -64.2  -48.9  106.1  177.8  173.5  -61.5  1.008   95.6  3.805  5.583   86.3   93.1
G   41.9 -119.2  113.8 -179.0    nan    nan    nan   82.6  3.734    nan    nan  173.9
A  -63.0  -19.9  113.8 -176.4    nan    nan  1.027  107.7  3.724    nan    nan   17.5
H  -85.2   -2.1  114.1 -179.0  -73.8    nan  1.031   93.9  3.807  5.446   61.9   82.9
A  -42.8  -59.9  114.4 -177.6    nan    nan  1.105   97.2  3.802  5.830  127.0  140.6
G  -56.6  -34.4  114.7 -177.9    nan    nan    nan  104.9  3.828    nan    nan   75.1
E  -69.5  -44.6  110.3  177.4 -165.3    nan  0.988   91.2  3.837    nan    nan   81.1
Y  -64.5  -40.9  109.3  177.5  -68.2    nan  1.031   97.5  3.819  5.156   61.3   75.6
G  -53.1  -57.8  110.0  177.1    nan    nan    nan   95.1  3.786    nan    nan   89.3
A  -63.6  -33.6  110.3  179.3    nan    nan  1.066  101.4  3.798    nan    nan   66.4
E  -64.0  -48.4  109.9 -179.8 -172.9    nan  1.029   93.5  3.835  5.637   80.3   88.9
A  -56.3  -45.1  110.9  177.8    nan    nan  1.032  100.5  3.806  5.133   73.6   80.2
L  -61.7  -44.4  109.6  180.0  -78.8    nan  1.022   97.6  3.852  5.291   66.5   79.9
E  -62.6  -46.5  112.1  178.7  166.6    nan  1.047   94.3  3.792  5.275   63.3   79.5
R  -58.5  -42.9  108.3  177.4  -71.6    nan  1.019  101.6  3.814  5.315   68.9   80.0
M  -59.8  -53.6  110.7  178.8 -173.8    nan  1.080   93.1  3.853  5.394   67.7   82.6
F  -60.5  -33.4  111.6 -176.0  -61.8    nan  1.086  103.6  3.803  5.225   62.7   77.3
L  -82.2  -39.1  111.9 -177.5  -78.2    nan  1.045   82.7  3.765  5.242   56.3   74.9
S  -78.7  -37.1  111.7 -177.0  -79.8    nan  1.024   86.4  3.793  5.149   53.6   72.4
F -133.0   78.7  107.3 -174.2  -55.8    nan  0.929   94.6  3.836  4.772    6.6   21.1
P  -52.4  -25.9  116.8 -176.3  -25.7    nan  1.007  113.1  3.802  6.083 -151.6 -151.8
T  -63.5  -26.2  112.6 -178.5   62.3  -62.6  1.117  104.4  3.803  5.423   73.0   99.3
T  -65.5  -21.4  110.5  179.3   60.3  -59.2  1.038  105.7  3.781  5.609   79.6   94.1
K  -70.3  -12.4  108.4 -178.9  -56.1    nan  1.033  105.3  3.826  5.711   79.0   94.6
T  -66.7  -17.1  110.6 -178.8   70.1  -54.7  1.121  106.5  3.804  5.726   89.9  107.2
Y  -91.0   -5.2  113.3 -179.0  -61.6    nan  1.111   86.9  3.806  5.557   61.8   79.7
F -133.0   53.8  109.3 -178.5  -59.2    nan  1.047   77.9  3.825  5.211   32.4   48.7
P  -67.8  -22.7  110.1  179.5   30.2    nan  0.971  103.1  3.795  6.076  165.8  166.4
H  -90.6    9.6  113.9 -177.5   57.0    nan  1.062   93.3  3.812  5.291   47.5   76.3
F -109.7  147.7  112.2 -177.2  -88.6    nan  1.064  118.4  3.796  5.601   69.2   86.6
D  -82.9  109.6   98.4  173.1  164.3    nan  0.947   95.5  3.761  5.429 -110.8 -125.5
L  -96.1   14.0  111.7 -175.8  -74.4    nan  1.126   89.2  3.829  6.058 -174.6 -159.3
S  -74.1  158.6  110.5 -179.4   58.1    nan  1.111   82.5  3.788  5.981  105.3  124.4
H  -54.5  126.6  107.5  179.6  166.4    nan  1.070   81.3  3.798  5.364  -64.6  -79.8
G   73.5   11.6  113.9  179.4    nan    nan    nan  101.5  3.785    nan    nan    6.3
S  -48.6  141.1  104.9  179.4  119.3    nan  0.992   66.9  3.778    nan    nan  143.6
A  -69.0  -33.5  108.4  177.7    nan    nan  1.015   97.8  3.807  5.667 -103.5 -111.1
Q  -58.7  -41.4  110.5 -179.8 -102.7    nan  1.076  101.0  3.805  5.504   77.3   93.7
V  -72.9  -38.1  109.0 -179.6  170.3  -63.4  1.045   92.3  3.805  5.285   59.9   73.1
K  -65.1  -41.9  108.2 -179.6  -65.1    nan  0.987   97.1  3.778  5.391   73.6   83.3
G  -67.7  -47.3  110.4 -177.6    nan    nan    nan   91.2  3.784    nan    nan   78.9
H  -59.3  -46.5  109.6  179.3 -173.4    nan  1.149   98.1  3.757    nan    nan   80.2
G  -58.9  -27.9  111.8 -177.5    nan    nan    nan  107.9  3.807    nan    nan   83.8
K  -73.6  -41.8  109.6 -179.6 -171.8    nan  1.057   89.7  3.814    nan    nan   85.7
K  -58.9  -46.8  110.6  177.8  -56.9    nan  1.016   97.7  3.806  5.456   70.1   83.9
V  -61.5  -45.7  108.7  178.8  175.2  -62.7  1.120   97.6  3.793  5.220   57.9   77.6
A  -63.7  -37.2  112.8  179.6    nan    nan  1.076   98.2  3.862  5.477   64.5   78.3
D  -62.8  -41.8  111.4  179.6  -77.7    nan  1.108   97.1  3.804  5.417   65.3   86.9
A  -63.9  -41.4  110.5  179.1    nan    nan  1.084   97.0  3.817  5.436   65.1   81.1
L  -61.4  -48.1  108.1  178.2  -70.1    nan  1.107   96.7  3.798  5.367   62.5   82.0
T  -55.9  -47.4  109.7  179.1  -64.9  174.3  1.017  100.0  3.838  5.531   71.5   81.9
N  -56.0  -41.9  109.2  177.1 -179.0    nan  1.052  103.5  3.790  5.299   63.4   80.9
A  -66.2  -32.7  113.2 -179.1    nan    nan  1.071   98.3  3.844  5.465   63.6   80.4
V  -72.4  -41.8  109.3  179.0  173.5  -61.5  1.058   90.9  3.837  5.459   66.0   81.2
A  -58.2  -40.4  111.2  177.9    nan    nan  1.073  101.7  3.815  5.397   69.8   84.9
H -108.7   38.2  113.3  179.3  -60.6    nan  1.016   88.9  3.844  5.153   22.9   40.1
V  -50.1  -26.8  112.7 -177.1   67.3 -167.5  1.139  116.1  3.796  6.122  157.0  170.8
D  -87.8   -7.4  111.6 -177.5  -74.5    nan  1.174   89.5  3.802  5.419   48.0   75.3
D -149.6   56.1  111.9  177.0 -173.3    nan  1.154   71.1  3.765  5.121    5.9   27.4
M  -58.0  -46.1  112.1  179.1  -63.2    nan  1.088   98.0  3.796  6.207 -178.0  176.4
P  -45.4  -53.8  112.5 -179.1  -28.9    nan  1.034  101.3  3.814  5.335   83.3   96.2
N  -74.6  -43.3  109.9 -179.4  -78.2    nan  1.171   88.2  3.781  5.103   26.7   61.5
A  -60.7  -31.1  113.0 -179.0    nan    nan  1.081  104.1  3.801  5.523   69.6   84.6
L -103.8    3.7  114.8 -177.8  -65.0    nan  1.075   77.8  3.843  5.139   31.7   56.3
S  -44.0  -50.4  118.3 -176.6 -157.3    nan  1.187  101.8  3.826  5.950  125.3  146.3
A  -65.2  -32.3  110.4  179.6    nan    nan  1.070  100.7  3.825  5.441   63.5   73.9
L  -73.5  -38.9  108.2 -178.2 -102.0    nan  1.075   91.9  3.774  5.342   64.3   82.0
S  -66.4  -30.2  110.3  178.8   43.9    nan  1.080  100.8  3.825  5.549   64.9   80.8
D  -65.3  -51.1  108.8  178.8  -82.7    nan  1.032   92.0  3.823  5.541   79.4   89.1
L  -59.1  -41.7  114.5 -178.1 -178.2    nan  1.075   98.5  3.767  5.118   63.0   79.5
H  -69.2  -47.4  109.5 -179.3  -74.5    nan  1.161   90.6  3.795  5.285   50.8   77.6
A  -66.9  -41.3  112.6  179.8    nan    nan  1.041   93.5  3.820  5.519   66.6   73.2
H -103.7  -22.0  117.2 -172.3  -56.4    nan  1.163   67.3  3.789  4.878   24.0   53.7
K -112.0  -70.3  112.6  179.3 -126.0    nan  1.052   62.5  3.746  5.260   38.9   55.0
L  -59.5  -47.0  113.3 -174.2  -42.6    nan  1.152   95.5  3.795  4.830   39.8   65.8
R   52.3   50.0  114.7  179.4  -73.6    nan  1.082   98.0  3.780  5.553  179.4 -174.9
V  -71.9  126.8  110.1  175.8  175.0  -59.1  0.974   94.3  3.842  6.205  157.8  153.2
D  -57.3  133.5  108.2  178.1 -171.2    nan  0.955   79.6  3.837  5.816 -101.6 -115.2
P  -49.0  -29.7  116.3  178.5  -37.3    nan  1.014  113.8  3.801  5.404  -91.6  -99.6
V  -58.8  -33.3  110.7  179.0  -47.4   75.2  1.087  105.4  3.856  5.732   77.5   97.6
N  -57.3  -32.8  116.0 -178.9  -57.5    nan  1.128  104.7  3.856  5.517   82.9   97.9
F  -58.3  -38.6  108.0  179.8  -68.2    nan  1.105  104.3  3.832  5.633   78.6   95.0
K  -68.5  -32.5  109.3 -179.2   84.7    nan  1.165   98.3  3.794  5.372   56.8   80.0
L  -67.2  -43.4  112.2  177.7  -53.9    nan  1.119   92.4  3.833  5.629   66.1   85.2
L  -70.8  -41.3  110.0  179.6  179.0    nan  1.080   91.9  3.820  5.404   55.1   73.3
S  -58.0  -43.1  108.8  179.5  -54.1    nan  1.095  101.6  3.800  5.466   70.1   86.6
H  -60.7  -48.4  109.2 -179.2  171.1    nan  1.092   96.3  3.843  5.540   68.5   83.2
C  -65.8  -26.3  112.9 -179.3  -66.9    nan  1.101  102.2  3.806  5.288   58.9   74.3
L  -73.0  -41.8  107.4  175.8  -81.1    nan  1.011   91.6  3.841  5.659   73.8   83.3
L  -61.9  -38.7  107.6  178.6  -67.3    nan  1.034  101.6  3.823  5.423   69.1   81.1
V  -61.4  -46.0  108.2 -177.1  168.1  -70.0  1.152   97.7  3.833  5.488   64.9   87.7
T  -57.7  -48.0  113.2  179.3  -58.7 -178.0  1.116   96.3  3.811  5.434   68.6   82.5
L  -62.9  -47.6  108.5  179.8  -96.6    nan  1.089   95.6  3.803  5.303   57.8   76.1
A  -57.5  -47.0  111.1  177.9    nan    nan  1.055   98.3  3.801  5.422   68.4   80.1
A  -70.4  -13.4  113.8 -176.2    nan    nan  1.078  103.8  3.844  5.225   56.4   74.1
H -117.3  -12.4  112.9 -179.1  -73.7    nan  1.060   58.5  3.823  5.326   40.1   56.9
L -136.2   63.2  110.7 -176.3  -53.4    nan  1.022   83.9  3.880  5.043   27.2   40.4
P  -55.2  -49.1  113.0 -178.4   18.5    nan  1.085   97.5  3.793  6.062 -177.3 -171.8
A  -65.6  -39.3  112.9 -179.5    nan    nan  1.029   95.5  3.816  5.265   57.1   74.6
E  -81.2  -28.2  116.6 -178.4  -73.7    nan  1.076   85.8  3.812  5.103   48.4   70.4
F  -81.4   65.7  114.7 -177.1 -158.4    nan  1.143  115.9  3.843  5.334   56.2   81.8
T  -82.5  169.3  109.1  177.3   64.1  -55.0  1.011   86.1  3.778  6.130  168.5  158.9
P  -55.8  -47.0  111.5 -178.8  -30.8    nan  1.008   99.3  3.796  5.221  -62.5  -64.3
A  -63.0  -35.8  112.4 -177.7    nan    nan  1.016   99.8  3.802  5.131   59.6   79.9
V  -77.5  -38.8  108.6 -178.0  165.2  -69.4  1.056   88.5  3.819  5.258   51.2   75.5
H  -55.3  -51.8  106.5  176.7  179.8    nan  0.958   99.7  3.813  5.450   80.6   88.2
A  -57.9  -40.9  111.3  179.9    nan    nan  1.102  101.6  3.831  5.064   53.5   76.6
S  -66.7  -46.1  111.9  179.9  -74.6    nan  1.030   91.6  3.828  5.467   65.2   79.9
L  -63.1  -44.2  109.6 -179.1  -75.5    nan  1.074   96.6  3.777  5.102   58.5   78.8
D  -55.6  -48.8  108.6  179.0 -163.9    nan  1.036  100.0  3.818  5.525   73.7   85.5
K  -64.9  -35.6  112.1 -179.2  -60.9    nan  1.055   98.4  3.830  5.256   62.0   74.2
F  -66.4  -47.2  111.2 -178.0  163.6    nan  1.145   91.6  3.810  5.281   63.3   86.9
L  -64.7  -37.9  110.4  179.9  -60.5    nan  1.149   98.3  3.828  5.384   53.2   75.2
A  -63.4  -35.8  108.2  175.7    nan    nan  1.019  101.5  3.799  5.534   72.6   81.4
S  -74.6  -41.9  110.3 -179.1  -45.4    nan  1.092   88.5  3.829  5.476   55.9   77.3
V  -59.6  -40.0  106.7  178.3  179.4  -56.5  1.029  103.2  3.739  5.435   76.4   83.4
S  -61.6  -43.5  111.1 -176.4  -66.3    nan  1.088   97.3  3.796  5.411   68.7   87.4
T  -61.1  -39.4  109.5  179.3  -62.3  176.7  1.038  100.8  3.799  5.374   69.0   81.7
V  -64.3  -47.0  111.5  179.3  171.7  -64.2  1.142   93.1  3.793  5.403   57.3   83.0
L  -62.4  -26.2  113.3 -177.6  -73.1    nan  1.103  105.1  3.794  5.312   61.4   80.8
T -112.3   11.6  108.4 -177.4   58.8  -63.7  1.014   71.8  3.823  5.310   30.3   52.3
S  -63.2  -25.7  113.7 -177.8   60.6    nan  1.082  104.5  3.817  6.005  117.7  134.3
K -106.0   20.0  115.9 -178.4  -54.5    nan  1.076   83.4  3.831  5.124   38.7   58.9
Y  -61.4  -39.4  115.6 -179.8  -90.0    nan  1.139   97.5  3.807  5.960  123.6  141.9
R -162.0    nan  111.9 -179.2   60.0    nan  1.081    nan  3.790  4.797  -33.4  -14.2
