Id   phi    psi    tau  omega    chi    chi2  solid    eta  CA-CA  CB-CB  BA^AB  NA^AC
M    nan -178.6  108.3    nan -132.6    nan  1.029    nan    nan    nan    nan    nan
H  -78.0   53.3  113.8  178.6 -154.9    nan  1.267  116.1  3.772  5.488  -93.2  -70.4
L -116.2  138.4  107.5  177.1  -15.5    nan  1.037  120.6  3.779  6.047  130.9  113.6
T  -67.2  159.1  106.9  176.0   79.1  -45.2  1.027   74.5  3.793  5.634 -102.2 -114.6
P  -57.8  -30.7  110.6 -178.9   22.8    nan  1.074  107.9  3.768  5.268  -78.7  -78.3
E  -69.6  -40.2  107.7 -179.0  -40.4    nan  1.016   94.7  3.801  5.642   68.9   86.3
E  -67.4  -40.2  111.1 -179.9  -67.1    nan  1.052   94.5  3.778  5.249   67.2   79.2
K  -59.7  -43.5  109.3 -178.0 -115.7    nan  1.070   99.8  3.774  5.337   73.0   88.2
S  -68.3  -44.2  113.2 -178.7  -35.6    nan  1.088   90.7  3.784  5.244   59.0   77.5
A  -53.6  -47.4  109.7  179.3    nan    nan  1.074  101.6  3.797  5.400   73.2   88.6
V  -56.9  -51.1  112.6  177.9  170.7  -68.2  1.062   95.3  3.831  5.365   69.9   81.0
T  -65.6  -48.2  110.4 -176.9  -73.9  162.0  0.997   92.2  3.749  5.072   60.9   74.3
A  -54.8  -43.4  111.0 -178.1    nan    nan  1.120  102.5  3.716  5.201   61.5   85.9
L  -72.3  -36.9  111.1 -177.1 -174.6    nan  1.091   92.2  3.815  5.352   55.2   75.1
W  -59.6  -33.0  112.2 -174.3 -163.4    nan  1.162  104.3  3.769  5.439   69.7   95.2
G  -57.0  -26.2  113.0  178.2    nan    nan    nan  110.1  3.786    nan    nan   95.0
K  -95.0    3.4  112.4 -179.6  -45.9    nan  1.062   86.3  3.805    nan    nan   67.3
V  -90.7  133.6  111.4 -178.8  164.5  -67.8  1.080  105.8  3.809  5.571   79.3   99.6
N  -87.1   86.2  108.0  172.1 -174.9    nan  1.035  108.1  3.823  5.831 -130.8 -144.3
V  -46.9  -36.6  112.4 -176.9  154.7  -82.4  1.194  112.5  3.847  6.194 -145.9 -140.7
D  -53.8  -69.1  108.6  178.3  -70.7    nan  1.062   88.3  3.811  5.685   84.8   94.1
E  -53.1  -53.1  115.4 -178.2  -54.4    nan  1.090   95.0  3.785  5.101   56.2   68.4
V  -66.0  -37.3  116.0 -175.5  175.4  -60.7  1.198   94.7  3.812  4.937   51.1   75.4
G  -59.4  -52.2  109.7  178.1    nan    nan    nan   94.8  3.802    nan    nan   89.2
G  -60.5  -41.5  114.1 -178.8    nan    nan    nan   97.7  3.813    nan    nan   76.7
E  -64.2  -45.7  109.8  176.5 -172.2    nan  0.951   94.9  3.823    nan    nan   78.8
A  -64.0  -51.2  109.9  178.9    nan    nan  1.122   92.1  3.814  5.158   54.3   76.5
L  -69.1  -30.8  112.1  179.1 -170.9    nan  1.082   97.2  3.804  5.359   52.8   68.3
G  -68.7  -42.6  109.4 -177.7    nan    nan    nan   93.3  3.864    nan    nan   89.1
R  -66.4  -30.6  111.6  178.5  -71.7    nan  1.083  100.0  3.814    nan    nan   77.3
L  -61.2  -46.7  109.1  176.7  175.5    nan  0.998   97.0  3.852  5.586   86.2   91.6
L  -64.9  -33.6  111.6 -180.0  -61.8    nan  1.152   99.7  3.815  5.029   48.9   74.9
V  -81.0  -47.7  114.0  177.7  163.0  -71.3  1.086   79.0  3.821  5.511   53.5   72.8
V  -73.1  -34.7  112.6 -176.7  179.1  -56.7  1.109   91.7  3.843  5.188   48.6   71.3
Y -126.8   79.8  107.4 -178.1  -51.5    nan  1.031   97.4  3.814  4.988    8.0   26.5
P  -62.9  -27.3  115.0 -174.3   19.2    nan  1.173  103.4  3.770  6.060 -169.4 -159.3
Y  -59.7  -22.3  111.1  179.1   33.7    nan  1.096  110.4  3.790  5.715   80.6   98.7
T  -69.5  -15.1  111.4  180.0   63.6  -62.4  1.149  104.4  3.810  5.659   74.2   94.3
Q  -62.3  -15.8  111.6  178.9  -75.1    nan  1.066  111.0  3.817  5.826   99.0  106.8
R  -55.4  -26.6  112.3 -177.4   76.2    nan  1.110  111.6  3.779  5.677   98.1  115.5
F  -90.1   -7.7  115.4 -176.7  -63.5    nan  1.032   86.6  3.835  5.369   59.9   75.2
F -123.9   31.3  116.1 -170.9  -52.5    nan  1.070   73.3  3.751  4.928   37.3   62.4
E  -55.1  -36.5  110.7  179.8  -25.3    nan  1.102  106.7  3.766  6.069  145.4  157.0
S  -68.5   -0.9  115.3  178.6   97.9    nan  1.116  111.1  3.816  5.420   62.1   82.5
F  -85.8   -7.4  110.9 -178.6  -79.3    nan  1.102   91.6  3.840  5.796   80.0  100.5
G   95.7 -149.6  108.1 -179.8    nan    nan    nan  104.1  3.771    nan    nan  -96.7
D  -71.3  118.8  115.7 -175.8 -175.8    nan  1.144  101.9  3.765    nan    nan  -26.3
L -133.4   24.7  110.9  178.4  -53.6    nan  1.018   59.0  3.782  5.783  177.7  154.0
S  -64.0  -30.6  112.5 -177.3   69.2    nan  1.131  101.6  3.810  6.042  122.2  144.8
T -139.3  166.9  109.7  179.7   65.9  -57.4  1.033  142.0  3.807  4.925    1.1   19.0
P  -46.8  -52.4  110.8  178.5  -32.5    nan  0.943  102.3  3.801  5.059  -48.6  -61.0
D  -63.3  -41.2  112.1 -179.5  -51.7    nan  1.119   96.7  3.772  4.963   44.8   73.1
A  -64.7  -33.8  110.8 -179.4    nan    nan  1.083  100.2  3.833  5.432   65.4   82.2
V  -73.7  -53.9  110.8  178.7  173.3  -64.1  1.036   83.7  3.792  5.435   63.4   78.4
M  -59.1  -32.1  116.2 -176.0  -55.9    nan  1.195  103.5  3.794  5.088   53.0   79.8
G  -99.6    2.2  116.6 -179.9    nan    nan    nan   81.4  3.837    nan    nan   58.0
N  -74.1  120.0  106.4  177.4  179.9    nan  1.031   95.6  3.830    nan    nan  109.3
P  -67.2  -25.0  113.9 -177.5   27.3    nan  1.025  101.1  3.802  5.826 -117.7 -128.0
K  -72.3  -37.5  105.9  178.5  -97.9    nan  1.079   94.7  3.792  5.510   61.5   87.4
V  -56.8  -53.9  108.3  177.7  154.6  -80.3  1.066   96.3  3.792  5.517   75.2   88.8
K  -59.1  -41.5  114.9 -178.5  -41.4    nan  1.088   98.3  3.795  5.238   59.7   76.4
A  -71.3  -36.7  111.5 -177.8    nan    nan  1.045   92.9  3.825  5.242   61.7   77.5
H  -71.4  -33.9  109.0  179.7 -174.9    nan  1.089   95.3  3.768  5.324   57.1   79.0
G  -64.4  -37.7  111.0 -179.8    nan    nan    nan   98.3  3.803    nan    nan   87.7
K  -64.2  -41.3  109.7  179.0 -148.3    nan  1.008   97.3  3.796    nan    nan   83.6
K  -64.7  -55.2  107.9 -179.5 -142.0    nan  1.003   90.9  3.846  5.190   66.6   79.6
V  -56.2  -52.1  109.9  179.9  165.3  -66.7  1.078   96.8  3.864  5.134   57.6   75.2
L  -66.9  -28.3  114.5  178.6 -136.7    nan  1.205   99.4  3.771  5.163   40.2   68.9
G  -70.1  -35.5  107.7  176.0    nan    nan    nan   96.4  3.833    nan    nan   84.9
A  -71.3  -39.9  108.0 -179.0    nan    nan  1.098   93.4  3.834    nan    nan   80.0
F  -56.0  -51.7  110.9  175.3 -175.7    nan  1.105   96.6  3.776  5.455   68.9   86.3
S  -53.4  -46.3  110.6  178.3  -87.7    nan  1.031  102.0  3.839  5.449   73.2   80.4
D  -54.9  -45.9  112.0  177.0  -69.7    nan  1.125  100.4  3.844  5.307   69.8   83.4
G  -63.8  -22.1  111.9  178.7    nan    nan    nan  106.5  3.836    nan    nan   77.6
L  -70.3  -19.6  110.2 -178.0 -108.0    nan  1.083  102.1  3.808    nan    nan   95.4
A  -85.6   -9.1  110.6 -178.4    nan    nan  1.080   91.2  3.777  5.406   59.5   82.6
H -134.8   49.4  113.6 -179.5  -48.6    nan  1.066   76.0  3.812  5.255   22.0   40.8
L  -53.9  -24.1  110.6 -179.7  -79.9    nan  1.028  114.9  3.854  6.174  176.5  174.8
D  -78.7  -31.0  115.4 -179.5  -85.4    nan  1.226   87.2  3.749  5.271   49.7   85.3
N -128.0   65.6  111.1  178.4 -157.5    nan  1.155   90.2  3.844  5.311    5.4   28.7
L  -67.2  -47.4  106.8  178.4  -68.8    nan  1.045   93.8  3.806  6.172 -174.5  175.2
K  -46.6  -48.4  109.5 -179.6  -98.5    nan  1.067  106.0  3.809  5.420   77.7   91.5
G  -68.6  -45.4  113.6  179.3    nan    nan    nan   89.4  3.808    nan    nan   70.5
T  -63.0  -28.2  113.8  178.6  -61.0  175.5  1.120  103.3  3.809    nan    nan   79.5
F -112.7    9.1  116.9 -174.0  -64.8    nan  1.093   71.7  3.858  5.126   33.7   52.9
A  -62.1  -44.4  111.7 -177.2    nan    nan  1.093   96.1  3.824  5.994  120.1  133.0
T  -63.1  -49.8  110.5 -178.8  -51.9 -173.3  1.123   93.1  3.787  5.319   64.3   80.8
L  -61.2  -34.9  109.5  177.6  -88.5    nan  1.064  103.1  3.788  5.320   61.8   74.5
S  -63.5  -47.1  109.8  179.4  177.4    nan  1.104   94.6  3.838  5.583   68.5   87.6
E  -59.6  -43.1  112.4 -179.8  -73.5    nan  1.023   98.3  3.815  5.390   74.6   80.8
L  -60.0  -47.8  112.1  179.1  169.6    nan  1.036   95.4  3.812  5.114   70.1   83.3
H  -66.8  -32.3  114.2 -178.9  -79.6    nan  1.110   97.5  3.803  5.188   51.6   75.3
C  -80.0  -68.0  110.5  176.8  173.9    nan  1.046   75.2  3.812  5.381   57.9   72.8
D  -64.4  -46.4  115.7 -176.3  -63.2    nan  1.190   90.9  3.806  4.816   33.5   61.1
K  -93.5  -45.7  114.9 -179.8  -61.2    nan  1.148   69.9  3.794  5.336   27.5   52.7
L  -91.3  -21.1  113.4 -176.0  -49.5    nan  1.138   80.6  3.783  5.057   34.2   58.1
H   59.2   45.6  112.8 -177.0  -52.1    nan  1.051   96.9  3.833  5.628 -135.7 -142.7
V  -91.8  121.9  111.5  178.2  179.3  -58.3  1.067  109.1  3.827  6.001  126.3  135.3
D  -63.0  128.5  104.8  174.6  176.9    nan  0.886   84.0  3.822  5.756 -107.7 -129.1
P  -62.1  -10.7  116.2 -179.4    3.9    nan  1.079  112.7  3.861  5.792 -117.8 -114.9
E  -62.3  -32.1  108.5  176.5 -174.3    nan  1.067  104.2  3.775  5.721   93.1  109.0
N  -60.0  -33.4  109.8  178.3  -69.7    nan  1.032  104.8  3.824  5.536   79.8   91.9
F  -64.9  -32.0  111.2 -179.2  -55.7    nan  1.075  100.7  3.832  5.534   71.0   89.4
R  -73.4  -39.6  110.2 -179.1  -91.2    nan  1.025   90.5  3.768  5.361   67.2   82.3
L  -60.0  -48.1  108.2  178.0  -66.4    nan  1.091   97.7  3.815  5.464   67.9   84.8
L  -61.8  -36.1  111.4 -178.8  177.5    nan  1.111  101.1  3.763  5.306   63.1   78.6
G  -62.6  -39.3  110.3 -178.6    nan    nan    nan   99.3  3.827    nan    nan   89.2
N  -75.4  -34.5  110.6 -177.7  -72.7    nan  1.045   90.9  3.821    nan    nan   75.1
V  -64.2  -42.8  109.4  178.4  169.4  -66.9  1.060   96.7  3.809  5.398   68.9   86.7
L  -59.8  -42.0  109.5  179.4  178.1    nan  1.060  100.4  3.824  5.420   63.8   83.4
V  -56.9  -41.9  109.9  177.6  170.3  -66.8  1.163  102.5  3.800  5.527   61.3   85.6
C  -65.6  -38.5  109.5 -179.8  -68.3    nan  1.083   97.7  3.806  5.565   67.8   79.3
V  -68.4  -42.4  110.1 -178.6  169.7  -67.2  1.081   93.3  3.811  5.309   64.5   81.1
L  -62.5  -43.2  108.3 -179.0  -64.5    nan  1.067   98.4  3.796  5.469   63.2   82.3
A  -60.3  -44.3  111.2 -179.3    nan    nan  1.032   97.7  3.835  5.413   70.8   83.6
H  -63.1  -45.3  110.5  179.4 -172.3    nan  0.976   95.6  3.797  5.314   70.2   79.3
H  -67.7  -37.7  115.1 -179.1 -171.8    nan  1.093   93.4  3.815  5.010   56.2   75.4
F -104.9  -12.7  115.4 -177.4  -66.1    nan  1.133   70.0  3.833  5.109   24.4   50.1
G   58.3 -140.6  113.3  179.8    nan    nan    nan   78.9  3.797    nan    nan -138.6
K  -51.8  -22.3  114.6 -178.0   65.4    nan  1.125  116.6  3.782    nan    nan    3.0
E  -71.0  -23.5  109.9 -179.2 -127.9    nan  0.979   99.9  3.813  5.617   86.2   94.0
F  -85.5   71.1  106.8 -179.0 -161.3    nan  0.982  107.3  3.822  5.352   59.5   77.8
T  -69.9  163.5  113.7 -177.8   64.0  -55.0  1.031   77.2  3.836  6.212 -179.3 -176.4
P  -47.1  -54.2  111.9  178.9  -31.8    nan  1.062  100.2  3.811  5.164  -64.5  -65.3
P  -60.1  -35.6  114.3  178.8  -10.0    nan  1.078  101.4  3.807  5.190   50.5   73.9
V  -68.0  -45.1  107.8  177.7  162.4  -75.8  1.060   93.6  3.846  5.524   60.6   81.5
Q  -57.8  -46.4  111.4  178.4  171.8    nan  0.999   98.2  3.815  5.518   75.1   82.6
A  -51.4  -47.6  109.8  178.7    nan    nan  1.031  103.0  3.862  5.299   77.2   87.5
A  -64.0  -44.4  107.5  178.5    nan    nan  1.009   97.1  3.870  5.219   61.3   73.7
Y  -64.2  -30.4  112.2  178.6  -94.2    nan  1.101  101.7  3.833  5.376   54.3   77.3
Q  -67.4  -40.6  108.8  178.0  -64.1    nan  1.116   95.6  3.832  5.670   70.3   87.0
K  -61.8  -45.8  108.7  177.2  -69.9    nan  1.030   97.3  3.819  5.467   77.3   80.9
V  -65.3  -47.9  112.1  178.4  169.3  -68.5  1.089   91.5  3.849  5.220   57.3   75.1
V  -64.5  -34.3  112.6 -178.3  -61.6   65.8  1.200   99.2  3.831  5.484   48.7   78.0
A  -65.4  -42.3  108.5  176.9    nan    nan  0.982   96.5  3.826  5.637   83.6   84.0
G  -63.1  -45.7  109.1 -179.9    nan    nan    nan   96.2  3.821    nan    nan   80.6
V  -68.3  -40.4  111.1  178.4  165.1  -67.3  1.132   93.7  3.807    nan    nan   72.4
A  -62.6  -41.3  112.3  178.3    nan    nan  1.062   97.1  3.866  5.544   70.9   83.4
N  -63.8  -44.2  111.3  179.1  -65.7    nan  1.080   95.2  3.880  5.430   62.6   81.4
A  -63.2  -41.1  107.2  178.8    nan    nan  1.018   99.6  3.813  5.382   67.6   78.2
L  -74.8  -22.8  110.6 -178.5  -88.0    nan  1.101   96.3  3.837  5.274   50.4   72.6
A  -88.7  -14.9  112.5 -179.5    nan    nan  1.010   85.7  3.823  5.484   62.0   77.2
H  -50.6  -37.5  117.7 -174.6 -158.6    nan  1.238  106.6  3.795  5.553   94.0  123.9
K  -95.4    8.4  116.7  179.9  -53.2    nan  1.089   88.4  3.848  5.434   44.4   59.1
Y  -67.2  150.2  107.8  179.4  -84.7    nan  1.007   78.7  3.851  5.906  118.0  123.0
H -167.9    nan  110.9 -176.9   67.0    nan  1.004    nan  3.799  5.578  169.7  159.4
