Id   phi    psi    tau  omega    chi    chi2  solid    eta  CA-CA  CB-CB  BA^AB  NA^AC
V    nan  114.9  114.1    nan -120.3   16.9  0.998    nan    nan    nan    nan    nan
L  -84.2  121.9  107.0 -179.3  -55.3    nan  1.068  101.2  3.784  5.916 -153.1 -154.1
S  -87.2  171.2  104.2  176.7   64.8    nan  0.947   89.4  3.728  5.843 -132.3 -151.5
P  -55.7  -37.4  110.1  177.3  -30.2    nan  0.975  106.0  3.783  4.935  -62.9  -64.7
A  -65.8  -45.4  110.0  178.3    nan    nan  1.071   93.8  3.827  5.343   57.3   81.9
D  -56.7  -45.3  110.9  177.0  -69.3    nan  1.058  100.1  3.833  5.469   72.3   82.4
K  -65.1  -37.2  112.0 -175.1  -74.3    nan  1.099   97.5  3.787  5.194   62.5   81.6
T  -67.3  -42.7  109.8  178.7  -54.8 -178.4  0.997   94.1  3.789  5.485   72.9   81.6
N  -60.0  -45.9  111.1 -179.7  -67.4    nan  1.082   97.1  3.815  5.327   68.5   84.0
V  -65.9  -49.2  111.1 -179.3  162.0  -73.1  1.088   91.1  3.804  5.303   62.6   76.7
K  -57.3  -41.8  111.2  179.3  -63.3    nan  1.121  101.6  3.834  5.364   63.5   80.6
A  -60.2  -58.7  110.0  177.5    nan    nan  1.019   90.3  3.814  5.458   73.5   82.6
A  -54.0  -52.6  110.6 -179.6    nan    nan  1.108   97.5  3.775  5.102   56.0   75.6
W  -67.4  -25.4  112.5 -177.1 -154.3    nan  1.081  101.3  3.789  5.227   53.8   71.2
G  -65.3  -39.0  107.0  179.8    nan    nan    nan   99.1  3.801    nan    nan   94.6
K  -66.3  -33.0  111.5  179.4 -125.6    nan  1.074   98.9  3.771    nan    nan   80.2
V  -61.9  -39.6  107.6 -179.2  179.3  -54.2  1.066  101.1  3.810  5.512   74.5   91.6
G   42.5 -119.9  112.0 -179.5    nan    nan    nan   81.5  3.752    nan    nan -177.1
A  -72.8   -5.4  117.3 -177.9    nan    nan  1.115  104.6  3.740    nan    nan    5.5
H  -92.4    1.2  113.8 -178.9  -62.2    nan  0.996   88.1  3.834  5.696   79.3   90.8
A  -46.1  -49.8  113.7 -176.8    nan    nan  1.169  103.1  3.791  5.736  119.3  140.8
G  -68.8  -30.5  112.1 -178.5    nan    nan    nan   97.7  3.822    nan    nan   72.2
E  -73.0  -37.8  108.8  179.7  160.5    nan  1.099   92.4  3.805    nan    nan   82.6
Y  -72.4  -40.1  110.7  176.4  -66.2    nan  1.050   90.8  3.805  5.381   63.3   74.0
G  -62.9  -42.7  110.6  177.1    nan    nan    nan   97.0  3.816    nan    nan   82.0
A  -61.5  -41.1  109.5  178.8    nan    nan  1.042   99.6  3.818    nan    nan   81.9
E  -66.0  -44.4  111.0 -177.0 -179.4    nan  1.051   93.5  3.833  5.363   66.3   81.9
A  -55.7  -44.5  109.5  174.8    nan    nan  1.011  102.0  3.809  5.356   76.2   82.1
L  -65.8  -46.0  110.9 -178.2  -68.0    nan  1.046   92.9  3.810  5.275   63.8   78.7
E  -59.9  -40.2  108.7  179.8  174.3    nan  1.023  101.7  3.775  5.314   70.6   80.9
R  -62.8  -37.3  109.5  177.7  -61.6    nan  1.098  100.6  3.777  5.421   67.3   81.6
M  -69.8  -45.0  111.1 -177.8 -176.0    nan  1.084   90.3  3.854  5.375   67.3   81.7
F  -62.1  -34.7  112.8 -178.7  -61.2    nan  1.109  101.0  3.779  5.377   62.1   82.2
L  -79.4  -41.9  111.8 -178.6  -65.8    nan  1.048   83.9  3.821  5.375   61.1   75.2
S  -81.7  -34.4  113.1 -176.8  -47.9    nan  1.115   84.2  3.808  5.167   44.2   68.5
F -129.0   79.0  107.8 -177.2  -44.5    nan  1.041   96.5  3.852  4.989    8.0   25.8
P  -54.6  -24.4  115.8 -178.8   -9.0    nan  1.061  112.3  3.815  6.080 -150.5 -156.3
T  -67.9  -20.7  111.4  179.7   63.5  -59.7  1.101  103.5  3.830  5.638   72.0   94.9
T  -67.6  -18.1  111.0  177.8   65.0  -56.0  1.088  105.1  3.832  5.756   82.4   96.1
K  -70.0  -18.1  112.4  178.0  -64.2    nan  1.046  102.4  3.844  5.696   85.4   96.6
T  -62.7  -18.8  111.6  179.7   64.7  -58.5  1.081  109.2  3.844  5.709   89.5  104.4
Y  -89.3  -12.3  110.6  179.6  -66.8    nan  1.046   86.3  3.845  5.530   63.9   78.2
F -126.4   53.8  113.1 -176.9  -55.0    nan  1.076   84.5  3.842  5.147   28.4   50.9
P  -69.6  -21.4  112.4 -179.9   35.4    nan  0.989  101.1  3.818  6.038  165.1  163.8
H  -88.8   -0.3  114.9  177.7   53.3    nan  1.052   91.1  3.832  5.382   51.4   74.3
F -105.0  149.4  110.2 -178.7  -89.1    nan  0.983  113.1  3.826  5.528   71.2   80.9
D  -91.4  112.8   99.3  171.7  160.1    nan  0.964   99.1  3.808  5.618 -121.5 -131.5
L  -96.7    9.2  110.1 -174.5  -59.0    nan  1.125   86.5  3.801  5.918 -166.1 -158.4
S  -63.3  151.5  108.2  179.6   79.7    nan  1.052   74.8  3.772  6.042  115.0  128.9
H  -51.4  127.2  111.0 -178.8  175.3    nan  1.088   81.1  3.785  5.435  -71.4  -82.7
G   76.3    6.4  114.9  176.7    nan    nan    nan  100.9  3.762    nan    nan    6.2
S  -49.6  143.7  113.1  177.9  115.2    nan  1.085   69.8  3.813    nan    nan  137.9
A  -65.5  -37.5  111.7 -178.7    nan    nan  1.075   97.1  3.785  5.564  -96.5 -103.9
Q  -63.9  -37.3  111.7  178.7  -82.1    nan  1.070   98.6  3.831  5.526   69.3   85.2
V  -67.7  -44.1  111.0 -178.5  171.6  -66.3  1.143   92.4  3.845  5.408   62.0   83.6
K  -60.2  -47.1  109.5  179.0  -87.6    nan  1.023   97.3  3.777  5.496   75.5   81.8
G  -59.7  -53.7  111.0 -179.3    nan    nan    nan   92.8  3.801    nan    nan   80.7
H  -58.4  -42.5  110.4 -179.9 -167.3    nan  1.089  100.7  3.775    nan    nan   75.9
G  -55.4  -42.7  113.4  178.8    nan    nan    nan  101.2  3.816    nan    nan   88.1
K  -65.5  -41.1  108.2  179.0 -172.1    nan  0.972   97.2  3.767    nan    nan   78.7
K  -62.5  -41.6  113.6 -177.3  -68.7    nan  1.093   96.3  3.842  5.250   66.3   85.8
V  -64.0  -43.0  108.9  177.4  167.0  -67.9  1.031   97.0  3.806  5.346   66.7   79.5
A  -62.2  -47.3  110.0 -176.8    nan    nan  1.074   95.5  3.827  5.265   63.6   83.5
D  -61.2  -38.1  110.7  177.9  -69.6    nan  1.110  100.8  3.781  5.292   58.0   77.1
A  -66.3  -39.4  109.5 -179.2    nan    nan  1.121   96.7  3.817  5.431   62.0   83.1
L  -63.9  -46.0  111.3  177.4  -73.5    nan  1.073   94.1  3.802  5.437   63.7   81.4
T  -53.5  -48.4  108.2  179.8  -68.7  171.3  1.067  102.0  3.806  5.419   69.0   86.6
N  -60.3  -44.7  110.7  178.6  179.0    nan  1.093   97.9  3.782  5.288   59.4   76.7
A  -59.2  -44.8  109.7  179.5    nan    nan  1.040   99.2  3.795  5.395   69.8   82.5
V  -60.7  -43.6  110.7  176.8  176.9  -58.4  1.004   98.1  3.855  5.410   69.0   78.8
A  -63.5  -27.8  108.3  178.4    nan    nan  1.008  105.3  3.833  5.283   65.9   78.1
H -121.3   39.6  114.1 -178.8  -63.5    nan  1.017   79.7  3.840  5.060   21.7   41.0
V  -54.9  -29.3  113.0 -174.6   63.0 -170.7  1.116  110.2  3.778  6.092  154.8  169.3
D  -88.4   -9.8  112.0 -176.2  -77.2    nan  1.082   88.0  3.756  5.253   50.1   73.9
D -135.3   49.6  109.4 -178.3 -175.6    nan  1.008   73.5  3.797  5.028   20.9   41.4
M  -64.3  -44.0  117.2 -176.7  -70.5    nan  1.227   91.5  3.820  6.211  144.0  171.7
P  -55.5  -45.0  110.2 -177.1  -29.4    nan  0.995  101.4  3.827  5.433   85.6   91.1
N  -70.0  -47.6  112.0  177.6 -175.6    nan  1.185   88.4  3.734  5.210   37.4   71.6
A  -58.3  -40.2  112.7 -179.9    nan    nan  1.040  100.9  3.839  5.554   75.5   82.4
L -100.0   23.7  111.8 -175.4  -55.3    nan  1.037   89.3  3.814  4.943   29.6   53.2
S  -52.1  -48.4  112.8 -177.8  178.4    nan  1.044  100.3  3.801  6.117  144.7  155.7
A  -61.3  -38.6  112.3 -177.4    nan    nan  1.102   99.6  3.778  5.146   60.4   81.0
L  -72.6  -40.5  112.5 -178.4  -75.2    nan  1.085   89.4  3.849  5.348   57.7   78.4
S  -56.3  -45.4  108.5  177.8  -85.1    nan  0.959  101.6  3.802  5.513   82.2   87.7
D  -62.8  -53.1  111.4 -179.7 -122.4    nan  1.004   90.9  3.791  5.114   67.1   79.0
L  -54.8  -49.4  109.6 -179.0  177.6    nan  1.057   99.6  3.759  5.043   62.5   80.6
H  -68.5  -43.0  111.3 -177.3  -71.3    nan  1.144   92.1  3.772  5.283   46.7   72.9
A  -65.9  -41.0  113.7 -178.4    nan    nan  1.127   93.9  3.786  5.475   63.6   80.9
H -103.3  -12.9  115.9 -174.6  -46.3    nan  1.135   71.4  3.765  5.068   25.7   53.2
K -117.3  -62.3  110.5 -177.6  -82.6    nan  1.069   60.8  3.760  5.211   39.7   60.9
L  -63.0  -51.1  110.9 -173.7  -58.5    nan  1.125   92.1  3.756  4.976   45.5   68.7
R   54.3   51.0  114.4  178.9  -81.2    nan  1.020   96.1  3.738  5.405 -175.7 -178.1
V  -80.2  128.5  107.8  179.0  170.9  -61.8  0.959   97.5  3.805  6.105  146.5  149.1
D  -55.9  135.9  108.2  179.8 -172.3    nan  1.056   77.2  3.827  5.890 -108.6 -110.9
P  -48.2  -28.4  117.7  177.9  -36.1    nan  0.991  114.9  3.820  5.453  -77.0  -97.0
V  -61.8  -30.8  112.8  179.5  -54.7   64.9  1.091  103.4  3.884  5.489   74.0   96.9
N  -60.9  -36.0  109.7 -178.1  -63.0    nan  1.107  102.8  3.817  5.443   75.3   95.6
F  -60.3  -36.3  108.8 -179.9  -73.1    nan  1.031  103.6  3.822  5.580   76.0   89.5
K  -70.0  -34.9  109.6 -178.6  139.9    nan  1.177   95.8  3.792  5.163   48.7   81.5
L  -68.0  -45.9  111.4  178.3  -51.6    nan  1.075   91.1  3.814  5.665   62.7   82.6
L  -65.5  -40.9  110.6  179.4  176.9    nan  1.065   96.0  3.788  5.295   58.0   76.2
S  -57.7  -44.3  110.0 -179.6  -57.3    nan  1.076  100.4  3.833  5.581   73.0   88.3
H  -57.2  -51.0  110.0  178.5  172.4    nan  1.069   96.7  3.819  5.423   74.5   83.7
C  -63.2  -28.5  113.1  179.1  -63.3    nan  1.158  103.2  3.799  5.242   53.9   73.5
L  -69.7  -43.4  109.1  177.0 -132.7    nan  1.040   92.3  3.880  5.507   72.6   85.6
L  -64.2  -41.2  110.7  178.3  -86.4    nan  1.074   96.8  3.843  5.319   54.8   77.5
V  -64.1  -46.1  108.2  179.2  165.1  -69.2  1.070   95.8  3.856  5.445   63.1   80.3
T  -59.1  -48.3  109.2  179.6  -59.8  176.6  1.061   97.5  3.865  5.467   67.5   80.4
L  -60.3  -44.1  112.0  179.4  -73.1    nan  1.042   97.4  3.818  5.252   64.9   78.0
A  -61.3  -42.6  110.5 -179.8    nan    nan  1.008   98.4  3.818  5.294   67.7   82.0
A  -69.1  -19.2  111.5 -179.2    nan    nan  1.020  103.0  3.837  5.271   62.9   76.0
H -114.0  -20.3  115.8 -176.6  -68.6    nan  1.103   58.7  3.840  5.143   35.5   57.6
L -115.8   69.1  109.4 -179.1  -56.3    nan  1.027   97.1  3.851  5.187   36.6   52.2
P  -55.2  -49.6  111.4  179.6    9.1    nan  1.017   98.1  3.802  6.084 -164.6 -167.4
A  -68.1  -43.8  116.5 -176.4    nan    nan  1.087   89.0  3.786  5.197   51.7   75.6
E  -81.2  -24.9  117.3 -173.6  -58.9    nan  1.054   87.1  3.790  5.049   53.6   71.7
F  -77.7   67.1  111.9 -174.3 -166.4    nan  1.197  114.8  3.796  5.237   57.9   90.0
T  -83.1  166.8  110.6  175.4   55.2  -68.4  0.994   87.8  3.810  6.293  178.6  159.5
P  -57.5  -38.5  111.9 -179.2  -15.2    nan  1.116  103.0  3.809  5.204  -76.8  -69.0
A  -65.8  -44.4  110.5  179.0    nan    nan  1.085   94.0  3.822  5.459   60.8   81.8
V  -69.2  -40.1  110.0  178.7  166.9  -69.5  1.055   93.8  3.829  5.386   57.0   72.7
H  -57.7  -47.1  107.4  177.8  173.1    nan  1.052  100.3  3.793  5.358   71.2   86.2
A  -63.2  -41.4  109.8 -179.2    nan    nan  1.082   97.9  3.877  5.449   60.2   76.7
S  -63.4  -47.7  111.8  179.3  -65.3    nan  1.121   93.2  3.857  5.396   66.1   81.2
L  -63.5  -42.7  112.6  176.8  -77.1    nan  1.110   95.4  3.790  5.243   57.5   74.7
D  -59.9  -47.5  109.3  177.9 -164.0    nan  1.026   97.4  3.820  5.474   69.9   82.5
K  -63.4  -40.9  109.5  177.6  -59.9    nan  1.098   98.3  3.816  5.393   57.5   74.2
F  -61.5  -41.8  114.9  177.3  170.4    nan  1.065   96.3  3.823  5.433   75.7   83.4
L  -72.0  -32.0  110.2 -176.7  -63.3    nan  1.126   95.0  3.851  5.261   52.2   77.3
A  -69.1  -36.8  108.0  175.9    nan    nan  1.017   96.5  3.790  5.512   69.4   82.0
S  -66.0  -42.8  112.3  178.7  -56.9    nan  1.046   93.6  3.852  5.532   66.4   82.9
V  -60.9  -44.9  108.3  178.1  165.3  -71.0  1.050   98.6  3.775  5.277   68.2   81.7
S  -58.6  -41.2  112.3 -179.0  -64.6    nan  1.066  100.3  3.815  5.364   67.3   84.1
T  -63.7  -46.0  109.1 -179.0  -68.7  163.7  1.033   95.6  3.816  5.387   68.5   82.6
V  -61.4  -51.5  109.1  176.7  170.8  -62.7  1.033   94.3  3.811  5.333   64.5   76.8
L  -58.4  -26.5  115.1 -178.0  -75.2    nan  1.117  107.9  3.810  5.191   57.1   80.3
T -110.0   11.8  110.9 -179.2   65.8  -61.7  1.036   74.5  3.823  5.356   30.4   54.2
S  -69.3  -17.6  114.1 -175.8   62.2    nan  1.148  102.8  3.794  5.902  106.7  130.7
K -106.6   15.6  110.9 -178.5  -55.5    nan  1.088   79.4  3.823  5.429   44.4   65.2
Y  -60.9  -39.3  114.1 -176.2  -91.9    nan  1.118   98.6  3.866  6.070  127.9  141.5
R -154.4    nan  113.7 -179.6   60.8    nan  1.142    nan  3.783  4.754  -27.7   -5.8
