Id   phi    psi    tau  omega    chi    chi2  solid    eta  CA-CA  CB-CB  BA^AB  NA^AC
M    nan   85.3  108.9    nan -123.1    nan  1.055    nan    nan    nan    nan    nan
H -124.7  116.4  105.4  177.6  171.2    nan  1.057  116.6  3.752  6.017  140.0  136.9
L -104.6  127.7  106.2  177.3  -65.6    nan  1.007  111.6  3.764  5.879 -160.3 -172.1
T  -69.7  164.0  104.2  174.9   77.0  -43.6  0.961   74.4  3.784  5.759 -116.5 -129.1
P  -56.2  -34.2  113.6 -178.1  -15.3    nan  1.034  105.8  3.840  5.378  -70.8  -69.1
E  -72.9  -38.9  109.5 -178.9  -16.8    nan  1.071   91.6  3.787  5.371   58.1   80.6
E  -63.7  -42.5  110.5 -179.7  -65.3    nan  1.034   96.6  3.822  5.474   77.3   84.5
K  -57.4  -44.9  108.6  178.8  -94.9    nan  1.008  101.1  3.774  5.295   78.7   85.1
S  -62.3  -46.1  111.3 -179.5  -40.5    nan  1.062   95.2  3.799  5.208   65.6   80.2
A  -60.4  -43.4  109.8 -178.4    nan    nan  1.021   99.1  3.794  5.288   69.5   81.8
V  -62.8  -45.8  111.0 -177.9  162.8  -74.8  1.113   95.2  3.781  5.198   60.1   82.8
T  -65.7  -47.5  113.5 -175.2  -90.9  144.4  1.058   90.6  3.772  5.174   60.9   79.9
A  -60.5  -46.6  112.2  178.5    nan    nan  1.050   95.7  3.783  5.253   61.6   79.2
L  -66.9  -39.7  111.9  179.7 -162.3    nan  1.087   94.7  3.787  5.253   54.4   75.3
W  -62.3  -26.2  111.4 -176.7 -161.8    nan  1.143  105.9  3.771  5.378   64.1   88.1
G  -72.5  -15.7  112.1 -178.8    nan    nan    nan  101.1  3.822    nan    nan   89.4
K  -97.6   -2.9  110.8  176.2  -65.7    nan  0.991   81.4  3.808    nan    nan   70.9
V  -85.1  134.5  111.4 -176.0  164.8  -70.4  1.063  101.5  3.864  5.606   81.0  101.5
N  -97.5   99.5  102.9  175.6  173.9    nan  1.035  103.9  3.816  5.797 -145.1 -150.6
V  -46.6  -48.8  113.8 -173.7  150.5  -85.7  1.099  103.4  3.841  6.042 -118.8 -124.4
D  -46.4  -66.2  107.8 -179.6  -96.6    nan  0.969   94.3  3.724  5.220   81.8   91.9
E  -58.7  -51.5  110.0 -174.4  162.5    nan  1.061   95.5  3.767  4.793   49.4   67.2
V  -69.6  -37.0  112.2 -177.5  167.4  -67.5  1.067   93.7  3.776  4.993   51.6   69.3
G  -60.7  -49.7  110.6  178.7    nan    nan    nan   94.7  3.774    nan    nan   87.8
G  -66.8  -37.2  109.9 -178.3    nan    nan    nan   97.2  3.840    nan    nan   72.5
E  -67.7  -41.6  113.1  177.7 -110.9    nan  1.076   92.4  3.765    nan    nan   81.1
A  -69.8  -48.7  108.8 -178.1    nan    nan  1.072   90.0  3.839  5.294   61.8   77.7
L  -61.4  -41.2  112.9  178.2 -174.0    nan  1.191   97.8  3.795  5.395   53.7   76.4
G  -67.1  -39.3  110.6  179.9    nan    nan    nan   95.5  3.849    nan    nan   79.4
R  -66.3  -37.7  109.0 -178.5  -82.9    nan  1.110   97.8  3.784    nan    nan   82.6
L  -54.1  -49.3  109.3  179.6 -177.3    nan  1.013  100.4  3.800  5.578   87.1   93.3
L  -65.7  -28.6  111.8 -174.6  -97.2    nan  1.139  101.5  3.799  4.983   52.0   76.4
V  -85.8  -49.7  112.5  179.6  172.7  -64.4  1.115   75.9  3.767  5.412   51.3   72.7
V  -75.0  -33.3  112.8 -176.9  175.5  -57.7  1.093   90.6  3.825  5.180   47.2   67.6
Y -128.8   74.3  107.5 -179.1  -48.9    nan  1.018   93.2  3.822  5.097    5.9   25.8
P  -54.3  -22.8  116.4 -176.1   22.5    nan  1.086  113.5  3.758  5.983 -159.2 -158.0
Y  -65.7  -24.3  109.1 -179.1   35.6    nan  1.117  104.6  3.790  5.596   70.9   98.7
T  -65.5   -9.5  114.4  178.4   65.4  -56.3  1.121  110.3  3.832  5.740   77.3   95.7
Q  -70.8  -12.2  110.3  177.0  -48.5    nan  1.115  104.6  3.841  5.858   87.4  102.3
R  -54.5  -28.1  112.1  179.9   71.5    nan  1.074  111.6  3.825  5.836  109.8  117.7
F  -89.3  -10.1  114.4 -178.6  -57.4    nan  1.067   86.6  3.816  5.371   54.2   72.5
F -126.2   42.4  114.0 -171.9  -52.0    nan  1.019   77.6  3.832  4.923   40.1   57.7
E  -60.6  -34.4  112.0 -177.6  -48.1    nan  1.080  102.8  3.793  6.185  150.1  164.0
S  -75.5   -5.5  114.5 -177.8   77.1    nan  1.063  102.2  3.778  5.202   62.8   80.2
F  -75.1  -21.5  110.2 -179.0  -78.4    nan  1.097   96.7  3.809  5.715   82.7  105.3
G  110.7 -141.6  115.3 -176.0    nan    nan    nan  121.7  3.789    nan    nan  -91.1
D  -81.9  117.7  109.8 -177.4 -176.8    nan  1.128  103.4  3.790    nan    nan  -26.5
L -121.6   23.1  109.8 -177.7  -69.1    nan  0.992   68.4  3.744  5.750 -169.4  173.3
S  -69.6  -22.6  115.6 -176.4   76.1    nan  1.207   99.5  3.768  5.888  105.6  140.2
T -130.3  154.5  107.9  179.5   72.9  -47.8  1.081  133.2  3.824  5.278   15.1   35.8
P  -54.0  -42.0  109.7  179.8   -4.7    nan  0.980  104.8  3.798  5.289  -65.5  -81.3
D  -62.7  -45.2  108.3 -179.9  -71.0    nan  1.108   97.2  3.788  5.231   56.9   81.5
A  -58.6  -46.6  111.8  178.5    nan    nan  1.066   97.3  3.800  5.398   69.7   81.8
V  -64.5  -54.1  111.2 -178.7  172.2  -61.3  1.064   89.3  3.833  5.270   61.0   77.5
M  -62.7  -29.7  113.5 -175.9  -50.6    nan  1.181  102.9  3.816  5.140   50.7   75.2
G  -99.6    2.4  114.7  179.9    nan    nan    nan   81.4  3.809    nan    nan   60.9
N  -73.0  130.3  107.4 -180.0 -176.4    nan  1.072   91.7  3.805    nan    nan  113.1
P  -78.8  -25.5  111.4 -176.1   -8.0    nan  1.064   91.2  3.788  5.768 -122.8 -127.7
K  -68.3  -42.0  108.3  176.4  -84.8    nan  1.076   94.6  3.785  5.604   67.3   88.9
V  -63.4  -38.9  110.9  176.4  167.7  -64.3  1.056   98.6  3.816  5.350   65.6   78.4
K  -66.8  -46.9  110.6  179.3  -68.7    nan  1.045   91.9  3.829  5.439   63.6   80.7
A  -62.5  -42.8  111.7  179.5    nan    nan  0.988   96.6  3.805  5.249   69.0   78.0
H  -64.8  -40.7  111.5 -179.1 -161.2    nan  1.104   96.1  3.790  5.255   58.7   81.1
G  -60.7  -38.3  108.2 -177.4    nan    nan    nan  102.4  3.792    nan    nan   87.0
K  -60.8  -48.0  110.7  178.1 -101.1    nan  0.976   95.6  3.821    nan    nan   84.9
K  -61.8  -50.1  109.3 -177.6 -128.5    nan  0.963   94.6  3.834  5.097   72.2   79.0
V  -61.5  -51.2  112.0 -178.7  164.6  -68.7  1.068   92.5  3.766  4.948   56.9   77.2
L  -72.8  -18.1  112.3 -176.2 -135.7    nan  1.062   99.7  3.801  5.202   46.6   68.7
G  -64.3  -46.0  107.3  176.5    nan    nan    nan   96.2  3.799    nan    nan   99.7
A  -69.0  -39.7  109.3 -176.9    nan    nan  1.061   94.5  3.827    nan    nan   73.5
F  -56.3  -52.6  107.4  178.1 -177.9    nan  1.060   97.9  3.759  5.367   73.6   87.8
S  -55.5  -39.5  110.5 -179.7  165.5    nan  1.063  104.7  3.804  5.188   62.9   78.2
D  -68.7  -31.3  111.9  179.2  -67.6    nan  1.122   97.5  3.843  5.470   56.8   78.8
G  -67.7  -32.7  111.1  179.9    nan    nan    nan   98.0  3.795    nan    nan   87.7
L  -60.8  -25.0  110.0  178.7  -71.8    nan  1.031  108.4  3.837    nan    nan   91.1
A  -76.4  -20.3  110.0  177.5    nan    nan  1.018   96.0  3.800  5.403   66.9   82.2
H -129.2   46.4  115.2 -179.3  -54.8    nan  0.988   78.6  3.825  5.098   23.0   38.9
L  -56.9  -14.8  114.2 -177.6  -81.9    nan  1.035  116.2  3.776  5.961  163.2  171.9
D  -80.6  -21.4  113.6 -177.4  -76.5    nan  1.101   90.4  3.830  5.453   64.4   92.8
N -145.9   66.7  111.6 -179.4 -168.9    nan  1.062   82.1  3.809  4.994   -1.5   19.0
L  -67.3  -43.7  109.5 -179.2  -75.7    nan  1.090   93.7  3.815  6.148  174.9  177.8
K  -55.8  -55.0  111.6 -179.4  -97.3    nan  1.079   94.1  3.782  5.360   68.5   87.2
G  -64.5  -41.1  111.1  179.2    nan    nan    nan   96.4  3.800    nan    nan   68.8
T  -63.1  -38.2  110.8 -179.2  -62.2  172.0  1.073   99.2  3.794    nan    nan   83.7
F  -98.7    0.2  115.3 -177.3  -73.6    nan  1.123   81.4  3.804  5.134   29.6   56.1
A  -47.0  -52.4  114.7 -177.2    nan    nan  1.134  100.0  3.835  5.972  125.3  139.4
T  -63.9  -39.8  115.5  179.9  -68.0  172.3  1.105   95.2  3.803  5.339   56.9   74.4
L  -68.3  -33.3  109.5  178.7  -89.3    nan  1.032   98.0  3.826  5.370   64.3   78.6
S  -63.5  -48.3  106.7  178.4 -177.4    nan  1.039   96.0  3.794  5.549   74.2   87.1
E  -67.9  -34.9  111.1 -176.7  -48.2    nan  1.057   96.8  3.818  5.192   61.2   73.8
L  -62.4  -49.1  114.8  175.7 -180.0    nan  1.079   91.2  3.808  5.404   69.4   86.6
H  -57.4  -40.4  112.5  177.2  -81.7    nan  1.086  101.6  3.826  5.334   63.8   79.7
C  -75.1  -61.7  113.5  178.6  174.5    nan  1.102   77.4  3.809  5.306   54.4   72.1
D  -75.8  -34.2  115.8 -174.6  -60.1    nan  1.124   88.0  3.831  4.975   37.6   58.7
K -103.8  -45.2  113.5 -178.5  -68.3    nan  1.079   63.7  3.795  5.232   31.9   54.6
L  -84.9  -27.9  115.7 -178.5  -52.8    nan  1.115   83.0  3.794  4.966   38.4   62.5
H   59.1   47.7  111.9  179.6  -46.3    nan  1.093   96.3  3.841  5.734 -153.7 -150.4
V  -95.4  117.3  111.5 -179.6  170.8  -60.9  1.055  111.6  3.786  6.011  131.0  133.9
D  -59.0  122.1  104.9  178.7  174.4    nan  0.977   85.0  3.817  5.801 -114.8 -129.2
P  -54.8  -16.8  111.3 -179.6  -19.5    nan  1.026  117.8  3.832  5.843 -109.3 -115.1
E  -57.9  -32.9  112.0  177.8 -162.0    nan  0.987  105.9  3.813  5.754   96.8  109.5
N  -59.2  -28.4  113.9  178.3  -64.9    nan  1.026  106.5  3.837  5.351   76.7   93.6
F  -68.8  -33.1  108.8  179.5  -46.3    nan  1.095   98.0  3.837  5.532   65.0   89.1
R  -69.4  -40.5  111.3  177.4  -72.9    nan  1.086   92.7  3.818  5.504   67.4   82.1
L  -65.3  -47.1  108.3  180.0  -61.2    nan  1.045   94.3  3.791  5.392   66.8   80.9
L  -62.1  -39.0  110.2 -178.3  177.3    nan  1.138   99.9  3.810  5.283   55.7   79.1
G  -60.4  -43.0  110.4  178.1    nan    nan    nan   98.9  3.816    nan    nan   85.8
N  -68.8  -38.4  112.2 -177.9  -79.6    nan  1.111   93.6  3.826    nan    nan   78.1
V  -64.9  -40.8  107.8  179.1  161.0  -73.1  1.068   98.0  3.812  5.407   65.4   82.3
L  -58.6  -50.6  108.7  178.8  175.1    nan  1.070   96.9  3.851  5.531   69.3   85.1
V  -52.6  -46.2  111.1  176.0  171.5  -65.9  1.069  102.3  3.815  5.428   69.9   80.7
C  -57.3  -42.8  110.4  177.8  -80.6    nan  0.982  101.4  3.855  5.429   76.0   81.6
V  -67.4  -36.4  113.4  178.7  169.7  -65.7  1.171   95.2  3.812  5.136   48.9   77.2
L  -71.2  -33.7  108.0  178.7  -56.4    nan  1.046   96.1  3.850  5.626   64.8   78.4
A  -68.2  -44.2  110.4  179.3    nan    nan  1.045   92.4  3.818  5.553   69.9   84.4
H  -53.5  -50.4  109.5  177.3 -173.3    nan  0.998  100.0  3.817  5.342   80.7   86.0
H  -67.6  -49.7  118.3 -178.8 -165.4    nan  1.156   84.9  3.811  5.018   50.1   71.5
F  -90.9  -17.2  115.0 -179.1  -64.0    nan  1.125   82.0  3.823  5.023   32.6   51.1
G   55.7 -125.0  112.6  179.7    nan    nan    nan   86.4  3.805    nan    nan -144.3
K  -61.2  -26.3  116.0 -174.6   75.1    nan  1.181  105.1  3.798    nan    nan   13.0
E  -70.9  -18.1  109.4  179.3  -58.2    nan  1.003  102.4  3.793  5.676   88.8   89.4
F  -86.1   68.3  109.4 -179.6 -163.1    nan  1.133  109.5  3.853  5.347   58.0   82.4
T  -71.8  159.6  113.8 -176.7   76.0  -41.9  1.036   80.8  3.803  6.184 -173.6  177.9
P  -45.9  -51.0  111.4 -179.1  -33.6    nan  1.055  103.6  3.823  5.235  -64.9  -68.5
P  -60.9  -37.1  113.0  177.0  -21.0    nan  1.002  100.5  3.814  5.275   57.8   74.2
V  -69.5  -41.0  109.0 -178.8  168.7  -67.0  1.086   93.7  3.829  5.360   56.3   81.8
Q  -61.2  -48.9  108.7  178.2  169.6    nan  1.032   96.1  3.781  5.492   73.0   82.5
A  -51.2  -45.0  110.5 -179.7    nan    nan  1.045  104.5  3.850  5.350   76.9   86.6
A  -64.7  -44.0  108.5 -179.8    nan    nan  1.035   96.2  3.841  5.233   61.2   76.8
Y  -68.3  -31.0  112.2  177.5  -92.3    nan  1.099   97.8  3.832  5.436   52.7   73.8
Q  -62.1  -43.0  107.9  178.5  -68.7    nan  1.105   99.0  3.822  5.628   76.0   91.3
K  -62.5  -40.8  110.6  178.2  -66.0    nan  1.029   98.3  3.825  5.509   74.8   79.8
V  -67.2  -47.4  112.7 -179.2  168.6  -65.2  1.119   90.1  3.794  5.280   60.1   80.9
V  -64.7  -31.6  113.2 -177.0  -63.0   65.1  1.177  100.2  3.823  5.392   55.2   79.7
A  -68.1  -41.8  110.2  175.5    nan    nan  1.008   93.7  3.811  5.646   76.8   83.6
G  -60.0  -46.8  110.4 -179.2    nan    nan    nan   97.1  3.832    nan    nan   85.4
V  -64.6  -46.5  111.2  178.3  166.2  -66.8  1.097   93.3  3.771    nan    nan   74.7
A  -61.2  -44.2  107.2 -178.9    nan    nan  0.974   99.4  3.833  5.380   72.7   79.9
N  -63.1  -41.7  110.9  179.1  -63.4    nan  1.129   97.2  3.809  5.241   53.2   78.5
A  -60.6  -42.3  110.7  178.6    nan    nan  1.081   99.0  3.861  5.463   67.6   83.6
L  -73.0  -22.2  113.7  180.0  -73.8    nan  1.125   97.2  3.825  5.342   48.0   73.1
A  -92.2  -13.2  109.1  179.2    nan    nan  0.976   83.6  3.812  5.413   60.3   72.5
H  -52.2  -42.8  118.6 -174.9 -155.4    nan  1.159  101.1  3.828  5.707   98.5  124.3
K  -89.2   11.7  115.3 -179.1  -61.6    nan  1.089   95.8  3.848  5.205   44.3   59.9
Y  -76.6  146.8  106.5 -179.8  -85.1    nan  1.034   87.6  3.839  5.921  107.1  118.3
H -159.2    nan  110.1 -177.3   57.5    nan  0.983    nan  3.812  5.690 -179.8  164.3
