Id   phi    psi    tau  omega    chi    chi2  solid    eta  CA-CA  CB-CB  BA^AB  NA^AC
M    nan  159.7  114.1    nan   77.2    nan  1.184    nan    nan    nan    nan    nan
H  -90.8  106.4  115.7 -177.1 -160.2    nan  1.101  114.8  3.755  5.248  -97.6 -114.1
L -127.9  136.7  110.6  177.6  -82.9    nan  1.047  129.6  3.787  5.907  164.8  148.6
T  -71.1  159.8  107.6  174.9   78.3  -47.2  1.033   78.2  3.824  5.799 -111.1 -120.6
P  -53.2  -36.6  110.9  178.3  -20.2    nan  0.973  108.1  3.817  5.245  -64.0  -74.2
E  -65.6  -43.8  110.4 -178.1  -30.3    nan  1.086   94.5  3.817  5.348   62.9   85.8
E  -68.0  -43.1  110.7  178.5  -61.1    nan  1.045   92.8  3.784  5.260   64.4   74.6
K  -62.4  -44.0  110.2 -179.4 -108.5    nan  1.069   96.9  3.817  5.458   67.3   82.2
S  -67.5  -34.2  112.8 -179.1   34.5    nan  1.218   96.6  3.749  5.332   51.9   78.1
A  -62.9  -39.0  110.3  179.9    nan    nan  1.025   99.1  3.808  5.621   86.8   89.8
V  -67.4  -54.4  110.3 -177.5  162.0  -76.4  1.115   87.9  3.823  5.288   59.6   81.9
T  -60.3  -46.9  113.2 -178.3  -77.8  158.7  1.095   95.1  3.769  5.149   58.8   75.0
A  -59.6  -44.1  112.6 -179.6    nan    nan  1.094   97.6  3.778  5.307   61.9   82.3
L  -69.6  -41.4  110.0 -176.5 -144.4    nan  1.057   92.8  3.808  5.310   58.2   77.3
W  -62.5  -28.8  112.1 -176.3 -158.3    nan  1.115  104.2  3.793  5.313   62.9   86.3
G  -59.4  -26.1  111.3  178.7    nan    nan    nan  108.6  3.834    nan    nan   96.7
K  -98.3   -4.2  113.7 -179.1  -32.9    nan  1.083   80.0  3.833    nan    nan   64.1
V  -82.8  128.4  110.5 -177.9  165.6  -68.6  1.017  101.2  3.844  5.675   86.5  100.5
N  -85.4  107.9  102.0  173.3  166.1    nan  0.998  100.0  3.850  5.938 -139.5 -146.0
V  -60.0  -39.6  115.7 -175.4  167.2  -68.1  1.191   98.4  3.829  6.081 -135.3 -127.5
D  -54.3  -56.0  109.2  179.2  -58.5    nan  1.054   96.1  3.783  5.564   82.6   92.5
E  -62.3  -50.5  115.2 -178.4  -96.0    nan  1.088   90.3  3.809  5.135   56.5   71.4
V  -68.8  -40.8  109.7 -179.9  165.8  -68.9  1.070   93.9  3.826  5.115   53.1   70.0
G  -54.8  -48.4  111.5  179.1    nan    nan    nan   99.2  3.803    nan    nan   90.1
G  -61.8  -43.0  111.7 -179.2    nan    nan    nan   97.1  3.818    nan    nan   78.5
E  -66.3  -45.6  111.9 -178.2 -107.4    nan  1.044   92.1  3.792    nan    nan   79.8
A  -60.0  -53.7  110.2  178.4    nan    nan  1.105   93.2  3.800  5.263   62.4   80.5
L  -64.1  -40.3  112.5 -179.7 -172.3    nan  1.114   96.4  3.816  5.318   53.5   71.4
G  -61.5  -45.7  110.5 -178.7    nan    nan    nan   96.5  3.816    nan    nan   86.6
R  -64.2  -34.2  111.3  179.9  -76.2    nan  1.111  100.2  3.819    nan    nan   77.7
L  -59.6  -48.0  110.5  177.6  176.8    nan  1.070   96.5  3.831  5.589   79.1   90.7
L  -66.4  -28.8  111.5 -178.0  -95.2    nan  1.058  100.9  3.799  5.124   57.4   74.8
V  -83.4  -50.9  111.4  179.7  169.0  -65.8  1.097   78.0  3.821  5.439   50.2   75.1
V  -73.4  -33.5  112.2 -176.4  178.8  -56.5  1.125   92.2  3.844  5.185   46.4   67.7
Y -126.7   76.5  108.3 -179.2  -59.7    nan  0.992   96.1  3.835  5.036   11.8   27.9
P  -59.4  -25.8  114.5 -173.5   16.0    nan  1.082  107.7  3.790  6.094 -166.6 -158.4
A  -55.7  -29.9  108.1  179.5    nan    nan  1.015  111.1  3.794  5.712   91.0  103.6
T  -62.0  -17.4  113.8 -178.4   63.7  -61.0  1.129  110.0  3.832  5.520   75.4   96.0
Q  -62.8  -16.6  112.2  178.2  -63.9    nan  1.027  110.0  3.810  5.726   95.0  104.3
R  -59.1  -21.4  112.3 -179.4   75.4    nan  1.080  111.1  3.821  5.664   92.5  110.2
F  -90.8   -3.7  114.2  178.0  -57.5    nan  1.062   87.7  3.836  5.464   57.8   74.7
F -131.3   40.3  114.5 -173.7  -56.9    nan  1.032   72.4  3.856  5.079   39.2   56.1
E  -54.8  -36.6  113.6  178.4  -74.9    nan  0.993  105.5  3.822  6.194  164.9  164.0
S  -85.4    8.8  114.1  179.8   82.1    nan  1.060   98.1  3.791  5.023   47.3   67.4
F  -85.0  -11.5  113.8 -175.6  -89.8    nan  1.098   90.2  3.868  5.798   93.2  113.0
G  110.2 -150.4  107.5 -178.6    nan    nan    nan  116.1  3.768    nan    nan  -85.7
D  -77.2  117.3  111.8 -177.0 -165.4    nan  1.018  102.7  3.775    nan    nan  -34.8
L -131.6   18.6  110.4  179.3  -52.2    nan  1.003   56.8  3.801  5.833  169.6  159.3
S  -66.7  -30.2  116.0 -176.5   66.0    nan  1.167   98.1  3.821  5.933  113.2  138.4
T -134.7  160.1  111.7  179.2   67.0  -57.1  1.051  138.7  3.829  5.000    7.5   23.0
P  -53.5  -42.3  111.4 -179.9  -27.5    nan  1.033  104.0  3.804  5.289  -69.2  -74.2
D  -65.5  -43.1  111.2 -177.4  -89.9    nan  1.133   94.5  3.794  5.253   53.0   81.7
A  -62.9  -52.3  107.6  176.7    nan    nan  0.983   93.7  3.792  5.438   71.8   77.6
V  -58.3  -53.5  111.2  179.1  169.1  -67.3  1.116   93.7  3.828  5.207   56.2   75.7
M  -61.4  -35.7  116.0 -177.3  -58.1    nan  1.175   99.5  3.816  5.288   55.1   76.9
G  -95.0    7.0  113.6  179.1    nan    nan    nan   87.9  3.840    nan    nan   59.7
N  -70.1  120.7  109.1 -179.5 -178.6    nan  1.082   95.2  3.846    nan    nan  120.8
P  -63.0  -33.8  112.4 -178.8   26.8    nan  1.014  100.8  3.787  5.742 -109.1 -125.9
K  -69.3  -36.9  110.4  179.6  -84.7    nan  1.094   95.0  3.813  5.395   59.3   83.8
V  -63.9  -51.7  110.1  174.9  163.9  -71.1  1.084   91.7  3.830  5.372   65.5   81.3
K  -60.5  -39.9  111.2  177.9  -55.8    nan  1.063  100.1  3.838  5.476   59.7   73.9
A  -64.1  -45.4  112.4 -179.7    nan    nan  1.058   93.6  3.831  5.328   70.6   83.9
H  -66.3  -42.4  109.8 -179.4 -164.7    nan  1.052   95.0  3.796  5.302   60.1   76.6
G  -54.3  -43.0  110.3  178.0    nan    nan    nan  103.6  3.793    nan    nan   87.8
K  -66.3  -38.6  110.9 -179.3  168.7    nan  1.105   96.4  3.821    nan    nan   78.5
K  -65.8  -46.9  112.1  179.4  -72.8    nan  1.028   91.7  3.800  5.445   71.2   82.4
V  -61.9  -50.9  110.8 -178.5  169.0  -63.8  1.065   93.1  3.804  5.099   60.3   80.1
L  -67.9  -29.3  113.7 -178.1  -99.0    nan  1.167   98.4  3.828  5.311   42.9   71.9
G  -63.9  -42.2  108.1  176.6    nan    nan    nan   98.0  3.780    nan    nan   90.2
A  -70.7  -37.0  107.4  179.3    nan    nan  1.075   95.4  3.853    nan    nan   72.8
F  -61.7  -43.8  107.6  175.0 -177.9    nan  1.063   99.1  3.819  5.570   67.9   82.5
S  -59.9  -37.5  112.3  179.0  -47.3    nan  1.131  101.4  3.842  5.586   68.1   82.5
D  -59.5  -41.2  112.3  177.3  -65.1    nan  1.073   99.6  3.837  5.479   80.8   87.6
G  -67.9  -25.4  110.7 -179.4    nan    nan    nan  101.5  3.831    nan    nan   79.2
L  -66.8  -25.6  109.9  179.8 -114.2    nan  1.061  102.7  3.804    nan    nan   93.5
A  -81.3  -12.5  110.2  179.2    nan    nan  1.054   94.2  3.793  5.361   57.7   78.9
H -133.0   48.3  112.9 -178.5  -41.0    nan  1.088   76.0  3.826  5.230   17.2   42.0
L  -59.3  -23.7  113.2 -179.4 -113.6    nan  1.057  109.3  3.803  6.140  170.2  169.0
D  -77.3  -17.3  110.8 -179.9   56.8    nan  1.046   96.1  3.799  5.377   65.9   85.8
N -147.2   66.5  113.0 -178.6 -162.5    nan  1.124   81.9  3.842  4.963   -5.4   22.7
L  -63.4  -48.7  110.9 -178.7  -73.4    nan  1.098   93.2  3.795  6.156 -177.7 -178.2
K  -55.1  -47.1  112.3 -179.5  -86.4    nan  1.111   99.3  3.821  5.422   63.3   84.2
G  -65.6  -41.7  108.4  179.2    nan    nan    nan   96.7  3.845    nan    nan   74.1
T  -60.6  -44.3  112.5  179.6  -58.6  180.0  1.116   96.9  3.795    nan    nan   84.5
F  -98.5   10.0  117.1 -176.3  -67.7    nan  1.105   86.1  3.841  5.094   30.3   51.7
A  -55.2  -48.2  114.8 -177.9    nan    nan  1.085   97.2  3.843  6.005  130.0  140.5
T  -61.3  -49.8  111.6  180.0  -49.2 -172.1  1.117   93.7  3.834  5.381   61.0   79.2
L  -66.1  -31.1  110.3  177.4  -67.0    nan  1.066  100.6  3.824  5.338   58.6   70.1
S  -60.4  -49.5  110.0  177.3  179.3    nan  1.069   95.4  3.838  5.632   78.3   92.4
E  -65.2  -39.9  109.9  179.1  -61.2    nan  0.999   97.1  3.788  5.236   64.4   72.0
L  -58.9  -48.6  112.4  179.5  170.2    nan  1.038   95.5  3.818  5.270   73.6   88.0
H  -63.3  -31.2  111.2 -178.0  -76.4    nan  1.117  102.5  3.799  5.230   54.2   77.9
C  -81.9  -59.7  111.6  178.4  176.7    nan  1.048   75.9  3.815  5.499   60.3   73.8
D  -69.8  -42.1  115.0 -172.2  -63.5    nan  1.161   89.4  3.809  4.909   41.4   67.0
K -101.7  -42.8  114.6 -178.9  -48.7    nan  1.074   64.8  3.789  5.186   30.4   48.8
L  -86.4  -26.3  115.3 -175.3  -51.1    nan  1.103   82.4  3.771  4.931   41.4   66.0
H   60.9   42.1  112.3 -179.3  -49.4    nan  1.103   98.0  3.833  5.662 -150.5 -146.8
V  -93.7  122.6  109.7  178.8  174.6  -57.6  1.030  108.6  3.830  6.097  126.0  130.2
D  -60.5  123.8  106.5  174.8 -178.6    nan  0.918   86.1  3.811  5.657 -105.6 -127.7
P  -59.4  -16.8  115.4 -178.0   -5.6    nan  1.095  112.3  3.798  5.800 -120.8 -116.0
E  -57.7  -31.2  111.2  177.2 -176.1    nan  1.028  107.4  3.789  5.741   95.4  108.8
N  -62.0  -27.6  111.4  177.0  -64.8    nan  1.055  105.5  3.836  5.415   74.3   90.4
F  -65.2  -38.1  111.4  177.1  -52.2    nan  1.129   97.2  3.860  5.669   72.0   91.5
R  -67.9  -42.4  111.0  177.5  -84.5    nan  1.048   93.1  3.795  5.450   71.0   79.0
L  -61.2  -46.5  110.3  178.9  -68.9    nan  1.052   96.4  3.826  5.363   70.1   82.5
L  -60.8  -43.5  110.9  179.5  176.5    nan  1.124   98.0  3.816  5.298   59.0   79.5
G  -55.4  -44.9  109.2  177.1    nan    nan    nan  102.2  3.829    nan    nan   85.1
N  -70.2  -41.6  110.3 -178.8  -77.7    nan  1.092   92.1  3.849    nan    nan   73.1
V  -64.6  -40.4  109.5  177.5  176.7  -61.6  1.095   97.5  3.782  5.386   63.8   79.0
L  -59.5  -40.7  111.2  177.9  176.4    nan  1.094  100.5  3.809  5.544   69.3   85.5
V  -60.1  -43.3  110.1 -179.0  165.4  -71.0  1.153   99.1  3.830  5.439   62.9   86.9
C  -57.9  -43.1  111.2  178.2  -73.9    nan  1.074  100.3  3.811  5.585   71.7   84.0
V  -66.1  -42.0  109.9 -177.7  163.4  -69.2  1.067   95.3  3.843  5.306   64.1   79.8
L  -63.9  -42.4  108.7  178.9  -62.6    nan  1.063   97.5  3.811  5.395   62.7   79.8
A  -64.9  -38.5  109.8  179.9    nan    nan  1.016   98.1  3.807  5.461   68.0   79.5
H  -64.6  -45.1  111.7 -180.0 -170.9    nan  1.028   93.8  3.839  5.325   70.5   83.6
H  -72.8  -45.9  112.9 -178.6 -173.1    nan  1.065   86.5  3.771  5.115   51.8   72.0
F  -89.1  -16.0  117.9 -177.2  -66.8    nan  1.146   83.5  3.830  5.072   31.6   58.7
G   55.7 -132.9  112.0 -178.7    nan    nan    nan   81.0  3.845    nan    nan -141.2
K  -50.7  -29.1  114.9 -179.0  107.4    nan  1.164  113.3  3.801    nan    nan   11.0
E  -67.8  -24.3  111.2  178.1  -46.8    nan  1.024  101.9  3.834  5.779   84.2   88.6
F  -86.5   72.5  107.4  179.0 -162.3    nan  1.048  107.6  3.836  5.271   60.7   74.6
T  -74.4  164.8  112.4 -177.2   63.0  -55.7  1.023   80.6  3.813  6.208 -176.6 -179.8
P  -48.8  -49.2  111.8  178.7  -33.8    nan  1.093  102.7  3.807  5.133  -68.1  -65.5
P  -63.7  -36.7  112.9  178.4  -12.3    nan  1.038   98.4  3.829  5.367   55.4   74.3
V  -66.7  -43.9  109.0  178.1  166.2  -73.0  1.089   94.4  3.819  5.384   57.8   82.2
Q  -59.3  -44.4  111.1  179.9  167.0    nan  1.075   98.5  3.800  5.539   67.9   83.7
A  -55.4  -41.4  111.7 -178.8    nan    nan  1.061  103.0  3.776  5.263   74.1   88.3
A  -68.1  -40.1  108.0 -178.6    nan    nan  1.096   95.7  3.847  5.317   54.6   78.5
Y  -68.7  -33.5  112.2  177.7  -93.9    nan  1.076   96.2  3.818  5.450   58.2   76.7
Q  -65.0  -36.3  109.4  180.0  -69.3    nan  1.058   99.3  3.791  5.566   72.7   88.3
K  -70.2  -38.4  108.6 -178.6  -72.8    nan  1.004   94.5  3.791  5.422   71.9   81.0
V  -65.7  -49.3  112.2 -179.3  169.9  -67.2  1.140   90.4  3.818  5.282   61.4   83.4
V  -64.9  -32.1  112.5 -179.8  -56.3   65.7  1.151  100.1  3.840  5.402   54.0   74.8
A  -68.9  -36.9  108.7  177.2    nan    nan  0.961   96.2  3.853  5.597   76.6   83.2
G  -64.6  -45.1  109.9  179.7    nan    nan    nan   94.9  3.819    nan    nan   84.1
V  -65.3  -48.0  109.3  179.8  170.4  -65.4  1.129   93.2  3.778    nan    nan   76.2
A  -57.4  -41.9  109.6  177.8    nan    nan  1.019  102.2  3.816  5.520   70.3   79.4
N  -66.8  -41.4  112.2  178.9 -106.2    nan  1.081   93.8  3.790  5.350   61.0   78.2
A  -62.9  -40.1  109.2  179.6    nan    nan  1.041   99.2  3.789  5.333   70.8   82.5
L  -69.5  -27.0  115.4  180.0  -92.1    nan  1.095   97.5  3.854  5.317   57.9   78.7
A  -91.6   -7.8  113.6 -180.0    nan    nan  0.980   85.3  3.811  5.287   54.1   70.8
H  -52.3  -42.7  117.2 -177.0 -166.9    nan  1.136  101.8  3.804  5.674  102.0  127.0
K  -92.4   11.6  114.3 -178.1  -43.8    nan  1.138   92.4  3.819  5.192   34.3   57.9
Y  -69.7  145.7  109.6  178.9  -84.2    nan  1.089   83.7  3.822  6.001  116.2  124.3
H -161.6    nan  112.5 -178.4   63.6    nan  1.022    nan  3.801  5.590  174.9  160.8
