Id   phi    psi    tau  omega    chi    chi2  solid    eta  CA-CA  CB-CB  BA^AB  NA^AC
M    nan  125.6  108.2    nan  128.8    nan  1.148    nan    nan    nan    nan    nan
H  -86.5  105.1  115.5 -178.1 -162.5    nan  1.219  113.5  3.749  5.969 -135.4 -142.0
L -125.7  142.9  106.4  176.2  -81.7    nan  0.956  127.1  3.764  5.849  179.8  147.4
T  -71.6  163.0  104.1  175.7   65.7  -58.0  1.010   76.5  3.808  5.793 -110.7 -112.8
P  -58.6  -30.6  111.5 -179.7  -15.8    nan  1.018  106.8  3.799  5.236  -70.0  -74.1
E  -65.6  -45.6  109.4 -178.3  -60.1    nan  1.016   94.2  3.798  5.511   74.7   90.9
E  -66.8  -43.6  110.0 -179.0  -68.3    nan  1.046   93.9  3.783  5.092   63.3   75.4
K  -59.2  -42.5  109.9  179.1  -81.5    nan  1.019  100.4  3.777  5.394   72.7   83.4
S  -65.1  -36.3  115.1 -178.6  -58.3    nan  1.082   96.4  3.804  5.251   63.6   82.0
A  -63.3  -42.6  106.6  179.4    nan    nan  1.031   99.0  3.773  5.311   70.4   86.4
V  -64.7  -54.3  110.5 -178.3  167.9  -68.8  1.083   89.5  3.808  5.318   59.1   80.0
T  -57.6  -49.0  113.2 -177.9  -43.1 -163.5  1.077   95.8  3.791  5.285   63.2   78.0
A  -58.0  -50.9  112.7 -178.9    nan    nan  1.104   94.6  3.797  5.185   64.8   82.1
L  -65.7  -39.5  110.8  179.4 -135.5    nan  1.011   96.4  3.835  5.371   60.3   71.7
W  -57.5  -37.3  109.7 -175.1 -161.1    nan  1.157  104.8  3.787  5.311   67.1   93.1
G  -56.9  -21.3  111.8  178.8    nan    nan    nan  113.3  3.799    nan    nan   90.6
K  -95.5   -6.5  114.3 -179.6  -59.4    nan  1.049   81.8  3.818    nan    nan   71.5
V  -81.4  138.4  115.8 -176.1  160.9  -75.8  1.086  100.0  3.814  5.469   80.8  102.1
N  -95.1  104.0  100.3  172.3  171.7    nan  0.961  101.2  3.803  5.867 -134.2 -147.5
V  -57.1  -43.2  113.0 -175.4  178.0  -58.6  1.177   99.9  3.788  6.016 -136.2 -129.8
D  -61.8  -46.8  109.9 -177.5  -82.6    nan  1.199   95.9  3.769  5.488   59.6   84.6
E  -65.1  -53.1  114.2 -177.1  171.1    nan  1.032   87.4  3.809  5.479   72.4   78.6
V  -61.4  -35.4  110.3  179.3  162.0  -71.9  1.036  102.4  3.776  4.979   58.0   74.0
G  -60.6  -50.5  112.1 -179.7    nan    nan    nan   93.4  3.826    nan    nan   90.7
G  -60.9  -42.0  112.0  178.1    nan    nan    nan   98.2  3.807    nan    nan   75.4
E  -64.2  -49.5  110.7 -178.9 -112.4    nan  0.980   92.3  3.835    nan    nan   81.6
A  -63.9  -45.3  111.7 -178.3    nan    nan  1.068   94.2  3.795  4.993   56.3   76.0
L  -70.3  -41.8  110.5 -179.8 -171.0    nan  1.135   91.8  3.798  5.263   46.0   73.0
G  -58.9  -46.7  110.4  176.4    nan    nan    nan   97.8  3.790    nan    nan   83.3
R  -64.2  -34.8  111.7 -179.8  -85.9    nan  1.128   99.7  3.835    nan    nan   77.2
L  -59.4  -47.2  109.0  177.0  172.6    nan  1.016   98.0  3.820  5.602   82.5   89.8
L  -64.8  -30.9  113.1 -175.3 -101.0    nan  1.128  100.6  3.809  5.079   53.0   79.2
V  -81.9  -47.5  112.4  179.0  172.2  -64.6  1.061   79.5  3.801  5.431   55.6   74.4
V  -73.6  -38.6  111.5 -176.4  179.5  -58.5  1.116   90.1  3.820  5.124   46.4   70.6
Y -123.5   78.0  111.0  179.4  -54.4    nan  1.057  100.2  3.818  5.015    5.3   25.6
P  -55.3  -24.3  116.6 -176.5   -3.6    nan  1.141  111.5  3.798  6.111 -158.5 -156.5
A  -59.5  -27.9  110.9  179.0    nan    nan  1.020  107.7  3.816  5.703   90.9  101.9
T  -65.6  -15.5  112.7 -178.0   65.3  -57.8  1.131  107.7  3.790  5.440   69.8   94.7
Q  -67.6  -16.0  109.9  178.1  -62.0    nan  1.054  106.2  3.796  5.759   89.0  100.9
R  -51.0  -27.0  113.3 -179.2   82.7    nan  1.131  114.9  3.832  5.821  101.9  118.4
F  -91.5  -12.6  114.0 -177.7  -57.5    nan  1.025   83.4  3.848  5.466   61.0   72.2
F -116.0   24.4  116.4 -170.3  -56.4    nan  1.087   76.4  3.801  4.902   43.1   65.9
E  -59.4  -25.5  113.1  178.5  -65.1    nan  1.049  108.3  3.789  6.102  138.1  145.9
S  -82.3   -5.0  111.9  179.9   72.6    nan  1.090   95.8  3.841  5.389   59.0   80.4
F  -74.9   -7.4  113.7 -179.4  -78.6    nan  1.120  102.1  3.864  5.786   87.9  106.2
G   99.0 -135.8  111.1  178.0    nan    nan    nan  111.1  3.809    nan    nan  -96.1
D  -80.7  114.9  115.4 -176.4 -167.3    nan  1.101  108.4  3.801    nan    nan  -19.4
L -128.3   26.4  107.4  178.8  -59.1    nan  0.972   63.2  3.791  5.809  176.6  156.3
S  -65.3  -31.5  115.0 -174.6   85.1    nan  1.155   99.0  3.799  6.015  120.0  148.9
T -142.9  173.2  108.6  179.5   67.7  -54.7  1.000  144.5  3.809  4.939    0.6   13.2
P  -56.7  -45.0  108.8  179.1  -27.3    nan  0.990  101.3  3.801  5.049  -61.3  -62.5
D  -62.8  -43.4  111.9  179.3  -78.0    nan  1.087   96.0  3.780  5.167   52.4   78.8
A  -64.3  -39.8  110.8 -179.9    nan    nan  1.060   97.4  3.808  5.422   62.2   80.2
V  -66.5  -50.9  111.8  179.6  178.8  -55.4  1.071   89.3  3.813  5.372   63.9   80.8
M  -63.1  -29.1  110.2 -176.7  -53.4    nan  1.128  104.2  3.807  5.262   55.5   76.8
G  -96.1   -4.5  118.0 -176.9    nan    nan    nan   81.8  3.797    nan    nan   67.0
N  -69.1  119.6  110.2 -179.1 -171.0    nan  1.051   96.0  3.806    nan    nan  111.6
P  -62.1  -28.4  114.1  180.0   20.9    nan  1.034  103.9  3.797  5.832 -115.8 -125.6
K  -73.8  -38.0  109.9 -178.8  -77.6    nan  1.083   91.1  3.846  5.490   60.6   85.9
V  -61.3  -51.5  108.2  175.6  160.5  -69.6  1.005   94.8  3.805  5.409   74.4   83.0
K  -56.6  -45.7  111.8  179.5  -62.4    nan  1.078   99.3  3.809  5.254   60.6   78.6
A  -63.2  -40.3  111.8 -179.9    nan    nan  1.044   97.4  3.819  5.349   67.0   79.4
H  -67.8  -39.4  108.1 -179.3 -164.5    nan  1.125   96.2  3.810  5.381   57.7   79.4
G  -62.4  -38.1  112.9  177.9    nan    nan    nan   98.8  3.795    nan    nan   84.0
K  -61.3  -45.0  109.3  179.9  -64.8    nan  0.935   97.7  3.816    nan    nan   87.4
K  -60.6  -49.7  110.7 -178.7 -162.2    nan  1.027   94.7  3.815  5.014   67.4   82.0
V  -63.8  -50.4  109.2 -179.9  163.0  -69.8  1.089   93.1  3.817  5.193   52.4   74.1
L  -69.3  -26.8  114.2 -179.2 -112.4    nan  1.149   98.2  3.844  5.300   45.3   70.0
G  -62.5  -43.2  109.3  176.3    nan    nan    nan   97.8  3.811    nan    nan   94.1
A  -65.1  -43.3  109.9  179.0    nan    nan  1.044   95.4  3.824    nan    nan   77.5
F  -57.8  -47.6  107.8 -179.6  174.7    nan  1.030   99.7  3.787  5.299   70.8   85.2
S  -57.0  -45.6  111.0 -178.7 -164.4    nan  1.095   99.6  3.761  5.130   61.6   82.5
D  -67.0  -30.1  110.2 -179.1  -57.5    nan  1.171  100.3  3.791  5.278   48.1   75.9
G  -66.9  -28.1  112.4  179.1    nan    nan    nan  100.4  3.815    nan    nan   88.3
L  -68.5  -15.1  110.1  179.9 -111.5    nan  1.059  105.7  3.839    nan    nan   89.7
A  -84.4  -16.6  110.6  178.2    nan    nan  0.996   89.6  3.808  5.511   70.1   84.9
H -122.2   39.5  114.7 -177.5  -54.5    nan  1.018   79.2  3.841  5.088   29.8   49.5
L  -54.8  -27.1  110.6 -176.1 -100.6    nan  1.120  112.5  3.815  6.124  153.5  167.5
D  -80.6  -11.3  114.8  179.6  -88.6    nan  1.097   94.6  3.804  5.389   60.4   79.1
N -146.8   57.9  109.2 -179.3 -175.9    nan  1.059   73.0  3.807  4.975    6.6   27.8
L  -68.9  -39.6  111.7 -179.2  -68.5    nan  1.004   93.2  3.800  6.173  169.1  171.5
K  -58.5  -45.1  109.2 -176.3  -81.5    nan  1.105   99.8  3.793  5.297   66.9   91.4
G  -63.0  -46.3  112.7  179.5    nan    nan    nan   93.8  3.777    nan    nan   78.9
T  -62.1  -36.1  111.7 -178.8  -59.7  173.8  1.058  100.7  3.812    nan    nan   80.1
F -105.5    2.7  116.6 -175.7  -69.3    nan  1.102   75.7  3.828  5.072   26.5   52.1
A  -52.3  -49.4  112.8 -177.9    nan    nan  1.129   99.5  3.832  5.939  120.7  135.6
T  -66.3  -39.9  111.8 -179.2  -52.7 -172.9  1.132   95.1  3.823  5.465   56.0   73.8
L  -69.2  -32.2  109.8  178.4  -87.7    nan  1.029   97.5  3.802  5.383   66.7   77.2
S  -61.0  -50.6  108.2  178.2 -178.8    nan  1.032   95.5  3.814  5.552   74.3   90.9
E  -57.0  -46.4  112.8  178.8  -65.8    nan  1.056   98.0  3.807  5.301   66.2   78.7
L  -57.5  -48.2  112.1  179.3  176.5    nan  1.063   97.0  3.785  5.251   68.9   83.7
H  -62.9  -32.4  113.3 -176.5  -77.8    nan  1.125  101.3  3.796  5.274   57.4   80.5
C  -80.4  -58.8  110.5  178.6  174.2    nan  1.031   77.9  3.793  5.414   60.1   73.8
D  -72.7  -36.3  116.2 -172.0  -64.2    nan  1.166   89.4  3.820  4.951   37.7   65.5
K -111.9  -37.6  114.6 -177.3  -64.7    nan  1.085   57.9  3.797  5.017   24.3   46.1
L  -86.0  -25.8  115.7 -178.9  -52.2    nan  1.131   82.8  3.764  5.142   39.8   67.9
H   56.8   49.2  112.5 -179.8  -42.5    nan  1.069   96.6  3.847  5.659 -151.6 -150.1
V  -97.6  119.9  109.3 -178.3  173.2  -62.8  1.046  110.5  3.837  6.065  125.6  134.4
D  -60.2  123.1  105.5  176.4  179.5    nan  0.930   85.6  3.838  5.769 -109.1 -128.3
P  -57.7  -15.5  114.3 -178.9  -13.6    nan  1.072  114.9  3.851  5.866 -116.8 -115.5
E  -57.5  -33.1  109.7  176.8 -165.9    nan  1.058  107.2  3.778  5.696   93.6  109.6
N  -63.1  -30.9  111.8  179.7  -64.9    nan  1.058  102.7  3.854  5.457   73.9   89.7
F  -64.1  -36.8  109.3  177.3  -49.9    nan  1.095   99.9  3.824  5.570   70.7   89.1
R  -69.2  -43.4  110.8  179.3  -70.5    nan  1.125   91.7  3.822  5.415   61.0   80.1
L  -60.0  -47.1  109.6  175.7  -64.1    nan  1.014   97.4  3.830  5.464   71.7   79.6
L  -61.5  -43.5  111.3  179.4  175.0    nan  1.080   97.3  3.810  5.299   58.9   78.5
G  -56.5  -42.8  109.4  179.1    nan    nan    nan  102.5  3.799    nan    nan   86.1
N  -72.3  -37.6  110.2 -177.6  -76.4    nan  1.075   92.3  3.850    nan    nan   74.5
V  -65.6  -38.4  108.7  177.3  172.5  -62.5  1.110   98.2  3.808  5.445   63.7   81.2
L  -58.0  -48.7  110.5  176.9  176.6    nan  1.092   97.3  3.853  5.603   72.5   87.1
V  -58.6  -43.0  110.3  177.9  169.9  -66.5  1.095  100.3  3.837  5.380   61.2   78.3
C  -60.2  -41.8  110.0  177.7  -72.8    nan  1.052  100.0  3.838  5.604   70.2   81.8
V  -62.5  -45.1  112.1 -179.3  164.3  -74.1  1.163   95.1  3.812  5.305   61.7   83.4
L  -62.8  -40.3  109.8  178.7  -65.7    nan  1.038   98.9  3.782  5.426   66.8   78.8
A  -61.4  -45.3  109.5  179.2    nan    nan  1.040   97.4  3.806  5.414   67.9   84.2
H  -62.1  -42.8  109.6  179.8 -171.9    nan  1.040   98.1  3.831  5.328   65.2   79.0
H  -68.5  -42.9  115.5  180.0 -101.6    nan  1.064   89.8  3.793  5.353   63.3   76.9
F  -97.6  -12.7  118.5 -174.7  -69.1    nan  1.169   76.5  3.787  4.806   28.3   57.0
G   55.2 -129.4  108.8 -179.7    nan    nan    nan   80.9  3.785    nan    nan -138.8
K  -58.2  -22.5  115.0 -175.8   64.3    nan  1.167  110.5  3.779    nan    nan    8.6
E  -72.2  -15.5  112.1  179.0  -34.0    nan  1.048  101.5  3.805  5.667   82.7   92.0
F  -90.4   74.2  106.1 -179.2 -160.0    nan  1.023  105.4  3.808  5.420   61.7   80.2
T  -75.1  166.1  111.7 -175.5   63.6  -54.5  1.036   80.6  3.809  6.216 -179.8 -176.8
P  -51.1  -46.6  111.6  177.6  -23.9    nan  1.098  102.9  3.823  5.194  -69.4  -66.3
P  -66.0  -37.7  112.4  176.9  -10.2    nan  1.034   96.3  3.846  5.403   54.9   73.1
V  -66.5  -44.9  107.9  177.1  174.7  -63.2  1.083   94.8  3.867  5.442   58.5   79.8
Q  -56.6  -50.0  109.4  176.0  167.8    nan  1.055   98.1  3.806  5.547   70.9   81.6
A  -53.6  -42.8  112.1 -178.4    nan    nan  1.101  103.2  3.841  5.393   69.5   84.9
A  -62.5  -44.2  110.2  179.0    nan    nan  1.091   96.7  3.825  5.381   64.7   81.2
Y  -66.8  -34.2  113.2  177.6  -92.1    nan  1.074   97.0  3.833  5.387   58.2   75.2
Q  -59.7  -44.4  109.8  175.5  -67.0    nan  1.094   99.0  3.803  5.613   74.7   89.1
K  -62.1  -45.8  110.7  179.5  -69.3    nan  1.063   95.9  3.805  5.369   70.8   80.3
V  -60.3  -48.5  111.1  179.1  176.1  -61.4  1.140   95.4  3.831  5.340   60.6   80.4
V  -65.0  -34.6  110.5 -178.8  -55.8   69.6  1.236   99.6  3.828  5.499   49.3   75.6
A  -69.5  -39.4  108.8  178.1    nan    nan  1.022   94.5  3.808  5.675   77.5   81.1
G  -57.8  -49.5  112.3  179.5    nan    nan    nan   95.9  3.821    nan    nan   88.7
V  -63.9  -43.7  109.2  179.9  170.7  -66.1  1.084   96.5  3.789    nan    nan   74.2
A  -60.6  -43.6  109.4 -179.2    nan    nan  1.087   98.9  3.851  5.503   65.7   82.8
N  -62.3  -47.1  111.1  178.7  -83.2    nan  1.038   94.7  3.782  5.329   67.5   80.1
A  -59.6  -38.9  111.1  179.6    nan    nan  1.103  101.5  3.794  5.256   60.2   80.5
L  -75.1  -23.1  111.9 -179.3  -79.4    nan  1.112   95.5  3.838  5.414   54.1   74.8
A  -92.2  -11.4  111.1 -179.0    nan    nan  1.017   83.8  3.814  5.444   58.8   73.2
H  -52.7  -40.8  116.6 -174.4  174.5    nan  1.118  103.0  3.821  5.622  104.5  125.3
K  -94.4    9.1  116.8 -177.7  -53.6    nan  1.095   89.7  3.808  5.139   34.3   59.1
Y  -67.6  146.0  108.5  179.1  -81.5    nan  1.070   81.2  3.801  5.915  110.9  123.7
H -156.6    nan  107.5 -176.8   61.4    nan  1.005    nan  3.786  5.603  179.9  165.9
