Id   phi    psi    tau  omega    chi    chi2  solid    eta  CA-CA  CB-CB  BA^AB  NA^AC
V    nan  164.8  110.3    nan   70.2 -163.5  1.097    nan    nan    nan    nan    nan
L  -87.3  109.5  110.2 -179.4  -66.9    nan  1.051  108.0  3.790  5.444  -95.9 -101.4
S  -69.5  165.9  109.0  177.1   68.7    nan  0.952   74.6  3.790  5.840 -129.4 -146.2
P  -54.9  -36.2  110.7  175.9  -30.7    nan  0.997  107.0  3.817  5.200  -71.9  -71.1
A  -71.2  -34.2  109.6  178.3    nan    nan  1.039   95.0  3.838  5.396   55.2   78.4
D  -62.4  -48.1  108.6  179.0  -76.4    nan  1.061   95.7  3.838  5.514   72.1   88.3
K  -60.0  -41.0  111.5  179.6  -77.8    nan  1.110   99.7  3.779  5.249   61.9   78.8
T  -61.5  -46.6  110.7  178.7  -60.9 -178.7  1.116   95.9  3.789  5.458   65.6   83.4
N  -60.7  -49.1  112.2  179.8  -73.1    nan  1.090   94.0  3.836  5.407   65.7   79.7
V  -60.3  -49.4  111.1  179.2  173.1  -64.9  1.115   94.9  3.800  5.271   59.7   78.1
K  -60.3  -42.9  109.9  179.3  -70.4    nan  1.108   99.2  3.819  5.420   61.0   77.2
A  -60.0  -53.6  112.3  177.8    nan    nan  1.060   91.8  3.802  5.516   74.8   82.9
A  -59.4  -49.4  110.9 -176.5    nan    nan  1.093   95.6  3.794  5.116   62.1   78.2
W  -63.6  -32.6  113.2 -178.4 -153.7    nan  1.093  100.7  3.790  5.286   61.7   76.5
G  -59.6  -47.2  109.7  179.0    nan    nan    nan   97.5  3.787    nan    nan   92.9
K  -67.2  -31.1  110.1  178.1  -89.5    nan  1.025   99.6  3.795    nan    nan   70.9
V  -58.1  -50.3  103.3  179.6  157.7  -76.9  1.038  100.8  3.831  5.590   79.4   94.6
G   56.1 -127.6  112.0  176.2    nan    nan    nan   84.6  3.760    nan    nan -178.9
A  -66.8  -18.9  115.2 -177.2    nan    nan  1.128  104.3  3.783    nan    nan    2.1
H  -78.8   -3.3  114.8 -179.1  -50.5    nan  1.022   99.8  3.817  5.672   79.1   91.3
A  -45.4  -46.3  112.9 -176.4    nan    nan  1.126  106.5  3.818  5.804  120.9  137.8
G  -66.4  -43.2  112.3 -179.8    nan    nan    nan   93.0  3.811    nan    nan   76.1
E  -63.5  -38.9  109.1  177.9  165.1    nan  1.024   99.4  3.809    nan    nan   78.8
Y  -70.0  -33.8  111.7  179.1  -65.0    nan  1.089   95.2  3.838  5.365   58.0   77.7
G  -65.4  -44.4  108.2  178.5    nan    nan    nan   95.7  3.837    nan    nan   85.7
A  -64.3  -42.2  109.2  179.9    nan    nan  1.059   97.1  3.819    nan    nan   77.7
E  -62.8  -43.8  108.7 -177.1 -178.1    nan  1.033   97.6  3.825  5.410   71.7   83.6
A  -57.0  -44.9  111.2  178.2    nan    nan  1.036   99.8  3.822  5.297   71.6   84.1
L  -63.6  -45.0  109.8 -179.9  -73.2    nan  1.016   95.7  3.860  5.347   62.9   79.0
E  -59.3  -40.7  111.0  179.1  177.2    nan  1.111  100.7  3.799  5.325   61.2   82.1
R  -62.4  -43.9  110.5  177.8  -70.7    nan  1.063   96.8  3.810  5.443   70.2   82.2
M  -61.9  -48.2  112.2  179.8 -172.3    nan  1.090   93.8  3.794  5.291   63.1   81.3
F  -64.0  -35.9  111.8 -178.4  -58.1    nan  1.107   99.1  3.839  5.359   58.7   77.5
L  -76.2  -44.1  112.8  177.8  -65.5    nan  1.088   84.7  3.803  5.459   58.1   74.7
S  -76.6  -34.5  115.1 -176.9  -64.9    nan  1.082   87.5  3.800  5.200   53.8   71.9
F -130.3   81.7  107.5 -175.9  -52.9    nan  0.978   97.6  3.844  4.844    9.8   25.9
P  -55.3  -26.6  116.4 -176.0  -21.0    nan  1.089  110.3  3.798  6.074 -155.8 -151.4
T  -63.6  -25.4  111.9 -180.0   62.9  -62.1  1.132  104.9  3.794  5.562   71.6   97.2
T  -64.8  -21.4  111.1  179.5   63.2  -58.3  1.080  106.1  3.811  5.767   79.5   95.7
K  -66.8  -15.8  110.5 -179.8  -63.0    nan  1.083  106.9  3.824  5.704   82.0   97.8
T  -66.6  -14.8  111.2 -177.9   64.3  -58.6  1.110  107.4  3.825  5.737   86.9  105.0
Y  -95.5   -0.3  112.3 -179.2  -61.6    nan  1.090   84.4  3.823  5.582   57.5   78.6
F -132.8   54.3  110.4 -178.2  -58.6    nan  0.999   79.1  3.830  5.258   40.6   53.6
P  -69.4  -20.4  109.9 -178.2   30.1    nan  0.989  102.6  3.811  6.060  159.9  166.7
H  -90.5    4.5  114.3 -179.3   56.1    nan  1.050   91.3  3.801  5.345   51.1   76.4
F -108.5  152.2  110.3 -178.7  -89.9    nan  0.998  115.7  3.839  5.546   68.6   82.6
D  -87.8  112.1   99.6  170.7  176.8    nan  0.929   98.0  3.776  5.485 -114.1 -125.2
L  -98.8   17.2  112.2 -175.4  -61.4    nan  1.105   88.0  3.846  6.043 -170.2 -161.3
S  -73.5  154.0  109.6 -179.5   56.5    nan  1.135   83.4  3.807  6.031  108.3  127.5
H  -55.5  130.4  106.4  178.6  177.7    nan  1.012   79.0  3.764  5.323  -67.3  -86.0
G   87.6   -1.6  113.3  178.4    nan    nan    nan   93.1  3.806    nan    nan   24.5
S  -54.7  131.7  111.3 -177.9  165.2    nan  1.049   80.7  3.787    nan    nan  129.5
A  -65.8  -28.5  111.5  179.1    nan    nan  1.043  101.6  3.804  5.680 -105.9 -119.3
Q  -66.2  -41.5  110.6 -178.9  -70.0    nan  1.055   95.1  3.832  5.508   77.1   92.6
V  -68.1  -43.8  110.4  178.1  167.1  -68.3  1.046   92.6  3.812  5.229   60.1   76.0
K  -61.6  -43.8  108.4  178.3  -71.7    nan  1.007   98.7  3.798  5.406   67.4   79.8
G  -64.3  -46.2  108.9 -179.8    nan    nan    nan   95.1  3.833    nan    nan   78.3
H  -64.8  -41.5  110.4  178.3 -167.0    nan  1.076   96.3  3.786    nan    nan   75.1
G  -54.4  -43.2  113.2  177.1    nan    nan    nan  101.8  3.839    nan    nan   88.6
K  -63.9  -40.7  111.4  178.1 -154.3    nan  1.104   96.9  3.830    nan    nan   79.2
K  -64.0  -42.8  111.2  179.4  -66.4    nan  1.064   95.7  3.846  5.474   66.7   82.3
V  -63.1  -47.4  111.4  178.8  168.9  -68.5  1.073   93.8  3.807  5.355   63.4   80.7
A  -62.3  -43.6  109.5 -178.7    nan    nan  1.068   97.6  3.804  5.221   61.5   78.6
D  -61.8  -39.3  110.0  178.2  -72.6    nan  1.126  100.1  3.827  5.419   59.8   79.9
A  -62.9  -37.6  111.6  177.8    nan    nan  1.059   99.3  3.842  5.514   71.6   83.1
L  -70.2  -38.1  109.3 -178.9 -105.3    nan  1.021   94.3  3.861  5.292   62.9   79.5
T  -63.1  -42.8  108.7  176.7  -64.4  173.6  1.034   97.9  3.774  5.429   64.9   82.7
N  -61.9  -39.3  109.5  178.8  175.0    nan  1.054  100.3  3.835  5.351   63.6   80.4
A  -66.5  -41.9  110.6  178.9    nan    nan  1.058   94.6  3.848  5.431   63.1   80.0
V  -63.8  -40.1  108.9 -179.3  170.8  -66.3  1.034   98.6  3.823  5.376   67.0   81.6
A  -65.1  -29.9  112.7 -178.4    nan    nan  1.095  101.0  3.834  5.332   63.2   82.5
H -118.8   35.1  108.6 -178.4  -63.1    nan  0.954   76.5  3.805  5.078   29.0   39.2
V  -53.1  -28.2  112.0 -175.7   65.4 -171.0  1.148  112.8  3.786  6.096  146.1  167.2
D  -85.1  -10.7  113.5 -178.7  -77.0    nan  1.135   90.6  3.806  5.436   52.8   76.7
D -144.9   59.0  111.5 -178.9 -173.6    nan  1.072   76.1  3.838  5.077   11.2   30.5
M  -64.8  -44.8  114.3 -178.1  -87.8    nan  1.117   92.3  3.778  6.172  169.0  174.7
P  -55.8  -44.3  111.2 -177.5  -19.1    nan  1.042  101.2  3.799  5.290   73.3   89.4
N  -74.9  -41.1  110.4 -179.8 -178.3    nan  1.182   88.6  3.790  5.364   35.5   69.7
A  -59.1  -39.1  111.4 -179.5    nan    nan  1.042  101.6  3.793  5.570   81.2   87.4
L  -98.7   13.1  115.6 -175.7  -61.8    nan  1.086   87.2  3.815  4.970   31.5   55.0
S  -51.9  -48.6  116.0 -178.2 -159.7    nan  1.074   98.6  3.806  6.014  135.1  145.8
A  -67.0  -37.0  110.3 -177.4    nan    nan  1.087   96.9  3.786  5.085   54.0   75.9
L  -71.7  -32.5  111.1  179.0  -95.7    nan  1.040   94.7  3.819  5.358   59.3   77.9
S  -67.1  -43.4  109.2  176.4  -51.0    nan  1.002   94.3  3.847  5.618   71.9   84.0
D  -58.6  -47.9  109.8  178.3  -73.2    nan  1.014   97.8  3.820  5.309   75.5   83.1
L  -57.8  -49.8  113.6 -178.9 -176.8    nan  1.082   94.9  3.795  5.179   66.4   82.9
H  -68.6  -39.6  110.8 -178.4  -67.7    nan  1.143   94.0  3.778  5.257   48.2   72.1
A  -70.6  -43.7  115.1 -178.7    nan    nan  1.080   87.9  3.810  5.424   66.6   79.5
H  -99.5  -20.0  117.1 -175.4  -51.0    nan  1.165   72.0  3.764  4.887   22.1   53.4
K -117.3  -58.0  114.2 -179.8  177.4    nan  1.091   56.5  3.805  5.289   31.2   53.8
L  -66.7  -49.5  111.8 -178.9  -55.5    nan  1.088   89.9  3.799  4.971   46.6   66.3
R   52.0   50.8  115.5  176.4  -61.6    nan  1.125   97.2  3.797  5.498  171.4  179.3
V  -74.2  127.7  110.0  177.3  169.7  -66.7  1.016   95.4  3.788  6.156  156.7  152.5
D  -57.5  137.7  108.0  180.0 -170.3    nan  1.039   77.2  3.823  5.862 -107.2 -113.1
P  -55.4  -27.2  113.5 -178.7  -34.3    nan  0.986  110.8  3.854  5.559  -84.9  -99.7
V  -56.1  -34.5  112.0  178.7   82.6 -157.2  1.065  106.5  3.799  5.532   81.9  102.2
N  -63.6  -30.2  114.3 -176.2  -58.4    nan  1.150  101.5  3.824  5.365   68.2   92.6
F  -61.3  -34.8  110.5  178.7  -67.7    nan  1.101  102.7  3.788  5.610   77.8   94.2
K  -68.8  -37.2  109.9 -178.7  135.8    nan  1.093   95.5  3.839  5.483   65.4   84.2
L  -68.5  -41.8  109.9  179.3  -50.1    nan  1.061   93.6  3.802  5.404   63.4   80.6
L  -65.8  -44.3  110.2  178.4 -148.0    nan  1.049   94.2  3.833  5.489   63.3   78.2
S  -56.2  -47.0  108.8 -179.7  -68.8    nan  1.059  100.6  3.829  5.324   71.7   85.9
H  -58.8  -48.5  110.1  178.0  170.5    nan  1.046   97.1  3.829  5.430   66.6   79.2
C  -61.6  -35.8  114.1  179.6  -70.7    nan  1.120  100.1  3.852  5.263   58.1   77.7
L  -65.4  -44.2  106.8  176.7 -126.0    nan  0.958   96.6  3.814  5.438   73.9   82.6
L  -60.6  -45.8  109.2  178.9  -68.6    nan  1.098   97.8  3.840  5.333   57.0   80.2
V  -56.6  -45.2  110.7  177.5  175.9  -60.6  1.133  100.3  3.805  5.431   64.5   82.4
T  -60.6  -44.9  110.5 -180.0  -55.7 -176.3  1.093   97.6  3.843  5.564   66.1   81.2
L  -63.9  -46.7  108.5 -178.3  -96.5    nan  1.044   95.4  3.826  5.317   64.3   79.4
A  -53.3  -46.3  112.0  179.4    nan    nan  1.017  101.3  3.818  5.377   72.7   86.0
A  -69.1  -21.9  112.7 -175.8    nan    nan  1.108  101.3  3.807  5.057   52.8   76.0
H -110.6  -23.4  115.2 -178.5  -72.3    nan  1.056   61.2  3.794  5.293   39.3   57.6
L -122.7   65.9  109.9 -178.0  -62.9    nan  0.960   92.3  3.859  4.936   30.1   43.1
P  -51.2  -57.1  112.0 -178.4   22.3    nan  1.105   95.5  3.828  6.093 -179.8 -164.9
A  -55.9  -43.9  115.6  179.5    nan    nan  1.099   99.0  3.809  5.357   56.9   75.9
E  -77.0  -28.4  115.3 -176.7  -67.5    nan  1.049   89.9  3.806  5.201   58.1   72.4
F  -78.9   61.1  113.7 -177.5 -157.6    nan  1.109  116.0  3.834  5.263   61.5   82.8
T  -78.8  166.8  109.0  177.3   70.8  -49.3  1.033   83.3  3.803  6.203  162.7  159.2
P  -56.5  -39.6  110.7  178.7  -25.3    nan  1.018  103.7  3.813  5.247  -67.2  -69.2
A  -66.7  -41.7  111.9 -179.2    nan    nan  1.008   93.9  3.844  5.443   64.6   81.8
V  -69.5  -41.7  107.3 -179.5  161.6  -75.6  1.055   94.4  3.793  5.176   57.3   76.1
H  -55.1  -47.3  109.1  178.9  174.8    nan  1.051  101.0  3.826  5.460   74.0   87.8
A  -63.8  -43.6  110.5 -178.3    nan    nan  1.079   95.9  3.807  5.284   57.7   77.5
S  -64.0  -40.3  111.2 -179.2  -58.3    nan  1.051   97.2  3.834  5.466   66.3   80.5
L  -64.4  -40.4  110.3  179.9  -74.4    nan  1.122   97.3  3.825  5.286   61.2   82.2
D  -62.8  -44.6  108.9 -179.9 -168.4    nan  1.080   97.1  3.825  5.486   65.2   83.3
K  -64.6  -43.0  109.0  178.6  -72.9    nan  1.018   96.5  3.788  5.468   65.6   76.5
F  -60.6  -50.3  110.7 -179.8  169.1    nan  1.088   94.4  3.809  5.284   66.9   83.3
L  -61.6  -33.1  111.6  179.8  -62.9    nan  1.090  102.8  3.866  5.323   57.7   76.0
A  -66.2  -36.8  109.6  177.1    nan    nan  1.082   98.0  3.843  5.567   65.7   85.0
S  -67.8  -44.2  110.5  179.2  -70.4    nan  0.995   92.6  3.831  5.523   72.7   81.3
V  -61.8  -47.5  107.9  178.3  170.1  -64.2  1.048   96.9  3.809  5.230   64.9   79.2
S  -54.7  -45.7  113.5  177.7  -61.1    nan  1.114   99.9  3.828  5.391   67.3   82.8
T  -58.7  -47.7  112.2  176.5  -61.8  178.2  1.040   96.3  3.781  5.311   71.1   80.7
V  -60.7  -48.7  107.4  179.1  166.9  -67.4  1.086   97.3  3.814  5.288   56.9   78.0
L  -61.3  -22.3  115.2 -176.0  -77.7    nan  1.166  107.6  3.827  5.331   56.7   81.1
T -112.4    5.0  112.0 -177.8   59.5  -60.7  1.055   69.6  3.808  5.279   35.3   56.6
S  -65.4  -19.4  113.7 -175.1   66.7    nan  1.105  105.8  3.815  5.931  107.5  127.9
K -112.2   19.7  114.2 -178.2  -67.9    nan  1.050   76.8  3.817  5.146   39.5   61.0
Y  -62.5  -35.9  112.5 -176.6  -90.2    nan  1.053  100.1  3.791  6.012  126.7  142.6
R -152.3    nan  115.1 -177.3   74.7    nan  1.155    nan  3.751  4.640  -25.0    1.3
