Id   phi    psi    tau  omega    chi    chi2  solid    eta  CA-CA  CB-CB  BA^AB  NA^AC
V    nan  155.0  109.0    nan -147.0  -17.4  1.022    nan    nan    nan    nan    nan
L  -85.0  120.4  106.8 -179.8  -76.5    nan  1.029  101.8  3.775  5.465 -109.1 -110.7
S  -76.6  174.4  106.3  176.0   70.6    nan  0.956   78.3  3.789  5.886 -128.8 -141.6
P  -64.1  -35.9  111.6  178.7  -17.8    nan  1.012   99.2  3.811  5.161  -71.3  -67.3
A  -70.7  -32.8  108.9  178.9    nan    nan  1.028   96.4  3.799  5.382   58.8   79.7
D  -59.7  -46.5  107.6  179.2  -73.2    nan  1.057   99.1  3.812  5.607   79.0   92.1
K  -61.9  -35.7  113.2 -176.7  -43.2    nan  1.154  100.3  3.821  5.278   62.8   81.6
T  -67.7  -40.2  110.5  177.6  -57.2  179.0  1.051   94.6  3.793  5.477   70.1   81.8
N  -65.6  -47.0  111.8 -180.0  -66.5    nan  1.101   91.9  3.817  5.385   60.8   81.5
V  -60.0  -48.7  111.0  179.5  171.4  -64.6  1.032   95.6  3.825  5.327   67.3   80.3
K  -60.0  -40.6  109.7 -178.9  -73.2    nan  1.074  100.9  3.781  5.246   60.1   79.6
A  -68.9  -49.4  109.5  179.8    nan    nan  1.023   89.9  3.779  5.284   65.0   77.2
A  -65.6  -40.2  113.0 -179.8    nan    nan  1.078   94.9  3.812  5.246   53.6   73.8
W  -67.9  -35.8  111.1 -177.8 -157.7    nan  1.125   96.3  3.823  5.348   58.0   81.8
G  -56.0  -45.8  109.2  178.2    nan    nan    nan  101.2  3.795    nan    nan   92.5
K  -62.7  -35.7  110.9  179.1 -140.1    nan  1.066  100.8  3.830    nan    nan   77.6
V  -55.6  -53.8  104.4 -179.4  162.8  -73.3  1.045   99.7  3.802  5.484   81.8   94.0
G   53.7 -118.3  112.9  177.7    nan    nan    nan   89.7  3.733    nan    nan  177.4
A  -70.1  -15.8  114.4 -176.4    nan    nan  1.145  102.8  3.778    nan    nan   10.4
H  -89.5    3.4  113.9  178.7  -60.4    nan  0.999   91.9  3.822  5.687   73.4   82.0
A  -47.1  -50.1  111.2 -178.5    nan    nan  1.137  103.5  3.800  5.826  123.5  140.3
G  -65.2  -37.2  115.1 -179.5    nan    nan    nan   95.8  3.813    nan    nan   74.6
E  -73.5  -33.4  107.7 -180.0  140.5    nan  1.090   94.5  3.805    nan    nan   77.2
Y  -66.9  -41.1  110.4  177.1  -67.5    nan  1.090   94.9  3.818  5.619   66.8   83.6
G  -59.6  -44.4  108.7  178.9    nan    nan    nan   99.7  3.810    nan    nan   84.6
A  -63.5  -41.6  110.0  179.2    nan    nan  1.060   97.5  3.834    nan    nan   78.2
E  -64.1  -43.3  111.2 -179.0 -179.9    nan  1.073   95.5  3.803  5.388   65.9   82.4
A  -60.1  -41.8  109.4 -179.9    nan    nan  1.031  100.4  3.820  5.379   71.5   83.6
L  -63.3  -46.3  110.2  178.7  -64.4    nan  1.058   95.0  3.840  5.415   64.4   80.8
E  -59.6  -41.1  112.0  178.4  167.7    nan  1.097   99.7  3.782  5.376   64.6   80.6
R  -60.6  -40.6  111.6  176.3  -67.5    nan  1.065   99.4  3.805  5.436   71.9   82.9
M  -63.2  -47.3  112.9  178.4 -172.5    nan  1.077   92.9  3.871  5.385   67.0   82.1
F  -60.8  -36.9  112.5 -179.4  -66.7    nan  1.095  100.9  3.835  5.309   63.4   80.6
L  -78.6  -47.3  111.3 -179.3  -79.3    nan  1.033   82.7  3.773  5.277   58.3   72.8
S  -74.7  -38.2  115.0 -176.2  -72.3    nan  1.096   87.4  3.816  5.139   48.4   71.0
F -127.7   76.5  109.0 -175.6  -51.0    nan  0.985   96.2  3.821  4.767   10.7   24.8
P  -56.9  -24.9  116.2 -177.1   14.4    nan  1.123  109.8  3.816  6.116 -167.9 -158.9
T  -61.2  -21.8  111.7  178.1   66.5  -58.5  1.102  109.1  3.801  5.697   79.4   99.2
T  -70.3  -17.1  110.7  179.9   66.1  -52.9  1.068  102.9  3.824  5.685   76.9   94.2
K  -68.2  -18.4  111.2  179.1  -69.3    nan  1.069  104.3  3.814  5.739   83.0   99.8
T  -61.0  -20.5  111.6 -179.1   70.8  -57.7  1.156  110.0  3.828  5.715   86.3  106.5
Y  -91.3   -8.5  114.2  178.4  -65.3    nan  1.049   85.2  3.805  5.541   61.5   75.1
F -124.3   49.8  112.0  179.8  -59.9    nan  1.044   82.7  3.855  5.196   33.0   53.8
P  -70.9  -20.8  111.4 -179.6   30.9    nan  1.005  100.6  3.824  6.056  153.6  160.8
H  -86.7    2.4  114.1 -178.5   56.4    nan  1.059   94.3  3.827  5.426   55.3   80.4
F -109.9  155.6  111.6 -176.2  -90.4    nan  1.012  116.9  3.816  5.483   66.7   81.5
D  -89.7  108.7   98.2  170.5  170.4    nan  0.910   97.6  3.761  5.425 -111.8 -123.1
L  -96.5   17.4  111.8 -177.5  -63.2    nan  1.111   90.2  3.825  6.023 -174.4 -163.2
S  -67.1  151.0  108.5  179.7   71.4    nan  1.137   78.6  3.819  6.048  114.5  132.4
H  -54.1  126.9  110.8 -179.4  172.3    nan  1.060   83.0  3.770  5.445  -68.4  -85.2
G   75.9   10.1  116.8  178.1    nan    nan    nan   99.4  3.815    nan    nan    6.9
S  -54.6  143.5  109.6  179.0   96.9    nan  1.005   72.3  3.841    nan    nan  136.9
A  -63.5  -29.6  111.3  179.8    nan    nan  1.031  103.1  3.826  5.666  -96.0 -101.4
Q  -61.3  -47.0  108.4 -179.4  -96.3    nan  1.052   97.2  3.796  5.467   78.7   94.9
V  -70.5  -40.3  111.3  179.0  176.0  -59.8  1.094   91.9  3.839  5.276   50.5   69.5
K  -63.2  -45.1  108.2  179.2  -59.7    nan  1.048   97.0  3.806  5.525   69.4   82.6
G  -60.8  -46.2  112.9  178.6    nan    nan    nan   95.2  3.812    nan    nan   80.2
H  -64.3  -42.0  110.5  179.9 -166.4    nan  1.085   96.4  3.813    nan    nan   77.5
G  -57.6  -38.4  111.1  179.3    nan    nan    nan  103.3  3.812    nan    nan   86.4
K  -71.2  -38.8  113.4  177.6  132.9    nan  1.202   90.9  3.826    nan    nan   76.5
K  -65.8  -39.8  108.4  176.6  -73.5    nan  1.010   97.5  3.832  5.640   72.8   79.5
V  -63.8  -45.6  110.7  178.4  170.0  -67.7  1.160   94.7  3.830  5.334   57.9   81.7
A  -64.1  -41.2  112.3  178.4    nan    nan  1.000   95.9  3.860  5.474   70.0   76.7
D  -58.1  -46.0  109.9  178.6  -81.3    nan  1.065   99.2  3.802  5.333   68.9   86.5
A  -58.9  -42.4  110.3  178.5    nan    nan  1.060  100.4  3.827  5.360   69.4   80.6
L  -64.4  -41.2  109.0  178.6 -107.5    nan  1.043   97.6  3.835  5.231   63.0   78.5
T  -62.0  -42.9  111.9  176.8  -58.7  178.5  1.086   96.9  3.776  5.443   60.8   81.5
N  -60.8  -43.1  110.1  178.0  177.7    nan  1.024   98.7  3.809  5.364   69.6   81.9
A  -65.9  -40.4  110.2 -179.0    nan    nan  1.098   96.2  3.813  5.340   56.0   79.2
V  -63.2  -44.0  109.6  179.9  166.1  -66.8  1.088   96.7  3.842  5.481   66.2   83.2
A  -58.1  -34.1  111.7  177.7    nan    nan  1.029  105.2  3.817  5.420   70.9   82.7
H -119.5   44.4  109.8 -178.2  -54.5    nan  1.012   81.6  3.823  5.034   17.0   35.8
V  -58.6  -24.6  111.4 -178.0   96.5 -136.7  1.131  110.1  3.748  6.057  153.6  168.0
D  -83.5  -15.4  112.3 -179.8  -66.7    nan  1.163   90.5  3.821  5.548   50.9   80.1
D -146.0   61.5  113.1 -179.9  177.4    nan  1.099   78.3  3.835  5.047    4.8   25.1
M  -60.8  -45.7  112.0 -179.4  -81.2    nan  1.058   96.1  3.823  6.216 -177.6  178.4
P  -50.2  -46.4  110.7 -179.9  -29.6    nan  1.038  104.1  3.784  5.203   75.3   91.2
N  -75.9  -38.8  110.7 -179.6  -81.1    nan  1.134   88.5  3.782  5.279   35.1   66.7
A  -64.8  -37.0  114.2 -179.1    nan    nan  1.144   96.7  3.756  5.455   65.6   85.5
L -102.3   20.6  113.3 -178.6  -56.0    nan  1.012   86.4  3.852  5.130   36.4   52.5
S  -47.2  -55.3  112.9 -175.5 -145.6    nan  1.070   98.7  3.783  6.061  141.9  158.5
A  -61.3  -42.0  111.1 -178.2    nan    nan  1.028   98.4  3.762  5.029   61.4   73.8
L  -66.4  -38.6  109.1 -178.1 -137.3    nan  1.077   97.2  3.791  5.120   56.5   80.1
S  -64.4  -39.1  110.2  178.2  171.5    nan  1.050   98.0  3.808  5.448   62.9   81.9
D  -67.8  -44.0  112.3  177.4  -70.2    nan  1.091   91.6  3.842  5.474   59.7   78.9
L  -59.3  -40.4  112.9 -178.9  165.8    nan  1.043   99.9  3.835  5.308   71.5   85.5
H  -74.9  -38.8  109.5 -176.7  -70.9    nan  1.140   90.1  3.806  5.355   45.6   75.4
A  -70.8  -41.4  113.1  179.1    nan    nan  1.089   90.1  3.815  5.438   64.4   77.3
H -101.4  -23.7  118.2 -176.0  -49.8    nan  1.098   68.5  3.801  5.101   28.2   53.4
K -113.7  -59.3  112.2 -177.2  -34.3    nan  1.057   59.8  3.787  5.098   34.0   55.2
L  -64.6  -50.9  112.2 -177.8  -52.4    nan  1.148   90.3  3.782  4.960   43.1   67.6
R   53.7   52.0  113.6  178.3  -71.7    nan  1.075   96.3  3.807  5.533  178.9 -178.2
V  -77.8  132.0  109.7  179.0  173.8  -63.9  1.022   95.9  3.786  6.184  150.8  153.0
D  -60.0  136.0  107.7  178.0 -173.5    nan  1.040   79.8  3.836  5.812 -104.8 -112.5
P  -54.3  -26.1  114.3 -179.2  -31.6    nan  1.030  112.2  3.819  5.563  -88.4 -100.2
V  -56.1  -36.5  111.9 -179.0  156.2  -79.4  1.091  105.3  3.775  5.552   82.7  105.4
N  -63.1  -27.8  113.1 -175.8  -59.3    nan  1.112  103.7  3.791  5.384   68.3   91.2
F  -63.6  -35.7  110.6  179.8  -67.1    nan  1.121  100.2  3.831  5.683   76.2   94.9
K  -69.7  -33.5  108.8 -179.5   79.8    nan  1.181   97.0  3.811  5.410   58.0   81.4
L  -73.2  -41.9  111.4  177.6  -51.3    nan  1.046   89.0  3.805  5.594   66.9   78.9
L  -64.0  -44.1  108.9  178.2 -148.1    nan  1.044   96.4  3.827  5.434   63.6   79.7
S  -53.9  -46.1  111.3  179.5  -69.0    nan  1.047  101.3  3.852  5.416   76.2   87.8
H  -59.4  -47.5  108.4  177.9  174.0    nan  1.086   98.2  3.838  5.355   63.6   79.4
C  -68.6  -31.4  111.9 -178.8  -59.1    nan  1.170   97.5  3.817  5.355   49.8   73.1
L  -66.1  -43.1  107.5  175.7 -119.9    nan  1.040   96.2  3.839  5.652   75.8   85.0
L  -61.6  -42.4  112.2  178.6 -119.9    nan  1.049   97.3  3.869  5.414   65.4   81.1
V  -60.6  -42.3  110.4  178.3  167.4  -68.0  1.066   99.1  3.817  5.372   64.5   83.1
T  -60.8  -52.7  109.8 -179.1  -59.1 -179.0  1.090   93.4  3.836  5.477   66.4   84.0
L  -57.0  -47.6  108.7  178.2 -102.3    nan  1.045   99.7  3.818  5.170   62.2   75.8
A  -54.9  -47.2  112.6  177.2    nan    nan  1.043   99.3  3.848  5.460   67.0   82.1
A  -66.0  -23.4  112.4 -179.0    nan    nan  1.082  103.6  3.844  5.212   58.5   75.9
H -107.4  -23.0  116.5 -177.7  -70.2    nan  1.109   63.8  3.822  5.247   37.4   60.1
L -115.5   66.8  111.4 -177.9  -56.4    nan  1.004   97.6  3.851  5.158   37.3   51.7
P  -53.8  -45.9  112.0 -178.5   15.2    nan  1.027  101.2  3.845  6.108 -169.0 -166.8
A  -70.3  -37.1  115.3 -175.9    nan    nan  1.098   91.5  3.818  5.252   51.6   76.7
E  -89.8  -18.1  118.3 -173.3  -61.8    nan  1.081   81.7  3.778  5.074   49.2   70.2
F  -84.3   62.0  113.9 -175.8 -158.9    nan  1.135  113.7  3.806  5.332   63.7   88.7
T  -82.0  167.3  107.6  179.3   71.0  -48.4  0.964   86.0  3.817  6.185  167.7  157.4
P  -53.4  -42.0  112.2  179.1  -26.0    nan  1.035  103.8  3.812  5.256  -67.4  -65.1
A  -67.6  -44.3  112.2 -177.5    nan    nan  1.097   91.6  3.804  5.297   55.8   80.4
V  -64.8  -43.1  108.1  178.0  167.7  -68.9  1.116   96.8  3.820  5.375   58.0   76.1
H  -55.0  -47.9  108.9  177.4  178.6    nan  1.033  100.8  3.823  5.487   75.1   85.6
A  -61.8  -43.1  110.7 -178.8    nan    nan  1.043   97.6  3.821  5.384   61.7   78.4
S  -64.8  -43.8  111.2 -178.8  -67.4    nan  1.052   94.6  3.795  5.272   65.5   80.6
L  -64.3  -39.9  111.0  179.9  -71.2    nan  1.061   97.1  3.811  5.297   62.5   79.4
D  -59.1  -45.4  110.2 -179.9 -168.8    nan  1.092   98.6  3.810  5.432   69.3   87.9
K  -64.5  -45.6  108.1 -179.4  -73.4    nan  1.013   95.8  3.814  5.415   67.7   77.1
F  -59.4  -48.7  110.1 -178.4  164.1    nan  1.095   96.5  3.790  5.242   64.7   83.0
L  -60.4  -37.0  109.5 -178.3  -67.5    nan  1.081  102.7  3.836  5.406   60.7   79.5
A  -63.1  -39.9  109.4  179.5    nan    nan  1.103   99.1  3.801  5.519   65.6   85.8
S  -64.1  -47.6  110.7  179.4  -71.6    nan  1.010   93.4  3.837  5.585   76.0   82.0
V  -57.8  -50.2  107.0  179.1  165.0  -69.9  1.082   98.6  3.774  5.157   64.9   80.5
S  -54.4  -43.4  111.5 -178.9  -54.7    nan  1.131  102.6  3.845  5.417   63.6   82.6
T  -62.6  -45.7  110.9  179.6  -68.0  169.4  1.064   95.5  3.849  5.545   70.0   80.7
V  -62.5  -44.4  108.5  178.8  166.7  -68.1  1.080   97.7  3.809  5.322   63.2   77.7
L  -66.6  -24.0  114.5 -178.2  -71.3    nan  1.146  102.0  3.829  5.347   55.4   78.6
T -106.2    4.2  112.4 -178.8   61.4  -62.4  1.085   75.5  3.817  5.431   37.8   60.3
S  -65.5  -25.5  116.1 -175.3   72.1    nan  1.125  101.7  3.783  5.865  110.5  127.4
K -104.3   16.8  113.3 -178.5  -57.7    nan  1.072   82.8  3.831  5.263   40.9   61.8
Y  -58.9  -40.3  113.6 -179.8  -85.7    nan  1.103   99.9  3.815  6.016  128.0  141.0
R -149.4    nan  110.4 -179.5   50.0    nan  1.054    nan  3.795  4.807  -20.1   -1.1
