Id   phi    psi    tau  omega    chi    chi2  solid    eta  CA-CA  CB-CB  BA^AB  NA^AC
R    nan  136.6  109.0    nan -177.8    nan  1.022    nan    nan    nan    nan    nan
R  -50.6  -32.4  113.0  179.9   58.0    nan  1.054  112.0  3.803  5.574  -85.0  -97.6
I  -79.4  -47.7  113.4 -178.7  -64.2  170.7  1.143   80.5  3.810  5.302   52.4   78.1
R  -55.3  -23.1  109.7  178.6  146.4    nan  1.040  114.5  3.803  5.434   74.2   83.5
R  -85.8  -42.1  115.7  179.8  -86.1    nan  1.089   76.4  3.820  5.413   56.8   78.9
E  -67.5  -22.5  108.3  179.1   48.1    nan  1.042  104.1  3.808  5.332   63.7   77.9
R  -77.1  -40.7  110.1  178.4  -74.4    nan  1.055   87.2  3.801  5.541   67.6   85.2
N  -68.3  -24.4  108.2  178.6 -162.4    nan  1.017  102.5  3.812  5.424   65.7   76.7
K  -62.0  -57.4  104.2  178.0 -103.4    nan  0.955   94.0  3.817  5.597   89.3   95.9
M  -51.0  -55.6  112.7  178.0  -67.3    nan  1.029   96.3  3.813  5.170   66.5   76.1
A  -52.3  -30.8  112.8 -179.3    nan    nan  1.079  111.6  3.797  5.156   66.7   81.4
A  -86.5  -31.3  108.5 -179.8    nan    nan  1.024   83.6  3.810  5.350   53.5   70.3
A  -66.2  -55.5  104.4  179.3    nan    nan  0.964   92.3  3.797  5.494   76.8   86.6
K  -50.7  -55.0  109.3  178.9  166.0    nan  1.014   98.9  3.783  5.124   67.0   78.2
S  -56.3  -34.5  114.0 -178.9 -158.9    nan  1.092  105.4  3.783  5.182   60.0   78.0
R  -76.2  -46.4  112.7  179.9 -102.8    nan  1.044   83.9  3.844  5.380   62.4   77.4
N  -63.0  -38.6  109.8 -179.8  -63.4    nan  1.034   99.6  3.819  5.272   65.0   78.5
R  -59.4  -56.2  109.5  178.7  157.0    nan  1.034   92.5  3.800  5.367   73.8   87.0
R  -63.0  -26.6  112.7  179.9  171.0    nan  1.094  104.6  3.825  5.233   50.0   69.3
R  -76.1  -45.4  110.2  179.6 -168.1    nan  1.050   86.0  3.812  5.519   68.5   84.2
E  -56.9  -34.6  109.4  179.4  177.7    nan  1.025  107.0  3.825  5.384   72.8   83.7
L  -60.3  -53.0  110.2  178.8  165.4    nan  1.049   93.4  3.812  5.448   75.9   90.1
T  -63.8  -38.8  108.6  179.4   77.8  -43.1  1.020   99.5  3.808  5.361   60.4   70.4
D  -62.9  -20.3  110.5  179.1  -77.9    nan  1.049  108.6  3.818  5.383   72.5   84.0
T  -92.2  -40.5  110.7  179.3  -65.5  174.9  1.085   75.0  3.802  5.397   52.1   74.3
L  -65.5  -35.9  106.6  177.6  -61.8    nan  0.981  100.5  3.806  5.494   71.4   78.4
Q  -70.0  -29.7  111.6 -179.8 -175.2    nan  1.054   97.2  3.802  5.309   63.9   80.7
A  -75.4  -35.9  109.1 -179.9    nan    nan  1.024   91.1  3.795  5.410   67.3   81.8
E  -64.3  -60.0  109.2  179.9 -160.4    nan  1.025   87.7  3.771  5.337   71.5   85.7
T  -51.9  -43.1  110.5 -179.7   78.9  -42.2  1.035  105.2  3.814  5.319   67.2   76.0
D  -64.8  -21.5  114.9 -179.4  -79.5    nan  1.176  104.9  3.769  5.238   59.0   81.5
Q  -89.2  -28.1  107.6  177.5   72.6    nan  1.037   82.6  3.794  5.616   61.8   74.6
L  -72.1  -35.0  108.6  179.1  -68.5    nan  1.040   94.4  3.801  5.537   71.4   85.0
E  -66.6  -29.2  108.6  179.8  -54.9    nan  1.011  101.8  3.786  5.418   73.4   84.2
D  -70.7  -46.2  110.0  179.4  -88.2    nan  1.014   89.8  3.821  5.465   72.6   85.6
E  -66.6  -32.4  108.1  179.5  -69.4    nan  1.004  100.5  3.785  5.176   61.9   73.6
K  -67.6  -41.6  111.9  179.8 -168.9    nan  1.071   93.2  3.754  5.374   68.2   86.7
S  -71.9  -30.9  109.7 -179.5 -125.6    nan  1.065   95.8  3.787  5.351   58.1   75.0
A  -67.4  -37.6  111.2 -179.9    nan    nan  1.060   95.8  3.796  5.474   73.6   88.4
L  -66.4  -53.3  107.0  177.9  -78.0    nan  0.994   91.4  3.812  5.410   70.0   80.4
Q  -54.1  -43.3  113.3  179.3  -64.2    nan  1.047  101.9  3.803  5.227   67.7   79.1
T  -67.0  -39.6  107.3 -179.5   50.5  -70.8  1.015   97.3  3.796  5.330   66.2   77.6
E  -59.5  -45.5  109.7  179.2 -169.2    nan  0.992   98.6  3.792  5.319   77.0   85.8
I  -60.7  -48.9  110.7  178.9  -73.4  161.9  1.082   95.2  3.796  5.255   61.2   80.1
A  -60.9  -24.3  112.6  179.5    nan    nan  1.074  107.7  3.804  5.364   64.0   78.0
N  -77.0  -46.3  110.5  178.8  -86.6    nan  1.041   84.8  3.812  5.503   69.4   84.9
L  -60.5  -39.1  108.2  178.3  -67.0    nan  1.012  102.2  3.802  5.299   67.9   78.5
L  -67.8  -27.8  112.3  179.7  -75.2    nan  1.078   99.9  3.809  5.347   62.3   80.1
K  -70.0  -41.8  105.6  178.7 -162.7    nan  0.992   94.9  3.787  5.526   76.8   86.7
E  -65.1  -38.9  111.9  179.2 -148.0    nan  1.025   96.6  3.823  5.303   65.2   78.6
K  -62.4  -30.0  111.1  179.6 -127.0    nan  1.054  104.0  3.807  5.346   70.3   85.6
E  -78.6  -15.3  110.7  178.2  -72.1    nan  1.050   95.6  3.799  5.397   60.7   77.3
K   58.8    nan  111.0  179.3  -79.0    nan  1.065    nan  3.815  5.567 -142.6 -139.5
