Id   phi    psi    tau  omega    chi    chi2  solid    eta  CA-CA  CB-CB  BA^AB  NA^AC
W    nan  135.0  108.1    nan -142.3    nan  0.955    nan    nan    nan    nan    nan
P  -82.9  -18.8  110.6  178.9  -23.6    nan  0.964   90.3  3.801  5.616 -125.8 -129.8
L  -61.9  145.1  110.6 -179.8  -56.6    nan  1.069   78.0  3.890  5.709   81.3  104.7
S  -70.7  155.1  112.8 -179.2   -1.1    nan  1.020   81.6  3.800  5.517  -94.5 -106.8
S -156.5  159.3  100.2  178.3  -97.3    nan  0.914  152.0  3.842  5.585 -177.1  173.2
Q -141.0  168.7  109.5 -179.8 -178.7    nan  1.020  143.4  3.790  5.584 -165.5 -158.2
S  -51.6  100.9  106.1  177.5  -40.5    nan  0.949   95.5  3.827  5.125  -52.2  -64.6
G  -55.7 -179.9  116.1 -176.7    nan    nan    nan   55.6  3.788    nan    nan -133.9
S  -64.8   -7.6  111.2  179.9 -168.1    nan  1.023  112.3  3.790    nan    nan  -60.4
Y  -99.2  -27.0  109.7  179.6  -61.1    nan  1.003   72.9  3.809  5.430   61.3   78.5
E   71.0   90.4  112.2  178.0  158.5    nan  1.032   69.0  3.805  5.403 -143.1 -140.0
L  -75.7  126.0  104.8  173.9 -178.3    nan  0.964   93.1  3.799  6.056 -160.1 -175.8
R -131.5  140.0  115.0 -175.5 -172.9    nan  1.054  135.3  3.778  5.841  175.8  179.1
I  -84.5  115.6  101.6  178.5  -52.6 -173.8  0.924   98.0  3.801  5.655 -114.1 -132.4
E  -87.7  -50.2  113.0 -178.7 -132.4    nan  1.069   74.1  3.826  5.976 -152.5 -150.7
V -117.7  103.7  108.5  178.8  166.8  -71.7  1.019  112.5  3.800  4.909    1.2   21.0
Q  -63.2  138.5  110.9  179.5  -79.3    nan  1.017   82.7  3.842  6.056 -129.7 -143.9
P  -68.9  179.4  111.3  179.6   29.9    nan  0.980   69.1  3.786  5.549 -105.1 -111.9
K  -77.9  146.9  108.3  179.7 -131.2    nan  0.985   89.6  3.780  5.289  -79.6  -74.3
P  -55.4  -20.3  116.4  179.7  -32.6    nan  0.993  113.9  3.896  5.337  -80.1  -92.1
H -136.5  144.4  110.3 -179.7  -62.2    nan  0.995  136.8  3.845  4.964    7.3   30.3
H -161.9   86.8  105.5  178.6  170.3    nan  0.999   91.7  3.795  5.580  162.3  157.6
R  -52.7  113.3  110.8  179.5  175.9    nan  1.027   91.2  3.733  5.964 -139.3 -148.2
A  -74.2  165.3  111.5  179.6    nan    nan  1.036   80.0  3.824  5.965 -135.8 -145.1
H -114.1  163.4  110.1  180.0   59.0    nan  1.030  118.8  3.792  5.529 -129.7 -125.5
Y  -99.3  174.0  107.7  179.8  -71.0    nan  1.017  101.0  3.755  5.422 -114.7 -114.9
E  -80.7   -5.2  106.7  179.0  -53.4    nan  0.968   97.7  3.784  5.249  -81.6  -84.7
T  -96.8   12.7  107.3  179.2  -52.6 -173.2  0.959   87.1  3.833  5.523   66.3   82.0
E -138.2 -173.9  110.0 -178.9  -55.1    nan  0.979  135.8  3.796  5.294   42.8   59.8
G -106.8  149.3  106.1  177.4    nan    nan    nan  112.6  3.757    nan    nan  -95.6
S  -43.6  128.8  114.7  179.7  168.6    nan  1.064   76.8  3.788    nan    nan  -76.3
R  -89.8   11.1  108.3  178.3  -49.1    nan  1.044   93.6  3.800  5.807 -140.3 -146.7
G   87.7 -176.8  120.3  177.6    nan    nan    nan   89.3  3.780    nan    nan  -92.0
A  -82.1  153.4  114.6 -178.4    nan    nan  1.095   93.5  3.780    nan    nan  -71.0
V  -63.2  145.4  107.1  179.6 -170.8  -49.4  1.016   77.1  3.767  5.359  -80.5  -94.5
K -122.7  177.8  109.8 -178.4  -47.7    nan  1.013  123.4  3.793  5.726 -153.5 -156.3
A -113.7  156.1  106.3 -179.7    nan    nan  0.982  118.2  3.776  5.293 -115.6 -111.7
P  -57.1  -13.7  115.5 -179.6   29.9    nan  1.018  116.2  3.814  5.270  -76.3  -80.1
T  -83.6   -9.0  110.6 -179.6   62.6  -59.0  1.009   93.2  3.820  5.565   68.5   89.5
G  100.6  -14.2  103.4 -176.4    nan    nan    nan   83.0  3.766    nan    nan  -89.3
G  -78.5 -146.6  113.5  179.4    nan    nan    nan   67.6  3.783    nan    nan   93.2
H -132.3  157.0  109.8  179.0  -76.6    nan  1.039  135.8  3.802    nan    nan  -86.1
P  -65.1  145.5  111.8  179.9   27.4    nan  0.992   81.0  3.806  5.365  -82.7  -87.0
V -127.1  132.7  113.3 -179.4  158.8  -79.9  1.092  129.9  3.830  5.811 -166.8 -162.8
V -122.8  154.0  112.5 -178.8  152.0  -85.4  1.049  128.9  3.838  5.827 -163.2 -173.7
Q -160.8  136.7  117.8 -178.6 -173.7    nan  1.087  142.4  3.835  5.526  175.2  171.8
L  -86.3  118.9  103.5  177.5 -152.7    nan  0.914  100.0  3.832  5.641 -117.6 -140.4
H  -78.0  -52.3  125.1 -176.1  -75.4    nan  1.326   71.5  3.814  5.971 -157.5 -130.5
G -105.5   55.3  117.1 -179.7    nan    nan    nan  102.0  3.834    nan    nan   39.4
Y  -99.9   77.1  113.2 -179.7  180.0    nan  1.066  109.9  3.838    nan    nan  137.0
M  -74.2   90.1  108.7  179.4  -45.1    nan  1.005  108.0  3.810  6.134 -171.7  179.7
E -162.1 -174.0  106.4  179.4  -73.5    nan  0.962  159.6  3.833  5.712  112.9  102.6
N -146.4   54.0  110.4  179.1 -125.8    nan  1.066   70.5  3.782  5.280 -148.1 -134.8
K -133.6  133.4  105.5  178.8  -42.2    nan  0.964  127.9  3.790  5.809   99.5   99.0
P  -75.7  120.0  114.8  179.8   32.1    nan  1.013  103.2  3.861  5.742 -119.5 -121.8
L  -82.3 -174.0  110.0  179.4 -106.7    nan  1.017   80.3  3.816  5.984 -140.6 -148.2
G -137.1  121.3  108.2  178.7    nan    nan    nan  124.2  3.797    nan    nan -125.4
L  -89.9  126.4  109.2  178.8 -165.1    nan  1.011  105.3  3.838    nan    nan -152.3
Q  -96.3  147.3  107.1  179.5  -85.6    nan  0.991  104.5  3.802  5.876 -145.1 -153.4
I -138.5  135.8  109.6 -179.8  -46.9 -166.9  1.007  133.8  3.775  5.666 -168.9 -171.8
F -150.1  161.3  104.0  176.6   62.0    nan  1.037  149.3  3.784  5.677  161.8  159.4
I  -94.1  122.7  109.3 -179.7  -64.8  175.2  1.039  108.4  3.792  5.577 -108.8 -110.2
G -114.9  167.6  112.5 -179.8    nan    nan    nan  119.1  3.768    nan    nan -173.3
T  -63.4 -172.5  109.4  179.9   60.3  -59.9  1.020   61.2  3.742    nan    nan  -76.4
A -158.8 -146.2  106.6 -179.7    nan    nan  0.979  135.8  3.745  5.200 -149.4 -147.2
D   60.5 -162.8  109.3  179.8  -74.6    nan  1.002   67.3  3.734  4.705   98.5   96.0
E  -89.6   65.6  111.4 -176.8  -76.6    nan  1.011  109.5  3.827  5.021  -70.6  -61.6
R -138.9  170.1  111.4 -178.5  -21.1    nan  1.023  141.6  3.777  5.655  103.0  107.4
I  -81.8  125.3  100.2  176.8  -71.2  166.6  0.916   93.5  3.796  5.300  -86.3  -93.6
L  -47.5  141.1  113.1 -178.3 -165.9    nan  1.070   69.8  3.807  5.762  -97.9 -102.8
K -169.4  160.4  109.2  179.2   66.8    nan  1.026  161.1  3.802  5.529  155.7  144.8
P  -63.9  129.2  110.9 -179.8  -24.6    nan  0.946   88.3  3.812  5.293  -74.2  -82.4
H  -64.7  149.2  108.0  178.7 -139.5    nan  0.983   77.1  3.800  5.832 -113.5 -120.9
A  -99.7  -17.6  110.0 -179.6    nan    nan  1.021   74.8  3.771  5.606 -130.9 -129.3
F  -98.4  -14.2  114.2 -178.0  -51.5    nan  1.090   76.1  3.781  5.256   47.9   73.9
Y -123.5  157.2  112.4  179.4  -64.9    nan  1.051  129.2  3.803  5.183   29.3   49.6
Q -144.9  153.9  108.8 -179.1  -64.4    nan  0.963  144.7  3.815  5.537 -160.6 -168.8
V  -75.7  144.3  105.4  176.6 -109.1   19.8  0.917   87.2  3.838  5.590  -91.3 -104.9
H -117.2  127.1  104.6  178.7 -179.0    nan  0.966  117.0  3.723  5.500 -154.1 -154.8
R  -72.4   91.2  105.3  178.9   36.0    nan  0.957  104.2  3.800  5.816 -117.8 -129.5
I  -64.2  113.1  104.7  179.5  -69.2  -16.3  0.981   92.3  3.795  6.085 -149.7 -156.0
T  -52.6   -1.0  115.7 -178.7  -19.2  -42.9  1.110  127.0  3.813  5.898 -114.6 -121.6
G   86.8  172.0  114.6  179.1    nan    nan    nan   83.5  3.811    nan    nan -101.6
K -110.3 -162.1  107.9  179.4  -63.2    nan  1.001  104.0  3.794    nan    nan -116.0
T  -52.2  -27.4  111.4  179.8   10.2   13.4  1.048  114.3  3.821  4.878  -32.7  -27.3
V -135.5   80.7  109.2  179.3   48.7  107.2  1.023   96.4  3.807  4.949    3.9   23.5
T  -66.7  107.6  109.1  179.5  -83.3 -157.2  1.020   99.6  3.803  6.133 -162.2 -168.7
T  -68.4  -50.8  113.2 -179.5  -52.7 -172.8  1.066   87.0  3.796  6.018 -135.0 -143.3
T -105.5  137.1  117.6 -177.0  -45.1 -165.1  1.125  120.0  3.829  4.851   13.0   39.1
S  -83.3  163.6  109.2  178.5  -68.8    nan  1.015   88.9  3.844  5.729 -117.2 -133.1
Y -141.6  158.8  114.8 -177.5   82.1    nan  1.030  145.6  3.796  5.464 -154.6 -154.3
E -132.8  137.8  101.1  176.3 -176.7    nan  0.934  126.8  3.813  5.559 -153.7 -158.9
K -118.1  106.9  113.8 -177.7 -175.1    nan  1.078  118.6  3.793  5.773 -163.6 -155.7
I -116.6  167.8  111.2  179.4    0.9 -119.1  1.052  120.4  3.835  6.063  174.5  165.6
V -131.1 -166.0  112.5 -178.3  -64.4   55.6  1.025  124.6  3.822  5.424 -138.1 -140.8
G  148.5   36.6  106.6 -177.6    nan    nan    nan   39.3  3.784    nan    nan  165.8
N   86.9   -8.6  109.8 -177.6 -152.7    nan  1.037   96.0  3.787    nan    nan  -60.3
T -145.0  122.5  108.8  178.1   58.2  -62.0  1.005  126.6  3.830  5.121   14.2   29.4
K  -61.7  141.6  110.8 -178.6 -109.6    nan  1.016   79.8  3.793  5.769 -109.1 -123.2
V -133.5  125.3  109.8  178.2 -167.0  -47.4  1.024  126.7  3.790  5.688 -170.8 -176.5
L  -95.7  128.5  110.8  179.5 -109.0    nan  1.015  109.8  3.807  5.863 -143.4 -154.6
E -109.5  121.0  107.4  178.1 -174.3    nan  1.002  114.5  3.787  5.801 -158.6 -167.0
I -133.8  135.5  107.8  179.6   70.1  -51.0  0.998  130.4  3.824  5.918  170.5  164.3
P  -58.0  149.0  119.3 -179.7   27.3    nan  1.069   76.1  3.849  5.553  -97.9 -103.1
L -121.4   91.0  104.7  176.8 -103.7    nan  0.979  103.0  3.832  5.753 -152.7 -159.0
E  -73.6  131.0  116.6 -177.1  -47.9    nan  1.080   97.9  3.825  6.137 -158.5 -160.2
P  -68.3  -25.4  107.2  179.1   28.0    nan  0.923  102.5  3.834  5.537 -105.9 -125.5
K  -66.5  -43.2  108.7  178.7  -48.7    nan  0.972   95.2  3.841  5.393   71.9   91.3
N  -86.0   20.8  113.0  180.0  -79.2    nan  1.054  101.7  3.804  5.027   37.9   59.1
N   65.1   39.0  109.3 -179.7 -155.4    nan  1.010   98.0  3.802  5.340  -95.2  -99.6
M   44.9   35.9  112.3 -179.1  -81.0    nan  1.101  114.6  3.850  5.710 -101.1 -100.9
R -108.5  160.3  110.7 -179.8 -127.5    nan  1.001  114.4  3.838  5.925  104.5  109.8
A -151.4  129.9  115.0 -179.5    nan    nan  1.094  135.9  3.817  5.494 -174.3 -171.0
T  -96.5  125.8  106.4  178.7  -67.1  172.9  0.988  107.1  3.813  5.833 -138.3 -154.2
I  -93.6  111.0  109.4 -179.5  -35.2 -155.2  1.045  109.4  3.816  5.985 -146.6 -148.7
D -145.0    6.8  109.5 -179.4   62.2    nan  1.035   37.7  3.798  5.800  151.2  141.9
C -109.3    6.0  107.1  179.5   34.3    nan  0.951   72.6  3.798  5.558   68.6   81.1
A -112.9  114.6  115.1 -177.3    nan    nan  1.082  121.1  3.797  5.341   54.4   81.8
G -119.4  178.7  106.7  178.2    nan    nan    nan  119.8  3.775    nan    nan  167.3
I -127.6  120.3  114.1 -178.6  -45.5 -167.5  1.059  126.0  3.812    nan    nan -121.2
L  -98.5  144.0  108.1  178.2  161.5    nan  0.990  107.5  3.802  5.856 -151.6 -165.1
K -114.7  131.4  107.9  179.0  166.8    nan  0.995  119.0  3.796  5.709 -149.5 -152.1
L  -94.9  156.9  107.4  179.5  -51.6    nan  1.030  101.3  3.788  5.812 -142.8 -146.8
R  -74.6  128.4  109.9 -179.8  -52.7    nan  1.021   95.2  3.822  5.517  -91.0  -97.9
N  -50.0  -56.0  111.8 -179.2  -67.2    nan  1.031   97.1  3.786  5.615  -90.9 -106.5
A  -51.7  -18.9  115.2 -178.8    nan    nan  1.110  118.5  3.766  5.085   64.4   82.2
D  -87.2  -36.3  111.6  179.9  -77.1    nan  1.027   79.7  3.808  5.492   66.8   81.4
I  -75.8  -55.8  111.7 -178.4  -56.3 -177.2  1.058   80.8  3.768  5.188   58.4   76.9
E  -57.4  -22.8  111.1 -179.7  -68.2    nan  1.010  112.2  3.809  5.180   64.8   75.3
L  -59.8  -44.1  108.9  179.8 -164.0    nan  0.990   99.6  3.803  5.534   90.7  102.2
R  -69.9  134.3  116.7 -177.7   62.0    nan  1.173   93.5  3.795  5.162   48.6   77.1
K  -65.0  133.9  111.4 -179.2 -168.2    nan  1.038   86.8  3.788  5.565  -94.7 -118.2
G  117.8  -29.5  109.9 -179.7    nan    nan    nan   75.1  3.790    nan    nan   57.4
E  -79.6  128.9  112.5 -179.2  -97.9    nan  1.061  100.4  3.788    nan    nan   78.8
T -118.8   -7.9  109.5  179.9   61.3  -59.6  1.035   58.9  3.782  5.813 -166.4 -173.7
D  -83.3  150.0  111.8  179.3  -87.0    nan  1.032   94.8  3.775  5.587   77.8   94.3
I -106.6  152.0  107.7  177.5   45.9  -77.3  1.025  113.0  3.739  5.619 -137.9 -138.6
G  -83.6  -37.3  108.4  179.1    nan    nan    nan   84.2  3.775    nan    nan -112.1
R  -41.2  104.9  112.5 -179.1 -167.2    nan  1.069   92.8  3.774    nan    nan  107.2
K   72.9    6.1  118.0  178.3  -57.1    nan  1.135  104.1  3.825  4.989    6.0  -19.3
N  -95.2   71.5  102.0  178.9  170.0    nan  0.928   99.7  3.794  5.700   87.7   92.8
T -110.3    5.9  119.4 -177.1   52.0  -68.7  1.215   72.7  3.778  5.948  122.5  149.9
R  -89.1  159.1  109.5  176.4  -78.7    nan  1.071   96.0  3.834  5.930   90.1   99.0
V -147.2  169.5  113.8 -175.8  146.8  -88.8  1.019  150.0  3.806  5.447 -158.1 -167.1
R -142.0  135.9  106.1  176.0  -96.5    nan  1.010  133.2  3.798  5.535 -158.5 -152.7
L  -81.0  124.5  103.2  176.5  -68.5    nan  0.940   95.6  3.786  5.728 -116.4 -130.8
V -113.1  127.2  110.4  179.7 -176.1  -54.8  1.048  119.5  3.812  5.954 -171.8 -167.9
F -116.0  146.6  112.4  179.0  -46.0    nan  1.036  123.7  3.821  5.889 -164.0 -171.2
R -137.6  155.3  115.6  179.9  -90.0    nan  1.049  142.5  3.804  5.586 -168.0 -172.7
V -140.7  149.0  109.5  176.6  -91.9   31.1  1.035  140.6  3.815  5.578 -166.2 -170.0
H -128.6   86.1  106.1  179.8  -65.2    nan  0.987  100.0  3.770  5.537 -155.4 -162.0
I  -73.8  111.9  115.2 -177.9  -57.6 -179.9  1.104  106.0  3.776  6.097 -169.4 -166.2
P  -75.2  142.3  107.3  179.7  -18.5    nan  0.911   88.5  3.845  5.864 -128.5 -150.2
E -113.9  176.0  115.7 -179.5  -77.8    nan  1.089  115.6  3.797  5.817 -160.4 -149.9
S  -71.4  -36.7  107.9  178.2   27.2    nan  0.995   94.7  3.800  5.088  -69.8  -73.7
S  -72.7    1.7  114.9 -179.8   51.1    nan  1.081  108.0  3.829  5.250   57.1   78.1
G   86.7   -2.8  110.1 -178.7    nan    nan    nan   94.2  3.815    nan    nan  -96.3
R  -75.9  167.7  114.1 -179.7  -80.4    nan  1.065   81.1  3.803    nan    nan  107.0
I -135.0   96.1  110.0 -180.0  -74.1  164.0  1.016  108.4  3.815  5.486 -144.5 -146.9
V  -82.4  118.4  106.5  178.2  157.8  -82.0  1.000  100.6  3.811  6.134 -163.1 -170.4
S -102.1  137.0  113.8 -179.9  -71.0    nan  1.066  115.0  3.831  5.962 -161.1 -164.3
L -128.2  158.7  112.0  179.9  -48.5    nan  1.046  133.1  3.808  5.731 -168.6 -173.8
Q -153.0  145.5  111.0 -178.9  173.3    nan  1.044  145.7  3.791  5.463 -172.5 -175.2
T -145.8  148.4  110.7  179.6   57.4  -65.5  0.983  143.9  3.817  5.715 -172.0  175.8
A -123.0  137.0  109.8  179.3    nan    nan  1.036  126.2  3.753  5.532 -157.6 -155.6
S  -72.2  173.0  105.9  179.0   63.9    nan  0.942   74.3  3.799  5.648 -102.6 -120.7
N  -68.6  162.9  105.6  177.2  -67.1    nan  0.972   74.1  3.781  5.212  -75.1  -75.1
P  -65.7  143.2  113.5 -179.9   27.0    nan  1.005   83.6  3.803  5.316  -80.8  -79.7
I -117.1  130.3  107.5 -179.5  -48.2 -173.4  0.940  119.9  3.831  5.888 -147.2 -157.9
E  -86.6  112.0  109.1  178.1  170.0    nan  1.008  106.3  3.800  5.783 -136.8 -138.8
C  -95.8   18.4  118.9 -178.7  -65.2    nan  1.117   93.2  3.807  5.936 -163.7 -162.3
S -115.6  136.2  108.8  179.6  153.7    nan  1.020  120.8  3.808  5.607   74.3   86.6
Q  -59.3  -59.7  110.4  180.0 -172.6    nan  1.014   90.0  3.791  5.612  -93.2 -107.6
R  -59.2  -54.5  113.9 -178.1 -172.3    nan  1.089   90.8  3.767  5.002   53.2   71.9
S  -58.0  -29.8  110.7 -179.0  -59.8    nan  1.059  108.1  3.806  5.224   63.0   77.2
A  -64.2  -32.2  108.0  177.5    nan    nan  0.995  102.8  3.793  5.509   79.9   89.7
H  -88.4  -36.1  111.7  180.0  177.3    nan  1.047   78.7  3.771  5.151   45.3   67.0
E  -85.6  -51.9  121.8 -176.8  -49.1    nan  1.152   68.5  3.832  5.150   44.1   72.1
L  -77.1  131.5  117.9 -177.3  -46.9    nan  1.087  101.2  3.847  5.085   48.4   67.2
P  -72.3  163.3  104.8  178.9   29.6    nan  0.900   77.2  3.832  5.612 -110.2 -128.5
M -154.9  128.4  110.5 -177.9  159.4    nan  1.025  132.8  3.811  5.555 -178.8 -169.3
V  -92.4  134.2  108.9  179.3 -167.9  -45.4  1.020  105.1  3.808  5.957 -141.5 -146.5
E -116.3  -19.3  107.6  179.5  -50.2    nan  0.985   59.5  3.782  5.776 -157.1 -164.6
R -151.9  145.9  113.8 -178.7  -96.4    nan  1.029  146.8  3.792  4.819   -3.0   15.2
Q -122.3  142.9  107.4  177.5  -87.9    nan  0.935  125.3  3.792  5.631 -149.5 -161.7
D  -66.0  -56.6  107.0  178.0 -166.9    nan  0.940   90.0  3.766  5.405  -97.3 -107.5
T -130.6  153.6  111.7 -179.3   32.5  -88.8  1.019  135.1  3.825  4.658  -19.8    1.5
D -105.8   -0.3  109.8  179.8  -76.4    nan  0.999   74.1  3.785  5.552 -129.1 -132.9
S -164.2  175.3  114.2 -176.1  174.6    nan  1.024  165.5  3.795  4.784    6.3   20.2
C  174.8  169.9  107.6  177.3   87.9    nan  1.002  167.4  3.826  5.324  169.4  167.5
L  -84.8  158.6  114.7  179.3   41.5    nan  1.194   93.8  3.806  5.475 -107.0  -89.6
V  -32.6  -30.5  118.9 -177.1  -61.5   60.4  1.148  126.4  3.828  5.183  -38.1  -55.6
Y  -65.5  -30.8  116.3 -179.2  -75.4    nan  1.145   98.6  3.789  5.445   75.4   94.1
G   66.9 -139.9  108.9 -179.7    nan    nan    nan   83.8  3.819    nan    nan -144.6
G   78.1  -39.5  116.1  179.3    nan    nan    nan  115.7  3.797    nan    nan  118.1
Q  -56.5  151.5  105.6  179.5 -172.2    nan  0.970   67.8  3.802    nan    nan   90.1
Q  -96.5  127.0  111.4 -179.2  170.9    nan  1.049  111.0  3.809  5.668 -126.5 -123.2
M -101.5  134.2  107.6  179.6 -171.6    nan  0.995  110.5  3.825  5.902 -148.2 -159.4
I -101.8  114.6  109.8 -180.0  -76.7  158.3  1.018  112.8  3.815  5.851 -144.5 -149.8
L  -98.4  141.0  109.4  179.0 -103.2    nan  1.007  108.7  3.789  5.965 -159.3 -168.1
T -128.4  117.8  106.0  179.1  -53.7 -174.4  0.960  118.8  3.808  5.772 -163.3 -170.4
G -157.5 -155.9  117.2  179.9    nan    nan    nan  140.5  3.776    nan    nan  139.1
Q -115.2  144.1  110.5  179.6  -68.4    nan  1.000  122.0  3.798    nan    nan  -78.2
N   61.6   44.7  117.8  177.7  -60.2    nan  1.147   92.9  3.814  4.723   27.9   11.2
F  -94.4  101.0  109.6  178.5  -65.1    nan  1.068  110.1  3.784  6.040  125.5  130.6
T  -89.6 -141.1  108.0  179.7   83.9  -36.0  1.009   78.4  3.819  6.096 -160.3 -172.4
S -119.9  -15.2  108.3  178.2  -70.7    nan  1.036   56.4  3.825  5.059  -89.3  -70.1
E  -69.2  -17.2  102.3  176.1  -51.1    nan  0.915  106.3  3.786  5.684   91.1   95.9
S  -55.2  111.6  114.1 -179.4  -65.6    nan  1.066   95.8  3.819  5.554   93.6  111.7
K -121.6  146.9  106.8  178.2  -67.5    nan  0.995  125.0  3.764  5.854  174.7  162.2
V -113.1  127.0  110.8  179.5 -177.3  -54.7  1.017  119.8  3.831  5.778 -144.4 -145.6
V -119.8  137.2  114.8 -179.7 -170.0  -48.1  1.084  127.7  3.818  5.833 -173.9 -172.8
F  -99.8  132.1  109.8  179.2  -82.3    nan  1.016  111.2  3.814  5.687 -136.3 -147.6
T -131.8  150.1  115.4 -178.8   65.4  -56.0  1.087  137.5  3.782  5.738  179.9 -179.3
E -114.9  139.9  108.1  179.1 -112.3    nan  0.959  120.2  3.837  5.620 -135.8 -148.8
K -139.3  139.2  112.0  179.5 -105.9    nan  1.038  137.2  3.795  5.660  177.5 -179.8
T  -83.3  176.0  106.9  177.6   55.2  -66.0  0.985   84.4  3.817  5.708 -118.0 -129.5
T  -66.5   -6.4  112.4  179.7   24.2  -96.7  1.075  111.0  3.844  5.305  -71.1  -66.4
D  -98.2   -4.4  110.6 -179.8  -33.8    nan  1.000   80.2  3.834  5.579   68.8   81.5
G   83.8    0.7  109.9 -178.2    nan    nan    nan   95.9  3.799    nan    nan -104.1
Q  -75.7  110.9  107.4 -178.5  -75.1    nan  0.989  100.5  3.808    nan    nan  110.0
Q  -70.4  135.5  111.9  179.5   99.7    nan  1.073   90.4  3.801  5.985 -137.7 -143.1
I -125.0  -11.5  113.0 -179.5   60.2  -61.8  1.086   51.2  3.813  5.837 -167.3 -171.4
W -139.6  141.1  111.4  179.7 -175.2    nan  1.038  137.8  3.815  5.135   18.3   35.1
E -150.2  126.4  104.5  179.8 -174.0    nan  0.954  128.0  3.770  5.592  177.8  164.8
M -149.3  127.9  108.5 -179.1  177.4    nan  1.007  130.9  3.761  5.676  158.2  155.3
E  -84.0  119.6  107.5  179.5  157.1    nan  0.967  102.0  3.775  5.753 -127.7 -141.5
A  -88.4  130.9  110.0 -179.7    nan    nan  1.012  103.9  3.809  5.947 -146.7 -150.5
T  -74.3  100.5  108.9  178.6   54.2  -67.7  1.106  104.9  3.771  5.869 -127.0 -126.7
V  -89.0  128.2  107.4  179.2   50.1  172.7  0.996  103.0  3.819  6.157 -155.5 -172.2
D  -62.0  135.1  112.4 -179.4   24.4    nan  1.077   84.6  3.809  5.787 -110.0 -115.9
K -144.9  120.2  110.1 -179.8  -37.9    nan  1.031  125.6  3.800  5.688  175.9  165.5
D -172.5  -53.1  108.1  179.7  -14.1    nan  1.004   51.1  3.805  5.561  133.7  119.6
K -154.4  131.6  106.7  179.6   36.9    nan  0.987  133.8  3.803  4.686  -37.3  -21.6
S -168.3 -104.7  110.5 -179.4   -7.7    nan  1.044  100.3  3.813  5.565  145.0  138.3
Q -163.5  142.4  104.5  179.0   52.5    nan  0.963  143.5  3.857  4.851  -91.4  -78.5
P  -61.6   13.9  114.9 -179.6   33.2    nan  0.999  123.4  3.867  5.540  -92.9  -98.9
N -155.4   31.2  111.9 -178.8   63.7    nan  1.047   45.7  3.796  5.057   18.9   41.5
M -148.8  127.6  108.0  179.1 -178.1    nan  1.012  130.4  3.792  5.384   50.6   63.1
L -121.3  139.4  111.0  179.5  -69.2    nan  1.027  126.4  3.800  5.845 -171.6 -175.2
F -108.0   91.3  105.9  179.1  -62.2    nan  0.994  105.5  3.782  5.727 -146.8 -152.1
V  -86.5  144.9  113.3 -178.6 -160.1  -38.0  1.059  100.2  3.789  6.119 -173.6 -173.8
E -103.6  109.6  103.2  176.4  179.5    nan  0.951  106.8  3.811  5.701 -133.2 -144.6
I  -57.4  124.7  110.3 -178.7  -51.8 -171.3  1.038   86.2  3.797  5.889 -121.7 -129.3
P  -71.8  150.2  112.3 -179.8   32.8    nan  0.971   84.8  3.813  5.693 -116.9 -130.7
E  -67.6  140.3  107.9  178.8 -174.4    nan  0.989   83.6  3.804  5.579  -96.5 -101.4
Y  -71.5  147.6  111.4  180.0 -172.8    nan  1.046   85.3  3.804  5.710 -109.3 -112.2
R  -52.6  -64.7  111.8  179.8   55.4    nan  1.060   89.6  3.825  5.468  -78.0  -88.4
N  -91.7   98.4  109.6  179.3  176.1    nan  1.023  109.6  3.820  4.955   16.6   34.0
K  -77.1    5.0  113.8 -179.2   47.3    nan  1.082  104.9  3.795  6.025 -156.6 -160.3
H -111.6   26.3  114.3 -178.3  -66.1    nan  1.042   80.7  3.830  5.533   62.6   81.1
I  -69.1  160.7  111.7 -179.7   43.8  -80.6  1.075   77.2  3.808  6.033  127.7  140.3
R -117.4  -17.6  108.5 -179.4  -60.1    nan  1.012   58.4  3.797  5.505 -132.6 -135.8
T -123.8  138.2  106.4  179.8  -50.4 -171.6  0.933  124.8  3.789  5.150   29.1   43.7
P  -57.8  141.9  111.4  179.5   21.8    nan  0.964   76.7  3.821  5.520  -95.6 -101.3
V -108.7  142.4  111.1  179.9 -160.3  -38.1  1.030  117.5  3.838  5.898 -150.2 -147.7
K -100.6  114.0  112.0  179.9  -68.4    nan  1.056  114.3  3.809  5.677 -136.0 -140.1
V -114.3 -179.7  110.6  179.5  -59.5   62.1  1.023  114.2  3.805  5.937 -174.5  175.2
N -135.3  165.8  108.5  178.0  -68.6    nan  0.989  138.0  3.796  5.361 -135.1 -130.6
F -152.1  156.5  107.6  176.5   68.3    nan  1.059  150.1  3.761  5.414 -173.1 -167.2
Y -148.2  155.1  110.8  178.7   48.0    nan  1.071  148.2  3.768  5.557 -171.2 -172.0
V  -96.2  134.2  102.3  177.9 -169.1  -47.8  0.936  103.1  3.766  5.491 -111.8 -125.0
I -139.3  137.7  114.8 -177.5  164.8   42.4  1.113  138.1  3.774  5.696  171.1  177.7
N -122.2  138.3  106.4  177.9  -58.4    nan  0.981  123.8  3.815  5.776 -154.6 -173.2
G   58.0 -114.5  113.8  179.7    nan    nan    nan   95.3  3.799    nan    nan    5.6
K -147.0  -42.2  110.1 -178.4  173.9    nan  1.018   41.7  3.791    nan    nan  -66.4
R  -98.9   19.7  111.1  179.8  -83.4    nan  1.064   88.6  3.778  4.994   24.1   47.8
K -126.6   76.7  110.3  179.1  -64.2    nan  1.035   97.7  3.799  5.540   60.4   76.7
R -125.6  143.3  109.9 -179.7   49.5    nan  1.035  129.2  3.810  5.914  128.6  131.3
S  -76.8  155.0  110.3  179.9   66.7    nan  0.983   86.4  3.787  5.587 -103.6 -115.6
Q  -55.2  151.7  106.8  176.6  -66.4    nan  0.959   67.0  3.809  5.302  -72.9  -84.7
P  -61.1  132.0  115.9 -179.8   27.3    nan  1.028   87.7  3.824  5.347  -87.1  -88.7
Q  -97.3  157.4  108.5  179.1 -111.9    nan  0.997  103.7  3.789  5.838 -142.3 -152.5
H -101.7  137.3  115.1 -178.9  -61.3    nan  1.077  115.5  3.782  5.549 -126.0 -120.4
F -144.7  165.2  106.6  177.0 -165.9    nan  1.007  146.2  3.763  5.637  174.6  165.3
T -156.7  129.1  111.6  179.9  162.4   41.3  1.075  133.8  3.792  5.510 -173.9 -170.3
Y  -94.0  141.0  109.9  179.6  -70.6    nan  1.022  105.5  3.776  5.802 -137.3 -148.6
H -110.7  138.5  110.0  179.7  -80.1    nan  1.046  118.5  3.791  5.731 -149.3 -151.4
P  -69.5  159.4  110.4  179.9   32.4    nan  0.931   77.7  3.810  5.521  -98.3 -113.6
V -100.1    nan  105.9  177.3   48.0  170.8  1.028    nan  3.766  5.659 -130.9 -122.3
