Id   phi    psi    tau  omega    chi    chi2  solid    eta  CA-CA  CB-CB  BA^AB  NA^AC
R    nan  102.6  108.7    nan -167.7    nan  1.000    nan    nan    nan    nan    nan
K  -56.2  -43.8  114.5 -179.4  -78.4    nan  1.109   99.4  3.827  6.036 -132.0 -135.9
R  -59.6  -29.9  110.2  179.3  -70.4    nan  1.032  106.9  3.808  5.391   73.2   83.9
M  -81.9  -33.7  110.9 -179.9 -140.7    nan  1.032   85.5  3.812  5.302   57.2   75.2
R  -70.6  -32.5  112.2  179.5 -175.6    nan  1.061   95.2  3.831  5.410   64.5   82.7
N  -77.4  -32.5  109.1  179.5 -141.1    nan  1.013   90.7  3.813  5.356   62.5   76.8
R  -58.5  -43.1  109.3  178.9  171.1    nan  0.998  100.8  3.813  5.427   81.3   93.3
I  -72.5  -38.1  110.5  180.0  -54.2 -176.9  1.010   91.7  3.802  5.226   56.4   71.6
A  -58.1  -46.5  108.5 -179.9    nan    nan  1.017   99.6  3.762  5.309   78.3   89.8
A  -70.2  -33.3  110.6 -179.6    nan    nan  1.052   95.8  3.817  5.208   53.6   70.9
S  -63.7  -41.7  109.0  178.6  156.6    nan  0.996   97.9  3.774  5.419   77.5   88.0
K  -72.1  -41.3  111.7 -179.9  168.6    nan  1.028   89.9  3.818  5.166   56.1   73.4
S  -60.7  -36.5  110.4 -179.9 -156.6    nan  1.027  102.3  3.805  5.291   70.1   85.1
R  -73.6  -46.9  110.6  179.5  -97.7    nan  1.050   86.9  3.831  5.335   58.5   76.8
K  -57.6  -35.8  108.8  178.4  174.0    nan  0.998  106.0  3.806  5.280   70.5   80.9
R  -65.7  -39.3  110.1 -178.1  -83.0    nan  1.010   96.9  3.840  5.374   70.8   86.0
K  -63.4  -31.3  110.1  179.5  -82.6    nan  1.043  102.8  3.838  5.408   69.0   83.6
L  -68.7  -56.1  111.0  179.4 -105.7    nan  1.025   85.7  3.804  5.425   73.1   86.0
E  -56.0  -36.8  110.7 -178.8 -177.5    nan  1.045  105.8  3.784  5.143   63.1   77.0
R  -64.6  -46.6  112.2 -179.6  156.8    nan  1.086   92.7  3.786  5.365   68.0   86.2
I  -62.3  -37.0  109.1  179.4  -80.7  156.9  1.025  101.4  3.798  5.380   67.3   78.2
A  -67.8  -48.6  111.5  179.3    nan    nan  1.057   89.7  3.772  5.295   65.8   81.6
R  -57.9  -36.3  111.5 -179.4  -70.8    nan  1.077  104.1  3.818  5.314   65.8   81.7
L  -70.0  -28.8  112.6  179.1  -78.2    nan  1.048   97.2  3.820  5.414   66.7   80.6
E  -73.1  -49.6  108.9  178.7  -77.5    nan  1.012   87.3  3.819  5.435   70.6   83.6
E  -59.3  -31.9  108.2  178.4  -55.8    nan  1.008  106.9  3.804  5.234   64.7   76.3
K  -71.3  -46.6  110.0  179.5  162.4    nan  1.043   89.2  3.805  5.383   65.0   82.5
V  -59.6  -39.1  111.5  179.6  160.2  -80.2  1.081  101.1  3.778  5.330   65.3   80.9
K  -57.9  -59.5  110.3  178.5  -80.4    nan  1.034   91.0  3.801  5.480   79.5   88.6
T  -54.0  -43.9  113.6 -179.0    6.6 -113.2  1.108  101.5  3.817  5.194   60.0   76.0
L  -60.6  -43.4  112.7 -179.4  -71.5    nan  1.097   97.3  3.788  5.394   70.5   84.6
K  -61.2  -35.2  110.1  178.9  -85.8    nan  1.028  102.7  3.807  5.396   71.7   82.0
A  -68.4  -52.4  111.4  179.0    nan    nan  1.036   87.5  3.822  5.344   66.9   82.4
Q  -61.0  -38.8  110.6  179.7  -67.6    nan  1.017  100.7  3.822  5.202   62.0   74.4
N  -65.9  -33.0  109.6  178.9  -81.0    nan  1.027  100.0  3.783  5.311   67.2   81.4
S  -65.2  -56.0  107.9  178.9  149.9    nan  1.006   90.2  3.804  5.439   73.9   86.7
E  -55.6  -43.3  110.9  179.7  -71.4    nan  1.051  102.0  3.796  5.225   61.4   75.3
L  -65.0  -31.5  111.2 -179.5  -63.1    nan  1.058  100.9  3.783  5.285   64.4   79.7
A  -68.4  -34.1  108.3 -179.4    nan    nan  1.018   98.1  3.795  5.455   73.5   86.8
S  -69.4  -56.2  108.6  179.1  -76.5    nan  1.011   87.0  3.796  5.409   69.1   81.7
T  -50.0  -42.3  110.6  180.0  -56.0 -174.7  1.067  107.1  3.764  5.173   68.6   80.8
A  -59.7  -36.8  109.8  178.1    nan    nan  1.031  103.2  3.780  5.365   72.7   83.4
N  -76.4  -34.7  115.3  179.9  -86.8    nan  1.127   87.6  3.831  5.317   52.3   75.6
M  -62.9  -61.4  104.1  178.5  163.3    nan  0.962   91.6  3.800  5.523   82.2   87.1
L  -54.8  -31.7  111.9 -179.6  -52.9    nan  1.049  109.3  3.787  5.119   57.3   70.8
R  -64.1  -45.5  110.8 -179.0 -153.1    nan  1.060   94.5  3.780  5.439   76.7   91.9
E  -61.2  -57.9  110.1  179.6  -77.9    nan  1.038   90.1  3.829  5.364   67.9   80.1
Q  -44.4  -60.1  113.3  178.5  -60.3    nan  1.041   96.7  3.808  5.222   75.9   84.1
V  -50.5  -42.0  111.3  179.8  165.9  -72.6  1.067  106.6  3.811  5.186   64.8   78.1
A  -62.0  -27.1  113.3 -179.8    nan    nan  1.079  105.0  3.816  5.392   68.6   84.2
Q  -98.1    7.0  115.4 -179.6   73.4    nan  1.115   85.0  3.816  5.257   40.1   65.1
L  -86.5    nan  113.1  178.2  -76.5    nan  1.097    nan  3.828  5.820   88.6  105.0
