Id   phi    psi    tau  omega    chi    chi2  solid    eta  CA-CA  CB-CB  BA^AB  NA^AC
M    nan  160.1  111.0    nan   68.6    nan  1.068    nan    nan    nan    nan    nan
A  -52.8  120.7  109.0  172.6    nan    nan  1.022   85.1  3.823  5.258  -67.3  -78.1
S -169.1  162.2  108.0 -169.9   55.9    nan  0.979  162.3  3.822  5.608  145.9  129.5
P  -51.8  -45.6  111.2  169.0  -28.2    nan  1.005  103.3  3.838  5.203  -72.2  -75.6
L  -51.7  -58.8  110.2  174.6  174.0    nan  1.046   95.1  3.839  5.353   67.9   84.9
D  -57.4  -47.0  111.5 -177.9  174.0    nan  1.075   98.1  3.819  5.171   56.3   73.8
Q  -54.6  -45.4  110.2  175.6 -174.3    nan  1.041  101.8  3.816  5.364   70.0   81.9
A  -65.9  -56.4  110.0 -174.0    nan    nan  1.054   88.1  3.827  5.271   61.5   80.8
I  -61.0  -41.1  109.8  179.7   68.7  -56.4  1.117   99.9  3.811  5.250   50.5   70.4
G  -53.4  -57.0  111.1  176.6    nan    nan    nan   94.8  3.840    nan    nan   88.9
L  -52.9  -48.8  110.2  175.7  -77.2    nan  1.039  101.0  3.823    nan    nan   74.4
L  -60.1  -57.4  111.4 -175.5 -161.1    nan  1.085   90.1  3.813  5.199   62.9   82.4
I  -64.8  -38.2  110.6 -178.6   71.1  -55.5  1.125   97.9  3.832  5.282   45.4   67.9
G  -59.7  -58.8  111.1  177.4    nan    nan    nan   89.7  3.834    nan    nan   86.6
I  -59.5  -40.4  109.2 -178.4 -144.4   87.3  1.112  101.7  3.821    nan    nan   71.1
F  -53.6  -52.7  111.6  171.1  167.9    nan  1.077   97.1  3.831  5.653   75.1   85.2
H  -59.4  -33.0  111.1 -178.1 -167.9    nan  1.058  104.9  3.835  5.256   63.0   77.5
K  -71.2  -61.5  109.6  173.9  -61.0    nan  1.064   82.8  3.823  5.512   61.0   77.9
Y  -43.5  -47.1  111.6 -179.7  163.9    nan  1.055  108.0  3.849  5.219   71.3   82.5
S  -39.2  -38.5  113.6  176.2  -73.2    nan  1.054  116.7  3.840  5.363   86.0   97.0
G -150.2   77.7  109.1  175.1    nan    nan    nan   88.5  3.820    nan    nan   -5.0
K  -52.3  -38.6  110.0  170.1  -55.7    nan  1.047  108.0  3.833    nan    nan -164.7
E  -48.0  -39.5  113.0  170.4 -174.2    nan  1.027  109.4  3.840  5.414   82.8   91.4
G  174.7  117.9  104.6 -173.1    nan    nan    nan  116.5  3.852    nan    nan  -37.6
D  -57.7   85.1  115.3 -166.4   60.1    nan  1.159  113.9  3.839    nan    nan -111.0
K  -65.6  155.5  108.7  168.5  -62.2    nan  1.001   75.3  3.819  6.094 -148.9 -175.9
H  -93.6   -8.8  111.7 -178.4 -158.1    nan  1.053   83.2  3.838  5.579 -118.7 -116.3
T -126.6  158.9  105.0  175.2   45.8  -73.3  0.971  129.1  3.847  5.303   27.0   45.2
L  -91.4  126.2  110.0 -167.1  166.3    nan  1.022  106.9  3.821  5.587 -105.4 -103.4
S  -94.0  147.3  111.8 -175.2   51.9    nan  1.058  105.0  3.827  5.911 -144.4 -146.6
K  -50.3  -40.9  111.4  179.7 -140.5    nan  1.067  107.4  3.846  5.536  -75.4  -87.2
K  -46.9  -57.3  110.5  175.4  173.3    nan  1.037   98.9  3.837  5.486   85.7   94.5
E  -72.2  -37.2  110.5 -173.3  -52.8    nan  1.063   92.4  3.804  5.019   43.2   65.0
L  -53.4  -49.3  110.3  170.5  176.5    nan  1.048  100.3  3.812  5.530   76.7   88.0
K  -65.2  -39.8  110.5 -178.6 -176.4    nan  1.071   96.8  3.832  5.215   54.7   74.3
E  -55.7  -53.2  110.5  170.3  -71.1    nan  1.071   96.1  3.832  5.583   70.6   83.3
L  -54.2  -50.7  110.0  179.2  177.1    nan  1.071   99.0  3.836  5.371   66.7   79.2
I  -54.5  -54.2  110.1  179.5  -71.7  166.6  1.078   96.5  3.832  5.335   67.5   81.3
Q  -55.3  -49.8  111.2 -179.8  -72.3    nan  1.054   98.1  3.840  5.360   65.1   78.3
K  -58.3  -50.9  110.4  179.2  -67.7    nan  1.049   95.8  3.820  5.273   64.0   78.8
E  -55.2  -39.4  110.8  177.3 -171.8    nan  1.057  104.8  3.822  5.222   62.9   78.9
L  -63.0  -55.3  109.4  176.0  -72.9    nan  1.039   90.9  3.838  5.557   67.4   81.1
T   63.6  -69.9  110.3 -169.3  -54.9 -173.0  1.113  116.4  3.834  5.414 -168.6 -162.6
I -133.7   16.1  111.5  170.7   71.6  -57.2  1.091   53.8  3.863  5.029  -40.9  -19.1
G   81.8   62.2  108.9 -172.1    nan    nan    nan   77.4  3.837    nan    nan  -81.8
S  -78.1   50.7  112.5 -174.7   33.0    nan  1.098  114.8  3.829    nan    nan  168.8
K   39.5  -75.9  115.5  169.6  -46.6    nan  1.153  117.0  3.871  5.765  -97.8 -106.2
L  -49.0  -46.9  109.2  171.5  175.9    nan  1.015  105.5  3.841  5.142   52.9   58.9
Q  -61.4  -31.6  111.6  177.2  -84.7    nan  1.060  103.8  3.813  5.257   59.7   76.6
D  -71.1  -45.2  110.3  176.6  -62.8    nan  1.064   89.7  3.822  5.551   65.9   81.9
A  -53.9  -42.9  109.5  171.9    nan    nan  1.044  104.4  3.815  5.429   72.9   81.0
E  -59.3  -39.1  110.4  174.5 -156.5    nan  1.063  102.0  3.816  5.345   64.6   79.8
I  -68.9  -42.1  110.2  178.9  -74.7  164.8  1.093   93.0  3.849  5.460   58.1   78.4
V  -56.5  -52.7  109.2  175.5  173.7  -66.0  1.063   96.7  3.830  5.534   71.9   84.1
K  -54.2  -56.6  110.4  177.2 -179.4    nan  1.049   94.9  3.830  5.359   66.0   77.9
L  -47.5  -63.1  109.3 -179.9  169.5    nan  1.031   95.1  3.838  5.238   71.5   82.9
M  -55.8  -53.5  110.2 -175.1 -174.0    nan  1.054   96.0  3.808  5.072   55.8   73.1
D  -55.9  -53.9  111.2 -178.0  174.8    nan  1.054   95.1  3.823  5.291   64.9   79.8
D  -65.8  -45.3  111.0 -176.0 -176.7    nan  1.044   93.2  3.818  5.154   55.6   72.1
L  -77.7  -55.6  111.3 -169.9 -177.9    nan  1.049   80.1  3.818  5.051   51.6   73.6
D  -84.1   67.6  110.6 -169.7  -62.8    nan  1.060  111.3  3.825  4.979   34.0   58.5
R  -75.1   72.6  109.8  177.6  -54.3    nan  1.075  112.9  3.820  6.210  169.5  169.9
N   78.0  -53.9  109.6 -178.4  -47.5    nan  1.085  112.8  3.856  5.382  -20.3  -37.9
K  -58.9  101.2  108.1  170.7  -61.7    nan  1.006   99.2  3.813  5.244   61.1   66.8
D -126.1  -53.8  110.8 -172.4  179.4    nan  1.047   54.6  3.835  5.938  159.8  157.2
Q  -44.6  -45.5  111.4  173.4   10.9    nan  1.116  108.4  3.840  5.350   68.5   83.3
E -142.9  138.7  105.2  169.4 -170.3    nan  0.997  134.7  3.789  4.991  -24.0   -8.6
V -119.4  142.1  107.8 -173.0 -162.3  -40.0  1.008  123.5  3.829  5.814 -152.3 -159.0
N  -93.0  144.4  110.9 -170.3 -177.6    nan  1.035  104.5  3.814  5.753 -122.6 -125.9
F  -42.7  -42.8  113.5  176.6  174.0    nan  1.066  110.8  3.821  5.344  -72.6  -85.8
Q  -54.7  -43.6  111.1  178.0 -176.2    nan  1.059  102.4  3.845  5.458   74.0   88.3
E  -64.0  -46.0  108.4 -178.6  -60.1    nan  1.032   95.7  3.820  5.345   65.7   80.3
Y  -54.1  -46.1  111.0  174.0  170.2    nan  1.086  101.4  3.816  5.369   66.6   81.4
I  -58.4  -52.6  110.7  177.9  -74.9  161.6  1.088   94.5  3.843  5.412   65.2   81.0
T  -59.3  -38.3  111.0  177.2   34.4  -84.0  1.067  102.1  3.825  5.389   59.2   73.9
F  -60.8  -39.0  111.3  173.4  173.1    nan  1.092  100.4  3.834  5.510   66.2   82.5
L  -53.3  -52.6  107.6  173.5 -159.2    nan  1.007   99.8  3.844  5.565   81.0   88.2
G  -53.5  -57.9  112.1  176.5    nan    nan    nan   93.4  3.817    nan    nan   77.9
A  -56.5  -43.7  111.7 -177.1    nan    nan  1.051  100.7  3.828    nan    nan   76.7
L  -62.7  -58.7  108.9  178.0  174.3    nan  1.031   89.5  3.830  5.317   64.2   78.8
A  -52.7  -38.1  111.5 -178.9    nan    nan  1.066  107.3  3.820  5.171   60.8   76.9
M  -50.7  -37.2  112.1  175.8 -170.2    nan  1.085  109.2  3.843  5.541   80.2   94.2
I  -58.2  -32.8  110.7  178.6  -54.3 -178.4  1.074  106.3  3.850  5.552   75.9   90.2
Y  -75.0    7.4  111.2  179.2  -59.8    nan  1.070  107.5  3.845  5.449   60.9   78.6
N   -5.2  -68.1  115.8  175.4   75.7    nan  1.178  109.6  3.897  6.095  167.1  178.1
E  -56.1  -51.9  110.7 -177.0  -60.9    nan  1.043   96.5  3.852  5.252   59.1   69.0
A  -69.8  -38.1  110.1  178.8    nan    nan  1.039   94.2  3.815  5.146   50.0   65.5
L  -55.2  -54.5  111.0  179.4  173.0    nan  1.080   95.3  3.832  5.449   75.7   92.4
K  -74.0  -45.6  110.9  176.3   62.8    nan  1.139   87.0  3.826  5.289   34.6   57.9
G   61.4    nan  110.5 -174.0    nan    nan    nan    nan  3.826    nan    nan -159.9
