Id   phi    psi    tau  omega    chi    chi2  solid    eta  CA-CA  CB-CB  BA^AB  NA^AC
M    nan  172.8  110.4    nan  -54.1    nan  1.057    nan    nan    nan    nan    nan
A  -68.6  -19.0  112.5  179.7    nan    nan  1.054  103.2  3.835  5.230  -71.8  -72.9
S  -41.4  -49.2  115.5 -169.9  -30.1    nan  1.150  106.0  3.848  5.684  110.4  132.8
P  -59.9  -45.0  111.6  178.6  -21.7    nan  1.003   97.4  3.875  5.432   69.3   78.7
L  -62.6  -50.2  107.8  179.4 -151.5    nan  1.013   94.9  3.825  5.218   60.3   78.6
D  -57.3  -40.9  111.8  177.7  173.8    nan  1.078  101.8  3.821  5.304   60.2   77.6
Q  -56.7  -45.1  110.1  172.7  165.7    nan  1.081  100.6  3.824  5.423   68.2   83.2
A  -63.5  -46.4  110.7  180.0    nan    nan  1.070   94.5  3.833  5.433   60.7   78.7
I  -54.0  -48.5  109.2  172.6  -60.2  175.3  1.051  101.0  3.833  5.454   69.6   80.3
G  -49.7  -52.7  111.1  176.8    nan    nan    nan  100.0  3.835    nan    nan   85.5
L  -59.2  -48.9  111.0  176.0  -65.5    nan  1.069   96.0  3.819    nan    nan   73.1
L  -55.8  -49.2  111.5 -178.7 -177.9    nan  1.086   97.9  3.839  5.335   67.9   83.8
I  -54.6  -51.2  108.8  172.0  -64.5  170.0  1.022   99.1  3.844  5.409   66.9   76.6
G  -41.0  -53.6  111.5  174.5    nan    nan    nan  104.7  3.828    nan    nan   89.2
I  -68.2  -63.0  110.3  177.0  -53.6 -177.8  1.057   83.2  3.822    nan    nan   64.5
F  -51.4  -47.8  112.4 -168.4 -168.9    nan  1.092  101.4  3.824  5.120   64.8   83.9
H  -62.5  -25.9  112.9 -172.4   84.6    nan  1.123  105.3  3.815  5.291   62.6   84.7
K  -59.9  -40.4  109.8  175.8  -55.1    nan  1.035  101.0  3.840  5.751   88.8   96.7
Y  -73.9  -58.9  108.6  174.2  -66.0    nan  1.047   83.1  3.800  5.272   51.9   68.1
S  -56.0  -33.3  112.5 -169.8 -153.6    nan  1.115  107.1  3.818  5.131   58.6   81.5
G  -53.9  -36.2  112.0  174.6    nan    nan    nan  107.2  3.839    nan    nan   94.7
K  -77.6   66.5  110.4  178.6  -56.6    nan  1.069  113.4  3.840    nan    nan   72.7
E   65.6   22.8  113.8  173.0  -54.5    nan  1.128  103.8  3.838  5.383  -48.7  -63.5
G  -79.5   51.9  110.4  171.7    nan    nan    nan  112.4  3.843    nan    nan  119.7
D  -60.1  152.4  110.4 -173.3 -178.5    nan  1.048   72.4  3.820    nan    nan  177.0
K   66.6   20.6  111.9 -176.1  -51.8    nan  1.093  104.6  3.847  4.936   50.5   30.9
H   68.2   62.9  109.3 -179.3  -38.8    nan  1.089   84.0  3.863  5.561  -94.7  -95.9
T -130.9  173.1  109.4 -176.9   68.4  -55.0  1.077  132.9  3.808  5.851  110.1  113.8
L -128.6  102.1  105.3 -177.2 -179.4    nan  0.962  109.4  3.808  5.307 -126.3 -134.1
S  -92.5  167.2  111.9 -169.5   65.0    nan  1.049   97.2  3.832  6.116 -168.9 -162.7
K  -45.4  -46.9  111.5  179.0 -133.5    nan  1.047  106.8  3.839  5.140  -52.0  -59.4
K  -50.9  -57.8  109.7  176.1 -174.1    nan  1.008   96.5  3.830  5.322   75.6   85.7
E  -59.8  -42.9  109.9 -176.9  -61.4    nan  1.022   99.6  3.804  5.050   56.6   72.6
L  -56.5  -56.6  110.5  175.5  -65.1    nan  1.073   93.5  3.813  5.420   68.9   83.5
K  -58.8  -38.4  111.3 -176.9   64.6    nan  1.147  102.3  3.824  5.310   55.5   75.5
E  -59.5  -53.7  110.8  173.9  -65.8    nan  1.083   93.0  3.832  5.610   73.3   84.1
L  -54.1  -52.2  110.3  178.8  177.6    nan  1.059   97.9  3.834  5.339   65.7   78.7
I  -50.5  -52.8  110.2  177.1  -64.9  169.8  1.055   99.9  3.844  5.333   69.1   81.8
Q  -54.4  -50.9  110.9  177.2  -75.0    nan  1.060   98.2  3.837  5.365   64.9   78.0
K  -60.5  -42.6  111.9 -179.6 -102.1    nan  1.105   98.2  3.835  5.297   58.5   77.1
E  -60.1  -39.6  111.1  173.7  -71.3    nan  1.044  100.7  3.838  5.486   69.1   79.5
L  -72.9   73.1  110.3 -176.8 -172.0    nan  1.065  113.7  3.841  5.274   57.0   77.6
T -146.4 -153.9  109.8 -178.0 -172.4   65.7  1.072  131.8  3.838  5.746  104.4  105.4
I  -70.1   65.6  113.2 -172.1 -173.2   60.6  1.137  118.5  3.854  4.908  -44.8  -28.8
G -170.4   39.3  107.8  169.4    nan    nan    nan   43.1  3.834    nan    nan   63.5
S  -72.6   48.0  114.6 -166.0  -27.1    nan  1.072  119.7  3.827    nan    nan  160.0
K -149.0  -71.9  106.0  169.6  173.5    nan  1.019   66.3  3.813  5.656   65.2   70.1
L  -57.2  -53.7  109.8  176.8 -177.2    nan  1.040   95.2  3.821  5.034   41.7   56.0
Q  -64.3  -31.5  110.5 -176.0 -176.1    nan  1.071  101.8  3.810  5.193   52.7   73.3
D  -75.0  -42.2  111.2  178.9  -62.7    nan  1.069   87.5  3.827  5.514   61.8   80.0
A  -53.1  -44.2  108.9  170.0    nan    nan  1.035  104.5  3.816  5.476   75.5   83.1
E  -61.9  -38.6  111.6  173.2 -174.9    nan  1.115   99.5  3.806  5.349   56.3   75.6
I  -58.1  -49.9  109.6  174.9  -76.6  161.1  1.085   97.0  3.862  5.681   73.5   85.8
V  -58.1  -52.1  109.9  180.0  175.5  -64.0  1.065   95.5  3.830  5.375   65.5   79.0
K  -57.7  -48.5  110.8 -179.1 -173.7    nan  1.057   97.4  3.829  5.295   63.5   78.4
L  -53.0  -61.1  109.1  176.0  177.8    nan  1.027   93.5  3.837  5.347   70.4   81.8
M  -50.7  -55.4  109.6 -176.7 -168.9    nan  1.060   98.4  3.820  5.149   61.5   78.2
D  -55.0  -60.1  111.2  179.1 -178.8    nan  1.054   91.7  3.824  5.301   62.5   76.5
D  -56.3  -43.6  111.4 -172.9 -173.9    nan  1.054  101.1  3.829  5.117   61.6   78.1
L  -76.3  -41.6  111.1 -178.8  -84.1    nan  1.064   86.9  3.819  5.236   49.9   69.4
D  -78.3   60.1  112.8 -171.1 -174.1    nan  1.110  115.5  3.836  5.227   51.7   76.2
R  -80.7   64.2  105.0  165.9  -95.8    nan  1.009  107.5  3.808  6.197  157.4  146.5
N   69.7  -41.2  113.0 -173.4 -156.1    nan  1.106  120.2  3.855  5.494  -43.4  -48.5
K  -70.5   23.7  115.2 -169.4  -64.0    nan  1.071  117.9  3.858  5.277   67.9   86.2
D  -48.5  -32.4  112.6 -179.0 -170.5    nan  1.044  113.9  3.886  6.137  151.4  157.3
Q  -58.3  -47.5  111.1  179.6  -63.1    nan  1.054   97.4  3.827  5.431   79.7   95.1
E -146.6   93.6  108.5 -178.1 -172.6    nan  1.036  103.1  3.828  4.730  -24.4   -6.2
V  -92.1  142.0  106.1  179.6  177.1  -61.4  0.976  101.5  3.824  6.111 -173.2  178.6
N  -91.3  147.0  109.7 -171.6 -177.6    nan  1.031  101.7  3.822  5.830 -125.6 -123.4
F  -42.1  -45.1  113.0  174.4  173.1    nan  1.073  109.7  3.828  5.375  -71.0  -81.9
Q  -57.4  -33.5  112.0  179.1 -177.7    nan  1.078  106.0  3.846  5.391   68.5   84.6
E  -71.3  -40.4  110.0  176.1  -61.2    nan  1.063   92.0  3.844  5.497   62.3   79.0
Y  -57.1  -45.9  110.4  171.6  163.3    nan  1.077   99.6  3.839  5.513   68.6   82.2
I  -57.2  -48.4  110.7  172.9  -67.4  168.4  1.062   97.9  3.830  5.431   65.1   78.2
T  -55.9  -39.8  110.4  176.9  -52.6 -171.7  1.073  104.2  3.832  5.408   65.3   80.3
F  -60.9  -42.8  111.4  174.7  170.3    nan  1.083   98.0  3.844  5.481   67.3   81.9
L  -53.1  -48.5  108.7  172.2 -154.2    nan  1.032  101.9  3.836  5.521   75.4   84.3
G  -48.6  -57.7  111.5  170.3    nan    nan    nan   97.0  3.813    nan    nan   81.5
A  -55.0  -41.7  112.0 -176.5    nan    nan  1.068  102.9  3.844    nan    nan   78.6
L  -56.6  -59.2  109.6  174.0  -70.7    nan  1.048   92.4  3.829  5.488   72.7   83.6
A  -56.9  -39.9  111.4 -179.2    nan    nan  1.056  102.9  3.819  5.177   58.8   72.7
M  -56.9  -14.0  113.9 -178.2  -73.4    nan  1.123  116.6  3.844  5.400   71.3   91.8
I  -57.4  -19.0  112.1  169.7   68.1  -58.2  1.114  114.0  3.847  5.917   95.0  105.7
Y  -63.7   78.3  109.9  169.8  -53.6    nan  1.048  112.9  3.854  5.788   86.1   94.5
N  -53.9  151.9  112.4 -176.6   65.2    nan  1.116   68.0  3.831  6.198 -154.1 -155.9
E   66.6  -68.4  110.1 -171.9  -53.2    nan  1.107  116.1  3.827  5.017   56.3   32.2
A  -46.6  -50.0  111.6 -178.8    nan    nan  1.054  103.7  3.851  5.202   64.7   74.4
L -119.1   38.7  109.7  173.1  -62.4    nan  1.023   78.7  3.828  4.953   -4.6   15.4
K   69.6  -68.1  110.9 -179.3  -47.4    nan  1.094  116.1  3.849  5.503  -77.5  -77.8
G  155.3    nan  110.4 -172.9    nan    nan    nan    nan  3.844    nan    nan  -85.8
