Id   phi    psi    tau  omega    chi    chi2  solid    eta  CA-CA  CB-CB  BA^AB  NA^AC
E    nan  120.0  109.8    nan   49.8    nan  1.059    nan    nan    nan    nan    nan
P  -75.5  152.2  114.1 -179.4   33.9    nan  1.004   87.8  3.827  5.843 -127.3 -135.7
A  -62.3  141.4  109.4  178.9    nan    nan  1.025   79.6  3.785  5.506  -88.5  -94.3
T  -90.9  136.9  116.7 -177.5   59.5  -60.0  1.127  108.5  3.823  5.731 -129.7 -127.7
I -128.1  132.2  113.5 -179.9  -54.8 -177.6  1.049  130.3  3.813  5.728 -163.7 -175.7
L -110.9  129.2  106.8  177.4  164.8    nan  0.986  115.8  3.816  5.797 -154.6 -165.1
L -105.2  121.4  111.3  179.6  -61.9    nan  1.015  115.8  3.803  5.859 -151.9 -157.4
I -120.3  104.9  106.3  176.8  -54.2 -173.2  1.007  111.3  3.781  5.867 -178.7  175.2
D -160.5  166.1  111.7  179.9   70.7    nan  1.046  160.9  3.794  5.635  127.8  120.7
D -139.9   55.5  102.1  176.8 -164.4    nan  0.953   71.2  3.764  5.461 -152.1 -155.9
H -146.4   83.2  106.3 -178.7 -169.1    nan  0.974   93.2  3.774  5.552   83.0   91.4
P  -43.6  -47.4  118.3 -179.4  -35.9    nan  1.072  104.5  3.849  6.007 -140.7 -141.6
M  -65.2  -32.4  111.0 -179.6 -173.8    nan  1.054  100.4  3.826  5.310   56.4   77.5
L  -71.4  -49.8  109.8  178.5  175.2    nan  1.023   87.7  3.809  5.436   68.7   81.7
R  -56.2  -40.2  111.8  179.4  179.2    nan  1.040  103.1  3.816  5.254   68.8   80.9
T  -59.2  -52.8  112.1 -179.8  -61.0  179.2  1.059   93.0  3.803  5.341   72.8   87.9
G  -64.5  -40.0  113.2 -179.0    nan    nan    nan   95.8  3.789    nan    nan   72.9
V  -65.1  -46.6  108.8  179.8  165.5  -73.6  1.052   94.4  3.779    nan    nan   81.9
K  -67.0  -29.4  112.5  179.1  -72.8    nan  1.065   99.6  3.828  5.359   57.7   73.5
Q  -68.3  -46.1  108.9  179.0 -110.0    nan  0.999   92.3  3.807  5.475   77.4   87.7
L  -66.3  -42.5  111.4  179.7  -72.6    nan  1.035   94.0  3.819  5.206   60.1   74.7
I  -63.2  -32.8  111.4  179.9  -73.9  164.8  1.059  101.7  3.803  5.288   66.7   81.7
S  -73.6   -3.8  112.4  179.1   61.9    nan  1.063  105.0  3.801  5.396   64.3   80.7
M -112.8    9.1  111.1  179.3  -62.8    nan  1.055   70.7  3.803  5.368   49.0   69.7
A -122.3   97.3  104.7  176.4    nan    nan  0.981  106.3  3.831  5.553   52.5   67.9
P  -51.8  -29.9  115.4 -179.4  -29.8    nan  1.010  111.6  3.839  5.909 -126.7 -135.9
D  -92.5    6.9  119.1 -178.2   50.3    nan  1.195   90.9  3.790  5.138   31.9   71.1
I -133.5  147.0  104.3  177.4   59.6  -64.6  1.014  132.4  3.813  5.520   45.6   54.9
T -154.7  146.8  113.2 -178.1 -163.6   75.6  1.069  148.1  3.787  5.597  175.3  172.9
V  -80.3  124.6  108.1  178.7  171.0  -67.1  1.017   99.0  3.809  5.660 -106.7 -118.0
V -108.9   -6.1  113.9  179.4  -64.1   57.8  1.095   68.7  3.795  5.871 -164.3 -165.7
G -168.3  163.1  111.1  180.0    nan    nan    nan  163.4  3.811    nan    nan    8.0
E -149.7  133.2  109.3  179.7  -68.8    nan  0.987  135.5  3.818    nan    nan -168.0
A -138.8  139.9  107.6  179.5    nan    nan  1.012  134.7  3.814  5.685  173.8  171.2
S  -96.7    0.2  116.1 -177.0  -72.0    nan  1.114   83.4  3.813  5.763 -136.6 -133.8
N -150.9  156.7  107.2  178.9   59.1    nan  1.022  149.2  3.792  5.132   18.1   32.1
G  -58.3  -39.9  117.0 -178.6    nan    nan    nan   99.0  3.796    nan    nan  -80.4
E  -61.6  -45.7  109.9 -178.7  -57.3    nan  1.022   96.8  3.793    nan    nan   87.6
Q  -65.0  -56.5  109.0  179.7 -173.4    nan  1.001   89.2  3.799  5.223   63.9   76.0
G  -55.8  -37.0  116.8 -178.8    nan    nan    nan  103.0  3.800    nan    nan   77.4
I  -65.0  -40.7  111.6  179.9  -76.2  159.8  1.039   95.9  3.806    nan    nan   86.1
E  -72.3  -34.7  110.4  179.5 -111.0    nan  1.052   93.5  3.788  5.252   56.3   74.5
L  -68.1  -39.0  111.2  178.5 -111.3    nan  1.003   94.6  3.831  5.436   71.2   82.5
A  -60.5  -46.3  111.4  179.7    nan    nan  1.041   96.3  3.803  5.274   72.9   87.2
E  -67.5  -36.7  113.3 -178.8 -170.9    nan  1.093   95.1  3.792  5.234   56.5   76.0
S  -76.4  -41.0  114.0  179.3   63.4    nan  1.100   85.3  3.786  5.327   56.7   75.6
L  -81.3  -29.0  112.5  179.3  -61.1    nan  1.025   87.1  3.845  5.328   53.7   66.7
D   42.8   56.3  110.4 -177.6 -167.8    nan  1.060  102.1  3.832  5.578 -166.8 -164.6
P  -70.1  159.6  114.6 -179.5   37.4    nan  1.007   79.5  3.833  6.056  168.1  167.6
D  -64.5  -31.7  110.9  179.9  -60.0    nan  1.030  101.4  3.796  5.456  -82.8  -86.9
L -142.4  134.5  112.6  180.0  173.0    nan  1.041  136.3  3.794  4.817   -5.9   13.4
I -118.6  120.6  106.2  177.4  -59.4  179.3  0.974  117.0  3.797  5.803 -159.8 -170.2
L  -99.0  118.0  108.2  178.4  -70.4    nan  1.022  110.2  3.811  5.935 -158.2 -161.0
L -114.9  122.1  116.2 -177.9  176.4    nan  1.114  124.3  3.813  5.921 -176.9 -175.3
D  -78.3  117.4  105.9  178.2 -178.0    nan  0.923   98.3  3.816  5.760 -120.0 -146.2
L  -88.6    2.1  112.4 -180.0  -66.9    nan  1.056   92.2  3.816  5.996 -155.7 -150.8
N -111.2   22.0  114.7 -178.2  -48.7    nan  1.073   79.1  3.810  5.424   59.0   79.2
M  -72.9  161.0  109.4  179.8  -65.2    nan  1.012   80.0  3.847  6.049  124.5  131.4
P  -49.4  125.7  111.7  179.9  -36.5    nan  0.950   81.3  3.850  5.076  -58.4  -69.4
G  131.7  -16.5  115.3  178.6    nan    nan    nan   56.8  3.764    nan    nan   60.4
M   52.4   41.1  110.1 -180.0  -53.3    nan  1.026  106.3  3.805    nan    nan -145.8
N -140.6   48.1  112.3 -177.8   65.9    nan  1.018   70.3  3.818  5.554   73.0   83.8
G  -63.4  -43.1  112.1 -179.6    nan    nan    nan   95.6  3.803    nan    nan  165.8
L  -63.0  -36.8  113.0  179.9 -144.7    nan  1.061   98.9  3.794    nan    nan   81.9
E  -66.8  -36.6  109.4  178.7  175.1    nan  1.003   97.7  3.828  5.384   70.5   82.3
T  -71.5  -36.6  109.2  177.7  -60.3  179.4  1.025   94.0  3.803  5.345   62.0   76.6
L  -63.9  -42.2  107.1  177.6  176.2    nan  1.004   98.6  3.815  5.451   73.5   83.3
D  -59.2  -49.0  113.1  179.4  -67.4    nan  1.038   94.7  3.823  5.372   72.9   84.6
K  -66.1  -38.0  111.4 -179.4  -65.4    nan  1.037   96.5  3.791  5.134   60.4   74.2
L  -62.1  -51.9  107.5  178.7 -176.6    nan  0.971   94.5  3.784  5.329   75.7   85.0
R  -60.0  -24.6  113.1 -179.4 -154.5    nan  1.068  108.3  3.784  5.024   56.3   75.8
E  -69.6  -23.7  111.4  178.7  -71.5    nan  1.018  100.5  3.854  5.653   79.2   91.6
K  -68.9  157.2  111.6  179.8  -66.3    nan  1.028   78.6  3.816  5.429   79.9   93.4
S  -83.4  105.4  107.0  178.1 -147.1    nan  0.995  104.4  3.813  5.521 -103.7 -107.9
L -132.8  147.4  111.8 -177.4  -50.0    nan  1.015  136.0  3.819  5.891  156.5  153.4
S -106.4  -15.6  112.2  179.3   62.2    nan  1.024   68.3  3.793  5.634 -137.3 -140.2
G  -86.0 -174.7  118.2 -177.6    nan    nan    nan   83.5  3.810    nan    nan   89.4
R  -95.2  151.1  109.2  179.1  -70.5    nan  0.993  103.8  3.781    nan    nan  -83.3
I -122.7  124.9  107.1  177.6  -62.3  176.5  1.004  120.8  3.807  5.693 -152.6 -153.6
V -125.3  126.0  105.4  178.7  170.8  -68.7  1.007  121.0  3.796  5.856 -179.3  176.2
V  -98.5  148.1  112.3 -178.9  -61.0   59.8  1.075  108.9  3.794  5.940 -150.2 -152.3
F -109.3  136.8  105.5  178.1  -89.7    nan  0.933  114.4  3.817  5.661 -130.3 -146.1
S -155.7  152.2  109.8  178.0 -174.8    nan  1.023  150.6  3.788  5.581  157.5  158.3
V  -91.7   -6.8  109.7  177.2  -60.7   62.8  1.049   86.0  3.813  5.677 -119.4 -121.2
S  -69.8  129.6  112.4 -179.7  170.5    nan  1.059   93.2  3.819  5.751   95.6  109.1
N -100.0    5.6  109.6  177.6  -66.0    nan  1.024   81.9  3.789  5.830 -146.2 -155.7
H  -65.0  120.6  105.6  178.8  -66.9    nan  0.989   89.7  3.817  5.942  114.4  122.5
E  -58.2  -38.0  110.9 -179.6 -166.3    nan  1.014  103.2  3.786  5.738 -108.2 -121.2
E  -67.5  -18.8  112.9 -179.1 -160.8    nan  1.079  104.3  3.801  5.284   61.8   83.0
D  -71.0  -32.3  112.0  179.3  -80.0    nan  1.101   94.9  3.815  5.596   76.3   96.1
V  -64.9  -46.5  106.8  177.4  174.8  -62.2  0.986   95.8  3.813  5.590   78.5   86.6
V  -62.1  -41.2  112.5 -180.0  167.2  -71.7  1.059   97.4  3.815  5.205   61.9   77.9
T  -66.5  -39.8  111.8  178.5  -62.0  176.2  1.048   95.0  3.807  5.351   64.7   79.1
A  -64.1  -45.0  109.1 -179.6    nan    nan  1.026   95.8  3.834  5.364   70.0   83.3
L  -63.4  -46.0  109.9  179.6  -66.3    nan  1.033   95.3  3.782  5.284   64.2   78.1
K  -62.0  -28.9  111.2  179.7  -73.0    nan  1.028  104.9  3.783  5.287   67.7   79.1
R  -90.3    2.5  116.7 -179.2  -62.7    nan  1.131   90.8  3.815  5.183   45.4   70.6
G  117.4    0.3  120.3  177.2    nan    nan    nan   62.4  3.801    nan    nan  -72.6
A  -86.6  143.2  107.6  178.4    nan    nan  1.004   97.7  3.806    nan    nan   97.5
D  -87.4  -17.9  109.6  178.0  -63.6    nan  1.008   86.6  3.813  5.689 -120.4 -126.4
G -157.4  170.9  111.6  179.8    nan    nan    nan  159.1  3.784    nan    nan    9.0
Y -147.5  127.5  107.4 -178.0  178.9    nan  0.962  129.9  3.783    nan    nan -155.2
L -126.9  145.8  112.0  179.7  -53.3    nan  1.033  131.6  3.829  5.893  178.6 -180.0
L  -82.8  158.5  105.4  176.6  -66.4    nan  0.983   88.8  3.810  5.634 -113.3 -122.1
K  -86.7   -0.3  114.8 -179.1  -56.3    nan  1.085   93.2  3.810  5.540 -108.8 -104.5
D -108.2   27.0  115.7 -179.7   61.2    nan  1.090   84.8  3.834  5.474   58.3   79.1
M  -73.6  150.2  113.8 -179.2  -69.0    nan  1.057   87.0  3.832  6.053  128.6  137.3
E  -67.6  142.2  104.3  177.6  -86.7    nan  0.963   80.7  3.789  5.411  -89.1 -103.4
P  -45.4  -45.1  116.0 -179.5  -31.9    nan  1.019  106.0  3.827  5.369  -76.0  -84.8
E  -70.0  -35.1  112.9 -179.5  -63.5    nan  1.074   94.0  3.814  5.192   50.3   75.1
D  -72.1  -37.6  109.7  178.5  -68.2    nan  1.017   92.7  3.807  5.377   66.4   78.7
L  -69.3  -36.8  110.8  178.8 -178.3    nan  1.053   94.8  3.794  5.304   62.4   79.1
L  -65.2  -42.9  110.1  179.8 -179.5    nan  1.036   95.4  3.817  5.421   70.2   84.5
K  -62.1  -42.5  111.2  178.7  -76.8    nan  1.021   97.5  3.789  5.326   69.6   81.2
A  -65.5  -41.9  111.5  179.5    nan    nan  1.045   94.9  3.810  5.243   64.1   79.1
L  -66.4  -46.9  111.4 -179.3 -105.4    nan  1.045   91.7  3.814  5.271   64.1   79.9
H  -63.4  -40.4  110.9  179.4 -172.1    nan  1.048   97.7  3.796  5.269   61.9   77.1
Q  -66.0  -45.0  111.3  178.2  171.1    nan  1.031   93.0  3.802  5.369   67.4   79.7
A  -64.2  -39.5  113.1 -179.6    nan    nan  1.069   96.4  3.793  5.201   62.7   79.5
A  -87.1  -32.6  115.0 -179.2    nan    nan  1.101   79.4  3.815  5.182   40.6   64.6
A -132.9   -3.7  120.4 -175.7    nan    nan  1.151   45.3  3.824  4.813    2.5   28.2
G -110.0 -177.8  116.0 -179.3    nan    nan    nan  109.1  3.819    nan    nan   76.5
E  -78.6  146.2  105.6  177.7  -67.3    nan  0.990   89.0  3.792    nan    nan  -73.0
M -146.7  114.8  111.4 -177.4 -170.0    nan  1.014  122.2  3.769  5.563 -176.3  179.9
V -122.8  144.0  107.5  178.3  -52.6   70.8  1.026  125.9  3.802  5.966  171.3  166.6
L  -71.0  141.8  111.2 -179.8 -170.7    nan  1.049   87.4  3.802  5.623 -100.7 -108.3
S  -58.6  150.6  110.6  179.9   69.7    nan  1.018   72.1  3.792  5.501  -86.2 -101.3
E  -61.6  -29.9  108.9  178.5  -75.4    nan  0.996  105.7  3.794  5.401  -83.4  -95.1
A  -61.9  -48.0  113.5  179.8    nan    nan  1.063   93.0  3.811  5.384   77.0   94.0
L  -87.4  -14.6  113.6 -179.6  -78.0    nan  1.064   86.7  3.812  5.089   35.5   55.6
T  -53.4  -57.0  113.6 -178.8  -57.2 -177.2  1.103   93.2  3.808  5.745  104.3  118.3
P  -54.4  -31.2  113.2  179.9   23.0    nan  0.986  109.5  3.841  5.183   70.1   78.0
V  -68.8  -45.8  114.0 -179.1 -171.2  -48.6  1.087   88.9  3.804  5.315   61.8   88.2
L  -74.5  -32.0  109.5  179.7  -56.7    nan  1.027   93.2  3.813  5.322   54.5   68.4
A  -55.4  -51.5  109.2  179.3    nan    nan  1.010   98.2  3.794  5.453   87.5   97.1
A  -58.7  -39.7  111.4  179.3    nan    nan  1.042  101.5  3.807  5.172   61.9   76.5
S  -60.1  -33.9  111.5  179.5  172.5    nan  1.033  103.7  3.809  5.367   73.8   86.8
L  -67.9  177.3  110.9 -179.8  -81.2    nan  1.037   69.0  3.823  5.376   70.1   85.1
E  108.0  -46.0  112.9  -60.0  166.3    nan  1.047   93.0 10.075  9.125 -145.0  160.8
R  -74.4  111.7  116.4 -177.9  -52.1    nan  1.144  107.4  3.802  5.013   46.7   71.3
D  -87.0   83.8  108.9 -179.2 -173.2    nan  1.002  109.1  3.807  5.906 -141.5 -163.5
V  -61.2  -27.7  113.2 -178.6 -156.1  -32.4  1.013  105.4  3.876  6.250 -150.0 -159.1
N  -71.4  -10.5  112.6 -178.0  -48.6    nan  1.081  104.3  3.772  5.254   70.8   89.8
Q  -83.7   -0.7  110.1  178.8   74.6    nan  1.083   96.1  3.780  5.623   70.1   91.2
L  -88.5  143.6  111.8  178.3  -62.2    nan  1.047  101.5  3.807  5.762   80.0   96.1
T  -80.4  161.7  105.4  176.5   68.9  -52.9  0.968   85.6  3.823  5.635 -109.0 -122.9
P  -51.0  -44.6  113.8 -179.7  -32.6    nan  0.993  103.2  3.859  5.188  -63.2  -68.0
R  -64.2  -39.9  110.6 -179.7 -168.7    nan  1.047   97.5  3.788  5.178   57.0   79.7
E  -65.6  -33.1  111.7  178.1  -80.2    nan  1.060   99.3  3.835  5.386   64.6   80.4
R  -70.1  -42.8  109.9  177.0  -72.9    nan  1.009   91.9  3.820  5.442   70.4   81.1
D  -62.7  -38.3  109.0  178.2  -69.4    nan  0.982  100.5  3.824  5.315   71.2   79.7
I  -66.4  -48.5  107.7  179.8  -71.4  165.3  1.020   93.3  3.814  5.306   66.6   80.9
L  -58.2  -45.5  112.4  179.4  168.5    nan  1.069   98.0  3.815  5.322   65.8   79.8
K  -57.3  -45.5  112.9  179.6  173.9    nan  1.065   98.4  3.798  5.313   71.8   84.9
L  -73.8  -33.3  112.9 -179.5  -62.8    nan  1.102   91.6  3.827  5.206   48.6   70.4
I  -63.1  -42.5  107.5  176.1  -75.3  161.7  0.975   98.8  3.844  5.648   81.5   86.5
A  -64.7  -21.4  112.4  179.6    nan    nan  1.071  105.8  3.832  5.216   63.1   79.2
Q  -81.6   -4.5  111.3  177.8  -72.2    nan  1.048   96.7  3.815  5.477   65.5   82.2
G   78.5   20.7  113.2  179.1    nan    nan    nan   92.9  3.794    nan    nan -111.9
L  -78.8  143.6  114.1 -178.8  -53.1    nan  1.070   94.7  3.803    nan    nan  127.2
P  -77.8  159.5  108.4  179.1   29.8    nan  0.942   84.9  3.828  5.491 -105.6 -118.8
N  -51.6  -37.0  116.8 -177.9  -63.7    nan  1.119  106.4  3.853  5.544  -74.8  -70.4
K  -65.2  -40.5  111.0 -179.8  -88.4    nan  1.045   96.2  3.822  5.465   74.9   86.3
M  -68.5  -38.7  110.7  179.9 -147.2    nan  1.046   94.6  3.778  5.225   63.0   78.3
I  -68.0  -46.6  109.6  179.3  -60.5  178.3  1.043   91.8  3.829  5.449   63.8   79.7
A  -54.0  -44.5  110.9  179.5    nan    nan  1.030  102.5  3.827  5.362   74.8   85.6
R  -67.7  -46.3  113.8 -179.5  179.7    nan  1.072   89.5  3.801  5.180   57.4   76.6
R  -62.6  -34.5  112.4 -179.7  -53.9    nan  1.045  100.8  3.819  5.311   65.3   80.0
L  -98.7   -0.5  113.2 -179.0  -56.0    nan  1.074   81.1  3.788  5.087   34.5   57.3
D   54.0   56.0  112.7 -178.9 -170.8    nan  1.085   94.0  3.814  5.618 -129.7 -129.4
I -141.5  162.8  106.4  178.2   58.5  -65.9  1.026  143.1  3.809  5.784   91.3   91.7
T  -77.8  161.7  109.4  179.2   59.6  -60.3  1.018   84.3  3.818  5.525  -90.2  -93.1
E  -62.9  -34.9  108.6  178.2  -69.9    nan  1.008  102.2  3.817  5.336  -75.5  -82.3
S  -53.7  -47.5  109.5  178.6  -67.4    nan  0.996  101.6  3.834  5.506   87.3   95.5
T  -66.1  -40.6  110.5 -179.8  -56.3 -176.2  1.036   95.7  3.779  5.083   58.5   73.9
V  -58.0  -48.1  108.8  178.1  168.2  -69.1  1.012   98.6  3.801  5.418   75.5   86.1
K  -57.2  -44.8  112.7  179.7  -67.8    nan  1.060   99.0  3.824  5.271   68.0   81.5
V  -59.6  -45.1  111.5  179.0  165.0  -74.3  1.035   97.7  3.831  5.339   71.2   82.5
H  -67.5  -40.5  113.4  179.2  -72.0    nan  1.057   93.0  3.797  5.200   59.8   75.3
V  -61.0  -44.9  109.8  179.5  175.9  -63.3  1.047   97.7  3.824  5.399   71.7   85.2
K  -63.8  -47.4  111.1  179.2  -68.4    nan  1.072   93.5  3.802  5.334   62.5   78.2
H  -60.0  -49.7  111.8  179.2  -74.6    nan  1.030   94.5  3.817  5.363   69.1   79.6
M  -59.1  -47.0  113.6 -179.9  174.8    nan  1.083   95.7  3.803  5.145   63.1   79.8
L  -62.8  -40.1  110.6 -179.2  -71.0    nan  1.032   98.5  3.852  5.369   65.5   79.0
K  -61.9  -45.1  111.0  178.9 -177.1    nan  1.000   96.2  3.810  5.285   72.7   83.7
K  -69.4  -43.5  112.8  179.6  -58.3    nan  1.076   90.3  3.814  5.185   53.5   73.6
M  -80.1   -7.0  113.7 -179.9  -62.8    nan  1.061   97.0  3.808  5.187   49.0   66.1
K   57.2   40.6  111.6 -179.8  -41.0    nan  1.085  102.1  3.825  5.604 -134.8 -132.8
L -101.6  127.8  103.7  178.0  -63.9    nan  0.957  107.9  3.804  6.000  117.1  118.1
K  -68.3  -28.0  116.1 -178.3  -82.0    nan  1.061   97.7  3.821  5.846 -114.2 -119.8
S -155.2  173.0  112.9 -175.9   61.2    nan  1.007  157.1  3.773  4.569   -7.1    6.0
R  -63.7  -37.1  111.5  177.7  -66.9    nan  1.063   98.9  3.775  5.125  -72.5  -69.9
V  -70.4  -36.4  109.0  178.0   65.6 -171.0  1.063   95.0  3.856  5.479   61.2   77.8
E  -64.9  -34.0  108.6  178.6 -170.3    nan  1.025  100.9  3.814  5.485   71.2   83.6
A  -70.5  -37.8  111.7  178.7    nan    nan  1.057   92.8  3.835  5.415   63.7   81.1
A  -68.0  -36.1  110.8  179.3    nan    nan  1.058   96.2  3.811  5.383   65.2   81.1
V  -72.7  -44.5  110.5  179.5 -179.4  -58.4  1.044   88.8  3.836  5.435   62.9   78.0
W  -56.9  -55.1  109.8  179.1 -174.8    nan  1.022   94.6  3.816  5.401   75.3   84.6
V  -54.3  -37.5  111.0 -179.7  163.3  -76.7  1.054  106.6  3.800  5.194   66.0   78.3
H  -67.9  -45.5  113.9 -179.8 -179.3    nan  1.081   89.7  3.807  5.355   66.1   82.6
Q  -64.7  -48.5  111.4  179.4  -62.6    nan  1.036   92.1  3.813  5.284   65.6   77.7
E  -75.3  -24.3  114.4 -180.0  -65.9    nan  1.073   93.8  3.802  5.079   47.1   65.6
R   55.9   33.8  106.7 -178.3  -56.7    nan  0.949  109.5  3.815  5.450 -143.4 -147.6
I  -48.7  -29.6  110.9 -177.6   83.1  -33.5  1.065  116.2  3.806  6.096  156.8  168.6
F -107.8    nan  107.9  179.8  -59.5    nan  1.000    nan  3.803  5.168   32.8   49.3
