Id   phi    psi    tau  omega    chi    chi2  solid    eta  CA-CA  CB-CB  BA^AB  NA^AC
M    nan  129.8  109.7    nan -166.6    nan  1.022    nan    nan    nan    nan    nan
K -112.3  137.6  115.7 -179.6  -81.3    nan  1.139  123.4  3.815  5.863 -166.5 -162.3
K  -98.2  132.9  112.0 -178.8  -50.2    nan  1.035  111.6  3.808  5.700 -129.4 -145.3
I -123.4  121.9  108.3  179.5  -61.7  177.0  1.008  120.9  3.806  5.836 -167.8 -174.3
A  -94.7  122.4  106.7  178.9    nan    nan  0.993  106.6  3.800  5.912 -148.7 -156.5
I -106.6  125.5  113.7 -178.8  -58.9 -179.8  1.096  118.6  3.795  5.916 -165.5 -163.4
F -125.7   90.5  109.0  179.1  -64.1    nan  1.010  105.6  3.825  5.854 -173.0  173.9
A  -59.7  -38.5  114.0 -178.3    nan    nan  1.088  100.1  3.825  6.093 -146.8 -150.2
G   78.9 -146.4  118.0  178.6    nan    nan    nan   95.4  3.798    nan    nan -144.7
D -104.3  168.1  116.0 -177.2  -45.8    nan  1.057  109.2  3.799    nan    nan  -52.1
G   57.9 -117.6  117.3  177.9    nan    nan    nan   95.6  3.789    nan    nan   36.1
I  -82.3   -6.3  111.8  179.4   61.9  -62.5  1.048   95.3  3.790    nan    nan   -2.8
G  -52.3  -50.9  115.4  180.0    nan    nan    nan   97.0  3.809    nan    nan  126.2
P  -57.8  -38.9  113.4  179.9  -32.8    nan  0.989  101.7  3.852    nan    nan   80.7
E  -79.8  -31.1  115.5  180.0   55.3    nan  1.171   86.1  3.819  5.215   36.1   71.4
I  -78.0  -26.3  112.2  179.2   60.2  -64.3  1.109   91.3  3.817  5.559   62.2   79.0
V  -80.6  -28.4  109.2  178.6  176.2  -62.4  1.042   89.4  3.813  5.542   65.3   78.8
A  -69.3  -43.6  108.3  178.6    nan    nan  1.016   93.1  3.827  5.510   74.2   86.7
A  -62.2  -50.7  107.4  178.4    nan    nan  0.993   95.2  3.812  5.306   67.7   78.8
A  -58.8  -34.5  110.7  178.4    nan    nan  1.041  104.8  3.800  5.191   61.5   75.9
R  -65.6  -34.8  110.7  178.7 -104.2    nan  1.048   99.0  3.833  5.450   70.5   85.5
Q  -56.5  -45.8  107.3  178.1  -78.3    nan  0.961  102.0  3.837  5.576   88.6   92.6
V  -69.0  -41.2  114.3 -179.1  179.2  -59.1  1.095   90.9  3.800  5.093   54.0   73.5
L  -64.4  -44.8  109.7  180.0 -138.8    nan  1.012   95.3  3.830  5.402   72.1   82.1
D  -62.9  -41.0  111.6  179.7  -66.5    nan  1.042   97.4  3.824  5.241   64.7   79.2
A  -63.9  -35.8  110.9  179.4    nan    nan  1.032   99.8  3.813  5.307   68.1   81.8
V  -78.7  -42.3  110.7  179.8  178.4  -59.6  1.037   84.9  3.810  5.280   55.6   72.6
D  -59.1  -46.4  110.9  179.4 -179.8    nan  1.039   97.6  3.810  5.341   72.2   85.0
Q  -64.8  -49.2  112.3  179.5  -72.1    nan  1.065   91.0  3.811  5.264   60.2   76.4
A  -63.2  -46.4  112.6  180.0    nan    nan  1.058   93.6  3.828  5.232   61.7   76.2
A  -82.4  -17.8  113.8 -179.4    nan    nan  1.066   90.2  3.814  5.086   42.0   61.5
H   61.5   53.2  109.9 -178.6  -60.4    nan  1.057   92.7  3.822  5.518 -140.1 -137.4
L  -77.6  -21.1  114.5 -179.3  -66.7    nan  1.092   93.1  3.811  6.157  151.1  158.0
G   58.3   53.0  113.2  180.0    nan    nan    nan   92.8  3.805    nan    nan -145.4
L  -89.7  142.7  111.1 -179.8  -52.3    nan  1.030  102.4  3.811    nan    nan  144.2
R -113.2  107.7  106.4  179.3  169.0    nan  0.971  111.5  3.797  5.674 -145.4 -154.7
C -102.7  138.0  113.2 -179.0  -65.6    nan  1.066  114.8  3.817  6.049 -176.1 -174.2
T -132.1  145.3  108.0  179.6   48.7  -71.4  0.990  133.0  3.788  5.690 -167.3 -179.5
E -107.6  138.9  112.9 -179.8  -72.1    nan  1.064  118.1  3.789  5.691 -143.6 -141.4
G -134.1  176.4  111.3  179.3    nan    nan    nan  135.3  3.777    nan    nan -178.2
L -107.1  140.7  112.3  179.3  -71.0    nan  1.075  117.2  3.785    nan    nan -105.4
V -150.5  149.9  107.8  179.7   68.2 -167.8  0.997  145.9  3.794  5.656  177.4  164.4
G   73.3 -146.2  114.4  179.3    nan    nan    nan   89.0  3.798    nan    nan   31.3
G  -62.5  -28.0  113.9 -179.7    nan    nan    nan  103.8  3.782    nan    nan  -15.4
A  -64.1  -40.0  107.5  178.4    nan    nan  0.989   99.3  3.803    nan    nan   92.4
A  -73.4  -31.7  110.7  179.2    nan    nan  1.033   93.8  3.805  5.187   55.1   72.6
L  -68.1  -50.3  108.2  178.8  -84.2    nan  0.998   90.9  3.805  5.422   72.5   85.2
D  -57.2  -30.4  111.8  179.6  -73.8    nan  1.044  108.0  3.811  5.218   65.4   79.0
A  -96.3  -36.6  114.4 -179.1    nan    nan  1.077   70.5  3.800  5.151   40.8   63.1
S -129.2    0.3  117.5 -177.1  -57.5    nan  1.103   50.9  3.802  4.810    2.8   27.5
D   59.0   37.7  108.6 -179.1 -174.3    nan  1.027  103.9  3.817  5.488 -121.2 -123.5
D -159.9  124.3  105.0  179.7 -173.7    nan  0.968  127.1  3.804  5.395   50.1   57.5
P  -64.6  -21.2  115.3 -179.9   32.2    nan  1.021  105.1  3.848  5.763 -115.7 -121.3
L -147.6   77.8  108.9  178.9 -153.9    nan  1.027   89.5  3.837  4.981   -8.6   16.7
P  -56.2  153.2  111.2 -179.9  -28.6    nan  0.963   68.9  3.846  6.054 -151.3 -160.5
A  -54.3  -33.9  112.0 -179.1    nan    nan  1.061  108.3  3.810  5.533  -81.3  -82.8
A  -64.9  -40.7  111.1  179.6    nan    nan  1.037   96.3  3.806  5.398   73.9   87.7
S  -67.7  -37.8  110.2  179.5  -62.4    nan  1.028   95.9  3.799  5.288   63.8   78.4
L  -67.1  -41.6  110.9  179.9 -146.8    nan  1.035   94.2  3.788  5.333   67.3   82.0
Q  -69.8  -31.9  112.6 -179.7   62.6    nan  1.124   95.8  3.807  5.294   54.8   77.2
L  -65.6  -44.7  107.8  177.7  172.5    nan  0.989   95.6  3.813  5.568   79.8   86.7
A  -67.6  -37.5  111.5  179.6    nan    nan  1.056   95.5  3.813  5.191   56.5   74.3
M  -69.2  -27.4  111.9  178.8  -79.2    nan  1.037   98.9  3.829  5.387   65.9   79.8
A  -84.7  -24.6  112.7 -179.7    nan    nan  1.056   85.6  3.819  5.305   56.9   76.1
A  -72.5  165.1  115.1 -178.8    nan    nan  1.096   79.3  3.807  5.413   71.4   91.5
D  -95.5  -32.2  108.3  178.7  -68.4    nan  0.984   75.7  3.801  5.359 -103.2 -111.1
A -146.2  142.3  109.5 -179.9    nan    nan  1.010  140.4  3.807  4.762  -11.1    7.2
V -116.4  139.0  110.3  179.2 -176.6  -55.0  1.034  122.7  3.807  5.773 -153.5 -155.6
I -119.9  125.9  106.4  178.6  -75.9  161.9  1.007  119.4  3.791  5.760 -158.2 -165.1
L -127.0  135.4  108.4 -179.8 -173.5    nan  1.023  127.3  3.775  5.821 -178.4  176.7
G  -84.1  -74.3  113.3 -179.8    nan    nan    nan   69.4  3.795    nan    nan -129.4
A -162.5  151.3  110.0 -179.8    nan    nan  1.018  152.4  3.803    nan    nan  -47.1
V -134.3  143.5  109.9  179.2  -52.8   70.2  1.047  134.9  3.823  5.711 -164.3 -163.9
G  119.6  157.3  116.9  179.0    nan    nan    nan  107.7  3.808    nan    nan   67.5
G  159.2  152.5  112.2  179.8    nan    nan    nan  140.1  3.786    nan    nan  126.3
P  -62.5  -18.4  113.8  180.0   31.4    nan  0.989  109.0  3.860    nan    nan  -91.4
R  -56.1  -32.6  113.2  179.5 -102.9    nan  1.032  107.1  3.814  5.603   92.3  110.7
W -104.6   23.6  115.8 -177.4  -53.0    nan  1.129   86.5  3.804  4.958   27.0   55.0
D  -69.5  -26.0  110.1  178.8  -72.2    nan  1.021  100.0  3.815  6.090  130.7  134.9
A  -72.2  -11.3  110.5  179.6    nan    nan  1.035  103.5  3.804  5.422   71.6   87.5
Y  -82.2  142.8  114.0 -179.7  -79.8    nan  1.083   97.8  3.805  5.544   72.3   93.5
P  -60.3  145.1  108.8  179.5  -32.7    nan  0.928   75.7  3.829  5.363  -84.0 -103.2
P  -41.7  -39.6  116.9 -179.6  -35.1    nan  1.038  112.6  3.864  5.443  -76.4  -79.4
A  -72.0  -16.2  114.2 -179.5    nan    nan  1.085  100.8  3.817  5.262   53.0   78.7
K -107.7   -0.6  115.6 -179.1  -77.1    nan  1.098   72.0  3.823  5.295   42.3   65.7
R  -57.3  144.9  108.7 -179.7  -46.0    nan  1.014   73.3  3.817  5.907  119.1  125.8
P  -41.8  -40.0  116.4 -179.7  -35.9    nan  1.026  112.4  3.873  5.288  -68.3  -80.4
E  -66.5  -17.4  114.5 -180.0   30.0    nan  1.125  105.5  3.839  5.322   55.7   82.9
Q  -68.6  -34.6  109.2  177.7  -67.7    nan  1.025   97.3  3.807  5.698   88.9   97.9
G  -61.2  -41.1  110.9  178.6    nan    nan    nan   99.0  3.807    nan    nan   89.3
L  -64.9  -50.8  110.9  179.2  169.3    nan  1.029   91.0  3.804    nan    nan   80.4
L  -60.9  -41.0  111.5  179.7  -64.5    nan  1.044   99.1  3.817  5.223   61.2   76.0
R  -66.8  -26.9  112.8  179.7  -78.7    nan  1.099  101.0  3.816  5.297   60.3   80.0
L  -74.0  -49.0  109.6  177.7  -93.4    nan  1.020   86.5  3.823  5.548   71.6   84.0
R  -57.7  -44.3  109.5  179.2  -60.6    nan  0.994  100.7  3.821  5.263   70.0   79.4
K  -75.7  -41.0  112.8 -179.5 -171.4    nan  1.055   86.6  3.777  5.053   49.5   68.6
G  -61.9  -41.2  112.4 -179.8    nan    nan    nan   97.6  3.806    nan    nan   85.2
L  -93.6    6.5  112.5  179.7  -84.0    nan  1.052   88.9  3.786    nan    nan   54.4
D   45.6   51.4  113.9 -178.4 -161.7    nan  1.121  102.1  3.848  5.751 -134.2 -130.3
L  -86.3   80.9  107.1  179.8  -50.5    nan  0.988  107.4  3.818  6.119  148.1  144.0
Y  -75.6  -24.8  119.1 -177.4   69.1    nan  1.148   91.6  3.802  6.125 -179.5 -171.5
A -102.3  104.1  114.5 -178.6    nan    nan  1.089  116.4  3.833  5.274   43.0   64.2
N  -96.9  124.0  107.9  179.4 -173.3    nan  1.011  108.7  3.802  6.007 -166.9 -178.2
L -114.3  120.0  110.1 -178.7  -53.5    nan  1.013  118.5  3.805  5.892 -164.8 -172.1
R -133.7   92.6  111.0 -179.9  -66.5    nan  1.050  106.9  3.788  5.789  166.1  163.8
P  -73.0  125.7  111.6  179.9   33.3    nan  0.970   96.6  3.852  6.021 -151.7 -163.7
A -108.3   96.0  109.2  179.5    nan    nan  1.032  110.1  3.793  5.934 -165.9 -167.3
Q -128.5  153.8  106.3  178.6  178.9    nan  0.988  130.9  3.782  5.932  151.4  143.0
I -113.8  133.0  108.9 -179.6 -174.8   60.6  1.024  119.5  3.782  5.623 -140.4 -138.9
F  -78.0  133.8  109.7  179.6  -73.5    nan  1.046   95.4  3.831  5.885 -121.5 -127.5
P  -44.2  -39.6  116.2 -179.5  -33.9    nan  1.022  110.9  3.867  5.412  -78.7  -95.6
Q  -88.0   -5.5  113.3 -179.6   49.9    nan  1.084   89.8  3.802  5.132   34.1   63.2
L -114.5   20.9  113.2 -179.3  -56.3    nan  1.055   75.0  3.813  5.345   48.2   67.6
L  -65.2  -27.9  115.2 -178.9 -139.4    nan  1.100  100.9  3.827  5.994  124.5  140.0
D  -65.6  -20.6  114.2 -180.0 -178.2    nan  1.082  104.9  3.834  5.531   78.1   94.3
A  -74.7  -22.9  111.7  179.9    nan    nan  1.055   95.9  3.828  5.548   75.2   91.5
S  -62.0  137.5  112.4  179.8  179.2    nan  1.055   83.2  3.821  5.581   86.5  100.9
P  -84.4  -15.8  115.3  179.9   34.8    nan  1.019   88.8  3.852  5.612 -120.4 -129.8
L  -84.0  164.4  110.6  179.5  -53.0    nan  1.013   89.6  3.828  5.514   64.8   86.5
R  -66.3  121.3  106.1  178.1  -58.1    nan  0.988   90.5  3.814  5.316  -77.3  -83.2
P  -29.5  -41.2  117.7 -179.4  -39.2    nan  1.056  120.3  3.874  5.521  -80.2  -92.8
E  -64.8  -27.7  114.1  179.8   55.2    nan  1.079  101.8  3.820  5.330   60.7   83.4
L  -79.0  -54.0  113.1 -180.0  -59.9    nan  1.042   78.5  3.832  5.437   66.3   81.3
V  -72.3  -28.1  116.4 -178.3   62.9 -173.9  1.098   94.0  3.816  4.996   46.3   65.7
R  -39.5  -38.5  116.1 -178.4 -165.6    nan  1.110  115.4  3.828  5.650  107.8  120.0
D -112.2   20.2  115.2 -178.5  -47.9    nan  1.084   77.4  3.815  4.995   19.5   42.2
V  -66.1  123.5  112.5 -179.3   66.7 -171.3  1.095   93.9  3.829  6.067  125.5  137.7
D -146.2   86.8  106.5  179.8 -161.8    nan  0.983   96.4  3.812  5.760  167.1  150.5
I -119.1  146.5  113.6 -177.8  -53.7 -176.2  1.034  126.7  3.796  5.982  148.2  150.2
L -126.1  115.2  105.4  176.5  173.6    nan  0.979  116.4  3.793  5.682 -158.9 -164.7
V  -94.0  121.7  107.9  177.2  168.9  -70.2  1.029  107.3  3.774  5.985 -158.8 -161.6
V -107.7  108.1  103.4  177.8 -173.4  -51.2  0.970  107.7  3.801  5.958 -159.9 -171.7
R -111.4  128.9  112.5 -178.0  162.5    nan  1.025  120.5  3.805  5.959 -178.8  177.8
E  -66.8  132.2  102.2  178.0 -160.5    nan  0.956   83.1  3.810  5.794 -110.9 -126.2
L -113.0  -16.4  120.7 -174.0 -147.6    nan  1.125   59.5  3.812  5.830 -160.2 -152.7
T -110.0   -4.8  118.4 -176.7   53.3  -67.0  1.173   67.8  3.811  5.202   37.6   67.6
G -116.4 -146.4  111.6  179.6    nan    nan    nan  100.9  3.793    nan    nan   66.0
D   67.2 -172.0  111.9  179.1 -153.8    nan  1.050   70.4  3.805    nan    nan  103.5
I  -55.7  -22.2  112.7 -180.0 -169.6   64.6  1.065  113.6  3.811  4.883  -45.3  -41.8
Y  -59.9  -40.8  112.4  179.3  -91.6    nan  1.023   99.5  3.833  5.671   92.1  103.1
F -119.7   15.1  113.1 -178.9  -60.3    nan  1.079   67.1  3.786  4.778    5.8   30.4
G  -74.8  142.1  114.9 -179.7    nan    nan    nan   92.4  3.805    nan    nan  125.6
Q -121.0  144.2  106.8  179.5 -137.6    nan  0.961  124.3  3.801    nan    nan -164.5
P  -80.3  167.6  114.0    0.2   36.1    nan  0.999   85.5  2.972  4.874   55.5   41.7
R -159.7  160.5  107.6 -178.1   66.1    nan  0.956  156.8  3.782  5.469 -170.0 -172.7
G  143.5 -166.9  115.5  178.1    nan    nan    nan  147.3  3.759    nan    nan  113.1
L -133.4  125.5  107.4  179.9 -118.8    nan  0.998  125.1  3.762    nan    nan -111.9
E -135.0  175.5  110.9  179.8   69.1    nan  1.036  136.4  3.794  5.807  171.8  168.5
V -123.6  120.6  107.4  178.4  175.6  -63.2  0.997  119.7  3.800  5.433 -127.9 -125.1
I -119.3  124.4  106.4  178.5  -54.1 -176.4  0.995  118.7  3.794  5.927 -176.1  177.9
D   50.8   45.2  111.5 -179.6  -66.3    nan  1.063  104.1  3.803  4.914    6.6  -15.1
G   74.4    4.6  116.8  179.5    nan    nan    nan  103.4  3.781    nan    nan  -70.9
K -117.2  133.5  113.5  179.8  -58.3    nan  1.063  124.8  3.821    nan    nan   74.1
R  -68.3  132.4  112.4  178.8  -76.6    nan  1.045   90.7  3.810  5.666 -107.3 -120.4
R -128.6  126.6  109.8  179.9  179.4    nan  1.016  125.8  3.811  5.752 -172.0  179.3
G -110.0  135.3  108.3  179.3    nan    nan    nan  116.8  3.796    nan    nan -166.7
F -143.7  152.3  114.0 -178.7   52.5    nan  1.091  145.7  3.783    nan    nan  170.3
N -150.2  150.2  106.4  179.1  -76.8    nan  0.969  145.3  3.833  5.630 -169.5  176.6
T -113.3  120.7  114.3 -179.9  -54.7 -174.5  1.087  121.8  3.785  5.681 -147.5 -139.9
M  -88.0  131.7  103.9  176.6  172.8    nan  0.949   99.0  3.794  5.858 -136.5 -156.9
V -161.1  141.8  114.5 -178.2   58.2 -178.6  1.077  145.8  3.803  5.604  150.1  149.1
Y -149.3  140.2  109.9  177.7  -90.1    nan  1.009  140.5  3.823  5.703  177.9  165.7
D -110.8  166.2  105.8  175.4   62.1    nan  1.054  113.9  3.809  5.790 -156.6 -155.2
E  -60.2  -26.4  117.6 -177.5   60.2    nan  1.151  105.5  3.810  5.366  -70.7  -69.1
D  -73.0  -40.0  110.4  179.4  -63.6    nan  1.043   90.5  3.823  5.568   76.1   87.8
E  -62.2  -38.6  111.0  179.1  -69.2    nan  1.014   99.6  3.806  5.368   73.6   83.9
I  -76.4  -40.1  110.3 -179.0  -56.4 -178.7  1.046   87.9  3.787  5.208   55.2   73.4
R  -60.9  -44.4  111.7 -179.1 -168.5    nan  1.054   97.0  3.792  5.351   71.7   86.7
R  -67.1  -42.3  114.6 -179.6   64.1    nan  1.175   91.7  3.804  5.315   51.8   78.1
I  -72.0  -29.2  110.8  179.0 -170.1   68.8  1.090   96.0  3.824  5.521   59.5   73.7
A  -66.7  -39.5  109.5  178.9    nan    nan  1.020   96.4  3.827  5.573   79.3   89.2
H  -63.5  -43.9  111.8  179.8  -82.3    nan  1.061   95.2  3.796  5.307   67.2   83.7
V  -61.0  -44.0  110.2  178.9  173.4  -65.2  1.034   98.0  3.801  5.389   69.5   81.5
A  -67.4  -42.2  112.1 -179.4    nan    nan  1.067   92.9  3.814  5.247   60.7   76.8
F  -66.0  -40.2  110.5  179.6  -92.6    nan  1.063   96.0  3.806  5.364   64.0   79.4
R  -65.7  -43.6  110.6  178.6  -82.5    nan  1.027   94.4  3.799  5.332   67.7   79.9
A  -61.4  -41.7  110.5  179.3    nan    nan  1.040   98.8  3.808  5.299   66.8   81.6
A  -62.6  -39.3  111.7  179.7    nan    nan  1.060   98.5  3.818  5.328   66.9   82.7
Q  -55.6  -48.5  111.3  179.0  -69.9    nan  1.028   98.6  3.827  5.485   81.4   91.1
G  -71.6   -4.0  113.8 -179.7    nan    nan    nan  106.8  3.800    nan    nan   69.4
R -115.6 -131.3  109.5  179.1  -64.9    nan  1.050   93.4  3.804    nan    nan   65.8
R  -85.8    9.2  115.1 -179.6  -84.3    nan  1.106   98.0  3.824  4.877  -43.4  -22.4
K   56.3   39.3  113.7  179.5  -58.6    nan  1.092  102.6  3.828  5.571 -118.3 -120.0
Q -131.6  120.0  109.6  180.0  -65.5    nan  1.025  123.3  3.809  5.681   80.9   89.0
L -123.1  128.2  112.9 -179.5 -176.0    nan  1.049  126.4  3.782  5.854  179.5  175.4
C -113.4  116.1  108.7  177.6  179.2    nan  1.017  116.1  3.808  5.856 -162.8 -170.7
S  -95.9  122.0  109.1  179.1 -173.6    nan  1.031  109.3  3.809  5.964 -157.4 -162.8
V -100.2  128.3  112.6 -179.1  176.9  -60.9  1.074  114.0  3.807  5.929 -155.2 -160.1
D -148.4 -164.9  110.1  179.9   58.1    nan  1.020  140.9  3.834  5.770  167.2  153.2
K -146.9   49.5  101.1  177.1 -172.0    nan  0.931   62.4  3.843  5.280 -132.9 -126.9
A  -56.3  -18.5  116.6 -176.8    nan    nan  1.134  114.1  3.795  6.143  161.1  179.2
N  -90.2   -2.3  114.3  179.9   64.2    nan  1.124   88.9  3.818  5.473   57.6   80.0
V -134.2  -40.9  111.5  179.7  176.3  -62.0  1.043   45.7  3.826  5.364   33.7   49.3
L -106.0  114.4  113.2 -178.9  -94.6    nan  1.069  117.3  3.799  4.935   22.4   44.1
E  -58.9  -36.1  114.7 -179.6  -63.3    nan  1.103  101.9  3.814  5.905 -118.1 -129.6
T  -56.8  -42.7  109.2  179.0  -51.6 -171.0  1.010  102.5  3.831  5.592   86.8   93.1
T  -79.5   -8.7  113.7 -179.4   80.6  -40.2  1.122   96.9  3.815  5.167   44.3   66.9
R  -83.5  -36.9  105.8  177.0 -175.3    nan  0.993   85.9  3.811  5.759   81.9   90.4
L  -65.6  -40.9  106.0  177.5  173.4    nan  0.982   98.5  3.809  5.416   70.6   80.4
W  -53.8  -50.3  109.7  178.5  175.4    nan  1.018   99.6  3.828  5.377   77.6   89.0
R  -60.1  -45.2  110.9  179.3  174.0    nan  1.039   97.5  3.809  5.245   62.7   76.5
E  -63.1  -45.5  114.8 -179.0  -63.6    nan  1.092   92.9  3.815  5.266   63.3   80.8
V  -66.3  -42.0  110.1  179.3 -179.3  -57.9  1.052   95.1  3.804  5.318   62.5   76.3
V  -61.1  -41.1  109.5  178.6  169.2  -69.4  1.045  100.0  3.841  5.450   70.1   82.3
T  -61.6  -35.2  109.3  178.4  -61.8  178.6  1.021  102.8  3.838  5.431   71.7   82.3
E  -67.5  -53.0  112.2  179.0  -76.7    nan  1.049   87.3  3.814  5.363   68.1   83.3
V  -63.3  -25.5  111.5  179.7  170.9  -66.2  1.050  105.4  3.820  5.184   57.3   72.2
A  -57.4  -25.1  111.7  179.8    nan    nan  1.049  110.8  3.822  5.599   89.5  102.7
R  -66.5  -23.1  111.3 -180.0  -53.9    nan  1.042  103.7  3.798  5.493   79.9   94.7
D  -82.5  -13.3  112.0  179.6  -64.2    nan  1.043   92.4  3.816  5.428   63.5   81.3
Y -124.8   71.0  111.8 -178.9  -57.6    nan  1.047   95.9  3.804  5.120   28.6   49.9
P  -63.2  -19.9  115.1 -179.9   31.0    nan  1.008  107.2  3.835  6.060 -168.3 -173.4
D  -80.9  -20.1  113.0 -179.5   61.5    nan  1.068   91.0  3.816  5.416   60.8   87.2
V -102.9  132.4  113.4  179.9   10.7  135.0  1.173  115.9  3.805  5.300   35.2   65.8
R  -82.0  120.0  109.8 -180.0 -161.8    nan  1.010  102.8  3.820  5.775 -113.3 -134.9
L -104.0  133.7  113.0  179.4  169.7    nan  1.061  116.2  3.822  5.963 -163.1 -166.4
S -139.0  146.4  108.2  177.4   69.9    nan  1.024  137.9  3.805  5.729  176.5  168.6
H -105.9  149.9  110.3  179.6  -58.4    nan  1.035  113.9  3.815  5.694 -137.1 -140.4
M -152.4  145.5  109.3 -178.5 -169.4    nan  1.002  144.8  3.813  5.599 -177.2  175.3
Y  -79.9  144.7  108.0  178.8  -67.4    nan  1.020   91.9  3.790  5.642 -112.8 -117.3
V  -52.4  -40.2  115.8 -178.0   65.4 -170.8  1.130  104.1  3.816  5.582  -83.1  -88.9
D  -66.5  -43.9  109.6  179.1   48.8    nan  1.049   94.2  3.801  5.409   68.1   80.6
N  -64.5  -34.7  111.3  179.3 -175.6    nan  1.059   99.6  3.791  5.347   63.2   78.5
A  -63.9  -38.2  109.9  179.0    nan    nan  1.034   99.0  3.827  5.459   74.4   87.1
A  -61.8  -27.6  109.8  178.3    nan    nan  1.036  106.2  3.815  5.406   71.8   85.1
M  -82.8  -49.5  109.5  178.5  -59.6    nan  0.986   80.1  3.807  5.427   62.7   75.3
Q  -58.2  -31.4  115.9 -178.1  -64.5    nan  1.121  104.8  3.794  5.068   62.0   82.0
L  -61.1  -42.5  111.9  179.3  -80.5    nan  1.067   97.8  3.813  5.559   81.6   94.4
I  -90.1  -32.2  114.0  179.6   51.5  -70.7  1.134   77.4  3.809  5.193   32.5   57.6
R  -65.2  -45.1  112.0 -180.0 -174.5    nan  1.044   93.2  3.817  5.553   80.5   90.0
A -154.8   72.0  110.7 -179.6    nan    nan  1.038   82.1  3.811  4.680  -29.8  -12.5
P  -56.3  -25.9  116.4 -179.7   27.4    nan  1.030  109.7  3.853  6.072 -161.0 -165.4
A  -71.9   -5.2  113.7 -179.5    nan    nan  1.079  106.0  3.829  5.427   65.8   90.7
Q  -78.6  -18.7  110.3  179.1   67.1    nan  1.019   94.5  3.808  5.693   87.8  100.8
F  -97.0  138.9  115.5 -178.7  -61.8    nan  1.083  111.9  3.816  5.314   50.2   73.5
D -114.9  -83.8  101.9  176.8  175.1    nan  0.936   76.7  3.796  5.705 -149.0 -165.1
V -111.0  126.1  107.4  178.0  175.9  -63.5  1.023  115.8  3.802  4.762  -28.3   -7.3
L -111.4  115.1  107.9  179.7 -167.6    nan  0.990  114.4  3.801  5.878 -159.1 -168.2
L -102.6  133.3  111.6  179.6  168.9    nan  1.035  114.3  3.818  5.998 -166.0 -169.1
T -164.8  174.8  112.0  178.4 -167.3   70.9  1.103  165.9  3.795  5.552  146.6  141.7
G  -73.7 -177.5  118.5 -178.3    nan    nan    nan   72.6  3.803    nan    nan  -73.0
N  -59.3  -59.0  112.7 -178.8 -140.7    nan  1.056   88.8  3.797    nan    nan  -51.4
M  -63.2  -53.4  113.3  180.0  179.7    nan  1.072   89.2  3.814  5.118   50.4   67.8
F  -61.5  -44.2  109.5 -179.8  -67.8    nan  1.026   97.9  3.833  5.265   61.7   73.8
G  -59.3  -36.5  109.9  179.5    nan    nan    nan  103.6  3.789    nan    nan   82.7
D  -59.5  -48.8  111.4  179.2  179.7    nan  1.021   95.6  3.796    nan    nan   89.7
I  -72.1  -50.3  113.8 -178.9  -47.7 -170.3  1.080   84.3  3.805  5.123   49.4   69.2
L  -63.1  -37.9  115.4 -178.2  -62.6    nan  1.130   97.0  3.811  5.204   57.9   78.1
S  -65.2  -36.9  111.2  179.3  176.6    nan  1.043   98.0  3.814  5.479   73.2   84.5
D  -68.9  -34.7  110.1  178.6 -106.0    nan  1.050   96.5  3.801  5.356   65.3   80.2
E  -69.7  -40.4  109.1  178.7 -176.5    nan  1.023   93.7  3.792  5.398   67.5   81.1
A  -67.7  -31.5  110.4  178.9    nan    nan  1.050   98.9  3.821  5.335   61.6   77.9
S  -69.1  -39.3  111.2  179.0  -69.5    nan  1.030   93.6  3.827  5.469   71.9   85.3
Q  -65.8  -39.5  114.3 -179.3 -175.4    nan  1.092   94.5  3.789  5.286   65.3   83.7
L  -69.1  -16.5  114.2 -179.5   54.8    nan  1.146  103.4  3.794  5.324   59.0   81.2
T  -75.4  -27.9  105.1  177.0   60.0  -61.0  0.993   96.0  3.819  5.822   84.3   90.8
G  102.2  -49.4  116.9  178.6    nan    nan    nan  101.4  3.788    nan    nan -113.4
S -108.2  100.4  114.3 -178.2  -58.4    nan  1.092  116.2  3.804    nan    nan   36.4
I  -64.6  -26.8  112.0 -180.0 -173.0   62.9  1.055  103.3  3.797  5.993 -135.4 -150.5
G  -73.6    1.3  115.1 -179.7    nan    nan    nan  106.9  3.823    nan    nan   87.9
M -109.0   -7.0  113.4 -179.8  -62.8    nan  1.034   68.4  3.818    nan    nan   79.2
L  -90.2  119.8  120.6 -176.1  -56.5    nan  1.169  116.3  3.821  5.383   66.7   94.9
P  -93.3  168.9  113.1  179.9   39.9    nan  0.958   97.6  3.849  5.749 -137.7 -161.8
S -154.1  153.5  111.5  178.3   80.3    nan  1.072  151.2  3.803  5.519 -176.2 -164.6
A -138.7  129.1  108.6  179.1    nan    nan  1.009  129.6  3.798  5.595 -160.7 -167.5
S -113.4  104.4  104.9  178.3  -64.5    nan  0.971  109.1  3.804  5.842 -160.9 -168.8
L -101.0  144.6  116.7 -177.1  -49.6    nan  1.096  114.3  3.783  5.991 -176.7 -173.2
G -139.4 -172.9  107.4  177.9    nan    nan    nan  136.9  3.771    nan    nan  178.2
E  -76.3  105.6  111.0  178.7  -79.0    nan  1.048  105.8  3.797    nan    nan  -63.3
G   75.4    2.6  115.2  179.8    nan    nan    nan  103.4  3.796    nan    nan  -14.0
R -131.8  158.8  110.1 -179.9  -65.1    nan  1.019  135.6  3.816    nan    nan   56.0
A -166.9  140.7  111.4 -179.8    nan    nan  1.040  143.7  3.796  5.430  173.5  169.1
M -126.8  139.5  107.7  178.1  177.6    nan  1.023  127.8  3.806  5.741 -165.1 -170.3
Y -123.8  127.8  110.2 -178.5  -56.6    nan  1.043  124.6  3.786  5.714 -161.6 -164.7
E -147.7  153.2  110.1 -178.8   66.7    nan  0.983  146.8  3.784  5.738  169.2  156.1
P  -78.0  177.9  104.0  178.6   31.9    nan  0.879   78.5  3.798  5.377  -99.3 -107.2
I -126.4   33.3  113.7 -179.9   66.2  -56.2  1.106   71.5  3.829  5.634 -145.6 -120.8
H -103.9   -9.0  115.9 -178.5   50.2    nan  1.114   72.3  3.809  5.866  100.4  115.1
G   87.0  177.8  111.3 -179.7    nan    nan    nan   86.2  3.791    nan    nan -107.0
S  -81.6   -2.3  119.0 -177.6   67.5    nan  1.144   97.3  3.801    nan    nan  -75.7
A   29.8   64.3  112.5 -179.8    nan    nan  1.065  101.9  3.846  5.778 -151.1 -154.1
P  -50.7  -36.9  116.8 -179.4  -29.7    nan  1.033  107.3  3.856  6.071 -162.7 -167.4
D  -60.2  -35.3  116.0 -179.0   45.9    nan  1.123  100.7  3.835  5.351   66.5   92.6
I -106.6    8.3  110.9  179.7   64.0  -59.0  1.032   76.5  3.829  5.196   30.1   47.5
A  -56.9  126.2  112.1 -179.4    nan    nan  1.054   86.1  3.810  5.915  123.8  135.2
G   75.1   20.9  117.0  178.9    nan    nan    nan   94.8  3.789    nan    nan    4.5
Q -108.7    3.2  112.0  179.7  -70.2    nan  1.061   72.6  3.804    nan    nan   96.5
D   61.1   32.3  109.0  179.7 -162.7    nan  1.025  104.9  3.818  5.523 -119.8 -119.6
K -104.1  -32.8  113.5 -179.0  -70.6    nan  1.053   65.5  3.810  5.861   97.0  113.7
A  -50.6  138.8  115.9 -178.6    nan    nan  1.097   75.2  3.800  5.416   89.2  104.7
N  -76.6  116.5  106.7  178.2 -174.0    nan  0.980   98.5  3.808  5.629 -108.1 -125.3
P  -90.0    1.0  113.6 -179.9   38.6    nan  0.979   90.4  3.828  5.881 -149.5 -152.5
L  -61.9  -34.7  118.5 -177.7  -64.5    nan  1.168   98.5  3.820  5.737   95.6  126.6
A  -66.1  -40.4  109.8  178.9    nan    nan  1.019   96.2  3.809  5.496   77.8   86.5
T  -70.3  -39.2  110.1  179.6  -42.8 -162.8  1.027   93.2  3.817  5.297   60.8   75.8
I  -61.9  -45.0  108.0  178.7  -73.4  164.3  1.028   98.1  3.829  5.417   71.3   83.9
L  -68.5  -20.8  110.7  178.6  -76.0    nan  1.070  103.0  3.811  5.303   55.4   72.5
S  -76.8  -33.4  106.9  177.8  -64.2    nan  0.998   92.0  3.819  5.594   73.9   86.0
V  -68.2  -35.7  106.6  177.5  160.1  -78.7  1.006   98.5  3.819  5.451   68.2   81.4
A  -63.9  -37.4  109.0  178.1    nan    nan  1.020   99.9  3.817  5.427   71.4   84.4
M  -67.1  -33.7  109.7  178.7  -76.1    nan  1.029   98.7  3.831  5.415   66.8   80.9
M  -69.0  -40.0  111.1  179.1 -177.3    nan  1.044   93.3  3.811  5.376   68.1   83.1
L  -59.8  -40.9  109.2  179.2  -68.8    nan  1.028  101.2  3.810  5.387   73.5   86.1
R  -75.9  -48.4  115.0  179.7  167.5    nan  1.064   81.7  3.814  5.190   52.5   71.2
H  -86.4  -21.6  119.6 -177.7  -62.9    nan  1.166   83.0  3.830  5.013   30.9   59.9
S -121.3  -47.9  115.2 -179.4  -71.6    nan  1.087   51.8  3.805  5.137   28.0   48.1
L  -85.4    0.8  116.1 -177.2  -47.9    nan  1.117   94.9  3.807  5.025   36.8   60.9
N   52.5   46.5  111.1  179.5 -163.2    nan  1.050  102.3  3.809  5.589 -129.0 -130.6
A -124.3   53.0  111.2  179.9    nan    nan  1.050   84.2  3.812  5.782   93.3  104.2
E  -47.9  -51.8  114.5  179.2  171.7    nan  1.084  100.0  3.814  6.177 -176.1 -176.2
P  -59.1  -35.8  111.8  179.8   25.8    nan  0.980  103.3  3.844  5.218   67.6   78.2
W  -78.6  -23.8  110.5  178.3  -76.2    nan  1.088   92.4  3.796  5.231   43.1   72.1
A  -69.7  -41.2  106.1  176.9    nan    nan  0.985   95.1  3.821  5.658   79.4   89.1
Q  -65.8  -39.4  112.6  179.0  -63.8    nan  1.043   95.4  3.833  5.313   63.7   78.7
R  -64.7  -36.7  112.1  180.0  -71.1    nan  1.072   98.0  3.822  5.309   66.9   83.6
V  -67.9  -43.3  106.5  177.9  173.1  -65.5  0.986   95.4  3.801  5.444   70.2   80.0
E  -65.6  -38.0  110.6  179.4  -69.0    nan  1.052   97.4  3.813  5.245   60.2   76.9
A  -69.2  -32.6  111.0  178.7    nan    nan  1.042   96.8  3.822  5.356   63.5   78.9
A  -71.1  -33.8  111.9  179.4    nan    nan  1.056   94.1  3.829  5.381   65.7   82.8
V  -69.4  -36.6  109.2  179.2  164.1  -74.1  1.027   95.7  3.822  5.429   68.6   82.7
Q  -68.8  -46.0  107.8  178.6 -174.3    nan  0.992   92.7  3.796  5.355   67.5   79.6
R  -55.3  -46.3  111.2  179.0  -96.9    nan  1.039  100.3  3.819  5.309   70.5   84.2
V  -57.5  -39.4  111.3 -180.0  167.3  -70.9  1.062  102.7  3.808  5.291   68.5   83.6
L  -70.3  -38.6  111.5  179.4  -68.4    nan  1.061   92.7  3.820  5.372   60.9   77.5
D  -64.5  -33.2  109.5  178.7  -68.8    nan  1.006  101.2  3.812  5.409   72.6   82.7
Q  -71.0   -9.5  110.4  179.6  -66.8    nan  1.035  105.5  3.794  5.312   65.8   81.9
G   81.4   24.8  114.4  179.5    nan    nan    nan   88.0  3.785    nan    nan -114.3
L  -85.6  127.8  106.9  178.9  -62.0    nan  1.009  100.5  3.789    nan    nan  120.7
R -140.6  132.6  114.6 -177.6  -55.8    nan  1.033  135.8  3.803  5.783  173.4  167.4
T  -87.3  163.9  102.9  175.6   42.8  -78.0  0.976   90.9  3.797  5.791 -132.7 -143.6
A  -42.3  -48.5  117.0 -177.7    nan    nan  1.130  105.2  3.835  5.269  -54.9  -55.7
D  -60.1  -33.5  116.3 -178.5   64.1    nan  1.115  101.7  3.815  5.268   66.2   83.2
I -109.8   15.4  112.8 -179.7   47.0  -77.7  1.080   76.7  3.809  5.138   25.7   47.4
A  -98.0  134.5  112.4 -179.8    nan    nan  1.060  111.5  3.803  5.745   87.5  103.0
A  -74.3  150.3  106.1  178.3    nan    nan  0.979   84.1  3.792  5.669 -111.0 -126.2
P  -58.1  131.5  111.5 -180.0  -30.4    nan  0.964   83.3  3.837  5.400  -80.7  -88.2
G   81.2   10.9  113.4 -179.2    nan    nan    nan   94.4  3.808    nan    nan   18.5
T -101.1  151.2  108.3  179.7  -71.0  167.1  0.999  108.5  3.814    nan    nan   93.4
P  -61.1  139.6  110.2  179.6  -32.2    nan  0.938   80.1  3.842  5.384  -81.1  -91.4
V -127.8  132.3  111.0 -179.4  169.3  -68.5  1.032  128.5  3.807  5.845 -173.2 -169.6
I -113.3  158.0  111.4  178.5   61.7  -61.5  1.073  119.5  3.807  5.862 -162.0 -163.9
G  -79.4  179.9  115.4 -179.7    nan    nan    nan   79.5  3.799    nan    nan  -99.7
T  -61.3  -55.0  111.6 -179.8  -46.9 -167.4  1.023   90.7  3.806    nan    nan  -57.4
K  -57.2  -48.5  112.8 -179.5 -177.7    nan  1.065   96.6  3.815  5.077   61.1   76.8
A  -61.7  -41.6  111.5  179.3    nan    nan  1.044   98.0  3.816  5.276   63.2   77.6
M  -62.4  -34.8  110.0 -180.0  179.9    nan  1.045  102.0  3.808  5.342   68.4   83.2
G  -69.8  -38.8  111.7  179.0    nan    nan    nan   92.9  3.796    nan    nan   81.8
A  -69.1  -36.9  109.6  179.4    nan    nan  1.016   95.6  3.811    nan    nan   78.6
A  -60.5  -42.5  110.0  179.4    nan    nan  1.031   99.3  3.802  5.363   74.0   88.3
V  -65.6  -45.3  109.7  179.7 -179.2  -58.2  1.062   94.1  3.809  5.344   61.8   78.7
V  -59.8  -43.1  109.3  179.0  177.4  -60.2  1.013   99.9  3.830  5.459   72.5   80.7
N  -66.9  -43.3  109.2  178.8  -63.6    nan  1.035   94.4  3.796  5.256   62.0   75.9
A  -65.2   -3.8  112.9  179.6    nan    nan  1.075  113.2  3.817  5.303   61.5   78.7
L  -76.9  -16.3  109.1  178.4 -104.9    nan  1.016   97.4  3.821  5.761   91.1  102.8
N   52.9   52.7  113.7  179.2  -68.1    nan  1.087   96.4  3.836  5.608 -150.6 -147.0
L  -88.8 -160.8  110.5 -179.5  -50.2    nan  1.006   82.3  3.797  6.070  144.7  144.3
K -175.8    nan  111.0  178.2 -166.0    nan  1.068    nan  3.831  5.229 -163.0 -151.9
