Id   phi    psi    tau  omega    chi    chi2  solid    eta  CA-CA  CB-CB  BA^AB  NA^AC
M    nan  128.1  111.8    nan -178.3    nan  1.059    nan    nan    nan    nan    nan
K -105.0  134.6  111.8  179.9  -64.3    nan  1.051  115.9  3.811  5.872 -152.6 -160.3
K  -98.8  129.6  109.1  179.3  -72.8    nan  1.007  110.3  3.818  5.825 -137.9 -148.2
I -119.4  120.9  107.7  179.1  -58.9  178.5  0.998  118.6  3.801  5.844 -166.7 -173.3
A  -94.8  131.8  106.0  178.7    nan    nan  0.986  105.1  3.807  5.935 -149.8 -157.9
I -115.1  128.8  113.2 -179.1  -59.3  180.0  1.088  122.9  3.801  5.853 -164.5 -162.6
F -131.1   80.6  108.2  180.0  -60.3    nan  1.001   97.1  3.816  5.803 -174.8  172.3
A  -51.1  -48.9  112.8 -178.7    nan    nan  1.075  100.7  3.817  6.132 -148.6 -151.8
G   90.7 -142.2  118.7  178.4    nan    nan    nan  107.7  3.793    nan    nan -143.7
D -106.3  164.2  115.8 -176.9  -43.9    nan  1.063  112.5  3.791    nan    nan  -48.5
G   58.9 -120.9  116.1  178.3    nan    nan    nan   93.3  3.786    nan    nan   32.3
I  -81.6    0.3  110.6  179.3   61.6  -61.4  1.032   98.5  3.787    nan    nan   -6.3
G  -54.3  -55.4  112.9  179.7    nan    nan    nan   94.1  3.811    nan    nan  129.7
P  -54.7  -46.8  115.2  179.8  -36.4    nan  1.008   98.2  3.845    nan    nan   79.0
E  -72.6  -36.5  116.2 -178.8   61.4    nan  1.155   89.5  3.828  5.164   40.1   72.6
I  -72.3  -26.9  110.3  178.9   57.5  -66.7  1.068   97.0  3.814  5.512   65.1   78.8
V  -76.2  -39.5  109.2  178.7  169.5  -70.1  1.052   88.8  3.829  5.549   66.9   82.1
A  -60.1  -48.0  108.1  178.4    nan    nan  1.002   97.7  3.817  5.443   75.7   84.8
A  -59.4  -44.6  111.5  179.5    nan    nan  1.050   98.2  3.812  5.250   64.1   79.1
A  -71.0  -28.1  111.3  180.0    nan    nan  1.045   97.2  3.806  5.226   56.6   72.7
R  -69.4  -31.2  109.2  179.4 -145.2    nan  1.031   98.1  3.805  5.458   73.0   88.2
Q  -57.6  -53.4  106.7  177.7  -70.9    nan  0.965   97.1  3.833  5.606   88.2   94.2
V  -59.5  -43.5  112.1  179.7  174.6  -63.0  1.051   98.3  3.802  5.090   59.8   73.8
L  -62.0  -50.2  110.0 -179.7 -153.4    nan  1.011   93.9  3.826  5.316   70.8   81.9
D  -59.4  -33.7  111.0  179.8  -68.2    nan  1.050  104.6  3.818  5.211   62.4   77.6
A  -67.7  -47.2  111.3  179.3    nan    nan  1.048   90.6  3.816  5.393   69.3   84.7
V  -65.9  -37.2  109.8  179.5  168.0  -70.7  1.047   98.0  3.818  5.304   59.1   74.4
D  -60.3  -47.2  111.2  179.6  179.3    nan  1.035   96.1  3.813  5.419   76.0   88.4
Q  -64.6  -49.1  111.9  179.4  -80.2    nan  1.048   91.5  3.811  5.235   60.7   75.8
A  -61.8  -50.7  112.9  179.9    nan    nan  1.066   91.9  3.815  5.199   62.0   77.5
A  -81.3  -19.6  114.6 -179.4    nan    nan  1.086   90.2  3.827  5.067   38.3   58.9
H   62.5   56.7  111.0 -179.2  -55.2    nan  1.061   89.3  3.824  5.515 -139.6 -138.8
L  -78.3  -25.9  112.4 -179.9  -66.3    nan  1.064   91.2  3.805  6.147  156.1  159.1
G   66.6   31.8  113.2  179.5    nan    nan    nan   98.5  3.799    nan    nan -142.7
L  -68.3  145.9  110.6 -179.9  -52.0    nan  0.988   82.9  3.794    nan    nan  144.9
R -119.4  120.2  104.1  176.6 -173.8    nan  0.961  115.5  3.787  5.679 -153.7 -158.2
C -109.7  139.1  111.3 -179.6  -53.5    nan  1.044  118.6  3.814  5.946 -169.2 -168.8
T -130.0  143.3  108.0  179.3   44.8  -75.8  0.986  131.1  3.796  5.712 -165.1 -175.3
E -105.9  135.4  114.1  179.9  -76.6    nan  1.071  118.1  3.796  5.716 -143.8 -141.9
G -133.3  158.2  110.2  178.5    nan    nan    nan  136.9  3.787    nan    nan  177.2
L  -90.8  142.2  112.7  179.8  -69.9    nan  1.082  104.3  3.814    nan    nan -111.1
V -147.1  158.4  109.1 -179.9   74.1 -162.9  0.999  147.8  3.814  5.695 -176.7  170.2
G   65.4 -133.2  115.4  178.6    nan    nan    nan   90.0  3.805    nan    nan   33.0
G  -71.5  -28.0  114.9  180.0    nan    nan    nan   95.3  3.779    nan    nan   -8.6
A  -67.3  -34.8  107.6  178.2    nan    nan  1.000   99.1  3.805    nan    nan   89.5
A  -73.0  -36.7  111.1  178.5    nan    nan  1.045   91.7  3.813  5.318   60.0   77.5
L  -66.0  -41.0  108.8  178.4  -82.6    nan  1.008   96.5  3.823  5.441   71.5   82.6
D  -61.4  -33.4  112.9 -179.9  -71.5    nan  1.052  102.2  3.817  5.310   70.7   84.5
A -101.7  -31.4  115.0 -178.6    nan    nan  1.085   67.2  3.794  5.045   32.7   56.1
S -128.6    4.8  117.1 -177.2  -59.9    nan  1.099   53.7  3.814  4.889    8.7   32.7
D   53.2   36.5  110.9 -179.2 -145.9    nan  1.050  108.2  3.816  5.555 -122.4 -125.3
D -156.5  130.3  106.7  179.1 -161.3    nan  0.989  132.8  3.815  5.410   52.6   59.3
P  -68.3  -11.1  117.0 -179.6   32.2    nan  1.052  106.3  3.856  5.707 -114.4 -118.8
L -159.9   77.7  107.4  178.5 -156.1    nan  1.017   84.2  3.834  5.013   -9.4   11.8
P  -55.6  155.6  112.0 -179.9  -31.9    nan  0.977   67.2  3.823  6.046 -152.1 -159.1
A  -55.2  -37.6  111.9 -179.7    nan    nan  1.052  105.4  3.807  5.481  -78.9  -81.7
A  -66.1  -40.0  110.7  179.8    nan    nan  1.044   95.9  3.813  5.353   68.1   83.3
S  -66.0  -40.0  109.0  179.0  -60.8    nan  1.016   96.9  3.800  5.344   67.3   79.9
L  -66.2  -43.5  112.7  179.9 -171.1    nan  1.077   92.9  3.802  5.293   62.9   81.0
Q  -68.1  -32.0  110.9 -180.0   60.3    nan  1.081   98.1  3.814  5.347   58.9   76.8
L  -61.1  -48.8  108.0  178.1  175.9    nan  1.005   96.6  3.802  5.541   81.4   90.9
A  -63.5  -39.9  111.9  179.5    nan    nan  1.049   97.4  3.821  5.197   58.6   74.4
M  -64.4  -37.7  110.5  179.1  -72.5    nan  1.019   98.5  3.815  5.355   69.5   82.1
A  -76.8  -11.6  114.7 -179.0    nan    nan  1.081   98.2  3.821  5.198   54.3   74.8
A  -90.8  163.6  115.9 -178.5    nan    nan  1.109   97.9  3.812  5.440   63.9   86.9
D  -91.4  -39.9  109.0  178.5  -64.3    nan  1.022   76.9  3.798  5.404 -103.4 -108.4
A -134.9  143.3  109.8  179.6    nan    nan  1.025  135.2  3.816  4.841   -7.3   12.4
V -118.7  134.1  110.7  179.4  179.1  -59.4  1.040  123.8  3.810  5.756 -154.2 -156.8
I -117.1  128.6  107.2  178.7  -66.6  171.5  1.003  119.3  3.790  5.830 -159.2 -166.8
L -127.6  134.6  108.9  179.5 -175.2    nan  1.033  127.7  3.777  5.796 -178.2  179.1
G  -81.0  -76.2  110.1  179.4    nan    nan    nan   73.0  3.782    nan    nan -129.0
A -162.5  156.1  111.9  179.9    nan    nan  1.047  156.6  3.792    nan    nan  -49.9
V -135.0  143.7  108.9  178.5  -66.3   55.9  1.039  134.9  3.806  5.639 -159.4 -160.5
G  124.8  156.8  114.7  179.7    nan    nan    nan  112.9  3.802    nan    nan   74.4
G  153.6  143.7  110.5 -179.6    nan    nan    nan  129.0  3.786    nan    nan  120.5
P  -64.1  -10.8  115.2 -179.9   29.5    nan  1.018  111.0  3.848    nan    nan -101.9
R  -63.2  -21.8  110.4  179.2  -74.8    nan  1.011  107.6  3.822  5.734   93.8  110.4
W -110.5   18.4  116.6 -177.7  -54.1    nan  1.135   78.5  3.811  5.051   30.4   58.9
D  -69.4  -28.2  111.3  178.8  -76.4    nan  1.056   98.6  3.812  6.045  122.9  130.7
A  -67.6   -8.3  111.8  179.4    nan    nan  1.050  109.1  3.816  5.466   75.1   90.2
Y  -87.2  150.9  113.0  179.7  -82.6    nan  1.039   98.5  3.816  5.556   73.2   90.5
P  -62.1  150.9  108.1  179.4  -30.1    nan  0.912   74.0  3.836  5.293  -80.2  -95.1
P  -51.1  -38.3  115.3 -179.7  -33.3    nan  1.009  106.7  3.854  5.436  -80.8  -81.2
A  -70.9  -15.2  112.8 -179.4    nan    nan  1.070  102.7  3.809  5.261   54.9   80.2
K -108.1    8.8  114.7 -179.3  -73.2    nan  1.092   75.8  3.804  5.277   42.1   65.6
R  -67.8  147.3  111.0 -179.7  -57.7    nan  1.046   82.1  3.818  5.918  113.7  125.0
P  -43.4  -45.8  117.5 -179.8  -37.9    nan  1.057  106.2  3.860  5.286  -68.9  -79.2
E  -69.0  -12.6  114.8 -179.7   50.0    nan  1.155  105.3  3.829  5.304   46.5   76.4
Q  -67.4  -34.6  108.4  177.6  -68.8    nan  1.013   98.7  3.815  5.811   97.4  103.1
G  -64.7  -40.1  110.5  178.4    nan    nan    nan   97.1  3.806    nan    nan   85.6
L  -64.1  -42.8  109.7  178.5  169.2    nan  1.012   96.5  3.809    nan    nan   81.2
L  -67.1  -35.0  111.3  180.0  -70.2    nan  1.068   97.3  3.811  5.245   58.6   77.4
R  -73.3  -29.9  112.3  179.0  -72.8    nan  1.090   93.9  3.810  5.382   58.9   78.6
L  -68.7  -52.6  107.3  177.8  -80.0    nan  0.995   90.0  3.814  5.554   75.8   85.7
R  -53.7  -53.6  110.1  178.9  -65.0    nan  1.006   97.3  3.809  5.219   69.6   79.1
K  -65.9  -44.4  113.0 -178.7 -168.0    nan  1.075   92.5  3.806  5.073   51.7   70.3
G  -63.5  -38.8  114.4  179.9    nan    nan    nan   96.7  3.809    nan    nan   80.9
L  -89.6   -3.1  111.2  179.3  -82.5    nan  1.055   89.3  3.799    nan    nan   60.5
D   52.9   47.3  112.9 -179.0 -158.0    nan  1.104  100.5  3.832  5.682 -137.3 -132.7
L  -85.6   79.0  107.3 -179.8  -51.6    nan  0.998  107.8  3.792  6.068  141.0  141.5
Y  -78.8  -16.7  118.7 -177.4   67.7    nan  1.107   92.9  3.804  6.135  178.5 -176.9
A -106.7   95.2  113.7 -178.7    nan    nan  1.088  114.2  3.814  5.243   44.0   66.9
N  -90.5  121.1  108.7  179.7 -170.1    nan  1.012  106.2  3.794  6.049 -169.1 -179.5
L -110.1  115.3  111.0 -179.4  -48.8    nan  1.025  116.8  3.819  5.946 -165.2 -170.6
R -124.9   94.4  110.7  179.3  -66.7    nan  1.054  109.4  3.784  5.841  169.6  167.7
P  -74.8  133.2  111.0  179.7   33.6    nan  0.959   94.2  3.850  5.993 -150.5 -164.1
A -123.6  107.9  111.9 -179.7    nan    nan  1.064  117.7  3.802  5.855 -176.3 -172.7
Q -145.8  158.0  106.8  178.2  169.4    nan  1.015  145.9  3.801  5.802  146.4  134.7
I -106.4  137.3  111.9 -179.9  -59.1  178.9  1.030  116.8  3.810  5.637 -125.7 -126.1
F  -77.8  128.9  104.0  177.2  -81.1    nan  0.972   92.9  3.796  5.682 -115.0 -127.1
P  -49.7  -23.3  116.4 -179.5   24.5    nan  1.043  117.4  3.854  5.595  -94.0 -103.1
Q  -94.5   -5.8  111.0  179.1   46.9    nan  1.057   83.5  3.812  5.343   43.6   69.9
L -116.2   11.1  112.7 -179.5  -61.2    nan  1.039   68.5  3.808  5.332   45.9   64.9
L  -56.5  -34.0  115.6 -178.5 -138.0    nan  1.110  104.8  3.819  5.939  123.4  139.6
D  -65.3  -15.9  114.9 -179.1 -167.9    nan  1.102  107.3  3.824  5.464   72.9   90.1
A  -76.8  -13.6  112.1  179.6    nan    nan  1.058   97.9  3.820  5.592   78.5   93.8
S  -71.2  133.6  112.8  180.0  177.7    nan  1.066   92.6  3.821  5.642   84.7  101.3
P  -71.0  -20.7  113.0  180.0  -25.2    nan  0.971  100.0  3.870  5.561 -105.2 -123.1
L  -87.7  163.7  110.7 -179.8  -49.2    nan  1.028   93.5  3.802  5.324   53.5   78.9
R  -65.0  136.8  107.1  178.9  -63.2    nan  0.992   82.8  3.792  5.268  -75.8  -82.4
P  -37.7  -55.7  116.9 -179.5  -36.8    nan  1.041  102.5  3.856  5.398  -73.6  -84.5
E  -56.4  -25.7  115.7 -179.5   48.5    nan  1.121  110.1  3.831  5.200   54.5   79.3
L  -74.2  -56.5  112.4  179.5  -73.4    nan  1.049   81.0  3.825  5.547   74.9   87.5
V  -87.7   10.6  116.4 -178.7  -64.1   58.6  1.097   97.0  3.814  4.914   27.4   48.5
R  -53.2  -39.9  111.9  179.8  -81.1    nan  1.032  105.6  3.820  6.028  136.7  140.0
D -124.6   26.9  116.4 -177.2  -41.4    nan  1.094   70.1  3.796  4.735    4.0   28.3
V  -63.2  113.0  111.5  179.9   56.3  177.8  1.071   97.1  3.830  6.147  137.9  145.4
D -138.2   94.3  105.3  179.7 -171.7    nan  0.965  103.4  3.801  5.839  163.8  148.9
I -124.5  149.0  112.0 -177.7  -55.0 -177.6  1.028  130.1  3.781  5.926  149.9  151.9
L -124.2  109.2  107.8  177.8  177.1    nan  1.012  115.0  3.772  5.669 -156.1 -157.6
V  -86.1  120.0  108.0  178.3 -179.4  -57.4  1.021  103.5  3.771  6.014 -153.1 -160.5
V -108.4  101.3  103.4  177.8 -178.8  -57.0  0.971  106.1  3.799  5.951 -163.1 -174.3
R -104.2  132.6  111.2 -178.2  163.4    nan  1.007  115.2  3.797  5.998 -177.5  177.6
E  -71.2  132.5  103.6  177.7 -159.7    nan  0.975   87.0  3.829  5.805 -114.3 -125.7
L -113.0  -17.7  120.9 -174.4 -146.9    nan  1.128   58.9  3.817  5.829 -159.6 -152.9
T -108.5   -3.3  119.1 -176.1   51.2  -68.3  1.175   69.9  3.809  5.176   38.4   68.9
G -120.4 -146.9  111.3  179.5    nan    nan    nan  104.7  3.809    nan    nan   62.8
D   71.7 -167.8  113.4  178.8 -151.9    nan  1.081   76.9  3.827    nan    nan  106.7
I  -61.3  -20.7  112.0 -179.9 -171.5   61.4  1.079  109.5  3.821  4.870  -48.3  -41.6
Y  -60.9  -38.5  112.0  178.7  -96.5    nan  1.011  100.1  3.838  5.688   90.9  102.6
F -121.8    4.8  113.9 -179.2  -61.2    nan  1.087   60.3  3.823  4.837    4.3   29.8
G  -64.7  145.7  115.6 -179.7    nan    nan    nan   82.4  3.811    nan    nan  125.5
Q -127.0  145.9  107.7  179.7  -67.4    nan  0.975  129.4  3.819    nan    nan -166.4
P  -78.3  170.2  112.0   -0.2   34.6    nan  0.980   82.1  2.943  4.828   58.4   40.1
R -161.2  165.9  107.5 -178.3   65.2    nan  0.949  160.3  3.808  5.503 -169.3 -170.8
G  133.9 -175.1  117.9  177.8    nan    nan    nan  136.0  3.784    nan    nan  108.0
L -114.3  137.5  108.0  178.9  -92.2    nan  0.999  119.5  3.778    nan    nan -102.9
E -146.1  162.0  113.1  179.4   61.6    nan  1.069  149.0  3.801  5.669  170.1  169.9
V -113.8  110.0  109.9  178.8  175.0  -63.8  1.042  115.5  3.787  5.516 -131.3 -131.0
I -109.8  116.7  107.4  179.7  -54.4 -177.6  0.988  113.8  3.791  5.975 -172.2  175.9
D   52.1   47.7  113.1 -180.0  -74.1    nan  1.083  100.6  3.822  5.002   -2.2  -22.5
G   73.3    7.4  115.1  179.8    nan    nan    nan  103.5  3.793    nan    nan  -69.2
K -119.9  126.5  112.9 -179.9  -62.5    nan  1.067  124.6  3.808    nan    nan   73.9
R  -66.6  131.2  111.5  178.9  -66.8    nan  1.033   89.6  3.810  5.744 -110.8 -126.5
R -130.4  122.4  111.3 -179.6 -179.5    nan  1.029  125.5  3.821  5.762 -175.4  177.1
G -105.9  142.6  108.2  179.1    nan    nan    nan  113.6  3.804    nan    nan -167.5
F -152.2  150.9  113.1 -179.2   60.9    nan  1.085  149.6  3.786    nan    nan  168.9
N -144.5  146.9  108.2  178.4  -75.2    nan  1.012  141.4  3.807  5.621 -168.8 -178.4
T -107.4  119.9  113.9 -179.6  -58.3 -179.3  1.073  119.0  3.791  5.717 -139.9 -139.2
M  -91.9  124.8  104.9  176.7  167.9    nan  0.957  103.3  3.775  5.849 -142.6 -160.7
V -153.0  150.9  111.5 -179.2   52.0  175.4  1.065  149.2  3.772  5.655  150.2  149.9
Y -157.4  136.8  107.4  178.2  -92.1    nan  0.969  138.7  3.798  5.615 -178.5  167.8
D -106.4  166.6  106.3  175.3   62.8    nan  1.076  109.7  3.779  5.801 -159.5 -153.0
E  -58.4  -25.1  117.3 -177.6   66.1    nan  1.166  108.0  3.817  5.391  -68.4  -67.3
D  -76.0  -37.7  112.3 -179.9  -72.3    nan  1.072   88.0  3.823  5.563   73.1   87.1
E  -66.6  -40.8  109.9  179.1  -61.0    nan  1.004   95.6  3.813  5.416   72.0   82.1
I  -69.0  -40.7  110.7 -179.4  -57.4 -179.4  1.035   93.3  3.812  5.262   62.5   77.7
R  -64.0  -43.8  113.4 -178.5 -171.1    nan  1.083   94.0  3.802  5.302   66.6   84.3
R  -65.8  -42.7  115.2 -178.9   64.0    nan  1.158   92.2  3.803  5.329   57.5   80.9
I  -68.9  -30.8  110.1  179.1 -171.6   64.6  1.065   98.4  3.820  5.473   63.6   76.3
A  -66.3  -42.8  109.5  179.6    nan    nan  1.026   94.9  3.821  5.515   76.1   88.4
H  -60.4  -41.5  110.7  179.4  -80.6    nan  1.048   99.5  3.808  5.319   68.0   83.0
V  -60.9  -47.9  110.1  177.9  169.6  -68.2  1.013   95.9  3.796  5.393   72.2   82.7
A  -66.0  -37.4  113.2 -179.5    nan    nan  1.077   96.1  3.820  5.178   57.3   74.8
F  -71.9  -37.9  111.5  179.5  -85.1    nan  1.062   91.8  3.819  5.374   62.2   78.5
R  -68.8  -34.6  109.0  178.2  -84.8    nan  1.019   97.2  3.808  5.356   66.1   78.8
A  -68.5  -39.8  110.0  178.7    nan    nan  1.023   94.5  3.818  5.374   67.3   82.1
A  -64.6  -42.2  110.6  179.6    nan    nan  1.038   96.0  3.819  5.322   67.0   82.1
Q  -58.6  -37.4  111.5  179.4  -75.4    nan  1.034  102.9  3.809  5.368   73.6   85.7
G  -88.8   12.0  113.7 -179.5    nan    nan    nan   95.9  3.790    nan    nan   63.4
R -127.5 -116.8  108.8  178.8  -79.5    nan  1.046   92.6  3.807    nan    nan   67.9
R -105.8   10.6  114.8 -179.6  -73.7    nan  1.103   78.8  3.812  4.803  -51.2  -27.0
K   63.0   32.9  116.1  179.3  -50.8    nan  1.118   99.7  3.824  5.548 -112.1 -113.0
Q -125.9  122.8  110.9  179.9  -66.2    nan  1.023  124.1  3.829  5.696   82.0   89.5
L -124.1  132.6  110.9  179.7  178.9    nan  1.037  126.7  3.779  5.830  179.0  177.2
C -118.8  110.8  108.0  177.5 -173.3    nan  1.019  115.1  3.788  5.805 -164.9 -170.7
S  -89.9  123.4  106.3  178.6  177.3    nan  0.980  103.5  3.800  5.990 -152.4 -163.4
V -102.1  133.6  112.6 -179.3  175.5  -62.2  1.078  114.6  3.806  5.934 -159.4 -158.8
D -151.4 -167.6  111.4  179.9   60.0    nan  1.028  145.1  3.830  5.723  169.1  156.4
K -144.4   46.8  101.6  176.6 -171.3    nan  0.937   61.9  3.831  5.255 -133.0 -127.4
A  -51.3  -24.7  117.8 -177.5    nan    nan  1.147  114.6  3.809  6.148  162.7 -179.4
N  -87.8    3.5  115.0  179.9   57.3    nan  1.137   93.7  3.825  5.436   54.1   77.2
V -133.5  -50.6  110.2  178.3 -177.1  -55.9  1.040   50.9  3.832  5.471   40.3   53.9
L  -96.8  107.4  114.3 -178.4  -83.9    nan  1.068  115.2  3.825  4.908   24.6   44.0
E  -52.9  -40.2  113.3  179.8  -67.9    nan  1.071  104.8  3.820  5.928 -116.7 -131.9
T  -52.4  -47.3  109.0  178.9  -49.6 -169.5  0.990  102.9  3.813  5.488   88.3   93.0
T  -75.3   -9.5  114.5 -178.8   74.5  -46.0  1.133  100.6  3.801  5.068   43.4   67.2
R  -84.2  -35.5  106.6  177.6 -176.0    nan  1.008   85.3  3.799  5.714   79.4   89.6
L  -66.4  -37.1  105.3  177.2  176.7    nan  0.971  100.0  3.811  5.437   71.5   80.6
W  -56.9  -49.6  108.2  178.2  178.8    nan  1.009   98.9  3.830  5.422   77.2   89.1
R  -61.2  -41.0  112.0  179.2  175.5    nan  1.057   98.5  3.808  5.268   60.9   76.0
E  -65.7  -43.6  114.5 -178.9  -70.6    nan  1.100   92.1  3.821  5.323   64.3   82.6
V  -70.5  -37.4  112.5 -179.9  176.5  -62.3  1.105   92.6  3.793  5.276   56.2   75.3
V  -65.8  -35.0  110.0  178.6  168.2  -70.2  1.046   99.0  3.841  5.534   70.7   82.8
T  -67.9  -32.7  109.9  178.7  -57.9 -177.7  1.026   98.4  3.825  5.430   70.1   82.3
E  -71.8  -44.2  110.6  178.7  -74.5    nan  1.027   89.5  3.815  5.390   66.7   81.4
V  -67.2  -23.6  110.9  179.4  176.7  -60.1  1.034  102.9  3.813  5.246   60.5   75.5
A  -63.4  -19.9  111.9 -179.6    nan    nan  1.063  107.9  3.826  5.567   82.9   99.3
R  -69.6  -25.2  110.5  179.2  -54.9    nan  1.022  100.1  3.802  5.573   82.7   95.7
D  -79.8  -12.1  112.6 -179.7  -68.2    nan  1.043   95.4  3.826  5.397   64.6   82.3
Y -129.8   70.4  110.3 -178.9  -56.5    nan  1.023   92.0  3.810  5.095   26.2   45.1
P  -62.2  -18.8  113.4 -179.7   31.8    nan  0.989  109.2  3.829  6.066 -168.9 -172.4
D  -84.4   -7.3  115.3 -179.7   54.4    nan  1.128   92.4  3.802  5.360   52.8   85.3
V -108.4  141.3  111.4  178.8  -54.3   68.8  1.091  117.5  3.811  5.519   50.2   71.1
R  -91.4  110.1  109.5 -179.9 -174.4    nan  1.012  108.7  3.811  5.684 -121.2 -132.9
L  -91.9  138.6  113.7  179.9  173.2    nan  1.073  106.9  3.815  6.030 -160.5 -163.8
S -140.1  147.0  107.6  178.8  -64.0    nan  0.984  138.5  3.802  5.693 -174.6  172.3
H -115.0  142.8  107.2  178.6  -59.4    nan  1.001  119.9  3.803  5.679 -147.4 -150.1
M -147.0  145.6  109.1 -178.8 -171.5    nan  1.006  142.4  3.794  5.641  179.5  174.2
Y  -78.4  143.5  107.0  178.9  -69.0    nan  1.020   90.5  3.791  5.652 -111.2 -116.0
V  -54.3  -36.9  116.7 -178.0   57.5 -178.0  1.150  104.3  3.818  5.639  -87.8  -91.1
D  -68.7  -45.3  109.6  178.9   52.4    nan  1.040   91.9  3.816  5.466   70.0   81.5
N  -63.5  -39.9  109.7  179.1 -177.4    nan  1.045   98.5  3.812  5.329   62.8   77.4
A  -62.0  -29.7  110.9  178.8    nan    nan  1.047  104.6  3.830  5.409   70.5   83.9
A  -69.5  -25.6  110.0  178.4    nan    nan  1.035  100.2  3.806  5.467   71.6   86.0
M  -85.2  -40.6  111.4  179.1  -59.8    nan  1.015   80.1  3.819  5.425   60.2   75.9
Q  -65.0  -34.1  113.8 -178.6  -63.8    nan  1.092   98.3  3.792  5.193   64.3   83.5
L  -60.3  -33.1  109.6  179.0  -80.9    nan  1.039  104.8  3.798  5.509   79.2   91.4
I  -89.8  -43.7  111.4  179.8  -55.2 -174.5  1.032   75.6  3.821  5.328   47.7   64.7
R  -67.2  -42.0  115.4 -178.7 -169.9    nan  1.095   91.3  3.818  5.224   61.6   79.0
A -155.2   70.1  110.7 -179.4    nan    nan  1.043   80.2  3.802  4.696  -25.6   -8.9
P  -54.9  -31.3  115.6 -179.9   21.3    nan  1.025  107.9  3.837  6.068 -161.5 -166.1
A  -66.3   -7.5  114.0 -179.6    nan    nan  1.092  110.5  3.817  5.403   65.9   91.0
Q  -78.2  -17.7  111.7  179.3   73.6    nan  1.025   94.8  3.831  5.711   87.0   99.6
F  -93.9  144.0  114.7 -179.3  -63.9    nan  1.074  107.4  3.819  5.356   55.3   77.2
D -119.2  -84.0  102.4  176.2  173.6    nan  0.953   76.2  3.807  5.691 -150.6 -163.1
V -107.8  128.8  107.2  177.8  178.5  -60.6  1.007  114.3  3.815  4.785  -22.6   -4.5
L -115.2  111.4  109.0  179.5 -167.2    nan  1.016  115.5  3.815  5.871 -163.1 -168.4
L  -99.8  133.3  113.9  179.8  168.8    nan  1.064  114.1  3.812  5.990 -166.4 -169.9
T -164.3  172.8  113.6  177.5 -164.0   74.7  1.128  165.6  3.801  5.553  145.8  141.6
G  -70.3 -178.0  114.8 -179.4    nan    nan    nan   69.4  3.795    nan    nan  -73.9
N  -60.4  -56.2  111.6 -179.1 -146.3    nan  1.025   90.6  3.797    nan    nan  -53.6
M  -59.9  -56.7  114.9  179.7  169.1    nan  1.068   88.3  3.809  5.053   55.8   72.9
F  -64.1  -35.8  110.9 -179.4  -65.4    nan  1.031   99.6  3.835  5.172   55.1   69.4
G  -63.6  -37.7  111.0  179.6    nan    nan    nan   98.9  3.801    nan    nan   87.1
D  -59.0  -48.8  110.9  179.2 -176.6    nan  1.014   96.3  3.789    nan    nan   89.3
I  -68.5  -58.3  113.4 -179.6  -60.1  176.3  1.065   83.0  3.807  5.111   53.4   71.6
L  -63.1  -23.3  114.9 -178.3  -57.5    nan  1.102  105.4  3.819  5.113   51.6   70.5
S  -75.0  -40.7  109.2  179.7 -141.1    nan  1.024   89.4  3.816  5.551   75.4   88.1
D  -68.2  -30.9  109.8  178.1  -98.4    nan  1.040   99.1  3.785  5.280   61.6   76.4
E  -71.2  -44.5  108.1  178.4 -164.7    nan  1.012   91.3  3.788  5.453   69.3   82.8
A  -61.3  -39.4  110.2  178.9    nan    nan  1.031  100.3  3.812  5.294   66.6   79.8
S  -64.7  -40.5  113.4  179.9  -67.3    nan  1.063   95.3  3.827  5.354   67.6   83.3
Q  -68.3  -37.3  113.7 -178.8 -176.5    nan  1.089   93.8  3.799  5.286   63.1   81.0
L  -69.5  -12.2  113.5 -179.4   67.9    nan  1.134  105.2  3.789  5.341   60.6   82.4
T  -82.3  -25.2  105.8  177.1   63.9  -57.7  1.006   90.4  3.827  5.805   78.4   88.3
G   94.8  -39.1  118.1  177.8    nan    nan    nan  103.3  3.788    nan    nan -118.8
S -109.6  100.2  111.8 -178.6  -56.7    nan  1.042  113.8  3.808    nan    nan   43.2
I  -72.9  -28.3  112.4 -179.1 -158.9   79.0  1.091   94.9  3.800  6.084 -150.6 -155.4
G  -74.1   -0.5  114.8  179.8    nan    nan    nan  105.7  3.820    nan    nan   85.5
M -107.7   -8.4  112.4  179.7  -57.4    nan  1.019   69.3  3.813    nan    nan   78.0
L  -89.5  117.7  118.5 -176.9  -58.4    nan  1.142  114.7  3.832  5.395   65.8   92.8
P  -94.5  172.2  112.5 -180.0   41.3    nan  0.943   97.5  3.863  5.800 -141.3 -163.8
S -157.2  151.2  112.7  178.0   84.0    nan  1.071  151.6  3.831  5.520 -176.6 -163.8
A -128.4  139.7  108.6  178.1    nan    nan  1.011  129.4  3.814  5.627 -153.8 -160.4
S -122.2  102.0  104.7  178.7  -63.0    nan  0.964  108.7  3.823  5.770 -158.8 -166.4
L -102.6  143.6  117.4 -176.2  -44.6    nan  1.107  116.2  3.785  5.997  178.0 -175.8
G -139.9 -166.9  108.7  178.1    nan    nan    nan  134.3  3.788    nan    nan  176.2
E  -78.3  104.7  111.4  179.1  -92.3    nan  1.046  107.1  3.813    nan    nan  -57.6
G   71.9   14.7  116.7  179.3    nan    nan    nan  101.1  3.790    nan    nan  -19.0
R -144.5  169.5  108.6  179.6  -58.4    nan  0.992  146.5  3.811    nan    nan   52.6
A -173.8  145.6  111.8 -179.8    nan    nan  1.048  147.5  3.785  5.308  175.2  174.4
M -128.2  136.8  108.1  178.0 -179.2    nan  1.033  128.2  3.797  5.702 -162.8 -165.6
Y -121.4  130.2  109.5 -178.1  -55.4    nan  1.032  123.6  3.763  5.704 -160.7 -165.0
E -151.2  156.0  110.5 -178.5   73.3    nan  0.994  150.4  3.775  5.710  166.9  155.2
P  -80.2  158.9  103.9  178.7   32.7    nan  0.872   85.8  3.795  5.342  -97.6 -106.2
I -100.8    8.3  114.2 -179.3   60.7  -59.4  1.107   82.7  3.831  5.790 -136.4 -116.6
H  -86.0   -5.8  120.7 -177.4   61.3    nan  1.167   91.1  3.837  5.780   88.9  111.7
G   84.4  174.4  115.5  179.5    nan    nan    nan   82.0  3.812    nan    nan -108.8
S  -83.6   -3.5  119.8 -177.5   71.4    nan  1.161   94.6  3.812    nan    nan  -81.8
A   24.7   69.2  113.6  179.6    nan    nan  1.077   99.5  3.848  5.816 -157.5 -160.6
P  -53.5  -37.8  117.8 -179.4  -30.4    nan  1.050  103.9  3.850  6.064 -160.2 -165.7
D  -60.4  -11.7  117.2 -178.4   59.1    nan  1.157  113.7  3.821  5.360   64.6   92.9
I -125.2   11.1  111.8  179.4   56.7  -66.0  1.056   59.5  3.834  5.327   33.6   50.2
A  -61.4  126.9  112.8 -179.5    nan    nan  1.062   89.1  3.809  5.921  121.9  133.5
G   79.3    3.8  115.8  179.5    nan    nan    nan   99.1  3.806    nan    nan    9.7
Q  -94.5    6.0  112.6  180.0  -74.2    nan  1.075   87.8  3.802    nan    nan   95.2
D   55.0   31.9  110.8  179.8 -172.2    nan  1.048  109.5  3.830  5.603 -123.7 -123.1
K -101.5  -31.7  114.9 -179.5  -73.2    nan  1.071   67.3  3.838  5.917   99.2  115.7
A  -51.3  140.3  117.6 -178.6    nan    nan  1.117   75.5  3.805  5.427   89.4  105.7
N  -80.5  113.9  108.3  178.1 -166.8    nan  0.995  102.5  3.822  5.630 -110.6 -127.9
P  -88.9   -5.4  112.9 -179.9   40.0    nan  0.960   89.0  3.850  5.894 -148.6 -155.5
L  -55.5  -29.5  115.8 -178.6  -65.5    nan  1.131  108.5  3.812  5.691   97.7  125.3
A  -73.2  -40.7  108.8  178.0    nan    nan  1.013   91.1  3.824  5.517   72.5   83.0
T  -68.8  -40.8  108.6  178.5  -54.1 -174.2  1.015   94.5  3.818  5.332   62.0   75.7
I  -62.2  -43.9  109.3  179.0  -67.3  171.1  1.040   97.7  3.834  5.402   68.3   82.2
L  -68.6  -20.6  111.4  179.1  -76.4    nan  1.090  102.8  3.820  5.333   55.9   74.5
S  -76.8  -32.3  107.7  177.9  -64.9    nan  1.020   92.0  3.823  5.630   73.9   86.7
V  -66.9  -36.6  107.3  177.2  163.9  -75.0  1.022   98.8  3.820  5.510   70.9   83.8
A  -63.4  -34.5  109.0  178.2    nan    nan  1.025  101.8  3.835  5.473   71.8   84.2
M  -69.4  -36.2  109.2  178.0  -75.0    nan  1.022   95.9  3.827  5.430   67.1   80.7
M  -66.9  -42.8  110.2  179.1 -179.0    nan  1.030   94.2  3.828  5.389   68.7   82.6
L  -59.8  -32.6  109.4  178.8  -70.8    nan  1.021  105.6  3.798  5.331   70.7   83.0
R  -82.7  -51.4  115.6 -179.5  169.9    nan  1.082   75.2  3.815  5.261   52.1   73.5
H  -87.5  -19.0  117.1 -177.1  -59.1    nan  1.112   83.9  3.808  4.975   32.3   56.1
S -121.2  -33.6  118.2 -177.8  -80.0    nan  1.115   49.1  3.800  5.089   28.6   52.4
L -102.5    9.9  117.4 -176.4  -47.5    nan  1.129   82.2  3.802  5.025   33.2   59.2
N   49.0   48.5  110.6  179.8 -159.6    nan  1.044  103.7  3.803  5.611 -122.0 -125.3
A -132.3   54.8  112.4 -179.0    nan    nan  1.067   80.9  3.802  5.685   86.9   99.1
E  -50.3  -49.7  113.4  178.9  173.2    nan  1.074  100.3  3.817  6.183 -175.4 -177.6
P  -55.5  -33.4  111.8  179.7  -35.9    nan  0.969  107.7  3.845  5.241   73.7   82.9
W  -82.9  -27.5  113.4  179.0  -74.6    nan  1.125   85.9  3.792  5.187   38.3   71.7
A  -65.9  -38.4  106.4  177.1    nan    nan  0.982   99.2  3.819  5.623   82.1   89.8
Q  -68.5  -39.5  112.1  178.4  -65.0    nan  1.044   93.5  3.816  5.317   62.1   78.4
R  -65.5  -32.1  112.2 -179.8 -166.9    nan  1.076   99.7  3.824  5.335   65.9   83.0
V  -72.1  -43.7  107.8  178.0  168.8  -70.3  1.019   91.2  3.817  5.486   67.9   80.7
E  -65.6  -30.4  111.2  179.1  -65.4    nan  1.054  101.0  3.817  5.289   61.1   76.8
A  -74.0  -37.1  110.7  179.0    nan    nan  1.037   90.9  3.819  5.413   65.5   81.6
A  -65.7  -35.0  111.6  179.5    nan    nan  1.048   98.3  3.818  5.357   68.1   83.8
V  -68.1  -41.3  108.5  179.3  174.0  -64.3  1.026   95.0  3.822  5.398   68.5   82.7
Q  -64.3  -44.3  107.4  178.6 -172.0    nan  0.983   97.0  3.803  5.364   68.8   79.2
R  -59.1  -44.6  112.7 -179.8 -147.6    nan  1.063   97.7  3.814  5.241   66.3   83.2
V  -60.8  -37.4  110.4  179.3  166.7  -72.3  1.059  101.7  3.819  5.355   66.4   81.7
L  -71.5  -44.3  110.2  179.2  -63.5    nan  1.045   89.9  3.810  5.392   61.7   77.6
D  -55.7  -39.4  110.9  179.2  -78.2    nan  1.023  104.4  3.825  5.406   76.3   86.1
Q  -82.3   17.1  113.6 -179.5   58.3    nan  1.127  104.2  3.792  5.129   43.0   67.7
G   72.0   16.4  120.6  177.9    nan    nan    nan   99.2  3.797    nan    nan -101.4
L  -82.3  125.2  112.1  179.4  -67.3    nan  1.075  103.1  3.814    nan    nan  117.9
R -136.8  144.0  113.9 -178.1  -51.1    nan  1.033  138.8  3.809  5.790  176.8  165.9
T  -95.4  165.4  102.5  175.5   32.4  -89.4  0.967   98.3  3.802  5.711 -129.7 -138.6
A  -45.3  -42.1  117.4 -177.9    nan    nan  1.139  107.6  3.827  5.233  -57.9  -56.9
D  -67.8  -27.6  114.8 -179.2   54.6    nan  1.083   99.0  3.811  5.323   65.0   80.9
I -111.2   13.5  115.4 -178.9   56.1  -66.3  1.119   75.0  3.802  5.109   26.3   52.7
A -107.9  138.8  113.0 -179.8    nan    nan  1.062  118.4  3.828  5.676   76.3   91.3
A  -71.2  157.4  109.4  179.0    nan    nan  1.016   79.8  3.813  5.614 -104.7 -117.7
P  -61.4  127.6  111.8  179.9  -30.1    nan  0.965   88.0  3.845  5.300  -76.2  -84.0
G   92.0  -20.1  113.1 -179.5    nan    nan    nan   95.9  3.793    nan    nan   24.3
T  -75.7  146.0  111.2  179.7  -75.5  162.4  1.052   89.5  3.813    nan    nan   90.3
P  -57.3  135.8  113.5  179.8  -33.2    nan  0.985   81.2  3.866  5.396  -80.8  -94.7
V -128.6  142.3  112.4 -179.0  169.6  -67.8  1.043  132.5  3.814  5.844 -175.3 -175.8
I -119.6  154.2  110.1  177.6   59.4  -64.6  1.069  125.1  3.824  5.824 -159.7 -160.4
G  -78.2 -177.1  117.1 -179.1    nan    nan    nan   76.9  3.804    nan    nan -102.2
T  -62.2  -48.0  111.2 -179.9  -45.4 -166.2  1.013   94.2  3.805    nan    nan  -54.5
K  -61.1  -54.6  111.1 -179.3 -142.0    nan  1.044   91.3  3.812  5.151   65.0   79.1
A  -60.3  -35.2  112.8 -179.9    nan    nan  1.071  102.2  3.813  5.199   57.8   73.9
M  -68.4  -32.3  110.1  179.9 -179.2    nan  1.047   98.1  3.811  5.421   68.4   83.7
G  -69.8  -49.4  109.8  178.9    nan    nan    nan   89.1  3.788    nan    nan   83.7
A  -63.8  -27.1  110.1 -179.9    nan    nan  1.032  104.7  3.788    nan    nan   74.2
A  -70.1  -41.9  111.0  179.3    nan    nan  1.048   91.6  3.807  5.451   71.7   88.6
V  -69.1  -34.5  109.2  179.3 -179.5  -58.5  1.058   96.9  3.815  5.386   59.6   75.8
V  -62.2  -43.3  108.4  178.8 -177.0  -55.3  1.014   98.5  3.815  5.569   79.6   88.1
N  -68.1  -47.2  109.2  179.0  -56.1    nan  1.021   91.7  3.805  5.276   62.0   74.4
A  -61.1   -5.2  112.1 -179.8    nan    nan  1.062  116.8  3.821  5.256   63.7   79.2
L  -77.2  -17.4  107.8  178.6 -118.3    nan  0.987   97.0  3.814  5.694   89.4  100.7
N   51.3   41.7  112.6  179.4  -55.7    nan  1.082  105.5  3.836  5.629 -156.0 -149.0
L  -62.7  131.8  110.1 -179.9  -60.3    nan  1.031   85.5  3.794  6.143  157.4  159.1
K  -59.7    nan  111.0 -179.4 -161.3    nan  1.047    nan  3.816  5.696 -100.7 -112.5
