Id   phi    psi    tau  omega    chi    chi2  solid    eta  CA-CA  CB-CB  BA^AB  NA^AC
W    nan  106.4  111.0    nan  -67.9    nan  1.019    nan    nan    nan    nan    nan
K  -62.6  123.7  106.9  179.8  -52.7    nan  0.970   87.7  3.803  5.922 -125.3 -141.4
Q  -73.6  156.8  107.5  179.0  -54.7    nan  1.014   81.6  3.764  5.822 -127.7 -133.2
A -152.5  134.8  106.7 -179.8    nan    nan  0.970  136.0  3.793  5.527 -171.0 -177.4
E  -68.4  -35.5  110.4  179.0 -171.0    nan  1.047   96.4  3.800  5.769 -112.2 -115.7
D -156.6  129.6  104.1 -179.5 -164.7    nan  0.929  131.2  3.808  4.755  -17.8   -7.3
I  -57.0  -29.0  111.6 -179.9 -172.4   66.5  1.086  109.0  3.821  5.866 -107.9 -109.1
R  -69.6   -9.1  112.7 -179.5  -58.1    nan  1.084  106.6  3.803  5.435   71.0   88.7
D  -70.2  -32.5  106.1  177.4  -91.7    nan  0.931   98.4  3.833  5.838   97.8  102.6
I  -96.5  -41.7  116.3 -177.0  -31.4 -157.1  1.059   67.8  3.802  5.015   40.2   61.5
Y -121.8  149.3  112.8 -177.5  -59.2    nan  1.024  128.4  3.830  4.827   11.2   29.1
D -103.4  113.3  105.1  175.7  -56.8    nan  0.944  109.0  3.784  5.563 -129.9 -139.8
F  -70.2  147.7  113.3 -179.0  -66.4    nan  1.087   85.0  3.809  5.939 -137.9 -137.3
R -117.5 -104.5  109.8  179.3  -52.0    nan  1.043   79.9  3.808  5.680 -147.4 -151.8
D -120.9  177.1  106.9  178.8 -160.1    nan  0.985  121.7  3.822  4.800  -51.4  -33.2
V  -87.7  160.2  106.8  176.2  -58.4   64.5  1.007   93.4  3.802  5.377  -93.5  -88.2
L  -66.9  -22.4  117.9 -178.9  -77.4    nan  1.093  101.4  3.831  5.428  -82.0  -83.3
G  167.7 -150.0  110.2 -178.6    nan    nan    nan  152.0  3.766    nan    nan  -33.8
T -111.6  173.1  112.3 -179.1   47.3  -72.4  1.075  114.1  3.783    nan    nan  -68.3
G   60.8 -115.7  110.1 -178.9    nan    nan    nan   93.3  3.786    nan    nan   48.8
A  -63.3  -46.2  111.1 -179.4    nan    nan  1.018   94.5  3.785    nan    nan   14.3
F  -61.4  -15.9  117.6 -177.9  -57.0    nan  1.113  110.4  3.767  5.066   61.4   83.0
S  -77.2   -9.7  111.2  179.9   59.6    nan  1.040   99.2  3.821  5.613   79.0   94.1
E  -85.0  -13.8  110.6  179.3  -65.1    nan  1.039   90.0  3.787  5.529   72.9   90.9
V -105.3  128.1  111.7 -178.6 -167.6  -45.6  1.036  116.3  3.791  5.291   48.0   69.1
I  -98.7  134.0  111.9  179.8  -70.9  167.9  1.016  111.7  3.799  5.809 -142.9 -155.8
L  -90.1  134.8  101.7  176.9  167.7    nan  0.915   98.4  3.809  5.772 -129.1 -143.6
A -150.7  161.3  107.9 -179.9    nan    nan  1.022  150.9  3.750  5.609  160.6  163.9
E -109.5  132.6  108.6 -178.3 -151.3    nan  1.009  116.6  3.721  5.415 -124.6 -126.8
D  -72.0  114.9  103.8  178.3 -162.8    nan  0.924   94.4  3.783  5.688 -109.1 -126.1
K  -51.5  -44.6  113.0  180.0  -82.8    nan  1.059  103.3  3.829  5.942 -114.4 -118.4
R  -68.3  -57.2  116.7 -178.3 -175.8    nan  1.114   81.4  3.805  5.208   58.3   78.4
T  -95.5   -9.7  112.1 -178.5   58.1  -61.9  1.028   80.9  3.774  4.899   23.7   41.3
Q   65.6   16.5  111.2 -178.6  -74.3    nan  1.084  107.6  3.800  5.430 -129.9 -126.7
K  -72.6  137.9  107.9  179.9  167.9    nan  0.971   88.6  3.803  5.940  119.9  126.4
L  -84.1  137.9  109.7  178.9  -89.6    nan  1.004   98.6  3.804  5.758 -124.0 -128.8
V -142.5  164.1  112.1 -177.6  -61.7   60.8  1.035  145.7  3.789  5.708  177.6  174.9
A -104.6  135.3  104.9  176.7    nan    nan  0.959  110.8  3.834  5.509 -118.3 -122.0
I -129.8  124.2  111.6 -178.3  -62.0  173.5  1.013  126.4  3.831  5.829 -172.9 -172.5
K -109.5  126.3  106.5  178.6 -158.2    nan  1.002  114.5  3.817  5.899 -163.8 -170.5
C  -95.6  107.9  111.3 -179.4  173.8    nan  1.054  112.0  3.784  5.860 -148.2 -149.2
I  -94.0   97.1  110.6  179.2  -54.3 -174.9  1.029  110.9  3.813  6.037 -161.1 -169.3
A  -53.6  145.8  109.2 -180.0    nan    nan  1.030   70.0  3.805  5.978 -128.9 -141.2
K -133.6  172.6  111.4 -179.3  -51.1    nan  1.046  135.9  3.808  5.680 -165.5 -169.0
E -171.8  -37.5  110.2   80.1 -173.0    nan  1.040   35.4  9.713  8.526   55.1   16.2
N  -78.3  -36.1  111.2 -179.8  -41.0    nan  1.059   87.4  3.812  5.297   53.2   72.0
E  -55.7  -55.4  104.0  179.1  179.3    nan  0.950   98.9  3.798  5.543   88.3   92.3
I  -53.0  -40.2  110.8 -179.9  -57.6  178.9  1.041  106.1  3.781  5.060   63.6   77.1
A  -66.1  -34.1  109.7  179.5    nan    nan  1.033   99.4  3.780  5.327   64.9   80.4
V  -66.2  -50.5  109.0  179.6  177.2  -59.5  0.996   91.5  3.831  5.445   73.4   85.3
L  -55.0  -44.7  109.9 -179.9  -56.0    nan  0.995  102.2  3.800  5.185   71.3   81.1
H  -46.8  -34.6  114.4 -178.3 -169.9    nan  1.098  113.1  3.754  5.261   81.0   96.7
K -100.2    6.7  117.1 -178.3  -54.9    nan  1.142   82.9  3.777  5.071   31.3   58.5
I  -79.7  107.5  106.9  178.6  -68.8  168.4  0.973  102.7  3.834  5.933  104.8  109.3
K -120.4  112.1  114.7 -178.6  -60.0    nan  1.102  121.6  3.796  5.872  163.6  168.6
H -150.6  140.4  107.3 -179.8 -175.9    nan  1.001  139.9  3.778  5.704  149.6  133.9
P  -51.2  -43.0  113.0  179.8  -32.8    nan  0.945  104.5  3.866  5.422  -77.8  -94.4
N  -94.0   14.6  118.9 -177.9  -40.0    nan  1.134   93.1  3.798  4.835   21.7   56.2
I -121.4  144.8  104.8  177.3  -57.7 -175.9  0.975  123.5  3.799  5.620   66.0   74.9
V  -77.3  109.5  111.5 -179.9  167.0  -73.5  1.107  105.3  3.793  5.682 -115.2 -111.6
A  -63.8  158.8  117.2 -178.6    nan    nan  1.103   74.7  3.771  5.865 -122.7 -137.7
L -114.5  101.4   95.2  175.8 -166.7    nan  0.862   99.4  3.786  5.462 -127.5 -143.3
D  -72.3  -57.3  111.8 -177.7  -59.6    nan  1.035   82.3  3.779  6.102 -150.4 -146.7
D -137.8  165.7  113.2 -173.9 -148.6    nan  1.006  141.5  3.788  4.436  -16.7   -0.9
I -139.9  131.1  108.6 -178.8  -56.3 -178.8  1.003  131.1  3.807  5.562 -154.3 -153.4
Y -128.6  140.1  108.8  179.0  -81.3    nan  1.011  129.8  3.795  5.791 -175.2  179.0
E -110.2  119.8  108.4 -179.1 -173.4    nan  0.993  115.3  3.802  5.715 -146.0 -151.5
S -141.1  118.5  110.6 -180.0 -177.0    nan  1.045  124.4  3.785  5.770  157.3  156.8
G   69.7 -137.9  108.0 -179.1    nan    nan    nan   86.4  3.773    nan    nan   -4.2
G  -97.2   44.2  111.8  178.4    nan    nan    nan   99.6  3.763    nan    nan  -42.6
H -147.0  161.7  111.6  179.7  -43.0    nan  1.009  149.2  3.825    nan    nan   78.5
L -114.9  134.7  103.4  176.9 -141.7    nan  0.943  116.5  3.760  5.354 -131.3 -135.9
Y -116.8  108.2  110.1 -178.9  -66.3    nan  1.021  115.6  3.827  5.827 -162.5 -161.0
L  -89.8  107.7  112.1 -179.7  -73.2    nan  1.078  110.9  3.778  5.984 -160.9 -164.3
I  -81.7  102.2  106.6  179.5  -71.2  170.0  1.009  104.3  3.808  6.074 -145.2 -159.7
M  -91.4  155.0  115.0 -179.6  -52.0    nan  1.056  101.6  3.805  6.071 -163.7 -169.4
Q  -68.8  134.0  105.0  176.4  159.3    nan  0.927   85.6  3.774  5.267  -84.2  -99.8
L  -91.7  136.9  115.2 -179.7 -179.0    nan  1.080  108.2  3.836  5.866 -140.9 -136.4
V -117.5  144.8  105.0  177.5  -60.2   62.1  0.948  120.7  3.813  5.717 -152.2 -168.3
S -128.8    1.7  115.1 -179.5   54.7    nan  1.073   52.0  3.804  5.642 -167.8 -160.8
G  -78.0   -8.4  117.1 -177.9    nan    nan    nan   98.1  3.815    nan    nan  112.0
G   77.4 -172.4  117.1  178.6    nan    nan    nan   80.9  3.763    nan    nan -118.8
E  -74.3  146.1  115.8 -177.0  -49.3    nan  1.109   90.5  3.785    nan    nan  -56.9
L  -46.9  -62.8  111.4 -179.5  176.1    nan  1.023   94.4  3.795  5.295  -66.7  -88.2
F  -56.7  -48.9  113.5 -179.0  -72.0    nan  1.082   96.4  3.787  4.993   53.0   70.7
D  -47.2  -52.6  110.7  179.4  -75.1    nan  1.038  101.9  3.789  5.403   81.9   90.8
R  -61.8  -51.3  114.8 -178.7  -62.8    nan  1.091   90.4  3.802  5.105   57.8   75.5
I  -56.3  -49.5  109.0  179.1  -72.2  165.7  1.012   98.9  3.811  5.368   71.1   80.0
V  -52.8  -34.6  111.0 -179.3  156.6  -82.9  1.077  109.6  3.814  5.308   70.9   85.1
E -102.3   28.4  114.0 -179.7   58.7    nan  1.076   90.1  3.808  5.157   31.7   53.0
K  -84.7  -44.9  116.7 -179.9  -99.0    nan  1.111   75.5  3.802  5.942  113.7  128.4
G   86.1  -43.1  110.6 -178.6    nan    nan    nan  106.8  3.796    nan    nan -139.1
F -132.4  115.0  107.3  178.4 -162.3    nan  1.018  118.9  3.789    nan    nan   11.4
Y -140.9  136.5  106.9 -178.3  178.5    nan  0.948  133.6  3.813  5.835  164.0  151.0
T -138.5 -174.0  113.4 -178.5   72.8  -46.1  1.035  135.8  3.782  5.700  177.0  178.8
E  -69.3  -30.6  109.9  178.3  -83.5    nan  1.011   98.1  3.804  4.984  -60.9  -58.3
R  -66.8  -38.9  109.8  179.9  -63.8    nan  1.041   96.4  3.800  5.405   72.2   88.8
D  -65.9  -42.1  109.6  180.0  -66.7    nan  1.026   95.6  3.802  5.373   67.3   81.7
A  -66.1  -40.5  111.3  179.3    nan    nan  1.039   95.3  3.809  5.261   63.4   78.3
S  -68.5  -36.6  112.7  179.1 -165.0    nan  1.068   94.6  3.816  5.249   59.8   77.9
R  -69.0  -33.4  108.7  178.4  176.2    nan  1.021   97.7  3.836  5.459   66.7   80.2
L  -69.0  -52.4  109.8  177.3  -78.8    nan  1.009   88.2  3.847  5.419   69.7   81.3
I  -58.7  -44.0  109.5  178.2  -67.4  177.6  1.071  100.1  3.824  5.238   59.2   74.8
F  -49.6  -58.6  111.6  178.6  165.3    nan  1.039   95.6  3.803  5.465   83.0   91.5
Q  -54.6  -37.8  112.0 -179.0  -67.1    nan  1.070  105.7  3.819  5.110   61.5   76.2
V  -67.4  -45.7  109.8  179.3 -175.1  -53.6  1.035   92.6  3.797  5.448   68.4   81.5
L  -64.7  -39.6  109.5  179.4  -71.3    nan  1.024   97.9  3.838  5.319   64.6   76.1
D  -61.3  -40.9  109.1 -179.6 -160.3    nan  0.991  100.1  3.790  5.308   74.8   85.5
A  -75.3  -42.4  110.9 -179.6    nan    nan  1.028   87.4  3.804  5.180   53.6   71.5
V  -67.2  -45.0  113.7 -179.9  163.2  -76.3  1.153   90.7  3.803  5.248   54.2   78.8
K  -58.2  -41.2  105.6  177.9 -179.6    nan  0.969  104.2  3.824  5.539   78.7   81.7
Y  -53.7  -43.5  108.8  178.6  166.0    nan  1.009  104.6  3.793  5.371   79.1   88.9
L  -67.1  -44.1  112.6 -179.2  -70.3    nan  1.056   92.0  3.783  5.216   61.8   77.7
H  -61.2  -43.7  110.6 -180.0  -71.3    nan  1.047   97.8  3.782  5.249   68.0   82.3
D  -60.7  -32.9  108.6  177.4  -69.1    nan  0.974  105.1  3.802  5.373   72.7   80.3
L  -82.9    2.5  110.4 -179.0 -144.5    nan  1.005   98.0  3.801  5.146   54.7   71.8
G   86.1  -14.4  117.1 -179.1    nan    nan    nan  100.3  3.790    nan    nan  -98.2
I  -82.8  145.8  113.3 -178.6  -54.6 -174.8  1.039   96.7  3.814    nan    nan   91.4
V -123.2  132.7  102.4  177.6  176.9  -61.3  0.940  120.2  3.807  5.694 -152.0 -164.3
H  -69.3  -53.5  112.4 -179.0 -154.3    nan  1.049   85.6  3.796  5.737 -112.7 -116.8
R   75.2  -43.1  114.7 -179.7   35.2    nan  1.110  117.5  3.825  5.344 -163.8 -158.7
D -116.0   66.4  110.6 -179.2 -171.9    nan  1.011   96.6  3.816  4.932   14.5   31.8
L -102.5  113.2  111.4 -177.1 -163.2    nan  0.993  114.4  3.795  5.948  141.8  146.5
K -148.3  164.9  113.0 -178.5   51.2    nan  1.041  151.0  3.833  5.714  144.2  141.7
P  -48.1  -22.7  116.9 -179.7  -37.8    nan  1.019  119.1  3.902  5.099  -56.2  -63.2
E  -78.9  -25.6  111.3 -179.0   17.3    nan  1.052   91.2  3.770  5.398   62.4   87.2
N  -80.4   -4.1  113.7 -178.6  -45.3    nan  1.053   97.9  3.798  5.406   66.1   82.8
L  -98.8  124.2  110.3 -179.1  -58.6    nan  1.042  111.7  3.790  5.450   65.5   84.1
L -131.1  141.8  107.6 -179.9  -54.2    nan  0.988  131.1  3.780  5.812  178.6  169.9
Y  -71.8  136.0  107.8  178.4  -83.6    nan  1.017   88.7  3.762  5.604 -107.4 -113.4
Y  -54.8  -44.4  110.2 -179.0  173.0    nan  1.038  102.4  3.776  5.632  -90.8 -101.4
S -149.6  179.9  110.7  179.7   62.0    nan  1.051  149.7  3.793  4.726  -27.3   -7.0
L  -81.3    2.9  113.8 -179.2  -65.2    nan  1.069   99.9  3.827  5.244  -80.8  -74.9
D  -72.5  145.2  108.3 -179.6 -160.0    nan  0.981   85.6  3.797  5.817  104.7  114.6
E  -56.8  -38.4  113.5  179.0   29.7    nan  1.045  102.9  3.810  5.491  -86.4  -95.1
D  -83.8    5.8  111.9 -179.9  -61.9    nan  1.003   98.3  3.822  5.197   52.4   66.8
S  -51.8  142.8  113.7 -177.7 -175.7    nan  1.092   72.4  3.770  5.830  124.2  139.5
K  -88.9  152.7  107.4  177.9   54.5    nan  0.975   96.9  3.756  5.567 -116.8 -131.9
I  -88.3  144.8  108.3  177.8 -163.9   73.4  1.001   99.1  3.823  5.641 -114.3 -117.2
M -130.2  144.6  114.5 -178.2  -68.7    nan  1.087  135.2  3.816  5.672 -166.6 -163.7
I  -86.9  114.5  106.4  179.1  -67.9  167.9  0.993  103.5  3.803  5.657 -115.2 -127.5
S  -78.3  -91.4  117.5 -177.3   55.8    nan  1.140   62.8  3.797  5.982 -144.1 -141.9
D  -50.6  142.6  116.3 -178.0 -136.0    nan  1.112   72.8  3.820  4.860   38.8   54.6
F -174.5   82.9  110.6  180.0 -124.8    nan  1.014   84.9  3.794  5.443  157.5  138.6
P   15.2 -121.1  108.6   32.6  -24.6    nan  0.931   64.7 19.032 20.345  -94.3  122.6
G  -58.9  -19.9  113.1  179.1    nan    nan    nan  111.8  3.798    nan    nan   11.3
Y  -68.3  -41.1  112.5 -179.1  -59.7    nan  1.058   92.6  3.807    nan    nan   99.2
V  -70.1  127.8  114.7 -177.6   43.8  166.9  1.164   95.8  3.814  5.245   55.8   79.8
A  -50.4  137.5  116.6 -178.5    nan    nan  1.125   76.3  3.814  5.674  -88.7 -108.2
P  -50.3  -53.9  112.5  179.9  -35.5    nan  0.970   97.9  3.852  5.308  -77.3 -101.4
E  -58.2  -27.7  110.2  179.7   61.5    nan  1.067  109.3  3.806  5.162   52.4   75.9
V  -69.5  -55.9  107.1  178.7  171.6  -67.4  0.993   88.2  3.820  5.618   78.2   87.3
L  -52.8  -48.9  110.2  179.7  -66.2    nan  1.024  101.0  3.803  5.166   68.0   77.5
A  -63.7    9.1  112.7  179.7    nan    nan  1.064  119.5  3.801  5.170   59.1   75.2
Q   53.8   39.0  112.9 -180.0  -36.0    nan  1.094  105.2  3.836  5.633 -123.5 -121.6
K -102.6  159.0  106.8  178.9  -60.6    nan  0.972  107.7  3.805  5.971  113.9  117.0
P  -58.7  115.7  110.1  180.0   31.4    nan  0.948   92.2  3.813  5.235  -73.4  -79.4
Y  -66.2  168.4  108.4  179.3   -0.8    nan  1.016   70.3  3.779  5.971 -130.8 -136.3
S -142.2 -179.0  105.5 -178.8  166.6    nan  0.946  141.9  3.804  5.442 -149.2 -152.6
K  -70.7  -16.6  105.9  178.0   64.3    nan  0.980  104.1  3.807  5.277  -70.8  -67.1
A  -66.2   -8.8  115.1 -179.7    nan    nan  1.101  109.9  3.800  5.524   81.8  103.0
V  -65.6  -43.4  109.4  178.2   40.6  161.3  1.030   95.3  3.816  5.788   98.8  109.1
D  -57.9  -38.0  112.7 -180.0  -66.0    nan  1.053  102.6  3.800  5.278   71.2   85.6
C  -66.9  -30.3  113.9 -178.7  -58.1    nan  1.123   98.7  3.800  5.300   61.6   84.6
W  -69.1  -54.8  105.5  177.4  164.1    nan  0.969   90.1  3.806  5.594   77.3   84.4
S  -46.2  -44.3  111.2 -180.0  -52.4    nan  1.043  108.3  3.797  5.189   72.8   84.7
I  -64.5  -35.2  111.9  179.9  -68.0  169.5  1.111   99.1  3.819  5.268   57.3   78.9
G  -67.3  -41.9  107.7  178.8    nan    nan    nan   95.8  3.777    nan    nan   83.1
V  -56.3  -56.7  108.8  179.5  170.7  -66.6  1.018   94.6  3.786    nan    nan   87.0
I  -50.0  -50.3  109.4  178.9  -72.8  163.7  1.062  102.4  3.818  5.207   64.6   79.0
A  -52.5  -43.5  110.9  179.0    nan    nan  1.038  104.3  3.836  5.433   72.5   83.3
Y  -57.0  -53.4  110.3  179.9 -175.4    nan  1.028   95.3  3.814  5.320   73.8   86.2
I  -58.7  -41.3  110.8  179.7  -59.3  177.3  1.046  101.0  3.802  5.202   61.0   75.4
L  -65.4  -16.5  112.1 -178.5  -58.6    nan  1.073  107.6  3.807  5.376   65.3   82.5
L -103.6   -0.6  114.9 -179.7  -72.4    nan  1.100   76.1  3.801  5.323   45.8   69.3
C -148.0  -24.0  116.2 -179.3   80.4    nan  1.100   29.5  3.819  5.073   18.9   37.5
G   90.1   -9.0  116.1 -179.8    nan    nan    nan   93.9  3.827    nan    nan -119.0
Y -124.6  149.3  110.1  179.1   65.1    nan  1.057  129.2  3.801    nan    nan   53.4
P  -61.6  152.6  109.2 -179.7  -22.4    nan  0.913   73.2  3.815  5.330  -77.1  -94.6
P  -79.5  -15.3  112.3  179.6   32.5    nan  0.977   94.4  3.824  5.529 -109.8 -107.3
F -128.4  123.5  109.9  179.9  -59.0    nan  1.004  124.4  3.843  5.153   17.6   42.9
Y -160.4  150.8  109.1  179.5   38.0    nan  1.016  151.2  3.801  5.608  145.4  137.7
D -170.5  154.2  106.2  178.3 -173.8    nan  0.977  155.3  3.807  5.531  164.6  154.7
E  -48.5  -68.7  112.7  179.7   27.6    nan  1.064   88.4  3.786  5.307  -69.9  -75.7
N -101.2  133.4  112.4 -179.0   46.8    nan  1.060  113.9  3.838  4.837    1.6   23.5
D  -33.2  -55.9  117.7 -178.8  -65.6    nan  1.132  105.0  3.793  5.436  -71.0  -86.1
A  -46.0  -44.4  113.8 -179.1    nan    nan  1.084  107.1  3.820  5.292   76.8   88.8
K  -73.0  -30.6  111.0 -179.6   38.2    nan  1.053   94.4  3.804  5.236   55.2   71.8
L  -70.8  -50.4  108.0  178.7  167.5    nan  0.991   89.1  3.793  5.442   71.7   83.7
F  -55.1  -23.8  116.8 -178.5  -69.0    nan  1.146  111.9  3.805  5.140   61.2   83.5
E  -81.9  -38.8  106.1  178.7  -21.0    nan  0.988   86.4  3.801  5.567   69.3   79.9
Q  -57.0  -49.9  106.4  178.9  175.9    nan  0.973   99.8  3.785  5.332   77.7   87.8
I  -60.7  -63.1  112.1  179.4  -70.4  167.2  1.046   85.9  3.816  5.201   59.1   75.4
L  -58.1   -7.8  114.1 -179.2  -67.7    nan  1.081  118.5  3.818  5.053   53.3   69.4
K -117.7    0.0  110.7  179.5  -22.1    nan  1.029   62.3  3.814  5.334   42.5   61.0
A   55.8   52.5  112.0 -179.4    nan    nan  1.079   95.5  3.806  5.588 -132.0 -127.2
E  -96.4  114.2  107.4 -179.5  -50.0    nan  0.975  108.4  3.797  6.077  136.6  137.2
Y -158.5  164.2  108.8  179.8   62.9    nan  1.030  158.0  3.775  5.617  135.6  131.1
E -152.9  150.4  114.9 -179.6  -99.7    nan  1.103  150.3  3.785  5.485 -171.0 -166.6
F  -85.7   67.8  106.1  179.2  -58.7    nan  0.988  106.5  3.759  5.449 -107.4 -120.8
D  -39.1  122.1  120.7 -177.7  -53.8    nan  1.194   82.0  3.797  6.131 -158.7 -150.3
S  -21.6  -68.2  120.6 -179.3  155.2    nan  1.161   99.8  3.813  5.449  -63.6  -93.3
P  -65.2  -51.7  114.1 -179.1   35.6    nan  0.998   88.2  3.795  4.943   49.3   61.5
Y  -61.3  -43.7  116.2 -176.8  -48.1    nan  1.089   94.5  3.794  5.044   53.6   79.7
W  -95.8   27.4  117.1 -177.2  -61.9    nan  1.114   96.8  3.774  4.918   28.8   55.3
D  -70.3  -29.3  116.3 -180.0  -87.7    nan  1.092   95.1  3.814  6.060  130.4  140.3
D -114.2   11.2  114.7 -178.6  -62.7    nan  1.107   70.9  3.802  5.013   24.0   48.4
I  -85.3  145.8  106.8  179.5  -60.5  178.5  1.007   95.4  3.797  5.865   98.4  109.0
S  -74.5  141.4  112.6 -178.6   62.7    nan  1.065   91.3  3.802  5.664 -105.1 -108.0
D  -55.1  -33.9  110.0  179.4  -59.6    nan  1.040  108.6  3.777  5.492  -85.3  -99.2
S  -58.1  -46.1  111.0  179.0 -167.5    nan  1.028   98.4  3.831  5.491   80.8   93.1
A  -59.4  -46.6  108.9  179.4    nan    nan  1.009   98.4  3.815  5.261   68.9   80.8
K  -56.4  -46.0  110.6  178.6  -73.8    nan  1.042  100.0  3.792  5.234   67.9   82.4
D  -62.6  -46.4  111.6  179.2  175.8    nan  1.033   94.7  3.821  5.272   64.0   78.2
F  -54.3  -53.5  107.7  179.0  174.3    nan  0.993   98.5  3.820  5.304   74.6   84.9
I  -54.1  -52.9  113.3  179.7  -73.1  164.8  1.077   95.7  3.829  5.244   63.4   79.3
R  -48.4  -47.3  112.8 -178.9  -59.4    nan  1.057  103.7  3.837  5.356   78.3   87.9
H  -66.0  -20.1  115.4 -178.8  -67.7    nan  1.108  104.3  3.786  5.144   58.4   77.1
L  -97.0  -40.3  105.2  178.5  -98.0    nan  0.973   74.9  3.798  5.410   55.3   68.3
M  -87.5   64.0  106.2  178.2  -74.9    nan  1.007  105.6  3.761  5.135   38.2   56.9
E -113.0  122.7  106.9  179.8  170.2    nan  0.979  115.9  3.799  5.990  130.1  130.9
K  -62.3  -34.2  110.5 -179.5 -159.7    nan  1.030  102.2  3.788  5.814 -113.8 -122.7
D  -80.8  109.6  108.5  179.3 -174.5    nan  0.990  104.0  3.824  5.309   56.6   71.3
P  -55.6  -39.2  113.8 -179.6   28.8    nan  1.005  103.2  3.824  5.846 -120.3 -128.2
E  -74.4  -22.6  113.8 -178.6  -40.0    nan  1.140   95.7  3.759  5.229   44.8   77.3
K  -88.5   -5.0  110.6  178.9  -67.3    nan  1.046   89.7  3.819  5.511   60.2   75.7
R  -80.6  132.3  114.3 -178.7 -168.7    nan  1.049  101.0  3.801  5.577   82.9  101.1
F  -50.1  136.1  110.4  178.1  -88.2    nan  0.972   74.0  3.836  5.589  -83.6 -106.7
T  -80.8  169.2  103.5  177.1   43.4  -77.8  0.924   83.4  3.804  5.728 -119.1 -130.2
C  -58.1  -37.1  109.4  177.3  -83.6    nan  1.052  104.6  3.800  5.322  -70.8  -68.0
E  -63.7  -44.3  112.4  179.2 -171.6    nan  1.068   94.6  3.837  5.443   71.2   85.5
Q  -61.9  -46.4  110.6  178.6  -70.1    nan  1.027   95.8  3.826  5.377   69.6   80.4
A  -55.9  -38.8  109.8  179.7    nan    nan  1.025  105.2  3.808  5.274   72.3   84.2
L  -69.8  -26.6  111.7  179.6  -75.6    nan  1.050   98.8  3.812  5.313   61.5   78.3
Q  -83.6  -15.2  111.2  179.7  -21.3    nan  1.047   90.7  3.798  5.358   58.9   77.0
H  -63.1  139.6  111.7 -178.5 -167.0    nan  1.076   82.4  3.792  5.653   91.1  108.5
P  -54.1  -21.8  114.6 -179.7  -30.1    nan  0.996  114.8  3.839  5.432  -81.5  -98.0
W  -70.5  -40.0  108.6  178.8 -158.1    nan  1.061   93.6  3.799  5.513   69.0   93.0
I  -85.3  -64.6  113.4  179.5  -65.8  171.7  1.071   71.2  3.835  5.298   44.7   62.5
A  -81.8  -12.2  114.7 -179.1    nan    nan  1.092   92.9  3.821  4.903   26.1   46.7
G -100.9 -151.1  116.8 -177.5    nan    nan    nan   87.2  3.791    nan    nan   78.5
D -123.1   24.3  113.5 -178.5 -170.9    nan  1.044   68.9  3.786    nan    nan  -78.6
T  -81.7  -18.7  117.9 -178.5   52.8  -68.0  1.183   89.3  3.836  5.956  104.1  129.8
A  -66.2  129.3  109.9  179.6    nan    nan  1.028   89.2  3.812  5.700   94.4  101.1
L  -81.9  161.1  110.3 -179.6  -52.4    nan  1.032   88.7  3.821  5.837 -127.0 -135.6
D -113.2   27.2  111.6  179.5   82.3    nan  1.079   78.7  3.818  5.590 -135.2 -129.9
K  -80.3  130.1  108.0  179.9 -170.5    nan  0.989   97.2  3.822  6.027  122.3  128.8
N  -67.0  111.1  112.3 -179.8 -171.8    nan  1.068  100.7  3.812  5.845 -114.5 -118.4
I -106.9   14.2  109.8  179.6   71.1  -50.6  1.016   78.3  3.799  5.955 -169.4 -179.7
H  -50.7  -47.7  116.4 -177.8 -168.4    nan  1.148   99.9  3.797  6.008  131.4  148.9
Q  -51.2  -62.5  117.4 -177.0  -82.6    nan  1.186   88.4  3.815  5.417   75.1   93.6
S  -61.0  -42.7  111.7 -179.8  173.4    nan  1.064   97.9  3.781  5.218   57.9   68.1
V  -61.6  -52.2  110.4 -179.0  176.7  -62.0  1.051   92.8  3.827  5.372   70.5   83.8
S  -59.3  -46.2  110.6  179.6 -168.2    nan  1.013   97.8  3.792  5.175   65.2   75.8
E  -61.0  -42.1  112.4 -179.3 -176.0    nan  1.043   97.8  3.810  5.205   65.3   81.0
Q  -72.9  -34.9  111.2  179.5  -57.7    nan  1.056   92.5  3.769  5.202   54.8   73.0
I  -64.3  -42.9  111.0 -178.5  -68.5  172.4  1.084   95.6  3.797  5.527   72.2   89.3
K  -61.8  -36.0  111.5 -178.9  -61.4    nan  1.060  101.1  3.772  5.332   70.7   83.7
K  -79.8  -31.9  112.5  180.0  -58.3    nan  1.035   87.2  3.807  5.360   56.4   72.7
N  -95.9  -20.5  118.6 -176.2  -74.1    nan  1.123   74.8  3.803  5.047   40.7   65.9
F -130.5   31.5  113.2 -177.4  -55.3    nan  1.073   66.6  3.782  4.934   18.9   40.1
A  -72.3  145.0  109.4  179.5    nan    nan  0.988   86.1  3.798  6.046  135.7  140.3
K -168.8  159.4  107.0  177.5   62.7    nan  1.001  159.8  3.813  5.537  155.9  149.9
S  -60.3  164.4  111.4  179.4  166.3    nan  1.029   66.9  3.797  5.356  -75.1  -80.8
K  -88.4   -4.4  107.5  177.3   60.8    nan  1.037   90.2  3.809  5.491 -105.8 -104.1
W -105.7    4.1  110.4  179.7  -62.1    nan  1.011   75.8  3.787  5.481   59.0   75.8
K  -76.5  -78.6  111.7 -179.0 -172.7    nan  1.066   72.1  3.773  5.707   94.4  113.6
Q -140.2   75.6  104.4  180.0  -67.3    nan  0.932   87.9  3.820  4.661  -40.6  -28.4
A -105.2  147.1  116.7 -178.1    nan    nan  1.093  117.1  3.790  5.924  141.9  155.8
F -102.6  107.1  103.9  178.0 -179.1    nan  0.951  106.7  3.787  5.610 -128.8 -141.3
N  -71.4   82.2  110.8  179.5 -173.1    nan  1.047  112.2  3.797  5.998 -142.6 -146.1
A  -63.3  -28.3  111.3 -179.0    nan    nan  1.043  104.0  3.784  6.079 -156.1 -162.8
T  -63.1  -37.7  112.8 -178.8  -49.5 -168.9  1.052   98.4  3.780  5.426   80.7   96.2
A  -63.2  -36.4  112.1 -179.9    nan    nan  1.055   99.4  3.816  5.326   71.3   86.6
V  -70.3  -61.4  108.6  178.7 -175.3  -52.9  1.022   84.1  3.761  5.316   64.9   79.4
V  -54.2  -28.8  113.7 -179.9   63.6 -174.9  1.096  110.9  3.837  5.168   56.2   72.7
R  -67.2  -37.4  109.6  177.9  169.5    nan  1.016   96.9  3.797  5.522   79.0   89.0
H  -96.2  -10.5  110.7  179.7  -55.9    nan  1.046   80.2  3.839  5.201   33.4   54.8
M  -41.9    nan  111.2  179.8 -143.0    nan  1.022    nan  3.804  5.808  124.4  130.8
