Id   phi    psi    tau  omega    chi    chi2  solid    eta  CA-CA  CB-CB  BA^AB  NA^AC
I    nan   -5.7  108.4    nan  -54.4 -168.1  0.997    nan    nan    nan    nan    nan
Q  -47.6  -39.9  113.9 -175.4  -73.6    nan  1.065  109.0  3.891  5.896  118.5  134.3
A  -74.8   -4.7  118.8  178.8    nan    nan  1.094  102.9  3.766  5.051   53.2   74.0
E  -80.0  132.9  108.0  177.4  -70.2    nan  0.983   96.0  3.850  5.699   86.2   98.1
E  -55.7  -34.8  115.4 -178.6  -63.7    nan  1.054  105.1  3.817  5.708  -95.1 -103.0
W  -82.8  -10.7  115.2 -174.7   47.0    nan  1.081   92.6  3.749  4.987   55.7   76.2
Y  -85.2  113.3  110.9 -179.5 -172.7    nan  1.019  107.1  3.781  5.544   74.3   91.0
F -100.2   12.9  114.9  178.7  -79.3    nan  1.078   85.4  3.812  5.926 -168.5 -168.2
G   67.4 -129.6  114.7  175.0    nan    nan    nan   92.9  3.791    nan    nan -110.8
K -104.7   43.7  116.5 -174.0   25.9    nan  1.083   96.6  3.778    nan    nan  -32.5
I  -70.8  150.7  107.6  173.1   51.3  -73.4  1.007   81.6  3.791  6.160  147.7  146.8
T  -79.4  174.6  109.1 -178.4   66.0  -55.1  0.988   81.2  3.849  5.630 -103.2 -107.1
R  -64.0  -39.0  110.6  180.0  157.6    nan  1.001   98.2  3.782  5.241  -64.7  -65.9
R  -64.2  -44.5  111.0 -178.1  155.6    nan  1.027   94.8  3.793  5.230   70.8   85.1
E  -64.1  -36.8  110.2 -179.5  -71.6    nan  1.029   99.4  3.807  5.177   63.3   78.9
S  -68.8  -32.4  107.4  178.0   75.1    nan  0.997   99.0  3.807  5.439   65.9   79.0
E  -75.7  -33.7  109.0  179.0  -71.6    nan  1.033   91.7  3.778  5.490   62.9   77.8
R  -66.8  -37.6  109.4  177.7  -58.0    nan  1.013   97.2  3.852  5.422   77.1   83.7
L  -68.6  -49.0  111.9  179.0  -65.7    nan  1.039   88.7  3.818  5.328   67.3   80.0
L  -72.2  -39.8  114.9 -176.9  -67.1    nan  1.079   88.8  3.776  5.098   54.1   71.1
L  -85.7   84.8  112.1 -170.2 -152.5    nan  1.050  112.4  3.792  5.002   51.4   72.3
N -140.8  132.0  106.9 -176.6 -178.5    nan  0.968  130.9  3.637  5.597  130.3  119.7
A  -67.4   -9.9  113.8  178.9    nan    nan  1.061  108.4  3.835  5.934 -113.3 -117.0
E  -80.2  -14.9  107.7  174.6  -58.8    nan  0.984   95.1  3.801  5.646   84.2   91.8
N  -88.3  133.4  117.6 -172.8  -76.9    nan  1.094  108.4  3.834  5.377   66.2   91.3
P  -73.6  160.7  112.6  179.4   37.5    nan  1.019   81.7  3.820  5.591 -115.7 -123.6
R  -60.9  132.1  106.3  173.2  -69.6    nan  0.972   81.7  3.806  5.430  -74.6  -86.2
G   93.0   12.7  109.7  179.4    nan    nan    nan   82.8  3.702    nan    nan   31.9
T  -71.2  140.9  101.8  172.7  -68.7  172.3  0.947   82.6  3.792    nan    nan  117.8
F -145.7  174.4  111.6 -173.3   74.2    nan  1.009  147.4  3.791  5.638 -179.8  179.0
L -160.9  164.5  104.9  173.3   55.3    nan  0.968  158.9  3.842  5.523 -170.5 -168.5
V -122.2  139.2  100.1  178.1  174.9  -66.0  0.936  120.0  3.824  5.622 -137.5 -138.4
R -136.0  163.8  105.1  179.0   48.3    nan  0.974  137.9  3.790  5.759 -177.5 -177.0
E  -80.4  133.2  105.4  179.4 -147.8    nan  0.934   94.4  3.835  5.437  -94.0  -95.4
S  -64.9  131.5  112.0 -175.1  -82.1    nan  1.058   88.4  3.874  5.933 -113.4 -106.4
E  -53.5  -36.2  115.1 -175.7 -153.7    nan  1.063  106.2  3.755  5.430  -90.1 -107.6
T -120.1  -44.4  111.7  179.3   66.8  -55.4  1.054   54.4  3.804  5.031    7.2   34.1
T  -68.3  126.0  108.7 -179.7  -51.2 -171.1  0.994   91.4  3.855  5.442   64.6   75.1
K  -87.0  127.7  112.7 -176.5    2.8    nan  1.036  105.9  3.796  5.831 -136.4 -139.5
G   90.2   -1.1  114.4 -178.9    nan    nan    nan   90.2  3.808    nan    nan   22.4
A -101.4  160.2  108.1  178.6    nan    nan  1.003  106.8  3.818    nan    nan   81.9
Y -115.6  166.8  108.6  176.9  -71.6    nan  0.987  119.1  3.754  5.384 -133.9 -137.6
C -139.5  132.1  106.8  174.8  168.5    nan  1.007  130.5  3.742  5.494 -162.4 -151.2
L  -93.8  118.2  108.4  175.1  179.1    nan  0.994  108.0  3.801  5.866 -139.1 -147.7
S -106.9  125.9  108.5  177.7  -73.7    nan  0.981  114.6  3.876  5.935 -167.5 -172.7
V -129.4  128.7  108.0 -172.6 -170.4  -52.4  0.992  125.7  3.883  6.005 -176.6  177.9
S  -79.8  159.2  105.5  173.9   61.4    nan  0.992   85.8  3.816  5.837 -131.6 -135.9
D -154.1  159.4  108.0 -174.4 -172.0    nan  0.955  152.8  3.767  5.407 -165.1 -174.4
F -131.0  136.5  107.4  177.6  174.5    nan  0.999  129.2  3.718  5.513 -159.3 -149.7
D -131.7  134.3  102.5  179.7   16.1    nan  0.923  125.5  3.803  5.821 -166.9  179.5
N  -37.5  -51.4  115.7 -179.3  -62.0    nan  1.061  106.8  3.881  5.581  -75.7  -85.0
A  -71.2  -66.2  116.1  179.6    nan    nan  1.071   75.4  3.727  4.839   50.9   67.6
K  -69.5  -19.5  111.0 -175.6   76.0    nan  1.020  102.6  3.819  5.028   45.0   59.8
G   76.5 -143.1  104.4 -175.3    nan    nan    nan   87.6  3.759    nan    nan -121.4
L  -81.4  136.3  111.5 -179.3  -75.6    nan  1.024   98.2  3.737    nan    nan  -32.9
N -153.7  170.5  104.9 -179.1   62.7    nan  0.984  154.5  3.732  5.513  165.1  158.2
V -115.2  130.3  108.6 -178.0  179.1  -63.5  0.999  119.7  3.744  5.423 -124.5 -120.6
K  -99.1  153.3  105.0  174.6  -56.4    nan  0.932  104.9  3.843  5.999 -145.2 -154.3
H -132.4  129.4  105.4  179.7  -63.5    nan  0.987  125.4  3.830  5.652 -162.1 -158.0
Y -120.8  127.6  105.5 -179.8  -59.4    nan  0.971  119.7  3.771  5.818 -164.4 -174.8
K  -76.4  138.7  106.9  178.1 -164.0    nan  0.967   90.6  3.772  5.672 -123.3 -134.2
I -113.1  124.0  104.1  178.4  -59.7  177.6  0.958  113.9  3.880  5.970 -155.0 -156.4
R -105.4  154.1  107.6  179.3  -58.8    nan  0.971  111.4  3.803  5.964 -159.2 -159.7
K -107.3  125.0  106.9  177.4 -178.9    nan  0.975  113.4  3.734  5.363 -132.1 -135.4
L  -77.4  159.9  108.1  175.7  -60.6    nan  0.984   84.2  3.800  5.802 -128.9 -138.4
D  -56.0  -42.4  115.0 -177.1   13.9    nan  1.060  100.2  3.770  5.134  -71.5  -76.3
S  -68.7  -20.3  111.1  175.2   42.9    nan  1.027  102.9  3.813  5.280   58.3   73.5
G  136.2  -35.8  113.0  176.6    nan    nan    nan   64.7  3.791    nan    nan  -72.0
G  -59.4  171.9  117.7 -172.9    nan    nan    nan   63.4  3.845    nan    nan   99.2
F -127.4  146.5  113.9 -176.9  -70.2    nan  1.037  133.2  3.805    nan    nan -131.3
Y -152.1  161.3  109.7  175.6   66.0    nan  1.011  152.6  3.828  5.513  170.8  172.7
I -120.0  -39.0  102.3  170.6  -68.5  171.3  0.968   59.6  3.771  5.565 -143.9 -144.0
T -129.4  174.2  113.0  177.2   71.6  -43.5  1.066  131.5  3.922  5.182   -6.9   17.8
S  -78.0   -7.0  112.7  179.4   55.1    nan  1.012   99.2  3.834  5.159  -78.7  -79.5
R  -68.6  -38.1  113.6  179.9 -154.8    nan  1.050   93.2  3.792  5.530   90.3  109.8
T -151.7  139.4  106.6 -173.2  -50.7 -162.1  0.948  139.2  3.822  4.720  -12.7    1.2
Q -125.9  160.2  106.9  168.7   50.7    nan  1.003  129.2  3.801  5.719 -177.9 -172.1
F -127.9  141.6  112.7 -171.5  -60.8    nan  1.018  132.1  3.814  5.530 -140.0 -140.8
N  -70.2  -17.6  111.8  178.3  -82.3    nan  1.058  102.6  3.734  5.534 -107.2 -111.9
S -149.4  165.3  109.1  174.7   59.3    nan  1.009  151.1  3.770  4.873   -1.4   16.5
L  -65.0  -38.6  111.8  178.0  -88.0    nan  1.030   96.9  3.845  5.446  -74.6  -79.4
Q  -63.1  -32.9  111.5  177.6 -176.6    nan  1.041  101.7  3.775  5.250   71.7   83.9
Q  -69.6  -37.9  109.9  177.0  -74.1    nan  1.004   94.6  3.818  5.477   68.8   82.2
L  -60.6  -50.1  109.4  179.0 -178.3    nan  1.014   95.3  3.805  5.318   72.1   87.2
V  -60.0  -44.0  109.0 -179.4  174.1  -68.0  1.018   99.4  3.836  5.280   60.4   77.2
A  -62.4  -39.6  113.8  178.9    nan    nan  1.050   97.4  3.802  5.360   65.1   80.5
Y  -62.8  -49.2  111.9  176.6 -173.6    nan  1.017   92.7  3.806  5.276   70.9   82.6
Y  -77.7  -13.5  115.3 -175.3  -75.8    nan  1.109   96.3  3.790  5.032   41.2   67.5
S  -70.1  -23.0  109.4  172.2  -68.3    nan  1.012  101.0  3.796  5.705   87.0   95.6
K -108.0  -30.5  110.4  177.3  -55.6    nan  1.018   64.3  3.771  5.272   35.3   54.7
H -129.4  114.0  109.2 -175.4  -54.4    nan  0.985  119.4  3.807  4.817   15.7   32.0
A  -65.4  -38.3  113.3  175.2    nan    nan  1.053   95.9  3.744  5.820 -131.4 -135.9
D   37.8   56.8  117.1  179.0  -72.1    nan  1.087  101.5  3.916  5.620  178.3  178.0
G  100.4  -23.8  113.7 -179.7    nan    nan    nan   89.7  3.744    nan    nan  -36.7
L  -75.2  161.1  104.7  176.5  -50.4    nan  0.973   80.7  3.833    nan    nan   83.9
C  -59.8  -26.4  117.9  178.7   55.3    nan  1.092  105.7  3.783  5.264  -74.7  -77.1
H -164.4  149.3  104.4 -177.0 -162.6    nan  0.926  149.6  3.798  4.620  -10.8   -4.5
R  -56.6  150.7  107.5  170.0  -64.4    nan  0.974   69.0  3.802  5.465  -81.4  -95.7
L  -76.2  109.5  106.0 -180.0  -58.5    nan  0.977   99.9  3.826  5.433 -102.7 -106.3
T  -97.1  -50.4  111.7 -176.6   67.5  -51.7  1.067   68.8  3.849  6.168 -171.9 -162.9
T -132.7  138.9  110.3 -173.9  -39.1 -157.1  0.997  132.8  3.787  4.806   -6.2   11.8
V  -68.8  142.8  106.7  172.5 -178.5  -54.7  0.990   82.8  3.800  5.636 -106.0 -117.1
C  -49.7  126.0  106.6  175.6 -175.3    nan  0.960   78.2  3.789  5.284  -77.3  -94.5
P  -63.3    nan  117.6  179.9   32.2    nan  1.082    nan  3.855  5.748 -119.2 -117.9
