Id   phi    psi    tau  omega    chi    chi2  solid    eta  CA-CA  CB-CB  BA^AB  NA^AC
S    nan  135.4   99.9    nan  173.5    nan  0.904    nan    nan    nan    nan    nan
I  -66.2  -28.3  108.6 -179.7 -159.0   83.1  1.041  102.6  3.791  5.683 -113.4 -111.2
Q  -55.2  -35.1  114.8  179.8  -55.2    nan  1.051  105.5  3.875  5.871   86.9  102.5
A  -95.0   -0.6  111.1 -179.0    nan    nan  1.014   84.8  3.763  4.979   44.6   60.0
E  -64.8  144.1  112.3  178.9  -61.9    nan  1.037   81.8  3.865  5.845  106.4  118.9
E  -75.5  -23.0  114.5 -173.9   57.0    nan  1.068   94.2  3.791  5.612 -107.7 -105.6
W  -92.7    1.4  109.8  177.8   42.1    nan  1.019   87.8  3.737  5.241   51.6   70.5
Y  -97.4  124.7  109.6  177.4 -171.4    nan  1.018  110.3  3.858  5.637   69.5   88.4
F -116.0   23.8  116.5 -177.5  -73.8    nan  1.078   76.1  3.851  5.862 -167.1 -171.6
G   52.7 -127.9  115.8  173.2    nan    nan    nan   84.3  3.749    nan    nan -115.4
K  -86.7   27.7  112.1 -178.7  -64.8    nan  1.023  103.0  3.742    nan    nan  -16.3
I  -70.6  153.7  111.4  176.9   65.4  -56.8  1.075   81.7  3.849  6.046  124.8  139.2
T  -73.6  164.5  111.2 -174.8   62.6  -61.0  1.040   79.6  3.825  5.552  -90.9  -97.9
R  -56.6  -44.0  107.5  171.6  164.5    nan  0.990  102.8  3.843  5.311  -67.5  -77.1
R  -64.4  -45.2  112.3 -178.7 -177.6    nan  1.037   93.6  3.825  5.205   64.0   79.8
E  -68.4  -27.3  111.8  178.3 -175.8    nan  1.058   99.7  3.823  5.288   53.6   73.7
S  -67.7  -41.3  111.2  178.6   81.6    nan  1.055   93.6  3.827  5.629   73.8   90.8
E  -66.5  -38.1  109.3  177.6  -61.7    nan  1.018   97.3  3.742  5.338   66.2   77.7
R  -62.0  -31.6  109.9 -179.5 -164.4    nan  1.009  104.0  3.812  5.390   76.4   86.8
L  -76.1  -46.6  111.4  177.9  -73.1    nan  1.035   84.7  3.778  5.285   61.1   78.1
L  -78.1  -27.9  117.5 -173.4  -64.3    nan  1.095   88.4  3.795  5.069   47.1   72.1
L  -84.2   79.7  108.3 -175.3 -150.1    nan  0.972  109.0  3.753  5.054   62.3   78.9
N -156.8  131.7  105.2 -174.7  164.0    nan  0.970  133.5  3.786  5.542   98.0  103.4
A  -45.3  -32.6  116.5 -178.0    nan    nan  1.051  114.9  3.728  5.533  -81.9  -97.2
E  -71.6  -13.5  117.2 -178.6  -59.6    nan  1.066  101.9  3.756  5.160   70.1   86.8
N  -95.6  131.1  112.5 -175.8  -59.1    nan  1.028  110.6  3.746  5.266   64.2   81.2
P  -67.2  165.0  108.7  176.9  -19.4    nan  0.949   72.7  3.818  5.543 -107.7 -123.7
R  -64.9  131.8  105.2  172.0  -88.2    nan  0.956   83.9  3.849  5.395  -79.8  -84.4
G   95.6   11.9  114.5 -177.8    nan    nan    nan   79.6  3.804    nan    nan   35.3
T  -72.3  138.9  100.8  173.1  -59.2  179.9  0.916   83.6  3.850    nan    nan  115.2
F -144.4  169.4  112.3 -177.6   73.2    nan  1.040  147.1  3.821  5.699  172.9  177.4
L -150.5  158.0  106.0  170.8   59.1    nan  0.982  149.1  3.733  5.350 -167.9 -163.2
V -110.4  146.5  105.8  172.2  173.6  -64.4  1.000  115.6  3.847  5.800 -140.7 -134.8
R -151.3  172.7  106.2  179.3   65.6    nan  0.982  152.5  3.825  5.672  175.3  174.6
E  -78.3  149.8  106.2  176.3  -82.5    nan  0.948   87.8  3.822  5.423  -80.9  -85.1
S  -64.7  139.8  106.4  171.1  -69.7    nan  0.955   80.7  3.866  5.482  -89.3 -101.5
E  -71.5  -36.1  110.6  176.9  -61.9    nan  1.002   93.4  3.772  5.555 -107.2 -113.3
T -126.6   -8.5  114.9 -179.0   63.3  -55.5  1.096   50.2  3.795  4.764    2.5   30.0
T  -90.8  108.7  105.4  172.6  -67.0  179.9  0.986  104.8  3.838  5.723   68.3   80.6
K  -63.0  139.8  109.2  178.9   14.0    nan  0.999   80.9  3.800  6.008 -123.4 -138.3
G   78.1  -22.1  115.6  179.8    nan    nan    nan  110.5  3.783    nan    nan   23.6
A  -88.2  156.8  109.9 -179.7    nan    nan  1.005   96.1  3.809    nan    nan   78.0
Y -113.6  178.3  105.5  175.6  -72.8    nan  0.945  114.1  3.700  5.438 -134.0 -139.8
C -142.3  140.6  109.5  179.5 -166.2    nan  0.966  137.8  3.693  4.976 -149.9 -139.0
L -108.5  116.8  103.8  179.4  179.9    nan  0.949  110.2  3.910  6.106 -146.0 -152.0
S -108.0  131.4  106.6  178.6  -63.1    nan  0.978  114.1  3.809  5.845 -172.5 -172.2
V -131.6  131.9  110.5 -172.2 -164.1  -48.1  1.001  129.6  3.848  5.923 -171.8 -178.1
S  -81.6  144.0  110.2  172.9   52.2    nan  1.028   94.7  3.878  5.879 -131.3 -135.5
D -141.3  162.5  107.2 -176.9 -167.5    nan  0.964  143.1  3.724  5.496 -168.7  179.4
F -137.1  126.2  106.5  178.1 -175.9    nan  0.997  126.0  3.767  5.618 -158.7 -153.8
D -129.4  130.5  103.9 -179.6   20.2    nan  0.930  123.6  3.774  5.829 -169.0  169.5
N  -60.7  -26.0  115.3 -177.5  -68.2    nan  1.074  106.0  3.844  5.760 -107.8 -107.4
A  -86.0  -34.9  115.0  178.2    nan    nan  1.052   79.4  3.842  5.411   59.0   76.3
K  -80.6  -37.0  114.0 -178.9  -58.5    nan  1.029   83.7  3.781  5.144   58.5   74.8
G   92.1 -155.2  106.6 -172.2    nan    nan    nan   98.8  3.743    nan    nan -118.6
L  -63.5  136.8  104.3  173.7  -78.1    nan  0.957   80.0  3.797    nan    nan  -35.2
N -151.5  158.3  108.4 -179.7   64.4    nan  1.013  150.7  3.879  5.747  163.8  165.1
V -107.7  137.4  108.3 -178.3  175.2  -66.4  0.984  115.3  3.790  5.501 -127.4 -126.8
K -106.4  146.1  106.0  172.8  -54.6    nan  0.950  112.5  3.851  6.005 -148.4 -153.7
H -123.2  128.1  107.4  179.4  -61.0    nan  1.001  122.4  3.844  5.601 -157.5 -156.4
Y -118.0  128.6  104.8 -178.7  -57.2    nan  0.945  118.0  3.795  5.806 -161.7 -172.3
K  -76.9  150.8  108.5  179.2 -171.4    nan  0.985   87.4  3.775  5.722 -126.8 -129.4
I -118.9  119.4  106.0  176.2  -55.9 -174.3  0.989  116.6  3.839  5.785 -152.4 -149.7
R  -97.2  147.7  108.3 -179.1  -62.3    nan  0.996  105.8  3.776  5.969 -154.5 -156.9
K  -96.4  113.7  106.6 -179.3  173.1    nan  0.976  107.8  3.700  5.437 -123.1 -131.5
L  -67.6  144.1  108.0  175.6  -70.4    nan  0.985   81.9  3.771  5.907 -131.0 -138.5
D  -56.4  -41.9  109.7  176.7   19.4    nan  1.002  103.0  3.805  5.427  -86.6  -99.1
S  -71.1   -1.7  112.4  178.0   49.5    nan  1.033  108.3  3.769  5.116   53.3   73.1
G  124.0  -41.5  118.5  178.1    nan    nan    nan   81.0  3.881    nan    nan  -69.1
G  -67.9 -170.6  118.2 -178.8    nan    nan    nan   63.7  3.770    nan    nan   83.1
F -141.3  146.5  107.9 -177.7  -70.0    nan  0.970  139.2  3.766    nan    nan -124.4
Y -159.5  154.4  110.3  178.1   70.5    nan  1.020  153.8  3.756  5.472  165.6  164.5
I -115.7  -38.2  105.0  172.9  -67.5  173.3  0.994   61.0  3.757  5.588 -144.6 -146.4
T -130.9  167.0  109.1  176.5   69.6  -50.0  1.012  133.9  3.911  5.126   -5.3   16.0
S  -66.6  -12.7  112.8  176.8   52.3    nan  0.999  107.9  3.877  5.271  -73.7  -79.5
R  -70.4  -43.2  112.5 -176.8  177.0    nan  1.052   89.9  3.809  5.417   85.5  105.8
T -140.5  146.1  105.4 -179.5  -37.4 -154.7  0.952  137.3  3.816  4.986  -12.7    4.7
Q -123.7  157.5  103.8  174.9  -85.2    nan  0.952  126.0  3.727  5.578 -157.0 -163.1
F -135.2  154.8  108.9 -175.5  -51.1    nan  0.983  137.6  3.831  5.631 -152.7 -154.2
N  -85.1  -19.0  111.1  179.8  -60.7    nan  1.032   87.9  3.731  5.402 -111.1 -109.1
S -149.5  164.3  106.1 -180.0   67.9    nan  0.975  150.2  3.785  4.876   -1.7   17.2
L  -63.3  -34.2  109.8  172.8  -72.1    nan  0.996  101.6  3.737  5.166  -77.5  -83.1
Q  -59.3  -48.3  110.2  178.7  -69.4    nan  1.010   96.8  3.851  5.451   77.6   91.3
Q  -67.5  -32.4  112.6  178.0  -59.8    nan  1.045   97.6  3.715  5.038   53.9   70.9
L  -65.6  -46.4  110.7  176.4 -177.0    nan  1.050   92.9  3.803  5.475   70.0   86.2
V  -61.9  -42.7  109.7 -179.2  164.5  -75.5  1.026   98.3  3.844  5.312   63.4   79.4
A  -62.7  -47.0  111.7 -179.3    nan    nan  1.014   94.2  3.802  5.305   65.4   82.2
Y  -58.6  -54.0  112.1  179.4 -178.4    nan  1.037   92.6  3.775  5.196   65.3   82.1
Y  -73.2   -4.0  113.4 -177.9  -72.1    nan  1.066  105.1  3.807  5.093   43.7   64.6
S  -79.3  -21.6  107.2  171.3  -71.5    nan  1.004   93.8  3.770  5.735   83.6   95.1
K  -96.0  -40.7  111.3  179.2  -56.6    nan  1.015   71.7  3.805  5.387   50.2   69.2
H -127.5  122.3  109.8 -173.0  -46.9    nan  0.991  123.6  3.783  4.681    9.4   24.9
A  -70.2  -37.0  111.5  176.9    nan    nan  1.009   93.6  3.790  5.734 -122.6 -131.9
D   36.7   53.5  117.0  174.8  -83.0    nan  1.083  105.0  3.862  5.485  173.3  175.1
G  108.9  -26.3  112.4 -179.9    nan    nan    nan   82.4  3.749    nan    nan  -30.2
L  -68.5  161.7  108.4  176.8  -57.6    nan  0.979   75.2  3.786    nan    nan   88.9
C  -63.2  -30.4  110.7  176.9   58.8    nan  1.011  103.3  3.791  5.234  -78.8  -82.4
H -161.8  151.2  106.1 -178.4 -165.9    nan  0.950  150.9  3.783  4.604  -20.8   -6.8
R  -53.2  148.2  106.9  169.8  -68.7    nan  0.934   67.2  3.780  5.288  -75.7  -92.1
L  -80.9  116.8  101.9  179.8  -56.6    nan  0.936   96.4  3.816  5.560 -112.6 -114.6
T -101.3  -61.5  112.7 -179.0   56.4  -63.9  1.063   64.8  3.746  6.018 -165.0 -163.5
T -110.7  122.4  116.4 -171.0  -53.5 -176.8  1.044  122.7  3.783  4.480    7.4   27.2
V  -61.8  132.7  108.3  171.3  172.4  -67.0  1.004   83.2  3.893  5.963 -117.9 -128.9
C  -60.3  135.5  108.1  177.8 -178.5    nan  0.976   80.6  3.814  5.608  -98.7 -112.4
P  -85.2    nan  117.3  179.1   34.0    nan  1.098    nan  3.880  5.774 -136.2 -127.1
