Id   phi    psi    tau  omega    chi    chi2  solid    eta  CA-CA  CB-CB  BA^AB  NA^AC
I    nan  -36.5  112.1    nan -167.7   71.9  1.078    nan    nan    nan    nan    nan
Q  -61.7  -23.1  113.2 -179.7  -39.3    nan  1.042  107.5  3.897  5.702   78.1   89.8
A  -96.9   28.5  120.5 -178.5    nan    nan  1.111   97.7  3.754  4.986   48.4   68.4
E -106.1  136.2  103.0  177.5  -69.7    nan  0.924  110.5  3.805  5.755   96.8  101.3
E  -59.2  -36.5  113.9 -179.6  -68.0    nan  1.072  101.8  3.833  5.833 -103.8 -100.8
W  -75.4  -12.6  114.0  177.2   43.8    nan  1.049   99.3  3.888  5.433   62.1   74.7
Y  -84.9  110.0  111.7 -177.2 -171.9    nan  1.053  108.4  3.821  5.470   73.0   92.7
F  -96.6    4.5  117.5 -177.0  -80.6    nan  1.130   85.5  3.896  6.109 -165.0 -165.9
G   69.3 -148.4  113.7  176.7    nan    nan    nan   84.0  3.759    nan    nan -114.3
K  -92.0   81.3  114.6 -177.3   30.7    nan  1.091  113.9  3.712    nan    nan  -43.6
I -105.4  166.6  103.8  170.6   54.9  -68.8  0.986  108.2  3.711  6.010  157.4  144.2
T  -81.7  162.7  111.6  178.3   71.9  -45.2  1.019   88.4  3.746  5.297  -91.5  -94.8
R  -58.7  -36.0  112.0  172.8  164.9    nan  1.030  103.4  3.863  5.396  -74.4  -79.4
R  -71.2  -45.8  113.4 -178.2  -46.8    nan  1.050   87.4  3.811  5.335   66.9   82.6
E  -62.5  -39.0  102.4  177.6  -59.9    nan  0.945  103.8  3.816  5.417   73.5   76.0
S  -66.3  -30.9  110.5 -174.4   79.7    nan  1.060  100.3  3.860  5.414   69.9   85.2
E  -74.9  -43.1  109.1 -179.7  -62.8    nan  1.021   88.5  3.779  5.450   69.0   81.2
R  -61.6  -39.2  109.8  179.3  -65.8    nan  1.009  100.4  3.837  5.397   73.6   81.3
L  -65.6  -37.5  114.0  179.8  -61.9    nan  1.060   95.8  3.808  5.333   69.8   82.9
L  -86.9  -22.9  114.5 -178.3  -77.8    nan  1.072   83.6  3.783  5.118   49.1   66.2
L  -91.2   99.1  110.2 -177.0  -75.5    nan  1.069  110.1  3.776  5.352   56.3   77.3
N -145.9  127.7  111.0 -179.5 -155.9    nan  1.026  131.7  3.566  5.597  148.7  123.1
A  -77.6  -19.4  113.0 -178.4    nan    nan  1.033   94.3  3.742  5.709 -118.7 -136.3
E  -87.2    6.1  109.0  178.4   37.0    nan  0.998   94.8  3.741  5.227   62.9   78.7
N -102.8  144.0  111.2 -177.3  -83.2    nan  1.027  112.8  3.837  5.650   67.3   90.5
P  -75.1  161.0  108.8  178.7  -22.6    nan  0.974   81.9  3.863  5.577 -105.7 -114.0
R  -62.8  129.6  104.4  171.3  -94.6    nan  0.946   83.0  3.772  5.294  -78.9  -88.7
G  101.7    2.7  112.3 -179.7    nan    nan    nan   77.3  3.746    nan    nan   38.3
T  -68.4  143.8  107.8  176.6  -70.3  169.2  1.001   82.5  3.826    nan    nan  115.5
F -150.2  173.9  112.7 -169.8   74.0    nan  1.038  152.1  3.770  5.635  180.0  177.2
L -159.7  153.7  106.3  171.2   54.4    nan  0.998  152.1  3.844  5.517 -171.8 -168.3
V -108.8  134.9  103.3  174.2  175.5  -60.9  0.943  112.5  3.816  5.648 -133.9 -139.3
R -137.6  158.8  110.4  178.8   39.3    nan  1.012  140.7  3.811  5.742  176.8  176.2
E  -65.9  138.7  112.3  175.4  -83.7    nan  1.019   85.5  3.808  5.317  -85.5  -88.4
S  -69.1  119.0  107.0 -177.8  168.6    nan  0.970   93.8  3.933  5.714 -105.2 -111.9
E  -75.1  -27.9  114.1 -178.5   56.2    nan  1.076   92.4  3.914  6.098 -140.3 -133.2
T  -77.9  -67.5  105.8 -179.6  -56.0 -176.6  0.992   80.4  3.737  5.287   61.8   80.6
T  -88.8  107.0  111.6 -171.9  -44.3 -171.0  1.024  110.3  3.712  4.682   12.8   40.1
K  -60.6  131.9  105.9  179.9    8.7    nan  0.962   81.3  3.783  5.972 -121.3 -141.3
G   99.3  -31.1  116.2 -179.6    nan    nan    nan   95.0  3.753    nan    nan   36.9
A  -85.5  172.3  111.8 -175.9    nan    nan  1.023   88.4  3.836    nan    nan   75.7
Y -124.7  177.7  105.4  176.3  -66.2    nan  0.972  125.3  3.751  5.349 -134.1 -131.6
C -145.5  132.7  110.3  179.6 -179.1    nan  0.999  134.7  3.721  5.271 -149.1 -143.7
L -101.6  109.6  108.0  171.5  173.0    nan  1.007  110.7  3.793  5.777 -153.7 -157.0
S  -92.6  120.0  108.3  173.6  -69.1    nan  0.990  107.1  3.820  5.936 -160.2 -173.1
V -124.6  135.7  107.3 -176.6 -170.3  -49.6  0.993  125.3  3.837  6.036 -179.9  174.2
S  -80.8  153.1  110.3  174.2   59.2    nan  1.027   90.7  3.829  5.774 -125.9 -128.7
D -152.0  160.1  108.5  179.7 -168.2    nan  0.983  151.7  3.756  5.474 -176.0  179.2
F -135.4  140.0  103.0  178.7  177.6    nan  0.938  130.3  3.710  5.543 -152.7 -157.3
D -144.7  152.5  103.3  172.9   71.2    nan  0.959  141.7  3.703  5.538  173.1  168.4
N  -58.1  -51.6  108.7  176.6   41.7    nan  0.988   96.6  3.790  5.438  -80.4  -89.0
A  -54.1  -25.9  120.7 -179.6    nan    nan  1.116  110.4  3.755  5.006   62.5   83.5
K -140.4  -13.9  109.5 -177.6  -77.2    nan  1.002   37.0  3.895  5.077    7.8   23.8
G   79.8 -148.9  111.4 -177.7    nan    nan    nan   91.9  3.714    nan    nan -117.1
L  -63.0  129.8  111.6  178.7  -88.0    nan  1.027   87.8  3.747    nan    nan  -20.7
N -158.6  153.8  106.7 -179.9   60.7    nan  0.998  151.9  3.824  5.547  153.2  146.4
V -105.6  135.0  105.5  179.1  174.6  -66.7  0.979  111.8  3.804  5.727 -131.8 -131.9
K -101.6  144.7  104.0  176.8  -54.6    nan  0.918  107.6  3.874  5.929 -138.4 -151.8
H -121.8  123.1  111.2 -177.9  -69.1    nan  1.021  123.0  3.843  5.619 -157.5 -155.6
Y -120.6  114.2  110.0 -177.4  -62.1    nan  1.004  118.5  3.822  5.858 -172.9 -178.6
K  -70.2  135.3  105.2 -179.5 -174.4    nan  0.990   86.1  3.776  5.886 -129.7 -141.1
I -110.5  123.8  101.2  178.8  -58.3  178.7  0.935  110.3  3.832  5.875 -148.6 -159.9
R -111.0  135.1  111.6 -178.6  -80.9    nan  1.060  119.8  3.871  5.957 -171.0 -163.4
K  -93.0  128.2  111.4 -178.4 -167.5    nan  1.029  108.6  3.823  5.845 -131.2 -138.7
L  -77.6  154.2  113.6  178.9  -79.1    nan  1.051   88.7  3.761  5.613 -126.0 -134.4
D  -60.3  -50.2  108.4 -177.6  -54.4    nan  0.999   96.1  3.825  5.459  -76.0  -89.0
S  -61.6  -36.0  110.7  176.1   62.5    nan  1.016  101.7  3.789  5.194   59.9   72.5
G  155.2  -35.5  120.2  178.6    nan    nan    nan   51.9  3.852    nan    nan  -65.7
G  -68.4 -174.9  115.5 -173.0    nan    nan    nan   66.3  3.809    nan    nan   92.5
F -136.0  154.8  106.7  178.3  -63.1    nan  0.977  137.4  3.733    nan    nan -125.7
Y -155.4  151.9  108.9  178.1   69.9    nan  1.006  150.0  3.790  5.559 -180.0  176.3
I -109.3  -41.2  102.3  168.8  -70.2  173.7  0.960   67.6  3.784  5.635 -139.0 -146.6
T -133.5 -178.0  110.2 -179.0   77.1  -45.2  1.028  132.8  3.883  4.967   -7.7   13.1
S  -89.5   -8.3  113.3 -178.3   54.7    nan  1.051   87.2  3.788  5.078  -86.3  -80.6
R  -65.4  -45.6  112.3  176.2 -161.8    nan  1.009   92.6  3.771  5.503   92.6  108.3
T -148.6  147.3  108.2 -179.9   51.6  -65.9  1.034  143.7  3.928  5.011  -32.9   -7.2
Q -128.1  156.0  105.6  172.4   48.0    nan  1.012  130.5  3.844  5.801 -160.6 -170.0
F -129.3  141.4  112.6 -169.4  -58.1    nan  0.988  132.9  3.872  5.689 -136.1 -148.6
N  -73.5  -16.1  115.9  178.4  -78.9    nan  1.092   99.0  3.734  5.456 -113.7 -111.8
S -144.8  163.8  111.9  177.2   73.8    nan  1.051  147.7  3.777  4.835    7.0   24.2
L  -67.6  -34.9  111.8  177.8  -79.3    nan  1.031   96.6  3.870  5.480  -77.9  -84.0
Q  -67.2  -32.6  109.4  176.6 -179.1    nan  1.012   99.3  3.798  5.254   68.8   82.2
Q  -68.1  -26.4  111.8  177.3  -78.1    nan  1.030  100.5  3.831  5.498   66.0   84.3
L  -74.3  -52.8  109.5  176.1 -165.8    nan  1.034   84.7  3.722  5.307   65.3   82.8
V  -58.2  -44.2  108.7  180.0  171.8  -62.3  1.009  100.9  3.854  5.422   63.7   76.0
A  -58.4  -36.6  115.6  178.8    nan    nan  1.055  101.6  3.844  5.358   72.1   84.1
Y  -73.9  -48.6  109.9  179.6 -178.8    nan  1.019   86.5  3.707  5.114   64.5   77.3
Y  -77.6   -8.9  112.3 -176.2  -71.3    nan  1.080   98.9  3.848  5.189   43.3   66.0
S  -71.2  -25.9  106.8  173.1  -69.5    nan  0.962   99.8  3.791  5.761   94.8   98.9
K -102.1  -27.3  113.1  176.9  -69.2    nan  1.021   68.8  3.822  5.339   38.7   59.1
H -137.5  119.6  114.5 -174.2  -53.6    nan  1.040  127.4  3.817  4.703   13.1   27.7
A  -68.9  -43.5  109.9 -175.1    nan    nan  1.019   92.4  3.800  5.757 -120.7 -131.1
D   38.0   46.9  114.8  176.6  -87.3    nan  1.019  110.4  3.844  5.503  171.8  172.1
G  115.9  -27.3  110.6  178.8    nan    nan    nan   75.9  3.828    nan    nan  -28.4
L  -71.3  160.0  109.3  177.3  -46.6    nan  1.011   78.8  3.789    nan    nan   85.9
C  -62.2  -33.0  110.1 -175.0   69.5    nan  1.020  103.0  3.778  5.186  -73.8  -81.3
H -162.7  151.9  109.0  179.3 -163.0    nan  0.994  152.6  3.775  4.778  -26.7  -12.1
R  -59.9  149.3  105.8  173.8 -144.8    nan  0.903   71.9  3.744  5.115  -79.8  -96.1
L  -78.1  115.5  110.1  179.9  -54.0    nan  1.023  102.4  3.837  5.756 -113.3 -107.7
T -103.0  -81.0  105.6 -174.1   59.3  -56.9  1.015   72.9  3.825  6.009 -164.5 -165.8
T -101.2  145.0  111.8 -171.8  -63.8 -177.0  1.046  111.6  3.840  4.744   -8.3   15.8
V  -76.8  139.2  101.4  174.4  164.0  -75.3  0.918   87.3  3.796  5.719 -104.0 -119.5
C  -47.0  118.9  105.8  176.6 -173.9    nan  0.972   81.1  3.776  5.493  -76.7  -95.0
P  -58.3    nan  120.7 -179.9   28.5    nan  1.118    nan  3.818  5.677 -120.4 -119.5
