Id   phi    psi    tau  omega    chi    chi2  solid    eta  CA-CA  CB-CB  BA^AB  NA^AC
S    nan  127.9   98.3    nan -178.1    nan  0.883    nan    nan    nan    nan    nan
I  -64.7  -25.5  105.1  174.4 -170.5   72.2  0.976  106.5  3.777  5.735 -117.4 -121.8
Q  -58.1  -36.2  115.1 -171.8  -62.0    nan  1.059  102.4  3.878  5.801   89.8  109.0
A  -85.7   -4.5  116.0 -179.4    nan    nan  1.052   92.3  3.721  4.924   55.3   68.5
E  -70.3  132.6  108.5 -179.9  -58.7    nan  0.981   89.5  3.843  5.763  101.2  109.6
E  -64.9  -31.3  109.6 -173.3  170.4    nan  1.013  101.8  3.790  5.430  -99.5 -116.2
W  -96.6   -6.7  111.5  179.6   42.5    nan  1.054   81.0  3.810  5.239   38.3   59.7
Y  -94.5  125.2  110.6 -179.1 -171.5    nan  1.026  109.4  3.817  5.524   70.3   85.5
F -113.1   16.1  117.5 -178.3  -79.9    nan  1.112   74.9  3.852  5.784 -168.8 -167.7
G   59.0 -124.8  113.4  172.1    nan    nan    nan   89.2  3.780    nan    nan -117.3
K  -93.1   17.2  119.7 -177.0  -78.1    nan  1.118   95.4  3.763    nan    nan  -17.1
I  -56.6  151.5  111.6  175.9   59.3  -64.3  1.055   70.3  3.841  6.096  136.4  139.3
T  -78.7  174.9  108.9 -174.3   57.7  -69.0  1.026   80.5  3.794  5.606  -99.9 -104.8
R  -63.0  -44.4  105.0  177.3  173.3    nan  0.979   99.4  3.796  5.123  -62.7  -68.4
R  -68.6  -40.7  109.6 -177.8  179.2    nan  1.018   94.2  3.843  5.284   58.8   74.8
E  -62.4  -37.8  114.8  176.0 -172.0    nan  1.044   98.0  3.838  5.357   67.3   81.7
S  -63.1  -45.0  108.5  178.1   65.5    nan  1.027   96.8  3.792  5.391   71.0   84.8
E  -63.1  -36.1  113.8 -177.6  -71.8    nan  1.075   98.8  3.783  5.252   64.7   81.8
R  -61.4  -43.1  107.6  178.7 -175.6    nan  0.984   99.7  3.826  5.456   78.0   87.4
L  -70.0  -43.2  112.5 -179.6  -72.4    nan  1.044   90.1  3.737  5.074   57.6   74.8
L  -78.8  -27.1  116.3 -177.3  -63.4    nan  1.096   88.6  3.737  5.064   44.8   71.2
L  -84.5   85.6  109.6 -174.8  -65.0    nan  1.027  109.9  3.844  5.438   61.4   80.8
N -155.3  137.9  108.1 -176.3 -167.6    nan  0.991  139.6  3.706  5.554  114.3  109.0
A  -46.0  -37.7  113.5  178.8    nan    nan  1.025  111.9  3.750  5.340  -80.0  -94.2
E  -68.7  -10.7  116.5 -176.1   22.6    nan  1.082  106.2  3.799  5.180   62.4   86.0
N -101.3  122.7  117.7 -175.0  -68.7    nan  1.101  119.3  3.842  5.452   56.0   80.3
P  -56.8  162.5  110.1  177.8  -39.0    nan  0.969   64.1  3.830  5.495 -102.1 -125.2
R  -73.1  133.9  100.2  176.3   13.5    nan  0.928   85.5  3.816  5.595  -90.8  -93.3
G   98.0   12.3  111.8 -178.0    nan    nan    nan   77.6  3.819    nan    nan   42.0
T  -75.7  141.9  101.4  171.8  -60.0  173.7  0.918   85.7  3.806    nan    nan  111.8
F -152.3  171.5  108.8 -171.5   73.0    nan  1.009  153.9  3.839  5.746  169.9  175.5
L -152.1  161.7  106.8  172.6   61.5    nan  1.005  151.8  3.787  5.424 -168.4 -161.4
V -116.4  134.5  106.5  171.8  174.7  -64.2  1.006  119.5  3.857  5.760 -142.1 -136.9
R -137.7  167.9  108.9  179.4   56.3    nan  1.017  140.3  3.796  5.737  177.5  175.5
E  -71.6  149.8  107.0  168.7  -81.6    nan  0.963   82.3  3.784  5.367  -78.8  -88.3
S  -78.4  130.1  107.2  178.2  174.4    nan  0.951   95.3  3.754  5.263 -101.7 -112.0
E  -71.7  -35.9  115.8  177.2  -58.7    nan  1.031   90.7  3.852  5.815 -117.1 -123.5
T  -94.6  -37.8  110.9 -170.8  -88.0  139.0  0.982   73.6  3.713  4.407   46.2   65.0
T -105.8  108.5  104.3 -174.3  -51.6 -177.4  0.943  108.1  3.820  5.140   18.8   47.9
K  -70.3  140.6  108.5  177.6    5.9    nan  1.015   85.9  3.863  6.121 -140.8 -144.9
G   81.2   -2.6  113.9 -172.1    nan    nan    nan   99.9  3.746    nan    nan   33.1
A -110.2  169.1  111.3  179.3    nan    nan  1.020  113.8  3.876    nan    nan   75.4
Y -120.1 -176.2  110.0  175.4  -66.6    nan  1.014  118.7  3.750  5.340 -132.9 -130.1
C -155.8  130.8  108.1  180.0 -178.2    nan  0.986  133.8  3.738  5.155 -152.9 -147.9
L  -95.9  114.1  106.3  173.0 -178.5    nan  0.970  107.3  3.758  5.860 -141.9 -154.7
S -108.4  121.4  109.3  179.9  -75.7    nan  1.012  115.6  3.879  5.917 -175.9 -175.1
V -124.9  132.2  109.1 -172.0 -166.2  -39.9  0.989  125.6  3.822  5.999 -173.6  178.0
S  -79.2  144.0  106.8  176.8   60.9    nan  0.982   90.9  3.842  5.815 -121.1 -132.6
D -135.8  177.2  107.9 -179.4 -161.2    nan  0.981  136.6  3.776  5.559 -169.5 -172.9
F -158.0  134.7  109.6  174.1  159.7    nan  1.037  137.9  3.804  5.498 -170.7 -159.9
D -136.1  136.3  100.8  173.8   76.1    nan  0.953  127.6  3.826  5.897  178.9  171.4
N  -49.9  -19.7  119.7 -177.8   40.5    nan  1.122  118.6  3.868  5.709  -88.5  -91.4
A  -90.5  -35.9  115.6  179.7    nan    nan  1.054   74.9  3.871  5.447   62.9   78.0
K -106.8  -13.2  111.5  178.3   25.9    nan  1.030   68.8  3.835  5.041   26.5   46.3
G   78.9 -141.3  109.7 -177.2    nan    nan    nan   93.2  3.838    nan    nan -115.7
L  -78.4  128.8  104.6 -176.8  -58.9    nan  0.939   93.8  3.824    nan    nan  -27.2
N -137.9  163.2  107.5  178.4   59.9    nan  0.992  140.2  3.843  5.675  169.2  169.5
V -118.6  144.3  105.6  178.9 -173.4  -54.3  0.965  121.8  3.899  5.743 -136.7 -133.0
K -117.1  139.1  104.4  178.2  -60.3    nan  0.945  119.3  3.870  5.836 -147.3 -156.4
H -119.1  135.7  106.6 -177.9  -65.1    nan  0.982  121.5  3.848  5.778 -158.7 -157.5
Y -120.5  113.0  107.4 -177.5  -64.4    nan  0.970  115.8  3.837  5.731 -160.4 -164.1
K  -62.7  136.8  111.6  179.6 -167.4    nan  1.029   83.6  3.831  5.909 -130.6 -130.9
I -108.4  122.6  106.4  175.7  -55.1  179.0  0.986  113.3  3.866  5.945 -153.5 -154.8
R -104.0  147.4  107.5 -179.9  -57.3    nan  0.996  111.2  3.807  5.896 -159.9 -161.1
K  -92.0  121.4  108.4 -178.1  178.3    nan  0.977  106.7  3.720  5.406 -115.1 -128.5
L  -77.1  148.1  105.8  174.7  -72.2    nan  0.975   87.2  3.782  5.877 -137.1 -140.0
D  -63.8  -32.2  111.4  175.7   44.7    nan  1.038  101.5  3.836  5.581  -93.7  -98.8
S  -72.2   -4.3  112.6  176.8   46.1    nan  1.059  106.1  3.718  5.177   61.1   81.0
G  126.8  -41.1  118.6  175.3    nan    nan    nan   78.4  3.906    nan    nan  -67.8
G  -67.0 -172.1  118.2 -175.0    nan    nan    nan   63.5  3.859    nan    nan   87.6
F -134.6  142.8  110.0 -177.5  -70.3    nan  0.991  135.0  3.771    nan    nan -119.1
Y -149.6  147.8  112.9  174.3   62.9    nan  1.047  146.6  3.816  5.689  166.4  172.1
I -105.9  -45.5  102.9  169.2  -66.2  178.6  1.010   69.8  3.781  5.617 -143.6 -147.0
T -125.5  173.8  111.8  179.4   66.0  -51.6  1.037  127.6  3.954  5.142   -2.7   16.2
S  -80.7   -0.1  113.1  179.7   44.7    nan  1.034   99.2  3.889  5.338  -84.0  -83.0
R  -78.1  -45.9  111.8 -176.6 -148.6    nan  1.032   83.2  3.736  5.573   92.4  108.7
T -142.7  153.5  100.8 -177.6  -46.6 -162.9  0.941  139.7  3.748  4.665  -17.0   -0.0
Q -138.4  158.2  104.8  178.2   -7.5    nan  0.950  139.3  3.837  5.795 -163.1 -166.6
F -143.3  159.1  110.2 -172.3  -44.5    nan  0.988  145.3  3.869  5.703 -159.7 -159.1
N  -85.6   -8.1  114.5 -175.8  -62.6    nan  1.064   91.0  3.806  5.433 -102.6 -103.2
S -163.9  169.1  107.8  179.1   49.1    nan  0.997  163.6  3.788  4.781    0.6   10.7
L  -73.1  -26.8  109.6  178.2  -61.8    nan  1.000   96.6  3.842  5.319  -81.8  -82.6
Q  -66.5  -38.3  111.4  178.6  -62.5    nan  1.030   96.1  3.802  5.417   74.9   91.6
Q  -74.1  -36.7  107.0  179.8 -176.9    nan  0.983   92.9  3.816  5.224   58.5   74.1
L  -63.6  -46.5  111.1  175.9 -175.2    nan  1.048   94.2  3.815  5.337   61.3   82.8
V  -60.5  -39.4  107.6 -177.7  176.9  -75.3  1.008  102.4  3.914  5.500   63.7   81.4
A  -68.6  -47.6  113.1  179.2    nan    nan  1.031   88.6  3.765  5.229   60.5   78.5
Y  -60.1  -46.3  116.6 -178.7  175.1    nan  1.062   93.7  3.856  5.265   63.6   83.2
Y  -73.4  -15.6  109.9 -176.0  -80.1    nan  1.050  100.8  3.758  5.019   49.9   72.9
S  -72.7  -26.3  109.2  169.0  -83.0    nan  1.008   97.3  3.802  5.689   76.0   88.7
K  -94.6  -25.5  111.8  178.0  -43.9    nan  1.022   76.6  3.788  5.323   45.0   66.4
H -148.1  131.5  106.8 -177.7  -44.0    nan  0.932  132.6  3.801  4.879    3.3   14.0
A  -71.0  -32.9  115.4 -179.7    nan    nan  1.063   93.0  3.754  5.543 -118.1 -120.3
D   36.7   47.7  117.5  178.3  -85.6    nan  1.092  109.7  3.826  5.509  177.9 -177.3
G  116.2  -35.4  111.8 -177.0    nan    nan    nan   80.4  3.816    nan    nan  -26.4
L  -68.2  154.2  108.9 -179.0  -52.5    nan  0.988   78.3  3.832    nan    nan   84.0
C  -54.3  -30.2  117.6 -177.7   64.7    nan  1.102  108.4  3.782  5.213  -77.8  -78.9
H -158.7  152.1  100.5 -177.9 -167.8    nan  0.920  148.7  3.829  4.841  -15.0   -2.6
R  -54.9  152.1  106.6  168.1 -155.0    nan  0.927   66.4  3.781  5.240  -80.5  -92.5
L  -80.1  124.0  102.1  178.7  -61.3    nan  0.952   94.3  3.888  5.815 -111.6 -108.8
T -106.1  -56.3  118.1  178.1   56.4  -67.7  1.104   58.0  3.795  5.911 -166.2 -159.4
T -114.4  140.1  110.7 -175.0  -58.1  179.0  0.996  121.5  3.824  4.683    7.4   24.8
V  -76.9  143.7  104.3  173.5  175.2  -66.6  0.954   87.7  3.876  5.768 -114.5 -123.4
C  -64.0  141.6  105.4  174.5 -173.6    nan  0.951   78.7  3.820  5.552  -95.6 -104.7
P  -75.1    nan  119.8  179.8  -28.7    nan  1.098    nan  3.864  5.576 -115.6 -113.0
