Id   phi    psi    tau  omega    chi    chi2  solid    eta  CA-CA  CB-CB  BA^AB  NA^AC
A    nan -170.6  104.6    nan    nan    nan  0.952    nan    nan    nan    nan    nan
E  -73.7  130.1  110.2 -174.0  -49.5    nan  1.008   94.2  3.858  5.138  -61.1  -54.5
E  -64.1  -25.5  111.8 -177.7   70.5    nan  1.043  104.5  3.807  5.733 -109.4 -115.3
W  -88.1   -7.3  113.9  179.3   46.6    nan  1.072   88.9  3.819  5.336   50.9   74.2
Y  -94.8  115.3  107.7 -178.0 -175.9    nan  1.006  108.1  3.807  5.564   67.1   85.7
F  -98.8    1.4  115.2  180.0  -81.8    nan  1.079   81.8  3.753  5.931 -160.0 -165.9
G   70.6 -138.5  113.5  172.1    nan    nan    nan   90.0  3.823    nan    nan -120.3
K  -88.7   86.5  111.6 -177.6 -171.0    nan  1.033  111.7  3.754    nan    nan  -30.6
I -125.3  160.5  104.6  175.5   50.4  -71.9  0.984  127.9  3.846  6.076  138.2  135.5
T  -83.2  165.2  110.1 -175.4   67.9  -53.6  1.025   88.5  3.852  5.541  -98.8  -97.1
R  -57.3  -45.1  109.1  174.0  167.2    nan  1.026  100.7  3.834  5.383  -69.9  -74.8
R  -61.6  -42.7  112.1 -179.0 -178.0    nan  1.039   97.2  3.811  5.266   66.3   81.4
E  -61.6  -44.1  110.4  176.1  -73.8    nan  1.019   97.4  3.797  5.367   67.0   80.2
S  -61.2  -33.7  110.0 -177.9   73.4    nan  1.039  103.6  3.812  5.337   68.9   83.6
E  -70.1  -42.4  112.3  178.7  -69.9    nan  1.053   90.6  3.764  5.355   67.0   83.0
R  -65.9  -41.4  111.5  176.8  -74.2    nan  1.032   94.9  3.808  5.284   62.7   77.1
L  -61.8  -45.4  108.8  178.5  -63.6    nan  1.005   97.4  3.861  5.452   70.5   82.2
L  -69.0  -35.5  113.5 -179.7  -72.2    nan  1.074   94.3  3.786  5.198   55.7   74.2
L  -93.8   -0.3  111.9 -179.1  -53.6    nan  1.043   86.1  3.789  5.157   40.6   61.5
N  -57.4  -31.8  113.5 -176.8 -174.6    nan  1.055  106.3  3.892  5.952  115.5  129.4
A -134.9  165.4  108.6  178.6    nan    nan  1.002  137.7  3.799  4.922    3.4   20.4
E  -77.4  100.7  107.2 -178.2  -13.3    nan  0.986  104.0  3.820  5.342  -86.0  -90.6
N -110.6  153.5  108.3 -172.6  -68.7    nan  0.991  116.5  3.783  5.945  176.6  173.2
P  -61.6  152.7  112.7  172.1   30.9    nan  1.016   74.6  3.852  5.427  -90.9  -91.7
R  -52.8  141.6  108.4  170.8  -67.8    nan  0.977   71.5  3.817  5.437  -73.7  -88.2
G   91.9    1.6  112.2 -179.6    nan    nan    nan   87.5  3.785    nan    nan   41.0
T  -67.1  138.3  106.9  173.1  -60.5  178.9  0.998   83.6  3.826    nan    nan  112.8
F -147.8  174.3  113.6 -169.0   72.4    nan  1.044  149.7  3.807  5.734  179.5  173.8
L -159.3  159.1  106.3  172.3   59.8    nan  0.989  155.5  3.780  5.370 -169.2 -166.7
V -116.5  138.5  103.7  176.1  175.3  -64.8  0.966  118.3  3.804  5.627 -139.5 -138.7
R -145.1  165.3  111.0 -176.2   56.6    nan  1.010  147.7  3.826  5.765  179.1  173.6
E  -70.7  147.9  107.7  174.0  -66.8    nan  0.987   82.7  3.844  5.371  -84.0  -87.4
S  -78.7  139.3  106.0  176.9  177.9    nan  0.982   91.6  3.819  5.658 -107.2 -114.0
E  -77.0  -45.7  108.3  175.7  -67.2    nan  0.980   86.5  3.772  5.648 -107.8 -123.9
T  -88.4  -17.4  116.3 -174.3   58.0  -67.3  1.097   83.9  3.764  4.754   37.8   60.9
T -126.3  111.3  112.9  175.1  -51.3 -174.3  1.051  120.5  3.838  5.171   18.0   42.0
K  -62.8  136.0  111.3 -178.4    9.9    nan  1.011   84.0  3.843  6.014 -119.6 -135.9
G   88.6  -25.5  112.0 -179.3    nan    nan    nan  100.6  3.807    nan    nan   31.2
A  -90.1  164.4  110.4 -179.9    nan    nan  1.021   95.5  3.812    nan    nan   72.5
Y -120.3  173.6  109.0  177.5  -57.3    nan  1.007  122.2  3.833  5.585 -135.7 -136.1
C -135.3  132.1  109.1 -180.0  -73.5    nan  0.991  130.3  3.777  5.347 -138.8 -139.0
L -101.3  115.4  103.1  171.2  171.4    nan  0.948  106.6  3.750  5.672 -148.6 -160.0
S -108.1  125.8  106.4  179.8  -60.8    nan  0.986  113.6  3.812  5.981 -172.1 -174.4
V -132.5  133.4  109.2 -170.2 -175.4  -52.8  1.001  129.8  3.849  5.923 -178.5  177.3
S  -80.4  154.4  109.7  175.9   59.7    nan  1.017   89.6  3.847  5.916 -126.9 -129.5
D -152.7  170.0  109.7  178.8 -169.1    nan  1.003  154.4  3.755  5.429 -176.1  178.8
F -145.8  135.1  104.6  178.1 -164.3    nan  0.965  133.3  3.817  5.554 -155.8 -155.8
D -158.6  167.0  107.3  177.2   54.4    nan  0.987  158.7  3.770  5.606  159.5  150.4
N  -63.7  -47.1  114.3 -179.2   37.0    nan  1.052   91.8  3.839  5.320  -72.9  -73.7
A  -60.0  -37.7  116.2 -177.7    nan    nan  1.066   99.3  3.807  5.227   69.5   84.6
K -115.7  -13.6  112.5 -171.5  -52.7    nan  1.036   59.8  3.767  4.709   21.6   43.5
G   68.9 -135.3  106.1 -170.8    nan    nan    nan   85.8  3.780    nan    nan -120.0
L  -87.4  126.7  104.6 -177.2 -179.2    nan  0.955  100.0  3.732    nan    nan  -29.7
N -155.6  170.7  108.3 -172.9   67.6    nan  1.003  156.9  3.785  5.700  154.6  151.7
V -124.1  130.8  106.3 -179.6  169.3  -72.5  0.984  122.9  3.834  5.573 -133.7 -130.6
K -105.5  148.1  107.7  177.6  -70.3    nan  0.998  112.5  3.781  5.844 -154.7 -157.6
H -124.4  131.1  107.2 -175.8  -59.1    nan  0.991  123.7  3.848  5.789 -151.8 -155.0
Y -120.4  130.0  104.9 -176.3  -61.6    nan  0.964  119.7  3.803  5.878 -161.3 -171.4
K  -81.8  135.9  108.6  177.6 -168.6    nan  0.999   96.8  3.792  5.856 -128.6 -134.2
I -110.6  124.0  102.0  176.6  -63.6  170.7  0.931  111.0  3.771  5.754 -151.8 -159.9
R -106.1  157.1  109.9  175.6  -78.4    nan  1.029  112.5  3.799  5.945 -167.6 -163.0
K -112.2  123.4  106.7 -176.7 -171.4    nan  0.981  115.5  3.764  5.489 -128.8 -134.7
L  -72.7  150.4  107.8 -179.4  -64.3    nan  0.991   83.4  3.784  5.813 -121.8 -133.4
D  -60.5  -27.6  112.0  178.2  -95.1    nan  1.039  106.5  3.784  5.439  -87.1  -92.1
S  -72.6  -17.8  113.4  175.7   -8.2    nan  1.041   99.7  3.802  5.312   65.7   83.3
G  122.7  -25.5  115.5  176.5    nan    nan    nan   70.6  3.860    nan    nan  -83.0
G  -73.3  177.5  115.5 -175.6    nan    nan    nan   74.4  3.846    nan    nan   93.2
F -135.6  147.7  109.4 -173.6  -62.5    nan  0.995  136.7  3.811    nan    nan -131.9
Y -153.5  154.2  108.8  178.8   65.8    nan  1.008  150.2  3.802  5.640  174.0  172.3
I -107.8  -45.9  102.6  166.3  -60.9  175.5  0.951   68.8  3.758  5.552 -136.6 -143.1
T -128.6  178.8  110.2  176.7   69.6  -53.3  1.035  129.0  3.904  5.125  -11.7   11.9
S  -73.1  -15.1  113.6  176.3   60.1    nan  1.031  100.4  3.822  4.955  -71.0  -72.0
R  -64.6  -41.2  113.4  179.3 -165.6    nan  1.050   95.0  3.847  5.580   88.9  106.0
T -144.5  149.8  109.2 -177.7   53.8  -65.1  0.998  143.1  3.858  4.881  -14.4    3.5
Q -141.5  160.3  106.6  166.8   61.8    nan  1.023  142.8  3.838  5.680  176.8 -178.7
F -136.0  140.6  112.8 -165.0  -47.9    nan  1.017  136.6  3.783  5.486 -139.3 -149.4
N  -74.3   -6.5  114.6 -177.1  -73.3    nan  1.081  102.9  3.771  5.570 -111.2 -113.8
S -154.0  165.7  108.3  173.6   59.5    nan  1.017  154.8  3.774  5.114    4.1   19.8
L  -72.9  -34.8  109.8 -179.8 -159.5    nan  1.013   93.3  3.701  5.060  -84.2  -87.2
Q  -69.4  -36.2  110.7  177.4 -177.5    nan  1.043   95.1  3.858  5.493   57.7   81.0
Q  -60.5  -38.7  112.2  174.1  -70.5    nan  1.034  100.3  3.839  5.529   70.7   85.6
L  -57.9  -50.2  110.2  173.3 -176.3    nan  1.033   96.6  3.846  5.470   73.2   84.7
V  -64.9  -42.8  109.9 -178.3  169.0  -71.1  1.039   95.9  3.796  5.211   58.2   73.9
A  -62.1  -40.5  108.3 -178.2    nan    nan  1.004  100.1  3.816  5.386   69.8   83.0
Y  -60.7  -51.9  114.3  178.6 -176.3    nan  1.062   91.1  3.835  5.363   68.0   84.8
Y  -77.5  -11.1  113.1 -174.9  -75.5    nan  1.073   98.0  3.776  4.960   42.1   65.5
S  -67.7  -29.2  110.2  168.0  -65.2    nan  1.012  100.1  3.778  5.770   87.0   97.2
K -103.8  -20.3  113.0  178.5  -61.5    nan  1.053   69.2  3.802  5.135   31.6   55.4
H -135.8  109.4  111.7 -176.2  -56.3    nan  1.000  118.8  3.867  5.030   17.6   33.5
A  -62.0  -46.2  114.0  177.8    nan    nan  1.047   93.8  3.819  5.867 -128.4 -137.4
D   39.6   65.6  116.5  177.4  -59.8    nan  1.077   93.5  3.862  5.513  171.3  172.3
G   90.0  -22.6  112.2  178.8    nan    nan    nan   98.3  3.789    nan    nan  -39.3
L  -73.4  159.3  106.7  167.9  -53.2    nan  0.972   80.2  3.860    nan    nan   80.1
C  -62.8  -22.0  114.8 -178.7   55.4    nan  1.066  106.5  3.838  5.365  -79.9  -80.6
H -163.2  155.8  106.3 -176.1 -164.1    nan  0.961  155.0  3.797  4.661   -9.2    1.1
R  -73.1  153.8  105.6  171.5   70.1    nan  0.998   81.5  3.808  5.641 -101.8 -101.0
L  -70.2  122.5  107.3 -176.2  -54.2    nan  0.982   93.1  3.830  5.482  -87.1  -95.6
T -110.0  -88.0  110.5 -177.8   58.1  -61.5  1.027   70.1  3.837  5.897 -170.1 -164.6
T  -81.6  136.0  112.9  179.2  -59.1 -178.3  1.023   99.4  3.859  4.787    1.0   22.3
V  -67.5  136.6  106.3  166.3  177.7  -61.5  0.982   84.2  3.815  5.791 -110.4 -124.0
C  -45.8  121.0  109.2  174.6 -175.4    nan  0.988   81.0  3.854  5.499  -79.6  -97.6
P  -51.8    nan  113.0  178.1  -24.9    nan  1.021    nan  3.860  5.701 -106.8 -116.0
