Id   phi    psi    tau  omega    chi    chi2  solid    eta  CA-CA  CB-CB  BA^AB  NA^AC
D    nan -165.8  109.9    nan   92.1    nan  1.021    nan    nan    nan    nan    nan
S  -36.6  -46.4  119.9 -175.6   42.4    nan  1.119  109.8  3.887  4.812  -17.9  -13.0
I  -55.9  -37.5  110.6  177.9 -174.3   62.3  1.044  105.5  3.841  5.392   72.3   85.1
Q  -57.8  -39.1  113.1 -178.2  -59.8    nan  1.047  101.8  3.829  5.475   78.7   93.0
A  -91.1    4.5  115.0 -176.8    nan    nan  1.067   90.8  3.774  4.942   40.6   62.5
E  -75.4  136.4  111.5  179.6  -66.6    nan  1.028   93.6  3.831  5.855  100.1  113.7
E  -60.6  -26.3  117.2 -178.6   58.1    nan  1.085  105.3  3.817  5.608  -97.2 -106.2
W  -93.8   -5.7  111.8  179.4   50.1    nan  1.041   84.1  3.780  5.182   50.2   67.9
Y -100.1  127.3  109.3  180.0 -168.5    nan  1.008  111.4  3.837  5.507   62.1   81.1
F -114.5   23.3  114.5 -179.2  -76.0    nan  1.066   76.6  3.809  5.762 -166.2 -168.4
G   57.6 -119.8  114.9  168.5    nan    nan    nan   92.4  3.830    nan    nan -115.4
K -102.5   23.8  114.1 -176.1  -71.8    nan  1.061   87.9  3.731    nan    nan  -21.8
I  -60.5  151.7  108.0  176.3   60.0  -61.2  1.019   72.2  3.843  6.188  139.1  142.0
T  -84.6  166.9  108.9 -172.1   59.8  -63.1  1.020   88.9  3.780  5.573 -106.4 -107.7
R  -51.5  -49.9  111.6  173.5  162.4    nan  1.049  100.4  3.810  5.243  -64.0  -67.6
R  -60.9  -45.7  112.0  179.9  167.7    nan  1.038   96.1  3.861  5.303   61.5   77.3
E  -62.7  -40.4  111.6  179.7  174.8    nan  1.040   97.9  3.811  5.263   62.7   79.3
S  -59.7  -42.4  108.9  177.0   69.7    nan  1.027  100.6  3.815  5.425   71.0   84.2
E  -66.7  -36.3  111.3  177.7  -64.6    nan  1.042   97.0  3.843  5.432   62.1   76.5
R  -55.9  -45.0  109.9  174.1 -167.1    nan  1.011  101.4  3.855  5.588   83.5   89.2
L  -72.4  -40.5  113.4 -179.3  -62.8    nan  1.056   89.1  3.837  5.217   56.5   71.7
L  -79.4  -29.0  112.7 -175.6  -66.0    nan  1.054   88.7  3.756  5.126   54.4   73.3
L  -81.6    4.4  116.8 -175.8  -73.9    nan  1.105  100.3  3.803  5.332   58.7   83.4
N  -64.0  128.5  109.1  174.6  142.6    nan  1.009   87.6  3.790  5.813  110.2  119.3
A  -51.4  -21.5  119.5 -180.0    nan    nan  1.098  116.1  3.856  5.775  -96.4 -107.5
E  -61.9  -42.6  110.6  172.7  163.1    nan  1.003   97.8  3.828  5.585   89.2   97.0
N  -64.0  125.2  112.5 -172.7  -63.9    nan  1.046   91.6  3.775  5.146   67.8   87.0
P  -66.9  160.8  110.9  172.1   28.6    nan  0.999   74.8  3.820  5.651 -120.8 -131.3
R  -71.4  144.1  106.1  177.7   61.7    nan  1.004   84.1  3.817  5.700  -92.7  -90.9
G   97.7    3.4  109.4 -174.7    nan    nan    nan   81.2  3.746    nan    nan   53.1
T  -70.8  138.5  104.2  174.6  -62.6  176.4  0.966   84.6  3.819    nan    nan  111.5
F -144.5  166.8  113.3 -172.8   71.4    nan  1.048  147.7  3.777  5.702  178.9  177.0
L -150.8  158.1  108.7  171.5   61.2    nan  1.019  150.3  3.743  5.419 -168.7 -167.1
V -115.0  142.7  104.4  172.8  177.2  -63.8  0.977  118.2  3.794  5.634 -139.0 -140.7
R -151.5  168.5  109.4 -178.4   54.9    nan  0.998  153.3  3.840  5.702  176.6  169.3
E  -69.6  150.1  107.5  171.2  -71.3    nan  0.968   80.7  3.815  5.270  -78.5  -84.1
S  -78.3  136.4  106.0  170.9  171.4    nan  0.958   92.2  3.794  5.469 -107.4 -114.5
E  -77.2  -31.8  110.1  172.8  -58.9    nan  0.997   90.7  3.824  5.757 -116.9 -126.5
T  -98.1  -11.6  119.6 -176.7   56.8  -69.1  1.122   76.3  3.787  4.900   39.5   64.5
T -128.7  114.6  104.3  174.0  -64.5  175.8  0.981  115.8  3.860  5.373   25.9   41.7
K  -66.7  135.7  110.2 -177.1   10.2    nan  1.011   86.5  3.797  5.952 -121.6 -131.9
G   88.5  -14.5  112.5 -177.9    nan    nan    nan   97.0  3.765    nan    nan   31.6
A  -96.1  164.0  110.5  177.6    nan    nan  1.022  101.4  3.829    nan    nan   75.1
Y -120.1  177.7  104.7  176.7  -67.4    nan  0.960  120.6  3.797  5.549 -134.2 -137.3
C -140.4  134.2  105.3 -178.2 -138.8    nan  0.926  131.1  3.715  5.067 -142.0 -139.0
L -101.0  113.7  104.6  170.1  174.7    nan  0.952  107.7  3.838  6.021 -150.6 -156.1
S -107.0  126.2  107.6 -178.7  -59.5    nan  0.981  113.9  3.858  5.925 -173.4 -172.3
V -127.2  135.3  108.3 -169.0 -175.2  -55.4  0.995  127.3  3.851  5.924 -173.4 -176.4
S  -83.7  144.0  108.0  178.2   69.0    nan  1.004   95.3  3.819  5.811 -126.6 -130.7
D -141.3  170.9  108.3 -178.9 -162.9    nan  0.998  143.3  3.778  5.611 -173.7 -179.5
F -153.6  146.2  109.1 -179.7  167.2    nan  1.006  145.6  3.789  5.468 -162.5 -161.2
D -158.8  134.6  104.0  167.1   67.4    nan  0.978  135.8  3.793  5.602  160.9  157.3
N  -55.6  -29.7  114.0 -178.0   38.9    nan  1.063  108.9  3.861  5.757  -94.2 -100.0
A  -78.6   28.1  113.1  175.5    nan    nan  1.038  110.8  3.826  5.381   60.8   76.8
K -176.4  -13.8  112.5 -177.8   28.9    nan  1.031   12.8  3.895  5.240   23.9   31.2
G   74.2 -155.1  112.4 -178.3    nan    nan    nan   84.6  3.853    nan    nan -122.5
L  -76.4  136.7  105.0  178.0  -66.5    nan  0.956   90.1  3.788    nan    nan  -42.8
N -150.9  166.1  109.2  179.6   65.3    nan  1.015  152.5  3.821  5.688  165.6  163.8
V -118.8  133.5  110.9 -177.6  176.0  -66.0  1.020  123.9  3.830  5.533 -130.9 -128.1
K -102.2  134.0  107.7  172.2  -92.6    nan  0.989  111.1  3.824  5.805 -149.1 -156.3
H -113.0  122.3  107.7  179.4  -68.4    nan  0.986  116.4  3.829  5.808 -156.7 -160.7
Y -110.8  131.9  107.9  178.9  -59.5    nan  0.981  116.8  3.843  5.905 -165.8 -170.9
K  -78.2  146.0  107.9  178.1 -177.3    nan  0.999   89.9  3.800  5.767 -125.0 -129.0
I -120.1  121.5  104.1  175.5  -61.5  175.0  0.958  116.2  3.802  5.775 -154.1 -158.1
R -102.5  148.8  109.0 -178.1  -56.9    nan  0.971  110.5  3.806  5.922 -154.9 -159.7
K -105.5  122.1  108.4  176.0 -174.9    nan  1.000  113.5  3.781  5.597 -140.5 -137.8
L  -71.5  141.1  108.7  178.4  -67.2    nan  0.994   86.8  3.824  5.794 -122.4 -135.0
D  -64.7  -13.8  114.3 -176.3  -77.0    nan  1.087  109.0  3.799  5.658 -103.3 -101.1
S  -67.1  -37.1  109.1  169.8   50.1    nan  0.990   97.3  3.842  5.846   89.2   96.2
G  144.7  -20.3  113.1  177.6    nan    nan    nan   46.6  3.811    nan    nan  -76.1
G  -67.1  175.5  117.0 -175.5    nan    nan    nan   69.2  3.835    nan    nan  104.1
F -131.4  140.4  107.9 -179.6  -65.5    nan  0.987  131.0  3.811    nan    nan -132.8
Y -145.6  159.2  110.6  173.6   69.6    nan  1.032  147.3  3.831  5.714  168.0  173.0
I -111.7  -41.9  103.6  168.1  -69.1  170.2  0.967   65.1  3.807  5.577 -135.6 -140.2
T -131.2  170.1  109.6  178.4   74.4  -46.3  1.048  133.8  3.883  5.111  -10.7   14.1
S  -68.0  -20.4  111.2  175.4   57.3    nan  1.027  103.6  3.852  5.224  -73.9  -78.4
R  -57.2  -43.7  115.6  176.2  -81.4    nan  1.054   98.1  3.856  5.730   95.6  105.7
T -143.6  141.7  109.3 -172.5  -41.6 -162.0  0.995  138.9  3.830  4.514   -7.7    6.9
Q -126.1  166.0  105.5  172.0   67.9    nan  0.987  128.7  3.833  5.815 -171.9 -168.3
F -137.2  151.2  109.6 -168.1  -58.7    nan  1.006  138.8  3.832  5.506 -141.5 -143.1
N  -80.5  -20.1  112.1  178.8  169.9    nan  1.046   91.6  3.753  5.469 -108.9 -109.9
S -150.7  165.5  109.2  179.2   63.1    nan  1.003  152.2  3.782  4.898   -4.1   14.5
L  -67.8  -35.7  109.9  173.7  -71.1    nan  1.024   97.1  3.787  5.287  -84.1  -84.4
Q  -58.5  -47.0  107.9  176.6  179.8    nan  0.990   99.5  3.851  5.517   76.8   88.6
Q  -62.7  -36.9  114.3  175.2  -79.1    nan  1.071   98.5  3.831  5.288   58.4   74.4
L  -63.7  -46.8  110.6  177.4 -176.2    nan  1.035   94.1  3.852  5.464   72.0   84.7
V  -60.8  -46.2  110.6  179.5  165.5  -70.8  1.030   96.7  3.829  5.292   64.6   79.3
A  -56.5  -48.0  111.1  179.0    nan    nan  1.015   98.4  3.816  5.328   71.2   83.6
Y  -60.3  -55.9  112.9  179.8 -177.8    nan  1.054   89.9  3.772  5.193   64.7   79.9
Y  -69.0  -14.4  113.5 -177.7  -76.4    nan  1.074  104.8  3.819  5.061   48.3   67.3
S  -69.8  -28.6  108.1  167.6  -63.9    nan  0.996   99.4  3.816  5.797   84.1   91.4
K  -89.8  -42.8  113.9  175.9  -63.7    nan  1.049   74.2  3.860  5.346   47.8   66.7
H -128.5  119.3  113.0 -173.6  -51.8    nan  1.035  124.8  3.831  4.697    3.1   23.2
A  -63.2  -53.0  111.4  178.1    nan    nan  1.026   90.6  3.809  5.827 -115.3 -130.9
D   42.9   54.4  118.5  176.6  -64.3    nan  1.100   99.3  3.852  5.409  167.1  167.2
G  110.8  -28.9  109.4  178.3    nan    nan    nan   80.8  3.784    nan    nan  -29.0
L  -69.6  159.4  109.7  176.4  -56.9    nan  1.003   77.6  3.835    nan    nan   84.9
C  -63.2  -24.6  111.6  176.4   63.1    nan  1.023  105.8  3.776  5.219  -78.6  -85.6
H -163.4  160.7  107.6 -178.0 -159.4    nan  0.975  158.9  3.794  4.627  -14.8   -2.8
R  -69.0  144.6  105.4  171.6 -168.6    nan  0.936   81.5  3.783  5.239  -87.9  -94.3
L  -75.8  120.5  108.2  179.6  -54.8    nan  0.995   97.8  3.843  5.769 -113.3 -110.8
T -106.5  -65.8  112.1 -175.9   66.8  -55.2  1.049   63.5  3.817  5.949 -164.6 -163.9
T -108.8  131.1  112.1 -174.5  -50.5 -173.2  1.025  118.7  3.804  4.652   -0.4   21.9
V  -69.4  133.5  105.9  173.1  172.5  -70.0  0.976   86.8  3.815  5.789 -114.2 -127.9
C  -58.8  127.1  109.3  178.6 -168.6    nan  1.003   85.0  3.834  5.718  -97.8 -109.2
P  -53.7    nan  110.1  175.1  -30.7    nan  0.994    nan  3.843  5.598 -102.9 -115.2
