Id   phi    psi    tau  omega    chi    chi2  solid    eta  CA-CA  CB-CB  BA^AB  NA^AC
M    nan   56.2  108.3    nan -157.1    nan  1.008    nan    nan    nan    nan    nan
K  -71.2   25.9  114.5 -178.8   56.5    nan  1.067  117.4  3.820  6.136  160.9  166.4
R  -60.6   31.1  116.7 -180.0  -78.1    nan  1.121  128.5  3.840  6.068  134.3  147.5
E -165.0  -54.7  106.6  179.4   60.6    nan  0.998   51.8  3.808  5.320   41.3   44.0
S  -77.4  -15.5  114.7 -178.8  -36.4    nan  1.092   95.8  3.826  4.988   35.9   57.5
H  -48.7  -22.9  107.7  178.1   62.1    nan  1.009  121.3  3.831  5.812  111.1  118.2
K    7.8  -78.2  118.6  175.7  -57.9    nan  1.104  105.5  3.838  5.725  152.7  161.8
H  -43.8  -26.5  113.3 -179.4  122.2    nan  1.071  121.6  3.822  4.867   56.7   71.7
A  -53.2  -27.3  108.4  178.8    nan    nan  0.995  114.6  3.794  5.561   94.3  104.4
E  -73.1  -80.4  112.1  179.4 -165.4    nan  1.077   72.2  3.793  5.410   65.0   85.7
Q  -59.8  -46.2  114.9 -178.0 -161.6    nan  1.162   94.9  3.810  4.903   31.4   53.4
A  -53.7  -16.8  109.4  179.0    nan    nan  1.028  119.3  3.833  5.547   80.2   87.0
R -105.5  -35.0  107.5  178.1  174.0    nan  0.970   67.3  3.820  5.286   46.1   61.7
R  -63.3  -34.7  111.2 -178.6 -165.5    nan  1.027  100.7  3.864  5.329   70.8   88.2
N  -44.7  -42.9  111.8 -179.0   65.3    nan  1.081  110.1  3.807  5.489   90.7  106.8
R  -58.8  -60.2  107.1  179.2 -103.0    nan  1.012   92.3  3.766  5.419   74.2   84.1
L  -50.0  -28.4  111.4 -178.2 -170.8    nan  1.089  115.6  3.767  5.179   62.9   78.3
A  -61.6  -61.4  109.9  178.7    nan    nan  1.025   87.9  3.801  5.571   83.5   94.9
V  -68.8  -25.7  111.4 -179.5   -8.1  114.7  1.097  100.3  3.864  5.123   39.6   59.2
A  -58.5  -44.3  102.2  177.1    nan    nan  0.921  104.3  3.809  5.690   97.5   97.3
L  -63.5  -37.1  105.1  175.8 -121.4    nan  0.961  102.5  3.741  5.171   61.8   73.1
H  -69.6  -43.5  119.6  179.6  -87.5    nan  1.197   86.3  3.849  5.312   51.8   81.5
E  -71.2  -20.3  106.2  178.0  -91.0    nan  1.074  102.1  3.862  5.481   58.8   72.3
L  -71.4  -17.5  103.8  175.6 -158.3    nan  0.930  103.7  3.756  5.594   81.3   88.5
A  -95.4  -27.5  111.9  178.2    nan    nan  1.079   75.2  3.798  5.299   45.3   72.2
S  -71.0  -39.6  115.3  179.9   42.4    nan  1.150   89.6  3.843  5.524   67.0   89.6
L -101.3   30.7  112.4  179.3  -81.1    nan  1.125   91.3  3.823  5.209   25.5   49.2
I -114.3  145.0  100.5  176.5  140.2   18.2  0.960  115.7  3.784  5.902   90.9   94.7
P  -94.3  116.1  118.9 -178.9   31.1    nan  1.033  117.7  3.861  5.629 -123.8 -125.2
A  -55.2  -46.8  105.2  178.4    nan    nan  0.983  103.5  3.772  5.846 -114.5 -129.1
E  -52.6  -18.9  113.2  179.8  -86.4    nan  1.096  118.2  3.854  5.370   69.3   86.2
W  -77.9  -68.4  104.7  177.7 -165.0    nan  0.952   81.1  3.815  5.640   80.3   86.3
K  -17.1  -34.6  119.3 -179.8  -51.0    nan  1.143  134.9  3.805  4.991   86.1   99.9
Q  -58.7  -28.0  111.3  179.0 -166.9    nan  1.068  108.3  3.876  5.627   81.7   94.0
Q  -70.8  -51.3  104.0  178.1  -49.0    nan  0.957   91.5  3.818  5.500   77.3   84.4
N  -69.2  134.8  115.4  179.5   88.0    nan  1.189   92.0  3.778  5.155   38.4   67.5
V  -57.7  127.2  103.9  177.5  127.9 -108.1  0.919   80.7  3.827  5.517  -78.5 -114.7
S  -64.4  126.4  111.8 -179.6  -74.9    nan  1.120   90.7  3.746  5.879 -124.5 -116.3
A  -91.7  -50.8  108.2  179.4    nan    nan  1.002   74.8  3.830  5.898 -134.0 -149.6
A  150.6  150.9  103.0  179.8    nan    nan  0.945  135.1  3.817  4.869  -84.9  -78.7
P  -76.6   82.0  112.2  179.9   30.7    nan  0.987  113.3  3.817  5.491 -103.4 -103.6
S -125.6  157.8  119.3 -177.0  171.4    nan  1.170  133.6  3.855  5.931  122.5  140.2
K  -76.8   41.9  110.3 -178.0 -145.2    nan  1.019  113.3  3.823  5.276  -86.4 -103.0
A -169.3  -53.5  106.5 -175.3    nan    nan  0.960   51.2  3.774  5.233   47.9   53.2
T  -55.9  -22.1  115.7  178.9   52.7  -68.9  1.073  112.6  3.794  5.110   60.1   77.0
T  -96.8  -17.1  112.8 -178.6   71.9  -49.0  1.090   76.9  3.835  5.266   48.0   70.8
V  -63.1  -29.1   98.9  174.9  162.2  -78.3  0.896  109.2  3.769  5.751   99.1   98.7
E  -56.3  -51.5  107.5  178.4  -88.0    nan  0.992   98.6  3.783  5.476   85.0   96.4
A  -58.1  -50.9  117.9 -178.4    nan    nan  1.128   91.4  3.774  5.010   58.9   79.7
A  -52.5  -19.8  113.0 -177.7    nan    nan  1.072  117.9  3.863  5.381   75.2   88.1
C  -74.7  -56.5  104.3  178.8 -156.5    nan  0.939   87.0  3.749  5.452   81.1   89.1
R  -41.1  -59.1  114.0  179.3  -91.1    nan  1.030   99.1  3.819  5.133   75.7   87.4
Y  -54.6  -63.6  108.1  179.6 -166.8    nan  0.942   91.8  3.808  4.921   65.3   74.5
I  -51.8  -61.7  111.2 -179.9  -87.6  145.3  1.061   92.5  3.815  4.938   52.8   72.1
R  -42.3  -42.5  105.9  177.5  -78.5    nan  0.984  114.9  3.814  5.339   77.4   80.9
H  -71.6  -72.1  117.0  178.9 -179.3    nan  1.140   71.8  3.839  5.270   51.5   73.3
L  -29.5  -30.4  114.0 -179.2  -65.3    nan  1.100  130.5  3.845  5.191   80.9   89.5
Q  -52.9  -77.2  111.4  177.7  -63.0    nan  1.042   81.3  3.850  5.637   91.7  100.8
Q  -72.7   65.0  113.1  180.0  -68.5    nan  1.067  117.8  3.852  4.972   24.8   42.0
N  -88.0  115.4  112.9 -178.7 -148.6    nan  1.118  109.7  3.823  6.133  151.3  158.8
G   97.8  -22.0  117.4  178.1    nan    nan    nan   92.6  3.806    nan    nan   14.1
S  -48.4  127.8  109.6 -179.8  -16.4    nan  1.009   78.0  3.824    nan    nan  114.7
T -159.3    nan  116.0 -176.9   29.1  -91.7  1.081    nan  3.777  5.556  150.1  147.1
