Id   phi    psi    tau  omega    chi    chi2  solid    eta  CA-CA  CB-CB  BA^AB  NA^AC
M    nan  109.4  109.5    nan -177.8    nan  1.016    nan    nan    nan    nan    nan
K  -51.6   10.5  119.2 -177.3 -164.0    nan  1.197  132.9  3.821  5.947 -121.1 -124.4
R  -68.5  -23.4  104.2  176.9  -44.6    nan  0.968  104.2  3.782  5.958  122.2  121.2
E  -52.9  -41.1  110.5  176.8   39.2    nan  0.981  105.7  3.844  5.541   91.7  104.4
S  -89.1  -47.6  106.6  177.7 -179.0    nan  0.972   78.4  3.822  5.069   39.0   54.7
H  -38.8  -25.1  110.2  179.4  150.3    nan  1.037  127.9  3.829  5.206   84.6   97.7
K  -78.0  -74.2  103.6  175.8  -56.6    nan  0.986   80.5  3.761  5.433   60.6   78.4
H  -39.8  -34.8  110.1  178.6  -61.6    nan  1.012  120.4  3.876  5.254   64.5   70.9
A  -80.3  -73.5  111.6  180.0    nan    nan  1.048   72.6  3.838  5.184   55.9   71.9
E  -55.1    9.4  115.5 -179.4 -113.9    nan  1.162  128.5  3.801  5.104   41.7   62.9
Q  -99.5  -48.8  103.7  177.5  170.9    nan  0.934   73.4  3.806  5.804   89.2   90.9
A  -57.9  -44.8  102.7  178.0    nan    nan  0.934  104.2  3.770  5.159   67.4   75.5
R  -59.2  -66.8  109.4  179.5 -124.6    nan  1.093   86.6  3.746  5.240   59.8   80.7
R  -51.0  -21.3  113.7 -178.3 -158.6    nan  1.127  118.2  3.811  5.323   58.0   72.6
N  -70.7  -44.6  111.8 -179.3  117.5    nan  1.025   89.4  3.801  5.610   86.4   95.1
R  -49.1  -51.4  106.6 -179.0 -173.3    nan  0.992  103.9  3.783  5.269   83.6   93.0
L  -46.6  -19.5  109.8  179.2 -156.4    nan  1.028  124.5  3.785  5.258   74.7   87.0
A  -93.9  -64.8  113.5 -179.9    nan    nan  1.077   67.1  3.834  5.392   51.6   74.4
V  -36.0  -55.6  110.5 -179.4 -102.8   19.8  1.065  106.7  3.811  5.242   78.7   88.0
A  -64.2  -71.4  110.3  177.4    nan    nan  1.033   80.9  3.787  5.126   54.5   66.5
L  -39.5  -35.7  111.7  179.0  174.6    nan  0.995  119.3  3.836  5.185   72.7   76.5
H  -64.3  -56.2  103.8  179.6  132.1    nan  0.921   93.6  3.740  5.273   79.7   85.0
E  -67.4   21.0  115.9 -179.5 -140.8    nan  1.146  120.2  3.753  4.791   39.5   64.2
L -103.3  -68.9  102.5  175.4 -154.2    nan  0.979   73.8  3.777  5.855   89.1   96.5
A  -57.2  -29.3  107.5  178.4    nan    nan  1.012  110.5  3.809  5.081   47.5   58.5
S  -39.7  -27.0  111.1  177.5   56.1    nan  0.904  125.5  3.832  5.561  112.9  112.7
L -154.1   31.9  109.4 -176.9  -86.1    nan  1.015   46.6  3.711  4.434  -15.0    5.4
I  -72.3  102.8   96.5  174.0  164.9   45.2  0.881   92.2  3.777  6.180  140.0  134.3
P  -51.8  -38.4  109.9 -179.3  -26.6    nan  0.962  108.6  3.803  5.868 -123.0 -127.5
A  -60.3   88.9  108.9 -179.9    nan    nan  0.986  106.9  3.814  5.309   69.6   87.4
E  -72.9   15.7  116.7 -177.6  -68.7    nan  1.159  113.5  3.785  6.031 -170.1 -163.0
W  -79.7  -18.2  106.4  178.5   13.1    nan  1.041   94.8  3.797  5.987  107.4  117.1
K  -65.5   -0.3  105.9  175.3   56.3    nan  0.948  114.4  3.815  5.724   90.6   96.4
Q -100.2  -36.8  105.8  177.8  150.9    nan  0.954   72.4  3.812  5.530   67.7   82.0
Q -118.3   84.7  123.1 -177.1 -159.2    nan  1.264  115.7  3.701  4.645   -0.9   40.7
N -175.0 -178.7  116.6  175.1 -126.6    nan  1.261  174.3  3.802  5.516   90.7   74.7
V  -33.1  -17.8  115.5  179.8 -120.7    0.9  1.141  136.6  3.832  4.929  -17.0  -28.8
S  -20.2   98.2  114.7  175.0   43.8    nan  1.108   90.5  3.832  5.875  136.0  141.0
A  -93.9   16.1  111.8  179.9    nan    nan  1.059   92.2  3.815  6.065 -169.8 -179.8
A  172.1  120.2  119.1 -179.3    nan    nan  1.077  116.1  3.829  4.965   -0.0    5.6
P  -92.3   96.3  101.1  178.8   35.4    nan  0.849  101.2  3.724  5.653 -143.1 -160.4
S -169.6  -60.7  112.5  178.2   35.4    nan  1.030   57.2  3.791  5.467   94.3  103.7
K -125.8 -122.1  112.7  174.4  -96.8    nan  1.140   92.6  3.789  4.773  -30.8    2.5
A   -1.5  -73.6  123.6  173.6    nan    nan  1.251  105.5  3.874  4.782   48.7   62.2
T  -52.9  -61.7  109.9 -179.3   33.3  -89.6  1.013   92.7  3.851  5.154   63.3   68.7
T  -45.5  -43.4  107.2  178.3  -97.4  140.6  1.000  111.3  3.765  5.055   70.5   78.4
V  -71.9  -30.7  112.0 -179.5 -160.0  -38.8  1.099   94.9  3.788  5.231   49.4   72.5
E  -60.2  -52.7  105.6  177.9  -80.4    nan  0.999   96.6  3.822  5.643   84.2   92.6
A  -72.3  -22.1  110.8  178.6    nan    nan  1.065   98.9  3.816  5.162   43.5   61.2
A  -65.3  -34.3  108.8  179.9    nan    nan  1.012  100.5  3.814  5.603   85.9   97.6
C  -79.0  -26.9  107.4  178.2  -85.0    nan  1.008   92.1  3.765  5.278   55.2   71.7
R  -59.9  -65.1  115.9 -179.7  -52.7    nan  1.143   82.5  3.788  5.435   76.5   99.6
Y  -43.6  -30.2  109.1  178.9  175.0    nan  1.001  120.8  3.863  5.386   76.2   79.4
I  -76.9  -51.9  103.4  178.5  -35.9 -159.1  0.940   87.8  3.773  5.448   68.5   76.9
R  -45.9  -38.2  109.8 -178.3 -169.2    nan  1.072  113.4  3.810  5.199   74.6   88.1
H  -67.1  -58.8  101.8  177.3  144.1    nan  0.903   92.3  3.810  5.611   77.6   77.4
L  -47.1  -32.9  117.5 -176.9  -83.4    nan  1.188  112.8  3.742  4.814   60.2   82.4
Q  -75.3    9.3  115.1 -179.8 -116.6    nan  1.199  108.5  3.783  5.493   55.5   82.3
Q  -64.5  101.1  108.7  176.7  -76.6    nan  0.966  101.6  3.903  6.168  128.9  124.4
N -122.3   65.2  119.5 -176.9 -110.6    nan  1.177   98.9  3.796  5.794  149.6  164.2
G -179.6   74.6  107.4  178.7    nan    nan    nan   74.7  3.772    nan    nan   56.2
S  -81.0  129.1  109.8  179.6 -171.8    nan  1.098   99.2  3.779    nan    nan  174.4
T  -65.1    nan  109.9  179.7   44.6  -73.4  1.055    nan  3.715  5.571 -105.5 -122.7
