Id   phi    psi    tau  omega    chi    chi2  solid    eta  CA-CA  CB-CB  BA^AB  NA^AC
K    nan  146.8  108.6    nan -163.3    nan  1.016    nan    nan    nan    nan    nan
S  -70.5  -58.5  111.7 -179.6   60.2    nan  1.043   82.9  3.816  5.573  -98.8 -105.4
E  -53.9  -25.8  113.5 -179.9  -62.9    nan  1.054  113.0  3.835  5.174   62.8   76.6
A  -91.6  -34.6  116.7 -178.3    nan    nan  1.110   73.8  3.817  5.224   49.1   73.5
L  -96.3  -20.8  112.4 -178.5  -49.5    nan  1.054   76.3  3.810  5.190   40.1   60.9
L -118.2  154.0  113.3 -177.9  -45.2    nan  1.043  125.2  3.801  5.104   30.0   50.8
D  -94.8   76.0  104.3  179.1 -174.3    nan  0.944  102.6  3.778  5.464 -115.2 -124.7
I  -45.8  -55.1  116.8 -179.0  -60.1  178.3  1.161   97.7  3.837  6.249 -157.2 -149.2
P  -55.3  -43.0  114.8  179.8  -34.7    nan  1.010  100.4  3.887  5.300   71.7   79.9
M  -65.4  -42.4  108.8  178.5 -177.9    nan  1.004   96.4  3.804  5.291   60.0   78.3
L  -63.9  -45.0  113.1 -179.9  -73.2    nan  1.080   93.6  3.803  5.252   63.1   81.1
E  -64.0  -36.3  110.3  179.9  -97.0    nan  1.057   99.7  3.808  5.340   63.7   78.9
Q  -64.3  -46.2  109.5  178.6 -171.2    nan  1.027   94.7  3.787  5.411   71.9   84.6
Y  -62.8  -35.9  113.2  179.0  -82.4    nan  1.095   99.5  3.813  5.290   60.3   78.1
L  -59.5  -41.8  109.1  178.0  -83.3    nan  1.004  101.0  3.771  5.491   82.8   89.7
E  -75.7  -43.6  114.0 -179.5  -86.8    nan  1.094   84.7  3.810  5.156   50.0   71.2
L  -76.6  -33.7  113.9 -179.6  -68.2    nan  1.076   88.5  3.811  5.287   52.4   70.0
V -122.1  -35.4  117.7 -177.5 -178.0  -55.4  1.118   48.6  3.812  4.918   13.0   37.6
G  104.4  165.8  108.1 -177.6    nan    nan    nan   99.7  3.812    nan    nan -110.8
P  -73.2  -26.1  119.6 -179.3   37.1    nan  1.060   93.0  3.889    nan    nan  -83.0
K  -56.9  -51.0  113.2 -178.3 -178.7    nan  1.114   95.0  3.793  5.520   82.0  105.9
L  -64.5  -25.3  110.7 -179.6 -167.2    nan  1.112  104.6  3.809  5.376   55.7   73.8
I  -73.2  -51.9  108.5  177.2  -63.2  178.0  1.029   86.5  3.799  5.634   74.6   85.5
T  -61.6  -29.9  110.2  179.4   57.0  -63.2  1.053  105.1  3.820  5.263   59.2   73.2
D  -68.7  -45.2  109.7  178.5  -92.0    nan  1.009   91.9  3.799  5.492   75.0   86.4
G  -62.6  -49.8  108.4  179.9    nan    nan    nan   94.7  3.777    nan    nan   78.8
L  -48.1  -51.3  110.7  179.6 -171.9    nan  1.021  102.2  3.787    nan    nan   87.9
A  -58.8  -36.6  110.3  180.0    nan    nan  1.043  103.8  3.785  5.176   61.6   77.5
V  -75.0  -34.5  109.5 -179.9  173.7  -67.2  1.053   91.7  3.817  5.410   57.9   75.9
F  -64.9  -48.1  108.5  179.8  175.6    nan  0.998   94.0  3.771  5.403   76.3   86.3
E  -58.2  -35.0  115.1 -178.9 -172.9    nan  1.109  103.0  3.784  5.190   62.5   82.4
K  -83.6  -20.3  114.3 -178.8  106.7    nan  1.153   87.9  3.795  5.257   46.3   72.5
M  -90.4  -28.7  114.0  178.6  -58.5    nan  1.065   78.4  3.818  5.546   60.2   76.6
M  -51.5  -44.4  117.2 -178.8  -95.9    nan  1.156  101.2  3.878  5.618   90.0  107.9
P  -53.0  -46.3  112.4  179.9  -35.1    nan  0.971  101.3  3.822  5.355   86.6   91.2
G  -71.7  -24.6  113.9  179.9    nan    nan    nan   97.2  3.800    nan    nan   71.5
Y  -75.4  -46.9  109.8  179.6  -73.3    nan  1.020   86.2  3.796    nan    nan   86.6
V  -60.3  -44.6  109.1  179.0  173.2  -64.7  1.033   98.8  3.811  5.299   65.6   78.8
S  -52.7  -50.7  109.4  179.0  -65.2    nan  0.995  100.4  3.828  5.423   80.8   87.9
V  -58.0  -42.3  112.1 -179.6  172.2  -66.2  1.067  100.2  3.787  5.115   63.0   79.1
L  -62.9  -48.0  108.6  178.1  -87.1    nan  0.977   95.4  3.825  5.419   72.8   80.2
E  -54.9  -43.2  110.4  179.7  -84.7    nan  1.027  102.9  3.793  5.150   70.9   83.1
S  -73.6  -36.6  112.8 -179.8  163.5    nan  1.059   90.3  3.804  5.175   53.5   71.6
N  -69.5  -31.1  109.5  179.1  -71.4    nan  1.028   97.9  3.801  5.390   66.2   80.6
L  -67.9  -56.6  110.7 -180.0 -151.7    nan  1.015   86.2  3.819  5.415   73.5   87.1
T  -59.8  -29.5  113.3 -178.6   59.9  -59.2  1.107  105.6  3.819  5.158   53.4   73.5
A  -88.3    2.0  111.4  179.7    nan    nan  1.040   92.4  3.801  5.324   54.1   69.9
Q   55.3   41.7  112.0  179.5  -57.1    nan  1.048  102.7  3.820  5.560 -127.8 -126.9
D  -99.6   86.3  110.6 -179.9 -156.3    nan  1.034  109.6  3.803  5.922  114.4  124.5
K  -50.1  -62.2  112.1 -179.9 -171.6    nan  1.051   92.5  3.814  6.061 -138.2 -148.2
K  -50.7  -35.9  111.3  178.7  -58.5    nan  1.025  110.4  3.827  5.216   64.2   74.7
G  -69.5  -42.0  110.5  179.9    nan    nan    nan   92.3  3.803    nan    nan   81.7
I  -61.9  -46.4  109.1  178.8  -65.1  171.2  0.996   96.6  3.769    nan    nan   81.8
V  -65.6  -33.6  113.9 -178.1  175.6  -63.9  1.127   98.0  3.799  5.146   55.4   77.7
E  -66.2  -48.0  111.8  178.4  -81.8    nan  1.024   91.0  3.814  5.547   77.7   86.5
E  -70.2  -32.5  112.8 -178.3 -159.0    nan  1.073   95.2  3.815  5.125   53.9   72.1
G  -66.2  -35.9  110.7  178.1    nan    nan    nan   97.9  3.788    nan    nan   86.7
H  -69.0  -43.0  108.0  178.7  178.2    nan  1.005   93.7  3.794    nan    nan   80.3
K  -62.2  -43.6  111.4 -178.6 -178.3    nan  1.043   96.6  3.783  5.262   67.1   82.6
I  -69.9  -37.1  109.1  179.4  -60.0 -180.0  1.046   95.1  3.762  5.254   57.0   73.6
K  -56.4  -51.2  108.4  178.0 -177.2    nan  0.988   98.2  3.817  5.540   84.0   90.5
G  -58.6  -50.1  112.6  179.6    nan    nan    nan   94.8  3.802    nan    nan   77.4
A  -59.1  -44.1  114.9 -179.7    nan    nan  1.099   96.8  3.831    nan    nan   80.1
A  -65.8  -46.3  111.5 -179.6    nan    nan  1.044   92.4  3.817  5.286   65.9   79.1
G  -60.9  -31.8  114.3  179.8    nan    nan    nan  102.9  3.773    nan    nan   81.2
S  -66.6  -27.8  112.1 -179.3   77.0    nan  1.092  101.0  3.833    nan    nan   89.8
V -103.5   11.6  114.2  179.0  -76.2   44.5  1.154   81.4  3.813  5.258   30.5   57.3
G   71.3   21.8  117.8  178.9    nan    nan    nan   97.6  3.790    nan    nan -105.5
L  -89.8   82.0  105.0  178.7  -77.3    nan  0.995  104.8  3.808    nan    nan  113.2
R  -52.8  -41.7  116.9 -177.2 -175.4    nan  1.093  102.2  3.838  6.147 -147.3 -149.4
H  -69.4  -40.7  113.5 -178.9 -176.0    nan  1.066   91.3  3.781  5.212   61.7   79.8
L  -72.0  -30.0  110.4  179.9  -63.9    nan  1.072   95.9  3.820  5.336   56.5   75.5
Q  -67.2  -39.7  108.2  177.8  177.5    nan  0.981   96.6  3.765  5.455   78.3   86.8
Q  -65.5  -34.5  112.1 -179.6  169.5    nan  1.049   98.5  3.815  5.176   62.3   81.6
L  -71.9  -44.1  109.0  179.0 -125.0    nan  0.996   90.5  3.823  5.382   64.3   79.5
G  -61.6  -35.3  111.3  178.6    nan    nan    nan  101.7  3.804    nan    nan   80.2
Q  -62.7  -45.9  109.7  178.0  164.0    nan  1.033   96.0  3.805    nan    nan   86.8
Q  -63.8  -47.5  110.4  179.5  -62.8    nan  1.036   93.9  3.830  5.311   62.5   77.1
I  -56.6  -35.3  111.9  178.0  -66.8  170.2  1.068  105.6  3.785  5.266   66.4   81.7
Q  -88.1    5.5  114.3 -179.8   74.2    nan  1.099   94.1  3.837  5.309   42.8   66.3
S -111.0   79.9  114.4 -179.1  -65.9    nan  1.071  108.4  3.810  5.519   63.6   82.3
P  -72.7   -2.1  116.4 -180.0   29.2    nan  1.058  106.4  3.847  6.054 -171.9 -173.4
D  -81.6  -13.9  109.2  177.4   53.8    nan  1.009   93.6  3.819  5.721   80.9   99.1
L  -66.3  131.9  106.3  178.7  -96.5    nan  0.983   85.5  3.814  5.668   91.0  102.8
P  -58.8  -34.9  115.9 -179.9   21.3    nan  1.064  102.2  3.795  5.645 -105.1 -107.3
A  -92.7   12.3  114.2  179.8    nan    nan  1.087   92.3  3.847  5.276   34.2   62.7
W  -58.0  -51.6  112.2 -178.7 -172.6    nan  1.075   94.4  3.800  5.952  126.1  138.4
E  -52.6  -47.4  113.5  179.1  -70.2    nan  1.058  100.2  3.816  5.350   71.2   83.3
D  -74.2  -39.8  113.9 -177.8  -46.5    nan  1.027   87.7  3.830  5.208   56.8   70.1
N  -93.4  -16.2  120.3 -175.6  -64.3    nan  1.165   78.6  3.757  4.835   34.1   62.6
V  -54.6  -33.3  114.2 -178.5   72.1 -164.6  1.165  107.5  3.801  5.779   99.8  117.1
G  -66.2  -43.5  113.0  179.1    nan    nan    nan   92.7  3.818    nan    nan   87.8
E  -65.8  -39.2  111.5  178.8 -102.0    nan  1.021   96.1  3.808    nan    nan   77.7
W  -64.1  -41.6  110.9 -179.3  -63.2    nan  1.024   96.5  3.831  5.356   71.9   84.4
I  -67.3  -44.8  109.6  179.7  -65.9  169.6  1.023   93.2  3.781  5.240   64.8   77.9
E  -64.8  -45.3  109.4  179.7 -178.7    nan  1.037   94.9  3.809  5.294   62.2   77.2
E  -53.8  -44.1  109.6  177.2 -165.7    nan  0.986  103.6  3.777  5.302   76.1   84.9
M  -62.2  -42.2  110.3 -179.8  173.3    nan  1.007   98.0  3.845  5.293   66.2   80.6
K  -57.5  -46.1  112.1 -179.9  178.0    nan  1.014   98.2  3.788  5.218   74.7   86.9
E  -78.7  -24.9  115.3 -178.2  -59.7    nan  1.069   90.1  3.781  5.039   45.7   66.7
E -110.1  -14.4  121.7 -175.5   75.9    nan  1.147   62.8  3.767  4.974   32.0   62.4
W  -52.1  -44.8  116.3 -177.4   85.0    nan  1.184  100.9  3.802  5.717  103.0  122.5
R  -64.0  -40.6  110.2  179.8  -66.9    nan  1.051   97.5  3.806  5.507   70.5   79.9
H  -60.0  -45.0  110.7  179.8 -179.1    nan  1.050   97.9  3.793  5.389   74.1   86.0
D  -60.0  -37.2  110.9  178.7  -74.6    nan  1.069  102.2  3.797  5.296   66.2   81.3
V  -67.2  -39.4  109.9  178.8  172.9  -65.6  1.049   95.8  3.801  5.438   66.2   81.5
E  -65.4  -31.9  111.2 -179.9  -59.4    nan  1.061  100.3  3.832  5.456   67.4   82.5
V  -70.5  -41.5  110.3  179.4  172.3  -67.5  1.044   91.9  3.838  5.506   70.5   83.7
L  -61.8  -50.0  108.0  178.4 -146.6    nan  0.998   95.4  3.818  5.368   73.2   81.7
K  -52.4  -48.5  113.1  178.7  -79.0    nan  1.040   99.9  3.832  5.294   72.2   83.4
A  -61.1  -41.9  110.6 -179.8    nan    nan  1.035   98.8  3.817  5.229   66.1   78.7
W  -62.8  -49.7  113.2 -179.9 -176.7    nan  1.060   91.6  3.802  5.300   68.4   82.9
V  -60.6  -40.8  108.6  179.6  179.4  -60.0  1.058  100.9  3.771  5.248   63.2   77.3
A  -63.0  -36.0  112.0  179.5    nan    nan  1.046   99.8  3.831  5.410   69.1   82.5
K  -80.9  -38.2  110.3  179.8 -131.6    nan  1.019   85.0  3.788  5.255   54.3   70.9
A  -68.8  -15.0  114.6 -178.8    nan    nan  1.090  104.3  3.811  5.240   61.8   81.7
T -110.7    nan  110.4  179.7   58.1  -62.5  1.053    nan  3.795  5.301   41.1   61.7
