Id   phi    psi    tau  omega    chi    chi2  solid    eta  CA-CA  CB-CB  BA^AB  NA^AC
N    nan -167.8  110.5    nan -142.2    nan  1.046    nan    nan    nan    nan    nan
K  -72.3  -45.0  121.3 -172.7 -136.1    nan  1.149   82.2  3.852  4.980  -59.3  -46.2
Y -102.4  -27.6  116.6 -171.5  -61.5    nan  1.130   66.9  3.809  4.949   24.9   54.1
F -128.8   59.0  107.1 -179.2  -55.4    nan  0.996   82.8  3.789  5.013   17.2   31.8
E  -59.3  -32.7  114.3 -176.9   -5.3    nan  1.086  103.8  3.824  6.196  175.7 -177.0
N  -75.8  -11.7  113.8 -179.1  -58.3    nan  1.065   99.2  3.793  5.336   63.1   80.9
V -114.1  126.1  111.5 -178.7 -176.3  -54.7  1.072  120.7  3.796  5.291   39.6   62.8
S  -95.2  169.9  107.8  175.8 -177.0    nan  0.988   98.2  3.786  5.801 -142.1 -156.7
K  -54.3  130.4  111.5 -179.5 -163.7    nan  1.049   81.3  3.811  5.209  -62.4  -62.8
I  -78.7  127.4  111.7 -177.7  -51.1 -172.6  1.042   99.7  3.826  5.882 -120.7 -130.3
K -127.2  157.2  111.3 -176.7  -11.7    nan  1.061  132.0  3.804  5.816 -177.3  179.6
Y  -70.9  130.6  111.4  179.4  174.2    nan  1.030   92.8  3.791  5.423  -87.6  -94.4
E -129.2   -0.1  114.4  179.3  -70.0    nan  1.101   50.7  3.801  5.768  178.4 -179.9
G   89.2  163.8  114.9  177.6    nan    nan    nan   82.4  3.783    nan    nan -100.4
P  -64.2  -14.5  118.1 -178.0   33.3    nan  1.060  108.4  3.837    nan    nan  -78.2
K -101.3    4.2  113.5 -179.3  -63.8    nan  1.082   80.4  3.807  5.347   45.0   73.8
S  -72.9  141.1  111.8 -179.2  175.7    nan  1.057   89.7  3.829  5.877  102.9  116.8
N  -96.3   -7.2  109.4  177.9   33.0    nan  1.012   81.4  3.830  5.741 -130.7 -138.5
N  -71.1  113.1  110.2 -178.1 -177.1    nan  1.011  100.0  3.807  5.666   93.6  108.1
P  -63.5  -27.0  114.1  179.7   25.8    nan  1.019  103.4  3.814  5.853 -126.5 -132.5
Y  -93.9   61.6  113.1  179.2  -59.3    nan  1.091  108.2  3.818  5.271   37.3   67.5
S -160.2  157.5  109.5  178.9   67.7    nan  1.006  155.9  3.795  5.540   82.1   77.7
F  -83.9  135.0  108.0  176.9  -63.2    nan  1.001   98.1  3.811  5.532 -104.6 -107.8
K  -96.1  -27.0  112.4  178.9  -87.9    nan  1.040   74.5  3.797  5.774 -138.3 -143.2
F -128.1  -29.4  111.8 -176.7  -62.0    nan  1.046   47.1  3.793  4.899   14.3   35.5
Y  -85.1  108.8  111.5 -177.8  178.4    nan  1.044  108.5  3.788  5.286   56.1   75.2
N -110.0  101.3  105.5  174.5 -177.9    nan  0.968  108.2  3.781  5.954 -177.7  170.8
P  -50.0  -36.6  111.6 -179.2  -25.5    nan  0.950  110.4  3.848  5.888 -118.8 -130.8
E  -81.5  -17.5  116.1 -173.8 -107.8    nan  1.087   90.5  3.805  5.028   46.1   75.9
E  -60.4  132.7  112.0 -177.7  176.2    nan  1.061   84.5  3.790  5.639   96.1  110.1
V -101.1  128.5  112.4 -179.5  179.2  -59.5  1.082  114.3  3.800  5.836 -146.7 -149.9
I -130.1  120.7  107.0  176.1  -66.6  171.4  1.007  121.4  3.798  5.833 -177.3  171.3
D   49.4   48.0  115.0 -178.2  -76.6    nan  1.085  101.4  3.823  5.019    3.5  -20.1
G   78.5    2.6  117.2  177.0    nan    nan    nan  100.2  3.771    nan    nan  -68.1
K -130.3  142.3  110.2  175.5  -74.9    nan  1.037  132.3  3.817    nan    nan   55.0
T  -71.7  157.8  109.2  176.6   66.6  -54.6  1.029   80.0  3.777  5.636 -104.0 -113.9
M  -55.7  -37.8  109.9  177.5 -151.9    nan  1.005  105.9  3.789  5.201  -70.4  -81.1
E  -59.7  -40.7  113.5  177.6  175.2    nan  1.080   99.1  3.804  5.354   69.5   87.6
E  -82.5  -19.4  115.2  178.7   31.8    nan  1.190   89.0  3.802  5.253   37.5   66.7
H  -69.9  -44.7  110.1  173.4  -79.3    nan  0.999   91.0  3.810  5.809   90.1   91.6
L  -87.5  -32.4  117.0 -171.8  -58.7    nan  1.122   78.1  3.803  4.869   38.7   64.6
R   47.3   54.6  113.8  179.3  -52.6    nan  1.078   98.7  3.822  5.587 -166.2 -165.8
F  -59.9  139.0  112.8  178.9  -72.2    nan  1.054   80.8  3.830  6.184  175.9  172.8
S -132.1  142.0  110.8  180.0  171.6    nan  1.028  133.7  3.794  5.691 -170.1 -176.0
I  -96.4  132.2  108.2  179.0  -55.7 -179.4  0.997  107.7  3.818  5.773 -129.7 -137.8
A  -84.0  115.9  108.4  177.9    nan    nan  1.007  103.7  3.828  5.829 -128.8 -135.8
Y  -61.4  -39.3  112.6 -176.7 -161.2    nan  1.050   99.0  3.818  5.905 -118.5 -126.1
W  -62.3  -55.1  114.6 -177.2   53.7    nan  1.107   87.9  3.825  5.349   68.5   88.9
H  -68.4  -39.9  111.3 -179.7  -74.6    nan  1.044   93.8  3.815  5.258   53.7   66.9
T  -73.1  -39.7  115.9 -174.6  -53.5 -172.0  1.145   87.6  3.790  5.197   56.1   80.9
F -115.7   -8.3  116.6 -175.5  -49.5    nan  1.135   60.8  3.815  4.982   14.9   40.8
T -120.1  -25.0  115.2  179.7   71.5  -48.4  1.122   52.4  3.820  5.349   37.8   60.7
A  -66.3  141.6  109.3  180.0    nan    nan  1.027   82.7  3.838  5.637   85.7   95.0
D -128.3   14.8  116.2 -175.2   63.7    nan  1.131   59.3  3.803  5.713 -166.8 -163.2
G   88.8   -6.3  113.5  176.5    nan    nan    nan   93.7  3.794    nan    nan  -87.5
T  -60.2  138.6  109.5  177.1  -66.6  172.9  0.999   79.5  3.780    nan    nan  115.4
D -133.3 -178.2  106.6  169.9   65.0    nan  1.090  132.7  3.781  5.736  171.4  178.5
Q  -68.1  -10.3  114.6 -175.5   44.4    nan  1.129  107.3  3.780  5.184  -62.2  -58.1
F -119.6    3.4  112.8 -179.3  -55.9    nan  1.054   61.8  3.816  5.319   39.8   58.3
G -163.6  170.1  115.6 -177.0    nan    nan    nan  165.1  3.771    nan    nan   24.6
K  -91.8  177.8  114.6 -175.7  -57.7    nan  1.116   92.7  3.767    nan    nan  -96.7
A  -59.7  138.8  114.0 -175.3    nan    nan  1.077   81.5  3.807  5.096  -53.3  -56.0
T -118.7  -16.4  111.5  178.4   56.2  -64.3  1.032   56.5  3.792  5.750 -156.1 -163.6
M  -70.2  128.7  114.8 -172.7  -59.0    nan  1.096   95.5  3.811  5.543   85.3  106.1
Q  -93.7  113.0  108.0  176.7  -51.9    nan  0.995  108.0  3.789  5.753 -137.1 -153.6
R -131.2  128.6  112.5 -177.2  -61.0    nan  1.076  129.5  3.841  5.902  161.4  162.0
P  -53.9  -24.2  116.7 -178.2    9.6    nan  1.078  112.8  3.848  5.660  -97.1 -108.0
W  -94.1   12.4  111.6 -179.1   52.9    nan  1.079   90.6  3.825  5.346   45.0   71.1
N  -70.1  -21.4  113.2 -178.0  -87.8    nan  1.037  100.4  3.843  5.976  116.7  127.7
H  -78.9  -15.6  115.8 -173.9   67.8    nan  1.158   94.0  3.807  5.345   65.1   93.2
Y  -73.8  145.1  111.6 -179.1  -66.3    nan  1.058   88.5  3.815  5.706   85.2   98.1
T -104.9  -39.6  112.0 -178.3 -163.4   74.6  1.096   64.6  3.771  5.687 -140.5 -139.0
D  -70.9  128.5  110.2  177.4 -176.5    nan  1.015   92.9  3.832  5.418   62.8   74.9
P  -53.9  -38.3  114.7 -179.5  -31.6    nan  1.012  104.7  3.856  5.614  -97.6 -109.0
M  -71.5  -33.3  113.9  179.1  -75.8    nan  1.112   93.1  3.821  5.325   50.8   78.8
D  -64.5  -41.4  109.9  176.1  -75.8    nan  1.030   96.9  3.817  5.551   76.9   86.1
I  -63.1  -44.3  111.0  177.1  -62.1  176.0  1.034   95.8  3.813  5.362   68.3   80.1
A  -61.3  -40.4  112.0  179.5    nan    nan  1.070   98.8  3.840  5.313   66.2   81.5
K  -70.0  -40.3  112.2  178.2  -71.7    nan  1.055   91.7  3.822  5.342   60.9   76.2
A  -63.3  -37.5  110.8  178.5    nan    nan  1.044   99.4  3.796  5.320   68.2   82.6
R  -63.8  -40.1  112.7  178.2  -74.2    nan  1.065   96.6  3.828  5.430   69.3   84.6
V  -61.7  -45.9  109.0  178.6  177.2  -62.0  1.037   97.1  3.822  5.449   72.8   84.0
E  -57.9  -53.0  111.2  176.4  -67.3    nan  1.009   94.3  3.820  5.401   73.6   80.3
A  -59.8  -38.3  111.7  179.7    nan    nan  1.053  101.4  3.792  5.062   60.6   75.2
A  -61.9  -46.3  110.6 -178.3    nan    nan  1.051   95.9  3.823  5.393   72.6   88.2
F  -72.8  -28.5  113.4 -178.8  -79.1    nan  1.130   94.5  3.793  5.196   47.5   70.9
E  -66.2  -44.1  107.4  173.0  172.1    nan  0.994   95.7  3.788  5.653   80.5   85.9
F  -62.9  -48.0  111.7 -180.0 -175.3    nan  1.065   93.4  3.798  5.234   63.2   79.6
F  -53.5  -43.1  110.3  179.4  -63.4    nan  1.026  104.1  3.847  5.432   76.2   85.2
D  -65.4  -46.0  112.4 -179.0  176.0    nan  1.065   92.3  3.786  5.192   63.6   80.0
K  -70.9  -38.9  114.5 -179.1  -67.7    nan  1.116   90.5  3.815  5.227   51.1   73.4
I  -80.9  -13.3  110.5  178.5 -162.0   76.2  1.074   94.2  3.821  5.397   50.0   67.9
N   67.1   46.3  112.1  177.0 -156.2    nan  1.060   91.1  3.808  5.484 -133.0 -132.3
A  -90.9  129.2  112.7 -177.3    nan    nan  1.052  108.0  3.804  6.026  129.4  139.9
P  -76.7  -21.8  113.6  178.8   27.9    nan  1.011   93.9  3.810  5.711 -122.7 -130.2
Y -139.7  163.0  114.7 -176.6  -69.9    nan  1.056  144.0  3.823  4.922    1.9   28.7
F -147.8  156.2  110.4  169.9   83.0    nan  1.088  148.1  3.782  5.464 -175.8 -168.1
C -125.2  155.3  107.8  179.5  -64.4    nan  0.994  128.9  3.825  5.617 -142.5 -149.8
F -153.6  160.7  111.8 -178.9   66.9    nan  1.034  154.2  3.802  5.558 -177.3 -178.4
H -101.9  148.3  102.3  170.4  -72.6    nan  0.894  106.6  3.796  5.483 -115.8 -127.1
D  -51.9  -39.9  111.5  174.6   50.7    nan  1.064  106.8  3.783  5.407  -86.0  -87.4
R  -80.5   -4.9  114.3 -176.4  -61.1    nan  1.103   97.5  3.829  5.249   49.0   71.8
D  -77.0  -35.6  109.8  175.4  -66.9    nan  0.987   89.4  3.830  5.850   94.5   99.8
I  -91.4  -18.2  117.4 -169.1   69.5  -52.6  1.156   80.4  3.808  4.952   42.0   71.6
A -150.9  149.6  110.7 -179.8    nan    nan  1.045  147.2  3.810  4.962    3.5   17.2
P  -81.4  147.5  113.6 -179.7   36.0    nan  0.993   95.0  3.814  5.475 -105.5 -111.2
E  -69.2  152.6  111.0  174.7  -86.5    nan  1.008   80.8  3.816  5.648 -100.4 -107.9
G -106.1 -166.3  109.1  173.8    nan    nan    nan  101.2  3.772    nan    nan -136.5
D  -78.3  -17.7  112.1 -178.3  -49.2    nan  1.075   94.7  3.798    nan    nan  -55.3
T -134.5  167.1  107.5  177.6   61.1  -59.7  0.978  137.0  3.827  5.194   17.2   32.3
L  -62.5  -39.0  111.2  175.7 -176.2    nan  1.071   99.0  3.812  5.297  -78.1  -75.8
R  -57.0  -47.9  111.0  177.5  -52.5    nan  1.051   98.2  3.861  5.569   77.7   88.7
E  -63.0  -46.1  110.5  178.9  -59.0    nan  1.057   95.2  3.814  5.321   63.2   75.9
T  -53.6  -47.2  110.8  176.7  -66.9  172.2  1.041  101.1  3.799  5.368   75.5   84.5
N  -67.3  -31.7  114.0 -179.9  -74.0    nan  1.120   97.5  3.812  5.218   53.2   74.4
K  -68.2  -41.9  109.9  176.3  -17.6    nan  1.065   93.7  3.822  5.588   71.0   84.3
N  -62.2  -41.9  110.1  178.0  -66.9    nan  1.011   98.3  3.842  5.480   73.2   81.2
L  -62.4  -43.0  110.0 -179.9 -160.8    nan  1.042   97.5  3.776  5.182   67.3   82.4
D  -60.8  -41.9  112.6  179.0  -72.7    nan  1.067   97.9  3.835  5.426   66.6   82.8
T  -56.6  -51.6  111.3  177.4  -59.0  180.0  1.036   96.0  3.810  5.393   76.7   86.6
I  -68.7  -40.5  112.4 -179.0  -61.1  178.0  1.089   92.6  3.816  5.169   50.3   69.5
V  -59.2  -42.4  110.2  178.1  166.8  -71.3  1.063  100.3  3.817  5.500   73.5   85.8
A  -58.6  -43.4  109.7  178.2    nan    nan  1.024  100.4  3.834  5.434   73.7   84.1
M  -64.8  -47.1  112.4  179.0  176.7    nan  1.064   92.1  3.804  5.250   61.5   78.5
I  -59.5  -38.3  109.5  179.1  -68.6  169.6  1.053  102.7  3.819  5.384   66.7   80.2
K  -59.4  -38.3  115.0  177.8 -108.4    nan  1.119  100.0  3.815  5.438   71.4   87.9
D  -63.4  -47.7  110.8  174.4  -80.6    nan  1.043   93.8  3.807  5.500   72.7   81.7
Y  -61.8  -35.8  112.2  179.1  -81.9    nan  1.057  100.8  3.800  5.262   64.4   77.9
L  -62.6  -28.6  111.6  179.8 -114.4    nan  1.043  104.3  3.799  5.368   74.5   88.5
K  -67.4  -22.6  113.6  179.7  -72.4    nan  1.063  102.3  3.843  5.516   74.2   90.9
T -122.3    1.5  113.8 -177.2   63.9  -56.6  1.057   58.3  3.790  5.008   25.3   46.1
S -101.4  153.9  108.7 -179.8 -178.7    nan  0.991  108.4  3.803  5.540   70.9   85.4
K  -88.3  -15.0  110.0  175.5   91.0    nan  1.040   86.6  3.792  5.619 -117.7 -115.6
T  -76.4  136.8  110.9 -179.6  -52.7 -173.2  1.039   93.8  3.824  5.607   79.0   94.6
K -119.8  170.9  110.4  178.2  -51.6    nan  1.024  122.6  3.821  5.801 -160.6 -166.3
V  -86.4  120.5  110.2  177.4  175.2  -61.7  1.016  105.4  3.821  5.357  -94.2  -93.8
L  -78.3  -57.5  108.7  177.7 -175.9    nan  1.029   81.1  3.824  5.925 -135.0 -142.6
W -149.4  155.0  113.7  173.6   51.2    nan  1.144  150.0  3.798  4.873  -48.7  -21.3
G -114.5  168.4  107.6  176.0    nan    nan    nan  117.4  3.777    nan    nan -142.7
T -162.8  166.0  108.7  180.0 -174.9   63.8  1.029  161.8  3.792    nan    nan -174.3
A -107.1  135.4  109.1  179.3    nan    nan  1.014  115.4  3.788  5.475 -119.7 -119.0
N  -83.2   99.6  108.3  174.6  179.5    nan  1.015  106.7  3.796  5.788 -126.3 -133.4
L -108.1   37.3  111.2  179.4  -59.9    nan  1.045   87.8  3.812  6.024  172.0  170.6
F -141.2  -23.6  117.4 -176.9   52.4    nan  1.134   34.0  3.821  5.455   63.3   82.1
S  -77.9  -44.8  116.0 -177.1  -63.9    nan  1.113   81.2  3.836  5.527   70.7   90.4
N  -65.4  139.2  111.1 -176.4 -171.8    nan  1.042   84.2  3.786  5.263   68.5   81.8
P  -49.5  -29.5  115.1 -179.7  -32.2    nan  1.008  114.0  3.854  5.434  -80.3  -93.7
R  -59.4  -24.9  112.0 -178.1   71.6    nan  1.054  109.0  3.824  5.497   78.4   99.7
F  -86.2   14.7  115.5 -179.0  -57.3    nan  1.113  100.0  3.810  5.339   54.9   78.5
V  -46.7  -47.0  114.2  179.2 -103.3   23.3  1.064  104.5  3.852  6.204  149.9  149.8
H  -95.3    6.9  113.2 -175.4  -56.2    nan  1.071   87.5  3.821  4.899   34.3   52.4
G  119.4  175.5  110.2 -178.1    nan    nan    nan  117.7  3.792    nan    nan  -59.0
A -101.7  -88.1  106.2  176.0    nan    nan  0.999   73.7  3.805    nan    nan -104.3
S  -72.4  -20.2  110.6  177.6   66.2    nan  1.044   99.7  3.820  4.927   11.7   27.9
T  -95.2   11.4  111.2  178.3   63.7  -56.8  1.075   89.0  3.819  5.439   49.6   70.9
S  -66.8  145.8  111.1  176.6 -179.3    nan  1.038   82.0  3.812  5.995  118.5  125.7
C  -78.5   -6.6  108.4  177.4   51.5    nan  1.001   99.3  3.802  5.574 -107.6 -117.1
N -105.3  107.9  111.2  179.9 -177.7    nan  1.043  114.4  3.805  5.380   51.5   74.5
A  -50.9  -33.2  114.7  179.5    nan    nan  1.104  110.6  3.823  5.908 -117.2 -128.7
D  -61.8  -32.6  112.8  176.6  -77.1    nan  1.059  102.3  3.837  5.553   77.9   89.8
V  -74.9  -36.3  108.4  179.9  175.7  -62.8  1.043   91.7  3.800  5.388   63.2   79.4
F  -60.3  -45.9  108.2  175.4 -174.3    nan  1.021   98.7  3.802  5.527   75.4   85.5
A  -60.9  -45.5  111.1 -178.8    nan    nan  1.047   96.8  3.839  5.307   66.2   80.9
Y  -61.8  -46.4  110.1  178.3 -175.8    nan  1.039   96.1  3.802  5.309   65.6   78.8
S  -56.4  -42.5  112.0  179.8  -61.9    nan  1.055  101.4  3.810  5.308   70.8   84.3
A  -61.3  -45.4  110.3  177.3    nan    nan  1.038   96.9  3.817  5.343   68.1   81.2
A  -61.2  -43.9  111.8  179.1    nan    nan  1.053   97.0  3.817  5.287   65.3   80.1
Q  -64.7  -46.1  111.6 -179.2 -174.5    nan  1.067   93.2  3.822  5.321   63.4   80.1
V  -65.5  -37.1  111.0 -179.9  177.3  -61.6  1.079   97.8  3.824  5.329   59.8   76.5
K  -56.7  -50.6  109.2  176.2  174.1    nan  1.014   97.8  3.833  5.550   80.9   89.2
K  -60.5  -43.1  111.7  177.9 -176.3    nan  1.042   98.1  3.810  5.210   60.7   74.7
A  -65.5  -37.1  112.2 -177.6    nan    nan  1.070   97.1  3.830  5.271   63.3   81.2
L  -65.6  -42.4  108.7  176.7  -80.4    nan  1.013   96.2  3.812  5.443   70.4   81.4
E  -60.6  -48.1  112.7  179.0  -68.3    nan  1.074   94.4  3.795  5.300   67.0   83.2
I  -72.0  -29.5  112.6 -179.6   72.2  -50.6  1.141   95.1  3.811  5.306   46.8   69.9
T  -66.2  -42.6  109.4  176.8  -60.7  179.3  1.034   95.2  3.823  5.695   81.4   88.3
K  -62.3  -45.3  109.9  177.7 -175.6    nan  1.029   96.5  3.794  5.355   69.6   80.0
E  -63.7  -34.6  114.2 -179.1 -170.2    nan  1.084   99.0  3.782  5.217   63.2   80.0
L  -86.7    1.1  111.4  179.1  -62.9    nan  1.063   93.7  3.807  5.281   47.8   67.1
G   76.8   29.2  115.6  177.6    nan    nan    nan   89.6  3.792    nan    nan -110.7
G  -63.4  141.6  111.4  178.5    nan    nan    nan   81.5  3.791    nan    nan  146.3
E  -89.9  -13.9  114.8 -179.1  -83.3    nan  1.098   84.3  3.810    nan    nan -129.0
N -144.7  172.3  106.8  177.5  -47.6    nan  0.978  146.2  3.823  5.164   12.0   25.0
Y -143.2  130.0  105.0  173.6 -178.4    nan  0.985  129.3  3.774  5.403 -156.3 -151.3
V -107.9  145.0  114.4 -174.1  166.6  -71.5  1.092  118.5  3.808  5.884 -155.1 -154.0
F -120.3  111.8  108.0  173.7  -70.5    nan  0.981  115.8  3.807  5.724 -151.1 -161.9
W -112.7  110.3  107.8  171.6  177.4    nan  1.028  113.5  3.812  5.972  173.3  172.2
G  -79.3   63.5  116.7 -177.8    nan    nan    nan  118.6  3.799    nan    nan -147.7
G  -51.1  -41.7  116.2 -177.0    nan    nan    nan  104.0  3.805    nan    nan -167.5
R -106.5    8.4  110.8  179.3  -55.9    nan  1.031   76.7  3.801    nan    nan   41.8
E  -89.8   83.3  109.4  179.7  -48.4    nan  1.048  109.3  3.812  5.737   85.5  103.4
G -177.3 -156.2  106.0 -179.8    nan    nan    nan  155.3  3.790    nan    nan   79.6
Y -139.2  165.3  111.5  177.8   63.0    nan  1.063  142.4  3.803    nan    nan -106.3
E -107.0  -33.9  109.7  176.5 -171.5    nan  1.047   65.0  3.783  5.432 -123.5 -121.2
T -144.7  138.0  110.3  175.5  174.6   53.5  1.052  137.8  3.816  5.036  -16.1    5.6
L  -71.2  -19.6  112.6  177.2  -78.6    nan  1.066  100.5  3.801  5.661 -108.2 -117.5
L  -60.0  -30.1  114.4 -177.1  -58.9    nan  1.094  104.7  3.816  5.635   92.5  109.2
N -116.8   17.0  113.4 -178.1   68.8    nan  1.070   70.9  3.823  5.053   22.6   44.3
T -112.4  129.9  114.7 -172.8  -62.4  176.3  1.079  122.7  3.816  5.576   75.2   95.8
D  -98.6   93.9  103.0  172.3 -172.3    nan  0.940  103.5  3.770  5.783 -144.1 -159.2
M  -61.6  -43.9  114.2 -175.3 -168.8    nan  1.100   95.3  3.806  6.108 -148.4 -144.0
E  -64.6  -42.9  110.2 -179.5  -41.8    nan  1.064   95.9  3.829  5.430   66.1   80.2
F  -62.6  -45.3  111.2 -178.9 -174.9    nan  1.071   95.5  3.784  5.369   68.5   82.9
E  -62.8  -41.9  112.4  179.8  -65.2    nan  1.079   96.5  3.810  5.341   64.2   79.8
L  -66.9  -37.0  111.6  178.1  -70.8    nan  1.103   96.3  3.818  5.373   59.5   77.8
D  -60.6  -47.2  110.7  174.3  -76.5    nan  1.025   96.2  3.838  5.593   77.1   84.7
N  -64.6  -37.5  112.7  179.6  -94.9    nan  1.073   97.4  3.808  5.212   59.8   76.2
F  -61.3  -45.0  107.7  179.3 -170.3    nan  0.994   98.7  3.805  5.394   76.5   87.0
A  -65.0  -40.2  112.3  177.8    nan    nan  1.072   95.8  3.820  5.267   56.3   75.3
R  -58.7  -46.2  110.5  176.2  -78.0    nan  1.016   98.3  3.838  5.513   77.2   85.1
F  -59.1  -51.0  111.6 -178.9 -177.2    nan  1.032   94.5  3.794  5.174   70.0   82.9
L  -61.4  -37.8  109.9 -179.6 -102.0    nan  1.027  101.3  3.815  5.181   60.8   75.7
H  -65.6  -42.6  111.6  178.6 -175.0    nan  1.059   94.5  3.787  5.324   65.1   82.5
M  -62.3  -33.1  111.0  176.4  -65.1    nan  1.025  102.5  3.836  5.426   68.6   79.6
A  -68.9  -41.7  111.5  179.5    nan    nan  1.068   92.3  3.801  5.347   67.6   84.6
V  -70.0  -37.3  110.6  178.5  -16.4  110.4  1.154   94.1  3.820  5.478   51.8   75.3
D  -58.2  -47.3  110.0  176.2  -75.2    nan  1.030   98.3  3.829  5.686   84.4   87.9
Y  -66.5  -37.8  113.4 -179.1 -168.5    nan  1.102   95.2  3.795  5.219   56.7   75.5
A  -59.5  -44.9  110.4  177.5    nan    nan  1.040   98.4  3.821  5.492   77.7   87.8
K  -59.6  -45.0  109.6  178.5  -90.6    nan  0.999   98.8  3.831  5.379   72.0   81.0
E  -58.2  -43.0  113.6 -176.6 -156.6    nan  1.053   98.8  3.758  5.121   71.0   86.9
I  -92.4    5.4  111.4  179.2   63.5  -60.3  1.070   89.6  3.795  5.142   31.1   54.0
G   63.9   36.6  115.3  179.1    nan    nan    nan   97.2  3.794    nan    nan -117.4
F  -78.4  122.2  107.4  174.7  174.4    nan  1.001   98.1  3.815    nan    nan  134.7
E -103.5    4.5  116.1 -175.5   16.9    nan  1.114   78.5  3.793  5.888 -161.7 -156.8
G  -71.2  156.2  112.4  179.8    nan    nan    nan   81.4  3.819    nan    nan  118.1
Q  -72.9  130.5  111.9  179.3 -179.1    nan  1.024   94.6  3.812    nan    nan  -97.6
F  -79.9  135.3  107.9  173.6  -89.6    nan  0.992   95.0  3.833  5.815 -125.7 -137.9
L -132.5  136.1  111.1 -178.5  -57.8    nan  1.015  132.1  3.812  5.751 -173.3 -178.3
I -101.7  137.3  105.7  172.3  -56.3  178.1  0.948  109.2  3.807  5.815 -142.0 -153.7
E -110.2  109.2  111.7  177.5 -174.3    nan  1.064  116.2  3.814  5.766 -158.0 -153.2
P  -69.1  145.6  114.2 -179.4  -20.1    nan  0.988   85.6  3.840  5.852 -128.1 -143.4
K -159.1  135.3  103.9  170.1 -167.2    nan  0.982  136.4  3.821  5.665  158.0  155.4
P  -73.4  -23.9  117.0 -177.8   34.7    nan  1.032   94.9  3.847  5.671 -111.9 -115.3
K -176.9 -178.8  109.9 -173.2   53.5    nan  0.997  176.4  3.817  4.654  -29.4  -14.3
E   67.4  111.0  112.9  179.9 -171.2    nan  1.101   61.8  3.814  4.690   70.4   64.5
P  -71.4  -15.3  118.9    1.3   33.8    nan  1.061  100.8  2.947  5.383   58.7   24.4
T  -77.8  164.9  111.1 -178.4   60.3  -60.7  1.046   83.5  3.821  5.614   73.3   95.5
K  -77.9  -35.3  108.1  177.0 -176.6    nan  0.992   89.7  3.810  5.326  -88.3  -94.0
H -140.7  121.0  108.2  173.8  172.3    nan  1.001  124.6  3.808  4.971  -13.0    6.4
Q  -96.6  132.8  106.8  176.7 -157.8    nan  0.998  106.8  3.807  5.905 -154.0 -160.3
Y  -56.0  -41.3  114.8 -175.5  -69.5    nan  1.123  101.0  3.819  5.753  -99.4 -102.0
D  -81.0   57.5  109.4  177.4  -62.0    nan  1.004  111.1  3.832  5.313   52.1   64.1
F  -52.7  -46.5  115.0 -170.8 -172.1    nan  1.093  100.0  3.810  6.151 -178.5 -167.7
D -160.0 -178.6  107.3 -180.0   61.9    nan  1.029  159.6  3.823  4.783  -37.0  -19.7
V  -57.8  -46.4  112.2 -176.9  176.7  -62.5  1.109   97.8  3.832  5.282  -55.2  -50.2
A  -59.7  -44.4  113.2  179.6    nan    nan  1.095   97.0  3.830  5.417   67.7   81.9
N  -56.2  -46.6  109.5  176.3 -100.8    nan  1.012  100.4  3.828  5.463   77.3   83.7
V  -61.7  -45.7  110.6 -178.7  174.7  -63.0  1.071   96.3  3.813  5.279   63.8   79.9
L  -61.5  -39.1  112.5  178.6  -67.8    nan  1.085   99.2  3.818  5.379   64.7   79.6
A  -60.6  -42.7  109.0  178.1    nan    nan  1.016   99.7  3.839  5.477   76.0   85.6
F  -66.8  -53.4  112.2  179.3  175.8    nan  1.048   87.5  3.796  5.204   60.9   77.1
L  -58.9  -40.6  112.1 -178.8  -60.6    nan  1.064  100.5  3.827  5.248   61.4   77.3
R  -67.8  -41.0  112.1  179.9  -67.4    nan  1.081   93.2  3.816  5.345   62.6   79.6
K  -61.6  -44.6  112.3  178.6  173.7    nan  1.059   96.0  3.804  5.425   71.4   84.1
Y  -94.7   13.9  113.6 -177.1  -66.3    nan  1.085   90.9  3.806  5.016   30.5   53.6
D   58.2   43.3  113.2  175.2 -149.1    nan  1.060   98.8  3.785  5.457 -113.8 -117.4
L -114.6   -6.3  110.5 -179.4 -100.3    nan  0.999   63.4  3.832  5.875  103.5  111.0
D  -59.1  -18.9  117.9 -175.6   60.2    nan  1.157  110.8  3.806  5.688   99.9  124.1
K  -84.3   -5.7  113.4  179.5   65.3    nan  1.147   93.4  3.796  5.559   63.1   85.6
Y -106.6  -20.9  114.7 -177.8  -52.2    nan  1.062   65.8  3.812  5.513   61.0   77.4
F -113.9  145.0  116.7 -173.8  -66.6    nan  1.089  124.6  3.801  5.043   36.1   59.9
K -123.3  180.0  105.2  166.6  -70.5    nan  0.988  123.4  3.770  5.605 -162.6 -169.9
V -114.5  149.0  113.9 -178.3  -59.5   62.3  1.117  123.1  3.807  5.470 -121.5 -105.8
N -105.2  109.8  102.9  173.0 -175.7    nan  0.924  106.9  3.797  5.579 -127.0 -144.8
I  -97.0  128.9  110.6 -177.0  -57.7 -178.7  1.039  110.4  3.808  6.039 -168.9 -164.2
E -109.9  129.6  108.8  177.5 -179.6    nan  1.009  116.8  3.801  5.856 -157.5 -165.6
A  -52.5  -50.5  113.3 -177.5    nan    nan  1.082   98.4  3.819  5.713  -96.4 -104.6
N  -61.9  -34.3  111.4 -177.8 -159.0    nan  1.051  102.0  3.820  5.270   63.8   78.1
H  -74.2  -30.5  111.9 -179.0  -63.4    nan  1.081   93.0  3.822  5.369   60.1   80.1
A  -68.1  -48.9  109.8  177.2    nan    nan  1.031   90.5  3.813  5.512   73.1   85.8
T  -69.1  -27.6  112.4 -177.7   57.8  -63.3  1.120   98.7  3.822  5.245   49.6   72.3
L  -64.8  -27.9  110.5  175.7 -133.1    nan  1.028  103.2  3.815  5.599   81.2   90.4
A  -91.1    5.3  110.7  175.9    nan    nan  1.038   90.8  3.841  5.352   45.9   65.4
F   67.5   39.8  114.6 -179.4  -82.5    nan  1.138   92.7  3.825  5.507 -116.3 -112.3
H -121.8  143.9  104.2  171.9  -62.7    nan  0.915  123.2  3.804  5.955   99.7   92.4
D  -67.9  147.7  107.3  169.6  -73.0    nan  0.992   80.2  3.782  5.563 -105.5 -111.0
F  -49.8  -46.3  109.0  176.4 -176.1    nan  0.990  105.4  3.812  5.336  -74.7  -87.4
Q  -62.5  -35.1  112.7 -178.8 -166.8    nan  1.064  100.4  3.820  5.251   61.3   79.7
H  -61.7  -48.0  109.4  179.9  165.9    nan  1.013   95.8  3.826  5.525   80.7   89.8
E  -64.6  -37.8  110.5 -177.2 -145.3    nan  1.030   98.4  3.784  5.024   61.2   76.8
L  -66.5  -46.4  109.9  176.5 -103.5    nan  1.017   92.8  3.838  5.421   63.9   79.6
R  -63.1  -47.6  112.2 -179.6 -175.1    nan  1.025   93.2  3.802  5.243   65.0   78.5
Y  -59.7  -41.9  111.2 -179.5 -172.4    nan  1.059   99.6  3.805  5.185   64.8   81.0
A  -64.0  -44.4  110.4  177.4    nan    nan  1.040   95.3  3.824  5.385   65.3   79.2
R  -54.5  -59.5  112.7  178.8 -142.2    nan  1.016   91.4  3.834  5.336   77.1   87.0
I  -62.9  -14.8  112.3 -178.7   69.9  -52.9  1.094  110.7  3.805  5.098   48.5   68.5
N -100.4    6.9  111.6  176.8  -82.7    nan  1.069   82.2  3.828  5.488   51.4   70.2
G   66.2   23.3  115.2  179.3    nan    nan    nan  102.5  3.785    nan    nan -113.5
V -120.9   13.8  116.5 -178.3  -64.8   58.3  1.153   66.0  3.811    nan    nan   90.2
L  -73.3   97.4  107.7  174.2  176.2    nan  1.027  104.6  3.814  6.039  115.8  118.8
G  -93.4  -48.3  116.1 -175.0    nan    nan    nan   68.5  3.800    nan    nan -170.9
S -157.1  170.8  107.7 -178.4 -162.0    nan  1.001  158.2  3.798    nan    nan  -16.6
I -132.5  137.5  112.1 -176.8  -66.6  170.5  1.035  133.2  3.814  5.509 -140.2 -136.8
D  -98.6  106.0  104.6  170.1  -93.0    nan  0.975  106.3  3.798  5.757 -141.4 -151.2
A  -80.3  105.7  112.5 -175.0    nan    nan  1.053  108.6  3.792  5.991 -149.2 -151.7
N -161.0 -169.0  109.6  175.6   71.8    nan  1.068  155.1  3.800  5.662  122.9  115.9
T -147.5  150.8  108.8  172.5 -166.9   73.7  1.032  145.2  3.753  5.299 -142.0 -131.9
G -103.7 -169.9  106.9  169.3    nan    nan    nan  100.6  3.750    nan    nan -139.0
D -117.5  120.3  102.5  175.0 -172.7    nan  0.930  113.5  3.781    nan    nan -103.8
M  -67.1   -7.6  116.0 -177.5  -72.5    nan  1.137  109.5  3.803  5.949 -130.1 -124.4
L  -97.9   -6.0  111.0  175.7  -61.9    nan  1.055   80.0  3.797  5.576   62.2   78.3
L -112.6  125.8  109.4 -179.7  -53.0    nan  1.028  118.2  3.814  5.383   48.4   67.9
G  -87.8   28.5  117.3 -173.5    nan    nan    nan  104.6  3.791    nan    nan -137.8
W -137.2  163.8  108.6  177.1   62.7    nan  1.049  139.9  3.801    nan    nan   71.2
D  -71.5  113.0  108.8 -178.8 -164.0    nan  0.981   99.0  3.799  5.264  -78.5  -87.0
T  -96.2  -25.9  113.2  178.7   64.1  -56.9  1.085   74.5  3.833  6.103 -167.4 -164.5
D   51.5   52.6  113.4  179.7  -75.1    nan  1.091   97.5  3.838  5.618 -155.9 -156.3
Q  -84.1  154.2  110.8  179.8  -66.2    nan  1.018   93.5  3.806  6.123  149.6  149.1
F  -66.1  136.2  107.1  173.8  -78.9    nan  1.015   83.9  3.796  5.436  -90.7  -97.1
P  -74.7  124.7  112.9 -178.7   33.9    nan  0.986   99.1  3.826  5.652 -110.6 -118.4
T -128.8    2.9  112.5  178.5   56.9  -62.9  1.070   52.4  3.806  5.886  168.9  172.9
D  -89.1  103.2  108.5  178.7 -172.5    nan  1.015  107.8  3.813  5.708   83.7   97.8
I  -71.1  -20.6  114.5 -176.1  -68.2  170.1  1.152   99.5  3.794  6.054 -149.7 -147.1
R  -69.4  -38.2  107.7  174.6 -172.3    nan  1.002   95.8  3.813  5.767   84.1   91.4
M  -73.6  -39.6  112.6  179.1 -128.9    nan  1.093   88.9  3.818  5.293   54.2   75.0
T  -65.9  -33.7  110.1  179.0   60.1  -60.6  1.064   99.5  3.823  5.487   67.5   81.3
T  -62.8  -52.7  110.8  175.6  -61.7  177.3  1.041   91.5  3.820  5.538   76.8   86.4
L  -61.3  -31.1  112.0  179.7  -89.9    nan  1.082  104.0  3.815  5.196   57.7   74.1
A  -71.8  -50.4  109.8  178.1    nan    nan  1.038   87.2  3.816  5.504   68.5   82.5
M  -66.8  -26.0  112.0 -178.0  -66.1    nan  1.096  101.7  3.797  5.189   53.1   72.8
Y  -56.3  -43.8  108.6  175.4 -175.9    nan  1.000  102.5  3.809  5.677   93.1   99.2
E  -66.6  -42.3  111.4 -179.1  -57.6    nan  1.054   94.0  3.817  5.253   59.8   77.5
V  -64.8  -38.3  111.9  179.9  174.6  -64.0  1.084   97.2  3.807  5.370   63.3   80.7
I  -70.3  -37.3  110.2  179.7  -65.9  171.5  1.059   94.1  3.805  5.410   63.5   78.7
K  -61.4  -29.9  113.2  178.7  -71.5    nan  1.075  104.1  3.805  5.450   72.8   87.4
M  -88.5    3.1  111.9  178.1   76.1    nan  1.080   92.6  3.800  5.369   48.6   69.3
G   96.6   13.9  114.8 -179.8    nan    nan    nan   77.8  3.785    nan    nan  -88.2
G   87.6  174.8  113.3 -180.0    nan    nan    nan   85.5  3.800    nan    nan  -86.4
F  -67.8  154.3  110.4  179.2  -70.2    nan  1.035   78.5  3.783    nan    nan  -70.5
D -111.1  -84.7  102.7  177.5 -174.0    nan  0.937   76.3  3.775  5.512 -132.6 -140.7
K -102.4  -15.9  112.2  177.3  -65.6    nan  1.041   72.1  3.818  4.792  -21.6    1.6
G  -78.8 -175.0  113.1 -178.9    nan    nan    nan   76.9  3.801    nan    nan   93.2
G -169.1 -167.6  110.4 -179.9    nan    nan    nan  160.9  3.777    nan    nan -161.1
L -105.9   93.7  109.0  178.4  -66.0    nan  1.022  109.3  3.799    nan    nan  -85.8
N  -88.9  121.4  110.3  179.7  179.1    nan  1.036  106.6  3.812  6.103 -172.7 -177.1
F  -76.4   80.8  113.8  179.5  -74.2    nan  1.106  115.2  3.798  5.884 -133.9 -137.7
D  -82.1   70.5  105.8  174.6 -166.8    nan  0.980  107.5  3.788  6.127 -173.6  170.3
A -143.5  150.9  106.9 -174.5    nan    nan  0.974  141.8  3.782  5.686  107.6  109.6
K -131.4  152.9  108.9  179.4   57.5    nan  1.005  134.4  3.789  5.648 -161.5 -160.5
V  -66.3  148.6  108.5  175.7  -68.0   53.6  1.026   78.9  3.799  5.512  -90.7  -97.3
R  -59.6  153.8  109.1  177.4  -56.4    nan  1.002   70.7  3.836  5.503  -82.1  -94.9
R  -56.2  -28.7  111.8  179.4 -171.3    nan  1.050  109.9  3.809  5.385  -78.6  -84.0
A  -82.4  -10.9  113.8  179.2    nan    nan  1.079   93.1  3.842  5.371   55.5   76.3
S -101.4   70.8  106.9  177.8  -59.8    nan  0.980  101.8  3.840  5.497   58.0   71.6
F  -99.2    0.3  117.1 -170.9   48.5    nan  1.115   81.0  3.807  6.023  146.3  161.5
E  -85.7  144.9  108.5  179.3  -67.5    nan  1.039   97.0  3.805  5.709   84.4   99.2
P  -44.8  -47.0  114.6 -178.3  -32.3    nan  1.006  105.7  3.860  5.366  -68.1  -81.8
E  -66.5  -15.4  115.0 -177.2   29.5    nan  1.190  106.3  3.795  5.203   44.7   79.0
D  -63.2  -28.3  110.0  175.0  -75.8    nan  1.040  104.6  3.800  5.842   98.7  102.9
L  -58.2  -41.0  109.4  175.8  -71.1    nan  1.024  102.3  3.829  5.617   86.0   95.6
F  -71.0  -45.2  111.4  178.8  -70.5    nan  1.062   89.1  3.793  5.254   57.4   74.6
L  -62.9  -37.6  111.8 -178.5  -60.0    nan  1.071   99.2  3.802  5.295   64.4   81.0
G  -62.9  -50.0  111.8  177.6    nan    nan    nan   92.3  3.794    nan    nan   85.0
H  -64.7  -39.5  113.9 -179.6  -75.9    nan  1.109   95.6  3.802    nan    nan   74.8
I  -59.8  -43.7  109.4  177.1  -69.0  168.3  1.040   99.5  3.814  5.508   74.8   85.6
A  -58.1  -47.7  111.7  179.0    nan    nan  1.057   97.1  3.825  5.393   70.5   84.3
G  -70.0  -41.0  115.5  179.8    nan    nan    nan   89.6  3.807    nan    nan   71.9
M  -65.9  -41.7  111.7  178.1  -67.5    nan  1.070   94.6  3.815    nan    nan   80.1
D  -63.7  -44.1  111.6  176.1  -84.7    nan  1.064   95.1  3.801  5.409   65.6   79.2
A  -62.1  -41.6  111.3 -179.6    nan    nan  1.065   97.9  3.819  5.341   67.3   81.9
F  -72.6  -36.4  113.6  178.0  -95.6    nan  1.135   90.7  3.806  5.337   50.7   73.3
A  -62.5  -46.3  109.6  178.1    nan    nan  1.035   96.0  3.824  5.535   76.9   86.6
K  -62.5  -45.6  111.1  179.3 -179.4    nan  1.041   95.5  3.816  5.284   63.3   77.9
G  -61.1  -39.0  112.2  178.6    nan    nan    nan   99.6  3.801    nan    nan   80.0
F  -60.1  -48.7  110.5  177.5  179.7    nan  1.042   95.7  3.799    nan    nan   85.9
K  -59.8  -38.4  114.0 -179.7  -68.1    nan  1.112  100.1  3.810  5.248   62.0   80.0
V  -73.2  -46.2  110.2  178.3  179.1  -58.8  1.046   87.8  3.806  5.444   62.0   75.2
A  -57.6  -40.7  108.9 -179.0    nan    nan  1.015  103.2  3.814  5.322   73.8   83.6
Y  -59.6  -42.3  112.4 -179.5  174.2    nan  1.082   98.8  3.779  5.255   67.9   86.8
K  -67.2  -36.8  111.0  175.2  -79.7    nan  1.042   96.4  3.848  5.473   61.3   74.5
L  -62.0  -41.4  110.8  178.0  -69.6    nan  1.047   98.3  3.823  5.441   73.7   86.4
V  -72.3  -48.3  111.2  178.4  173.1  -65.1  1.074   86.9  3.800  5.315   54.9   73.1
K  -57.6  -43.5  112.4 -179.1 -169.7    nan  1.075   99.6  3.827  5.340   68.4   82.6
D  -80.4   -2.7  113.4  179.5  -69.3    nan  1.071   98.5  3.835  5.288   46.9   65.4
R   51.9   37.0  112.5 -179.7  -52.8    nan  1.064  108.2  3.830  5.597 -133.7 -133.9
V  -54.9  -50.8  113.7 -176.5  179.4  -58.9  1.076   96.3  3.818  6.179  158.7  166.0
F  -84.9  -33.1  110.8 -178.8  -57.2    nan  1.066   83.2  3.811  5.082   35.9   55.5
D  -62.9  -39.3  115.3 -179.7  -71.9    nan  1.128   96.4  3.807  5.437   71.7   91.9
K  -58.6  -47.0  109.9  176.4  -79.2    nan  0.992   98.2  3.830  5.567   82.2   86.6
F  -65.1  -41.0  111.0 -178.1 -174.7    nan  1.069   96.0  3.779  5.144   60.1   77.2
I  -62.6  -40.0  111.4  178.6  -71.3  166.9  1.080   98.3  3.801  5.375   67.0   82.6
E  -59.6  -48.9  111.6  176.5 -120.4    nan  1.024   95.3  3.837  5.510   74.9   84.6
E  -65.9  -38.1  110.7  179.7  -28.7    nan  1.052   97.0  3.802  5.174   57.5   73.2
R  -61.1  -42.6  113.7 -177.4 -171.8    nan  1.064   96.8  3.803  5.323   73.9   90.1
Y -101.6   17.4  113.5 -178.0  -64.1    nan  1.047   85.7  3.834  5.053   26.2   47.9
A  -60.1  -21.4  115.9 -174.6    nan    nan  1.110  109.0  3.817  5.941  128.7  145.4
S  -66.6  -14.4  112.3 -177.6   63.4    nan  1.085  107.3  3.817  5.606   84.4  100.9
Y  -88.5    1.0  113.0  177.3  -70.2    nan  1.074   91.8  3.804  5.537   64.1   82.6
K  -83.3  -21.3  112.8 -179.4  -21.6    nan  1.097   88.2  3.821  5.721   84.0  104.2
D -153.7 -173.9  110.8  177.3   69.3    nan  1.060  151.0  3.823  5.007   -9.0    9.1
G   57.9 -148.7  112.8  179.5    nan    nan    nan   73.5  3.804    nan    nan   60.8
I  -58.3  -33.6  112.1 -178.7 -159.8   75.7  1.082  105.1  3.781    nan    nan  -14.8
G  -62.2  -41.0  112.8  179.9    nan    nan    nan   97.3  3.815    nan    nan   91.4
A  -65.0  -39.3  109.1  178.3    nan    nan  1.025   98.0  3.797    nan    nan   79.9
D  -63.0  -38.3  111.6  177.2  -74.8    nan  1.053   98.8  3.810  5.412   68.5   82.5
I  -63.3  -50.3  111.1  178.1  -66.0  171.0  1.058   92.3  3.807  5.392   70.4   84.1
V  -69.8  -28.1  113.4 -178.2  -59.1   63.0  1.108   97.5  3.820  5.304   50.8   70.9
S  -85.1   -5.7  114.6 -177.4   66.3    nan  1.109   92.5  3.818  5.385   58.1   78.2
G   89.3    8.0  113.8  177.9    nan    nan    nan   87.4  3.790    nan    nan -104.7
K  -83.2  -31.1  113.7  179.6  -62.9    nan  1.066   84.0  3.805    nan    nan  110.2
A  -83.9  154.5  112.0 -176.9    nan    nan  1.067   93.7  3.810  5.268   56.1   76.1
D -147.6  179.1  107.4  175.1   60.0    nan  1.043  147.8  3.821  5.614 -175.5 -177.4
F  -55.6  -40.3  114.3 -177.1  -86.1    nan  1.120  102.2  3.818  5.237  -53.7  -50.4
R  -65.5  -48.9  113.4  179.6  -64.4    nan  1.084   90.0  3.825  5.443   68.6   82.7
S  -66.1  -40.1  111.6 -179.7   63.5    nan  1.084   95.4  3.795  5.260   57.8   74.4
L  -64.8  -36.8  111.4  178.4  -67.4    nan  1.071   98.2  3.821  5.428   66.8   81.4
E  -64.0  -41.8  111.1  176.2  177.1    nan  1.061   96.4  3.800  5.489   70.5   83.5
K  -56.7  -46.3  109.6  177.6  -98.6    nan  1.014  100.2  3.825  5.428   78.1   86.0
Y  -62.3  -51.1  111.7  177.4 -179.6    nan  1.044   92.1  3.780  5.180   62.9   76.7
A  -62.6  -37.0  114.8 -175.3    nan    nan  1.109   98.2  3.831  5.170   58.0   79.3
L  -64.5  -28.8  111.1  177.7  -70.4    nan  1.029  102.8  3.841  5.500   74.3   84.4
E  -86.4  -13.5  116.2 -177.5 -126.0    nan  1.117   87.6  3.812  5.202   51.0   75.6
R  -97.0  138.9  108.7  176.8  -33.7    nan  1.039  107.5  3.815  5.521   56.5   73.9
S -107.0  -36.8  111.9 -177.5  -36.2    nan  1.049   63.4  3.821  5.807 -144.8 -146.1
Q -119.1  129.8  110.4 -178.5   18.7    nan  1.035  123.1  3.777  4.945   12.7   34.6
I -107.3  121.5  104.2  172.2  -72.9  167.4  0.982  110.7  3.781  5.847 -156.3 -167.2
V -113.0  119.1  109.9 -179.2 -169.4  -47.4  1.022  117.6  3.798  5.980 -168.4 -171.3
N -100.1  164.7  111.1  176.1  -71.5    nan  1.064  105.2  3.802  5.939 -162.3 -165.4
K -122.8  159.1  110.0  177.5  -69.3    nan  1.038  127.5  3.790  5.485 -138.5 -136.9
S  -57.0  144.1  114.1 -177.2  175.7    nan  1.074   76.1  3.802  5.311  -71.1  -77.1
G  -81.8  -15.1  112.3  176.0    nan    nan    nan   92.3  3.784    nan    nan -122.8
R   57.7   29.4  116.9  174.8  -60.2    nan  1.091  106.1  3.828    nan    nan -145.6
Q  -52.4  -48.3  113.9 -178.4 -179.2    nan  1.090   99.6  3.799  6.076  153.7  159.8
E  -61.3  -42.2  112.3 -177.8  -64.7    nan  1.070   97.7  3.835  5.315   66.1   81.0
L  -61.5  -47.6  109.9  176.1  176.7    nan  1.028   95.8  3.806  5.380   70.2   80.4
L  -58.9  -41.7  111.6 -179.7  -94.7    nan  1.066  100.1  3.805  5.261   65.2   81.2
E  -66.7  -35.9  113.9  178.1  -75.7    nan  1.096   95.8  3.806  5.347   59.9   78.6
S  -71.6  -32.5  112.0  178.2   55.8    nan  1.108   94.3  3.810  5.434   59.9   79.6
I  -66.2  -38.8  109.6  175.7  -66.8  171.2  1.036   97.1  3.828  5.615   74.8   84.5
L  -56.2  -40.6  108.9  176.1  174.5    nan  1.028  104.3  3.806  5.444   77.9   87.9
N  -67.1  -38.7  113.1  179.7  -78.8    nan  1.072   94.4  3.836  5.376   62.4   79.6
Q  -57.7  -45.6  109.5  175.6  -71.6    nan  1.026   99.9  3.796  5.454   78.5   86.9
Y  -67.8  -41.0  112.9  178.5  -82.4    nan  1.080   92.8  3.790  5.242   56.5   73.8
L  -59.4  -41.9  112.1  179.7  -89.5    nan  1.044   99.4  3.804  5.406   75.7   87.1
F -104.9   22.4  114.3 -175.9  -62.7    nan  1.098   85.0  3.781  4.854   21.2   46.9
A  -62.9    nan  112.1 -179.3    nan    nan  1.060    nan  3.835  6.088  132.9  142.3
