Id   phi    psi    tau  omega    chi    chi2  solid    eta  CA-CA  CB-CB  BA^AB  NA^AC
P    nan  -74.9  112.8    nan  -31.8    nan  0.995    nan    nan    nan    nan    nan
Y  -97.4  -50.4  114.3  179.9  -72.5    nan  1.113   66.6  3.830  4.887  -12.2   21.9
F -110.4   81.6  108.7  177.9  -54.9    nan  1.016  104.3  3.798  4.936   10.4   27.9
D  -80.1  -38.0  113.1 -177.2  -71.4    nan  1.061   84.2  3.811  6.154 -177.0 -177.1
N  -58.9  -49.8  107.1  177.8 -176.0    nan  0.968   98.1  3.782  5.382   80.4   87.5
I  -75.5  125.9  114.1 -175.0  -74.1  166.2  1.106  100.0  3.795  5.014   41.7   67.0
S -101.1  164.1  105.2  174.7 -177.2    nan  0.957  104.8  3.782  5.834 -146.7 -164.6
T  -49.7  125.6  111.6 -179.8  173.9   52.0  1.081   81.5  3.824  5.360  -65.5  -64.7
I  -73.8  127.6  112.6 -177.2  -55.0 -179.3  1.035   97.0  3.855  5.892 -115.2 -131.2
A -119.7  158.5  113.5 -178.1    nan    nan  1.071  126.0  3.803  5.800 -171.8 -172.0
Y  -75.7  117.5  109.6  175.0  167.3    nan  1.014  100.0  3.789  5.386  -92.6 -100.8
E -113.3   -4.1  116.3 -179.8  -70.9    nan  1.104   64.9  3.800  5.881 -177.5 -175.3
G   89.2  161.9  112.9  178.5    nan    nan    nan   82.3  3.792    nan    nan -102.7
P  -51.0  -51.7  116.2 -178.2  -30.2    nan  1.015   96.9  3.869    nan    nan  -70.2
A  -89.9   88.1  105.8  179.2    nan    nan  0.984  105.8  3.777  4.982   24.8   47.6
S -156.2  123.3  105.5  179.3  172.6    nan  0.978  126.3  3.787  5.707  113.6  108.1
K  -86.8    9.5  112.3 -176.8   28.5    nan  1.064   96.8  3.780  5.866 -140.9 -142.3
N  -87.4  110.7  114.2 -178.1 -177.4    nan  1.080  111.5  3.823  5.791   89.7  109.6
P  -57.4  -29.6  114.2 -179.9   28.0    nan  1.000  107.3  3.840  5.767 -115.1 -132.6
L -100.6   55.1  114.3 -179.8  -73.0    nan  1.106  103.0  3.808  5.137   26.8   60.1
A -152.7  154.0  110.4  179.2    nan    nan  1.025  150.3  3.804  5.557   81.2   80.4
F  -79.3  127.1  108.4  176.5  -64.1    nan  0.998   97.8  3.794  5.509 -101.4 -107.9
K  -91.0  -25.6  111.7  177.1  -80.4    nan  1.071   79.9  3.781  5.849 -146.1 -146.9
F -128.7  -27.2  115.4 -177.4  -62.4    nan  1.105   44.9  3.804  4.975   12.2   36.6
Y  -84.0  106.8  110.8 -179.1  177.3    nan  1.060  107.9  3.796  5.396   59.7   77.8
N -116.8   99.6  105.0  177.6  177.8    nan  0.971  107.6  3.787  5.930  176.2  163.7
P  -37.4  -40.8  115.3 -178.0  -34.1    nan  1.009  115.6  3.853  5.836 -109.4 -119.8
E -105.9    4.9  116.0 -176.1   67.4    nan  1.149   76.3  3.792  4.920   11.2   48.8
E  -66.9  135.1  107.2  175.0 -177.2    nan  0.993   85.1  3.797  5.975  115.9  117.3
K  -87.7  134.7  110.9  180.0  -84.9    nan  1.032  103.1  3.784  5.774 -129.5 -133.5
V -127.5   98.7  102.2  175.1  178.8  -59.8  0.954  104.9  3.769  5.753 -171.3 -180.0
G   77.9 -136.3  107.5 -174.2    nan    nan    nan   93.0  3.773    nan    nan   -8.3
D  -93.0    1.4  116.1 -178.7   48.9    nan  1.159   87.6  3.780    nan    nan  -34.1
K -125.9  151.5  110.6  177.8  -69.0    nan  1.042  130.6  3.832  5.521   46.1   59.9
T  -77.1  161.7  109.4  177.6   54.0  -66.1  0.997   83.7  3.800  5.494  -98.2 -108.5
M  -54.5  -39.2  111.9  178.8  -66.7    nan  1.062  105.0  3.801  5.273  -69.5  -73.5
E  -64.4  -40.3  112.1 -179.9  177.4    nan  1.066   96.4  3.796  5.361   69.5   84.3
E  -70.1  -36.1  111.5 -179.8  -55.9    nan  1.038   94.1  3.814  5.324   63.4   77.7
H  -68.6  -51.7  112.5  178.5  -91.4    nan  1.017   86.9  3.805  5.341   69.2   81.5
L  -79.7  -27.6  116.8 -171.5  -85.1    nan  1.137   87.3  3.775  4.834   38.8   66.9
R   36.9   56.3  113.5  179.6  -66.8    nan  1.084  104.2  3.827  5.681 -171.8 -170.9
F  -61.0  147.5  114.0 -178.2  -74.8    nan  1.080   77.5  3.823  6.186  175.2  176.1
S -144.2  143.3  109.9 -178.4  158.6    nan  1.007  140.3  3.809  5.602 -169.9 -179.8
V -108.3  139.7  112.0  177.1  -11.0  114.1  1.160  118.0  3.805  5.858 -157.4 -145.0
A  -82.1  114.7  108.5 -178.9    nan    nan  0.999  103.2  3.778  5.582 -106.0 -126.8
Y  -56.2  -47.0  111.4 -179.3 -156.4    nan  1.026   99.1  3.794  5.852 -113.2 -125.4
W  -50.6  -63.0  114.9 -177.3   52.7    nan  1.125   89.9  3.792  5.250   73.2   92.3
H  -64.6  -45.2  112.3 -177.7  -75.3    nan  1.045   93.4  3.790  5.135   52.9   65.2
T  -71.8  -40.3  115.2 -173.5  -50.2 -170.0  1.129   88.6  3.756  5.068   53.7   78.1
F -110.7  -17.6  117.6 -176.8  -51.9    nan  1.138   62.1  3.820  5.005   17.6   44.6
T -117.4   -9.6  112.9  179.5   78.0  -42.3  1.093   59.2  3.806  5.271   32.0   53.8
G  -67.3  143.1  111.8  179.0    nan    nan    nan   84.1  3.807    nan    nan  107.8
D -122.3    6.2  115.1 -178.2   66.7    nan  1.110   60.5  3.816    nan    nan -158.1
G   72.7    9.8  114.3  178.4    nan    nan    nan  103.1  3.786    nan    nan -109.0
S  -66.0  166.2  108.4  176.6   55.2    nan  1.059   70.9  3.787    nan    nan  124.1
D -155.2  150.8  101.1 -158.9 -179.1    nan  0.834  146.3  3.753  5.172 -139.7 -163.5
P  -54.6  -19.2  113.8  179.6  -33.6    nan  0.979  116.0  3.830  5.546  -87.3  -82.5
F -124.4    6.3  112.2 -179.3  -55.1    nan  1.050   58.2  3.820  5.019   15.8   44.6
G -134.8  147.9  114.8 -178.3    nan    nan    nan  139.0  3.796    nan    nan   59.2
A  -78.8  167.0  108.5  178.6    nan    nan  0.997   83.2  3.792    nan    nan -115.5
G  -61.8  129.6  110.7  178.0    nan    nan    nan   86.5  3.795    nan    nan  -74.0
N -121.8   -4.6  114.3 -177.6   72.9    nan  1.062   56.4  3.799    nan    nan -171.1
M  -62.5  138.0  113.8 -177.5  -70.4    nan  1.086   84.1  3.816  5.774  104.4  120.2
I -101.7  111.7  109.0  178.1  -67.9  170.2  1.005  111.8  3.808  5.754 -137.4 -148.5
R -132.9  141.8  112.9  178.5  -87.4    nan  1.115  135.4  3.813  5.808  153.0  156.5
P  -57.9  -32.7  116.3 -178.6   30.4    nan  1.030  104.2  3.862  5.503  -83.3  -98.0
W  -84.4    8.5  113.6 -178.1   55.2    nan  1.066   99.0  3.809  5.221   47.4   74.1
N  -68.2  -23.5  115.5 -177.6  -80.0    nan  1.105  100.4  3.822  5.894  109.7  127.4
K  -62.3  -26.6  112.9  179.3   47.6    nan  1.064  105.1  3.814  5.583   87.7  100.3
Y  -84.8  159.1  116.2 -177.5  -56.4    nan  1.079   94.1  3.840  5.360   58.9   79.6
S -129.6  171.0  109.3  177.3  -49.5    nan  0.990  132.0  3.804  5.494 -146.9 -153.1
G   42.0 -138.0  119.3  176.8    nan    nan    nan   70.5  3.787    nan    nan   24.8
M  -62.6  -28.4  113.7 -178.9  -71.8    nan  1.094  103.5  3.816    nan    nan   -3.9
D  -63.0  -42.5  108.2  177.2  -57.1    nan  1.009   98.5  3.799  5.597   84.3   92.5
L  -63.9  -42.4  111.5  176.6 -179.0    nan  1.041   96.0  3.792  5.278   64.6   77.8
A  -60.9  -46.4  110.1  179.9    nan    nan  1.033   96.8  3.820  5.334   70.4   83.7
K  -66.1  -46.2  110.1 -179.9  -63.1    nan  1.028   93.0  3.793  5.238   61.0   74.9
A  -53.4  -46.5  109.5 -179.5    nan    nan  1.020  102.5  3.816  5.324   76.7   87.2
R  -60.4  -36.7  112.7 -180.0  -72.1    nan  1.077  101.2  3.780  5.228   63.9   80.6
V  -65.0  -47.0  110.1  179.7  177.2  -61.5  1.052   93.4  3.801  5.477   72.2   85.4
E  -56.2  -50.6  109.4  176.8  -67.0    nan  0.997   98.0  3.808  5.354   75.3   81.0
A  -58.1  -44.9  110.9  179.4    nan    nan  1.032   99.2  3.804  5.151   65.1   78.0
A  -54.7  -55.0  110.0 -177.1    nan    nan  1.037   95.9  3.796  5.288   75.9   89.4
F  -64.9  -29.4  114.7 -179.0  -79.4    nan  1.137  100.7  3.780  5.097   47.8   70.3
E  -66.2  -45.6  107.9  175.9 -175.2    nan  1.013   94.7  3.792  5.603   78.9   87.6
F  -60.7  -46.4  110.2  179.9 -175.2    nan  1.032   96.8  3.822  5.272   66.0   80.0
F  -54.9  -46.6  111.4  178.2  -61.7    nan  1.027  100.3  3.829  5.375   73.3   84.2
E  -63.5  -50.3  112.2 -179.6  166.0    nan  1.057   91.4  3.796  5.183   62.8   78.3
K  -64.1  -30.3  113.5 -178.4  -65.5    nan  1.078  101.2  3.799  5.203   58.4   75.9
L  -94.5  -18.7  110.9 -178.0 -144.2    nan  1.046   79.2  3.780  5.188   45.1   65.6
N   74.5   44.4  110.9  174.9 -156.7    nan  1.015   87.2  3.798  5.338 -133.8 -131.6
I  -93.1  130.4  112.4 -178.5  -58.2 -174.7  1.082  109.0  3.810  6.002  117.8  135.4
P  -69.4  -28.1  114.4 -179.7  -22.0    nan  0.954   97.3  3.829  5.618 -102.7 -123.0
F -142.0  166.9  114.9 -172.6  -60.2    nan  1.043  145.8  3.839  4.682   -2.9   22.7
F -149.7  168.4  109.8  169.9   71.0    nan  1.062  151.7  3.789  5.401 -173.2 -165.5
C -138.8  157.3  109.9 -179.8  -65.1    nan  0.998  141.4  3.833  5.510 -144.8 -148.6
F -160.7  157.4  113.8  178.0   62.2    nan  1.081  157.3  3.793  5.448  172.1  175.3
H  -97.2  151.1  102.2  170.7  -61.1    nan  0.910  102.2  3.787  5.481 -112.4 -127.3
D  -48.5  -45.0  113.4  175.6   53.9    nan  1.082  105.0  3.797  5.338  -79.0  -80.8
V  -71.3  -11.1  114.3 -178.7  -60.9   63.4  1.091  103.9  3.840  5.371   56.0   74.5
D  -76.8  -36.3  110.4 -179.9  -63.8    nan  1.015   89.0  3.801  5.676   88.7   98.1
I  -91.6  -29.0  115.6 -172.9   63.9  -58.4  1.141   76.5  3.783  5.029   39.3   67.4
A -140.6  147.8  111.9  179.7    nan    nan  1.069  141.3  3.803  4.942    0.5   18.9
P  -71.6  137.5  112.2  180.0   33.6    nan  0.978   90.6  3.827  5.439  -94.7 -105.5
E  -69.5  148.2  109.7  179.5 -156.8    nan  1.010   82.5  3.801  5.747 -110.7 -117.1
G  -96.2 -178.8  112.4 -178.1    nan    nan    nan   95.7  3.801    nan    nan -126.3
E  -79.1  -25.0  110.2  177.5 -151.6    nan  1.071   91.6  3.758    nan    nan  -73.3
T -130.1  158.9  109.8  174.8   55.3  -65.3  1.026  133.9  3.823  5.212    9.6   28.6
L  -54.4  -41.3  113.0 -179.1 -171.8    nan  1.078  103.2  3.792  5.289  -70.9  -75.4
K  -58.6  -42.4  110.1  179.5  -39.2    nan  1.053  100.8  3.836  5.451   73.5   86.9
E  -61.1  -54.8  111.0  176.7  -82.7    nan  1.029   91.3  3.810  5.412   70.6   81.0
T  -45.7  -48.2  111.4  177.9  -63.3  176.5  1.039  105.7  3.816  5.276   76.9   85.1
Y  -57.4  -41.0  112.7  177.4  -77.8    nan  1.062  101.2  3.800  5.258   68.0   80.3
K  -61.6  -53.3  111.2 -179.0  -20.8    nan  1.059   91.7  3.832  5.398   71.4   85.7
N  -58.9  -40.6  110.3 -178.2  -65.6    nan  1.005  101.4  3.808  5.183   66.8   77.0
L  -61.1  -55.4  109.2  179.1 -146.9    nan  1.018   92.2  3.775  5.238   69.3   83.9
D  -53.2  -46.1  112.7 -179.1  -69.5    nan  1.079  101.1  3.820  5.241   63.5   79.9
I  -52.0  -56.7  110.5  176.5  -70.9  164.4  1.013   96.2  3.806  5.417   80.0   86.3
I  -62.6  -39.9  112.5  179.9  -67.9  172.1  1.102   97.8  3.805  5.093   51.0   69.5
V  -61.1  -39.0  111.2  176.6  173.1  -66.3  1.088  100.2  3.824  5.543   70.5   83.8
D  -57.3  -47.4  108.7  177.7  -71.7    nan  0.994   99.6  3.840  5.570   83.2   88.0
M  -63.1  -42.5  111.5 -178.6 -170.6    nan  1.041   96.5  3.786  5.110   63.1   77.8
I  -65.3  -45.8  109.6  179.7  -70.7  167.8  1.062   94.2  3.797  5.319   62.2   79.4
E  -55.4  -47.9  112.3 -178.2  179.7    nan  1.060   98.5  3.806  5.389   74.3   87.3
E  -91.3   71.0  107.6 -179.7  176.8    nan  0.997  106.1  3.792  4.999   33.5   49.7
Y -174.2  -42.2  100.1 -175.9 -116.8    nan  0.894   41.5  3.812  5.557   82.7   74.7
M  -62.1  -32.2  104.5  172.2  -51.2    nan  0.929  106.2  3.775  5.230   67.6   73.0
K  -50.2  -36.1  112.6  178.0 -107.4    nan  1.014  110.1  3.802  5.361   88.2  100.3
T -117.3   14.5  113.2 -175.9   60.2  -59.2  1.048   69.2  3.816  4.867   15.6   39.2
S -124.9  152.3  112.1 -176.7 -139.0    nan  1.051  130.5  3.821  5.426   58.0   77.4
K  -78.5  -21.1  109.2  177.1   67.3    nan  1.027   94.0  3.816  5.568 -103.1 -109.1
T  -69.6  136.5  112.5 -177.8  -53.9 -173.2  1.064   89.6  3.801  5.515   79.1   97.2
K -129.9  161.7  110.4 -179.7  -56.2    nan  1.031  133.8  3.790  5.730 -168.7 -177.1
L  -80.0  115.2  109.8 -179.8 -179.3    nan  1.012  103.1  3.776  5.378  -93.5  -97.9
L  -73.0  -57.0  107.6  177.3 -178.8    nan  1.007   85.2  3.810  5.926 -133.0 -144.4
W -158.7  153.3  111.9  173.9   56.0    nan  1.087  153.3  3.815  4.887  -54.7  -32.2
N -122.4  175.1  106.9  173.8   64.5    nan  1.014  123.7  3.782  5.602 -148.8 -153.0
T -161.9  164.4  111.0 -175.5  176.4   55.8  1.026  161.0  3.796  5.388 -162.5 -163.7
A -102.1  127.4  109.5  179.1    nan    nan  1.019  112.7  3.814  5.490 -117.3 -116.5
N  -80.9  100.1  109.7 -179.8 -179.4    nan  1.004  107.4  3.813  5.836 -126.5 -136.6
L -108.2   40.3  112.6 -178.9  -53.1    nan  1.074   89.9  3.789  5.953  169.1  172.4
F -141.9  -28.2  116.4 -177.4   48.6    nan  1.125   34.6  3.825  5.515   67.3   83.4
T  -73.2  -37.2  115.9 -175.4  -55.2 -174.6  1.114   88.7  3.800  5.425   71.4   91.7
H  -73.8  144.9  112.3 -177.5 -165.7    nan  1.050   88.9  3.807  5.336   64.6   80.2
P  -56.7  -21.0  113.9 -179.8  -36.1    nan  0.987  113.1  3.852  5.340  -81.6  -95.5
R  -69.9  -25.7  110.9 -177.3  126.4    nan  1.043   99.5  3.784  5.367   71.9   97.3
F  -95.0   18.9  112.6 -177.9  -60.5    nan  1.056   92.4  3.808  5.259   45.7   68.9
V  -54.2  -33.9  113.8 -177.1   67.4 -167.0  1.094  107.6  3.803  6.022  134.7  149.4
H -107.2   17.4  112.2 -179.7  -61.6    nan  1.046   79.9  3.841  5.189   28.6   48.6
G  113.6 -177.2  109.9 -178.3    nan    nan    nan  114.6  3.800    nan    nan  -54.9
A -115.7  -82.1  106.3  176.2    nan    nan  0.999   72.0  3.790    nan    nan -108.9
A  -74.4  -20.8  109.0  177.5    nan    nan  1.021   98.0  3.810  4.882   15.8   31.1
T  -97.5    9.5  111.2  179.2   59.5  -60.8  1.044   86.0  3.805  5.352   47.6   68.4
S  -69.5  149.6  110.0 -179.6 -178.3    nan  1.023   81.9  3.802  5.878  112.7  124.0
C  -84.0   -4.3  109.6  179.1   53.3    nan  1.024   94.5  3.803  5.587 -111.3 -116.3
N -106.3  109.9  107.1 -179.5 -172.6    nan  0.972  111.2  3.801  5.421   58.2   74.8
A  -58.8  -26.1  114.7  179.4    nan    nan  1.112  107.9  3.813  5.974 -129.7 -131.8
D  -63.6  -39.2  110.2  175.3  -75.7    nan  1.036   98.6  3.850  5.698   83.9   93.0
V  -67.2  -36.4  109.7  178.8  175.4  -63.5  1.051   97.3  3.817  5.374   65.3   79.4
F  -59.6  -47.3  107.9  175.9 -172.8    nan  1.014   98.5  3.802  5.499   77.3   86.5
A  -58.5  -49.1  111.6  179.6    nan    nan  1.050   96.0  3.832  5.307   66.3   80.5
Y  -58.6  -45.8  111.8  179.8 -151.9    nan  1.048   97.8  3.813  5.258   66.6   80.0
A  -60.5  -43.7  109.8  179.1    nan    nan  1.030   98.8  3.827  5.306   67.7   80.4
A  -57.6  -40.9  111.7  177.4    nan    nan  1.052  101.6  3.805  5.311   69.8   83.6
A  -65.4  -45.8  110.2 -179.5    nan    nan  1.038   93.7  3.821  5.349   66.7   81.6
K  -66.1  -27.0  113.6  179.5  -85.6    nan  1.141  101.2  3.786  5.222   52.9   76.1
V  -79.6  -33.4  109.8  175.2  165.8  -73.9  1.066   88.2  3.803  5.590   61.6   77.1
K  -63.0  -51.7  109.6  178.4 -174.4    nan  1.014   92.7  3.830  5.548   78.2   88.2
K  -59.9  -39.4  108.9  175.9 -176.6    nan  1.005  102.1  3.805  5.175   61.8   72.2
G  -56.1  -47.9  112.9  178.2    nan    nan    nan   97.7  3.808    nan    nan   89.6
L  -65.8  -34.2  112.3  179.1  -66.1    nan  1.066   98.3  3.807    nan    nan   74.3
E  -65.3  -43.7  110.2  178.3  -64.6    nan  1.028   94.9  3.815  5.462   73.4   86.0
I  -63.9  -38.4  109.9  177.9  -63.3  175.4  1.048   98.8  3.789  5.296   62.8   77.9
A  -60.7  -50.7  109.5  179.4    nan    nan  1.032   94.9  3.808  5.430   73.9   86.6
K  -56.5  -44.5  111.1  178.7  162.7    nan  1.027  100.6  3.819  5.223   66.7   78.9
R  -64.9  -46.4  113.6 -177.6  171.8    nan  1.076   91.7  3.809  5.163   60.5   80.5
L  -90.4    0.4  112.3 -179.2  -56.7    nan  1.054   89.7  3.812  5.126   33.5   54.3
G   66.4   44.9  115.3  177.9    nan    nan    nan   90.4  3.804    nan    nan -120.6
A  -61.9  141.3  107.8  175.7    nan    nan  0.992   78.5  3.795    nan    nan  158.3
E  -79.8  -25.5  111.2  177.7  -64.2    nan  1.032   90.4  3.803  5.682 -116.4 -121.1
N -143.1  166.7  109.0 -177.2  -49.9    nan  0.991  145.4  3.802  4.859    2.7   19.3
Y -136.4  123.3  107.2  172.6 -176.1    nan  1.016  124.6  3.801  5.519 -157.4 -150.8
V -101.6  138.0  114.6 -174.0  166.3  -72.5  1.093  115.0  3.803  5.921 -154.1 -154.7
F -113.9  126.2  108.5  173.1  -69.3    nan  0.970  118.2  3.799  5.739 -149.2 -165.0
W -125.9  115.3  110.0  173.0 -178.9    nan  1.035  120.0  3.824  5.835  174.2  175.0
G  -82.6   61.0  115.7 -176.3    nan    nan    nan  116.1  3.797    nan    nan -145.1
G  -50.8  -42.3  115.9 -178.1    nan    nan    nan  103.9  3.802    nan    nan -170.2
R -106.5    6.8  111.3  177.7  -55.8    nan  1.039   76.1  3.804    nan    nan   40.2
E  -89.5   79.7  108.5 -179.1  -44.9    nan  1.033  108.3  3.818  5.724   84.8  102.6
G -172.7 -141.2  105.8  179.9    nan    nan    nan  138.7  3.773    nan    nan   81.5
Y -147.4  159.1  112.2  177.6   67.9    nan  1.105  149.3  3.782    nan    nan  -98.9
E -103.5  -29.3  106.1  177.5 -171.5    nan  0.988   70.4  3.789  5.512 -118.7 -126.2
T -156.8  136.2  109.3  175.7  177.5   57.7  1.040  138.9  3.803  4.975  -24.8   -4.2
L  -66.8  -26.9  111.6  177.3  -90.0    nan  1.045  101.4  3.775  5.615 -103.7 -115.8
L  -49.5  -32.2  117.0 -176.7 -101.4    nan  1.107  111.5  3.815  5.536   95.6  112.6
N -117.8   17.4  111.9 -179.2   60.2    nan  1.041   69.8  3.826  5.046   20.3   40.5
T -108.7  126.9  116.9 -171.6  -64.9  173.8  1.103  122.4  3.803  5.559   77.6  101.6
D  -98.9   88.5  103.3  172.2 -176.4    nan  0.955  102.9  3.784  5.829 -147.1 -164.0
M  -61.0  -45.3  113.6 -176.4 -178.8    nan  1.075   95.3  3.793  6.093 -150.4 -150.3
K  -61.6  -39.1  111.3 -179.3  119.3    nan  1.100   99.7  3.804  5.365   63.7   82.1
L  -64.7  -50.7  110.3  177.4  179.8    nan  1.043   91.6  3.816  5.508   70.4   81.3
E  -53.8  -45.3  112.3  179.5  -63.8    nan  1.072  101.4  3.813  5.294   69.1   82.6
L  -67.2  -41.4  111.4  179.5  -68.8    nan  1.065   93.9  3.786  5.273   59.3   75.5
D  -56.1  -44.8  110.7  176.5  -83.5    nan  0.997  100.8  3.810  5.436   79.6   86.5
N  -70.5  -36.1  113.3 -179.0  -81.2    nan  1.087   92.9  3.790  5.088   53.4   73.9
L  -60.8  -40.3  108.7  176.9 -175.6    nan  1.007  101.1  3.799  5.460   77.7   87.2
A  -68.2  -40.9  111.8  178.3    nan    nan  1.050   93.2  3.797  5.255   60.2   77.3
R  -62.8  -42.3  109.4  178.6  -82.3    nan  1.038   98.0  3.820  5.377   68.1   82.2
F  -58.4  -55.8  110.3  177.2 -169.3    nan  1.016   92.8  3.798  5.325   72.5   83.5
L  -59.8  -34.0  112.5 -179.8  -63.0    nan  1.076  103.4  3.811  5.182   55.4   73.0
H  -64.0  -45.2  111.7  177.6 -100.7    nan  1.068   94.2  3.784  5.462   73.4   87.6
M  -58.9  -36.3  111.4  178.3  -65.7    nan  1.038  103.5  3.793  5.300   70.1   82.0
A  -65.8  -51.3  111.7  178.9    nan    nan  1.064   89.6  3.799  5.362   67.4   84.3
V  -64.0  -24.7  110.7 -178.1  -36.9   88.5  1.087  105.4  3.812  5.334   57.6   74.7
D  -73.4  -44.7  110.5  177.5  -81.0    nan  1.035   88.1  3.813  5.572   75.2   86.1
Y  -65.8  -40.5  110.1  178.9 -168.8    nan  1.035   96.2  3.795  5.287   63.0   76.0
A  -55.5  -38.6  110.0  177.5    nan    nan  1.037  105.5  3.792  5.363   77.1   88.2
K  -72.2  -43.9  110.9  179.5  -76.3    nan  1.044   89.2  3.825  5.376   60.4   76.3
E  -56.3  -49.7  112.0 -179.5 -166.0    nan  1.045   97.0  3.767  5.244   74.6   87.4
I  -82.0   -4.6  113.1  178.7   72.3  -50.3  1.088   96.2  3.836  5.228   36.1   57.5
G   69.4   50.1  113.0 -179.2    nan    nan    nan   86.9  3.799    nan    nan -119.5
F  -67.3  -63.4  112.2 -178.9  179.2    nan  1.072   82.0  3.822    nan    nan  164.7
D   66.5   21.5  116.9 -179.1  104.4    nan  1.160  102.6  3.829  5.351  178.3 -176.0
G  -98.4  166.5  106.8  175.2    nan    nan    nan  102.1  3.835    nan    nan  102.4
Q  -81.6  120.9  114.3 -177.8  177.6    nan  1.082  105.9  3.817    nan    nan  -89.3
F  -72.7  134.7  108.9  175.0  -90.4    nan  1.009   90.6  3.814  5.853 -123.5 -141.1
L -130.1  142.2  111.9 -178.4  -67.3    nan  1.027  133.1  3.790  5.735 -171.3 -176.5
I -117.3  131.3  107.1  174.8  -71.7  166.7  1.007  119.9  3.781  5.702 -157.0 -160.5
E -106.4  104.0  110.7 -179.2 -174.4    nan  1.036  113.4  3.793  5.831 -152.5 -155.3
P  -70.8  157.5  115.5  179.6   28.5    nan  1.025   81.5  3.816  5.937 -142.0 -148.2
K -162.9  137.8  111.2  174.2 -179.9    nan  1.054  141.2  3.792  5.544  168.9  167.8
P  -68.7  -38.6  115.5 -176.5   -0.4    nan  0.995   91.9  3.828  5.585  -99.2 -109.6
K -172.1 -177.4  108.2 -171.4   59.4    nan  0.968  170.9  3.813  4.494  -36.2  -21.1
E   69.1  108.7  112.1 -176.2  172.6    nan  1.079   63.4  3.825  4.789   76.5   70.0
P  -65.6  -36.3  115.2    0.7  -19.1    nan  0.978   95.9  3.072  5.601   80.8   25.0
T  -60.8  152.1  112.9 -177.5   41.1  -78.6  1.024   74.2  3.836  5.318   73.0   92.8
K  -67.9  -35.7  107.3  173.9  174.5    nan  0.985   98.3  3.812  5.449  -91.8 -101.7
H -142.7  124.4  108.8  174.8  173.1    nan  1.002  127.7  3.799  4.894  -14.2    4.6
Q  -99.0  136.5  107.1  176.7 -166.9    nan  0.993  108.3  3.785  5.833 -153.3 -159.3
Y  -58.3  -49.6  114.9 -174.7  -66.2    nan  1.147   93.9  3.806  5.751 -100.9  -99.7
D  -82.4   66.1  108.7  175.9   -2.1    nan  1.060  110.2  3.836  5.358   39.4   54.5
F  -57.9  -39.2  113.2 -178.0 -169.4    nan  0.989  101.6  3.808  6.072 -161.7 -171.9
D -140.2  166.8  108.5 -166.4 -109.1    nan  0.895  142.6  3.790  4.464    4.8   16.1
V  -61.9  -49.8  105.7  166.9  156.6  -81.7  0.982   97.0  3.742  5.136  -82.0  -81.4
A  -62.8  -44.9  112.6 -178.7    nan    nan  1.075   94.7  3.834  5.196   58.1   75.2
T  -61.8  -45.7  111.3  179.7  -53.9 -175.1  1.046   95.8  3.801  5.344   68.4   81.1
A  -62.7  -39.0  110.0  177.9    nan    nan  1.033   99.5  3.818  5.295   64.9   77.4
L  -57.5  -47.2  110.3  177.5  176.0    nan  1.031   98.7  3.793  5.380   75.4   87.8
A  -53.5  -45.8  110.0  178.5    nan    nan  1.029  102.6  3.819  5.313   72.9   84.7
F  -59.9  -53.0  111.7  179.5  171.1    nan  1.038   92.6  3.803  5.243   67.3   81.1
L  -58.7  -36.2  111.5 -178.5  -62.2    nan  1.043  103.5  3.807  5.181   63.2   77.7
Q  -69.9  -42.1  110.7 -179.9  -65.9    nan  1.047   91.9  3.797  5.330   64.9   81.3
T  -57.9  -39.6  112.5  179.0  -64.0  174.8  1.047  101.7  3.788  5.348   73.6   86.3
Y -104.8   10.8  115.0 -176.7  -62.3    nan  1.095   80.0  3.796  4.911   23.5   48.9
G   60.5   33.7  115.8  178.2    nan    nan    nan  101.5  3.804    nan    nan -116.5
L -100.9    2.2  110.0  177.9  -68.2    nan  1.006   79.9  3.804    nan    nan  113.8
K  -58.1  -36.5  117.3 -172.4 -167.5    nan  1.139  101.2  3.795  5.794  112.7  135.6
D  -74.9  -15.3  114.4 -176.9  -59.1    nan  1.101   98.4  3.800  5.339   62.4   81.4
Y  -92.6  -13.2  113.9 -177.7  -50.7    nan  1.065   82.1  3.798  5.413   62.6   82.2
F -120.3  155.9  116.6 -173.6  -71.0    nan  1.097  128.2  3.788  5.070   34.9   60.3
K -137.7  171.3  104.3  171.5  -95.1    nan  0.966  139.1  3.773  5.515 -161.3 -169.6
F -106.1  145.8  115.4 -175.5  -63.5    nan  1.081  117.5  3.799  5.472 -116.6 -105.7
N -105.8  110.0  104.6  172.1 -176.7    nan  0.968  108.7  3.768  5.598 -138.6 -148.7
I  -98.7  126.3  111.6 -174.4  -39.2 -162.5  1.021  112.6  3.819  6.068 -163.6 -164.6
E -113.4  128.7  108.1  178.3  178.6    nan  0.995  118.1  3.804  5.826 -164.3 -171.6
A  -49.2  -59.6  113.7 -177.2    nan    nan  1.069   93.9  3.802  5.642  -92.7 -102.5
N  -51.5  -32.1  112.6 -178.6 -146.9    nan  1.082  111.6  3.807  5.173   64.7   79.4
H  -72.6  -37.1  111.1 -179.5  -69.8    nan  1.038   91.8  3.807  5.417   69.2   83.2
A  -66.8  -46.1  109.8 -179.1    nan    nan  1.027   92.8  3.770  5.290   68.9   83.8
T  -64.9  -35.7  109.5 -178.8   84.1  -37.6  1.054   99.7  3.807  5.302   60.5   77.1
L  -65.9  -29.7  110.6  179.7 -139.8    nan  1.044  101.3  3.811  5.429   71.2   84.7
A  -82.7   -1.3  111.3  176.7    nan    nan  1.041   96.8  3.835  5.393   55.2   72.6
G   84.6   22.1  114.1 -178.5    nan    nan    nan   86.3  3.805    nan    nan -102.0
H -119.4  161.3  107.8  177.6  -50.4    nan  0.958  123.4  3.823    nan    nan   84.4
T  -85.7  151.4  107.2  173.6   60.3  -60.7  1.005   94.4  3.764  5.393 -107.7 -106.9
F  -49.7  -49.8  109.8  177.7 -169.4    nan  1.003  102.7  3.800  5.301  -70.3  -82.2
E  -55.9  -45.2  110.5 -179.1  -30.6    nan  1.022  100.9  3.819  5.281   68.8   82.0
H  -52.2  -51.3  112.3 -179.5  173.5    nan  1.073   98.5  3.778  5.290   76.4   90.0
E  -61.1  -40.1  112.0  180.0  -75.8    nan  1.071   99.0  3.814  5.264   61.6   76.2
L  -64.1  -46.3  109.5  178.1  -61.2    nan  1.043   94.8  3.802  5.399   68.1   81.3
R  -55.4  -49.2  112.0  179.9 -179.0    nan  1.038   97.9  3.842  5.374   73.8   85.0
V  -62.0  -48.1  110.5 -178.5  177.6  -60.0  1.045   94.7  3.794  5.195   63.2   77.9
A  -57.3  -52.8  107.6  178.7    nan    nan  0.992   97.1  3.799  5.290   71.0   80.1
R  -52.3  -50.3  114.7 -178.2 -174.9    nan  1.072   97.8  3.790  5.095   67.0   83.4
I  -70.0   -5.7  112.5 -178.1   74.2  -48.9  1.116  107.7  3.816  5.276   49.1   71.3
H -109.7    7.9  109.9  176.3  -78.9    nan  1.018   73.2  3.802  5.525   55.6   68.4
G   61.1   33.5  112.7 -178.7    nan    nan    nan  102.5  3.799    nan    nan -114.9
M -127.7   26.9  115.6 -176.2  -68.6    nan  1.121   66.9  3.787    nan    nan   93.1
L  -86.6   93.8  106.2  174.7  175.3    nan  0.987  105.9  3.790  5.980  114.2  117.6
G  -84.9  -48.3  115.3 -175.5    nan    nan    nan   75.0  3.787    nan    nan -166.9
S -163.8  169.9  109.6 -178.8 -175.5    nan  1.029  164.2  3.795    nan    nan  -24.2
V -127.8  139.4  114.0 -175.9  176.2  -60.9  1.057  132.4  3.810  5.501 -135.6 -131.8
D -102.4  103.0  104.0  170.1  -88.8    nan  0.952  106.2  3.805  5.738 -141.0 -153.6
A  -83.9   93.2  114.4 -175.5    nan    nan  1.092  113.9  3.789  6.027 -161.9 -156.6
N -132.6 -155.2  108.3  173.9   64.4    nan  1.059  121.2  3.802  5.901  138.2  132.6
Q -169.7  137.4  106.5 -176.3  164.0    nan  0.948  139.4  3.798  5.071 -137.8 -137.6
G -111.4 -173.8  107.6  179.8    nan    nan    nan  109.4  3.769    nan    nan -154.5
D -110.7  130.3  102.3  176.9 -169.9    nan  0.915  112.4  3.797    nan    nan -101.1
M  -81.1   -6.3  113.3 -176.3  -70.0    nan  1.130   96.3  3.749  5.847 -137.8 -126.3
L  -95.7   -1.7  110.6  176.8  -77.4    nan  1.050   83.7  3.798  5.650   67.1   82.0
L -120.7  125.1  109.1 -178.9  -85.5    nan  1.011  121.6  3.818  5.329   46.8   63.7
G  -90.3   31.1  117.1 -171.9    nan    nan    nan  103.4  3.778    nan    nan -140.0
W -139.4  166.0  108.9  177.5   61.1    nan  1.031  142.0  3.793    nan    nan   71.4
D  -69.3  126.4  109.5  179.7 -116.6    nan  1.002   92.4  3.799  5.340  -76.6  -82.1
T -108.2  -19.9  111.1  177.9   66.1  -54.9  1.074   65.8  3.791  5.885 -165.4 -164.3
D   50.5   46.5  114.0  176.3  -68.8    nan  1.078  102.1  3.805  5.608 -154.6 -154.9
E  -78.4  156.7  111.1  177.8  -83.9    nan  0.993   87.4  3.792  6.105  149.6  147.3
F  -72.1  142.5  109.8  173.7  -80.6    nan  1.040   87.3  3.760  5.339  -98.2  -99.5
P  -66.7  108.3  113.2 -179.5  -20.9    nan  0.961  102.7  3.847  5.477  -91.9 -106.9
T -119.6  -24.0  111.0  175.7   50.6  -70.0  1.058   54.7  3.803  5.950  158.4  162.8
D  -66.0  110.9  109.6  178.8 -174.4    nan  1.011   98.2  3.815  5.583   83.6   94.7
L  -70.1  -23.3  115.9 -177.6  -63.9    nan  1.115   98.6  3.794  5.955 -137.3 -139.7
Y  -66.9  -43.5  108.6  178.1  -73.6    nan  1.029   94.7  3.812  5.646   84.1   94.7
S  -61.4  -53.5  111.9  179.9  -98.8    nan  1.046   91.3  3.797  5.295   68.2   81.8
T  -57.8  -46.1  111.1 -179.4   54.3  -65.3  1.086   98.6  3.789  5.210   61.2   77.5
T  -57.4  -53.8  110.6  176.5  -58.5 -178.3  1.017   94.6  3.820  5.455   74.2   81.0
L  -62.7  -33.4  113.1 -177.6  -96.8    nan  1.077  101.0  3.798  5.065   56.7   74.1
A  -72.5  -48.1  108.8  179.0    nan    nan  1.014   88.4  3.813  5.434   67.4   80.3
M  -58.7  -34.1  112.0  180.0  -74.6    nan  1.071  104.5  3.793  5.241   64.9   80.3
Y  -59.7  -41.9  109.4  178.0 -174.7    nan  1.015  100.7  3.799  5.478   81.1   90.9
E  -68.1  -43.0  110.7  179.2  -65.6    nan  1.029   92.8  3.811  5.254   60.7   76.4
I  -64.9  -43.3  111.9 -179.5  -60.1  178.1  1.077   94.4  3.779  5.246   61.8   80.2
L  -64.1  -39.8  111.0  178.6  -67.8    nan  1.052   97.4  3.818  5.407   66.3   79.2
K  -68.6  -21.6  112.8  179.3  -78.7    nan  1.084  101.9  3.785  5.300   61.7   79.2
N  -80.3   -5.8  108.7  178.6  179.0    nan  1.001   97.8  3.779  5.455   69.7   83.3
G   89.2   20.1  109.8 -177.1    nan    nan    nan   84.1  3.789    nan    nan  -99.6
G   95.7 -179.2  113.6 -179.1    nan    nan    nan   96.0  3.769    nan    nan  -71.8
L  -78.5  -14.5  111.8 -177.3  -69.0    nan  1.030   95.8  3.797    nan    nan  -71.0
G   60.7 -104.1  112.6 -178.9    nan    nan    nan  101.9  3.793    nan    nan -136.3
R  -91.8  -20.9  112.4 -177.2 -148.4    nan  1.016   80.5  3.790    nan    nan    1.7
G  -87.8 -168.3  111.4 -179.2    nan    nan    nan   83.6  3.798    nan    nan   79.4
G -159.6 -172.9  111.2 -178.9    nan    nan    nan  156.1  3.782    nan    nan -141.7
L -102.1   86.7  108.6  178.5  -66.7    nan  1.023  107.4  3.786    nan    nan  -88.3
N  -80.6  121.9  109.6 -178.8  173.2    nan  1.022  101.2  3.801  6.112 -170.4 -174.7
F  -77.4   81.7  111.0  178.9  -71.3    nan  1.063  112.2  3.814  5.955 -132.7 -139.0
D  -83.0   56.6  104.0  174.7 -168.1    nan  0.949  105.5  3.779  6.093 -174.2  170.9
A -120.0  170.2  106.2 -179.0    nan    nan  0.986  122.3  3.791  5.857  107.6  119.3
K -148.9  140.2  107.0 -171.4  151.2    nan  0.969  139.0  3.774  5.342 -151.0 -154.6
V  -67.5  150.0  110.0  179.0  -51.1   72.6  1.064   80.0  3.805  5.832 -108.6 -108.8
R  -61.5  149.7  108.1  177.4  -60.2    nan  1.001   74.1  3.830  5.511  -81.5  -95.6
R  -57.7  -25.8  110.7 -179.4 -161.0    nan  1.053  110.6  3.810  5.517  -83.1  -88.8
G  -75.8  -18.6  113.7  177.9    nan    nan    nan   96.2  3.798    nan    nan   84.3
S  -99.1   67.8  107.6  178.5  -44.6    nan  0.980  102.5  3.818    nan    nan   67.6
F  -91.7    1.5  117.0 -173.1   51.7    nan  1.109   89.0  3.799  6.034  149.7  164.4
E  -84.9  155.8  110.8 -179.4  -61.9    nan  1.043   93.7  3.811  5.707   87.7  102.6
P  -59.4  -39.3  113.0 -178.5  -25.6    nan  0.984  100.5  3.833  5.283  -73.9  -83.5
E  -65.5  -17.9  112.7 -177.6  -62.3    nan  1.067  106.6  3.807  5.257   60.7   85.1
D  -69.6  -24.6  111.3  179.1  -68.4    nan  1.072  100.1  3.791  5.585   81.2   98.0
L  -62.3  -35.2  108.9  176.5  -75.7    nan  1.008  102.4  3.806  5.641   86.9   95.9
F  -78.2  -48.6  111.1  179.6  -71.8    nan  1.060   82.6  3.792  5.240   54.1   73.3
Y  -54.3  -46.9  110.0  178.8  -68.4    nan  1.039  101.3  3.789  5.359   72.9   83.4
A  -57.4  -52.3  112.2 -179.3    nan    nan  1.050   94.4  3.795  5.239   70.2   83.5
H  -64.8  -37.7  113.5 -178.9  -79.2    nan  1.111   96.7  3.791  5.179   52.4   73.2
I  -61.2  -47.5  108.1  177.1  -67.3  169.8  1.032   97.2  3.795  5.527   76.0   85.5
A  -53.4  -48.6  111.3  179.1    nan    nan  1.051  100.1  3.819  5.356   73.1   84.8
G  -67.7  -40.0  112.3 -177.8    nan    nan    nan   93.7  3.793    nan    nan   74.2
M  -68.5  -43.3  112.3 -178.9  -66.1    nan  1.072   91.4  3.791    nan    nan   80.6
D  -64.4  -41.0  109.9  178.3  -89.5    nan  1.029   97.1  3.796  5.370   66.1   78.5
S  -61.7  -38.1  111.9 -179.6  -65.0    nan  1.068   99.8  3.786  5.304   68.6   84.7
F  -77.2  -30.9  113.4  177.1  -96.7    nan  1.133   89.5  3.779  5.294   48.0   71.6
A  -60.2  -50.9  108.6  173.5    nan    nan  1.006   95.7  3.799  5.600   83.4   89.8
V  -57.0  -48.5  110.6  176.8  173.4  -65.0  1.046   98.1  3.817  5.290   63.5   76.4
G  -56.5  -40.9  113.1  178.8    nan    nan    nan  101.6  3.798    nan    nan   81.9
L  -63.6  -49.1  109.9  179.0  169.1    nan  1.009   93.5  3.811    nan    nan   82.1
K  -55.3  -56.2  111.4 -179.4  -42.2    nan  1.073   93.9  3.792  5.188   67.3   83.3
V  -70.9  -36.9  115.9 -179.5   35.3  158.7  1.209   90.8  3.816  5.210   35.4   64.2
A  -59.9  -37.7  109.2  178.7    nan    nan  1.023  102.9  3.839  5.680   85.0   89.5
H  -64.9  -42.4  111.9  179.6  176.8    nan  1.045   94.9  3.779  5.301   68.7   83.8
R  -64.7  -44.7  110.3  179.6  -80.9    nan  1.027   94.8  3.811  5.344   66.7   80.1
L  -53.1  -42.6  110.4  178.0  -76.3    nan  1.022  104.6  3.797  5.319   77.1   87.0
I  -71.1  -47.2  113.4  179.6  -58.9 -179.8  1.094   86.8  3.791  5.226   54.1   74.2
E  -68.9  -33.6  112.4 -178.6   87.6    nan  1.106   95.9  3.807  5.295   55.5   74.5
D  -80.1    1.7  113.5  175.4  -74.7    nan  1.080  100.6  3.817  5.454   55.3   71.6
R   48.8   37.6  111.8 -178.0  -46.5    nan  1.057  110.5  3.844  5.652 -129.5 -131.2
V  -54.0  -51.9  113.1 -175.2 -179.0  -56.7  1.076   96.5  3.838  6.196  161.5  168.7
F  -89.8  -39.2  110.0  179.3  -57.3    nan  1.014   77.7  3.803  5.013   32.7   47.8
D  -58.3  -41.0  114.2 -178.7  -73.1    nan  1.112   99.7  3.796  5.324   70.7   90.9
E  -49.2  -53.9  109.4  177.1 -167.0    nan  0.999  100.4  3.815  5.488   87.8   94.0
F  -66.1  -48.2  113.9 -177.7 -178.0    nan  1.072   89.6  3.814  5.049   51.2   70.4
I  -57.1  -44.7  108.0 -177.3  -68.6  168.1  0.980  101.7  3.825  5.338   76.1   84.3
E  -58.2  -42.6  110.5  179.7 -166.3    nan  0.982  100.7  3.800  5.127   71.7   83.0
E  -70.0  -44.4  113.6 -178.7 -174.6    nan  1.078   88.9  3.807  5.230   53.3   76.8
R  -74.8  -14.4  116.3 -176.9   76.2    nan  1.128   98.5  3.829  5.210   52.2   73.9
Y -105.6   11.7  113.2  177.6  -75.2    nan  1.056   79.2  3.813  5.420   49.7   67.0
K  -70.7   -9.2  117.3 -173.3   73.1    nan  1.188  104.8  3.797  5.826  105.9  132.5
S  -59.7  -27.2  109.8  176.0   -4.2    nan  0.996  108.4  3.820  5.905  112.5  112.5
Y  -84.8    7.9  113.2 -178.6  -67.9    nan  1.088   98.2  3.813  5.229   53.1   76.8
T  -98.6  -28.3  111.0 -179.3  -78.7  158.9  0.993   72.5  3.809  5.659   81.0   94.0
E -131.9  176.4  111.0 -173.2   38.2    nan  1.025  133.1  3.772  4.691    8.5   31.5
G   35.6 -133.0  118.2  178.0    nan    nan    nan   69.3  3.811    nan    nan   26.7
I  -58.4  -40.9  111.7 -177.6 -166.0   69.2  1.058  100.9  3.804    nan    nan    6.0
G  -55.6  -48.2  111.5  179.8    nan    nan    nan   98.7  3.805    nan    nan   90.4
R  -62.6  -33.8  110.3 -179.1 -147.5    nan  1.073  102.2  3.772    nan    nan   77.9
E  -63.1  -45.5  110.2  177.5  -66.3    nan  1.041   95.6  3.822  5.552   76.8   87.5
I  -52.5  -47.5  110.7  176.5  -64.5  170.9  1.010  101.8  3.796  5.363   79.2   85.9
V  -70.6  -46.6  113.4 -177.3  172.7  -65.6  1.079   87.5  3.798  5.133   53.0   73.0
E  -62.2  -18.1  111.7  177.5  -53.3    nan  1.035  110.0  3.815  5.395   68.1   77.8
G   82.3   35.8  111.9 -179.6    nan    nan    nan   83.8  3.800    nan    nan -120.0
T -115.3   17.2  110.4  178.3  173.2   51.3  1.078   71.7  3.766    nan    nan  102.7
A -114.6  151.4  109.8  179.8    nan    nan  1.023  120.8  3.825  5.722   71.2   87.4
D -140.3  177.1  109.4  174.7   52.4    nan  1.056  141.1  3.798  5.630 -173.9 -171.9
F  -56.9  -29.9  112.7 -179.6  -87.6    nan  1.073  108.2  3.792  5.124  -55.0  -56.1
H  -65.0  -54.8  112.7 -179.9  -68.4    nan  1.061   87.6  3.806  5.495   77.6   92.4
K  -64.7  -43.2  110.4 -178.9  -57.9    nan  1.023   95.5  3.804  5.124   57.3   70.2
L  -61.7  -43.2  111.0  179.9  -63.4    nan  1.065   97.5  3.779  5.257   65.3   82.2
E  -65.2  -46.0  110.6  177.2 -177.3    nan  1.046   93.5  3.821  5.429   64.0   77.0
A  -53.3  -43.5  109.3  177.4    nan    nan  1.022  104.5  3.807  5.330   76.6   85.2
H  -65.6  -50.1  110.6  179.7 -174.4    nan  1.026   91.1  3.805  5.266   63.6   77.6
A  -58.6  -30.0  111.9 -177.6    nan    nan  1.048  107.0  3.804  5.187   66.0   81.0
L  -67.7  -31.6  114.2 -177.8  -79.2    nan  1.095   97.1  3.794  5.381   71.3   91.5
Q  -91.7    5.0  111.1 -179.0   69.9    nan  1.017   90.1  3.814  5.271   49.8   65.9
L  -87.7  137.1  112.7 -175.9 -124.3    nan  1.042  103.5  3.820  5.641   86.6  106.0
G  -85.4 -131.2  110.2  177.6    nan    nan    nan   71.8  3.794    nan    nan -132.9
E  -82.9  133.2  103.0  174.7   70.4    nan  0.955   94.5  3.792    nan    nan  -26.3
I  -81.3  139.5  107.9  177.6  -66.8  171.0  1.016   94.8  3.795  5.830 -126.3 -130.8
Q -113.0  130.5  109.3  178.8  -63.4    nan  0.984  119.0  3.798  5.785 -149.0 -154.5
N -116.1  166.6  106.9  175.1  -61.8    nan  0.987  119.2  3.804  5.833 -166.8 -170.9
Q -118.2  163.2  109.5  174.6  -57.0    nan  1.009  122.5  3.802  5.484 -134.9 -130.7
S  -57.4  148.1  112.9 -177.2 -150.5    nan  1.032   73.5  3.776  5.136  -66.8  -73.0
G  -79.2  -15.0  109.0  174.7    nan    nan    nan   95.7  3.776    nan    nan -116.8
R   60.2   35.4  113.4  175.2  -76.2    nan  1.067  101.8  3.809    nan    nan -142.1
Q  -59.7  -48.3  115.2 -176.4 -171.7    nan  1.100   93.5  3.801  6.126  150.5  160.9
E  -63.5  -37.7  108.8 -177.0  -65.2    nan  1.035  100.2  3.801  5.260   66.1   79.2
R  -62.2  -53.3  109.8  178.7 -114.9    nan  1.011   92.2  3.807  5.412   73.9   85.1
L  -55.6  -42.1  111.8  178.9  -89.3    nan  1.048  102.3  3.802  5.156   63.7   77.8
K  -65.7  -40.5  110.9  179.7 -124.0    nan  1.026   95.9  3.818  5.286   64.9   79.4
T  -63.2  -43.8  108.3  178.2  -61.9  178.2  0.969   97.5  3.813  5.390   73.5   81.2
L  -59.4  -48.3  110.4 -179.6 -118.3    nan  1.020   96.5  3.791  5.183   71.3   83.4
L  -50.8  -42.7  110.5  178.0  179.6    nan  1.017  106.3  3.787  5.255   75.3   86.1
N  -65.2  -43.8  111.1 -179.3  -81.1    nan  1.029   94.4  3.823  5.308   65.2   80.1
Q  -57.5  -47.4  108.6 -179.4  153.5    nan  1.049   99.6  3.768  5.237   70.6   85.8
Y  -64.8  -34.6  113.8  177.7  -82.5    nan  1.106   98.2  3.828  5.368   55.0   74.2
L  -61.3  -52.7  106.3  177.9 -154.8    nan  0.956   95.4  3.805  5.516   83.7   88.4
L  -68.9  -14.6  115.4 -177.7  -82.2    nan  1.112  104.3  3.797  5.030   45.1   68.8
E  -88.8   21.9  112.5  178.5  -81.8    nan  1.048   99.4  3.813  5.565   67.7   83.4
V  -66.6  -29.6  114.0 -178.7  141.0  -98.1  1.145   99.2  3.797  5.972  121.7  140.2
C  -47.4    nan  114.2  177.8    3.5    nan  1.071    nan  3.844  5.718   98.7  107.4
