Id   phi    psi    tau  omega    chi    chi2  solid    eta  CA-CA  CB-CB  BA^AB  NA^AC
A    nan   23.6  111.7    nan    nan    nan  1.070    nan    nan    nan    nan    nan
E  -67.2  -53.8  111.4 -179.2  -63.4    nan  1.027   87.5  3.830  6.101  132.0  139.8
F  -75.9  -50.7  113.5 -174.6  -80.1    nan  1.087   81.7  3.839  5.023   43.2   64.7
F -116.4   67.9  107.7 -179.8  -42.0    nan  0.998   94.8  3.794  4.875    5.8   22.9
P  -57.7  -34.1  114.9 -179.1   29.2    nan  1.018  104.0  3.830  6.092 -169.5 -168.6
E  -76.0   -8.7  115.2 -179.2   63.5    nan  1.114  100.1  3.818  5.290   50.7   79.9
I -107.2  123.3  111.1  178.9  -85.5  156.3  1.062  116.7  3.839  5.535   52.0   70.6
P  -87.6  165.4  109.2  179.1   38.7    nan  0.910   92.4  3.837  5.761 -130.6 -148.8
K  -61.9  134.4  105.8  175.3  172.5    nan  1.001   80.9  3.800  5.451  -81.8  -78.7
V  -83.4  135.4  114.4 -178.4  177.8  -62.5  1.131  101.9  3.799  5.820 -129.2 -128.3
Q -126.0  163.0  110.7 -177.8  -46.9    nan  1.001  130.2  3.791  5.718 -156.8 -175.3
F  -73.6  132.7  110.5  177.7 -179.3    nan  1.011   93.2  3.824  5.295  -88.6  -92.0
E -126.1    0.7  111.7 -179.2  -87.0    nan  1.072   54.2  3.800  5.823 -175.6 -173.9
G   84.8  162.6  118.1  175.4    nan    nan    nan   76.9  3.818    nan    nan -106.1
K  -48.1  -34.0  118.9 -175.6   62.4    nan  1.141  110.6  3.796    nan    nan  -65.2
E  -95.1    3.3  112.9 -178.9  -73.4    nan  1.075   86.2  3.797  5.193   42.6   62.7
S  -57.0  148.5  111.8 -179.8 -175.8    nan  1.062   72.5  3.807  5.934  119.6  130.2
T -114.6  -23.7  111.8 -173.5  158.7   36.7  1.062   58.9  3.771  5.569 -139.8 -144.9
N  -71.6  119.3  112.7 -178.1  164.3    nan  1.061   99.4  3.828  5.496   73.0   92.7
P  -61.4  -13.9  116.0 -179.4   27.6    nan  1.025  111.9  3.862  5.790 -112.5 -126.2
L -104.6   33.5  110.7  178.6  -68.8    nan  1.064   88.7  3.809  5.331   39.8   68.4
A -133.2  143.8  110.9 -179.4    nan    nan  1.016  134.9  3.795  5.577   72.6   83.5
F  -75.8  130.3  108.7  174.4  -67.6    nan  0.988   94.5  3.798  5.600 -107.7 -117.9
K  -96.6  -28.1  112.1  176.3  -72.3    nan  1.069   73.9  3.797  5.838 -150.3 -148.9
F -124.7  -25.0  110.9 -176.0  -46.3    nan  1.041   50.2  3.818  5.013   18.6   38.3
Y  -88.9  106.6  113.4 -178.5 -175.9    nan  1.079  112.0  3.774  5.297   54.1   75.9
D -107.9  100.5  104.4  173.6 -178.9    nan  0.970  106.8  3.790  5.970 -176.6  168.5
P  -48.9  -41.0  112.8 -178.7  -29.9    nan  0.969  107.7  3.832  5.892 -118.8 -129.7
E  -81.0  -28.1  117.1 -172.9 -123.7    nan  1.134   85.8  3.791  4.991   40.1   74.3
E  -48.3  118.8  114.1 -178.7  174.1    nan  1.064   87.0  3.818  5.637  101.6  111.4
I  -86.5  132.9  114.1 -179.6  142.2   16.0  1.165  104.9  3.796  5.980 -151.8 -150.5
I -129.0  121.1  105.4  177.2  -64.0  173.0  0.966  120.1  3.819  5.843 -162.8  175.5
D   58.7   34.5  112.6 -178.7  -61.4    nan  1.074  104.0  3.841  5.012    9.3  -10.1
G   81.6   12.9  116.1  179.0    nan    nan    nan   92.6  3.818    nan    nan  -74.6
K -131.4  137.2  108.0 -179.5  -83.1    nan  0.943  130.0  3.822    nan    nan   65.2
P  -67.5  156.5  106.0  177.8   10.1    nan  0.932   75.5  3.771  5.534 -107.7 -113.7
L  -56.2  -31.3  111.8 -177.4 -169.7    nan  1.058  108.4  3.826  5.585  -80.0  -78.2
K  -63.4  -24.0  112.6 -178.3   67.0    nan  1.075  105.6  3.821  5.486   76.8   93.5
D  -89.2  -11.3  112.7 -178.4  -74.6    nan  1.085   86.4  3.805  5.358   54.8   76.3
H  -84.1  -46.1  107.7  174.1  -69.2    nan  0.990   81.6  3.783  5.662   75.4   85.8
L  -81.9  -36.8  116.2 -173.8  -56.2    nan  1.126   81.5  3.786  4.938   40.1   66.2
K   48.4   46.1  113.7  179.6  -58.0    nan  1.094  104.1  3.818  5.566 -170.6 -168.7
F  -52.8  145.5  110.7  177.2  -71.3    nan  1.031   70.2  3.814  6.183  174.5  170.2
S -144.1  149.5  110.4 -179.1  156.8    nan  1.019  143.3  3.811  5.621 -175.1  178.9
V  -98.7  145.6  110.6  175.7  -71.1   53.0  1.061  108.8  3.815  5.776 -132.4 -130.8
A  -95.1  116.2  106.9  176.6    nan    nan  0.979  107.4  3.787  5.531 -122.6 -134.9
F  -57.5  -42.5  112.0 -178.3 -165.7    nan  1.053  100.5  3.821  5.895 -115.3 -123.6
W  -57.9  -53.7  115.4 -178.2   53.8    nan  1.140   91.3  3.805  5.318   68.6   89.3
H  -71.5  -39.6  113.7 -177.6  -80.2    nan  1.066   90.1  3.810  5.222   52.8   67.8
T  -82.0  -44.1  114.6 -173.8  -47.9 -167.4  1.090   79.2  3.780  5.129   51.5   73.5
F -101.6  -35.2  116.2 -174.9  -58.6    nan  1.154   65.6  3.791  4.902   21.6   50.8
V  -87.8  -46.9  113.2 -179.9 -175.0  -52.4  1.087   74.8  3.802  5.365   47.7   67.1
N  -60.5  136.8  114.1 -178.4  168.7    nan  1.069   83.4  3.834  5.268   68.2   82.6
E -129.3   21.0  116.5 -179.5  -77.5    nan  1.109   62.2  3.826  5.763 -172.6 -173.3
G   88.9   15.3  116.2  173.9    nan    nan    nan   84.4  3.786    nan    nan  -85.0
R  -75.7  132.9  108.3  177.4  168.5    nan  1.002   93.1  3.786    nan    nan  120.3
D -124.1  167.3  108.1  172.3   69.3    nan  1.109  127.1  3.824  5.899  177.3 -177.0
P  -49.5  -24.1  117.6 -179.2   17.6    nan  1.058  116.7  3.837  5.172  -51.3  -59.1
F -110.3    0.6  113.9 -178.7  -61.0    nan  1.074   70.0  3.795  5.134   27.8   56.9
G -147.7  159.8  117.8 -174.8    nan    nan    nan  151.6  3.781    nan    nan   42.4
D  -78.2  164.4  111.0 -179.8  -61.4    nan  1.016   84.1  3.798    nan    nan -100.2
P  -63.5  146.8  110.7  178.3   22.2    nan  0.980   78.5  3.823  5.188  -75.7  -79.1
T -119.0  -24.2  112.8 -174.5   47.8  -74.1  1.028   54.5  3.811  5.807 -149.1 -150.6
A  -50.3  139.4  114.8 -176.2    nan    nan  1.105   74.1  3.808  5.536   97.6  114.4
D -107.3  103.9  103.4  175.8 -172.2    nan  0.925  106.6  3.780  5.668 -138.2 -156.5
R -123.9  139.2  111.3 -179.7  -59.5    nan  1.049  128.2  3.802  5.931  155.1  161.2
P  -53.4  -50.7  114.9  179.8   20.9    nan  1.021   96.6  3.859  5.453  -85.5  -98.3
W  -62.0    1.4  115.9 -179.1   51.0    nan  1.106  118.6  3.824  5.192   52.9   78.3
N  -78.8   -5.0  116.5 -179.0  -97.4    nan  1.137   98.9  3.825  5.755   89.5  110.3
R  -77.1  -41.2  108.9  175.8   29.8    nan  1.023   87.7  3.809  5.774   90.7   99.6
Y  -61.4  114.0  108.8  176.5  -53.6    nan  1.003   93.6  3.808  5.394   70.7   80.8
T  -95.1  -17.9  111.1 -179.9  179.2   56.5  1.094   78.7  3.789  5.959 -163.8 -163.0
D  -74.6  115.3  107.7  175.1 -176.2    nan  0.995   98.8  3.824  5.710   78.2   88.9
P  -41.3  -42.4  115.3  179.9  -38.3    nan  1.018  111.4  3.857  5.682  -98.1 -110.4
M  -71.4  -37.9  114.0  179.2  -79.1    nan  1.077   90.8  3.832  5.267   50.2   75.3
D  -61.7  -41.6  108.4  178.0  -74.9    nan  1.007   99.7  3.813  5.446   76.1   85.6
K  -63.7  -46.8  109.6  178.3 -152.4    nan  1.008   94.9  3.800  5.234   66.5   79.5
A  -57.2  -37.2  111.3  179.8    nan    nan  1.050  104.3  3.825  5.306   66.8   82.9
F  -80.9  -37.7  110.8 -178.9  -77.7    nan  1.043   84.9  3.814  5.275   52.8   70.8
A  -57.9  -41.2  108.7  178.3    nan    nan  1.020  102.7  3.774  5.376   77.7   89.1
R  -65.5  -38.7  113.7  180.0  -75.3    nan  1.085   95.4  3.832  5.333   62.0   80.6
V  -62.9  -36.4  109.7  177.9  178.9  -59.9  1.029  100.8  3.789  5.425   73.5   84.0
D  -70.9  -45.2  108.9 -179.2  -69.4    nan  1.039   90.7  3.786  5.336   63.6   80.0
A  -59.5  -40.4  110.3 -179.3    nan    nan  1.046  101.2  3.796  5.315   68.0   82.6
L  -47.5  -60.6  110.3  177.9 -161.2    nan  1.014   96.3  3.814  5.462   87.6   96.3
F  -63.7  -33.5  114.9 -176.8  -64.9    nan  1.119   99.3  3.798  4.996   45.7   68.2
E  -68.4  -43.6  108.5  177.7 -174.1    nan  1.000   93.7  3.802  5.518   74.4   83.5
F  -56.3  -52.7  109.8  178.5 -169.8    nan  1.017   96.4  3.811  5.271   73.0   84.8
C  -62.1  -36.6  112.2 -179.6  -67.0    nan  1.052  100.1  3.809  5.205   57.8   73.7
E  -64.2  -54.5  110.0 -178.7 -164.1    nan  1.037   90.1  3.789  5.354   72.9   87.2
K  -63.8  -43.1  112.0 -179.3  -61.4    nan  1.066   95.3  3.801  5.156   53.7   70.7
L  -81.1   -1.5  113.3 -178.7 -133.2    nan  1.112   98.3  3.799  5.194   42.7   66.5
N   74.6   23.4  116.1  174.8 -112.7    nan  1.086   94.3  3.814  5.403 -113.9 -117.2
I  -96.8  144.1  113.3 -176.8  -68.5  169.7  1.084  109.0  3.821  5.783   96.1  113.5
E -116.1    3.5  115.6 -175.9  -63.7    nan  1.073   65.5  3.804  5.682 -145.2 -151.3
Y -139.4  148.7  110.7  179.1  -66.7    nan  1.023  140.2  3.801  5.215   32.9   48.7
F -142.4  159.0  106.5  174.2   76.6    nan  1.016  143.3  3.786  5.608 -177.5 -178.5
C -129.2  149.3  107.5  177.7  -65.1    nan  0.984  131.5  3.815  5.613 -146.9 -151.1
F -150.5  157.0  112.3 -178.6   71.2    nan  1.043  151.0  3.791  5.577  178.8  179.2
H  -95.2  149.0  104.9  169.0  -70.3    nan  0.929  102.0  3.774  5.470 -115.4 -125.1
D  -55.7  -34.1  112.2  176.3   52.6    nan  1.076  106.9  3.793  5.464  -88.3  -89.9
R  -87.8   -0.4  112.7 -178.0  -63.7    nan  1.077   92.1  3.815  5.260   48.1   68.6
D  -80.7  -41.4  108.5  176.4  -70.6    nan  0.987   85.1  3.806  5.810   92.2  100.9
I  -82.8  -23.4  118.4 -172.4   65.4  -56.9  1.157   85.9  3.802  5.013   43.4   71.7
A -148.4  128.5  113.0 -175.0    nan    nan  1.054  133.7  3.817  4.825    4.7   18.8
P  -57.2  158.5  111.5  179.1   25.3    nan  0.970   67.0  3.845  5.593  -98.3 -115.0
E  -93.6  149.4  113.1 -176.0 -133.0    nan  1.060  104.7  3.798  5.623 -117.9 -111.5
G  -96.5 -171.5  111.8  176.9    nan    nan    nan   93.3  3.794    nan    nan -129.6
K  -78.0  -25.3  111.9 -179.8  -39.0    nan  1.067   91.9  3.805    nan    nan  -61.8
T -129.0  165.3  108.4  177.8   70.6  -50.4  1.003  132.2  3.819  5.156   14.2   31.4
L  -59.7  -42.0  109.8  177.5 -176.0    nan  1.039  100.4  3.802  5.258  -71.4  -74.9
R  -56.3  -51.3  111.2  179.7 -176.3    nan  1.035   96.4  3.842  5.409   76.7   87.9
E  -52.5  -57.4  108.5  175.8 -115.7    nan  0.953   96.7  3.795  5.174   74.5   79.6
T  -51.1  -47.9  111.7 -178.8  -72.5  164.9  1.050  102.0  3.814  5.015   62.7   79.6
N  -62.5  -43.3  111.9  179.4  -78.9    nan  1.078   96.2  3.814  5.289   60.3   77.3
K  -54.6  -56.7  109.5  176.4  -89.9    nan  1.008   95.2  3.844  5.497   79.8   85.9
I  -53.2  -41.1  110.4  179.0  -54.4 -177.4  1.014  105.6  3.810  5.191   68.9   76.6
L  -61.9  -44.9  112.2 -179.5 -177.3    nan  1.062   95.6  3.793  5.230   69.5   84.6
D  -57.1  -38.3  112.3  178.2  -73.7    nan  1.053  103.2  3.823  5.387   71.7   84.2
K  -54.8  -51.4  110.4  179.6  -17.6    nan  1.049   97.9  3.814  5.436   81.2   93.1
V  -72.7  -34.5  113.2 -179.3  -43.8   79.2  1.134   91.8  3.809  5.233   42.8   66.0
V  -59.1  -42.6  110.3  179.4  172.1  -65.1  1.052  100.2  3.816  5.649   84.6   92.8
E  -60.2  -45.7  110.7  178.6  -41.7    nan  1.059   97.3  3.811  5.366   70.2   82.8
R  -62.8  -35.8  111.0  178.5 -175.2    nan  1.078  100.6  3.823  5.381   62.1   77.9
I  -64.2  -39.1  110.6  178.2  -67.3  172.6  1.049   97.9  3.811  5.523   73.4   85.4
K  -69.3  -34.3  114.0 -178.2 -167.0    nan  1.088   94.5  3.816  5.317   63.3   81.2
E  -64.6  -59.6  108.8  177.7  -66.7    nan  1.006   88.0  3.821  5.496   76.9   86.1
R  -58.9  -27.3  111.3  179.8  -15.8    nan  1.055  108.5  3.803  5.065   54.2   69.4
M  -64.0  -56.6  111.7  178.3 -114.4    nan  1.048   87.9  3.825  5.561   79.1   93.6
K  -64.8  -25.7  112.8  179.3  -26.2    nan  1.070  103.3  3.817  5.122   51.3   67.3
D  -76.1  -19.2  109.1  175.5   35.1    nan  1.015   97.0  3.820  5.516   68.7   81.1
S -115.9 -165.2  111.5 -179.6 -169.6    nan  1.041  109.7  3.830  5.156   30.9   52.4
N -119.8   -3.5  111.4  179.8   23.2    nan  1.042   59.0  3.808  5.192 -108.1  -95.4
V  -69.3  143.7  110.5  179.5  -19.0  106.9  1.096   84.8  3.820  5.833   93.5  111.7
K -127.6  172.3  110.4 -178.8  -42.1    nan  1.023  129.9  3.801  5.713 -155.5 -165.0
L  -94.7  112.8  107.7  178.3  179.0    nan  0.979  108.1  3.786  5.297  -99.8 -100.3
L  -70.5  -61.8  106.9  176.2 -177.9    nan  0.999   85.2  3.804  5.941 -134.8 -144.1
W -149.5  153.6  112.6  173.6   52.1    nan  1.124  149.1  3.793  4.877  -53.9  -26.1
G -115.4  166.8  109.4  175.6    nan    nan    nan  119.0  3.763    nan    nan -144.5
T -163.1  154.5  110.2 -179.4  172.7   51.8  1.042  155.1  3.786    nan    nan -176.7
A  -94.4  133.7  109.8  178.4    nan    nan  1.018  107.3  3.787  5.529 -116.4 -121.6
N  -81.1  103.1  106.9  175.5  176.0    nan  0.976  104.1  3.813  5.796 -122.4 -133.3
L -110.2   39.3  110.9  178.9  -58.4    nan  1.037   86.9  3.818  6.005  171.9  171.5
F -144.7  -25.1  116.8 -178.1   55.5    nan  1.101   31.9  3.811  5.410   63.9   79.8
S  -72.2  -47.4  116.0 -177.5  -71.7    nan  1.115   84.2  3.816  5.493   73.7   93.9
H  -70.8  132.6  112.3 -175.8 -174.3    nan  1.055   92.4  3.811  5.178   59.5   75.3
P  -40.4  -33.1  114.9 -179.3  -38.3    nan  1.007  119.3  3.876  5.441  -76.2  -93.5
R  -49.7  -29.8  111.3  178.1  166.5    nan  0.998  115.1  3.808  5.384   85.2  101.9
Y  -99.0   14.2  115.9 -176.0  -62.2    nan  1.086   87.4  3.830  5.093   35.9   63.7
M  -54.6  -27.6  113.5 -179.1   64.8    nan  1.096  111.2  3.799  5.999  132.3  143.1
H -107.2   15.5  110.7  178.2  -60.3    nan  1.022   78.8  3.823  5.307   36.7   52.6
G  105.4  176.9  112.4 -178.1    nan    nan    nan  104.2  3.795    nan    nan  -65.6
A -107.4  -85.3  108.2  177.4    nan    nan  1.014   71.2  3.791    nan    nan -107.2
A  -64.7  -25.3  111.2  177.0    nan    nan  1.046  104.3  3.814  4.905   23.5   38.0
T -102.0   20.0  112.1 -178.4   58.0  -62.8  1.055   86.0  3.817  5.251   41.2   62.0
T  -70.4  165.8  109.3  179.1 -176.3   63.8  0.999   75.6  3.812  6.033  125.9  131.5
C  -98.3    0.1  110.3  176.8   53.0    nan  1.035   81.8  3.794  5.436 -115.7 -111.1
S -114.8  118.6  111.3 -179.2  170.1    nan  1.033  119.4  3.820  5.415   52.1   71.9
A  -60.1  -28.4  113.1  179.9    nan    nan  1.079  106.1  3.806  5.843 -116.3 -125.9
D  -62.8  -45.7  109.5  177.3  -80.7    nan  1.032   96.1  3.810  5.574   81.9   92.9
V  -61.8  -42.7  110.3  177.4  169.6  -69.6  1.066   98.0  3.792  5.311   62.4   77.4
F  -55.2  -46.9  108.0  178.5 -172.5    nan  1.014  101.8  3.818  5.483   78.5   87.0
A  -60.5  -50.4  112.4 -179.9    nan    nan  1.058   93.3  3.819  5.248   64.3   79.6
Y  -55.3  -48.6  110.0  177.8 -170.5    nan  1.038   99.6  3.792  5.289   68.6   80.2
A  -59.1  -41.9  111.9 -179.8    nan    nan  1.058   99.7  3.819  5.260   65.5   79.9
A  -64.0  -41.3  110.4  178.3    nan    nan  1.048   97.1  3.820  5.377   66.2   80.3
A  -64.5  -44.0  111.8  179.4    nan    nan  1.047   94.4  3.813  5.301   66.2   80.9
Q  -64.4  -42.8  111.1  179.9 -178.0    nan  1.049   95.5  3.819  5.301   64.0   79.2
V  -64.0  -38.1  110.0  178.1  163.6  -75.0  1.062   98.9  3.790  5.331   63.8   79.0
K  -56.4  -52.3  109.7  178.3  173.8    nan  1.022   96.7  3.816  5.480   79.6   90.2
K  -58.1  -47.4  110.4  177.5 -172.6    nan  1.031   98.0  3.802  5.206   62.0   74.9
A  -56.9  -42.7  111.8 -179.8    nan    nan  1.056  101.0  3.805  5.256   68.3   83.2
L  -63.2  -40.3  109.6  178.0  -92.7    nan  1.024   98.7  3.808  5.369   67.7   79.8
E  -61.0  -59.1  111.7 -179.9  -74.6    nan  1.057   88.4  3.791  5.330   70.9   85.7
I  -63.8  -24.2  113.1 -177.7   76.5  -45.0  1.130  105.0  3.805  5.198   47.9   68.9
T  -70.9  -42.8  109.0  177.0  -69.7  171.3  1.058   91.8  3.806  5.674   77.8   88.9
K  -64.9  -37.6  109.9  178.3 -179.6    nan  1.019   98.6  3.798  5.403   67.5   77.9
E  -66.3  -43.5  110.9 -179.6 -146.5    nan  1.034   93.9  3.790  5.287   68.4   83.3
L  -80.6    2.9  113.0 -179.1  -59.6    nan  1.089  100.5  3.802  5.153   42.7   65.9
G   71.1   35.6  116.5  178.2    nan    nan    nan   91.1  3.812    nan    nan -114.0
G  -62.6  145.7  113.3  179.5    nan    nan    nan   79.5  3.801    nan    nan  153.8
E  -81.9  -23.9  110.3  178.7  -77.1    nan  1.036   89.5  3.788    nan    nan -119.2
G -153.6  170.3  113.6  179.1    nan    nan    nan  155.9  3.790    nan    nan    8.2
Y -132.3  125.1  106.2  176.8 -175.3    nan  0.988  123.7  3.785    nan    nan -141.8
V -101.2  145.5  113.5 -175.0  164.8  -72.9  1.053  112.5  3.802  5.886 -150.4 -154.0
F -117.7  114.4  108.5  173.7  -70.1    nan  0.985  116.6  3.783  5.658 -150.4 -158.7
W -114.0  108.3  106.8  171.8 -179.8    nan  1.015  112.2  3.798  5.948  175.0  173.1
G  -77.7   56.3  114.1 -178.8    nan    nan    nan  116.8  3.795    nan    nan -149.0
G  -48.5  -33.8  117.9 -176.8    nan    nan    nan  110.8  3.795    nan    nan -170.2
R -116.0    9.3  108.9  179.2  -58.6    nan  1.005   67.3  3.807    nan    nan   38.9
E  -90.4   81.4  108.2  178.8  -46.7    nan  1.025  108.0  3.812  5.732   85.2  102.6
G -176.8 -150.1  107.2 -177.4    nan    nan    nan  149.0  3.787    nan    nan   80.2
Y -146.6  159.7  112.3  179.2   68.7    nan  1.085  148.9  3.813    nan    nan -106.8
E -108.2  -25.6  108.3  175.3 -177.6    nan  1.025   65.8  3.791  5.525 -127.9 -130.2
T -151.9  142.0  110.6  174.2 -179.6   60.1  1.042  142.8  3.823  5.070  -15.0    4.3
L  -76.2  -21.7  111.1  177.9  -78.4    nan  1.043   95.3  3.797  5.589 -109.1 -118.1
L  -54.7  -38.5  113.1 -178.7  -60.3    nan  1.093  104.7  3.826  5.647   94.4  110.3
N -106.2   18.1  113.6  178.4   62.1    nan  1.087   81.6  3.821  5.154   22.1   45.0
T -114.1  122.5  115.8 -174.3  -62.6  176.6  1.102  123.6  3.803  5.571   74.4   94.9
D  -93.3   84.7  104.4  171.8 -179.9    nan  0.980  104.0  3.776  5.878 -146.8 -162.3
L  -45.7  -53.3  113.4 -177.9 -165.5    nan  1.068  100.9  3.799  6.081 -135.9 -140.9
G  -56.9  -44.7  114.3 -177.9    nan    nan    nan   98.3  3.803    nan    nan   80.9
F  -62.9  -51.8  111.0  179.6 -173.0    nan  1.035   91.8  3.801    nan    nan   80.4
E  -56.0  -42.0  111.8 -179.8  -66.2    nan  1.074  102.1  3.819  5.252   64.4   80.2
L  -67.6  -26.6  111.8  179.0  -68.8    nan  1.082  100.7  3.808  5.389   60.9   77.7
E  -73.0  -48.1  110.5  178.2  -70.1    nan  1.051   86.9  3.803  5.540   71.9   85.8
N  -61.4  -39.4  110.1  178.9  -82.6    nan  1.042  100.3  3.805  5.279   64.6   77.0
L  -57.6  -44.6  109.8  177.6  177.2    nan  1.029  100.4  3.793  5.412   76.3   87.3
A  -67.6  -41.4  112.7  179.3    nan    nan  1.082   92.8  3.819  5.254   56.9   75.2
R  -56.1  -46.2  109.2  175.5  -80.1    nan  0.999  100.9  3.826  5.478   79.3   85.6
F  -58.8  -58.7  110.0 -179.0 -165.6    nan  1.007   91.1  3.796  5.187   70.5   82.3
L  -46.7  -51.1  111.7 -179.9  -91.3    nan  1.077  102.8  3.806  5.198   68.2   82.3
R  -72.7  -30.3  115.6 -178.1  146.3    nan  1.174   92.8  3.778  5.145   42.3   68.6
M  -58.2  -40.3  107.4  172.6  -81.9    nan  0.994  103.8  3.811  5.728   90.2   91.7
A  -63.3  -39.7  111.8  177.8    nan    nan  1.064   97.7  3.784  5.258   65.1   81.1
V  -73.3  -29.1  112.0 -179.7  -44.3   80.4  1.105   94.4  3.827  5.422   55.4   75.8
D  -72.9  -38.2  110.2  179.1  -72.3    nan  1.037   91.5  3.819  5.533   73.3   84.0
Y  -74.8  -30.9  110.9  179.1 -175.5    nan  1.054   92.8  3.795  5.319   57.6   73.9
A  -60.7  -39.7  107.1  176.0    nan    nan  1.006  102.3  3.789  5.510   81.8   90.7
K  -64.3  -52.8  110.5  175.7  -77.8    nan  1.027   90.6  3.831  5.414   66.2   78.8
R  -56.3  -11.2  114.2 -178.9  -19.6    nan  1.101  118.5  3.819  5.197   62.9   80.1
I -121.6   11.4  112.7  177.8   65.1  -58.8  1.083   63.4  3.827  5.370   32.7   54.1
G   58.3   36.8  114.6 -179.9    nan    nan    nan  102.0  3.791    nan    nan -116.0
F  -78.7  133.5  108.0  176.0  177.6    nan  1.008   94.9  3.805    nan    nan  136.0
T -115.4   -0.5  114.1 -175.0   58.3  -61.1  1.058   64.4  3.802  5.809 -157.1 -159.3
G  -67.8  160.0  111.9 -179.3    nan    nan    nan   76.3  3.800    nan    nan  117.2
Q  -81.7  132.8  109.9  178.0 -177.5    nan  1.030   98.6  3.811    nan    nan -102.2
F  -80.4  123.6  108.2  174.6  -91.4    nan  1.000   99.5  3.815  5.777 -122.9 -134.8
L -118.0  134.9  109.6 -178.1  -57.7    nan  0.994  122.7  3.789  5.858 -168.5 -175.5
I -106.0  134.4  106.2  171.7  -85.4  152.8  1.017  112.6  3.777  5.794 -156.2 -158.8
E -111.3  102.3  110.3 -179.4 -176.7    nan  1.036  113.2  3.807  5.836 -153.1 -157.6
P  -68.8  148.7  113.2 -178.5  -17.5    nan  0.976   83.2  3.834  5.925 -135.8 -148.8
K -158.9  132.8  105.6  174.5 -172.2    nan  0.996  134.9  3.795  5.622  163.4  162.1
P  -72.2  -28.7  116.5 -177.9   34.9    nan  1.019   93.7  3.832  5.675 -112.1 -117.6
K -176.0 -176.6  110.7 -174.5   54.7    nan  1.015  173.9  3.803  4.617  -35.8  -18.3
E   62.9  112.9  112.6 -175.7  174.7    nan  1.087   60.5  3.835  4.810   73.7   65.3
P  -68.2  -28.7  117.0    1.0   37.7    nan  1.034   97.1  2.966  5.396   67.7   25.9
T  -68.2  166.1  113.8 -179.2   62.0  -59.2  1.062   74.3  3.856  5.574   70.9   92.2
K  -76.7  -40.2  107.4  176.0 -168.7    nan  0.976   89.3  3.832  5.229  -84.5  -92.5
H -139.2  123.9  107.9  175.2  172.2    nan  1.001  126.1  3.801  4.877  -15.8    4.3
Q  -99.3  138.6  106.7  177.0 -174.5    nan  1.006  107.9  3.790  5.875 -154.5 -159.9
Y  -59.1  -48.2  116.0 -173.9  -68.8    nan  1.170   93.5  3.785  5.722 -100.0  -97.2
D  -79.0   66.6  106.6  176.6  -55.6    nan  0.989  109.4  3.815  5.349   49.9   59.0
F  -53.6  -44.3  111.4 -174.4 -170.2    nan  1.038  102.7  3.796  6.154 -165.3 -163.2
D -165.0 -179.1  109.8  178.9   60.2    nan  1.053  164.7  3.813  4.752  -42.9  -24.4
V  -47.6  -58.2  113.0 -178.9  170.0  -68.3  1.087   96.3  3.833  5.128  -41.1  -42.4
A  -58.6  -44.0  112.7 -177.8    nan    nan  1.078   98.4  3.789  5.148   60.1   74.6
T  -64.6  -49.4  111.8  180.0  -58.7 -179.9  1.040   91.4  3.822  5.355   66.4   79.5
A  -61.8  -43.1  108.8  179.1    nan    nan  1.016   98.7  3.816  5.248   63.8   75.6
Y  -56.6  -48.5  109.9  178.5 -179.2    nan  1.040   98.7  3.796  5.377   73.3   85.4
A  -52.4  -43.9  111.3  179.4    nan    nan  1.043  103.9  3.798  5.268   74.5   85.5
F  -68.1  -43.7  111.8 -179.8  168.1    nan  1.053   91.8  3.817  5.256   59.3   76.1
L  -63.3  -59.1  110.2  178.8  -63.1    nan  1.030   88.1  3.817  5.353   66.4   79.5
K  -50.6  -43.0  110.3  178.8 -176.6    nan  1.027  106.4  3.793  5.121   66.0   77.0
S  -62.1  -30.0  112.8 -178.7  178.9    nan  1.043  103.6  3.811  5.253   67.2   83.4
H -112.1   12.1  114.4 -177.7  -72.9    nan  1.072   73.3  3.818  5.050   24.7   49.4
G   69.1   22.3  117.0  179.6    nan    nan    nan   99.7  3.809    nan    nan -106.5
L -100.5   -6.0  114.1 -178.8  -89.6    nan  1.063   77.1  3.822    nan    nan  107.5
D  -61.9  -36.6  117.5 -173.0   62.2    nan  1.163   97.8  3.821  5.729  100.2  124.1
E  -58.6  -21.8  112.7  179.3 -167.6    nan  1.051  111.2  3.808  5.487   82.5   92.5
Y  -96.3   -9.6  115.5 -176.0  -59.0    nan  1.068   79.7  3.832  5.307   51.1   74.0
F -122.0  154.4  116.2 -173.0  -70.1    nan  1.080  129.7  3.797  5.077   39.9   62.2
K -136.2  172.6  105.5  171.5  -80.1    nan  0.991  137.7  3.789  5.554 -163.9 -168.9
F -108.6  143.8  114.1 -174.1  -55.2    nan  1.084  119.1  3.796  5.437 -116.5 -106.8
N -108.1  105.4  101.8  174.2  177.4    nan  0.926  105.7  3.792  5.671 -138.2 -152.9
I  -93.1  131.6  112.5 -175.1  -66.9  174.0  1.076  108.8  3.815  6.123 -169.1 -163.0
E -114.7  129.9  110.2  179.2  174.8    nan  1.028  120.6  3.788  5.794 -158.2 -166.8
A  -49.2  -55.6  112.6 -178.2    nan    nan  1.069   97.4  3.800  5.677  -91.5 -102.6
N  -62.9  -27.9  112.9 -174.6 -152.6    nan  1.073  103.9  3.820  5.169   57.8   75.4
H  -72.9  -42.1  109.5  178.9  -67.2    nan  1.020   90.2  3.799  5.473   72.0   85.2
A  -56.3  -49.5  110.6  179.5    nan    nan  1.024   97.9  3.790  5.295   75.0   87.4
T  -74.2  -23.3  113.5 -175.3   65.4  -54.1  1.086   95.6  3.798  5.080   47.4   69.3
L  -75.6  -27.1  109.1  179.7 -141.0    nan  1.019   94.4  3.791  5.473   73.6   87.3
A  -86.1    6.8  111.5  177.1    nan    nan  1.033   96.3  3.839  5.364   52.9   71.4
G   82.1   15.8  114.5 -179.5    nan    nan    nan   91.1  3.796    nan    nan  -97.7
H -112.7  161.6  110.2  177.6  -54.6    nan  1.010  117.8  3.805    nan    nan   86.4
T  -86.0  159.1  106.3  172.7   54.9  -66.8  0.972   91.9  3.794  5.450 -102.9 -107.7
F  -57.1  -48.3  109.2  177.0 -169.8    nan  1.008   98.9  3.794  5.254  -74.9  -80.1
Q  -57.0  -46.2  112.0 -178.3 -175.6    nan  1.070   98.6  3.826  5.322   65.4   83.2
H  -50.4  -49.4  111.6 -179.8  172.3    nan  1.028  101.5  3.816  5.407   82.7   90.8
E  -67.2  -36.8  111.4 -175.6 -148.1    nan  1.057   96.3  3.775  4.998   56.5   75.3
L  -66.2  -46.2  111.6  175.7 -102.9    nan  1.037   92.1  3.810  5.415   65.5   80.8
R  -58.9  -45.9  111.5  178.1 -166.7    nan  1.037   97.7  3.844  5.338   68.3   80.8
M  -56.2  -53.5  110.3  178.0  -84.4    nan  1.021   95.7  3.821  5.347   73.7   83.4
A  -53.1  -44.0  108.8  178.3    nan    nan  1.007  104.6  3.802  5.183   69.5   78.9
R  -61.8  -51.9  115.9 -178.4 -153.0    nan  1.090   89.4  3.807  5.234   64.7   83.3
I  -68.1  -23.7  111.8 -179.8   68.0  -54.5  1.102  101.7  3.814  5.228   51.5   70.4
L  -78.6  -12.8  109.7  173.1 -107.2    nan  1.003   96.9  3.825  5.593   70.0   78.9
G   77.7   21.6  113.2 -178.6    nan    nan    nan   93.2  3.810    nan    nan -119.0
K -125.8   38.0  113.6 -177.3  -16.9    nan  1.103   74.9  3.798    nan    nan   83.1
L  -80.9   87.2  105.7  173.2  172.8    nan  0.996  105.9  3.790  6.114  132.9  132.5
G  -77.8  -61.8  116.4 -176.3    nan    nan    nan   73.5  3.782    nan    nan -166.3
S -152.2  172.9  107.9 -176.2 -167.6    nan  0.992  153.5  3.787    nan    nan  -21.4
I -131.9  136.4  112.4 -178.7  -61.6  178.0  1.042  132.8  3.806  5.502 -140.4 -133.9
D  -97.8  108.6  104.3  169.6  -84.9    nan  0.973  106.0  3.798  5.748 -141.1 -152.1
A  -85.0   93.5  114.6 -175.2    nan    nan  1.090  114.1  3.774  5.971 -153.8 -153.0
N -134.4 -164.1  108.7  170.2   61.5    nan  1.066  127.6  3.788  5.869  134.2  128.7
Q -155.1  123.9  107.0 -179.5  158.1    nan  0.968  127.5  3.802  5.192 -135.0 -132.8
G  -89.8  177.3  112.6  176.9    nan    nan    nan   90.8  3.793    nan    nan -148.1
D -108.4  113.6  105.2  175.0 -175.4    nan  0.976  110.7  3.802    nan    nan -109.2
L  -63.2  -18.8  115.0 -176.7  -85.5    nan  1.099  107.8  3.815  5.965 -125.9 -128.9
L  -92.5    2.0  112.5  178.3  -68.2    nan  1.095   88.3  3.808  5.436   54.2   75.8
L -118.3  137.1  111.5  177.6  -49.8    nan  1.039  124.6  3.839  5.533   51.4   67.9
G  -85.9   14.5  118.0 -176.4    nan    nan    nan  100.7  3.802    nan    nan -126.7
W -131.3  161.6  109.9  179.1   63.7    nan  1.022  135.0  3.851    nan    nan   66.9
D  -65.2  119.6  108.4  178.2  -20.3    nan  1.025   92.4  3.859  5.595  -76.0  -84.0
T  -86.7  -25.4  110.2  172.8   53.5  -67.1  1.079   84.5  3.779  5.776 -147.7 -154.4
D   49.9   48.3  115.5 -179.9  -85.4    nan  1.104  100.5  3.846  5.633 -159.4 -157.8
Q  -83.3  159.6  112.3 -178.8  -63.5    nan  1.028   91.2  3.830  6.091  145.5  146.4
F  -72.7  134.5  107.4  175.1  -76.8    nan  1.018   89.7  3.814  5.437  -92.6  -96.4
P  -65.5  115.6  113.7 -178.8   31.1    nan  0.995   98.7  3.822  5.573 -101.5 -112.4
T -128.5   27.3  112.5 -179.7   60.0  -61.3  1.057   65.5  3.816  5.935  162.4  164.4
N -123.0  110.7  111.2 -175.5 -177.4    nan  1.012  118.4  3.814  5.563   78.2   91.0
V  -64.9  -28.0  115.2 -176.1  -72.4   49.3  1.172  101.1  3.838  6.102 -136.6 -134.4
Y  -62.2  -46.3  109.5  176.7  -68.2    nan  1.052   96.3  3.812  5.709   87.3   93.7
D  -65.6  -47.1  112.8 -179.2  -66.3    nan  1.062   91.3  3.826  5.329   62.0   76.7
T  -64.0  -35.4  111.4 -178.9   53.4  -65.9  1.058   99.6  3.786  5.232   63.5   78.2
T  -64.8  -53.9  112.4  177.5  -64.6  174.5  1.076   88.4  3.795  5.438   70.0   85.2
L  -63.7  -34.7  112.3  179.8  -80.5    nan  1.082   99.8  3.818  5.238   55.7   71.6
A  -63.8  -55.6  109.2  177.7    nan    nan  1.014   90.3  3.817  5.481   76.1   86.2
M  -61.8  -34.9  113.0 -177.3  -72.6    nan  1.101  101.0  3.785  5.082   52.8   73.2
Y  -53.6  -41.5  110.0  175.5  177.2    nan  1.013  105.2  3.793  5.530   86.8   94.1
E  -68.5  -40.2  111.3  179.6  -55.3    nan  1.039   93.6  3.795  5.269   61.0   77.3
V  -63.6  -51.9  109.8 -179.2 -176.4  -53.6  1.027   92.0  3.828  5.398   70.8   83.8
I  -53.5  -45.3  110.1  178.2  -66.0  172.0  1.057  102.8  3.795  5.248   67.3   80.2
K  -67.3  -25.7  112.7 -179.9  -65.2    nan  1.076  101.2  3.838  5.348   58.3   75.6
A  -79.5  -16.8  109.3  177.5    nan    nan  1.020   94.6  3.822  5.477   65.9   79.5
G  109.5   16.1  112.6  178.1    nan    nan    nan   65.1  3.784    nan    nan  -94.6
G   77.3  176.4  110.4 -178.4    nan    nan    nan   76.1  3.785    nan    nan  -91.6
F  -73.9  150.7  114.2 -178.8  -64.5    nan  1.067   87.2  3.781    nan    nan  -71.9
T -114.3  -87.3  104.8  171.7  -61.8  178.7  0.974   75.4  3.786  5.633 -144.2 -150.0
K -103.8   55.6  110.2  178.7  -65.3    nan  1.037   98.1  3.789  4.696  -21.9   -1.0
G -164.5 -178.4  111.3  179.1    nan    nan    nan  163.8  3.788    nan    nan   69.2
G -176.6 -164.6  112.7 -179.6    nan    nan    nan  163.0  3.783    nan    nan -173.9
L  -97.4   83.9  111.0 -178.0  -64.8    nan  1.043  109.8  3.776    nan    nan  -71.1
N  -75.8  123.8  108.4  177.0  174.5    nan  1.008   96.8  3.791  6.130 -167.8 -177.2
F  -78.0   75.2  113.0 -179.8  -81.5    nan  1.095  115.0  3.804  5.899 -134.0 -135.3
D  -77.6   63.9  107.6  175.9 -170.2    nan  0.999  111.1  3.781  6.118 -176.7  171.2
A -137.1  168.1  107.3 -178.0    nan    nan  0.990  139.3  3.807  5.764  103.3  107.9
K -146.3  157.5  110.6 -178.7   67.8    nan  1.028  147.5  3.813  5.499 -158.6 -155.5
V  -72.8  152.9  109.3 -179.4  -62.1   60.6  1.031   83.2  3.807  5.491  -90.9  -95.6
R  -63.5  151.1  106.4  175.8  -59.4    nan  0.986   74.4  3.794  5.442  -83.4  -95.0
R  -52.8  -37.8  112.5 -177.5 -174.5    nan  1.059  107.0  3.809  5.440  -76.3  -81.2
A  -78.8  -16.5  113.1 -179.2    nan    nan  1.072   94.4  3.816  5.234   52.0   72.6
S  -87.4   65.6  105.2  173.6  -56.6    nan  0.972  104.9  3.821  5.563   64.2   76.6
Y  -90.0   -6.4  116.6 -172.1   75.5    nan  1.107   87.1  3.805  6.071  148.4  165.1
K  -84.2  150.2  112.3 -179.0  -55.9    nan  1.081   95.7  3.819  5.622   78.0   97.1
V  -53.3  -32.5  115.4 -177.3  176.5  -61.4  1.102  108.6  3.818  5.454  -74.7  -84.0
E  -71.8  -26.4  109.3 -176.9   30.8    nan  1.047   98.0  3.825  5.415   69.9   85.3
D  -68.2  -30.5  112.1  177.2  -64.2    nan  1.066   98.2  3.797  5.522   74.7   89.6
L  -60.3  -42.6  108.6  174.7  -95.1    nan  0.979  100.3  3.797  5.568   86.5   90.9
F  -71.4  -51.4  109.4 -178.1  -77.6    nan  1.051   87.3  3.778  5.098   55.7   74.3
I  -53.1  -46.7  111.6  178.9  -72.1  165.2  1.059  101.4  3.796  5.290   68.3   81.8
G  -57.1  -51.7  112.2  177.8    nan    nan    nan   95.0  3.806    nan    nan   82.1
H  -63.7  -34.9  114.0 -179.5  -80.9    nan  1.077   98.9  3.799    nan    nan   74.5
I  -66.2  -47.4  109.0  179.4  -73.6  165.1  1.046   93.1  3.803  5.429   71.1   85.5
A  -53.8  -47.7  111.4  178.2    nan    nan  1.047  100.3  3.810  5.343   72.2   84.1
G  -62.1  -40.8  112.5  179.8    nan    nan    nan   97.7  3.794    nan    nan   78.4
M  -68.1  -40.8  111.7 -178.4  -70.7    nan  1.062   93.3  3.777    nan    nan   80.5
D  -60.3  -53.6  110.8  176.9  -90.7    nan  1.033   92.6  3.814  5.428   71.4   83.5
T  -56.4  -45.8  111.5 -179.8  -54.6 -171.7  1.056   99.6  3.807  5.186   64.3   78.0
F  -69.1  -32.5  113.3  177.8 -100.9    nan  1.113   95.9  3.783  5.277   52.6   72.4
A  -67.1  -52.3  109.1  179.5    nan    nan  1.028   90.0  3.809  5.515   75.6   86.8
L  -56.9  -47.1  110.6  178.9  175.2    nan  1.034   99.0  3.805  5.215   64.4   77.1
G  -58.1  -42.7  111.4  179.4    nan    nan    nan  100.2  3.809    nan    nan   81.8
F  -57.1  -41.2  110.1  176.8  169.5    nan  1.027  102.6  3.792    nan    nan   84.5
K  -69.2  -39.0  112.4 -178.7  -64.9    nan  1.098   92.9  3.796  5.252   57.3   78.5
V  -64.5  -45.2  109.4  177.2  177.3  -61.5  1.036   95.2  3.825  5.523   70.1   81.4
A  -64.3  -36.2  110.3 -180.0    nan    nan  1.036   99.5  3.807  5.273   64.5   77.6
Y  -60.1  -43.1  110.6  179.3 -170.3    nan  1.041   99.0  3.793  5.401   75.5   89.6
K  -66.5  -51.0  112.4  176.0 -108.9    nan  1.068   88.8  3.818  5.348   59.5   75.3
L  -46.2  -48.8  109.9  176.4  -74.3    nan  1.018  105.7  3.815  5.366   80.8   87.0
V  -69.5  -35.8  113.4 -177.7  176.9  -61.7  1.093   93.8  3.802  5.152   52.4   72.2
K  -71.7  -55.3  112.1 -179.0 -171.7    nan  1.064   83.4  3.806  5.374   66.1   81.5
D  -61.2  -16.5  110.3  176.3  -68.0    nan  1.028  112.0  3.817  5.230   58.2   69.1
G   58.5   24.3  113.5  179.8    nan    nan    nan  109.6  3.803    nan    nan -141.5
V  -55.2  -45.5  114.8 -175.0   65.0 -171.1  1.124   98.9  3.809    nan    nan  155.6
L  -72.9  -41.7  111.7  178.6  -63.7    nan  1.052   89.1  3.823  5.358   56.3   69.9
D  -60.6  -31.7  113.3 -178.4  -66.9    nan  1.078  103.7  3.825  5.361   71.3   86.8
K  -71.3  -49.3  110.3  178.5  -78.8    nan  1.065   87.7  3.803  5.441   66.9   83.1
F  -53.2  -42.9  111.6  177.5  172.5    nan  1.069  103.8  3.803  5.397   71.0   82.8
I  -67.8  -42.5  111.9 -179.5  -77.2  160.4  1.086   92.6  3.825  5.314   60.3   77.7
E  -58.8  -40.4  110.5  176.3  165.9    nan  1.023  101.6  3.814  5.400   72.8   82.8
E  -72.6  -38.5  111.3  178.5  -41.8    nan  1.046   91.1  3.817  5.288   56.1   73.5
K  -61.8  -37.2  114.1 -178.4 -178.0    nan  1.078   99.1  3.829  5.376   72.3   88.6
Y -103.7   20.9  112.2 -178.1  -60.2    nan  1.053   84.8  3.855  5.121   29.8   50.5
R  -49.7  -45.6  114.8 -177.3 -162.3    nan  1.055  102.9  3.812  5.996  145.5  155.2
S  -59.2  -12.1  115.0 -176.6   63.7    nan  1.107  115.2  3.825  5.342   67.9   87.5
F  -87.3   -1.9  111.8  178.8  -72.6    nan  1.103   92.0  3.789  5.530   68.3   87.2
R  -96.4  -43.5  109.5  175.4  -18.9    nan  1.034   72.0  3.805  5.673   68.9   83.8
E  -84.2  170.7  112.0  178.0  -53.6    nan  1.034   87.8  3.839  5.207   41.9   59.1
G   33.2 -138.9  122.4  174.2    nan    nan    nan   64.0  3.829    nan    nan   14.4
I  -58.3  -29.7  110.1 -179.1 -171.0   66.3  1.047  108.1  3.808    nan    nan    0.7
G  -49.4  -52.8  112.0  176.7    nan    nan    nan   99.7  3.801    nan    nan  103.8
R  -66.0  -37.0  111.1  179.2   48.7    nan  1.052   97.3  3.809    nan    nan   69.4
D  -56.9  -41.7  108.2  178.7  -78.9    nan  1.013  103.6  3.810  5.486   81.5   90.9
I  -60.3  -59.4  110.4  178.9  -72.5  164.2  1.049   89.5  3.801  5.330   68.8   83.1
V  -55.0  -47.5  113.2 -179.5 -178.2  -56.5  1.073   98.5  3.807  5.192   61.0   74.6
E  -67.0  -26.5  111.8 -179.6  -41.8    nan  1.069  101.3  3.819  5.244   58.8   74.6
G   97.4   24.8  114.4  177.6    nan    nan    nan   73.2  3.804    nan    nan -116.4
K  -84.2  -21.2  109.9  178.6    5.6    nan  1.019   88.4  3.805    nan    nan  122.4
V  -94.3  157.7  114.9 -176.9  180.0  -60.1  1.085  103.3  3.804  5.257   50.7   74.8
D -139.8  179.5  106.9  172.6   57.6    nan  1.026  140.0  3.826  5.608 -165.2 -167.6
F  -59.0  -43.1  111.8 -178.9  -87.4    nan  1.051   99.2  3.851  5.208  -54.4  -55.0
E  -61.7  -49.8  112.1 -178.1  -63.8    nan  1.089   93.0  3.782  5.242   65.8   84.5
K  -63.9  -32.8  110.9  177.0  -13.8    nan  1.060  101.3  3.808  5.332   57.6   72.2
L  -72.2  -35.0  111.2  178.5  -80.1    nan  1.059   93.0  3.813  5.437   64.8   81.0
E  -64.5  -44.2  108.8  176.7  179.4    nan  1.024   96.1  3.802  5.474   73.1   84.3
E  -57.6  -52.7  110.9  179.0  -38.8    nan  1.049   94.9  3.810  5.324   70.6   83.9
Y  -56.7  -38.2  113.9  179.2  170.0    nan  1.069  102.9  3.819  5.261   64.7   78.4
I -103.3  -17.7  116.6 -170.7 -130.6  102.5  1.137   69.4  3.794  4.876   28.5   57.0
I  -39.5  -37.7  116.4 -175.6  -10.0  -43.7  1.113  115.9  3.844  5.898  120.0  131.7
D -112.3   -7.5  117.9 -177.1  -70.3    nan  1.136   64.4  3.832  4.966   19.9   44.7
K  -60.5  120.3  110.4 -179.2  -16.2    nan  1.056   90.8  3.825  5.842  107.6  117.5
E  -78.7  -65.4  113.6 -178.2  -47.5    nan  1.085   74.0  3.814  5.916 -132.6 -140.2
T -108.8  141.0  112.9 -180.0  -45.5 -163.9  1.090  118.8  3.819  4.863   -5.2   19.1
I -117.3  128.7  107.1 -179.5  -62.7  175.3  0.995  119.3  3.792  5.717 -148.2 -160.4
E  -89.0  131.7  112.3 -177.9    4.4    nan  1.068  105.7  3.819  5.891 -138.3 -140.0
L -123.1  144.4  113.9 -177.6  -73.3    nan  1.066  129.9  3.824  5.808 -166.1 -172.7
P  -81.5  154.3  109.0  179.0  -15.0    nan  0.900   90.3  3.826  5.500 -104.1 -120.6
S  -69.3  159.1  106.4  171.5  178.3    nan  0.975   76.4  3.789  5.507 -101.2 -101.3
G  -85.2  -25.8  110.7 -179.4    nan    nan    nan   85.6  3.801    nan    nan -103.7
K   61.7   18.0  116.9  177.4  -67.8    nan  1.120  109.1  3.800    nan    nan -149.6
Q  -51.2  -47.6  113.8 -178.6 -173.5    nan  1.099  101.0  3.824  6.093  143.0  150.4
E  -58.7  -35.1  110.4  178.6  -67.7    nan  1.058  104.7  3.806  5.389   69.7   80.7
Y  -68.9  -55.1  111.0  178.4  174.7    nan  1.047   86.1  3.801  5.404   67.8   81.8
L  -52.8  -39.3  113.6  179.8  -78.0    nan  1.068  105.4  3.826  5.284   67.5   80.3
E  -66.8  -40.9  112.1 -179.7  -69.1    nan  1.082   94.2  3.806  5.322   65.1   82.5
S  -61.6  -33.3  108.0  177.5   65.4    nan  1.030  104.4  3.790  5.433   70.1   82.3
L  -59.3  -47.3  112.1  178.1  -86.1    nan  1.072   96.2  3.815  5.539   77.0   92.0
I  -54.7  -36.5  109.4  178.6  -88.2  152.9  1.066  107.6  3.789  5.381   72.2   84.0
N  -66.7  -41.7  111.8  177.3  -80.8    nan  1.065   93.8  3.798  5.459   67.5   81.7
S  -63.2  -41.2  112.0  179.1  -70.7    nan  1.074   96.8  3.784  5.335   66.5   82.1
Y  -69.6  -27.5  113.4  177.5  -82.8    nan  1.120   97.8  3.785  5.324   55.6   76.0
I  -66.5  -43.3  108.1  174.7  -67.0  171.5  1.045   95.4  3.781  5.631   77.0   88.0
V  -66.6  -44.2  111.5  178.5  175.1  -63.7  1.075   92.9  3.810  5.379   60.1   76.0
K  -54.8  -53.5  111.4  178.3  -90.5    nan  1.020   95.9  3.835  5.468   80.2   86.6
T  -61.1  -43.3  112.5 -177.1  -43.4 -161.7  1.056   97.1  3.810  5.104   62.1   76.3
I  -57.8  -37.9  111.3  179.2  -75.1  162.4  1.079  103.4  3.798  5.336   70.8   85.8
L  -66.9  -25.1  113.4  178.7  -61.1    nan  1.082  101.5  3.817  5.425   65.4   82.0
E  -94.3    6.0  111.5  178.8  -59.4    nan  1.032   87.9  3.830  5.370   50.7   67.8
L  -82.0  142.1  112.2 -178.0 -109.5    nan  1.052   96.9  3.802  5.712   92.8  110.6
R  -94.2    nan  108.7  178.1   21.7    nan  1.008    nan  3.799  5.698 -127.6 -136.3
