Id   phi    psi    tau  omega    chi    chi2  solid    eta  CA-CA  CB-CB  BA^AB  NA^AC
M    nan  134.1  104.2    nan -153.7    nan  0.942    nan    nan    nan    nan    nan
K -128.4  133.9  114.0 -178.9  -68.9    nan  1.000  131.3  3.807  5.833 -171.2 -172.4
L -108.3  122.4  108.8  175.1  173.4    nan  1.035  115.3  3.752  5.717 -160.1 -159.3
F  -88.2  119.9  105.4  177.5  -66.8    nan  0.982  102.3  3.835  5.880 -139.1 -152.1
Y -140.6  177.2  114.4 -174.3   87.1    nan  1.012  141.7  3.794  5.778  167.2  161.3
K -142.5  125.2  103.5  175.5 -169.3    nan  0.953  125.0  3.749  5.322 -148.8 -144.4
P  -44.3  122.5  114.2 -179.7  -28.8    nan  0.998   81.8  3.849  5.617  -91.0 -100.8
G   83.3  -21.5  118.5  178.5    nan    nan    nan  106.4  3.819    nan    nan    7.2
A  -61.3 -176.3  108.1  179.1    nan    nan  0.996   60.2  3.782    nan    nan  102.3
C  -66.1  -18.0  115.5 -179.8   69.2    nan  1.094  105.3  3.858  5.217  -64.7  -56.2
S  -60.0  -18.0  112.2  177.2   41.7    nan  1.044  112.0  3.849  5.650   93.2  105.3
L  -57.6  -37.4  109.6  177.7  174.2    nan  1.025  104.6  3.858  5.719   95.0  107.3
A  -60.5  -45.4  112.0  178.2    nan    nan  1.058   96.6  3.871  5.480   72.3   87.2
S  -69.7  -36.4  109.6  177.0  -67.8    nan  1.010   95.3  3.826  5.296   58.8   70.4
H  -64.0  -44.7  110.5  177.7 -177.1    nan  1.058   95.2  3.858  5.384   67.5   84.1
I  -63.8  -42.6  108.1  177.2  -75.1  166.6  1.027   97.8  3.839  5.436   63.2   76.0
T  -62.3  -39.9  113.0  179.2  -58.7 -176.4  1.110   97.7  3.843  5.387   62.8   81.6
L  -61.3  -38.6  109.9  177.8  -82.1    nan  1.065  100.9  3.852  5.536   71.9   84.2
R  -73.9  -40.9  112.3  177.0  -62.4    nan  1.074   88.3  3.848  5.444   56.9   73.1
E  -66.7  -21.3  112.9  179.5  -66.6    nan  1.087  103.8  3.806  5.334   63.0   80.3
S  -98.8   -0.9  113.2 -179.4   65.5    nan  1.103   80.9  3.823  5.337   44.2   69.6
G   74.0   32.7  117.8  177.4    nan    nan    nan   89.4  3.793    nan    nan -115.4
K  -88.7  161.5  110.9 -179.6  -56.7    nan  1.006   95.2  3.794    nan    nan  126.0
D -109.1  131.4  104.0  177.8 -141.5    nan  0.924  112.8  3.721  5.314 -122.7 -130.5
F -156.3  168.1  110.6 -177.0   60.0    nan  1.032  157.7  3.739  5.570  154.3  154.3
T -119.5  131.8  105.2  176.8  -75.1  165.3  0.972  119.9  3.779  5.443 -129.8 -132.5
L  -91.6  125.1  106.6  179.7 -128.8    nan  0.940  104.5  3.797  5.745 -132.3 -143.0
V -120.8  112.3  108.3  179.6 -176.9  -54.6  0.994  116.4  3.851  5.951 -177.2 -177.5
S  -73.3  141.3  112.1 -178.8 -169.2    nan  1.049   90.1  3.796  5.926 -136.7 -142.9
V -123.1  131.2  110.7 -179.2  178.9  -58.7  1.028  125.6  3.816  5.777 -157.1 -164.1
D  -84.7  103.3  103.5  177.6  174.7    nan  0.943  101.9  3.780  5.703 -126.0 -140.7
L  -70.5  -17.6  117.6 -177.3  -69.1    nan  1.190  100.7  3.787  6.086 -154.4 -144.5
M  -78.5  -47.6  109.0  178.2  -72.9    nan  0.995   84.2  3.819  5.712   83.0   89.3
K  -90.8   -9.6  116.0 -179.6  -99.5    nan  1.115   85.0  3.790  4.873   26.9   51.2
K   54.7   48.4  110.2 -179.3 -100.6    nan  1.025   99.9  3.818  5.540 -132.8 -137.1
R -125.3  144.3  108.5 -178.5  -69.5    nan  0.966  128.3  3.782  5.757  100.6  105.2
L  -80.2  165.4  107.5  178.2  -74.8    nan  1.015   84.8  3.793  5.684 -116.4 -118.5
E  -51.4  -16.8  114.8 -179.6   29.4    nan  1.111  120.2  3.848  5.307  -63.7  -64.6
N -110.7    6.7  115.2 -179.3   70.1    nan  1.053   72.2  3.851  5.314   43.2   60.8
G   96.0   -7.7  118.3  178.3    nan    nan    nan   87.6  3.820    nan    nan  -87.9
D  -72.3  151.6  111.8  179.7  -68.9    nan  1.068   84.3  3.799    nan    nan  106.0
D  -67.9  128.1  110.7 -178.9 -170.6    nan  1.024   91.5  3.794  5.464  -87.4  -98.0
Y  -77.6  -29.2  111.6  179.9 -176.6    nan  1.118   90.7  3.816  5.924 -132.0 -131.3
F  -61.4  -21.3  111.1  178.3  -79.5    nan  1.032  109.3  3.811  5.604   86.5   94.3
A  -74.7  -20.9  111.9  178.5    nan    nan  1.058   96.8  3.782  5.442   71.5   89.3
V  -96.4  -56.4  108.3  178.4  172.8  -64.6  0.996   71.2  3.854  5.450   53.0   67.8
N -122.6  108.0  108.1  178.2 -178.5    nan  1.007  114.5  3.776  4.763  -10.0    8.7
P  -59.3  -17.5  112.5  179.7  -35.8    nan  0.970  112.8  3.817  5.734 -120.9 -136.2
K  -87.0  -12.4  113.4  177.6  -68.3    nan  1.104   88.1  3.819  5.381   49.3   81.6
G   67.0   17.1  118.4  177.9    nan    nan    nan  104.2  3.834    nan    nan -132.3
Q -115.5  156.0  115.8 -177.8  -53.7    nan  1.012  123.5  3.785    nan    nan   88.9
V -104.0  146.8  103.1  173.8  -63.7   60.4  1.006  108.9  3.794  5.563 -135.1 -133.5
P  -90.6  166.1  115.4   -0.0   39.7    nan  0.960   96.5  2.910  4.656   52.7   44.7
A -147.2  136.3  105.3  175.2    nan    nan  0.999  134.9  3.809  5.528 -170.4 -164.8
L -115.3  124.4  109.5  179.2 -170.8    nan  1.020  119.4  3.822  5.840 -156.5 -159.7
L  -98.4  110.7  106.8  178.2 -173.7    nan  0.963  108.7  3.792  5.839 -148.3 -158.1
L  -72.2  162.8  110.7  179.9  -55.9    nan  1.070   78.9  3.786  5.970 -143.0 -143.3
D  -58.5  -43.8  111.4 -179.0  -57.8    nan  1.045   99.4  3.806  5.315  -66.8  -75.2
D  -64.1  -10.1  111.0  178.8   52.8    nan  1.053  112.0  3.778  5.280   64.6   78.8
G  103.2   -6.2  114.7 -179.3    nan    nan    nan   79.4  3.791    nan    nan  -93.8
T  -66.9  134.3  109.9  179.3  -50.4 -170.0  0.999   87.1  3.829    nan    nan  110.9
L -105.7  125.0  106.5  177.9 -163.9    nan  0.996  112.3  3.782  5.732 -151.0 -155.7
L -117.0  129.4  106.2 -180.0 -164.8    nan  0.959  118.7  3.832  5.900 -165.7 -175.3
T -117.3  178.1  106.7  178.6   60.6  -60.3  1.005  117.9  3.799  5.914 -169.4 -170.2
E   74.2  111.2  110.9 -178.4  -53.4    nan  1.056   65.2  3.824  4.781   80.9   68.4
G  -47.2  -52.2  116.3 -179.1    nan    nan    nan   99.2  3.803    nan    nan -119.9
V  -55.4  -38.3  111.9  179.1  169.4  -69.9  1.077  104.8  3.796    nan    nan   81.1
A  -70.3  -47.8  109.8  179.5    nan    nan  1.033   89.5  3.847  5.432   63.9   78.5
I  -57.0  -45.5  112.3  177.7  -63.1  172.7  1.034   98.9  3.783  5.277   69.1   80.8
M  -64.2  -35.7  114.1 -177.7  -69.8    nan  1.113   97.9  3.882  5.305   60.1   81.0
Q  -71.8  -40.8  109.8  177.1  -75.9    nan  1.050   91.5  3.796  5.432   64.9   77.8
Y  -58.4  -45.5  110.1  177.4  166.0    nan  1.073   99.2  3.849  5.505   72.0   85.3
L  -68.3  -43.7  113.8 -179.5  -62.8    nan  1.077   90.4  3.859  5.338   58.6   74.9
A  -63.8  -45.3  112.9 -179.4    nan    nan  1.088   93.6  3.807  5.335   64.1   81.7
D  -63.2  -33.8  111.6 -179.8  -79.1    nan  1.033  101.0  3.802  5.321   68.1   79.8
S  -67.1  -20.0  113.1 -179.4   75.2    nan  1.091  104.0  3.804  5.380   68.1   87.1
V -127.3   68.4  108.7  179.8  -71.2   51.9  1.039   90.8  3.812  5.176   20.7   40.1
P  -55.1  -32.7  115.3 -179.3   28.5    nan  1.014  107.0  3.840  6.080 -161.3 -167.1
D  -64.0  -26.5  112.3  179.4   53.3    nan  1.035  103.8  3.778  5.299   69.2   90.2
R  -82.0  -13.2  113.4 -179.7  -47.0    nan  1.063   92.6  3.855  5.436   59.6   79.5
Q   53.4   51.8  118.1  178.4  -48.8    nan  1.087   94.1  3.818  5.494 -143.3 -145.1
L  -91.5  -13.1  110.6 -179.7  -94.8    nan  1.012   84.0  3.815  6.026  138.3  140.2
L -155.9  133.7  103.4  179.5 -178.6    nan  0.949  134.3  3.775  4.908   -0.5   14.0
A  -66.3  155.3  112.9 -179.7    nan    nan  1.102   77.6  3.769  5.739 -113.3 -113.2
P  -68.0  154.0  114.9 -179.5   29.8    nan  1.034   80.5  3.802  5.318  -85.4  -92.3
V  -49.4  139.5  110.1  179.9  169.6  -71.7  1.059   71.0  3.806  5.463  -70.9  -80.9
N   77.8   -0.4  115.5  179.6  -70.2    nan  1.181  102.4  3.775  4.845   42.7   22.9
S  -92.7  135.3  102.7  177.2   78.3    nan  0.963  100.9  3.781  5.810   83.4   88.8
I  -57.2  -32.4  111.0 -179.0 -161.8   76.6  1.102  107.2  3.786  5.766 -100.2 -102.4
S  -56.4  -37.3  111.5  179.1  -84.3    nan  1.061  104.8  3.849  5.645   85.7   96.5
R  -61.8  -46.8  110.1  179.4 -177.2    nan  1.038   95.9  3.794  5.422   74.7   87.2
Y  -70.0  -24.3  113.3 -177.9  -52.5    nan  1.132   99.1  3.817  5.196   49.7   73.5
K  -74.1  -36.4  109.8  178.3  -54.5    nan  1.048   91.6  3.804  5.653   73.2   87.1
T  -67.7  -40.8  108.0  178.6  -55.6 -174.3  0.995   95.7  3.845  5.465   70.6   80.7
I  -68.5  -33.6  109.9  179.5  -65.7  172.4  1.079   97.4  3.837  5.291   57.4   76.6
E  -63.0  -45.7  106.8  175.6 -175.2    nan  0.959   97.6  3.776  5.456   77.9   85.3
W  -63.8  -42.9  113.5  178.6  -90.6    nan  1.101   94.6  3.844  5.282   53.8   76.8
L  -57.7  -41.2  110.5  178.4  -71.2    nan  1.039  101.9  3.810  5.401   74.7   85.5
N  -74.1  -35.7  111.0 -179.6 -164.1    nan  1.097   91.2  3.814  5.296   51.5   73.1
Y  -63.1  -49.0  108.6  178.0  175.2    nan  0.990   94.7  3.823  5.552   78.5   85.8
I  -61.6  -44.0  110.8  179.1  -60.7  177.4  1.032   97.1  3.804  5.262   63.0   75.8
A  -61.8  -54.2  113.5 -179.3    nan    nan  1.063   89.5  3.840  5.326   69.1   82.6
T  -82.1  -36.1  118.3 -176.9   63.4  -55.6  1.152   80.5  3.782  4.948   32.8   58.7
E  -96.6  -29.9  117.3 -178.1  -51.4    nan  1.122   70.9  3.851  5.264   39.8   61.0
L -102.7  -62.0  111.5 -178.7  -57.5    nan  1.083   65.2  3.764  5.091   37.8   58.6
H  -53.2  -58.9  111.5  178.9  179.4    nan  1.040   93.3  3.850  5.219   60.6   72.4
K  -69.6  -18.3  111.1 -179.7  -75.0    nan  1.085  102.9  3.828  5.128   40.1   61.2
G  -74.8  -28.2  109.0  178.8    nan    nan    nan   94.8  3.769    nan    nan   91.7
F  -80.7  -30.9  113.5 -179.4  -95.2    nan  1.025   86.4  3.820    nan    nan   79.1
T  -38.7  -50.7  119.9 -177.0  -61.6  179.4  1.236  104.7  3.784  5.422   94.9  119.3
P  -61.2  -29.0  112.6 -180.0  -24.9    nan  0.961  105.0  3.882  5.397   75.3   78.8
L  -66.7  -32.8  109.6 -179.8  -67.3    nan  1.026   99.6  3.799  5.373   69.5   90.9
F  -91.9   13.8  114.9 -178.1  -56.2    nan  1.060   93.9  3.792  5.116   44.4   65.1
R -123.5  150.3  111.4 -178.1  -94.6    nan  0.988  129.1  3.808  5.465   62.7   76.4
P  -76.6  -48.3  113.9  178.6   20.2    nan  1.016   81.9  3.838  5.440 -105.7 -108.2
D  -56.9  -10.5  114.7 -179.6   68.0    nan  1.146  118.3  3.885  5.364   57.4   84.1
T  -72.2  114.0  107.2  178.1  -52.9 -174.2  0.980   97.6  3.777  5.739   94.4  100.5
P  -56.8  141.8  112.3  179.6   23.0    nan  0.983   76.5  3.832  5.818 -116.8 -125.7
E  -60.7  -30.2  117.1 -179.3  -87.3    nan  1.164  102.8  3.830  5.809 -105.0 -100.0
E  -77.4   -9.1  111.9  179.2   76.2    nan  1.078   99.1  3.792  5.488   65.8   80.8
Y  -87.0  -28.9  111.0  179.1 -169.3    nan  1.038   82.7  3.806  5.625   73.6   89.5
K  -52.5  -37.2  117.4 -178.3  -73.2    nan  1.191  105.3  3.794  5.513   83.9  107.1
P  -64.1  -34.7  113.4  179.6  -31.6    nan  0.954   99.0  3.868  5.479   83.7   87.3
T  -70.4  -41.8  109.6 -178.6  -55.7 -176.1  1.051   92.3  3.814  5.256   58.4   83.2
V  -63.3  -45.8  111.9  179.4  174.5  -64.2  1.088   94.2  3.794  5.329   64.3   81.5
R  -60.9  -44.8  109.1  179.1  -67.8    nan  0.993   98.3  3.842  5.407   71.0   79.7
A  -58.7  -45.7  110.2 -179.9    nan    nan  1.032   98.7  3.769  5.175   68.3   83.0
Q  -64.2  -40.7  111.8  178.9  -66.1    nan  1.034   96.5  3.828  5.339   63.5   76.9
L  -64.0  -42.6  112.1  179.6  -73.6    nan  1.045   95.4  3.779  5.243   68.3   82.7
E  -62.4  -34.7  112.6  178.6  -71.1    nan  1.075  100.8  3.837  5.359   64.6   81.8
K  -67.1  -35.8  110.6  177.8 -163.2    nan  1.015   97.2  3.816  5.401   71.0   83.5
K  -72.6  -39.3  110.4  179.4  -73.4    nan  1.038   91.2  3.837  5.368   59.9   78.2
L  -60.6  -28.6  110.6  179.0  -71.5    nan  1.056  106.5  3.811  5.372   70.8   85.8
Q  -70.7  -37.7  109.2  177.6  -59.0    nan  1.047   94.1  3.770  5.446   68.2   85.1
Y  -68.1  -37.1  110.2  178.4  170.8    nan  1.035   96.0  3.805  5.429   64.4   79.7
V  -68.6  -40.0  109.6  179.3  171.3  -67.0  1.004   94.5  3.825  5.410   68.6   80.2
N  -58.8  -42.9  110.8  178.6 -175.0    nan  1.036   99.9  3.800  5.318   74.8   86.6
E  -72.9  -34.1  111.6  179.1  -83.0    nan  1.102   92.7  3.818  5.317   51.8   71.8
A  -63.8  -21.1  111.8  178.5    nan    nan  1.077  106.9  3.806  5.529   76.1   88.0
L -101.0   15.3  114.0 -179.6  -79.3    nan  1.008   85.4  3.869  5.353   51.5   65.7
K  -67.2  -28.2  119.5 -174.9   82.3    nan  1.244   97.3  3.826  5.834  106.2  137.9
D  -78.5   10.3  109.8  177.2  -78.1    nan  1.077  104.8  3.811  5.638   68.1   79.6
E   48.0   59.7  119.8  177.8  -63.0    nan  1.189   91.0  3.876  5.842 -134.2 -127.8
H -128.4 -125.9  106.7  179.4  -91.5    nan  0.981  100.5  3.777  5.820  116.3  108.7
W -109.9  161.5  105.3  176.9  -65.2    nan  0.980  113.6  3.767  4.714  -64.1  -45.7
I  -46.5  -35.2  115.6 -178.9 -159.6   79.8  1.175  112.4  3.856  5.495  -67.6  -63.6
C -103.4   16.2  113.9  178.6  -64.8    nan  1.118   83.6  3.843  5.298   30.1   51.1
G  109.8 -125.2  115.5  179.0    nan    nan    nan  121.8  3.809    nan    nan  -63.8
Q  -66.2  -42.3  120.0 -176.6  -52.2    nan  1.138   89.5  3.782    nan    nan    9.0
R -105.2  144.6  116.4 -177.2 -166.5    nan  1.106  117.6  3.824  4.961   23.3   47.5
F  -69.0  134.3  106.0  177.4  172.9    nan  0.953   86.2  3.813  5.494  -91.5 -112.8
T -136.4  179.7  107.1  179.4   59.0  -62.9  0.985  136.5  3.805  5.826  178.2  176.2
I  -64.3  -22.0  112.7  178.4   42.5  -81.5  1.106  105.8  3.790  5.130  -67.0  -61.1
A  -66.2  -36.4  110.7  177.3    nan    nan  1.054   97.6  3.857  5.713   85.6   95.9
D  -63.4  -44.1  110.8  178.3  -64.2    nan  1.027   95.7  3.834  5.437   73.6   85.4
A  -59.8  -41.1  111.6  179.1    nan    nan  1.061   99.8  3.831  5.313   66.7   82.8
Y  -76.1  -38.3  112.0  179.5 -163.2    nan  1.039   87.8  3.851  5.279   53.7   70.6
L  -63.3  -43.5  109.2  178.2 -146.9    nan  1.021   97.2  3.824  5.433   71.1   83.8
F  -59.9  -46.2  112.3  179.3  171.3    nan  1.037   96.4  3.835  5.284   70.1   83.0
T  -54.6  -50.5  113.8  178.3  -62.1  176.2  1.021   96.6  3.833  5.265   74.4   85.6
V  -71.7  -34.5  112.1 -179.8  171.4  -68.9  1.081   93.2  3.778  4.968   45.9   67.5
L  -66.9  -28.3  110.2  179.1 -103.9    nan  1.069  101.2  3.867  5.557   68.2   84.7
R  -58.3  -35.4  109.2  176.5  -73.8    nan  1.020  105.5  3.828  5.687   89.2   96.0
W  -72.1  -30.4  113.4  178.0  -53.9    nan  1.063   94.2  3.844  5.417   64.6   78.8
A  -61.5  -36.6  106.8  179.5    nan    nan  0.995  103.4  3.804  5.473   85.1   93.4
Y  -77.1  -43.8  110.7  179.4  -74.2    nan  1.051   85.6  3.777  5.274   53.1   72.9
A  -54.8  -46.7  110.8  179.8    nan    nan  1.034  100.6  3.789  5.372   76.8   88.1
V  -75.2  -13.6  113.0 -178.4  140.4  -97.0  1.121   99.2  3.801  5.068   43.9   67.7
K   69.2   41.2  113.9 -180.0  -83.4    nan  1.128   91.0  3.803  5.611 -131.6 -128.6
L  -66.2  163.1  102.4  175.9  -75.0    nan  0.921   70.8  3.769  6.180  163.5  150.6
N  -82.0  106.5  108.8  178.7 -177.7    nan  1.039  105.4  3.787  5.467 -102.2  -97.1
L -111.6   20.6  111.3 -179.3  -59.2    nan  1.061   76.9  3.783  5.961  177.9  173.3
E  -82.6  128.7  113.0 -179.9  -91.8    nan  1.160  102.8  3.803  5.931   99.6  123.1
G   97.3   -7.0  112.0 -178.3    nan    nan    nan   85.4  3.775    nan    nan   30.6
L  -93.6   76.3  105.3 -179.4  -81.2    nan  0.972  104.0  3.816    nan    nan   84.5
E  -71.1  -28.1  117.3 -176.7  -45.4    nan  1.148   94.6  3.817  6.220  178.1 -170.4
H  -74.4  -31.3  110.8  179.7  -51.6    nan  1.080   93.0  3.780  5.422   69.1   85.2
I  -68.4  -40.7  109.3  177.2  -83.8  152.4  1.033   94.5  3.811  5.545   70.3   84.1
A  -65.8  -40.5  111.8  178.7    nan    nan  1.051   95.2  3.826  5.336   64.7   79.4
A  -64.7  -42.8  110.1  178.0    nan    nan  1.008   95.9  3.840  5.371   69.3   80.3
F  -58.9  -47.9  111.2  177.8  170.8    nan  1.067   96.7  3.813  5.283   67.5   83.3
M  -58.4  -38.3  110.3  178.9  -66.6    nan  1.028  103.3  3.863  5.444   70.4   80.2
Q  -69.9  -40.0  111.0  179.3 -174.0    nan  1.033   92.7  3.780  5.204   63.8   78.3
R  -64.8  -39.3  109.0  177.9 -124.4    nan  1.021   98.2  3.835  5.345   64.9   80.0
M  -70.0  -38.0  112.4  177.4  -75.6    nan  1.070   92.8  3.803  5.353   58.2   76.1
A  -64.2  -28.9  112.7  179.6    nan    nan  1.058  102.3  3.849  5.421   71.7   85.3
E  -87.6    3.7  116.2 -178.4  -54.4    nan  1.158   94.0  3.788  5.190   45.7   74.3
R  -85.3  120.1  105.3  174.5  -67.2    nan  0.981  100.7  3.806  5.876   91.2   97.7
P  -57.9  -31.4  116.3 -179.3   25.9    nan  1.071  105.0  3.859  5.813 -115.3 -117.9
E  -70.8  -32.5  111.1  177.6  -64.9    nan  1.085   95.4  3.818  5.532   61.3   83.9
V  -76.0  -33.5  110.2  176.8  -13.5  117.0  1.207   91.0  3.811  5.557   49.7   77.0
Q  -60.5  -45.6  108.5  175.1  -78.8    nan  0.992   98.5  3.835  5.789   88.3   87.9
D  -62.0  -38.5  112.5  178.8  -64.5    nan  1.073   99.1  3.873  5.367   62.8   78.8
A  -66.5  -46.0  111.0  179.5    nan    nan  1.047   92.3  3.830  5.380   68.5   82.1
L  -60.5  -41.6  109.2  179.7  -65.5    nan  1.027  100.3  3.833  5.380   67.5   80.3
S  -62.7  -49.6  111.8  179.2 -178.3    nan  1.039   92.6  3.804  5.228   67.0   81.5
A  -63.7  -30.4  111.1  179.8    nan    nan  1.057  102.6  3.824  5.284   57.5   74.8
E  -83.0   -7.1  111.1  179.7  -65.8    nan  1.064   94.4  3.798  5.330   54.1   74.2
G   76.4   29.3  110.9  179.4    nan    nan    nan   92.0  3.802    nan    nan -116.0
L -105.3  170.6  111.6  179.3  -53.3    nan  1.060  108.5  3.792    nan    nan  107.3
K -121.5    nan  112.6  179.9  -54.6    nan  1.075    nan  3.837  5.443 -131.5 -127.9
