Id   phi    psi    tau  omega    chi    chi2  solid    eta  CA-CA  CB-CB  BA^AB  NA^AC
M    nan  134.0  108.1    nan -118.4    nan  0.995    nan    nan    nan    nan    nan
K -125.6  135.6  112.4  179.6  -64.6    nan  1.051  129.3  3.779  5.759 -171.4 -173.0
L -110.4  119.8  106.5  178.9  175.1    nan  0.954  113.8  3.774  5.748 -146.7 -160.0
F  -91.3  124.3  103.7  176.7  -63.2    nan  0.994  102.0  3.767  5.895 -154.1 -156.5
Y -147.2  173.5  114.5 -174.8   83.2    nan  1.031  149.4  3.790  5.734  165.8  158.1
K -136.6  139.0  101.2  175.2 -168.8    nan  0.945  129.5  3.778  5.405 -146.9 -143.4
P  -59.1  126.8  115.7 -179.6  -34.9    nan  1.016   89.5  3.860  5.589  -94.6  -99.2
G   83.1   -7.7  113.3  179.4    nan    nan    nan   99.9  3.767    nan    nan   12.8
A  -78.6  175.5  110.9 -179.7    nan    nan  1.073   80.3  3.821    nan    nan   99.7
C  -56.2  -18.0  112.7 -179.3   66.7    nan  1.052  115.5  3.847  5.138  -53.3  -57.8
S  -66.5  -16.4  112.2 -180.0   48.7    nan  1.094  106.5  3.834  5.595   82.0  101.2
L  -62.3  -34.3  109.0  178.8  171.7    nan  1.024  102.8  3.783  5.727   93.8  105.4
A  -60.6  -43.1  111.9  179.8    nan    nan  1.060   97.8  3.836  5.496   75.1   91.2
S  -71.8  -33.4  109.8  179.1  -63.1    nan  0.985   94.8  3.845  5.317   61.7   72.0
H  -65.7  -46.9  108.9  180.0 -177.6    nan  1.013   93.8  3.815  5.292   71.7   86.6
I  -64.1  -35.7  108.4  179.4  -71.2  168.0  1.018  100.9  3.808  5.323   61.2   75.2
T  -69.0  -39.9  111.9 -180.0  -55.5 -174.6  1.099   93.0  3.822  5.385   62.7   82.0
L  -58.6  -41.4  109.6  177.1  -82.5    nan  1.034  101.6  3.863  5.528   75.9   85.8
R  -72.4  -43.1  113.4  177.9  -66.3    nan  1.063   87.8  3.873  5.339   55.3   72.3
E  -63.5  -23.4  112.4  179.0  -70.6    nan  1.026  105.9  3.821  5.342   70.4   81.0
S  -99.6    0.1  112.0 -178.9   62.6    nan  1.068   80.4  3.760  5.092   43.2   66.0
G   63.4   51.6  116.3  178.8    nan    nan    nan   88.1  3.841    nan    nan -122.7
K -102.4  150.6  111.3 -178.9  -60.5    nan  1.031  111.2  3.779    nan    nan  130.5
D  -90.3  127.8  103.2  177.5 -100.0    nan  0.914  100.6  3.798  5.561 -110.9 -125.1
F -158.3  159.2  112.0 -178.8   55.3    nan  1.054  156.6  3.811  5.628  145.9  148.7
T -115.1  140.7  106.7  179.1  -75.7  162.8  0.974  119.5  3.774  5.537 -131.0 -137.5
L  -97.9  131.4  109.4  178.3  -81.4    nan  1.029  109.7  3.817  5.828 -138.0 -138.9
V -125.9  111.6  107.2 -180.0 -175.2  -52.3  0.995  116.0  3.827  5.861 -169.6 -177.5
S  -72.7  138.6  114.0 -178.9 -167.8    nan  1.096   92.0  3.771  5.913 -138.0 -143.2
V -123.4  135.3  111.5 -178.7 -177.3  -54.4  1.020  127.3  3.803  5.790 -155.2 -168.9
D  -90.0  105.8  101.9  177.7 -177.7    nan  0.908  101.4  3.788  5.669 -126.5 -142.3
L  -77.3   -5.5  115.4 -178.6  -64.3    nan  1.118  100.3  3.815  6.102 -158.1 -148.5
M  -85.7  -50.4  106.1  179.1 -138.6    nan  0.976   80.5  3.831  5.710   83.1   92.7
K  -90.7  -19.1  114.8 -178.8  -69.3    nan  1.072   81.5  3.810  4.896   25.5   48.5
K   66.0   45.3  110.5 -178.2 -105.9    nan  1.027   93.4  3.820  5.461 -134.2 -133.9
R -127.0  160.8  109.3 -179.3  -47.4    nan  0.964  130.9  3.772  5.709   96.1  101.1
L  -86.9  178.8  104.4  176.7  -71.5    nan  0.957   87.2  3.750  5.359 -106.2 -107.9
E  -52.8  -35.3  109.8  180.0  -54.9    nan  1.036  109.7  3.812  5.133  -51.7  -51.1
N  -92.7   35.5  120.0 -179.2   69.8    nan  1.160  104.6  3.855  5.123   35.7   62.5
G   63.1    2.4  116.0  178.8    nan    nan    nan  115.8  3.846    nan    nan  -92.4
D  -75.3  143.6  110.7  179.4  -84.5    nan  1.032   90.0  3.811    nan    nan  111.4
D  -67.0  137.7  110.5 -179.8 -161.8    nan  1.036   85.9  3.790  5.598  -97.5 -105.3
Y  -85.4  -28.4  109.5  179.7  178.0    nan  1.036   85.0  3.797  5.738 -124.2 -129.7
F  -60.9   -7.7  112.8  178.5  -76.3    nan  1.067  115.9  3.805  5.515   81.4   95.7
A  -87.9  -23.1  110.2  178.4    nan    nan  1.053   84.1  3.817  5.603   71.7   89.1
V  -93.5  -50.9  108.2  178.4 -174.5  -51.2  1.012   73.7  3.830  5.453   52.5   68.7
N -128.5  107.0  109.0  178.5 -175.4    nan  1.035  115.2  3.813  4.825  -12.1    7.8
P  -59.9  -19.2  113.6 -179.5  -27.5    nan  0.999  111.1  3.844  5.833 -122.6 -136.7
K  -82.5  -13.4  109.4  178.7  -76.3    nan  1.080   92.9  3.802  5.434   54.8   84.1
G   64.0   24.7  114.8  176.4    nan    nan    nan  103.9  3.781    nan    nan -136.6
Q -119.3  160.3  113.1 -178.2  -65.6    nan  1.016  125.1  3.756    nan    nan   91.2
V -111.5  149.7  103.6  174.8  -65.8   58.7  0.988  115.3  3.788  5.543 -133.8 -135.3
P  -85.2  169.2  114.2   -0.0   40.1    nan  0.955   89.7  2.896  4.655   56.9   48.4
A -150.4  133.7  103.1  174.2    nan    nan  0.990  133.0  3.795  5.526 -173.1 -163.5
L -116.3  119.8  111.2  179.1 -175.0    nan  1.038  120.1  3.784  5.825 -160.7 -162.2
L  -91.8  120.2  106.2  176.6 -166.8    nan  0.999  104.9  3.785  5.893 -149.5 -158.4
L  -78.5  175.7  108.6 -180.0  -56.2    nan  1.008   79.9  3.815  5.938 -133.0 -140.7
D  -74.4  -40.6  110.3 -180.0  -62.9    nan  1.041   89.3  3.812  5.303  -78.2  -74.6
D  -77.6   37.0  108.9  178.6   45.6    nan  1.004  111.2  3.802  5.235   54.1   67.8
G   56.4    6.6  121.2  179.6    nan    nan    nan  120.0  3.819    nan    nan  -94.9
T  -77.7  128.7  113.6 -179.1  -57.6 -178.0  1.066   99.9  3.845    nan    nan  115.1
L  -96.5  123.1  106.7  177.5 -164.2    nan  1.004  107.5  3.840  5.901 -143.2 -154.3
L -119.1  126.5  108.1  179.4 -178.9    nan  0.998  120.5  3.804  5.876 -170.9 -179.6
T -115.0 -179.5  109.9  179.0   56.6  -64.4  1.045  114.8  3.794  5.927 -169.5 -170.3
E   72.2  114.0  107.0  179.8  -56.6    nan  1.049   67.7  3.798  4.772   79.7   69.4
G  -55.2  -38.9  115.4 -177.9    nan    nan    nan  102.9  3.811    nan    nan -123.0
V  -65.5  -41.2  111.1  177.7  157.5  -79.6  1.092   95.5  3.800    nan    nan   82.0
A  -66.1  -40.2  108.6  177.4    nan    nan  1.012   97.0  3.865  5.507   67.9   77.5
I  -63.9  -44.6  113.1  179.0  -70.3  165.5  1.101   93.8  3.823  5.354   63.7   82.4
M  -68.0  -29.3  114.5  179.7  -64.4    nan  1.128   98.0  3.832  5.347   56.7   76.6
Q  -75.9  -36.7  107.6  178.7  -74.4    nan  1.012   91.1  3.830  5.566   69.6   80.7
Y  -59.4  -51.2  108.0  177.0  170.7    nan  1.034   96.4  3.796  5.399   73.7   86.6
L  -63.5  -53.2  111.3  178.6  -56.5    nan  1.086   90.4  3.857  5.370   54.8   71.8
A  -52.8  -36.9  115.6 -179.4    nan    nan  1.082  106.1  3.817  5.253   70.7   83.0
D  -75.1  -27.7  114.2 -178.4  -85.9    nan  1.076   92.4  3.803  5.273   60.0   78.7
S  -78.0  -10.0  112.1 -179.2   71.6    nan  1.077   98.1  3.790  5.370   64.2   82.6
V -130.6   63.0  110.0  177.8  -76.7   47.8  1.030   86.4  3.825  5.322   27.4   44.5
P  -55.7  -24.5  111.8 -179.7   29.6    nan  1.002  112.6  3.787  6.051 -170.0 -172.5
D  -60.3  -32.9  112.3  179.2   54.1    nan  1.128  103.7  3.807  5.590   73.3  100.8
R  -73.6  -23.9  115.0  180.0  -49.6    nan  1.090   95.4  3.840  5.530   66.2   82.1
Q   62.2   31.8  113.0 -179.0  -74.0    nan  1.081  102.3  3.855  5.525 -142.0 -142.9
L  -69.8  -16.2  108.9  177.0  -91.6    nan  0.999  104.2  3.803  6.021  139.3  140.6
L -155.6  131.5  105.3  178.6 -178.4    nan  0.984  133.2  3.847  5.014   -7.8   10.5
A  -67.7  154.5  112.3  179.2    nan    nan  1.080   79.0  3.851  5.826 -113.3 -119.5
P  -61.7  153.2  114.3 -179.1   29.0    nan  1.010   74.9  3.822  5.291  -77.8  -87.6
V  -57.9  140.0  111.5 -179.4   67.5 -169.3  1.097   78.0  3.764  5.504  -86.3  -88.6
N   80.2   -2.6  116.0 -180.0  -63.0    nan  1.187  100.9  3.855  4.971   47.2   25.9
S  -92.3  137.6  101.8  175.3   58.5    nan  0.968   99.7  3.777  5.801   80.0   85.3
I  -62.9  -24.2  112.1 -178.9 -158.1   78.1  1.138  106.2  3.785  5.774 -107.2 -104.8
S  -60.3  -43.0  109.8  177.9  -72.8    nan  1.009   99.3  3.838  5.798   92.6   99.4
R  -54.4  -46.0  109.7  178.2  178.4    nan  1.001  102.0  3.770  5.302   78.2   87.4
Y  -72.7  -21.8  115.6 -177.0  -53.2    nan  1.144   97.1  3.809  5.101   45.8   73.2
K  -78.5  -31.2  106.5  178.8  -61.6    nan  1.018   91.5  3.760  5.573   71.4   84.8
T  -69.9  -40.6  108.4  177.1  -66.3  176.9  1.023   93.9  3.810  5.530   68.8   82.2
I  -69.3  -28.8  110.0 -180.0  -73.1  166.8  1.058   99.0  3.849  5.316   59.9   76.7
E  -67.0  -45.6  107.7  177.5 -178.5    nan  0.989   94.2  3.781  5.473   75.6   87.7
W  -65.0  -40.9  112.3  176.7  -91.2    nan  1.069   95.4  3.816  5.299   55.9   74.1
L  -59.3  -40.5  112.2  178.5  -71.5    nan  1.061  100.2  3.829  5.439   73.6   86.1
N  -75.4  -34.4  110.5  179.5 -162.8    nan  1.072   90.9  3.837  5.355   54.4   71.8
Y  -62.7  -45.8  108.4  176.4  172.8    nan  1.015   96.8  3.772  5.510   78.2   86.2
I  -61.5  -47.4  111.9  178.6  -59.5 -179.2  1.062   94.7  3.856  5.354   64.2   78.5
A  -58.2  -55.1  115.4  178.2    nan    nan  1.082   90.2  3.829  5.324   68.5   81.5
T  -83.1  -36.8  117.8 -175.9   60.1  -59.2  1.126   79.6  3.809  4.972   34.6   57.8
E  -95.5  -35.6  116.2 -177.7  -52.7    nan  1.093   70.5  3.819  5.135   41.5   61.2
L  -98.8  -60.4  114.5  179.9  -55.2    nan  1.103   64.4  3.763  5.086   33.1   57.0
H  -53.8  -56.8  110.5 -179.8 -179.8    nan  1.027   95.0  3.851  5.133   64.0   75.3
K  -73.1  -12.6  110.4  178.6  -79.1    nan  1.065  102.1  3.810  5.140   37.7   58.0
G  -76.5  -34.7  111.3  176.9    nan    nan    nan   89.5  3.774    nan    nan   94.8
F  -82.5  -23.9  114.2 -179.8  -90.7    nan  1.005   87.4  3.856    nan    nan   71.1
T  -48.2  -46.6  116.8 -177.6  -73.7  166.1  1.190  102.4  3.771  5.394   91.4  116.1
P  -59.2  -29.8  112.7  179.6  -29.7    nan  0.967  106.2  3.815  5.442   77.7   83.5
L  -66.7  -24.3  111.8 -179.7  -62.6    nan  1.074  102.7  3.819  5.408   65.9   90.9
F -102.6   -1.3  112.1  179.8  -45.8    nan  1.048   76.9  3.832  5.322   42.8   61.4
R  -90.0  129.5  112.5  179.2  -91.6    nan  1.107  107.2  3.820  5.646   73.1   94.6
P  -66.1  -22.3  112.3  179.9   31.2    nan  0.972  104.1  3.837  5.528 -101.2 -123.1
D  -92.1    3.8  112.9  179.6   67.0    nan  1.068   89.4  3.815  5.285   43.6   73.5
T  -81.2  126.8  107.3  179.4  -55.7 -176.3  1.001   98.3  3.785  5.809   94.5  106.6
P  -73.3  127.7  109.3  179.0   27.2    nan  0.939   94.3  3.811  5.668 -116.7 -130.9
E  -42.6  -45.2  117.7 -178.6  -60.9    nan  1.148  107.2  3.842  5.829  -97.6  -98.5
E  -60.8  -15.3  113.2  179.5   50.9    nan  1.109  112.3  3.820  5.467   68.8   83.3
Y  -85.9  -35.3  112.8  179.7 -167.3    nan  1.056   80.5  3.805  5.576   71.1   86.0
K  -51.0  -42.9  116.2 -179.5  -69.2    nan  1.159  103.1  3.824  5.434   81.8  101.4
P  -63.3  -30.5  110.4  179.3  -36.2    nan  0.930  103.3  3.805  5.402   77.4   82.1
T  -67.3  -40.2  110.3 -178.7  -60.4 -178.9  1.063   95.1  3.839  5.379   63.4   89.4
V  -62.9  -49.8  110.3  177.7 -178.2  -57.5  1.029   93.3  3.786  5.398   71.2   81.8
R  -52.6  -44.3  113.2 -179.8  -69.7    nan  1.000  102.5  3.880  5.372   78.5   85.3
A  -64.9  -37.5  111.5  179.3    nan    nan  1.048   97.7  3.796  5.063   62.9   78.2
Q  -70.1  -41.8  110.6  177.3  -67.0    nan  1.038   91.9  3.788  5.359   63.6   77.8
L  -63.0  -34.6  112.8  178.6  -71.3    nan  1.068  100.2  3.850  5.342   66.5   81.6
E  -56.7  -51.0  111.0  177.3  -97.9    nan  1.020   96.4  3.850  5.531   83.9   92.9
K  -58.3  -46.4  108.5  177.8  -93.4    nan  0.998   99.7  3.836  5.271   68.1   76.1
K  -59.0  -42.4  110.8 -179.5  -76.6    nan  1.071  100.1  3.794  5.250   66.1   81.8
L  -67.3  -24.0  112.4 -178.7  -71.3    nan  1.120  102.2  3.775  5.311   58.4   79.5
Q  -75.3  -32.3  111.4  178.8  -57.6    nan  1.093   91.5  3.779  5.538   68.2   87.2
Y  -71.5  -33.5  108.8  177.3  168.8    nan  1.018   95.5  3.811  5.504   67.6   80.5
V  -71.3  -38.1  109.5  179.8  174.9  -65.2  1.063   93.3  3.820  5.430   63.3   81.3
N  -61.1  -47.5  111.1  179.0 -177.2    nan  1.044   95.4  3.798  5.425   74.9   86.5
E  -69.5  -23.0  112.5  179.5  -59.5    nan  1.105  100.6  3.820  5.267   51.1   71.4
A  -74.6  -21.2  112.3  178.5    nan    nan  1.055   96.6  3.844  5.576   73.9   88.2
L -104.3   14.3  110.7  179.6  -72.1    nan  0.997   81.1  3.832  5.281   44.9   61.2
K  -61.5  -16.3  112.1 -178.8   76.1    nan  1.092  111.5  3.820  5.956  119.7  137.1
D  -77.8  -18.9  109.7  178.7 -134.5    nan  1.015   95.4  3.801  5.604   79.1   90.6
E   60.6   38.9  114.6  179.3  -61.9    nan  1.128   98.9  3.806  5.540 -149.5 -142.1
H -123.0 -127.6  105.6  177.3  -81.5    nan  1.001   98.8  3.788  5.791   90.4   94.6
W -100.6  174.2  108.7  178.9  -57.8    nan  1.077  102.4  3.782  4.867  -61.0  -36.8
I  -62.9  -34.2  112.2 -178.9 -172.4   66.7  1.117  100.8  3.819  5.494  -68.0  -64.2
C -101.6   21.2  114.4 -179.0  -60.2    nan  1.088   87.6  3.838  5.270   33.9   54.9
G  115.2 -133.6  115.7  178.5    nan    nan    nan  125.3  3.782    nan    nan  -55.0
Q  -81.6  -20.8  114.6 -177.3  -44.8    nan  1.096   89.5  3.769    nan    nan  -16.5
R -105.4  142.5  114.5  179.6 -172.2    nan  1.121  117.0  3.806  5.309   37.0   63.3
F  -77.3  131.3  107.4  178.7  171.1    nan  0.982   94.2  3.797  5.527 -102.1 -122.0
T -135.4  174.3  109.8 -179.4   61.5  -59.1  1.018  137.0  3.841  5.850  176.2  175.3
I  -58.5  -20.3  111.6  178.2   49.3  -75.1  1.068  112.4  3.803  5.188  -62.4  -62.2
A  -66.8  -29.3  110.2  178.9    nan    nan  1.066  100.9  3.849  5.688   83.5   97.8
D  -71.9  -37.2  110.9  179.1  -64.7    nan  1.049   92.5  3.823  5.530   70.7   84.9
A  -63.0  -40.8  110.1  179.5    nan    nan  1.015   98.2  3.823  5.404   75.2   86.0
Y  -72.6  -42.1  112.5  180.0 -158.5    nan  1.065   88.7  3.797  5.150   54.9   74.3
L  -63.8  -46.5  110.8  179.5 -136.9    nan  1.035   94.2  3.860  5.468   68.4   81.4
F  -58.6  -42.7  112.4  178.3  173.4    nan  1.023   99.4  3.810  5.245   70.6   81.1
T  -59.6  -45.2  112.4  179.8  -68.9  170.1  1.066   97.1  3.813  5.256   67.1   85.2
V  -75.7  -34.4  113.1  179.9 -179.7  -59.8  1.082   89.3  3.834  5.252   47.7   68.2
L  -62.9  -30.5  112.2  178.6 -113.1    nan  1.075  102.8  3.828  5.459   73.3   88.6
R  -60.9  -31.5  109.7  177.0  -66.6    nan  1.032  105.1  3.820  5.592   81.5   92.3
W  -71.1  -25.7  111.8  179.6  -60.5    nan  1.040   98.0  3.819  5.495   70.6   84.4
A  -65.4  -34.1  105.9  179.6    nan    nan  0.985  101.8  3.771  5.494   84.9   93.7
Y  -76.7  -39.8  112.2  179.6  -73.6    nan  1.043   86.7  3.814  5.327   57.8   75.6
A  -64.6  -35.2  113.1 -179.3    nan    nan  1.044   98.4  3.790  5.280   70.1   84.2
V  -94.5   -0.2  112.4 -176.2   94.1 -136.2  1.069   85.4  3.774  4.961   38.3   61.9
K   57.7   49.3  118.0  179.7  -85.9    nan  1.199   92.8  3.844  5.786 -135.0 -127.9
L  -73.0  146.0  103.9  176.8  -91.1    nan  0.934   83.5  3.791  6.181  171.4  150.7
N  -63.8  114.2  108.1 -179.9 -168.5    nan  1.017   94.2  3.744  5.480  -95.1  -98.8
L -112.9   21.1  113.8 -179.3  -66.9    nan  1.055   76.8  3.791  5.911 -176.7 -178.1
E  -73.6  135.3  114.1 -179.6  -62.1    nan  1.125   94.3  3.799  5.925  113.4  131.9
G   88.1  -17.7  113.6 -178.8    nan    nan    nan   98.9  3.798    nan    nan   28.1
L  -85.8   75.6  105.9 -179.7  -85.1    nan  0.978  106.4  3.796    nan    nan   81.9
E  -77.3  -29.2  117.1 -178.8  -62.6    nan  1.127   88.6  3.818  6.180  172.1 -178.8
H  -71.1  -35.3  109.9  179.8  -56.6    nan  1.052   94.5  3.803  5.428   71.3   87.0
I  -63.9  -49.2  109.6  176.8  -74.5  162.0  1.033   93.4  3.810  5.499   69.9   84.5
A  -54.1  -42.4  111.3  178.6    nan    nan  1.050  103.6  3.849  5.341   69.6   82.3
A  -73.3  -32.6  112.8 -180.0    nan    nan  1.098   92.4  3.803  5.256   52.3   73.1
F  -67.1  -37.0  109.0  177.5  160.5    nan  1.011   97.5  3.835  5.519   74.2   84.9
M  -68.1  -29.2  111.6  180.0  -63.5    nan  1.052   99.1  3.802  5.364   64.6   81.9
Q  -78.7  -45.1  111.0  179.1 -157.8    nan  1.058   83.6  3.788  5.351   60.7   79.1
R  -55.7  -42.3  108.8  176.5 -161.7    nan  0.979  103.8  3.834  5.321   73.9   82.8
M  -66.1  -45.9  112.9  179.0  -82.5    nan  1.056   91.5  3.809  5.265   59.4   78.2
A  -65.5  -21.7  112.7 -178.1    nan    nan  1.086  104.8  3.779  5.190   60.3   79.0
E  -82.3    2.3  114.5  179.3  -72.7    nan  1.076   98.6  3.798  5.458   64.6   84.0
R  -88.4  127.2  105.4  179.3  -68.5    nan  0.971  101.2  3.794  5.733   86.7   97.4
P  -55.2  -35.8  116.6  179.6   13.8    nan  1.053  104.4  3.831  5.652 -103.8 -110.0
E  -73.8  -26.4  115.6  179.4  -64.1    nan  1.134   93.7  3.854  5.404   51.8   80.0
V  -84.0  -28.7  106.9  177.1  -32.2   94.1  1.064   87.3  3.807  5.569   59.0   74.4
Q  -70.1  -44.4  106.7  176.3  -84.5    nan  1.002   93.1  3.794  5.599   74.1   83.5
D  -60.7  -44.9  108.7 -179.6  -68.5    nan  1.027   98.6  3.839  5.393   67.9   81.0
A  -63.5  -44.3  109.8  179.0    nan    nan  1.023   96.2  3.780  5.253   64.8   77.5
L  -60.2  -48.2  111.9  179.3  -72.0    nan  1.065   95.2  3.830  5.381   66.4   82.3
S  -57.2  -52.0  109.6  177.9  -65.3    nan  1.016   96.4  3.848  5.378   71.8   80.1
A  -53.2  -29.1  115.3 -179.5    nan    nan  1.096  110.9  3.867  5.239   68.0   83.2
E  -91.5   -9.1  110.2 -179.8  -61.6    nan  1.020   85.3  3.802  5.261   51.7   67.6
G   80.1   29.1  110.7 -179.9    nan    nan    nan   88.9  3.804    nan    nan -113.5
L  -94.7  177.5  117.2 -177.6  -63.5    nan  1.119   95.9  3.758    nan    nan  121.7
K -128.5    nan  107.4  179.9  -59.9    nan  0.987    nan  3.767  5.201 -124.7 -128.9
