Id   phi    psi    tau  omega    chi    chi2  solid    eta  CA-CA  CB-CB  BA^AB  NA^AC
G    nan -139.3  109.4    nan    nan    nan  0.651    nan    nan    nan    nan    nan
Y -121.3  151.5  108.3 -179.8  -66.7    nan  0.998  125.8  3.796 64.999 -110.4  -67.9
T -133.7  139.2  110.6 -178.5  -64.4  173.9  0.996  133.6  3.816  5.666 -157.5 -162.4
L  -78.3  128.4  103.4  176.6  165.6    nan  0.945   93.0  3.785  5.643 -114.4 -125.8
W -135.3  104.0  104.1  179.9 -172.4    nan  0.954  109.8  3.786  5.787  175.1  171.0
N   67.2 -103.1  107.7 -178.7  -68.1    nan  1.044  100.7  3.766  4.995   -2.2  -17.4
D -125.7   26.1  111.0  179.9   54.7    nan  1.051   66.7  3.808  4.863  -57.5  -35.5
Q -133.5  137.7  111.3 -178.9  -70.5    nan  1.022  133.3  3.750  5.446   64.0   77.8
I  -93.5  114.7  101.5  176.3  -76.1  165.4  0.968  101.9  3.757  5.772 -134.6 -142.1
V -127.3  166.0  110.3 -178.5  -55.6   67.2  1.038  130.9  3.815  5.997  169.9  168.9
K  -67.4  144.3  107.4  179.0  -71.6    nan  1.005   81.3  3.798  5.306  -76.5  -81.4
D  -47.2  -36.7  116.6 -178.2  -60.9    nan  1.097  110.4  3.834  5.571  -76.0  -82.9
E  -65.1  -20.5  115.3 -178.0  -38.8    nan  1.063  105.0  3.811  5.316   74.8   88.8
E  -83.4  -21.0  113.2 -177.5  -72.4    nan  1.044   88.1  3.785  5.351   67.4   86.3
V  -69.3  131.9  110.6 -177.9 -173.4  -50.9  1.032   90.5  3.792  5.543   81.6   97.5
K -134.1  120.8  109.5  178.2  -74.9    nan  1.032  124.2  3.796  5.767  179.1  173.3
I -100.6  135.5  106.7  178.7  -46.6 -171.1  0.988  109.2  3.787  5.950 -154.6 -163.3
D  -85.7  143.7  110.9 -179.4 -170.6    nan  1.025   98.7  3.779  5.722 -125.9 -131.2
K  -58.4  -22.0  114.7 -179.9   60.6    nan  1.101  110.6  3.810  5.578  -91.7  -96.9
E -105.1   26.1  112.0  179.9  -68.1    nan  1.090   85.7  3.803  5.272   39.0   61.9
D  -70.7  129.5   99.5  176.3 -176.9    nan  0.884   84.8  3.746  6.020  136.4  132.5
R  -59.6  -20.7  115.0 -178.6  -66.7    nan  1.152  110.1  3.819  5.890 -117.4 -108.4
G  -74.8  -25.2  109.7  178.1    nan    nan    nan   95.7  3.811    nan    nan   89.5
Y  -85.6  -31.6  111.8  178.8 -163.6    nan  1.030   82.6  3.787    nan    nan   75.4
Q  -97.0  -30.7  119.4 -178.0  -63.1    nan  1.157   69.3  3.813  5.098   34.6   64.3
F -127.6    2.1  112.4 -179.7  -52.2    nan  1.020   53.2  3.839  5.045   17.0   31.5
G   60.6   30.2  108.3 -176.3    nan    nan    nan  106.7  3.833    nan    nan -118.1
D  -80.4   80.1  112.8 -176.9 -164.3    nan  1.043  113.9  3.805    nan    nan  135.6
G -176.4  174.8  111.0 -179.3    nan    nan    nan  174.9  3.787    nan    nan   77.2
V -128.7  161.6  109.5 -179.7  -61.7   60.0  1.058  132.4  3.792    nan    nan -130.0
Y -143.9  166.7  113.2 -177.2   74.0    nan  1.052  147.1  3.834  5.619 -158.1 -159.5
E -150.5  153.9  107.4  177.8  -82.5    nan  0.972  147.8  3.797  5.474 -160.0 -165.3
V -130.8  132.1  103.9  177.0  172.5  -66.0  0.947  125.0  3.795  5.597 -155.2 -160.2
V -125.9  129.3  109.1  179.8  169.8  -69.4  1.004  125.2  3.836  5.855 -172.6 -174.4
K  -83.9  141.9  109.9  179.5 -175.3    nan  1.041   97.2  3.808  5.835 -132.7 -137.2
V -119.9  125.6  106.7  179.3  176.9  -60.3  0.969  119.5  3.802  5.738 -150.7 -161.9
Y -112.9  116.1  110.9  178.3  -64.9    nan  1.026  117.8  3.811  5.901 -168.1 -168.8
N   47.1   46.5  111.4 -180.0  -58.5    nan  1.051  105.9  3.845  5.005   -5.2  -28.3
G   88.0  -12.4  120.7  179.6    nan    nan    nan   98.2  3.801    nan    nan  -58.3
E -107.6  136.9  112.5  179.9  -58.1    nan  1.058  118.0  3.842    nan    nan   68.8
M  -79.1  128.0  113.7  179.9  -58.3    nan  1.068  101.2  3.836  5.752 -117.7 -124.3
F  -85.6  126.8  111.7  179.5 -172.0    nan  1.038  104.4  3.811  5.796 -132.1 -141.7
T   45.0   38.3  114.9  179.4   55.3  -64.9  1.117  111.7  3.827  5.008    1.3  -21.6
V  -53.1  -41.7  115.1 -179.6   60.2 -176.2  1.112  102.9  3.817  6.224  163.6  166.3
N  -64.8  -31.7  115.0 -178.8  -74.3    nan  1.117   99.3  3.794  5.360   66.3   84.1
E  -70.6  -38.1  109.4  179.8  -76.4    nan  1.031   94.0  3.806  5.497   73.0   84.9
H  -68.9  -38.3  111.2  179.1  -69.4    nan  1.040   94.2  3.790  5.317   64.9   79.2
I  -67.8  -39.0  107.5  178.8  -68.5  169.5  1.023   96.8  3.801  5.358   65.7   79.4
D  -63.2  -39.8  108.9  178.2  -74.8    nan  1.004   99.3  3.804  5.466   71.9   82.3
R  -72.3  -33.8  112.3 -179.6 -167.4    nan  1.100   93.0  3.783  5.235   55.0   76.3
L  -60.7  -45.2  107.6  177.7 -174.4    nan  0.994   99.0  3.808  5.574   83.1   89.6
Y  -66.3  -38.4  112.5  179.9  -76.2    nan  1.108   95.6  3.792  5.202   54.9   75.9
A  -66.4  -42.1  111.0  178.4    nan    nan  1.045   94.4  3.813  5.431   68.5   81.4
S  -65.6  -45.2  110.2  178.5  -56.9    nan  1.031   93.8  3.828  5.417   66.2   78.5
A  -61.0  -43.4  109.4 -179.1    nan    nan  1.025   98.8  3.824  5.286   69.6   81.4
E  -62.2  -36.9  112.1  179.7 -175.7    nan  1.052  100.0  3.773  5.224   65.2   81.2
K  -62.4  -31.4  113.1  179.2  -84.1    nan  1.084  102.4  3.803  5.419   70.0   87.7
I -105.8   19.5  110.7  179.4   61.6  -64.4  1.103   81.7  3.813  5.218   26.6   51.5
R   57.2   44.5  119.5  178.5  -62.5    nan  1.206   95.6  3.795  5.654 -112.9 -111.1
I -102.6  136.5  105.2  176.6  -68.0  171.2  0.981  109.5  3.800  6.110  126.0  118.0
T -107.9  107.2  110.3 -179.8  -50.3 -169.4  1.056  113.9  3.782  5.822 -152.9 -150.0
I  -68.5  118.4  104.8  178.7  -56.4  179.2  0.987   92.0  3.793  5.969 -132.0 -147.8
P  -59.4   -8.7  120.2 -179.0   30.2    nan  1.116  116.0  3.845  5.796 -118.2 -121.8
Y -138.6  165.4  112.9  177.5   44.4    nan  1.164  142.3  3.802  5.202    7.5   39.1
T  -73.9  163.2  115.6 -177.3   54.4  -65.4  1.114   81.6  3.775  5.312  -79.2  -84.9
K  -58.2  -36.2  111.7  180.0  -60.9    nan  1.061  103.9  3.793  5.193  -67.5  -76.3
D  -62.7  -40.8  111.9  179.7   54.7    nan  1.106   97.5  3.816  5.427   68.2   87.9
K  -69.7  -39.5  109.5  178.9  176.2    nan  1.030   93.9  3.812  5.397   63.4   76.0
F  -63.4  -42.6  109.6  179.3 -150.6    nan  1.022   97.3  3.814  5.398   69.9   83.1
H  -61.8  -46.6  111.2  179.8 -170.5    nan  1.035   95.4  3.822  5.245   66.9   82.2
Q  -57.7  -44.0  109.4  179.1 -176.5    nan  1.011  100.9  3.842  5.328   68.4   81.9
L  -63.9  -37.3  112.9  180.0  -62.7    nan  1.072   97.9  3.823  5.251   60.9   79.4
L  -69.3  -38.9  108.2  178.7  -73.9    nan  1.001   95.3  3.808  5.415   67.8   79.5
H  -60.8  -48.7  109.3  179.2 -175.6    nan  1.024   96.0  3.777  5.329   72.5   85.5
E  -60.9  -40.0  110.5 -180.0  -61.6    nan  1.025  100.1  3.788  5.201   65.0   77.5
L  -63.3  -40.4  112.6  180.0 -176.5    nan  1.043   96.9  3.779  5.239   68.3   83.9
V  -65.9  -45.8  108.8  179.3  174.7  -63.3  0.998   94.2  3.822  5.356   67.5   80.2
E  -62.2  -51.4  112.8 -179.9 -172.3    nan  1.052   91.3  3.833  5.203   63.2   79.3
K  -60.8  -38.1  113.2  179.8  -77.2    nan  1.094   99.9  3.816  5.253   58.6   76.8
N  -83.6   -9.9  111.6  179.9  -78.6    nan  1.079   92.6  3.793  5.264   47.7   67.4
E   57.1   48.7  110.0  179.5  -60.1    nan  1.032   98.2  3.804  5.557 -136.3 -136.0
L  -76.4  120.6  112.5 -179.1  178.2    nan  1.061  101.6  3.805  6.133  146.3  154.9
N  -85.5  -86.1  106.5  178.0  180.0    nan  1.002   73.9  3.800  5.888 -138.7 -152.2
T -120.2  123.4  109.8  178.5  -64.7  175.5  1.067  121.4  3.828  4.847  -40.9  -15.8
G  175.3 -137.0  110.0 -180.0    nan    nan    nan  138.4  3.793    nan    nan  109.7
H -154.9  159.9  112.3  179.4   60.4    nan  1.051  154.9  3.772    nan    nan -100.7
I -109.1  131.9  105.4  178.1  -54.1 -177.7  0.914  113.9  3.777  5.478 -118.8 -131.6
Y -112.5  130.3  104.5  177.2  170.0    nan  0.940  115.1  3.781  5.764 -160.2 -164.4
F -142.5  143.0  110.7  176.9   47.2    nan  1.113  139.8  3.804  5.727  157.6  166.0
Q -140.6  158.6  111.7 -180.0   66.7    nan  1.035  143.7  3.829  5.711 -168.7  179.9
V -134.1  131.1  106.6  179.3 -171.7  -47.7  0.953  127.8  3.822  5.592 -149.1 -157.3
T -119.1  161.8  107.2  178.5   71.0  -50.5  0.995  122.9  3.836  5.851 -168.0 -170.6
R  -57.7  -29.4  115.0 -179.3 -150.8    nan  1.123  106.9  3.809  5.357  -75.9  -73.7
G  129.8 -175.7  112.9 -179.5    nan    nan    nan  131.4  3.811    nan    nan  -83.5
T  -98.4  133.3  106.7 -179.7  -61.6  177.4  0.982  107.9  3.793    nan    nan  -88.1
S -166.0  149.7  108.4 -179.8 -165.3    nan  0.983  151.2  3.817  5.583  151.5  142.6
P  -55.3  134.5  109.2 -180.0  -31.5    nan  0.948   78.2  3.846  5.402  -79.3  -87.1
R  -46.0  116.6  116.8 -176.2 -166.7    nan  1.129   88.7  3.798  5.748  -91.8  -92.6
A -163.5  134.2  106.3  178.6    nan    nan  0.971  136.5  3.786  5.601  144.4  122.0
H  -58.6  -45.2  115.8 -179.9  -71.1    nan  1.114   96.0  3.822  5.735 -103.1 -105.6
Q  -68.4  156.1  112.9 -179.6   66.7    nan  1.081   79.0  3.840  5.333   60.8   76.4
F  -55.9  145.8  109.6 -179.2  -63.4    nan  0.999   72.1  3.830  5.389  -65.7  -81.7
P  -77.8  177.7  106.6  179.3  -22.0    nan  0.884   78.4  3.816  5.440 -101.6 -114.7
E  -64.8  141.7  107.5  177.8  -71.2    nan  0.998   80.5  3.803  5.300  -73.2  -65.1
N  -52.6    1.0  116.7 -178.1 -166.1    nan  1.120  127.9  3.827  5.554  -87.3  -91.9
T  -87.9   -3.7  112.4  179.3   41.5  -79.5  1.040   90.7  3.827  5.756   85.0   98.6
V  -84.1  127.7  110.5 -180.0  176.5  -62.8  1.074  102.3  3.816  5.648   78.4   97.9
K  -88.9  132.3  112.4 -178.9 -179.3    nan  1.050  105.6  3.803  5.857 -133.5 -143.1
P  -62.7  149.5  110.4  179.2  -33.1    nan  0.938   76.2  3.840  5.560  -98.3 -115.9
V -101.3  124.3  108.2  179.2  175.0  -64.2  1.020  111.3  3.792  5.763 -138.1 -133.0
I -110.9  133.5  108.6  180.0  -54.3 -177.0  1.031  117.5  3.789  5.890 -164.5 -168.8
I -133.6  137.7  107.7  179.8  -67.8  168.6  0.976  131.2  3.812  5.839 -172.8  176.2
G -151.3  140.1  110.5  179.2    nan    nan    nan  141.3  3.797    nan    nan  163.7
Y -154.4  167.8  110.0  179.2   64.0    nan  1.091  155.9  3.799    nan    nan  162.6
T -115.7  163.7  112.7 -177.3   62.6  -56.0  1.050  121.0  3.783  5.494 -122.8 -122.3
K -149.2  136.6  107.3  176.2 -173.3    nan  1.032  136.8  3.763  5.484 -168.5 -167.3
E  -82.1  126.6  104.3  179.7 -170.5    nan  0.943   96.5  3.799  5.682 -114.5 -129.9
N -156.7  122.8  109.1 -178.9 -164.0    nan  1.008  127.3  3.800  5.643  149.8  147.6
P  -69.9  162.1  113.5 -179.5  -18.8    nan  0.972   77.8  3.854  5.799 -117.8 -129.6
R  -68.1  144.8  103.4  177.0  -65.0    nan  0.962   79.6  3.778  5.417  -86.7  -89.3
P  -72.8   61.9  116.1 -179.2   35.7    nan  1.030  120.7  3.813  5.540 -105.0 -105.9
L  -38.6  -60.5  118.6 -177.8  -68.4    nan  1.138   97.1  3.841  6.221 -163.0 -157.9
E  -57.6  -44.0  113.2 -179.1 -179.1    nan  1.090   98.8  3.771  5.115   59.7   74.2
N  -61.8  -46.4  112.8 -179.9  -73.4    nan  1.057   94.5  3.838  5.397   69.7   82.6
L  -59.5  -32.6  112.7  179.9  -61.0    nan  1.048  104.4  3.788  5.256   69.8   82.3
E  -91.2  -39.0  116.1 -178.0 -166.3    nan  1.083   73.0  3.799  5.130   45.5   67.5
K  -98.7  -17.9  116.0 -178.5  -73.9    nan  1.127   73.9  3.764  4.958   27.9   55.6
G   82.5  169.5  107.8 -178.7    nan    nan    nan   79.4  3.799    nan    nan -117.4
V -132.3  168.5  112.9 -179.3  -59.5   61.4  1.044  135.8  3.815    nan    nan -138.3
K  -96.5  147.9  107.2  177.6  -58.1    nan  0.964  104.6  3.848  5.440 -103.6 -107.4
A -134.3  172.6  108.9  178.9    nan    nan  1.028  136.3  3.808  5.636 -170.2 -166.5
T -141.1  151.9  108.6  179.3 -172.1   66.7  1.024  141.3  3.781  5.422 -149.0 -146.1
F  -89.3  131.1  109.6  179.7  -81.7    nan  1.012  104.2  3.798  5.559 -112.6 -118.4
V -135.0  136.9  107.3  178.8  166.5  -72.6  1.043  131.3  3.803  5.811  174.1  172.5
E  -68.7  129.8  111.6 -178.4 -160.3    nan  1.060   91.8  3.790  5.739 -104.4 -112.4
D  -77.2  106.8  108.5 -179.8 -162.5    nan  0.992  103.5  3.778  5.716 -117.3 -132.8
I -110.1   12.7  111.8  179.1   58.0  -64.6  1.043   75.1  3.817  6.036  176.8  174.5
R  -69.2  175.3  113.7 -178.4  -63.1    nan  1.056   71.2  3.829  5.922  116.1  129.1
W  -73.2  172.6  110.8  179.2   75.9    nan  1.081   76.0  3.783  5.211  -79.3  -74.8
L  -86.9   11.4  119.4 -177.1  -60.5    nan  1.171   98.7  3.808  5.353  -95.4  -86.6
R -122.7   54.7  107.9  177.3  -73.7    nan  1.030   84.2  3.799  5.552   59.9   71.4
C  -68.0   -9.5  112.9 -179.8  -71.8    nan  1.102  108.1  3.785  6.150  160.2  168.6
D  -72.6  -16.9  110.7  178.4   60.3    nan  1.047  100.8  3.806  5.733   88.4  102.0
I  -96.2  120.9  107.1  179.6  -62.6  176.3  0.978  107.8  3.821  5.482   58.4   72.4
K  -84.8   80.0  109.3  179.4  -74.5    nan  1.028  109.9  3.811  5.919 -142.4 -146.1
S  -99.8  176.4  112.1 -178.7   65.7    nan  1.036  101.1  3.801  6.059  161.1  161.5
L  -80.6    1.3  114.7  179.3  -58.6    nan  1.114   99.9  3.813  5.239  -88.2  -79.6
N  -81.8   82.4  104.2  176.5  -81.9    nan  0.961  105.0  3.829  5.862   93.3  100.0
L -115.6   23.6  114.3 -177.3  -68.5    nan  1.066   75.8  3.821  5.982  143.7  150.9
L  -66.8  -36.1  113.4 -178.6 -165.3    nan  1.127   95.9  3.780  5.973  123.5  141.2
G  -63.6  -41.4  110.6  177.4    nan    nan    nan   97.2  3.814    nan    nan   85.7
A  -66.0  -35.8  111.3  179.2    nan    nan  1.046   97.8  3.833    nan    nan   79.1
V  -64.6  -48.2  108.5  178.9  161.1  -76.8  1.013   94.1  3.778  5.389   72.6   85.0
L  -64.0  -38.6  111.9 -178.8  -67.0    nan  1.076   97.7  3.802  5.217   57.8   76.4
A  -65.5  -50.4  112.2  179.4    nan    nan  1.056   90.0  3.823  5.361   67.6   82.8
K  -61.5  -39.1  110.2  179.3 -179.8    nan  1.025  100.3  3.823  5.239   62.7   75.5
Q  -63.9  -38.2  110.0 -179.8 -179.9    nan  1.034   98.9  3.817  5.404   69.4   84.0
E  -64.3  -44.7  109.3 -179.7 -158.0    nan  1.030   95.7  3.787  5.345   70.5   84.1
A  -62.8  -49.0  110.3  179.4    nan    nan  1.039   93.8  3.823  5.321   64.9   79.0
H  -54.5  -41.4  113.6  179.3 -172.3    nan  1.054  102.7  3.810  5.223   70.0   83.5
E  -67.4  -26.5  113.5 -179.4  -60.6    nan  1.075  100.4  3.844  5.345   62.5   80.5
K  -93.1    6.8  111.5  179.1  -83.0    nan  1.065   89.4  3.803  5.263   48.0   67.8
G   79.6   17.7  113.7  179.3    nan    nan    nan   92.9  3.813    nan    nan -100.4
C  -98.3  163.5  110.9 -179.2  -57.5    nan  1.047  103.9  3.804    nan    nan  104.5
Y  -92.4  -36.4  114.1 -178.1  172.5    nan  1.078   74.0  3.788  5.469 -107.6 -105.2
E -143.3  152.0  110.8 -177.6  176.9    nan  1.023  143.9  3.779  4.729   -8.0   10.2
A -102.6  124.9  105.5  177.3    nan    nan  0.968  109.8  3.776  5.597 -128.0 -133.6
I  -93.4  114.6  104.1  177.8  -61.4  178.0  1.008  104.2  3.771  5.871 -149.1 -153.1
L  -84.8  151.7  110.7 -177.0  -49.4    nan  1.034   95.0  3.781  5.997 -142.5 -149.1
H -145.4  130.8  111.4  178.5   57.6    nan  1.081  134.0  3.790  5.591 -176.1 -175.9
R -111.5  119.1  106.7 -179.5  176.9    nan  0.949  114.3  3.798  5.797 -148.8 -164.5
N   58.4   44.5  108.8  179.4 -151.7    nan  1.004  100.4  3.788  4.794    5.1  -13.3
N   65.6    2.0  115.1 -179.5 -150.1    nan  1.123  113.6  3.817  5.476  -77.6  -77.1
T  -98.5  126.0  108.9  178.7  -63.4  175.9  1.023  110.2  3.837  5.723   74.4   87.8
V  -69.4  124.4  110.2 -179.7  167.9  -69.6  1.042   93.9  3.844  5.862 -117.1 -126.9
T -100.4  -76.8  109.8 -179.7   47.8  -70.5  1.055   68.6  3.779  5.915 -154.0 -158.3
E -152.7 -175.8  107.5 -179.8   65.4    nan  0.993  151.1  3.801  4.674  -55.5  -40.1
G  -97.9  173.1  107.4  178.4    nan    nan    nan   99.9  3.787    nan    nan  -88.2
S  -61.3  -23.0  114.6 -179.9   56.5    nan  1.131  107.4  3.801    nan    nan  -63.9
S -148.4   27.7  110.8  178.1   56.8    nan  1.073   48.1  3.827  5.025   -3.8   14.2
S -156.1  171.1  111.5 -179.4   61.0    nan  1.007  157.9  3.793  5.298   46.0   53.5
N -103.3  154.0  104.8  176.4  -74.5    nan  1.002  108.4  3.790  5.404 -117.1 -111.6
V -112.2  134.7  113.3 -178.0 -175.2  -54.6  1.090  121.8  3.803  5.683 -139.2 -134.3
F -125.1  142.1  111.0 -179.2  -79.6    nan  1.015  129.4  3.804  5.772 -161.3 -174.7
G -129.8  143.9  109.2  179.2    nan    nan    nan  131.8  3.788    nan    nan -170.8
I -122.6  125.9  111.2 -179.1  -60.8  177.2  1.062  124.3  3.814    nan    nan -159.4
K -139.4  121.0  108.4 -179.8  171.7    nan  1.019  124.5  3.812  5.801  171.4  161.9
D   50.7   46.7  113.4 -178.7  -60.0    nan  1.096  102.1  3.812  5.056    2.9  -19.4
G   69.1   19.6  116.0  179.0    nan    nan    nan  101.5  3.789    nan    nan  -75.2
I -118.6  137.8  107.7  178.8  -62.3  177.4  1.023  122.3  3.809    nan    nan   83.9
L  -95.1  125.1  111.6 -178.8 -171.5    nan  1.041  110.6  3.819  5.790 -132.6 -137.4
Y -119.2  145.4  113.7 -179.8  -64.9    nan  1.017  127.0  3.831  5.862 -166.8 -177.5
T -165.3  153.6  108.5  177.2 -162.3   74.2  1.046  154.4  3.801  5.481  156.3  153.5
H  -62.2  137.0  109.8  179.5 -165.2    nan  1.004   82.1  3.839  5.469  -79.5  -90.1
P  -65.2  161.7  108.9  179.9   29.2    nan  0.943   72.2  3.814  5.630 -101.3 -110.1
A  -84.9   80.3  113.1 -179.0    nan    nan  1.058  113.6  3.776  5.519 -107.4 -101.4
N -116.5 -152.3  108.2  177.1   54.1    nan  1.089  105.4  3.789  5.982  136.9  139.9
N  -74.4   -8.3  114.2 -178.5   62.0    nan  1.075  102.1  3.815  4.966  -43.7  -35.0
M  -81.6  -17.1  114.0 -178.9  -56.9    nan  1.057   91.2  3.814  5.614   81.2   98.2
I -144.2  164.8  113.9 -177.6   65.6  -57.2  1.025  147.7  3.810  4.971   10.8   27.2
A  -88.4  135.3  105.4  175.7    nan    nan  0.968   99.6  3.772  5.271 -102.4 -105.7
K  -83.3   83.4  106.3  179.2 -166.8    nan  0.978  106.8  3.799  5.757 -124.4 -130.4
G  -59.7  141.6  115.5 -178.9    nan    nan    nan   80.6  3.813    nan    nan -156.2
I  -65.3  -42.2  109.7  180.0  -55.3 -175.6  1.061   95.9  3.788    nan    nan -108.7
T  -63.6  -33.4  109.7  179.3  -43.7 -163.9  1.007  101.8  3.823  5.447   71.6   80.4
R  -61.1  -44.6  107.8  179.4  172.3    nan  0.995   99.0  3.802  5.379   80.1   90.3
D  -69.8  -35.0  111.7  179.8  -71.6    nan  1.057   94.8  3.789  5.207   54.6   72.7
V  -67.7  -37.8  109.9  179.5  178.6  -60.4  1.038   96.1  3.792  5.393   69.6   83.9
V  -69.2  -38.1  111.3  179.0  172.2  -66.4  1.091   94.0  3.801  5.339   59.6   79.3
I  -66.8  -39.5  108.9  178.0  -74.6  164.3  1.036   96.6  3.832  5.526   68.1   80.3
A  -63.2  -39.5  108.5  178.6    nan    nan  1.009   99.7  3.827  5.409   71.3   82.1
C  -64.8  -38.0  111.3  178.3  -73.9    nan  1.037   97.6  3.820  5.321   66.5   80.7
A  -67.7  -42.6  109.6  179.6    nan    nan  1.035   94.0  3.831  5.338   65.8   80.8
N  -61.6  -39.3  108.9  178.6  -66.9    nan  1.024  100.8  3.792  5.346   68.7   81.2
E  -65.9  -37.7  114.3  179.8  -70.0    nan  1.106   95.4  3.816  5.322   61.9   82.1
I  -91.0   15.7  110.5  178.7   67.8  -57.9  1.087   94.5  3.814  5.356   38.6   59.9
N   59.6   40.1  114.9  179.1 -119.3    nan  1.084   98.8  3.806  5.529 -106.0 -111.1
M -103.3  128.3  107.0  179.4 -176.0    nan  0.989  111.4  3.773  5.892  112.3  117.4
P  -64.4  139.0  111.8 -180.0  -27.8    nan  0.956   83.9  3.828  5.654 -106.6 -118.8
V -120.8  131.8  109.3  179.3 -178.2  -57.6  1.028  123.6  3.806  5.880 -167.0 -164.9
K -128.6  109.6  107.7  179.6  -81.5    nan  0.981  115.7  3.804  5.789 -170.8  179.4
E  -84.5   63.7  112.5  179.8  -81.2    nan  1.075  112.6  3.795  5.990 -156.0 -156.0
I -117.8  137.0  109.0  179.2   64.2  -60.1  1.031  122.5  3.793  5.988  123.8  125.4
P  -69.2  153.3  112.7 -180.0   31.0    nan  0.992   81.1  3.792  5.532 -104.5 -113.5
F -134.2  149.3  109.5  179.7   49.1    nan  1.066  136.2  3.804  5.724 -167.8 -162.3
T  -81.4  174.9  113.9 -178.2   64.6  -55.8  1.075   83.5  3.790  5.622 -106.4 -110.7
T  -61.7  -42.5  109.5  178.2   56.1  -65.4  0.992   98.7  3.797  5.111  -57.3  -65.4
H  -60.5  -42.1  111.7  179.5  -65.7    nan  1.060   98.6  3.788  5.224   68.5   83.5
E  -70.2  -37.9  112.0  179.2  -66.6    nan  1.063   92.9  3.788  5.294   58.4   75.5
A  -56.0  -45.1  112.1  179.8    nan    nan  1.070  100.0  3.828  5.476   78.7   92.9
L  -66.1  -12.9  113.5  179.7  -65.7    nan  1.051  108.3  3.839  5.302   63.3   76.9
K -102.7    3.5  111.0 -179.5  -72.4    nan  1.019   78.6  3.815  5.356   54.3   71.4
M  -70.0  158.5  110.1 -179.8  -72.6    nan  1.020   78.5  3.797  5.811  104.9  117.8
D  -80.6  -38.8  106.9  177.3  -74.3    nan  0.979   87.0  3.809  5.466  -97.6 -104.2
E -141.5  158.2  109.5  179.6  -60.7    nan  0.993  143.4  3.802  4.739  -11.6    5.5
L -153.2  144.0  106.7  179.9 -153.0    nan  0.935  143.0  3.817  5.519 -169.9 -177.1
F -160.0  158.0  111.1  177.6   65.3    nan  1.078  156.5  3.818  5.568  155.6  161.0
V -112.6  151.0  109.8  178.8  -59.7   62.1  1.046  119.2  3.827  5.662 -132.3 -134.4
T -128.5  142.5  112.4  179.5   63.1  -58.7  1.051  132.5  3.808  5.697 -155.4 -157.0
S -165.8  164.4  107.4  176.6   75.7    nan  1.043  162.5  3.819  5.552  156.7  149.0
T  -55.8  -39.6  111.3 -179.8  -70.5  170.4  1.071  104.0  3.782  5.221  -66.1  -70.8
T  -92.6  -23.8  115.2 -179.9   52.7  -65.5  1.128   77.7  3.807  5.170   31.6   58.0
S  -91.6  -16.0  113.4  179.8  -56.2    nan  1.049   82.2  3.831  5.469   56.9   73.3
E   56.2 -119.8  106.7 -176.8  -58.1    nan  1.043   86.0  3.826  5.555 -142.8 -138.6
I -116.4   93.8  105.3  178.0  -66.7  170.2  0.986  105.4  3.836  4.980  -61.4  -46.0
T  -99.5  111.0  111.9 -179.2  -68.2  172.2  1.082  113.7  3.799  6.077  172.6  175.2
P  -61.1  136.0  114.1 -179.8  -22.3    nan  0.981   84.3  3.825  5.798 -115.5 -134.7
V -108.5  123.2  103.5  176.3  175.1  -64.3  0.983  111.0  3.805  5.887 -158.0 -159.0
I -113.6   -1.8  115.0 -176.1   62.1  -61.2  1.044   65.7  3.809  5.909 -163.4 -167.2
E -162.8  136.4  110.0 -180.0  174.2    nan  1.005  139.6  3.759  4.821    6.3   18.2
I -127.9  115.7  106.4  178.0  -58.5 -179.2  1.008  117.9  3.796  5.799 -171.5 -175.6
D   51.8   49.8  113.5  178.7  -71.7    nan  1.082   99.2  3.780  4.896   -2.3  -24.8
G   69.2   23.3  117.4  179.4    nan    nan    nan   99.0  3.782    nan    nan  -72.3
K -129.0  120.0  105.9  177.8  -56.5    nan  1.013  119.9  3.827    nan    nan   74.1
L  -73.0  140.7  111.9 -178.2  -63.3    nan  1.028   89.9  3.776  5.909 -121.7 -135.2
I  -86.9  109.4   98.3  177.3  -60.6  175.3  0.910   96.8  3.719  5.638 -118.8 -134.2
R   60.3 -116.6  109.1 -178.8 -159.0    nan  1.057   91.8  3.845  5.119   -3.8  -16.9
D  -95.4    3.1  114.6  179.9   52.7    nan  1.079   85.9  3.834  4.896  -38.7  -17.1
G   81.6   20.1  112.8  179.9    nan    nan    nan   90.4  3.824    nan    nan -102.0
K -119.0  158.2  108.4  179.7  -54.0    nan  0.993  123.6  3.793    nan    nan   84.6
V  -69.2  132.8  107.5  178.4 -176.3  -55.0  1.011   88.0  3.809  5.475  -87.9  -92.3
G  -79.9  165.5  115.9 -178.3    nan    nan    nan   86.5  3.795    nan    nan -125.8
E  -63.1  -38.8  114.4 -179.2   77.9    nan  1.088   97.0  3.795    nan    nan  -77.1
W  -73.7  -31.3  112.5 -179.8  -72.1    nan  1.102   92.8  3.806  5.332   56.8   76.7
T  -66.1  -46.5  105.8  179.1  -63.8  175.2  1.001   95.7  3.811  5.589   78.5   87.5
R  -59.0  -44.6  110.7  178.8  -71.9    nan  1.026   98.8  3.815  5.294   67.7   79.3
K  -62.1  -48.8  109.3  179.8  -72.2    nan  1.038   95.1  3.791  5.303   65.6   80.2
L  -58.4  -34.3  111.8  179.8  -73.5    nan  1.063  104.8  3.808  5.274   65.4   80.0
Q  -69.8  -42.8  110.1  178.1  -84.1    nan  1.024   92.0  3.795  5.406   68.3   81.4
K  -63.4  -39.6  109.5  179.5  -67.3    nan  1.037   98.9  3.811  5.333   66.2   80.3
Q  -69.9  -33.6  111.6  179.9 -169.7    nan  1.048   95.4  3.807  5.340   62.1   77.9
F  -65.9  -39.2  109.2  179.8  177.3    nan  1.010   97.3  3.824  5.410   74.0   86.6
E  -58.5  -31.7  114.0 -179.8 -161.7    nan  1.070  105.2  3.810  5.283   71.8   89.0
T  -71.7  -11.2  112.5  179.4   83.4  -37.1  1.058  103.7  3.828  5.505   67.9   84.2
K  -96.3  -18.2  113.8 -178.6  -66.8    nan  1.084   76.8  3.820  5.396   60.2   81.2
I  -66.2  135.0  109.2  179.0  -76.2  159.9  1.017   85.9  3.786  5.630   87.7  100.2
P  -63.8  128.4  112.9  180.0   27.5    nan  0.989   89.9  3.859  5.621 -100.9 -111.5
K -150.6  161.6  109.9 -179.6  -78.1    nan  1.026  151.6  3.823  5.778  156.7  151.7
P  -68.1 -141.1  110.5  179.7   31.0    nan  0.963   60.4  3.830  5.296  -80.5  -85.6
L -142.1  -11.8  112.3  178.9 -179.3    nan  1.040   34.9  3.851  5.159 -114.9  -91.3
H -146.0  -31.1  113.5 -177.6   63.8    nan  1.026   34.4  3.819  4.939   12.3   29.4
I  -60.1    nan  106.8  179.1  -60.5  177.7  1.013    nan  3.807  5.476   80.9   93.8
