Id   phi    psi    tau  omega    chi    chi2  solid    eta  CA-CA  CB-CB  BA^AB  NA^AC
I    nan  113.2  114.3    nan -119.3  114.6  1.144    nan    nan    nan    nan    nan
V  -74.4  144.8  112.0 -179.3  126.2 -109.4  1.024   89.3  3.837  5.936 -123.3 -149.4
E   44.1   30.4  116.0  178.7 -102.4    nan  1.089  117.7  3.805  4.751   17.6   -3.3
G -108.2  165.4  108.9  178.8    nan    nan    nan  112.3  3.778    nan    nan  104.8
Q  -99.7  167.6  110.4  179.0   33.9    nan  1.066  103.8  3.799    nan    nan -111.9
D  -61.6  154.3  109.0  179.5  -77.4    nan  0.990   72.2  3.825  5.261  -62.3  -73.7
A  -96.6  151.9  108.6  178.0    nan    nan  1.038  104.5  3.769  5.543 -125.1 -123.1
E  -80.9  138.3  110.4 -179.7  -56.6    nan  1.000   96.4  3.814  5.544  -99.9 -110.3
V  -55.7  118.0  108.4  178.3  144.1  -92.7  1.002   88.1  3.777  5.562  -90.8 -102.6
G  102.1  -13.6  114.7  177.7    nan    nan    nan   83.8  3.762    nan    nan   23.2
L  -48.5  -89.7  115.8 -180.0 -160.3    nan  1.115   71.2  3.794    nan    nan  123.3
S  -87.4   89.2  114.3  179.4   64.9    nan  1.126  114.3  3.839  4.861   -6.4   18.2
P  -72.3    8.4  118.8 -179.4   37.0    nan  1.028  111.6  3.892  6.087 -151.3 -163.7
W -109.9   -2.0  106.5  178.8   33.1    nan  1.008   69.6  3.852  5.547   59.9   81.8
Q  -69.0  101.5  111.4 -180.0  173.6    nan  1.055  105.2  3.798  5.766   95.4  113.6
V  -94.4  151.2  110.5  178.3  178.4  -58.0  1.026  103.6  3.786  6.058 -166.3 -178.4
M -118.9  122.5  103.8  179.0 -162.4    nan  0.942  115.8  3.778  5.559 -143.2 -150.6
L -110.9  111.7  110.0 -179.2  167.0    nan  0.984  115.4  3.797  5.901 -165.6 -167.9
F -139.2  139.9  116.9 -179.7   86.6    nan  1.245  140.3  3.761  5.598  136.9  153.6
R  -66.1  136.9  114.0 -178.5   63.3    nan  1.081   87.6  3.843  5.594  -88.7 -111.3
K  -69.9  -33.3  122.4 -176.3   56.8    nan  1.238   90.6  3.836  5.769 -114.1 -112.5
S -152.4  109.5  111.1  179.7  177.2    nan  1.073  116.9  3.782  4.839  -10.6    3.4
P  -67.7  159.2  114.2    1.4    8.1    nan  0.984   77.3  2.847  5.398   76.0   22.8
Q  -72.4  119.6  103.4  177.2  -88.6    nan  0.989   92.5  3.809  5.549  -98.0  -96.3
E -154.8  132.1  110.9 -176.0  150.3    nan  1.013  136.0  3.835  5.713  151.3  144.2
L  -76.7  111.6  110.3 -178.9 -152.8    nan  1.022  103.3  3.840  5.843 -120.0 -127.6
L  -85.8  -57.6  117.3 -177.9  -69.2    nan  1.131   69.7  3.811  5.992 -155.2 -153.2
C -153.6 -158.0  105.8  179.7  -71.8    nan  0.949  141.7  3.779  4.689  -32.7  -21.9
G -134.0 -167.3  107.6  178.8    nan    nan    nan  129.1  3.755    nan    nan -103.7
A -179.3  179.0  108.6  179.9    nan    nan  1.009  179.0  3.763    nan    nan -164.3
S -123.9  136.1  113.7  178.6   45.3    nan  1.054  129.3  3.810  5.377 -127.6 -119.6
L  -78.6  128.8  102.5  175.9 -126.9    nan  0.916   92.3  3.808  5.689 -113.4 -130.4
I -110.6  -11.8  113.1  178.6   56.1  -64.4  1.094   65.2  3.852  5.968 -172.3 -158.1
S -159.6 -173.4  102.5  179.9   70.1    nan  0.895  157.3  3.808  4.969    6.7   11.1
D  -74.2  -21.7  114.0 -178.8   74.3    nan  1.075   96.2  3.772  5.176  -74.4  -59.5
R -120.1  -18.9  122.6 -178.3   62.6    nan  1.234   51.3  3.813  5.030   18.0   52.2
W -107.3  146.8  113.2  178.9  -74.2    nan  0.993  117.0  3.853  5.431   55.9   62.4
V -127.2  139.3  113.2 -178.7 -178.4  -52.1  1.007  131.5  3.825  5.636 -158.3 -160.6
L -101.0  141.5  110.6  178.4 -145.8    nan  1.030  111.4  3.800  5.726 -143.6 -143.7
T -159.2  163.2  109.1  179.1  176.8   58.8  1.052  158.2  3.854  5.691  162.4  158.0
A  -72.3  119.7  109.9 -179.1    nan    nan  1.037   97.5  3.793  5.271  -82.8  -88.5
A  -50.5  -31.2  116.1 -177.7    nan    nan  1.145  111.6  3.809  5.842 -106.0 -113.1
H  -68.8   -5.4  113.0 -177.6   81.1    nan  1.123  109.0  3.780  5.488   72.3   90.5
C  -81.6  -20.0  111.6 -179.1  -64.5    nan  1.042   90.8  3.743  5.659   86.5   99.9
L -106.8  -25.0  112.0 -179.0  -46.7    nan  1.046   65.5  3.731  5.115   39.5   61.7
L -155.5  125.5  116.4 -176.9  159.8    nan  1.048  132.7  3.824  4.756   -9.8    7.6
Y -151.1   80.5  111.1  178.5 -169.5    nan  1.057   91.5  3.793  5.665  154.5  145.6
P  -32.0  -52.5  122.0 -179.6  -40.8    nan  1.126  107.1  3.835  5.879 -128.1 -135.1
P  -64.3  -13.7  118.2 -179.8   30.3    nan  1.043  108.7  3.843  5.224   55.9   77.0
W -111.6    6.8  106.6 -179.1  -85.7    nan  0.939   70.5  3.788  5.270   43.0   62.2
D   63.9   35.1  115.7 -177.3 -130.9    nan  1.147   97.8  3.807  5.538 -121.2 -112.3
K  -93.2  125.8  110.0 -180.0 -175.1    nan  1.003  108.0  3.844  6.063  124.0  123.8
N -169.0   75.8  113.0  177.8 -173.8    nan  1.090   80.3  3.792  5.500  134.8  129.5
F  -77.9  151.6  110.6  178.5  -60.1    nan  0.951   88.8  3.809  6.112 -168.5  174.3
T -116.2  177.5  105.7  174.6   32.1  -90.4  1.040  116.8  3.773  5.643 -156.6 -147.2
V  -48.6  -46.6  116.7  179.1 -170.9  -47.0  1.091  102.1  3.834  5.122  -45.0  -47.7
D  -65.3  -16.6  111.6 -177.6  -54.0    nan  1.014  107.8  3.847  5.279   68.1   79.4
D  -76.9  -31.4  116.6 -178.4  -86.6    nan  1.053   88.0  3.786  5.424   77.5   95.1
L -145.4  145.8  115.6 -175.0   26.9    nan  1.063  144.9  3.760  4.575   -5.0   16.2
L -109.5  177.3  108.8  178.3   65.5    nan  1.051  110.4  3.748  5.633 -143.8 -149.5
V -124.7  158.4  107.0 -178.0  158.3  -79.4  0.971  128.2  3.820  5.351 -122.4 -122.8
R -137.1   96.2  113.6  178.9 -104.8    nan  1.016  110.5  3.866  5.667 -158.9 -158.1
I  -93.9  148.6  115.4  179.8  -36.9 -155.4  1.079  106.3  3.853  6.071  179.6 -178.1
G   80.3   48.3  119.5  178.8    nan    nan    nan   75.5  3.837    nan    nan   32.6
K -116.0 -171.8  117.7 -178.1  -58.8    nan  1.104  112.0  3.813    nan    nan  118.2
H -142.3  -73.3  105.7  176.5 -168.0    nan  1.029   67.3  3.764  5.163 -137.6 -128.5
S  -78.4  129.6  111.0  179.7   25.7    nan  1.082   98.2  3.831  5.098   17.9   37.7
R  -65.8   11.1  110.7 -179.1   64.4    nan  1.065  117.6  3.837  5.787 -106.4 -120.4
T -166.6  140.2  107.3  175.4   28.5  -95.3  1.044  142.3  3.777  5.248   10.1   22.8
R  114.0  107.3  109.3 -179.9  101.5    nan  1.096   80.4  3.838  5.122   83.0   62.0
Y  -56.2  112.7  108.0 -178.2 -176.5    nan  1.009   91.3  3.835  6.020 -111.6 -131.8
E  -88.6   72.6  107.8 -179.9  -72.7    nan  1.078  107.4  3.739  5.871 -158.9 -158.0
R  -20.7  -39.0  117.0 -178.4 -170.8    nan  1.105  128.7  3.777  5.998 -120.0 -131.4
K  -92.0  -66.6  114.7 -178.7  156.7    nan  1.084   66.6  3.767  5.091   37.9   61.6
V  -64.7  -29.4  126.7 -175.4  165.1  -71.5  1.276   96.1  3.810  4.748   33.1   67.4
E  -67.7  177.4  113.4 -179.5  -65.8    nan  1.009   68.8  3.868  5.753   88.6   93.3
K -159.0   73.5  112.4  178.2  -77.5    nan  1.074   82.3  3.827  5.268 -166.5 -160.4
I  -57.1  130.3  107.7  177.7  -63.3  163.5  0.906   81.0  3.822  6.101 -147.4 -169.7
S -153.3  146.4  114.0  177.9   46.2    nan  1.139  147.7  3.815  5.572  142.2  155.1
M  -81.5  163.3  114.0 -178.1  -76.5    nan  1.111   88.5  3.809  5.627 -108.6 -115.8
L  -94.5  171.6  108.6 -179.4  -75.8    nan  1.009   97.1  3.777  5.429 -103.6 -110.4
D -138.0  -56.6  112.1 -179.8 -151.7    nan  1.006   51.7  3.770  5.338 -143.4 -144.1
K  -90.8  -65.3  124.6 -176.0  -87.4    nan  1.250   58.5  3.816  4.786   13.3   50.9
I   62.5   83.7  115.3 -177.5  -49.1 -176.5  1.101   71.0  3.811  5.381 -171.4 -176.8
Y -107.0  119.9  112.2  176.0  -55.7    nan  1.090  117.3  3.813  6.047  155.2  152.6
I -102.1  151.0  103.8  178.9  -46.1 -172.8  0.933  107.3  3.825  5.889 -148.9 -169.3
H  -73.3  136.1  110.3 -178.0 -156.8    nan  1.038   91.3  3.876  5.683 -101.9  -99.9
P  -56.0  -23.0  113.9 -179.7   24.5    nan  1.011  112.6  3.819  5.533  -92.0 -102.5
R -123.0   45.7  112.1 -179.8  -64.4    nan  1.088   81.1  3.781  5.024   10.1   43.2
Y  -82.4   88.0   99.9  178.8  142.0    nan  0.911  100.1  3.768  6.086  143.9  140.8
N  -55.0   83.6  113.2 -179.3 -169.4    nan  1.010  112.6  3.838  6.080 -144.6 -146.2
W  -88.3   -9.3  112.5 -177.8   54.4    nan  1.109   88.1  3.812  6.111  169.1  174.8
K  -79.7  -39.6  108.8  177.7  -56.1    nan  1.027   86.3  3.723  5.650   82.1   95.0
E -110.3  -56.8  122.4 -175.3   81.0    nan  1.273   52.3  3.775  4.876    5.8   48.8
N -145.7   38.0  119.0 -176.6   60.9    nan  1.108   61.1  3.760  4.605  -22.6   -5.2
L   45.1   35.7  115.2  177.3  -53.0    nan  1.111  113.4  3.875  5.658  -99.1 -107.3
D  -69.6  114.5  107.2  179.8 -175.2    nan  0.959   96.2  3.789  6.015  146.2  145.5
R   79.8   68.5  103.7 -176.5  -97.5    nan  0.937   81.3  3.842  5.095   28.6    6.3
D  -88.4   34.5  106.5 -179.7 -162.3    nan  0.995  100.6  3.819  6.123  156.8  161.8
I -101.4  138.8  115.5 -178.9 -160.4   80.3  1.116  115.3  3.777  5.840   97.1  120.5
A -121.3 -159.4  107.1  177.2    nan    nan  0.976  113.5  3.799  5.671 -153.2 -171.2
L  177.0   89.1  109.6  179.4 -167.5    nan  1.001   88.1  3.823  5.169 -164.8 -159.6
L  -77.2  167.0  113.1  178.8  -72.9    nan  1.014   82.5  3.809  6.088 -163.6 -170.7
K -137.1  131.0  108.0  178.5 -175.5    nan  0.982  129.8  3.830  5.450 -150.2 -149.8
L  -69.7  159.6  107.4  179.7  -81.9    nan  0.982   76.8  3.762  5.677 -114.1 -121.5
K  -69.7  -44.5  110.2  178.5 -167.3    nan  1.052   91.2  3.837  5.572  -91.0  -89.5
R -134.4  139.0  105.6  178.4  -68.0    nan  0.987  130.8  3.787  4.835   -8.9    7.4
P  -48.2  123.6  111.8 -179.8  -36.3    nan  0.968   82.1  3.794  5.402  -79.8  -91.4
I  -71.6  164.7  103.0  178.6 -161.8   76.0  0.960   75.6  3.803  5.969 -125.6 -136.1
E -105.4  142.3  107.5 -179.7  179.3    nan  0.943  112.8  3.792  5.510 -117.5 -117.3
L  -73.4  162.8  112.5  179.8  -81.8    nan  1.048   80.5  3.846  5.779 -111.4 -111.2
S -157.4 -170.5  110.8 -180.0  128.5    nan  1.059  152.6  3.815  5.389 -174.7 -176.4
D  -82.0  -10.8  108.2  179.7  -54.2    nan  1.003   94.5  3.843  5.257  -69.5  -65.8
Y -114.8  -11.0  110.2 -179.7  -44.1    nan  1.018   61.9  3.773  5.211   41.6   61.1
I -122.6  104.4  108.5  179.9  -61.9  178.1  1.027  113.1  3.771  5.160   30.9   53.0
H -148.3  141.3  111.0 -178.8 -159.8    nan  1.027  141.4  3.774  5.693  139.9  133.8
P  -72.1  139.4  115.7 -179.5   34.3    nan  1.019   92.1  3.859  5.536 -104.5 -112.9
V  -83.7 -178.6  103.5  178.7   65.5 -173.0  0.942   83.4  3.803  5.755 -119.4 -132.5
C -115.7  140.8  112.7  179.4  -51.8    nan  1.044  123.7  3.850  5.493 -120.7 -106.6
L  -86.7  118.2  104.7  178.1 -125.3    nan  0.961  101.4  3.817  5.668 -119.8 -131.5
P  -52.5  154.9  114.6 -178.9   37.5    nan  0.980   65.7  3.833  5.734 -105.4 -115.4
D -117.0  160.4  105.1  177.4   80.7    nan  0.985  120.4  3.755  5.633 -146.3 -146.9
K  -46.1  -51.6  113.3 -178.7   47.9    nan  1.100  102.0  3.803  5.268  -63.0  -65.4
Q  -53.1  -71.3  113.7 -179.8 -171.4    nan  1.136   83.5  3.765  5.329   65.4   84.4
T  -59.2  -24.5  109.3 -178.2   71.9  -48.8  1.037  110.4  3.865  5.393   54.3   61.1
A  -66.5  -29.0  110.0  179.9    nan    nan  1.053  101.3  3.771  5.507   84.0   94.8
A  -71.6  -60.5  112.1  179.9    nan    nan  1.018   81.1  3.841  5.464   73.0   85.9
K  -54.4  -40.7  117.9 -178.6  -36.2    nan  1.101  101.1  3.798  4.877   57.6   76.0
L  -89.5  -26.6  114.0 -179.2  -45.0    nan  1.080   80.0  3.805  5.132   39.1   61.8
L  -75.2   76.0  114.8 -179.4  -77.5    nan  1.154  117.1  3.835  5.524   62.5   87.9
H -137.8  128.7  112.0 -178.9  -58.4    nan  1.033  131.3  3.790  5.807  127.1  115.7
A  -53.0  124.8  110.6 -179.9    nan    nan  1.035   83.5  3.810  5.627  -95.5 -111.0
G  117.2  -30.3  112.3 -178.2    nan    nan    nan   77.0  3.771    nan    nan   47.7
F  -78.3  155.6  104.4  179.4  -63.4    nan  0.940   85.2  3.831    nan    nan   76.9
K -105.0  175.2  114.1  179.8  -47.8    nan  1.133  106.9  3.801  5.573 -138.0 -126.3
G -154.3 -166.7  111.3 -179.9    nan    nan    nan  147.2  3.827    nan    nan -157.1
R -139.5  127.6  114.4  178.0  -77.8    nan  1.116  132.6  3.805    nan    nan -116.8
V -117.8  113.4  106.8  177.9   66.0 -170.1  1.050  114.8  3.749  5.770 -166.9 -177.2
T -106.3  162.3  116.8 -178.7   34.0  -88.8  1.053  113.5  3.825  6.003 -162.6 -172.9
G  155.3  171.5  117.0  179.3    nan    nan    nan  150.6  3.775    nan    nan  127.3
W -104.2   12.6  111.4 -178.2  -53.4    nan  1.080   80.6  3.802    nan    nan -108.6
G  -64.3  154.7  110.3  178.0    nan    nan    nan   75.0  3.780    nan    nan  130.0
N  -35.8  136.1  118.7 -177.2  -47.9    nan  1.131   67.1  3.819    nan    nan  -62.4
R  -68.7  -62.7  111.5  179.3  -41.1    nan  1.034   82.1  3.791  5.571 -101.5 -120.6
R  -94.9 -170.3  107.5  178.1  -39.1    nan  1.003   91.9  3.828  4.919   14.0   31.2
E -109.0   -0.8  113.8 -178.7 -171.6    nan  1.088   70.7  3.832  5.296 -104.9  -89.1
T -154.9  175.0  111.5  178.4   29.6  -95.1  1.018  156.3  3.789  5.121   14.9   27.1
W -155.1  159.8  107.7  179.1   49.0    nan  0.984  153.5  3.751  5.271 -159.5 -158.5
T  -73.2  -58.0  108.6 -179.7   63.7  -54.4  1.012   83.9  3.728  5.304  -91.9  -93.3
T -144.9  148.3  103.2 -179.8  166.1   43.3  0.919  139.9  3.848  4.835  -29.9  -15.9
S   55.6  110.8  118.4 -179.1  176.9    nan  1.183   55.5  3.831  4.779   23.9   14.8
V  -63.8   -9.0  107.7 -179.0   46.8  168.1  1.040  113.2  3.849  5.979 -118.6 -140.4
A  -48.3  -54.9  109.3  177.9    nan    nan  0.996  100.4  3.750  5.754  117.9  124.5
E  -54.9   -0.9  118.6 -179.8   34.8    nan  1.165  124.6  3.837  5.114   55.5   79.2
V -129.0   29.7  111.3 -179.7   67.5 -169.8  1.070   66.0  3.850  5.343   40.2   56.9
Q -115.4  110.0  112.1 -179.4  -67.9    nan  1.032  117.8  3.857  5.841   85.3   98.8
P  -48.2  140.4  108.1 -179.0  -24.5    nan  0.893   68.5  3.828  5.664 -101.1 -125.1
S  -74.7  -59.6  111.6 -179.1  -40.7    nan  1.038   80.1  3.780  5.743 -118.1 -116.6
V  -95.9 -166.2  104.0  179.2  -63.0   57.8  0.920   92.4  3.791  4.905   22.2   32.8
L  -74.2  172.4  104.4  177.0  178.2    nan  0.978   76.2  3.756  4.973  -64.0  -56.4
Q -142.5  159.4  105.0 -179.5  -67.0    nan  0.965  142.9  3.787  5.450 -149.9 -147.3
V -149.0  151.8  109.0 -178.9   56.4 -179.1  0.996  146.6  3.807  5.578 -168.1 -169.1
V -154.0  139.0  105.2 -178.5   83.0 -151.5  0.966  138.9  3.780  5.507 -178.6  175.2
N  -99.8  118.4  106.8 -178.8  -82.9    nan  0.987  109.4  3.792  5.806 -138.9 -140.6
L -117.2  143.6  112.7 -176.6 -101.7    nan  1.020  124.8  3.750  5.838 -174.0 -177.4
P  -98.1  138.1  116.8  179.7   34.2    nan  1.014  113.7  3.867  5.586 -130.2 -136.3
L  -68.2  131.4  115.4  178.1  -89.2    nan  1.054   93.0  3.832  5.674 -108.5 -116.9
V -102.8  168.0  112.6  178.5  -53.2   71.8  1.123  107.1  3.834  5.926 -156.8 -153.5
E  -69.6  126.3  107.8 -178.4  -54.1    nan  0.983   91.4  3.741  4.939  -67.6  -81.8
R  -47.9  -30.3  112.8 -179.2 -161.6    nan  1.101  115.7  3.783  5.789  -98.7 -104.0
P  -60.8  -59.8  111.1  179.6  -37.5    nan  0.973   88.5  3.833  5.481   86.6   95.5
V  -59.3  -26.8  108.7  179.7   36.9  160.5  1.078  109.3  3.765  5.187   44.7   68.8
C  -57.1  -59.2  110.2  178.3 -100.6    nan  0.995   91.7  3.835  5.681   93.9   99.7
K  -54.7  -43.6  108.2  179.4  179.4    nan  1.001  104.1  3.803  5.045   62.5   73.1
A  -66.6   19.9  119.5 -179.4    nan    nan  1.143  121.8  3.752  5.091   55.5   79.4
S -114.3   -4.9  115.2 -179.9 -172.9    nan  1.141   63.7  3.854  5.680   71.1   93.8
T -174.5  145.3  113.3  179.7  166.3   44.2  1.069  147.1  3.773  4.863   -5.8    2.0
R  -65.1   -7.0  111.3  179.6  -85.9    nan  1.103  112.2  3.764  5.598  -97.5 -102.8
I  -67.7  119.7  104.8  178.7  -46.4 -162.1  0.998   90.9  3.793  5.884  100.9  107.9
R  -54.9  101.8  113.6 -176.6 -177.8    nan  1.063  101.7  3.831  5.832 -105.1 -115.6
I  -75.7  128.3  106.0  179.9   91.6  -31.7  1.088   93.3  3.784  6.112 -156.1 -157.9
T  -89.0  162.5  114.4 -177.6  -40.4 -159.9  1.059   96.2  3.774  5.867 -128.6 -138.7
D  -46.6  -40.6  110.4  177.4  162.1    nan  0.979  110.9  3.750  4.870  -54.2  -68.5
N -100.8   43.6  118.6 -177.3   54.9    nan  1.210  100.9  3.759  4.849   13.6   52.7
M -132.3 -178.9  102.2  175.8  -52.8    nan  0.933  132.1  3.801  5.866   95.6   87.1
F -168.1  129.6  107.7  177.4   68.3    nan  1.096  132.2  3.814  5.436 -177.6 -166.0
C  -99.8  140.1  108.5 -178.8   77.5    nan  1.079  109.3  3.743  5.819 -145.9 -150.8
A -134.6  157.9  108.3 -176.6    nan    nan  0.977  137.3  3.774  5.693 -161.1 -176.7
G  137.5  162.4  105.8 -179.1    nan    nan    nan  130.4  3.781    nan    nan  107.0
Y  -73.9  168.2  112.1 -177.6  -68.5    nan  1.061   78.6  3.791    nan    nan  -88.0
K  -94.2  160.2  110.5  179.4 -110.5    nan  0.985  100.8  3.793  5.260  -98.2 -105.3
P  -59.0  -37.0  111.2  179.4  -27.2    nan  0.958  103.0  3.837  5.170  -73.5  -80.0
G  -70.5  -67.5  108.9  177.9    nan    nan    nan   81.2  3.828    nan    nan   77.9
E  -14.8  -23.1  125.8 -179.3  -75.7    nan  1.270  146.3  3.851    nan    nan  105.3
G   85.4  -49.0  118.5  178.6    nan    nan    nan  114.3  3.832    nan    nan -124.5
K  -74.4  148.1  114.8 -179.0  -56.5    nan  1.092   89.2  3.824    nan    nan   69.3
R -108.7  178.8  105.0  179.0  -54.4    nan  0.947  109.0  3.836  5.646 -130.3 -146.2
G  132.2  139.0  111.7 -179.7    nan    nan    nan  109.1  3.806    nan    nan  125.3
D -178.2  144.8  111.0  179.7  176.7    nan  0.997  145.4  3.830    nan    nan  133.1
A  -85.0  111.4  104.9  177.2    nan    nan  0.971  102.0  3.810  5.588 -117.8 -125.0
C  -82.3 -156.2  112.9 -178.3 -168.8    nan  1.008   73.9  3.837  5.926 -143.3 -152.1
E  -66.5  158.3  108.7  178.3 -109.9    nan  0.988   74.9  3.864  4.886  -42.4  -34.0
G   79.8  -19.4  113.3  178.7    nan    nan    nan  107.2  3.800    nan    nan   47.2
D  -76.2  -18.5  118.4 -178.9  -70.2    nan  1.155   94.6  3.818    nan    nan   93.4
S  -46.1  137.3  113.9 -178.6  -70.7    nan  1.098   71.8  3.814  5.774  111.1  122.3
G   95.1  -36.3  113.3 -179.2    nan    nan    nan   99.3  3.781    nan    nan   37.2
G  -56.0  138.2  106.4  179.4    nan    nan    nan   74.9  3.808    nan    nan   93.0
P  -84.4  155.0  116.8 -178.7   41.6    nan  1.030   95.8  3.783    nan    nan -121.2
F -105.7   84.2  102.7  176.3  174.6    nan  0.921  100.5  3.814  5.616 -128.1 -137.9
V  -83.9  145.2  115.1 -179.9  -70.0   51.6  1.065   98.8  3.860  6.170  176.7 -178.4
M -130.1  129.0  114.1 -179.9  -87.6    nan  1.012  130.4  3.862  5.664 -158.4 -168.0
K  -77.7  130.3  114.7 -179.2 -168.1    nan  1.145  100.0  3.816  5.803 -134.4 -130.4
S  -89.8  114.7  110.2 -179.2 -171.6    nan  1.000  108.2  3.790  5.742 -126.2 -143.5
P  -54.0  -44.7  110.0 -179.7   30.2    nan  0.968  102.9  3.839  5.785 -112.8 -122.9
Y  -70.7  142.4  103.0  176.8  -33.3    nan  0.909   82.4  3.797  5.244   54.7   67.9
N   55.4    0.8  118.3  179.9   76.3    nan  1.211  124.3  3.874  4.929   15.5    7.8
N   35.3   28.0  118.2  179.0   72.4    nan  1.156  126.3  3.796  5.818 -143.2 -148.0
R  -89.7  161.0  109.0  179.4  -67.1    nan  0.977   95.8  3.785  5.955  120.3  119.9
W  -95.0  133.6  110.5  176.6  -78.1    nan  1.053  108.2  3.797  5.486 -119.6 -113.9
Y -120.2  159.1  109.6 -179.8  -72.9    nan  0.997  125.0  3.864  5.869 -158.5 -170.1
Q -115.5  114.4  104.3  179.5  177.2    nan  0.946  112.4  3.790  5.525 -134.7 -136.4
M  -89.0  -45.1  109.3  178.3  -62.0    nan  1.035   77.2  3.789  6.030 -156.8 -155.8
G -129.8 -176.2  118.7 -178.3    nan    nan    nan  127.9  3.810    nan    nan   17.8
I -138.5  139.8  106.6  179.1  -43.5 -167.5  0.963  133.9  3.791    nan    nan -129.4
V  -63.7  119.5  107.2 -178.6 -178.8  -59.3  0.999   90.7  3.814  5.655  -99.2 -105.7
S -119.6  -52.3  121.3 -175.9  179.1    nan  1.151   48.8  3.862  5.919  179.1 -175.3
W -161.0  157.3  113.8  179.9   62.7    nan  1.067  157.4  3.845  4.726  -39.2  -23.3
G -176.0  157.7  109.9 -179.9    nan    nan    nan  158.8  3.772    nan    nan  155.6
E  -99.1   84.9  114.5 -178.5  -63.0    nan  1.098  113.2  3.810    nan    nan -118.8
G   91.6 -140.8  108.3  179.6    nan    nan    nan  102.7  3.762    nan    nan  -17.8
C -160.7  123.5  112.5 -176.7  -55.6    nan  1.050  128.8  3.779    nan    nan -110.8
D   65.0    9.0  113.4  179.8 -164.9    nan  1.063  111.2  3.829  4.859   19.5   -5.8
R  -56.9  119.2  112.8 -179.3  -57.7    nan  1.008   90.9  3.840  5.957  128.5  135.8
D  -56.5  120.4  103.2  178.9  -51.1    nan  0.931   83.4  3.805  5.798 -104.5 -125.4
G  116.6  -60.8  110.3 -179.2    nan    nan    nan   93.0  3.757    nan    nan   45.1
K  -77.9  139.2  113.7 -177.5  -44.3    nan  1.073   95.6  3.788    nan    nan   54.1
Y -113.9  133.7  106.3  179.1  -70.8    nan  0.962  117.7  3.846  5.792 -147.4 -159.2
G  -65.6  151.0  113.5 -179.2    nan    nan    nan   79.3  3.805    nan    nan -112.1
F -113.0  154.4  110.9  178.7  -75.2    nan  1.066  119.7  3.815    nan    nan -141.1
Y -134.8  152.3  110.6 -178.1  -65.6    nan  0.974  137.8  3.783  5.437 -149.5 -162.3
T  -79.4  127.8  110.0  178.4  -59.6  179.4  1.006   98.8  3.845  5.650 -105.1 -108.5
H  -71.4   94.0  106.9 -180.0 -158.6    nan  0.949  104.6  3.806  5.673 -113.2 -128.6
V  -65.1  -28.8  115.8  178.3  149.0  -90.5  1.080  100.3  3.858  6.154 -153.3 -152.6
F  -62.7  -42.5  111.1 -177.5  171.2    nan  1.074   97.0  3.808  5.515   82.0   97.7
R  -66.9  -50.4  109.1 -178.7  -56.8    nan  1.030   91.0  3.769  5.306   66.2   78.9
L  -68.2   -7.1  115.6  180.0  -56.3    nan  1.140  108.6  3.762  5.099   47.5   70.6
K  -56.3  -29.0  113.8 -179.4  165.5    nan  1.099  108.8  3.817  5.914  111.1  122.3
K  -68.8  -25.0  112.8 -177.4 -152.9    nan  1.091  100.0  3.773  5.432   74.9   92.4
W  -74.0  -53.2  106.6  179.5  170.0    nan  0.958   86.9  3.785  5.460   76.4   85.9
I  -46.0  -42.0  109.1 -179.8  -41.6 -159.9  1.019  111.0  3.795  5.212   75.4   86.4
Q  -64.5  -52.6  108.5  179.3 -132.2    nan  0.988   92.0  3.813  5.335   70.3   79.3
K  -56.1  -28.3  112.4 -178.4  -61.3    nan  1.114  110.0  3.771  5.141   61.1   79.9
V  -85.3  -60.6  112.0  179.7 -177.7  -54.7  1.070   73.5  3.790  5.516   59.2   75.1
I  -47.4  -49.6  117.6 -177.9  -75.2  164.7  1.124  100.3  3.815  5.117   70.2   83.3
D  -80.8   -8.1  115.9 -179.5  -63.4    nan  1.140   95.6  3.834  5.169   39.1   62.8
R  -82.1  -18.9  106.7  179.3   91.6    nan  0.967   92.1  3.811  5.729   86.9   94.2
L  -66.2   77.1  112.8 -179.5  -95.3    nan  1.088  115.8  3.786  5.491   79.9  100.8
G   77.0  -94.7  113.3  179.4    nan    nan    nan  111.4  3.772    nan    nan  -39.4
S  -95.8    nan  112.6 -178.6   43.3    nan  1.070    nan  3.765    nan    nan    6.1
