Id   phi    psi    tau  omega    chi    chi2  solid    eta  CA-CA  CB-CB  BA^AB  NA^AC
I    nan  135.5  105.8    nan -144.8   86.1  1.022    nan    nan    nan    nan    nan
V -100.1  145.5  116.3 -175.6 -166.6  -43.1  1.091  113.0  3.890  5.997 -139.8 -140.7
E   42.3   55.2  112.5 -178.9  -57.9    nan  1.066  102.1  3.823  4.755   20.6   -4.0
G -140.6  150.9  105.7 -178.9    nan    nan    nan  139.4  3.810    nan    nan   94.4
Q  -82.4  174.4  116.5 -179.3   45.3    nan  1.106   84.9  3.781    nan    nan -109.0
D  -79.0  140.2  106.4  178.6  -53.7    nan  0.978   91.7  3.814  5.262  -77.2  -82.8
A  -81.4  139.2  116.2 -179.3    nan    nan  1.156   99.9  3.805  5.782 -125.7 -120.2
E  -58.8  143.0  108.7 -179.6  -91.1    nan  0.997   75.6  3.813  5.550  -81.7 -106.8
V  -58.3  113.5  103.8  178.1  158.1  -76.9  0.936   88.6  3.762  5.471  -85.5 -100.8
G   92.6   12.2  117.5  179.3    nan    nan    nan   81.9  3.807    nan    nan   11.6
L  -71.2  -32.3  109.9 -180.0 -155.1    nan  1.021   95.7  3.787    nan    nan  124.4
S -144.9   79.8  114.8  179.9   54.0    nan  1.144   95.4  3.807  4.810  -17.0   11.3
P  -61.1   -7.4  117.4 -179.0   39.9    nan  1.006  115.3  3.879  6.019 -145.9 -165.1
W  -98.3   -5.4  112.3 -179.2   43.5    nan  1.082   79.7  3.824  5.377   52.2   82.5
Q  -56.7  130.6  111.8  179.5 -172.3    nan  0.986   83.0  3.819  5.811  114.3  121.1
V -125.2  113.0  118.1 -178.1 -176.2  -54.0  1.107  125.4  3.763  5.727 -178.5 -172.7
M  -77.2  125.7  102.5  178.1 -171.5    nan  0.894   92.5  3.832  5.875 -126.7 -155.2
L -119.3  106.2  105.9 -179.8  179.0    nan  0.951  111.5  3.782  5.829 -173.4 -173.9
F -132.7  161.0  119.3  178.2   71.0    nan  1.283  139.3  3.747  5.656  132.5  158.4
R  -84.5  142.6  112.4 -179.0   84.0    nan  1.123   98.8  3.760  5.439  -94.6 -101.8
K  -74.2  -26.5  115.0 -179.1   55.1    nan  1.112   93.5  3.779  5.597 -104.3 -113.6
S -162.9  123.7  114.7  177.4  175.5    nan  1.110  129.3  3.780  4.883  -23.5   -4.4
P  -69.1  152.0  109.6    0.8  -18.0    nan  0.928   80.3  2.747  5.009   78.7   18.0
Q  -65.4  118.8  111.1  179.6 -175.8    nan  1.039   95.0  3.889  5.710  -96.8  -94.0
E -164.3  142.4  109.5  179.5   61.5    nan  1.014  144.9  3.828  5.659  139.8  127.5
L  -66.8  132.0  110.7 -179.5 -158.9    nan  1.011   88.7  3.842  5.623  -94.8 -107.4
L -105.1  -55.9  117.1 -178.7  -91.7    nan  1.087   59.3  3.771  5.786 -153.4 -150.5
C -160.1  179.0  108.4 -176.8  -77.8    nan  0.935  160.4  3.733  4.398  -32.8  -25.2
G -109.3 -165.7  103.5  178.0    nan    nan    nan  105.4  3.716    nan    nan -107.2
A  171.8 -174.8  104.6  179.6    nan    nan  0.970  171.5  3.759    nan    nan -172.6
S -136.6  144.7  116.7 -178.5   51.8    nan  1.055  140.5  3.802  5.274 -131.7 -124.1
L  -90.0  110.5  108.6  177.7 -120.6    nan  0.958  107.4  3.810  5.542 -117.2 -132.3
I  -98.4   -7.2  115.7  179.4   45.2  -79.4  1.072   78.5  3.847  6.030 -170.1 -168.3
S -161.0 -164.6  104.9 -178.5   62.6    nan  0.954  152.7  3.834  4.903    7.5   15.3
D  -92.1   -9.9  111.0  179.5   75.8    nan  1.033   84.4  3.789  5.220  -82.0  -67.8
R -126.4  -15.7  119.3 -178.0   59.3    nan  1.154   47.3  3.812  5.048   26.9   54.4
W -112.9  150.7  112.3  179.2  -72.3    nan  0.984  120.7  3.840  5.347   47.5   58.6
V -137.8  134.7  106.9  177.8 -172.1  -50.0  0.986  131.3  3.774  5.585 -169.6 -170.0
L  -93.8  129.4  111.6 -179.9 -147.2    nan  0.958  109.0  3.840  5.724 -128.9 -141.6
T -144.2  171.6  114.4  177.7 -164.2   76.4  1.107  146.9  3.842  5.718  154.5  163.4
A  -78.0  136.7  105.3 -179.5    nan    nan  0.954   91.5  3.773  5.080  -75.3  -85.1
A  -64.1  -40.2  118.3 -179.0    nan    nan  1.172   93.3  3.788  5.690 -111.9 -106.7
H  -66.8   14.9  115.4 -178.9   83.9    nan  1.108  118.9  3.867  5.438   67.3   84.0
C  -94.8  -36.8  104.8  179.5  -77.4    nan  0.954   77.3  3.810  5.818   94.4  102.2
L  -93.7  -43.8  111.8  179.3  -39.7    nan  1.030   72.4  3.782  5.074   35.0   56.2
L -126.2  120.5  120.8 -177.0 -171.6    nan  1.118  131.0  3.837  4.759   -1.8   24.8
Y -160.8   82.0  106.0  176.1 -164.6    nan  1.011   87.6  3.822  5.584  141.5  127.4
P  -44.6  -52.2  115.8 -178.9  -29.8    nan  1.018  101.2  3.867  6.017 -135.5 -143.8
P  -48.2  -17.2  115.1 -179.7   20.7    nan  1.013  122.9  3.813  5.164   71.4   89.4
W -108.6  -22.9  113.1 -178.7  -94.6    nan  1.004   64.0  3.818  5.188   39.5   63.0
D   97.1   24.7  113.3 -178.2 -106.8    nan  1.145   74.0  3.836  5.304 -118.5 -107.7
K  -83.8   97.8  114.0 -179.9  -96.0    nan  1.061  112.7  3.765  5.938  117.7  124.0
N -141.7   62.2  113.8  178.1 -157.1    nan  1.092   81.7  3.806  5.763  134.0  131.6
F  -79.0  129.0  114.3 -179.1  -54.1    nan  1.041  101.2  3.865  6.204  165.9  164.7
T  -93.7  176.8  107.9  178.1   25.8  -98.7  0.957   94.7  3.871  5.935 -135.6 -149.8
V  -50.7  -49.4  109.5  178.4  145.7  -91.8  1.008  102.5  3.763  4.830  -48.9  -52.5
D  -66.5    4.2  114.3 -178.2  -37.9    nan  1.083  115.2  3.786  5.059   54.7   74.1
D -104.3  -33.2  114.0 -179.0  -88.6    nan  1.036   65.0  3.814  5.596   69.3   87.4
L -131.4  136.0  118.8 -176.9   40.5    nan  1.168  136.6  3.773  4.713   -1.8   29.8
L -104.5  165.6  113.8  178.5   63.6    nan  1.127  109.9  3.825  5.806 -145.4 -154.5
V -117.1  153.2  116.3 -178.4  154.0  -81.9  1.108  125.8  3.795  5.372 -129.5 -126.7
R -130.2   94.3  113.9  178.6  -64.4    nan  1.064  110.9  3.829  5.645 -156.4 -156.6
I  -81.6  141.0  111.0 -179.0  -43.3 -162.2  1.062   96.3  3.806  6.102 -164.8 -169.5
G   85.8    8.4  122.7  176.4    nan    nan    nan   89.6  3.817    nan    nan   27.7
K  -77.4 -179.6  118.6 -179.3  -83.9    nan  1.168   77.2  3.805    nan    nan  118.8
H -140.1  -73.6  110.0 -179.7 -177.8    nan  1.029   64.7  3.779  5.221 -133.9 -135.1
S  -78.0  128.3  109.6  178.6   70.2    nan  1.038   97.4  3.784  4.980   20.2   38.1
R  -56.6   14.6  116.0 -179.7   76.8    nan  1.110  128.7  3.854  5.781 -102.5 -111.2
T -177.6  135.4  107.0  179.2   -8.1 -129.9  1.005  136.0  3.843  5.162   10.2   15.3
R  122.1  115.0  104.5 -177.6  163.1    nan  0.977   91.8  3.853  5.271   92.6   67.7
Y  -63.3  108.5  106.5  179.7 -174.7    nan  1.019   95.6  3.792  5.909 -121.2 -131.1
E  -77.8   73.8  109.4  179.7  -60.4    nan  1.064  111.7  3.742  5.923 -147.3 -151.8
R  -39.7  -25.9  118.6 -179.3 -174.9    nan  1.093  124.0  3.821  6.093 -139.6 -148.8
K -106.6  -22.6  112.8 -178.7  151.2    nan  1.062   66.0  3.769  5.093   35.0   59.3
V -116.7  -36.5  123.6 -174.8  153.4  -83.6  1.254   49.1  3.781  4.875   18.7   57.7
E  -66.7 -171.8  116.4 -177.6   70.1    nan  1.157   63.2  3.832  5.595   69.6   90.3
K -166.8   80.6  116.0  179.2 -112.0    nan  1.132   86.6  3.845  5.274 -159.0 -153.7
I  -69.1  109.8  113.0 -178.3  -39.1 -160.8  1.010  102.8  3.863  6.241 -154.4 -171.2
S -119.1  179.4  115.1  178.9   66.2    nan  1.130  119.3  3.828  5.885  162.5  170.8
M -101.5  159.7  113.6 -177.2  -40.8    nan  1.038  108.8  3.811  5.184  -94.8  -94.5
L  -89.6  168.1  117.3 -178.9  -90.5    nan  1.195   95.0  3.793  5.538 -118.3 -106.5
D -140.8  -49.0  114.2 -179.0 -164.0    nan  1.043   45.3  3.763  5.338 -142.5 -151.0
K  -98.6  -77.9  125.7 -174.5  -96.0    nan  1.215   53.5  3.783  4.732   17.1   52.6
I   63.9   89.0  104.6 -175.7  -61.0  178.2  0.999   77.4  3.792  5.271 -179.9  179.8
Y -115.8  106.5  107.4  178.6  -72.5    nan  1.018  112.5  3.783  5.997  155.2  151.3
I  -91.9  166.2  106.1  179.7  -39.8 -159.5  0.956   95.6  3.819  6.052 -157.4 -168.0
H  -79.4  139.4  111.3  177.6 -164.1    nan  1.041   95.3  3.802  5.424  -96.6  -90.9
P  -57.3  -35.9  113.1  179.8   15.4    nan  0.994  104.1  3.790  5.540  -90.1  -98.8
R -106.0   37.8  116.5 -179.1  -72.0    nan  1.136   92.6  3.818  4.971   14.7   49.7
Y  -72.9  101.5  104.5  178.1  154.3    nan  0.955  100.1  3.812  6.088  145.0  142.2
N  -61.7   35.6  120.0 -177.6 -131.0    nan  1.093  129.9  3.823  6.034 -136.9 -139.4
W  -46.1  -21.8  117.3 -178.7   61.8    nan  1.120  121.4  3.859  6.130  165.1  170.7
K  -74.1  -22.3  114.9  178.6  -61.0    nan  1.063   95.8  3.853  5.605   78.4   91.4
E -127.8  -65.3  118.3 -179.3   66.9    nan  1.163   53.4  3.825  4.937   13.0   41.9
N -128.3   21.6  119.2 -177.7   67.9    nan  1.106   64.2  3.826  4.671  -18.6    4.5
L   54.0   35.2  113.3 -178.9  -55.2    nan  1.074  107.2  3.897  5.679 -104.2 -109.7
D  -61.2  140.8  108.4  179.8 -167.0    nan  0.988   78.5  3.827  6.096  155.6  154.0
R   61.4   36.7  109.8  179.5  -94.7    nan  0.977  101.9  3.829  4.758   34.4   11.8
D  -66.9   72.6  110.0 -178.6 -169.0    nan  1.026  114.6  3.825  6.087  142.4  153.1
I -139.4  125.1  115.5 -177.4 -172.4   63.8  1.125  131.7  3.807  5.668  106.1  116.6
A -110.3  176.7  111.9 -179.5    nan    nan  1.048  111.5  3.815  5.862 -157.3 -169.7
L -150.6   71.9  113.0 -176.4 -158.4    nan  1.037   84.9  3.763  5.276 -151.3 -149.0
L  -63.2  143.3  112.0  178.2  -95.0    nan  1.017   80.7  3.802  6.145 -167.9 -175.5
K -125.6  127.5  106.3  178.3  179.6    nan  0.966  122.4  3.878  5.758 -158.5 -167.3
L  -77.9  150.6  110.4 -177.7  -57.7    nan  1.016   89.1  3.836  5.885 -125.4 -130.1
K  -55.5  -49.7  114.7  179.4 -162.1    nan  1.105   96.0  3.835  5.492  -82.7  -86.4
R -134.1  134.6  108.7  177.1  -66.3    nan  1.032  130.8  3.857  4.908  -13.8    3.8
P  -47.7  114.8  113.7 -179.4  -35.5    nan  0.991   89.2  3.884  5.456  -81.1  -97.3
I  -69.9  152.8  113.5 -178.9 -153.5   84.7  1.100   82.3  3.773  6.032 -137.7 -138.4
E  -75.6  111.7  113.0  179.3 -156.1    nan  1.064  105.1  3.791  5.397  -95.9 -105.7
L  -50.7  168.1  111.4  178.5 -117.2    nan  0.996   55.9  3.762  5.744 -106.7 -126.5
S -178.0  177.9  116.1  179.8  126.5    nan  1.110  177.8  3.840  5.360  165.0  167.6
D  -60.4  -46.0  108.7  179.5  -95.7    nan  1.008   98.2  3.795  5.078  -53.3  -59.9
Y  -84.4  -11.3  114.6 -177.6  -63.1    nan  1.058   90.8  3.787  4.902   40.7   59.7
I -130.4  103.3  107.0 -179.4  -76.9  160.2  0.977  111.5  3.806  5.164   26.9   44.8
H -138.3  148.0  110.4 -178.4 -160.6    nan  0.990  139.1  3.769  5.762  147.4  145.2
P  -81.1  162.4  119.3 -179.8   31.1    nan  1.107   89.9  3.752  5.529 -119.1 -108.1
V -106.1  161.2  107.5  178.3   67.7 -170.5  0.972  110.8  3.905  5.665 -117.0 -126.6
C -104.2  152.2  114.5 -177.5  -35.1    nan  1.067  113.9  3.852  5.615 -124.7 -117.1
L  -94.8  132.8  103.2  176.9  -91.3    nan  0.973  102.9  3.825  5.575 -118.7 -128.0
P  -65.6  159.1  116.3 -179.4   26.8    nan  1.050   76.0  3.789  5.644 -108.7 -111.9
D -116.2  145.8  107.0  179.6   63.8    nan  0.956  120.8  3.775  5.576 -132.9 -139.4
K  -36.4  -30.8  115.3  179.1   52.2    nan  1.110  124.2  3.807  5.306  -70.0  -75.7
Q  -79.1  -63.6  112.4  177.1  176.8    nan  1.084   75.5  3.807  5.478   57.0   76.7
T  -58.3  -30.4  108.6 -179.3   60.7  -65.1  1.015  108.4  3.850  5.387   62.2   67.5
A  -57.4  -60.9  110.4 -179.0    nan    nan  1.054   90.3  3.762  5.417   88.3   98.2
A  -50.1  -37.5  110.5 -180.0    nan    nan  1.007  110.2  3.784  5.150   68.0   76.9
K  -67.2  -50.0  117.4 -178.1  -53.3    nan  1.082   85.6  3.808  5.173   65.3   84.7
L  -86.9  -28.0  118.9 -176.3  -68.1    nan  1.189   79.7  3.834  5.000   28.0   60.1
L  -73.3   60.7  114.3 -178.8  -57.5    nan  1.112  118.9  3.755  5.470   71.4   89.3
H -110.1  135.5  111.4  176.3  -56.3    nan  1.076  119.0  3.827  6.020  125.1  129.4
A  -59.8  114.8  108.4 -179.2    nan    nan  1.028   92.0  3.825  5.627  -93.7 -108.5
G  129.7  -30.9  112.6 -179.5    nan    nan    nan   66.6  3.786    nan    nan   50.7
F  -72.7  155.6  106.8 -180.0  -59.2    nan  1.001   80.9  3.812    nan    nan   82.6
K -108.5  172.6  115.5  179.8  -48.0    nan  1.167  111.5  3.735  5.564 -143.3 -127.8
G -158.7  168.5  105.5 -179.9    nan    nan    nan  158.8  3.817    nan    nan -166.1
R -112.3  166.4  111.3  179.7  -71.7    nan  1.036  116.6  3.789    nan    nan -118.8
V -146.4  125.7  104.6  178.4   44.3  170.1  0.991  126.8  3.759  5.411 -161.1 -160.1
T -110.3  136.1  116.0 -178.1   48.8  -70.0  1.095  122.4  3.825  5.928 -165.1 -161.4
G -172.0  144.0  123.8 -179.0    nan    nan    nan  147.9  3.785    nan    nan  137.5
W  -83.7    4.0  108.9  178.9  -62.6    nan  1.024   97.6  3.756    nan    nan -129.8
G  -66.8  157.4  112.1  179.4    nan    nan    nan   76.7  3.821    nan    nan  120.8
N  -39.3  133.4  121.7 -176.9  -55.4    nan  1.157   73.1  3.789    nan    nan  -62.3
R  -67.1  -77.8  108.0  178.1  -66.1    nan  0.993   78.7  3.834  5.640 -100.1 -124.7
R  -78.6 -174.4  109.1  177.8  -71.1    nan  1.011   76.8  3.820  4.916   17.4   32.1
E  -91.3  -27.8  111.4  178.5  177.0    nan  1.030   79.0  3.816  5.167  -87.0  -79.3
T -132.4 -170.9  112.3  179.6   58.6  -62.6  1.008  128.4  3.836  5.000    9.7   27.3
W -154.6  173.7  103.2 -179.7   41.7    nan  0.939  155.4  3.806  5.170 -143.4 -140.8
T  -91.6  -47.5  103.9  178.2   82.7  -38.5  0.950   78.7  3.796  5.432  -97.8  -95.6
T -147.6  141.5  106.1  178.2  159.5   37.6  0.963  138.9  3.780  4.693  -24.8  -11.2
S   59.1  122.7  114.4  179.3 -162.9    nan  1.099   54.9  3.827  4.786   26.5    9.7
V  -73.9    2.2  108.3 -178.9   49.9  174.6  1.081  106.8  3.779  5.832 -126.7 -136.4
A  -57.8  -45.2  104.9  178.2    nan    nan  0.948  102.8  3.771  5.939  120.9  125.5
E  -68.4   34.5  117.9 -179.4   71.4    nan  1.132  123.4  3.795  5.070   49.5   74.7
V -164.8    8.2  108.5 -179.3   87.2 -151.2  0.986   19.4  3.824  5.310   48.5   48.7
Q -103.2  114.0  112.1  179.9  -73.4    nan  1.079  115.3  3.811  5.586   67.6   92.2
P  -42.2  145.9  111.5 -179.6  -32.7    nan  0.954   61.6  3.847  5.564  -91.5 -116.0
S  -76.0  -39.9  109.4 -178.9  -21.8    nan  1.024   88.8  3.823  5.802 -111.0 -111.6
V -132.7  174.1  110.3 -178.0  -62.5   55.0  1.000  134.4  3.780  4.711    0.6   16.3
L  -53.6  133.0  110.9 -179.6  174.8    nan  1.037   78.8  3.849  5.210  -55.0  -57.3
Q -117.3  150.7  113.5  179.9  -71.1    nan  1.164  125.0  3.788  5.784 -170.2 -166.0
V -133.9  144.8  117.4 -176.4   50.0  171.0  1.117  139.3  3.775  5.567 -153.5 -162.9
V -149.7  148.0  109.3  178.3   57.4 -177.3  1.094  145.1  3.715  5.460  175.1  166.5
N -111.1  121.7  104.9 -179.5  -89.7    nan  0.892  113.2  3.808  5.633 -124.1 -146.9
L -119.0  150.4  108.7  177.8  -79.3    nan  1.000  124.1  3.770  5.826  176.9 -178.1
P  -97.0  140.7  109.5  179.9   38.0    nan  0.941  107.7  3.763  5.430 -121.7 -125.7
L  -58.2  147.0  109.5  176.9  -65.4    nan  0.975   73.3  3.843  5.613  -92.9 -105.1
V -126.3  147.5  108.3  179.0  -39.1   85.5  1.074  129.4  3.769  5.698 -167.2 -159.8
E  -50.9  122.2  108.7 -179.3  -52.6    nan  0.963   82.7  3.797  5.240  -65.4  -88.9
R  -44.9  -49.0  110.3 -179.9 -178.9    nan  1.066  106.3  3.828  5.842 -100.3 -106.2
P  -45.5  -44.2  112.6  179.5  -43.2    nan  0.983  108.2  3.819  5.279   83.7   92.0
V  -65.6  -45.2  108.1  179.4   59.1  179.4  1.090   95.2  3.810  5.434   51.1   77.4
C  -46.2  -57.1  110.4 -179.5  -71.7    nan  1.045   99.5  3.834  5.524   88.3   94.5
K  -45.7  -52.9  109.9  179.1  -94.4    nan  1.018  103.2  3.811  5.284   76.7   83.7
A  -51.7  -30.2  113.8 -179.0    nan    nan  1.046  112.1  3.766  5.060   70.8   83.8
S  -63.0  -39.0  116.6 -178.1  171.0    nan  1.090   95.9  3.783  5.364   77.3   96.3
T -150.1  158.9  116.7 -176.8  164.1   40.5  1.115  152.8  3.794  4.693  -19.4    2.9
R  -73.5  -27.5  108.8 -179.9 -173.0    nan  1.020   96.3  3.810  5.336  -86.0  -97.6
I  -58.8  111.3  107.5 -179.6  -59.4 -176.3  1.012   93.0  3.786  5.450   83.9   98.4
R  -51.5  125.2  111.4 -179.4  166.2    nan  1.038   82.8  3.851  6.020 -109.7 -124.0
I -101.0  144.4  107.6  179.1   62.8  -59.8  1.014  109.2  3.759  5.778 -152.9 -159.7
T -105.9  169.4  114.3 -175.2  -46.8 -168.1  0.998  110.0  3.737  5.546 -132.2 -137.9
D  -47.8  -48.4  109.5  176.0  150.9    nan  0.972  105.1  3.810  5.008  -54.5  -60.9
N  -97.7   73.3  112.8 -179.2   12.0    nan  1.083  109.2  3.785  4.905   17.3   44.6
M -163.4  149.6   99.6  179.4 -138.5    nan  0.865  148.3  3.779  5.539  100.4   83.5
F -156.2  129.9  108.6  179.9   74.8    nan  1.040  133.3  3.857  5.691  164.1  174.1
C -100.8  146.2  114.2 -177.4   80.9    nan  1.200  112.3  3.782  5.908 -158.7 -147.3
A -139.1  130.6  112.1 -176.6    nan    nan  1.026  132.7  3.765  5.554 -155.7 -176.5
G  169.3  172.1  106.8  179.6    nan    nan    nan  165.0  3.790    nan    nan  109.5
Y  -90.0  153.6  108.5  179.7  -64.0    nan  1.014   98.1  3.802    nan    nan  -93.6
K  -83.0  163.3  110.7  177.6  -74.3    nan  1.026   89.1  3.883  5.646 -106.5 -110.7
P  -49.7  -30.2  118.0 -179.7  -32.2    nan  1.066  112.2  3.879  5.074  -62.2  -66.3
G  -84.5  -59.9  111.2  178.1    nan    nan    nan   74.7  3.818    nan    nan   73.0
E  -20.7  -33.2  121.7 -178.3  -55.8    nan  1.201  132.9  3.848    nan    nan  108.0
G   75.9   23.5  123.5  178.4    nan    nan    nan   90.6  3.832    nan    nan -144.2
K -137.8  115.7  106.6  177.0  -53.9    nan  0.995  119.6  3.844    nan    nan   65.1
R  -88.1 -179.8  109.2  179.8  -24.3    nan  1.009   88.0  3.830  6.032 -146.9 -153.7
G  140.6  146.4  113.2  178.9    nan    nan    nan  120.4  3.787    nan    nan  135.0
D  176.5  162.2  115.8 -178.8 -167.6    nan  1.081  160.4  3.793    nan    nan  135.8
A  -84.6  118.9  102.0  179.1    nan    nan  0.938   97.8  3.807  5.361  -94.5 -105.8
C  -98.0  178.9  108.7 -179.6 -169.4    nan  1.003   98.3  3.737  5.846 -157.6 -159.3
E  -59.3  127.2  114.3 -178.8  -95.6    nan  1.073   88.5  3.862  5.277  -58.1  -55.0
G  108.5   -7.1  108.5 -178.3    nan    nan    nan   73.9  3.735    nan    nan   41.2
D  -91.5  -16.7  113.3  178.3  -74.0    nan  1.084   82.0  3.782    nan    nan   87.6
S  -43.7  126.2  112.2  178.9  -74.6    nan  1.010   77.5  3.849  5.807  117.4  122.7
G  113.6  -45.7  110.2 -180.0    nan    nan    nan   86.9  3.793    nan    nan   44.6
G  -53.5  144.5  106.5  177.5    nan    nan    nan   69.4  3.781    nan    nan   84.8
P  -81.5  154.4  116.6 -179.5   37.6    nan  0.981   93.3  3.774    nan    nan -114.6
F -106.0  114.2   99.3  173.5  177.0    nan  0.887  104.8  3.804  5.643 -134.3 -138.8
V -127.9  143.6  116.1 -176.5  -79.0   40.8  1.090  134.5  3.857  5.952  161.4  172.4
M -116.6  170.6  106.9  177.6  -57.5    nan  0.981  119.0  3.776  5.694 -148.4 -157.7
K -112.2  149.8  103.7  178.9 -163.5    nan  0.953  115.9  3.810  5.421 -122.6 -119.6
S  -90.1  146.6  112.7 -179.3 -168.0    nan  1.063  102.3  3.829  5.763 -122.6 -117.3
P  -87.4   -0.6  109.9  179.5   38.9    nan  0.925   92.4  3.868  5.491 -109.8 -123.9
Y -125.4  155.1   94.4  176.2  -25.3    nan  0.841  123.5  3.815  5.356   36.4   53.1
N   40.5   12.1  119.7  178.0   92.6    nan  1.163  132.5  3.820  4.749   13.2    8.0
N    5.5   61.7  121.0 -175.1   49.7    nan  1.296  115.3  3.850  6.127 -168.8 -160.0
R -107.0  165.5  102.3  176.2  -46.4    nan  0.935  109.5  3.797  6.108  154.2  126.2
W  -98.3  132.0  110.4  179.2  -75.9    nan  1.020  110.7  3.824  5.472 -114.2 -109.9
Y -121.6  146.9  113.9  178.7  -75.5    nan  1.053  128.8  3.813  5.803 -169.0 -171.5
Q  -96.3  104.6  112.3  178.9 -159.1    nan  1.114  113.1  3.813  5.682 -132.4 -131.7
M  -84.6  -30.7  114.9  179.4  -62.4    nan  1.082   82.4  3.781  5.961 -149.7 -164.9
G -142.4 -165.6  116.5  179.8    nan    nan    nan  134.4  3.782    nan    nan   17.5
I -145.1  129.7  104.6  176.8  -60.3 -179.9  0.979  129.4  3.801    nan    nan -123.8
V  -63.2  119.8  107.1  179.6 -163.8  -42.5  1.008   90.2  3.791  5.824 -106.4 -115.5
S -112.4  -77.6  117.0 -179.7 -174.3    nan  1.114   60.5  3.836  5.889 -171.6 -173.1
W -135.3 -175.8  117.2 -177.1   57.0    nan  1.079  133.3  3.843  4.632  -36.9  -15.2
G  166.2  164.6  112.0  179.7    nan    nan    nan  155.9  3.790    nan    nan  169.6
E -109.2   98.5  112.9  179.9  -70.9    nan  1.116  114.4  3.814    nan    nan -121.2
G   86.7 -144.8  107.1 -177.0    nan    nan    nan   97.1  3.783    nan    nan   -5.9
C -159.6  119.8  104.8  178.1  -82.5    nan  0.962  122.9  3.802    nan    nan -117.2
D   61.1   48.0  114.1 -179.4 -171.7    nan  1.110   93.3  3.832  5.010    7.8  -10.1
R  -96.9  129.5  105.3  179.4  -51.6    nan  0.938  106.2  3.807  6.076  135.0  130.7
D  -70.4  126.5  105.8  178.0   22.0    nan  1.016   90.4  3.793  5.809 -119.4 -125.3
G  109.6   -4.3  110.8 -179.6    nan    nan    nan   72.0  3.747    nan    nan   43.0
K -127.6  160.5  110.0  179.4  -49.1    nan  1.018  131.8  3.802    nan    nan   54.0
Y -134.9  143.3  112.9  177.8  -52.2    nan  1.084  136.9  3.842  5.575 -158.7 -153.7
G  -72.4  140.7  109.4  179.0    nan    nan    nan   88.1  3.802    nan    nan -113.7
F -110.0  142.1  110.2 -179.2  -81.7    nan  1.067  118.0  3.797    nan    nan -150.3
Y -131.7  145.8  112.2 -177.1  -50.3    nan  1.044  135.1  3.822  5.789 -160.8 -171.6
T  -63.0  129.1  105.7  177.7  -71.7  166.9  0.930   84.3  3.792  5.406  -82.4 -104.8
H  -82.0   78.0  110.1  177.6 -166.7    nan  1.019  111.3  3.800  5.812 -134.2 -135.1
V  -41.2  -44.8  113.3 -179.6  179.7  -56.1  1.050  110.5  3.875  6.152 -137.0 -146.6
F  -52.1  -50.9  115.4  179.7  171.7    nan  1.132   97.1  3.797  5.435   75.5   91.4
R  -66.0  -16.8  114.7 -178.4  -76.2    nan  1.103  106.2  3.854  5.216   60.0   74.6
L -103.4    2.7  108.5  178.1  -60.2    nan  0.987   77.4  3.726  5.257   50.4   65.6
K  -54.3  -38.4  115.7 -178.6  177.9    nan  1.141  103.8  3.838  5.922  112.1  134.1
K  -61.4  -36.9  113.1  179.7 -154.3    nan  1.084  100.1  3.788  5.423   76.9   88.6
W  -61.9  -52.1  110.7  179.6  172.9    nan  1.021   92.4  3.803  5.460   77.1   88.1
I  -47.5  -45.0  107.9 -177.9  -67.2  173.2  1.023  108.5  3.786  5.268   77.6   88.5
Q  -58.4  -42.1  109.8 -178.8 -177.9    nan  1.068  101.3  3.759  5.258   68.3   83.8
K  -64.7  -53.3  110.0  179.8  -56.3    nan  1.024   90.4  3.839  5.456   68.4   79.8
V  -53.1  -62.0  112.0  179.4 -159.7  -36.1  1.040   91.0  3.803  5.185   69.2   80.6
I  -58.3  -64.1  113.9 -179.2  -87.4  150.8  1.078   85.4  3.841  5.197   54.1   70.1
D  -59.6   -5.8  117.9 -176.1  -68.7    nan  1.233  117.6  3.743  4.907   43.3   71.6
R -109.5   10.6  109.4  177.3   76.3    nan  1.069   74.3  3.814  5.652   55.2   69.9
L  -91.7   52.0  111.9  180.0 -110.2    nan  1.079  106.0  3.794  5.768   86.1  104.5
G  125.9 -121.3  112.8  179.7    nan    nan    nan  125.0  3.785    nan    nan  -13.3
S -103.7    nan  112.9 -178.6  -35.9    nan  1.042    nan  3.786    nan    nan  -27.5
