Id   phi    psi    tau  omega    chi    chi2  solid    eta  CA-CA  CB-CB  BA^AB  NA^AC
S    nan  142.8  106.8    nan -168.1    nan  1.001    nan    nan    nan    nan    nan
P  -67.4  -48.9  114.9 -179.6   30.6    nan  1.020   87.7  3.845  5.588  -99.6 -104.3
L  -77.5   -4.0  113.6 -178.8   37.8    nan  1.065  100.9  3.816  5.084   39.2   65.0
L  -47.4  170.5  115.3 -179.1 -166.1    nan  1.066   52.0  3.822  5.820  120.3  133.0
E  -61.1  153.3  107.1  178.5  -30.2    nan  0.993   71.5  3.824  5.199  -63.5  -71.3
T  -56.2 -168.8  114.7 -177.7 -156.7   80.2  1.128   52.2  3.803  5.454  -82.7  -82.1
C  -75.2  159.4  112.2 -179.2 -163.2    nan  1.018   83.7  3.820  5.014  -55.9  -55.3
V -114.5  102.6  107.1  178.4 -162.1  -38.1  0.996  110.6  3.821  5.608 -135.3 -135.6
P  -84.2 -169.9  113.8 -179.8   40.2    nan  0.964   80.2  3.853  5.910 -152.7 -163.0
D   38.8   30.9  112.7  178.5  -90.6    nan  1.038  123.1  3.853  4.695   49.8   48.0
R   52.0   34.0  112.6 -179.4 -154.6    nan  1.082  109.9  3.796  5.508 -100.2 -102.8
G   79.9   13.0  115.4  178.2    nan    nan    nan   94.3  3.809    nan    nan  -77.0
R  -55.0  -65.1  114.0 -179.5  -93.1    nan  1.138   86.5  3.814    nan    nan  141.6
E  -95.5   53.7  109.4  178.1   59.9    nan  1.027  102.1  3.796  4.986   13.2   29.9
Y  -98.8  120.6  110.8  179.4  159.6    nan  1.052  112.4  3.850  6.088  127.2  136.7
R -122.5   78.4  107.0  179.6 -179.7    nan  0.995   97.7  3.794  5.852 -176.7  173.9
G -115.4 -172.7  108.2  178.7    nan    nan    nan  112.9  3.800    nan    nan  141.7
R -129.7   36.8  116.1 -178.3  -60.6    nan  1.102   72.0  3.802    nan    nan -111.4
L  -81.7  115.2  111.7  179.2 -179.2    nan  1.084  105.7  3.787  6.004  127.2  136.8
A  -96.7   41.7  114.1  178.4    nan    nan  1.092  100.5  3.835  6.040 -159.5 -164.0
V -136.4  166.5  114.0 -179.3 -154.8  -31.6  1.093  140.3  3.857  5.679   76.6   89.1
T -119.2  163.1  112.4 -179.7   51.1  -71.0  1.022  124.3  3.836  5.484 -127.8 -129.8
T  -61.1  -26.0  111.3  179.8 -108.2  127.8  1.115  107.2  3.805  5.408  -80.3  -77.7
H  -81.3    7.2  107.7  178.4  -71.0    nan  1.019  100.8  3.794  5.635   66.7   78.1
G   73.9   32.2  116.0  178.7    nan    nan    nan   90.6  3.784    nan    nan -106.4
S -110.9  177.3  118.0  179.9   72.3    nan  1.167  112.2  3.840    nan    nan  107.7
R  -55.0 -143.3  112.3  178.9   46.9    nan  1.045   49.7  3.819  4.885  -46.8  -55.9
C  177.5  120.5  106.9 -177.5 -164.6    nan  0.966  119.8  3.818  4.995 -143.3 -138.3
L  -76.4  146.8  117.7 -178.1  -80.9    nan  1.179   92.9  3.828  6.006 -142.9 -134.1
A  -69.1  120.9  108.8 -179.8    nan    nan  1.023   94.3  3.806  5.520  -89.8 -106.3
W  -47.3  -21.4  119.2 -178.5  -67.8    nan  1.141  120.1  3.807  5.755 -100.8 -108.7
S -112.3   20.6  111.2  179.4   36.1    nan  1.056   76.2  3.795  5.210   35.8   54.9
S  -79.0  174.0  109.9 -179.9   74.7    nan  1.013   81.1  3.810  5.991  115.8  125.4
E  -54.4  -63.6  106.5  179.2  -50.9    nan  0.991   92.9  3.791  5.107  -53.3  -59.4
Q  -48.7  -68.0  110.8 -177.7  -57.1    nan  1.036   90.1  3.804  5.060   65.1   76.3
A  -61.7  -19.9  116.4 -177.4    nan    nan  1.137  108.2  3.759  4.944   41.7   63.6
K  -72.7  -32.1  109.3 -178.7 -166.3    nan  1.020   94.9  3.800  5.629   84.1   95.1
A  -75.4  -61.2  114.4 -178.5    nan    nan  1.099   76.7  3.770  5.238   59.5   81.0
L  -47.9  -34.3  114.6 -177.8  -78.3    nan  1.098  112.3  3.820  5.240   69.1   82.5
S  -79.1  -37.7  108.8  179.9   37.5    nan  0.976   87.5  3.739  5.207   63.0   74.2
K  -60.1   90.1  110.5 -179.6 -169.0    nan  1.041  107.6  3.809  5.395   71.2   88.7
D  141.5   -2.5  113.4  178.1 -119.4    nan  1.116   39.5  3.833  5.247   54.8   38.0
Q  -94.4 -120.5  111.7  179.3  -52.8    nan  1.063   73.8  3.799  5.581   73.8   88.6
D -169.1   69.4  111.5 -179.0 -155.5    nan  1.015   73.7  3.811  4.894 -110.6  -99.2
F  -80.5  106.1  118.3 -178.6  -77.9    nan  1.133  113.7  3.782  6.086  162.2  172.5
N  -82.0  160.8  104.5  177.2  122.3    nan  0.956   87.1  3.740  5.869 -145.0 -165.8
P  -67.3 -100.6  113.9  179.4  -32.0    nan  1.011   64.0  3.818  5.398  -86.4  -83.9
A   87.3  -48.8  110.6 -178.9    nan    nan  1.068  107.2  3.883  5.201  160.8  173.2
V -157.0  163.9  103.9  177.8  -92.3   30.7  0.995  155.6  3.789  4.857  -35.5  -21.4
P  -70.1  160.2  113.5 -179.7   32.0    nan  0.964   78.9  3.831  5.211  -77.1  -83.6
L  -85.5   15.9  113.9  178.4 -110.1    nan  1.090  100.8  3.773  5.598 -114.8 -103.5
A   -9.8  116.7  119.8 -179.2    nan    nan  1.164   68.5  3.811  5.990  179.1 -173.6
E   33.1 -119.1  113.6  179.3 -146.9    nan  1.118   77.5  3.842  5.140  -15.3  -47.0
N -122.1   41.0  107.9  178.5   64.1    nan  1.019   76.7  3.805  4.855  -64.5  -47.1
F  -89.5  145.2  110.0  180.0  -57.7    nan  1.047  100.8  3.762  5.926  121.2  135.3
C  -55.5  126.2  104.1  179.5  -68.4    nan  0.922   80.0  3.811  5.493  -74.8  -95.7
R -139.1  156.4  104.9 -179.7  -63.9    nan  0.912  139.4  3.772  5.775  173.2  164.2
N -111.7   83.4  102.0  174.3  177.2    nan  0.972   98.6  3.768  5.625 -145.3 -136.5
P  -78.8   -9.2  116.0 -179.0   39.8    nan  1.009   97.1  3.856  6.087 -171.8 -171.7
D -113.3   -5.6  111.5 -177.5   58.4    nan  1.024   64.8  3.782  5.183   39.9   67.7
G   76.3   30.5  106.2 -178.7    nan    nan    nan   93.8  3.726    nan    nan -111.9
D  -62.4  119.5  104.1  178.4 -168.2    nan  0.946   87.7  3.786    nan    nan  147.9
E  -89.3   55.7  114.5 -178.3  -57.1    nan  1.127  110.4  3.737  5.878 -156.9 -146.3
E -148.8   12.7  104.2  177.5 -145.4    nan  0.963   36.2  3.786  5.703   88.2   82.0
G  115.9 -156.2  117.3  178.4    nan    nan    nan  124.5  3.790    nan    nan  -60.5
A -113.5  163.5  106.5  179.0    nan    nan  0.971  117.1  3.792    nan    nan  -77.6
W -160.5  176.0  117.0 -176.0   51.1    nan  1.073  161.9  3.783  5.328 -176.8 -174.9
C -121.2  175.1  109.2  179.7  -62.8    nan  0.927  122.7  3.841  5.401 -115.7 -122.4
Y -112.3  136.3   97.3  174.3  -82.5    nan  0.867  110.9  3.777  5.190 -118.6 -118.9
V -108.7   -9.3  110.5 -178.4  155.7  -77.3  1.018   68.3  3.781  5.746 -156.0 -148.8
A -164.5 -145.9  111.2 -178.2    nan    nan  1.054  138.1  3.820  4.990  -11.6    9.6
D -120.6  -28.5  118.3 -175.4   43.2    nan  1.046   50.1  3.792  4.763  -83.9  -69.1
Q  -74.6  167.2  108.7 -178.6  -71.1    nan  0.982   79.0  3.837  5.377   70.8   85.5
P  -66.0  139.2  109.8  179.7   25.4    nan  0.956   84.0  3.812  5.148  -74.8  -77.5
G   84.1   -7.6  114.1  179.7    nan    nan    nan   99.0  3.728    nan    nan   29.1
D  -80.0   50.0  111.8  179.8  -84.9    nan  1.093  113.0  3.784    nan    nan   99.0
F -128.6  154.9  106.2  179.8   80.8    nan  0.967  131.1  3.807  5.844  101.5  101.7
E -139.4  146.1  110.5 -179.2  -63.0    nan  1.039  139.2  3.780  5.569 -167.4 -162.2
Y  -76.0  155.9  110.9  177.3  -66.9    nan  1.025   85.4  3.836  5.675 -105.0 -112.7
C -100.4  151.7  111.3  178.7  -49.4    nan  1.044  109.2  3.810  5.551 -125.2 -123.9
D  -89.5   71.3  108.6  179.8 -176.9    nan  1.044  107.8  3.797  5.635 -117.5 -117.8
L  -68.8  -11.6  117.8 -178.3 -113.2    nan  1.138  105.5  3.766  6.110 -179.1 -174.9
N   67.1   61.6  109.1  179.2 -172.3    nan  1.009   85.4  3.796  5.349 -123.1 -128.2
Y  -70.6  163.2  114.1 -177.8  -50.0    nan  1.119   78.1  3.780  6.133  162.8  173.7
C  -64.4  -91.6  118.0 -178.7  -65.5    nan  1.121   64.2  3.831  5.288  -73.9  -80.8
E -102.1  165.8  116.5 -176.9 -123.3    nan  1.078  108.1  3.829  4.548  -15.6    6.9
E  -60.4  121.9  113.0  179.6  -70.3    nan  1.146   91.5  3.816  5.308  -76.7  -75.0
P  -50.4  142.1  114.2 -179.6   29.0    nan  1.017   72.0  3.852  5.629  -92.0 -114.4
V  -71.0  140.4  112.0 -178.9 -170.7  -48.3  1.074   88.6  3.798  5.740 -108.2 -112.4
D -117.6   81.8  111.4 -177.3  -41.4    nan  1.028  104.7  3.808  5.679 -150.8 -158.1
G  -55.0  128.2  116.9 -178.6    nan    nan    nan   86.4  3.811    nan    nan -154.6
D  -62.2   90.6  114.6 -179.8  -68.1    nan  1.087  111.3  3.805    nan    nan -120.5
L   59.7 -100.6  114.7  177.0 -137.7    nan  1.092  105.2  3.797  5.023  -21.3  -46.3
G  -75.0   -2.5  110.2 -179.9    nan    nan    nan  104.1  3.786    nan    nan   19.0
D  -56.0   -7.8  119.1 -178.6  -83.7    nan  1.172  120.0  3.801    nan    nan  128.1
R -111.0   38.7  108.1  177.7  -78.2    nan  1.027   84.4  3.812  5.450   51.8   65.5
L   10.1  -82.2  120.3  179.9   20.1    nan  1.198  102.8  3.828  6.030 -141.4 -134.4
G   89.8   91.8  112.2 -178.8    nan    nan    nan   67.8  3.826    nan    nan -167.3
E  -73.8   78.6  108.7 -179.6  -66.4    nan  1.013  110.9  3.818    nan    nan -165.7
D  -76.7  151.5  116.0 -177.9  -88.4    nan  1.123   90.1  3.786  6.127  179.1 -176.7
P   11.1  141.9  125.5 -179.5  -41.5    nan  1.157   32.7  3.867  4.706   -9.4  -28.1
D -105.6  179.1  105.1  179.7   44.1    nan  0.947  105.8  3.757  5.625 -131.6 -158.7
P  -77.4   58.5  103.8  178.8   30.8    nan  0.879  108.2  3.807  5.228  -76.6  -75.3
D   69.0  -19.9  112.1 -177.3  -62.3    nan  1.107  117.1  3.835  5.482  -68.0  -57.2
A -124.0  133.9  108.0  178.4    nan    nan  1.015  124.9  3.836  5.237   24.1   41.5
A  -31.3  131.7  118.2 -178.2    nan    nan  1.135   67.4  3.841  5.501  -70.0  -81.7
I   64.6  147.0  115.5  179.3  -70.7  165.7  1.137   55.1  3.839  4.868   27.3   -1.5
E  -97.0  -87.1  111.0  178.8  -98.0    nan  1.052   68.8  3.815  5.648 -123.1 -134.1
G   56.4  -83.7  112.9  179.7    nan    nan    nan  112.5  3.818    nan    nan  152.3
R  -73.9   73.0  104.4  178.2   30.3    nan  0.951  108.1  3.796    nan    nan   31.9
T -139.3  121.4  110.6 -178.7 -176.3   62.1  1.076  126.3  3.803  5.757  103.8  115.9
S -161.6  126.8  110.3  179.6  -55.3    nan  1.023  131.0  3.823  5.730  147.6  133.4
E -142.3 -174.0  109.3  178.7   77.9    nan  1.057  140.0  3.840  5.786  163.7  159.5
D  -51.4  -83.9  115.2 -178.2 -178.8    nan  1.124   74.7  3.852  5.141  -42.4  -38.7
H -146.7   -2.8  114.7 -179.4  -71.3    nan  1.074   32.2  3.823  4.660  -54.5  -36.3
F -121.2  -87.6  113.8 -178.8 -163.7    nan  1.090   68.5  3.813  5.257   41.8   64.6
Q  112.2   92.6  115.8  178.6 -171.5    nan  1.156   67.3  3.856  5.189 -161.4 -153.4
P  -65.5   91.3  110.5  179.1   19.0    nan  0.965  108.0  3.803  5.918 -136.8 -159.4
F  -75.7   42.0  107.7  178.7 -100.8    nan  0.978  112.4  3.819  6.186 -164.0 -169.3
F -147.5   12.1  122.2 -178.0  -79.4    nan  1.224   40.1  3.802  5.261   55.1   81.6
N   71.0  -29.4  122.9  176.5  115.4    nan  1.224  122.4  3.852  5.501 -102.4 -109.7
E   84.5  -48.8  113.2  179.3 -118.6    nan  1.068  110.9  3.849  5.327 -122.0 -127.8
K  -58.1  -64.6  112.9 -179.2  159.0    nan  1.068   85.9  3.807  5.296   68.4   82.5
T  -81.8  -37.6  113.3 -178.5   32.0  -90.2  1.072   82.8  3.784  4.851   26.7   46.5
F  -71.9  -33.8  111.4  179.7 -172.6    nan  1.056   93.7  3.813  5.374   61.2   78.5
G   95.0 -164.2  117.6  178.3    nan    nan    nan  102.0  3.834    nan    nan -125.3
A  -81.2  150.2  116.1  179.6    nan    nan  1.074   94.8  3.811    nan    nan  -54.0
G  128.3  -67.1  122.4  176.4    nan    nan    nan   98.5  3.808    nan    nan   79.5
E  -20.7  -51.9  117.1 -177.9  175.5    nan  1.144  116.8  3.793    nan    nan  106.0
A  -46.2  -56.8  114.3 -179.4    nan    nan  1.083   97.5  3.795  5.322   80.1   91.8
D  -96.7   21.6  112.4 -178.7   65.0    nan  1.081   91.8  3.815  4.923   16.2   39.1
C  -65.8  163.8  109.9  179.6   75.3    nan  0.966   72.1  3.821  6.122  137.6  137.8
G   69.6   -2.3  114.6  177.5    nan    nan    nan  111.3  3.726    nan    nan   42.7
L -113.8  107.4  113.7 -179.9  -67.2    nan  1.119  118.2  3.801    nan    nan   72.4
R  -75.0  119.9  119.1 -177.3   16.0    nan  1.249  106.1  3.832  6.133 -149.8 -147.2
P  -35.4  -50.5  112.0  179.7  -38.3    nan  0.962  110.5  3.826  5.294  -69.1 -108.7
L  -91.9   11.8  116.7 -176.9  -52.2    nan  1.119   93.4  3.840  4.995   17.7   52.2
F -132.2  -95.1  114.8  179.8  -63.3    nan  1.178   75.5  3.785  5.299   41.9   65.7
E  -57.5  -36.9  115.2 -177.4  -57.0    nan  1.101  102.3  3.839  4.960   30.9   43.8
K  -70.6  -26.1  106.2  177.7  -69.8    nan  0.987  100.5  3.776  5.367   68.8   77.7
K -102.1   15.1  109.9  178.9  168.2    nan  0.997   83.4  3.853  5.241   39.1   57.5
Q   41.6   28.0  117.9 -176.7  -74.8    nan  1.214  121.0  3.865  5.835 -136.8 -125.2
V -103.6  132.9  111.3  178.6   65.4 -171.8  1.021  114.8  3.909  6.056  104.9  104.9
Q  -83.1  146.4  121.5  179.9 -104.6    nan  1.179  100.7  3.832  5.850 -134.4 -128.8
D  -76.0  142.6  107.9 -179.8  169.3    nan  0.989   89.4  3.764  5.311  -96.2 -119.4
Q  -47.7  -34.9  115.7 -179.6 -153.9    nan  1.081  111.6  3.824  5.557  -80.0  -87.2
T -117.2   -2.6  114.8 -179.8   43.3  -78.0  1.026   61.7  3.834  5.004   20.5   39.0
E  -45.5  -39.8  111.6 -179.1 -158.0    nan  1.014  111.7  3.837  5.780  127.5  135.8
K  -61.5  -45.4  110.4  179.8 -150.4    nan  0.973   96.7  3.801  5.192   72.5   84.9
E  -64.7  -35.8  109.7 -178.5  172.6    nan  0.989   99.7  3.851  5.190   62.5   77.8
L  -73.6  -20.2  105.5  179.5 -158.3    nan  0.946  100.2  3.717  5.160   64.0   75.9
F  -83.4  -48.6  117.7 -177.3  -85.1    nan  1.164   74.3  3.768  5.269   53.6   87.1
E  -56.8  -12.1  111.1  179.7  -76.4    nan  1.068  118.2  3.788  5.412   71.8   83.7
S  -58.4  -48.1  110.3  179.6  -53.9    nan  1.001   97.5  3.871  5.864  106.5  113.2
Y  -72.6  -29.3  110.4 -179.3  -41.6    nan  1.042   95.6  3.808  5.045   52.0   67.7
I  -73.3  -38.2  109.8  177.7  -83.4  150.9  0.994   91.4  3.838  5.487   70.4   81.5
E   68.6  148.9  114.3  179.7 -161.4    nan  1.102   59.3  3.791  5.388 -157.0 -152.3
G -104.4   44.5  109.2  178.7    nan    nan    nan   92.6  3.775    nan    nan -138.8
R  173.0    nan  108.3  179.4  177.2    nan  1.016    nan  3.805    nan    nan   33.4
