Id   phi    psi    tau  omega    chi    chi2  solid    eta  CA-CA  CB-CB  BA^AB  NA^AC
S    nan  130.7  108.7    nan  180.0    nan  1.018    nan    nan    nan    nan    nan
P  -79.7  -48.7  111.7 -179.7  -13.7    nan  0.948   81.1  3.844  5.673 -117.7 -132.1
L  -84.1   37.4  112.8 -178.1  -35.3    nan  1.055  108.3  3.795  4.886   30.8   58.1
L  -93.5  178.7  107.4 -179.9 -166.8    nan  0.979   93.9  3.844  6.016  118.6  125.1
E  -68.8  179.5  110.0  179.9  -50.5    nan  1.030   68.9  3.811  5.227  -69.9  -66.0
T  -77.4 -178.6  113.0 -179.6 -163.4   75.7  1.068   76.9  3.820  5.256  -77.8  -72.2
C  -78.2  109.4  113.5 -179.4 -177.4    nan  1.028  107.5  3.832  5.043  -71.6  -71.2
V  -64.0  119.8  111.2 -177.9 -173.7  -52.6  1.073   93.7  3.828  6.032 -130.7 -138.7
P  -90.3 -166.0  116.0 -179.5   40.2    nan  0.999   84.2  3.827  5.773 -138.5 -153.4
D   27.5   47.9  115.1 -179.3  -77.2    nan  1.140  116.8  3.811  4.650   38.9   45.0
R   44.6   45.8  112.0 -179.4 -139.4    nan  1.103  108.0  3.787  5.589  -82.4  -94.9
G   62.4   10.9  114.7  178.3    nan    nan    nan  112.7  3.761    nan    nan  -81.8
R  -56.5  -64.7  111.2 -178.7  -65.2    nan  1.106   87.9  3.764    nan    nan  138.6
E  -72.4   20.6  113.5 -178.9  -40.1    nan  1.051  114.7  3.797  5.032   39.2   54.6
Y  -66.3  132.4  111.7 -178.2 -178.8    nan  1.031   88.8  3.839  6.047  128.3  138.7
R -136.0   37.7  110.4  178.9 -122.6    nan  1.030   65.1  3.750  5.647  177.2  173.0
G  -83.9 -153.6  118.0 -177.8    nan    nan    nan   72.4  3.827    nan    nan  140.3
R -134.2   10.8  114.2 -179.3  -89.0    nan  1.091   50.9  3.766    nan    nan  -93.1
L  -68.9  123.8  110.8 -179.5  173.5    nan  1.081   94.3  3.788  5.927  112.1  126.7
A -119.0   43.8  112.2  179.8    nan    nan  1.044   83.0  3.829  5.908 -169.1 -177.8
V -141.8  139.0  109.3 -179.6 -166.3  -40.8  0.979  136.7  3.843  5.626   78.0   83.4
T  -88.3  164.2  114.2 -177.5   54.8  -66.2  1.121   94.8  3.828  5.762 -132.7 -128.3
T  -60.5  -34.2  108.7 -179.3  -59.6 -178.6  1.016  104.5  3.808  5.265  -64.8  -77.0
H  -64.5  -18.6  106.9 -179.1  -68.9    nan  1.037  108.9  3.771  5.410   71.0   87.4
G   97.9   19.2  111.6  179.5    nan    nan    nan   75.5  3.765    nan    nan -105.9
S  -96.3  166.6  115.8 -177.4 -175.8    nan  1.097  101.9  3.784    nan    nan  110.9
R  -57.5 -130.4  115.6 -179.0   55.8    nan  1.147   51.2  3.800  5.255  -69.2  -70.1
C  179.4  147.0  109.2 -177.8 -156.0    nan  0.974  146.8  3.807  4.858 -123.6 -120.4
L -112.0  152.7  112.4 -178.8  -76.3    nan  1.096  119.7  3.846  5.845 -154.1 -140.5
A  -59.9  109.6  112.9 -179.3    nan    nan  1.052   98.5  3.787  5.310  -76.2  -89.7
W  -31.4  -40.8  113.5 -179.7  -71.9    nan  1.079  120.6  3.803  5.731  -91.3 -109.1
S -112.5   96.9  105.7  178.3   48.9    nan  1.001  107.1  3.791  5.014   16.2   33.7
S -149.1  173.5  110.9 -178.8   62.1    nan  1.006  150.8  3.764  5.711  131.9  127.0
E  -58.3  -33.7  108.3  179.3  -29.4    nan  1.032  106.8  3.769  5.153  -62.8  -63.5
Q  -87.1  -60.1  114.1 -180.0  -64.0    nan  1.098   70.8  3.825  5.306   45.1   68.0
A  -65.4  -17.9  116.9 -178.4    nan    nan  1.130  105.7  3.790  5.043   47.7   67.4
K  -89.1   -2.6  111.5 -179.5 -136.4    nan  1.132   89.9  3.790  5.465   57.6   82.2
A  -97.0  -37.0  108.2  177.3    nan    nan  1.030   73.5  3.789  5.685   68.9   83.9
L  -69.3  -30.6  110.9  179.4  -74.1    nan  1.006   97.7  3.872  5.454   67.8   79.6
S  -78.6  -25.8  108.3 -179.3  -65.0    nan  1.003   92.5  3.784  5.226   62.6   77.4
K  -66.5   59.9  112.1 -179.4 -166.1    nan  1.023  119.9  3.793  5.363   77.1   93.5
D  174.6  -31.5  111.3 -177.5 -119.1    nan  0.998   33.8  3.837  5.222   52.9   49.9
Q  -74.5 -162.8  114.9 -177.5  -51.1    nan  1.088   68.0  3.792  5.212   61.1   84.2
D -135.9   74.4  106.9 -179.9 -157.6    nan  0.937   90.0  3.812  5.120 -113.8 -109.6
F  -73.9 -176.9  112.9 -178.3  -77.4    nan  1.073   72.7  3.839  6.205  173.2 -177.1
N -158.9  147.1  109.4  178.9  142.9    nan  1.039  148.0  3.782  5.261 -156.2 -152.3
P  -60.0 -102.4  114.3  179.6  -34.0    nan  1.015   62.9  3.840  5.404  -85.3  -95.5
A   72.3  -69.2  107.7 -178.3    nan    nan  1.023  112.3  3.871  5.179  148.3  157.5
V -137.0  132.6  105.2  177.0  -69.6   53.5  1.025  128.8  3.795  4.806  -38.7  -19.9
P  -52.7  165.6  114.5 -179.7   31.0    nan  0.955   59.7  3.823  5.437  -83.2 -103.3
L -101.9   65.7  107.4  177.5  -66.4    nan  0.990  100.5  3.763  5.465 -122.7 -117.0
A  -63.4  113.7  114.4 -178.7    nan    nan  1.086   99.0  3.790  6.129  178.3 -176.4
E   46.8  -95.5  117.5  179.8 -116.6    nan  1.147  105.6  3.808  5.050   -9.2  -34.8
N -140.8   24.1  114.2  179.7   78.5    nan  1.097   53.0  3.812  4.736  -62.5  -39.8
F  -83.6  136.9  110.4 -179.5  -39.7    nan  1.013   98.9  3.808  5.966  117.2  124.5
C  -38.9  130.5  109.0  178.0  -57.0    nan  0.927   69.5  3.797  5.344  -63.7  -89.5
R -139.8  164.3  108.8  177.3  -77.4    nan  1.008  142.3  3.825  5.690  164.7  167.6
N -120.2   52.8  107.7  178.6 -170.8    nan  1.004   84.6  3.828  5.568 -138.2 -133.6
P  -50.5  -51.4  115.4 -178.8   37.9    nan  1.040   97.9  3.829  6.112  178.7 -175.5
D  -68.8   -3.9  113.4 -178.6   66.0    nan  1.056  109.6  3.804  5.210   48.7   71.6
G   76.0   26.2  109.8 -179.7    nan    nan    nan   94.1  3.807    nan    nan -112.4
D  -58.9  119.8  110.7 -179.6 -167.2    nan  1.027   90.4  3.780    nan    nan  149.7
E  -68.9   -6.1  118.2 -178.5   45.1    nan  1.240  108.1  3.758  5.877 -135.6 -130.0
E  -93.6   -2.0  108.2  177.7 -130.5    nan  1.064   85.8  3.790  5.777   73.8   85.5
G  118.8  169.2  116.7  177.8    nan    nan    nan  113.5  3.748    nan    nan  -74.3
A  -66.7  144.6  111.7  179.8    nan    nan  1.052   82.8  3.769    nan    nan  -77.6
W -139.7  169.2  111.5 -176.8   38.6    nan  1.028  142.6  3.809  5.647 -169.2 -176.8
C -116.1  167.8  104.2  177.0  -84.7    nan  0.835  118.5  3.842  5.437 -112.1 -128.1
Y -103.7  131.6  100.6  173.2  -93.8    nan  0.910  106.9  3.800  5.310 -124.0 -118.1
V  -97.5  -32.9  113.8 -179.7  157.8  -78.2  1.084   70.9  3.824  5.935 -152.1 -141.4
A -145.5 -150.1  109.9 -179.8    nan    nan  1.055  128.1  3.785  4.802   -9.0    9.5
D -106.9  -34.9  118.7 -178.0   61.1    nan  1.124   59.9  3.821  4.997  -81.6  -61.1
Q  -67.7  164.7  112.8 -178.3  -66.2    nan  1.032   74.2  3.826  5.413   75.3   87.9
P  -62.5  144.1  111.6  179.9   36.8    nan  0.958   79.5  3.787  5.120  -70.8  -76.7
G   74.0    5.7  115.7  178.8    nan    nan    nan  103.5  3.761    nan    nan   23.4
D  -82.9   19.0  114.5 -179.7  -97.2    nan  1.094  104.6  3.757    nan    nan  109.2
F  -97.8  176.6  107.0  178.2   71.7    nan  0.986   98.8  3.836  5.858   94.4  103.6
E -156.9  152.1  105.7  179.9  -64.5    nan  0.982  149.6  3.825  5.457 -160.5 -158.3
Y  -76.8  170.3  112.8  179.8  -73.0    nan  1.058   80.7  3.813  5.531 -102.2 -104.9
C -114.9  148.3  110.6  178.4  -66.7    nan  1.043  121.7  3.820  5.458 -125.5 -121.8
D  -89.9   69.5  104.0  179.6 -131.4    nan  0.959  103.1  3.775  5.548 -114.7 -125.7
L  -74.2  -17.0  117.0 -177.6 -129.8    nan  1.106   97.6  3.803  6.162  168.5  180.0
N   74.5   62.2  110.2 -179.8 -172.1    nan  1.052   80.3  3.837  5.394 -124.5 -125.3
Y  -73.6  160.8  111.9 -178.3  -44.6    nan  1.094   81.4  3.779  6.150  165.1  169.8
C  -68.1  -79.6  118.3 -178.5  -86.8    nan  1.138   68.6  3.834  5.413  -82.5  -85.9
E -106.5  160.3  112.3 -179.7  -83.4    nan  1.068  113.0  3.777  4.646  -11.5   10.3
E  -63.7  150.5  106.4 -179.3  -65.3    nan  1.009   74.9  3.776  5.322  -76.2  -85.0
P  -62.0  161.4  114.9 -179.5   35.6    nan  1.006   71.0  3.855  5.415  -83.7  -91.6
V  -70.6  158.9  113.6 -179.1 -157.0  -33.0  1.049   80.0  3.805  5.448  -87.7  -89.7
D -129.0   80.7  107.2  177.7  -56.7    nan  1.016   97.2  3.805  5.549 -151.2 -152.1
G  -71.5  104.8  113.2 -179.6    nan    nan    nan  106.2  3.783    nan    nan -171.3
D  -46.6   88.8  115.2 -179.0  -36.2    nan  1.080  108.9  3.788    nan    nan -128.1
L   56.3 -105.9  112.2  177.5 -140.4    nan  1.062   98.7  3.820  5.081  -26.2  -50.1
G  -86.0   38.3  109.0 -179.4    nan    nan    nan  104.9  3.792    nan    nan    2.8
D  -89.6  -30.4  107.8 -179.5 -153.0    nan  0.995   81.4  3.770    nan    nan  131.3
R  -95.8  111.2  106.6  178.0  -61.3    nan  0.993  107.6  3.805  5.246   40.8   58.6
L  -43.1  -79.0  119.7 -177.4   62.9    nan  1.168   78.9  3.817  5.881 -108.4 -113.2
G   80.0   60.1  104.0 -176.0    nan    nan    nan   83.1  3.780    nan    nan -169.7
E  -54.9   95.4  107.0  179.4 -164.3    nan  0.980  100.6  3.822    nan    nan -175.5
D  -70.7  163.0  122.4 -177.3  -91.6    nan  1.209   80.3  3.812  6.058 -160.2 -153.2
P  -19.3  148.9  120.5 -179.9  -44.3    nan  1.073   43.8  3.857  4.720  -22.4  -42.2
D -109.6  168.0  104.9  179.0   46.3    nan  0.951  112.2  3.770  5.621 -135.1 -150.2
P  -74.4   56.4  108.4  179.6   34.3    nan  0.912  113.7  3.808  5.283  -82.1  -83.7
D   68.0   13.6  114.6 -178.9  -58.0    nan  1.129  105.9  3.837  5.424  -70.9  -63.5
A -155.4  124.9  104.6  178.4    nan    nan  0.974  127.3  3.843  5.359   30.3   38.1
A  -58.3  130.7  117.2 -177.7    nan    nan  1.129   87.3  3.850  5.846 -110.2 -113.9
I   83.1  110.6  111.2 -179.4  -73.3  163.6  1.082   67.8  3.834  4.949   48.0   17.3
E  -73.3  -83.7  114.4 -179.3  -95.4    nan  1.113   68.8  3.813  6.014 -137.0 -145.0
G   69.5  -80.4  112.1 -178.9    nan    nan    nan  114.0  3.798    nan    nan  170.0
R  -81.7   68.9  108.1  179.2   26.6    nan  1.013  109.8  3.816    nan    nan   28.9
T -115.6  114.8  113.9 -178.6 -178.4   60.4  1.108  120.8  3.817  5.970  125.0  136.7
S -151.5  146.3  111.2 -180.0  -54.6    nan  1.039  145.8  3.818  5.758  151.0  136.8
E -153.1 -165.9  108.5 -179.3   91.2    nan  0.998  146.0  3.834  5.652  178.3  169.5
D  -74.7  -79.1  107.7  177.7  173.5    nan  1.001   76.3  3.818  5.054  -60.9  -54.8
H -154.1   16.9  114.6 -179.0  -61.5    nan  1.082   36.1  3.806  4.631  -63.1  -42.9
F -135.5  -68.9  112.2 -179.9 -176.8    nan  1.077   59.7  3.809  5.379   48.1   66.3
Q   83.4  108.7  114.6 -179.9  179.1    nan  1.133   64.6  3.828  5.294 -169.4 -164.9
P  -82.2  166.7  107.2  179.6   36.6    nan  0.889   86.3  3.795  5.805 -134.5 -160.1
F -141.8   14.4  109.1  177.7  -94.6    nan  1.017   44.7  3.796  5.602 -166.6 -153.8
F -118.9    8.9  121.7 -176.8  -79.7    nan  1.197   66.0  3.814  5.404   56.0   87.4
N   76.1  -23.3  122.4  177.7  115.0    nan  1.202  115.2  3.841  5.380  -99.7 -106.9
E   72.5  -48.3  114.3  179.7 -169.6    nan  1.120  119.6  3.846  5.475 -131.6 -133.5
K  -50.7  -51.9  111.1 -179.8 -175.0    nan  1.041   99.9  3.811  5.430   80.8   89.0
T  -95.4  -47.5  114.0 -179.4   37.0  -85.0  1.082   68.8  3.831  5.029   22.4   43.7
F  -54.4  -36.0  111.3 -177.4 -169.5    nan  1.049  107.2  3.804  5.316   77.6   88.3
G  110.9 -133.6  113.2  179.8    nan    nan    nan  120.8  3.765    nan    nan -109.9
A -136.8  150.3  114.8 -177.4    nan    nan  1.086  140.8  3.797    nan    nan  -73.8
G  115.2  -12.9  115.5  179.5    nan    nan    nan   70.9  3.776    nan    nan   69.8
E  -56.1  -61.4  113.0 -178.5  172.7    nan  1.109   89.0  3.804    nan    nan  118.1
A  -31.8  -38.1  115.6 -178.8    nan    nan  1.088  121.9  3.820  5.217   87.2   96.1
D -126.7   40.5  111.1 -178.7   67.5    nan  0.994   74.5  3.775  4.811    8.8   26.2
C  -76.0  172.6  107.0  180.0   58.8    nan  0.975   78.3  3.810  6.057  138.8  145.8
G   75.8  -33.6  116.0 -180.0    nan    nan    nan  116.1  3.753    nan    nan   60.1
L  -79.8   90.0  113.2 -179.2  -50.5    nan  1.063  112.8  3.818    nan    nan   76.3
R  -65.9  131.4  107.7  179.1  -51.5    nan  0.984   86.5  3.775  6.061 -147.5 -160.8
P  -52.8  -51.0  117.2  179.8  -34.1    nan  1.004   95.6  3.881  5.491  -91.9 -106.7
L  -83.2    7.9  113.9 -178.9  -58.7    nan  1.083   99.9  3.837  5.046   30.0   58.7
F -133.7  -90.3  115.4 -179.6  -62.9    nan  1.126   72.2  3.797  5.270   38.9   59.7
E  -52.8  -44.9  112.2 -177.9  -75.5    nan  1.082  102.5  3.807  4.983   38.1   51.3
K  -72.9  -33.9  109.5 -179.9  -52.9    nan  1.025   93.8  3.800  5.340   58.6   70.6
K  -92.7   20.2  109.5 -179.6 -146.3    nan  1.010   94.1  3.779  5.121   44.9   61.0
Q   35.2   39.1  118.3  178.7  -61.6    nan  1.146  117.5  3.804  5.772 -134.7 -130.1
V -120.7  139.3  107.0  177.5    9.7  131.4  1.038  123.5  3.828  5.890   92.7   97.1
Q  -85.5  153.7  110.8 -178.2  -49.4    nan  1.043   94.9  3.818  5.742 -120.5 -125.4
D  -98.4  140.2  110.4  178.6   76.8    nan  1.113  109.4  3.791  5.673 -131.1 -124.4
Q  -16.3  -54.9  124.0 -177.4 -173.7    nan  1.215  115.0  3.877  5.426  -45.5  -59.9
T -108.4   -0.1  116.3 -177.9   68.3  -51.5  1.068   71.6  3.825  4.942   15.3   35.2
E  -42.4  -48.4  108.2 -178.9 -136.2    nan  0.973  109.4  3.807  5.869  140.7  140.7
K  -41.2  -45.5  112.4 -179.3 -102.0    nan  1.047  110.3  3.781  5.216   85.1   96.6
E  -68.3  -38.8  112.8 -178.4  168.5    nan  1.030   93.6  3.821  5.145   61.7   75.5
L  -63.7  -40.8  105.4  179.3 -157.4    nan  0.988  100.3  3.759  5.315   71.9   83.0
F  -64.3  -53.3  116.1  179.9  -93.6    nan  1.110   86.6  3.803  5.234   62.1   81.4
E  -48.5  -25.6  111.8  179.3  -74.2    nan  1.052  118.5  3.829  5.390   77.1   86.4
S  -67.1  -50.3  112.0 -178.7   88.4    nan  1.048   89.0  3.824  5.568   81.6   95.0
Y  -42.3  -72.8  120.2 -177.0  -70.0    nan  1.109   84.0  3.751  5.228   85.8   98.5
I  -68.7  -15.9  111.9 -173.0  -37.3  159.2  1.006  104.7  3.644  4.634   40.5   59.1
E   91.0  155.0  119.4 -178.0 -170.9    nan  1.149   78.9  4.075  5.941 -122.9 -107.7
G -114.1   -3.5  116.0  178.3    nan    nan    nan   64.4  3.848    nan    nan -140.3
R -107.6    nan  109.6  179.7  166.0    nan  1.002    nan  3.789    nan    nan   74.1
