Id   phi    psi    tau  omega    chi    chi2  solid    eta  CA-CA  CB-CB  BA^AB  NA^AC
V    nan -161.5  106.8    nan  -41.2   81.8  1.032    nan    nan    nan    nan    nan
N  -80.0   86.7  113.9 -169.4 -161.5    nan  1.070  114.1  3.937  5.342  -56.5  -45.5
I   40.3   84.6  109.7 -167.4 -147.6   91.8  1.085   81.7  3.715  5.522  -35.6  -55.8
K -102.9   86.5   96.9  171.2 -162.9    nan  0.859   96.0  3.629  5.983  178.9  148.0
T  -54.2  -38.9  112.3  178.6   48.3  -70.3  1.052  105.2  3.830  6.104 -152.8 -147.2
N   38.9   63.1  115.8  173.1 -168.0    nan  1.065   96.2  3.846  5.532  170.5  174.3
P  -64.8  171.1  115.8 -175.3   36.9    nan  1.037   68.9  3.803  5.921  178.2 -179.2
F  -73.7  121.5  107.1  175.8 -160.5    nan  0.979   95.4  3.828  5.380  -82.5  -83.4
K -108.8  120.6  107.0  175.0  -49.0    nan  0.989  113.7  3.806  5.992 -166.9 -173.2
A  -59.4  140.5  113.8  179.9    nan    nan  1.038   80.1  3.788  5.764 -110.8 -121.6
V  -83.4  167.3  106.8  174.8  -73.4   50.0  1.017   87.1  3.792  5.737 -122.8 -128.7
S  -73.2  156.5  113.8 -179.4  -60.6    nan  1.041   83.6  3.846  5.282  -82.2  -82.2
F  -47.3  124.7  113.2  178.8 -160.7    nan  1.043   81.5  3.829  5.296  -64.8  -73.7
V -137.8  101.3   99.5  178.9  174.0  -67.2  0.911  104.7  3.807  5.859  177.0  156.5
E  -65.1  -41.6  112.1 -172.9 -149.4    nan  1.055   95.1  3.821  6.113 -139.5 -136.7
S  -54.3  -43.1  111.2  178.2   52.7    nan  1.022  103.0  3.808  5.446   83.6   89.6
A  -63.6  -43.5  113.7  179.9    nan    nan  1.039   94.3  3.799  5.164   67.5   81.2
I  -69.5  -43.4  108.4 -179.2  -56.8 -177.6  0.999   92.9  3.798  5.148   58.8   75.4
K  -55.3  -42.2  111.5  175.7 -175.7    nan  1.026  102.7  3.826  5.345   69.6   84.2
K  -67.2  -39.5  111.1  176.9 -178.9    nan  1.019   95.1  3.871  5.292   59.9   75.4
A  -59.5  -53.7  109.5  174.7    nan    nan  0.988   94.0  3.880  5.550   75.5   83.3
L  -45.0  -52.1  113.4  175.1 -176.8    nan  1.047  102.2  3.819  5.120   75.3   84.2
D  -62.5  -44.7  111.4 -177.3  -69.2    nan  1.028   95.8  3.847  5.187   62.8   76.3
N  -77.3  -21.1  115.4 -179.1  -70.5    nan  1.091   93.1  3.702  4.938   46.1   68.7
A -104.6  -35.9  115.6 -179.0    nan    nan  1.060   63.3  3.825  5.270   43.0   65.4
G  107.0   -0.6  111.8  179.4    nan    nan    nan   73.2  3.790    nan    nan -111.6
Y -179.7 -176.5  109.1 -177.6   68.4    nan  1.020  176.4  3.801    nan    nan    1.0
L -142.8  139.2  108.0  179.6  -74.2    nan  0.986  136.4  3.808  5.346 -139.0 -134.4
I  -79.6  138.5  102.9  171.1  -54.9 -176.0  0.927   90.6  3.825  5.791 -112.8 -130.1
A -140.9  121.4  107.4  172.5    nan    nan  0.987  124.4  3.823  5.703  172.3  174.4
E -115.5  162.7  110.8  176.5  -62.4    nan  1.023  120.5  3.791  5.884 -173.4 -177.8
I  -66.2  146.4  106.9  175.0  -62.3  173.0  0.983   79.1  3.781  5.242  -80.8  -86.4
K  -96.7   99.5  100.6  175.1 -176.7    nan  0.911  101.5  3.772  5.706 -128.3 -135.4
Y  -71.3  151.1  110.8 -179.7  -63.1    nan  1.009   83.2  3.783  6.034 -148.5 -151.6
D -112.8  103.6  103.5  178.9 -161.4    nan  0.942  107.5  3.777  5.548 -139.5 -144.6
G -159.3 -147.2  105.9  176.2    nan    nan    nan  137.1  3.791    nan    nan  119.2
V -115.3  127.7  105.1  172.4 -178.1  -61.3  0.994  116.6  3.740    nan    nan  -75.8
R  -63.8  120.6  110.2  174.8 -162.7    nan  0.997   92.4  3.798  5.790 -107.9 -123.2
G -103.9  141.1  108.9  179.3    nan    nan    nan  112.6  3.834    nan    nan -164.4
N -124.5   90.8  102.5  175.0  -67.3    nan  0.942  100.7  3.813    nan    nan -167.6
I  -85.0  102.4  109.5 -173.7  -51.9 -172.5  1.010  107.8  3.795  6.103 -171.6 -169.7
C  -87.7  126.1  111.6  178.7  -61.7    nan  1.027  105.9  3.824  6.081 -161.8 -168.9
V -126.0  117.5  103.8 -179.4  172.4  -63.8  0.940  116.2  3.836  5.819 -173.7  175.8
D  -96.3  178.8  110.9 -177.9   56.1    nan  1.035   96.7  3.803  5.972 -159.5 -156.5
N  -78.1   -3.0  111.9 -178.7   55.1    nan  1.047  100.8  3.785  5.158  -77.4  -73.9
T  -87.6   -3.9  107.0  175.7  -59.7 -176.8  0.986   91.3  3.839  5.632   75.5   90.3
A   69.1   38.4  112.9  178.6    nan    nan  1.067   93.1  3.900  5.735 -128.2 -119.7
N -106.8  141.2  111.4  176.0  -85.2    nan  1.003  116.4  3.765  5.922  109.4  110.1
S -117.7  156.6  110.9  172.5   78.1    nan  1.044  123.5  3.793  5.668 -164.3 -159.1
Y -133.9  115.5  108.6  178.6  -57.6    nan  0.995  120.4  3.800  5.551 -152.7 -159.9
W  -92.3   86.1  105.7 -179.3  -79.3    nan  0.981  105.5  3.801  5.877 -153.8 -160.0
L  -96.1  174.1  110.7 -176.1  -62.4    nan  1.013   98.2  3.747  6.057  173.3  171.2
S -114.2 -168.4  108.0  178.8   71.0    nan  0.988  110.1  3.721  5.196 -123.4 -116.7
R  -75.1  -12.8  109.8 -177.7  112.7    nan  1.018  100.3  3.892  5.125  -66.2  -56.1
V -112.9   17.7  112.2 -179.2  145.6  -97.1  1.009   74.6  3.824  4.989   31.5   59.8
S   52.6   31.4  116.7  177.7  -51.0    nan  1.096  109.4  3.917  5.793 -132.8 -117.2
K -117.1  142.9  102.1 -179.2  -76.8    nan  0.940  118.4  3.831  5.829   87.2   94.2
T  -74.5  154.4  109.1 -177.6  175.5   50.6  1.027   84.0  3.756  5.620 -111.1 -111.0
I -100.9  116.1  106.9 -175.3  -61.1 -179.5  0.989  109.9  3.797  5.770 -120.5 -124.5
P  -43.3  -64.4  116.8 -178.3  -37.9    nan  1.067   92.1  3.843  5.702 -101.7 -110.2
A  -55.4  -18.1  114.4  179.4    nan    nan  1.046  115.8  3.824  5.281   55.6   71.0
L -116.6    6.7  113.2 -177.2  -91.7    nan  1.059   66.2  3.850  5.008   35.5   55.0
E  -58.1  -24.2  110.8  175.6 -116.3    nan  1.007  111.0  3.857  6.005  120.5  128.3
H  -78.5    4.2  112.9 -179.0   68.9    nan  1.051  103.1  3.805  5.322   65.9   84.9
L -112.2   12.4  108.5 -178.6  -50.8    nan  1.008   72.2  3.811  5.434   59.3   79.3
N  -96.3  170.7  113.0 -176.3  -60.9    nan  1.032   99.9  3.833  5.787   83.7  103.8
G   87.7 -167.0  110.2 -176.9    nan    nan    nan   92.2  3.754    nan    nan   71.3
F  -78.7  139.6  116.3 -175.2  173.3    nan  1.080   97.6  3.799    nan    nan  -54.1
D -149.3  127.2  101.4  174.1 -170.1    nan  0.932  126.9  3.820  5.795  171.9  162.4
V  -55.1  -34.7  111.2 -178.6 -137.8  -12.4  1.020  107.5  3.814  5.853  -93.4 -108.4
R  -64.6  -15.6  113.6 -175.0  -67.8    nan  1.070  108.4  3.827  5.285   82.4   92.6
W  -77.2  -33.7  108.8  173.3  -78.6    nan  1.024   90.5  3.794  5.644   76.8   88.0
K  -64.0  -47.9  109.3  178.4 -172.9    nan  1.010   94.2  3.829  5.508   77.7   86.7
R  -63.9  -41.0  110.4  179.8  -55.9    nan  1.042   97.2  3.782  5.162   61.7   75.2
L  -63.6  -41.5  112.1  176.6 -170.0    nan  1.046   96.3  3.861  5.437   67.1   79.8
L  -65.8  -37.6  112.0  175.7  -92.6    nan  1.033   96.7  3.826  5.329   63.8   77.4
N  -68.5  -39.2  111.3 -178.3  -78.0    nan  1.054   94.0  3.835  5.375   63.6   82.9
D  -35.6  128.3  115.1  172.3 -159.8    nan  1.048   72.0  3.846  5.522   98.5  104.2
D  -47.9  -43.9  113.8  178.9  -77.8    nan  1.037  106.0  3.817  5.534  -88.3 -108.9
R  -69.6   -5.8  112.2 -177.8  -59.1    nan  1.025  108.1  3.746  4.979   63.1   76.3
C -100.2  124.8  105.0  176.2  171.2    nan  0.980  108.0  3.830  5.640   62.6   76.4
F  -95.3   -9.3  112.5  179.5  -61.6    nan  1.043   81.3  3.710  5.691 -144.8 -154.0
Y -112.4   79.8  107.9 -178.4  -50.1    nan  0.995  102.3  3.819  5.361   46.5   66.2
K  -75.3  -27.6  108.9 -178.4  -52.9    nan  1.013   94.6  3.763  6.084 -173.1 -175.9
D  -66.2  -12.4  113.9  174.2   63.5    nan  1.049  108.3  3.832  5.513   73.7   87.8
G  102.8  160.8  106.0 -172.3    nan    nan    nan   96.9  3.833    nan    nan  -87.1
F -145.2  166.9  113.1 -176.3   45.2    nan  1.038  148.3  3.808    nan    nan -161.7
M -120.6  124.4  109.0  171.9  176.7    nan  1.000  121.3  3.768  5.386 -137.4 -134.4
L  -89.3  135.3  108.5  174.2  -53.2    nan  0.988  102.4  3.834  5.888 -141.4 -151.2
D -119.5  128.4  106.9  179.3 -175.8    nan  0.968  120.3  3.809  5.689 -160.3 -168.0
G  176.2  178.8  113.2 -175.1    nan    nan    nan  175.6  3.796    nan    nan  119.0
E -102.9  127.8  113.8  178.6  -69.8    nan  1.053  116.6  3.827    nan    nan  -98.2
L  -96.0  114.1  106.4 -178.4  -51.5    nan  0.975  107.4  3.754  5.720 -138.2 -156.1
M -114.3  150.5  109.8 -176.8  -38.8    nan  0.984  120.7  3.796  5.982 -170.6  177.9
V -106.8  149.2  105.9  171.3 -177.5  -59.1  0.997  112.5  3.797  5.634 -143.8 -139.9
K  -95.2  139.3  108.5 -179.3  -61.3    nan  1.003  105.9  3.795  5.612 -120.5 -127.3
G  104.2  -62.8  110.6  179.8    nan    nan    nan  101.0  3.804    nan    nan   50.3
V  -72.8  173.1  111.2  179.6  -55.2   66.8  1.026   75.4  3.770    nan    nan   54.0
D  -91.3  170.6  108.5  174.3   52.9    nan  0.987   94.3  3.795  5.239  -97.7  -98.6
F  -71.9  141.0  102.5  178.4  -25.6    nan  0.931   83.6  3.800  5.373  -71.7  -81.4
N   82.2   -7.3  113.1 -175.5 -101.4    nan  1.115  100.6  3.764  4.821   52.4   35.0
T  -92.9  -50.5  100.6  158.7  -59.8 -178.0  0.958   80.0  3.714  5.797   64.0   68.3
G  -47.1  -48.4  111.7  176.8    nan    nan    nan  104.5  3.885    nan    nan   84.2
S  -62.6  -39.4  113.0 -179.8  -14.2    nan  1.047   97.8  3.811    nan    nan   77.5
G  -65.4  -46.4  107.2  177.0    nan    nan    nan   95.3  3.837    nan    nan   79.4
L  -52.0  -43.7  109.3  177.0  -93.5    nan  1.005  105.3  3.844    nan    nan   84.5
L  -70.0  -32.9  114.2 -179.2  -56.2    nan  1.070   94.4  3.834  5.178   56.8   75.3
R  -88.3   -9.6  113.8  179.5  -68.9    nan  1.055   87.8  3.811  5.285   47.3   68.3
T  -66.2  137.2  114.0  177.5  -26.9 -147.1  1.045   87.5  3.812  5.799   99.0  108.3
K -140.1  110.3   97.5  164.8   51.1    nan  0.928  110.2  3.737  5.542  170.3  162.9
W  129.0  143.9  100.3 -179.0  -67.1    nan  0.952  115.3  3.830  5.687   76.7   53.4
T  -62.8  176.4  120.9 -169.9  -66.6  176.7  1.121   64.7  3.836  5.478  -93.4  -87.6
D  165.1  110.5  101.9  160.8 -123.5    nan  0.980  106.8  3.799  5.401  152.6  155.7
T  -77.7  102.6  131.3 -157.1  -49.7 -167.3  1.251  125.6  3.708  5.779 -138.2 -122.7
K -129.9   43.9  101.2  166.6 -102.4    nan  0.921   68.9  3.675  5.829  168.4  116.6
N  -90.8  164.2  118.2 -170.1 -127.5    nan  1.096   98.1  3.819  5.957  118.9  147.9
Q  -90.0  131.4   95.1  168.2 -169.3    nan  0.819   93.9  3.785  5.069  -96.8 -118.0
E   72.5  105.3   89.7 -165.5 -151.6    nan  0.855   85.7  3.951  5.137   37.8   33.4
F  -79.5  170.2  140.1  -79.8   50.8    nan  1.323   87.1  2.999  5.125  -80.1  -17.9
H -100.0   46.4  101.4  171.0  159.5    nan  0.924   91.2  3.739  5.082  -98.7 -119.2
R  108.3  -73.1  113.8  -88.0  179.8    nan  1.064  106.0 15.304 15.496  -69.7   53.2
K  -66.8  120.8  120.9 -162.2  -52.7    nan  1.168  101.8  3.833  4.776   39.8   70.5
K -130.5  138.9  101.1 -171.7   32.7    nan  0.921  125.8  3.672  5.655 -163.0  153.1
D  -65.0  132.9  145.3 -157.8  -96.0    nan  1.374  105.0  3.738  5.555 -103.2  -78.2
K  140.9   92.7  107.1  160.9 -162.5    nan  1.023   81.5  3.647  5.042  100.7    8.9
V -146.6  110.1  110.4 -176.5 -125.9   -4.0  1.018  117.9  3.799  5.801  134.3  126.6
P  -59.2  112.6  110.5  174.6  -15.6    nan  0.999   94.6  3.917  5.846 -124.9 -135.7
F  -73.5  140.6  110.1 -177.4  169.0    nan  1.010   89.5  3.784  5.924 -135.7 -144.0
K -128.8  112.2  104.9 -179.0  -41.8    nan  0.951  115.0  3.799  5.809 -162.5 -170.9
L  -65.5  124.8  109.6  177.3 -163.4    nan  1.019   90.8  3.800  5.940 -128.6 -136.5
H  -62.9  120.8  110.4  176.7 -172.9    nan  1.013   91.9  3.767  5.670 -110.2 -124.8
T  -44.4  -29.3  116.4  176.7   53.0  -70.2  1.065  118.2  3.881  5.729  -96.7 -111.0
G  -73.0   -3.4  113.3  178.3    nan    nan    nan  105.6  3.823    nan    nan   84.4
H -102.6  -25.5  109.6  175.5  -72.1    nan  1.014   70.3  3.817    nan    nan   76.0
L  -75.3  121.2  111.5 -178.6 -162.3    nan  1.013   99.9  3.826  5.314   70.3   86.7
H -113.7  130.7  100.7  171.6 -177.0    nan  0.920  113.0  3.789  5.997 -169.4  175.8
I -123.7  147.0  110.4  177.1  148.3   26.6  1.063  128.5  3.849  5.821  179.6 -172.2
K -128.2   97.3  109.9 -177.7 -116.4    nan  0.996  110.1  3.806  5.736 -151.6 -163.4
L  -72.8  136.7  116.9  178.1  -85.4    nan  1.071   94.7  3.773  5.947 -153.7 -159.4
Y -125.1  -10.9  110.7  172.6   26.6    nan  1.042   51.7  3.834  5.832 -172.0 -175.5
A -154.4  164.5  113.0  175.1    nan    nan  1.047  156.1  3.829  4.911    0.9   17.4
I -149.9  138.1  107.7  172.9  176.1   53.6  1.028  138.2  3.859  5.626 -170.3 -169.4
L -126.3  148.4  109.7 -174.3  -93.8    nan  0.998  130.3  3.830  5.839 -158.3 -166.5
P  -68.4  132.2  105.3  170.2   23.7    nan  0.940   86.2  3.839  5.396 -101.5 -107.8
L  -55.9  -41.4  113.8 -172.3 -118.8    nan  1.061  101.5  3.853  5.946  -97.4  -99.1
H  -57.0  -22.5  115.3  179.0   65.1    nan  1.072  111.5  3.798  5.369   79.7   89.5
I  -82.8  -35.8  107.1  177.4  -86.2  154.2  1.021   86.1  3.850  5.494   64.1   79.3
V  -58.4  -46.6  108.0  173.2  175.0  -67.1  1.005   99.7  3.815  5.606   77.0   85.8
E  -66.8  -36.7  113.8  179.8  -68.0    nan  1.055   95.4  3.852  5.292   60.1   74.3
S  -73.6  -28.9  113.8  177.9   40.6    nan  1.065   93.4  3.808  5.344   61.5   77.5
G   98.1  -19.7  112.6 -176.0    nan    nan    nan   89.7  3.855    nan    nan -113.0
E  -59.4  156.8  112.2  176.4  -51.0    nan  1.022   70.1  3.819    nan    nan  103.5
D  -74.0  144.9  106.8  176.2  -64.4    nan  0.981   86.2  3.731  5.260  -90.9 -102.7
C  -92.1  122.2  105.3  178.0 -179.8    nan  0.970  104.0  3.752  5.600 -124.4 -129.8
D  -91.4   74.3  111.8 -173.1 -173.7    nan  1.033  110.5  3.755  5.808 -143.7 -145.9
V -141.4  114.6  103.2  175.5  172.5  -67.9  0.950  117.0  3.761  5.885  114.4  104.5
M  -69.2  165.5  108.9  179.5   -4.6    nan  1.016   74.5  3.772  5.980 -126.2 -137.0
T  -59.0  -42.5  114.2 -173.0  -48.1 -169.7  1.075   98.2  3.768  5.116  -65.4  -68.3
L  -65.9  -27.7  109.9 -176.5   87.2    nan  1.032  102.5  3.745  5.184   64.4   82.7
L  -80.7  -38.9  111.0  178.9 -131.3    nan  1.012   84.5  3.866  5.491   58.0   77.9
M  -52.0  -37.3  113.2  179.2 -167.0    nan  1.051  107.5  3.839  5.381   80.4   95.2
Q  -64.7  -29.9  110.5  177.0  -54.1    nan  1.014  102.3  3.805  5.451   72.3   82.6
E  -73.2  -44.9  107.3  177.8  171.9    nan  0.992   90.2  3.851  5.379   71.0   81.0
H  -59.1  -38.1  112.3  176.8  -65.3    nan  1.045  101.8  3.810  5.288   65.5   80.0
V  -79.3  -40.7  110.4  178.1  176.1  -63.7  1.043   85.2  3.832  5.320   52.1   69.3
K  -69.5  -23.0  110.8  178.6   73.1    nan  1.067  101.1  3.873  5.554   60.2   76.5
N  -78.1  -31.2  114.2  171.7  -73.6    nan  1.058   88.2  3.847  5.673   69.2   79.9
M  -75.6  -36.9  111.9  177.8 -179.7    nan  1.041   88.9  3.830  5.339   67.4   79.7
L  -44.3  -50.4  115.2 -178.7 -124.3    nan  1.077  103.1  3.810  5.345   89.9  105.9
P  -68.9  -31.5  112.3  178.3   -6.9    nan  1.024   97.1  3.913  5.361   52.5   68.9
L  -63.5  -46.3  108.4  175.0  -77.7    nan  1.009   95.9  3.841  5.628   74.9   87.3
L  -60.0  -44.7  113.5  177.5  -72.7    nan  1.061   96.5  3.816  5.300   67.2   79.2
Q  -69.4  -33.7  112.2 -179.8  -60.1    nan  1.027   95.6  3.816  5.238   62.8   74.9
E  -68.9  -59.3  109.1  179.9 -144.7    nan  1.003   85.4  3.791  5.307   70.4   84.2
Y  -75.4  -33.0  115.5 -176.3  -63.0    nan  1.076   89.1  3.810  4.980   36.7   58.9
F -120.6   63.2  112.1 -178.4  -70.1    nan  1.041   93.4  3.810  4.967   17.1   37.6
P  -71.8    4.8  113.9 -179.0   35.6    nan  1.037  110.1  3.832  6.016  169.3  173.0
E  -65.5  -45.4  109.8  177.3  -55.2    nan  0.993   94.1  3.858  6.001  109.8  120.7
I  -94.3  146.1  110.7 -175.7  -60.0 -179.9  1.027  105.0  3.776  4.726   34.5   51.4
E  -85.4   98.6  109.4  177.3 -144.5    nan  0.998  108.3  3.766  5.593 -114.7 -124.0
W  -95.9  135.4  107.8 -175.5  -60.0    nan  0.990  106.7  3.793  6.059 -172.3 -176.7
Q -157.8  166.7  110.6 -179.1 -107.0    nan  1.004  158.7  3.789  5.570  161.9  154.8
A  -97.7  146.3  108.5  177.9    nan    nan  0.979  106.6  3.784  5.335 -107.8 -110.6
A  -60.2  145.5  111.8  174.0    nan    nan  1.004   76.9  3.790  5.353  -90.3  -99.6
E  -81.4  124.0  109.4  176.7  -61.0    nan  1.021  100.9  3.850  5.769 -116.8 -117.6
S -120.5  144.3  109.4 -178.5    5.0    nan  1.002  125.4  3.789  5.796 -167.0  178.1
Y -132.1  141.3  104.1 -177.1  -48.8    nan  0.962  129.5  3.780  5.641 -162.2 -170.6
E -107.1  119.5  105.5 -179.9  -73.3    nan  0.981  111.5  3.821  5.841 -145.8 -145.9
V -109.3  141.5  108.7 -176.8  -67.7   53.2  1.019  116.6  3.817  6.043 -166.0 -169.3
Y -101.7  -17.6  108.7 -175.2  -68.1    nan  1.027   73.2  3.795  5.697 -136.4 -138.2
D -143.6  171.4  111.7  175.1   65.4    nan  1.038  145.9  3.859  5.094    0.8   22.5
M  -68.2  -25.7  114.5 -178.2  -60.6    nan  1.071   99.6  3.817  5.244  -73.6  -73.2
V  -71.3  -45.6  106.9  175.3  173.0  -67.1  0.999   91.6  3.833  5.557   74.6   85.2
E  -55.9  -39.3  111.9  172.4 -119.8    nan  1.037  103.8  3.861  5.423   69.1   78.6
L  -62.2  -50.0  110.3  176.3 -165.6    nan  1.027   93.7  3.833  5.441   73.0   82.7
Q  -61.6  -40.7  113.3  179.8  129.1    nan  1.063   97.8  3.871  5.250   61.5   76.6
Q  -57.7  -48.8  110.1  176.9  -95.0    nan  1.013   97.7  3.814  5.416   75.9   86.1
L  -64.6  -44.5  113.0  179.6 -178.6    nan  1.048   93.3  3.771  5.163   60.8   74.7
Y  -57.9  -53.3  109.6 -177.4  158.9    nan  1.029   95.1  3.782  5.234   73.7   87.0
E  -72.4  -30.9  112.1 -178.5   64.1    nan  1.060   94.3  3.787  5.121   44.4   64.7
Q  -50.9  -48.3  107.7  167.4 -170.0    nan  0.986  104.1  3.827  5.713   91.2   93.3
K  -74.4  -26.8  116.4 -179.9  -93.2    nan  1.112   92.6  3.823  5.116   44.5   67.2
R  -65.2  -39.9  107.5  172.7  -77.7    nan  0.988   98.4  3.856  5.762   83.7   88.3
A  -62.6  -14.9  112.2  177.4    nan    nan  1.022  111.0  3.812  5.210   70.8   81.3
E -106.5   21.8  106.1  175.6  -22.4    nan  0.974   80.5  3.820  5.425   45.2   62.0
G   68.1   19.1  114.8  177.8    nan    nan    nan  103.1  3.808    nan    nan  -98.3
H  -97.4  136.1   98.4  175.2  -51.3    nan  0.897  101.1  3.794    nan    nan   99.5
E  -93.8   20.9  113.8 -172.6  -61.4    nan  1.096   94.7  3.755  5.714 -140.9 -126.6
G  168.0 -175.0  116.2  177.3    nan    nan    nan  169.2  3.818    nan    nan    3.2
L -136.7  159.8  107.4  179.9  -50.7    nan  0.970  138.9  3.798    nan    nan -126.4
I -109.9  114.2  103.3  168.6  -61.9  174.7  0.952  109.7  3.791  5.449 -137.1 -135.2
V  -86.6  122.7  104.2 -178.0  173.8  -67.2  0.951  100.0  3.834  6.084 -147.6 -152.7
K -112.2  126.3  113.0 -178.7  -60.2    nan  1.045  121.0  3.794  5.865 -170.6 -167.1
D  -65.6  117.4  107.1  175.4  170.4    nan  0.995   92.7  3.818  5.812 -112.8 -128.1
P  -58.7  -21.2  117.7 -176.1   25.5    nan  1.081  110.0  3.830  5.764 -118.9 -118.7
M -103.6   -1.9  111.0 -177.9  -44.2    nan  1.010   75.7  3.810  5.255   41.3   64.0
C  -76.7  140.2  106.3  177.1 -167.3    nan  0.970   89.9  3.841  5.708   91.1  103.2
I  -84.1 -179.5  110.7  174.5   61.7  -57.8  1.039   83.9  3.843  5.835 -127.1 -127.5
Y  -87.5  111.8  105.5 -179.4 -177.4    nan  0.982  103.4  3.841  5.393  -85.4  -81.7
K  -96.9  167.6  112.5 -179.2  -53.7    nan  1.035  101.5  3.819  5.988 -158.7 -167.4
R -116.4  125.2  111.6 -170.5  -52.4    nan  1.030  121.7  3.815  5.421 -122.8 -120.7
G   87.7 -173.2  111.0 -178.4    nan    nan    nan   90.2  3.760    nan    nan   19.3
K  -73.6  106.1  110.0 -177.1 -159.3    nan  1.015  103.7  3.829    nan    nan  -59.1
K -144.9  159.1  108.6 -177.3  -56.7    nan  1.013  146.1  3.799  5.761  141.2  140.9
S  -67.8  137.6  110.8 -176.4 -170.2    nan  1.009   86.7  3.769  5.239  -80.4  -89.4
G  136.3  -33.4  109.4  178.8    nan    nan    nan   61.5  3.802    nan    nan   80.8
W -115.7  133.6  100.9  169.9  -71.9    nan  0.933  115.0  3.750    nan    nan   29.1
W -129.3  137.3  107.7 -173.7  -70.3    nan  0.984  128.7  3.816  5.787 -168.3 -172.3
K  -84.2  122.4  104.7  175.8  -81.3    nan  0.955   99.2  3.760  5.765 -121.9 -130.7
M  -98.2   78.9  106.3  170.5 -177.8    nan  0.982  104.2  3.795  5.802 -160.4 -161.7
K -146.3  140.4  109.7 -176.4  166.9    nan  1.009  139.5  3.849  5.734  111.2  113.4
P  -71.3  108.1  107.4 -178.6  -26.6    nan  0.955   99.7  3.918  5.682 -105.7 -111.9
E -114.5  -11.4  112.0 -175.5  -77.0    nan  1.048   61.7  3.763  5.925  173.5  173.4
N  -97.0  121.0  103.9  172.3  -57.6    nan  0.954  105.5  3.803  5.580   57.8   71.0
E  -98.7  162.2  103.0 -177.9  -52.7    nan  0.951  102.3  3.809  5.932 -154.8 -157.8
A -162.0 -172.4  115.7 -177.9    nan    nan  1.068  157.7  3.891  5.599  179.7 -178.5
D -130.4  178.2  114.3 -171.9   -7.7    nan  1.042  131.2  3.895  5.334 -116.7 -111.4
G  154.0 -179.7  111.6  176.7    nan    nan    nan  154.1  3.761    nan    nan  147.6
I -111.3  145.3  102.9  175.2   75.6  -45.3  0.975  114.7  3.816    nan    nan -108.1
I  -81.4  152.4  101.3  175.7   98.6  -22.5  0.995   87.5  3.786  5.808 -115.0 -118.7
Q -164.7   51.6  108.8 -179.1   57.7    nan  1.008   57.9  3.780  5.521  173.1  166.7
G  154.4  171.5  106.6 -177.0    nan    nan    nan  150.9  3.711    nan    nan   21.4
L -136.9  128.5  102.0 -169.2 -119.7    nan  0.908  124.4  3.763    nan    nan -140.8
V -105.7  138.4  100.0  173.1   36.0  154.3  0.979  108.2  3.739  5.930 -170.1 -161.3
W  -91.5  -67.2  122.0 -168.8  -86.8    nan  1.168   60.1  3.756  5.912 -128.1 -120.8
G  153.8  133.2  103.8 -173.0    nan    nan    nan  122.5  3.780    nan    nan  -85.6
T  -76.8  103.5  111.4 -170.9  -41.7 -158.0  1.041  106.9  3.760    nan    nan -117.2
K  -78.2  -18.4  109.3  175.9   69.8    nan  1.020   95.3  3.801  6.149 -151.0 -161.5
G -101.4   86.7  106.3  176.2    nan    nan    nan  105.3  3.824    nan    nan   63.3
L   92.8   40.5  118.5  176.6 -139.6    nan  1.130   69.7  3.845    nan    nan  -15.5
A -176.6  137.9  121.9  177.4    nan    nan  1.130  139.6  3.907  5.230   38.2   39.9
N    1.8  -50.3  121.5  164.6 -103.6    nan  1.111  130.7  3.799  4.654  -37.0  -68.9
E  -99.1  137.4  113.4 -172.7  -66.9    nan  1.043  112.4  3.769  4.675   28.6   50.1
G -116.4    4.6  108.8  173.4    nan    nan    nan   65.2  3.770    nan    nan -165.8
K -155.2  150.6  112.4 -179.2  -82.6    nan  1.051  150.3  3.886    nan    nan   33.2
V  -23.0  111.0  123.2 -170.5   57.1  176.7  1.201   82.6  3.918  5.305  -44.6  -52.5
I  -97.1   -1.5  114.1 -176.4   66.5  -53.5  1.063   82.3  3.680  5.896 -148.1 -179.5
G  162.1 -164.8  113.9 -176.1    nan    nan    nan  162.0  3.855    nan    nan  -20.4
F -125.8  157.8  117.6 -178.0  -56.1    nan  1.086  133.1  3.804    nan    nan  -98.4
E  -85.8  118.6   99.3  172.8 -118.8    nan  0.893   96.1  3.777  5.343 -101.1 -116.2
V -122.3  120.6  111.2 -179.8  179.6  -63.3  1.057  122.3  3.803  5.904  168.5 -180.0
L  -83.1  123.0  103.9  179.2 -170.1    nan  0.955   97.8  3.759  5.940 -129.1 -150.8
L  -91.2  153.2  109.4  178.4 -110.4    nan  0.999   99.7  3.734  5.735 -144.0 -152.4
E  -42.0  -44.6  116.7  178.1  -58.9    nan  1.080  108.6  3.793  5.223  -64.9  -74.0
S  -72.6  -16.7  116.3  179.1   58.9    nan  1.067   99.5  3.776  4.976   53.2   72.0
G  109.6    4.1  113.8 -178.1    nan    nan    nan   68.8  3.834    nan    nan  -91.6
R  -85.7  136.6  108.7 -178.6  -72.3    nan  0.998   99.5  3.767    nan    nan  103.8
L -101.3  116.9  103.6  173.1  -79.7    nan  0.957  107.1  3.729  5.609 -145.6 -152.3
V -114.3  134.8  110.0 -179.2   80.4 -158.4  1.021  120.8  3.797  5.988 -175.9 -178.6
N  -99.4   94.9  110.0  175.6  -79.5    nan  1.044  110.5  3.803  5.904 -149.3 -146.0
A  -72.7  100.7  110.0 -179.9    nan    nan  0.989  105.4  3.751  6.009 -143.6 -163.4
T -117.3  -91.0  113.7 -179.0   51.1  -67.0  1.080   69.6  3.767  5.829  158.4  165.8
N   -1.5   66.5  118.1 -170.0  -48.8    nan  1.110  114.2  3.882  5.089   93.2  105.8
I -112.9  171.6  113.1 -177.6   50.2  -77.7  1.068  115.9  3.819  6.123  133.6  133.7
S  -60.4  -23.0  129.7 -166.0   69.3    nan  1.194  103.8  3.753  4.888  -58.9  -55.5
R  100.4  -49.6  101.6 -174.6 -163.6    nan  0.931   92.0  3.807  5.057  -87.0  -96.9
A  -66.3  -42.1  108.1  178.0    nan    nan  0.993   96.1  3.801  5.127   63.1   67.7
L  -71.1  -38.1  109.2  176.7 -128.6    nan  1.006   93.6  3.818  5.222   54.9   71.1
M  -52.6  -56.1  113.8  174.2  -83.0    nan  1.035   94.2  3.895  5.624   80.8   90.9
D  -69.1  -26.5  110.3 -177.1  -65.2    nan  1.038  100.0  3.816  4.915   51.4   66.7
E  -73.0  -48.3  109.5  177.1 -160.0    nan  1.000   87.5  3.888  5.575   69.8   84.3
F  -61.8  -37.7  113.8  176.5  -68.2    nan  1.054   99.1  3.854  5.263   60.0   74.9
T  -66.0  -48.0  109.6  177.0  -40.0 -160.6  1.022   92.6  3.836  5.518   73.0   81.4
E  -51.2  -51.2  109.5  177.7 -109.2    nan  1.018  100.9  3.872  5.387   80.3   85.0
T  -53.6  -47.4  111.5  174.0  -47.0 -165.0  1.030  100.7  3.790  5.204   64.7   77.5
V  -62.8  -41.1  109.6  176.3  170.2  -71.6  1.021   98.5  3.858  5.360   56.8   74.3
K  -66.8  -37.2  110.9 -175.0 -179.1    nan  1.038   96.6  3.829  5.338   63.9   83.2
E  -76.0  -43.9  114.0 -176.9 -146.0    nan  1.049   84.3  3.811  5.280   59.7   77.9
A  -61.7  -44.9  106.5 -178.0    nan    nan  0.980   99.2  3.778  5.186   71.1   83.0
T  -68.3  -22.7  111.0  176.7  -45.1 -168.2  1.020  102.3  3.825  5.222   55.1   70.9
L  -78.4   10.9  113.8  177.0  -73.5    nan  1.107  105.7  3.834  5.507   60.3   84.7
S -100.4   49.3  107.6  158.0 -125.4    nan  1.027   96.2  3.790  5.921   69.9   79.0
Q -145.8  -27.0  104.9  160.3  -95.5    nan  0.952   36.6  3.775  5.885   74.5   69.8
W   46.2  105.0  108.2 -161.5  166.9    nan  1.054   66.6  3.881  5.681 -148.3 -147.3
G -178.0  -68.6  104.5 -179.8    nan    nan    nan   68.1  3.732    nan    nan   98.9
F   54.2   89.3  113.5 -173.5 -176.6    nan  1.085   71.6  3.737    nan    nan  171.1
F   30.5   90.4  117.0  178.0  118.2    nan  1.110   76.3  3.802  5.353  -51.0  -74.5
D  -14.8   25.2  101.8   20.0  -21.5    nan  0.906  153.8 12.621 14.650 -112.5   65.0
A -134.2  126.3  124.4 -158.8    nan    nan  1.084  137.7  3.791  5.019   61.3   94.3
C -126.3  160.5  115.4  176.8  -73.8    nan  1.056  132.3  3.886  5.886  178.6  170.3
T  -43.2  116.7  117.9  174.0  -49.9 -171.4  1.073   87.6  3.901  5.107  -58.6  -68.7
I  -78.8  126.5  105.2  172.1  -57.6 -176.6  0.984   95.2  3.798  5.992 -137.8 -152.7
N  -96.2  101.1  104.5  169.7  159.3    nan  0.960  105.4  3.784  5.849 -146.2 -159.6
P  -75.1   47.5  113.8  179.0   36.2    nan  1.026  117.5  3.861  5.964 -154.3 -153.9
Y -158.2   -9.2  107.9 -176.6  -59.4    nan  1.007   20.8  3.833  5.666   60.3   68.8
D  -54.8  137.2  109.1 -179.4 -170.4    nan  1.020   76.0  3.909  5.952  117.2  120.6
G   86.8  -14.4  113.0  178.5    nan    nan    nan   98.6  3.788    nan    nan   29.5
W  -60.8  114.8  111.0 -179.7 -135.5    nan  1.011   94.5  3.831    nan    nan  110.1
A  -70.4  147.2  108.1 -179.1    nan    nan  0.983   82.9  3.795  5.880 -129.6 -138.1
C -149.6  176.4  115.4 -178.7   69.5    nan  1.083  151.0  3.788  5.613  175.9  178.1
Q -121.5  121.9  107.5  177.7 -172.3    nan  0.989  119.6  3.737  5.135 -123.5 -122.8
I -105.7  153.6  106.8 -179.9   54.1  -68.6  0.977  111.5  3.799  5.935 -157.6 -168.3
S -114.0  148.8  106.3  176.8   37.3    nan  0.979  118.7  3.838  5.712 -142.5 -140.7
Y -138.6  167.0  110.5  169.0   55.8    nan  1.041  141.5  3.829  5.641  176.2 -170.6
M  -82.9  -55.6  109.9 -177.8 -111.5    nan  1.033   78.0  3.830  5.524  -93.1  -91.7
E -150.8 -176.0  111.3  178.3   65.8    nan  1.047  149.2  3.810  4.707  -38.9  -18.0
E -133.7  121.8  115.0 -176.6 -165.6    nan  1.063  128.6  3.863  5.410 -130.4 -119.8
T  -68.6  155.1  109.6  178.9  -52.1 -165.6  0.999   78.5  3.784  5.628 -119.6 -137.4
P  -47.4  -45.5  116.4  177.2   21.8    nan  1.054  103.9  3.912  5.503  -71.8  -74.6
D  -74.8   19.9  111.2  180.0   80.1    nan  1.015  111.5  3.788  5.033   49.1   69.0
G   76.3    3.0  114.1  179.8    nan    nan    nan  102.5  3.851    nan    nan  -91.3
S  -67.8  131.3  113.6  177.8  -86.3    nan  1.065   91.7  3.826    nan    nan  119.3
L  -91.8  115.3  106.6  178.2  -88.5    nan  0.974  105.8  3.765  5.680 -135.2 -147.2
R  -80.6  125.8  113.9  179.4 -152.1    nan  1.057  103.2  3.841  6.022 -145.5 -146.5
H   53.9   65.7  117.3 -178.7  -62.2    nan  1.109   84.5  3.910  5.116   12.2  -14.3
P  -86.3  142.6  113.0 -172.7   35.2    nan  1.029  100.7  3.837  5.955  162.8  164.3
S -132.3  172.8  107.1 -179.6  -16.9    nan  0.988  134.1  3.824  5.923 -167.4 -172.2
F  -90.7  145.1  105.2 -179.9  165.0    nan  0.956   99.2  3.802  5.210  -95.7  -95.3
V -113.5  -70.1  108.0  173.3 -165.0  -46.1  1.007   66.3  3.800  5.893 -154.2 -151.1
M -161.1  152.3  109.8  179.0   74.8    nan  1.040  152.7  3.867  4.694  -61.0  -44.4
F  -75.2  136.5  107.9  178.6  -45.5    nan  0.990   91.1  3.843  5.648  -94.9 -105.3
R -172.3    nan  109.9 -173.4  143.1    nan  1.025    nan  3.835  5.521  152.0  140.5
