Id   phi    psi    tau  omega    chi    chi2  solid    eta  CA-CA  CB-CB  BA^AB  NA^AC
I    nan  129.1  102.2    nan  -70.2  166.6  0.921    nan    nan    nan    nan    nan
V  -99.7  124.1  106.8  175.9 -176.8  -55.4  0.988  109.3  3.855  6.036 -153.8 -152.9
G   81.1   22.4  116.5  174.9    nan    nan    nan   88.5  3.798    nan    nan    7.6
G  -98.0 -154.7  110.7 -179.1    nan    nan    nan   88.6  3.810    nan    nan  109.0
Y -143.8  161.4  107.3 -177.6   55.1    nan  0.982  145.1  3.798    nan    nan -108.3
E  -71.2  129.7  107.4  176.3  -70.1    nan  0.996   90.7  3.853  5.542  -90.2  -90.5
C  -61.4  142.3  110.6 -177.5  -55.8    nan  1.004   79.0  3.831  5.774  -99.9 -113.2
R  -62.0  156.3  109.2  173.7  -64.4    nan  1.012   71.8  3.808  5.485  -96.0 -106.7
K  -52.4  -41.4  118.1 -177.0   55.7    nan  1.115  102.2  3.905  5.487  -72.5  -72.9
N  -82.2  -24.4  112.5  177.8 -179.4    nan  1.044   88.1  3.872  5.344   49.1   65.4
S  -57.2  143.9  109.0  178.0  -46.2    nan  0.989   74.0  3.812  5.645   96.5  102.0
A   50.5   47.6  112.9  176.1    nan    nan  1.053  101.9  3.734  4.490   20.5    0.1
S  -78.5   -7.5  112.2  176.2   47.1    nan  1.058   98.6  3.790  6.097  140.2  148.3
Y  -83.0   -6.2  111.8  171.5   45.4    nan  1.026   94.7  3.826  5.726   74.7   89.0
Q  -67.5  133.6  113.8 -177.5 -179.0    nan  1.046   90.4  3.857  5.742   99.5  114.0
A -116.2  148.2  109.4  175.3    nan    nan  0.994  122.2  3.794  5.774 -160.0 -169.4
S -105.2  130.1  107.2  167.4  178.5    nan  0.970  112.8  3.838  5.668 -142.7 -144.0
L  -97.0  129.7  104.9  175.9  -51.0    nan  0.975  106.0  3.863  5.968 -148.1 -150.5
Q -133.3  148.9  114.7 -172.7  -46.8    nan  1.050  138.1  3.805  5.792 -175.5  179.5
S -148.5   77.8   98.9  176.8 -170.4    nan  0.890   84.1  3.748  5.437 -173.9  172.1
G   83.1  -75.8  105.6 -171.3    nan    nan    nan  106.7  3.793    nan    nan  -18.8
Y  -94.7  159.1  113.0  177.4   48.7    nan  1.046  102.4  3.781    nan    nan   18.0
H  -65.4  133.1  106.2  169.1  166.4    nan  0.954   84.3  3.854  5.437  -79.4  -94.3
F -130.2  -15.3  113.1  174.6   61.7    nan  1.063   45.4  3.824  5.731  175.5 -178.0
C -159.5  164.6  108.0  178.7  -83.8    nan  0.998  158.7  3.833  4.980   -5.0    8.7
G -101.4 -179.9  107.7  176.6    nan    nan    nan  101.3  3.782    nan    nan -116.2
G -171.8  179.2  107.0  176.8    nan    nan    nan  172.0  3.805    nan    nan -171.5
S -144.7  141.2  113.5  176.7   38.1    nan  1.072  141.3  3.776    nan    nan -140.7
L  -74.8  116.1  111.3 -177.0 -166.7    nan  1.025  101.5  3.777  5.505 -103.2 -117.4
I -107.2   -5.7  113.6  178.7   54.5  -73.8  1.089   70.6  3.783  5.967 -176.0 -170.7
S -164.6  172.2  102.8  173.3   79.9    nan  0.952  164.4  3.822  5.106   -0.4    7.6
S  -64.7  -15.8  114.1 -178.0   59.4    nan  1.064  108.1  3.831  5.327  -72.0  -66.8
T -123.2    2.6  113.7  176.3   49.4  -73.6  1.073   57.9  3.828  5.251   23.3   48.2
W -125.1  140.8  113.9  179.2  -72.6    nan  1.059  130.9  3.855  5.334   45.4   65.1
V -124.3  137.9  108.5 -179.9  172.5  -67.5  0.997  126.4  3.842  5.754 -157.8 -168.6
V -109.5  143.1  107.0  171.9   -2.2  119.6  1.057  115.6  3.873  6.022 -163.1 -154.8
S -144.7 -163.1  104.3  177.8 -173.6    nan  0.966  137.7  3.744  5.625 -175.0  173.9
A  -99.0  136.3  108.3 -179.0    nan    nan  0.990  109.1  3.785  5.081  -83.8  -73.7
A  -57.1  -28.8  115.0  175.0    nan    nan  1.055  107.7  3.865  5.682  -98.7 -106.0
H  -72.6  -10.7  109.8  179.6   79.1    nan  1.048  103.5  3.850  5.509   68.4   85.7
C  -89.1    7.3  110.3  174.9  -67.6    nan  1.010   93.4  3.839  5.674   69.5   82.5
Y  -51.6  133.9  115.5 -178.7  175.1    nan  1.073   79.2  3.845  5.956  130.4  141.1
K -141.8  147.4  101.7  166.7  -76.9    nan  0.947  136.9  3.839  5.788  170.1  157.4
S  -77.6  -14.7  114.3 -173.2   60.9    nan  1.097   96.1  3.811  5.714 -111.6 -100.5
R -136.1  118.8  107.5  175.2  -71.5    nan  0.996  122.0  3.813  5.159   15.3   32.5
I -123.5  137.5  111.8 -175.4  -59.9  178.1  1.030  128.1  3.790  5.882  179.3  176.8
Q -100.5  126.1  106.2  170.6 -169.2    nan  0.982  109.2  3.839  5.894 -145.5 -149.7
V  -97.4  125.4  108.0  179.8 -174.4  -52.9  0.995  108.9  3.796  5.828 -146.7 -153.8
R -110.9  126.0  105.9 -179.8  174.3    nan  0.972  114.6  3.746  5.746 -162.5 -169.2
L -127.4  162.6  108.5 -175.6  -64.6    nan  0.985  130.9  3.801  5.887 -175.7  178.8
G   84.3   -3.3  120.5  168.9    nan    nan    nan   97.4  3.807    nan    nan   48.7
E -135.3  135.5  108.1 -179.2  162.5    nan  1.002  131.3  3.839    nan    nan   49.5
H  -80.8  -23.0  113.1 -179.4  -80.4    nan  1.081   89.7  3.823  5.875 -126.1 -124.4
N  -98.2  106.1  107.9  176.3 -168.7    nan  0.998  109.4  3.827  5.515   49.7   63.5
I  -61.6  -19.5  113.9 -178.2 -153.7   83.5  1.052  109.2  3.768  5.783 -130.0 -138.2
A -101.1   -6.7  115.5 -176.9    nan    nan  1.060   76.1  3.821  5.344   43.8   71.8
V -115.7  127.5  107.2 -173.3 -176.4  -59.4  0.987  118.4  3.800  5.279   50.8   68.6
N  -83.8   47.2  109.8  175.3  -62.4    nan  1.017  108.7  3.773  5.814 -134.4 -141.8
E  -62.6  -25.6  117.1 -170.9 -155.6    nan  1.096  103.9  3.841  6.154  160.4  174.9
G  158.9  -63.2  116.1  176.8    nan    nan    nan   73.7  3.834    nan    nan  -51.4
T  -57.6   -7.3  120.7 -174.1   51.7  -68.6  1.116  118.4  3.826    nan    nan   77.0
E  -76.0  135.4  119.7 -169.5   47.8    nan  1.127   99.5  3.832  5.595   84.7  113.3
Q -117.6  124.9  105.8  175.6  -69.1    nan  0.973  117.6  3.817  5.771 -156.9 -172.0
F -113.6  111.2  107.0  178.3  -69.2    nan  0.970  113.3  3.835  5.920 -166.5 -170.5
I -122.8  135.6  110.1 -176.4  -55.0 -176.6  1.016  126.1  3.835  5.870  170.1  170.1
D  -83.9  149.4  112.4  178.1  -54.5    nan  1.029   95.8  3.813  5.817 -124.3 -130.6
S  -74.1  150.3  108.1  177.2   61.2    nan  0.977   84.9  3.789  5.388  -98.1 -109.6
V -117.6  -27.9  109.1  173.2   77.5 -157.5  1.021   57.0  3.785  5.591 -154.5 -151.3
K -138.6  142.8  106.5  176.8  -73.8    nan  0.976  135.4  3.857  5.195   -3.7   17.5
V -132.4  117.4  103.5  175.7  176.4  -63.9  0.962  117.5  3.863  5.760 -171.0 -173.5
I -123.8  104.7  110.6 -171.9  -62.9  176.2  1.029  115.1  3.801  5.910  179.5  177.9
M  -74.1  152.4  109.6  174.4  -62.3    nan  1.003   84.7  3.765  6.013 -144.0 -157.0
H  -52.9  133.4  108.3  172.9 -172.2    nan  0.977   76.6  3.809  5.346  -73.8  -86.5
P  -57.9  -28.0  116.7 -178.0   21.0    nan  1.073  106.9  3.896  5.660 -103.6 -102.9
S -108.7   24.1  114.9  178.4  -52.6    nan  1.081   82.5  3.856  5.235   24.3   53.1
Y  -55.3  131.6  108.9  174.5  165.9    nan  0.993   79.7  3.816  6.125  145.1  145.2
N -112.9  107.4  110.5  177.1 -171.8    nan  1.016  115.1  3.769  5.748 -161.7 -164.7
S  -64.6  -19.7  113.5 -178.7   58.8    nan  1.047  106.4  3.835  5.983 -132.3 -138.2
R  -67.0  -54.8  112.5 -178.9  179.6    nan  1.041   86.4  3.799  5.517   85.6  100.7
N -110.4    3.7  114.1 -177.7   62.7    nan  1.058   71.1  3.801  4.782    4.4   28.8
L   62.3   29.8  114.2 -177.9  -63.3    nan  1.088  102.9  3.832  5.596 -120.6 -116.7
D  -73.7  140.2  106.3  176.4 -168.2    nan  0.970   87.5  3.775  6.027  133.7  134.4
N   63.3   44.5  109.3  178.7  -59.6    nan  1.017   96.5  3.816  4.893   34.9   12.0
D  -81.9   77.3  110.4 -179.6 -168.3    nan  1.031  111.6  3.749  5.952  137.5  144.8
I -149.7  146.0  109.7 -179.3 -174.5   59.2  1.035  144.2  3.814  5.661  104.9  105.4
M -149.4  144.5  109.5 -174.2  160.3    nan  0.993  143.0  3.814  5.664 -174.4  175.9
L -111.2  138.3  108.0  178.2 -104.4    nan  0.985  117.5  3.812  5.715 -146.3 -149.5
I -122.5  124.7  105.5  178.3  -59.7  179.4  0.959  119.4  3.789  5.794 -162.9 -167.1
K  -90.3  132.9  109.2  174.6 -165.3    nan  1.008  104.1  3.810  5.912 -145.1 -151.0
L  -86.0  145.4  111.1  179.7  -62.4    nan  1.024   98.5  3.844  5.816 -129.2 -135.3
S  -70.9  -30.0  114.6  176.7   57.8    nan  1.062   95.0  3.843  5.599 -104.8 -108.2
K -124.0  148.2  104.7  176.9  -61.7    nan  0.937  125.9  3.903  5.277   18.4   29.9
P  -69.3  143.1  111.1  168.0  -15.0    nan  0.998   85.4  3.858  5.392 -104.1 -108.4
A  -77.9  145.5  108.9  173.3    nan    nan  0.997   90.4  3.709  5.552 -113.8 -122.4
S  -82.5  118.2  107.4  175.3  -40.0    nan  0.958  101.5  3.795  5.547 -113.4 -122.8
L  -92.7  147.1  109.9 -177.7  -47.9    nan  1.010  102.9  3.864  6.061 -155.5 -151.9
N -174.2 -161.5  107.6 -174.9   53.4    nan  0.991  159.1  3.821  5.463  161.6  148.5
S  -63.2  -26.3  116.1  178.7   35.0    nan  1.069  103.3  3.851  4.908  -47.4  -36.7
Y -100.2  -16.4  114.0 -177.7  -52.8    nan  1.060   73.5  3.826  5.180   40.3   65.4
V -137.1  112.6  105.2 -179.4 -177.6  -57.3  0.974  116.5  3.838  5.121   15.0   32.4
S -134.6  174.3  107.9  177.9   57.1    nan  0.996  136.1  3.822  5.845  155.7  157.3
T -102.1  161.8  110.3  178.0   65.0  -57.7  1.026  107.7  3.821  5.504 -112.9 -102.8
V -112.0  138.9  106.5  174.1   58.7 -175.3  1.020  117.1  3.874  5.739 -137.4 -130.7
A  -63.7  142.4  112.2 -179.8    nan    nan  1.023   81.7  3.777  5.629  -94.3 -107.9
L  -71.7  154.0  109.5  172.9  -74.8    nan  1.014   81.8  3.773  5.555 -109.3 -116.4
P  -67.7  139.7  112.3 -178.2   29.7    nan  1.017   86.4  3.879  5.528  -91.1  -91.7
S  -96.3  -15.8  111.3  171.9   55.7    nan  1.026   78.2  3.870  5.908 -141.9 -141.2
S -155.1  168.6  105.1  172.4   39.2    nan  0.979  155.7  3.804  5.040   -7.4    8.5
C  -77.5  136.5  111.1  179.2  -63.2    nan  1.019   94.9  3.784  5.268  -86.3  -86.4
A  -74.0  143.6  110.2  178.4    nan    nan  1.011   88.6  3.808  5.690 -114.3 -120.7
S  -95.3  167.9  110.7  178.7   48.7    nan  1.014   99.5  3.827  5.742 -133.2 -131.2
S  -50.9  141.8  109.6  173.8  -51.3    nan  0.993   70.5  3.815  5.155  -57.6  -66.3
G   94.9  -22.9  112.0  178.9    nan    nan    nan   93.8  3.735    nan    nan   42.2
T  -61.3  131.7  106.6  177.6  -55.4 -176.4  0.983   82.4  3.824    nan    nan   98.6
R  -94.1  138.3  104.5 -178.4 -166.8    nan  0.964  102.7  3.767  5.822 -135.0 -146.2
C -140.2  175.4  108.9 -169.6  -55.0    nan  0.991  141.5  3.754  5.667 -171.0 -179.6
L -127.2  126.6  110.5  178.3  179.9    nan  0.999  125.8  3.789  5.395 -134.0 -127.4
V -104.6  154.7  103.7  174.5 -135.0   -5.4  0.916  109.0  3.851  6.042 -148.3 -165.3
S -148.6  154.0  110.9  174.9   44.5    nan  1.037  148.1  3.816  5.336 -178.2 -175.2
G  174.0  176.4  112.6  172.5    nan    nan    nan  172.0  3.809    nan    nan  139.8
W -108.3   31.8  108.7  176.6  -70.0    nan  0.997   83.9  3.778    nan    nan -109.8
G  -80.7  177.7  112.3 -179.7    nan    nan    nan   81.6  3.797    nan    nan  135.4
N  -50.5  135.7  111.7  179.0 -156.6    nan  1.026   75.2  3.753    nan    nan  -51.0
L  -89.1  -12.2  112.5  179.4  -58.1    nan  1.038   86.3  3.806  5.785 -129.3 -137.5
S -129.3  144.0  110.6 -175.3  173.5    nan  1.016  132.2  3.787  4.997   29.2   48.0
G  -92.7    4.1  110.6  176.0    nan    nan    nan   88.8  3.753    nan    nan -132.7
S -131.7   -5.0  109.6  179.6   59.6    nan  1.006   46.8  3.869    nan    nan   57.6
S -138.3  160.9  109.3 -178.9  -12.3    nan  1.004  141.1  3.818  5.052   24.2   42.8
S  -91.5  108.2  104.3  173.4  -56.6    nan  0.959  104.0  3.875  5.616 -111.9 -114.1
N -142.7   99.7  107.8 -170.1 -130.0    nan  0.963  108.5  3.788  5.714  154.4  149.0
Y -113.3  137.3  112.5 -172.4  -69.0    nan  1.056  122.0  3.783  5.925  162.7  173.4
P  -84.7  161.0  114.6 -177.4   41.6    nan  1.016   92.7  3.795  5.557 -120.4 -127.9
D  -94.2  -34.2  107.9  169.4  -72.0    nan  0.991   76.5  3.789  5.596 -117.7 -118.2
T -102.2  141.2  110.5 -178.6   49.1  -68.6  1.034  112.3  3.820  5.055   32.1   53.2
L  -56.3  128.0  114.1 -179.3 -172.9    nan  1.055   85.8  3.755  5.438  -86.9 -100.3
R -104.0  149.3  110.5  179.8  -51.4    nan  1.018  112.4  3.828  5.910 -150.9 -160.5
C -125.5  153.5  108.4 -178.8  -81.7    nan  0.988  129.3  3.788  5.585 -150.8 -158.5
L -150.3  127.6  105.7  179.8  168.1    nan  0.967  129.5  3.818  5.584 -175.1 -178.4
D  -92.3  132.4  105.8  178.0  -57.9    nan  0.966  103.2  3.801  5.861 -141.3 -148.0
L -152.5  154.1  108.4 -175.0   74.0    nan  1.005  149.5  3.797  5.629  162.7  160.9
P  -95.3  152.0  114.2  178.2   41.1    nan  1.015  105.8  3.829  5.521 -121.2 -119.5
I  -70.1  138.1  107.2  170.4  -64.7  170.9  0.981   86.1  3.783  5.523 -100.5 -105.5
L  -98.0  161.3  110.4 -179.0  -63.2    nan  1.026  104.1  3.853  5.904 -139.6 -138.9
S  -70.4  158.4  112.1 -178.9   60.6    nan  1.037   79.5  3.810  5.448  -84.7  -86.5
S  -56.9  -39.6  109.8  174.6  -46.9    nan  1.008  103.9  3.797  5.256  -73.3  -82.6
S  -61.1  -44.6  113.1  179.3  -43.5    nan  1.046   95.9  3.831  5.322   70.5   86.0
S  -65.0  -37.8  110.7  176.6  -53.5    nan  1.009   97.9  3.816  5.284   63.0   75.8
C  -65.7  -44.4  110.9 -177.5 -163.5    nan  1.034   93.8  3.775  5.227   67.3   85.6
N  -74.9  -28.7  114.6 -178.5  -87.8    nan  1.073   92.1  3.767  5.167   50.2   71.2
S  -78.3  -29.1  108.1  174.9   51.6    nan  1.011   91.7  3.744  5.378   63.4   76.5
A  -68.4  -40.3  111.7  174.0    nan    nan  1.017   93.3  3.860  5.612   72.9   84.4
Y -128.2   69.7  112.4 -178.3  -63.2    nan  1.042   93.7  3.848  4.810    1.9   22.3
P  -57.1  123.0  112.3 -176.3  -26.2    nan  1.009   88.4  3.909  6.131 -162.8 -166.3
G   74.3    7.9  116.1  177.4    nan    nan    nan  102.1  3.728    nan    nan   -1.5
Q -114.3   -4.7  113.4 -178.6  -59.0    nan  1.033   63.9  3.800    nan    nan   81.9
I  -95.7  120.9  107.2 -175.8  -59.8  177.6  0.982  107.6  3.819  5.456   67.7   88.3
T  -98.0  178.8  108.7  176.2   67.7  -54.0  1.011   98.4  3.835  6.044 -162.0 -158.5
S  -67.0   -9.7  113.8  177.2   48.5    nan  1.047  108.9  3.869  5.246  -67.8  -64.8
N  -98.6   17.1  111.9  179.1  -60.0    nan  1.028   88.0  3.795  5.415   59.1   78.2
M -133.8  150.9  111.0 -177.7  -61.9    nan  1.008  136.9  3.822  5.354   53.9   69.5
F -140.1  155.5  108.2  170.5   66.7    nan  1.013  141.3  3.822  5.623 -177.5 -173.4
C -100.5  151.8  107.3  178.1  -71.0    nan  0.960  107.4  3.802  5.585 -119.6 -125.3
A -152.5  150.9  106.5  175.6    nan    nan  0.974  147.0  3.764  5.517  178.0  175.8
G  128.5 -141.5  109.7  179.2    nan    nan    nan  130.6  3.770    nan    nan   88.3
F -133.8  122.8  109.3 -171.2  -56.2    nan  0.993  125.1  3.805    nan    nan  -79.0
M  -66.6  -21.6  112.3  179.4  -69.0    nan  1.042  103.9  3.783  5.813 -119.5 -127.3
E  -77.6  -12.2  111.4  175.7  -23.9    nan  1.017   97.7  3.856  5.651   74.5   84.3
G   83.2 -159.4  109.8 -178.2    nan    nan    nan   90.4  3.825    nan    nan -111.7
G   90.1  -35.0  113.1  176.1    nan    nan    nan  102.9  3.794    nan    nan  107.5
K -132.3  131.3  107.7 -179.2  -63.9    nan  0.976  127.8  3.846    nan    nan   21.1
D -169.0  162.9  109.3 -177.3 -163.4    nan  0.996  163.1  3.865  5.600  146.5  139.0
S  -82.2  178.1  105.1  165.7   56.2    nan  0.986   82.7  3.797  5.448 -107.5 -105.2
C -159.0 -174.4  107.7 -171.3 -164.4    nan  0.984  156.8  3.852  5.418 -155.8 -155.4
Q  -56.2  140.7  110.4 -179.8  -63.4    nan  1.003   75.7  3.856  5.209  -45.3  -45.9
G   90.9  -18.8  111.7 -177.9    nan    nan    nan   95.9  3.799    nan    nan   39.7
D  -87.6  -12.5  109.8  173.8  -64.7    nan  1.019   88.1  3.824    nan    nan   76.0
S  -49.5  132.4  114.1 -178.9  -67.8    nan  1.053   78.0  3.857  5.755  112.6  123.4
G   93.5  -15.7  112.6 -179.2    nan    nan    nan   92.6  3.776    nan    nan   30.0
G  -76.2  167.5  113.4 -177.4    nan    nan    nan   81.4  3.812    nan    nan   97.1
P  -85.7  143.2  119.3 -172.3   37.2    nan  1.079  103.4  3.809    nan    nan  -89.8
V -112.0  108.0  103.1  163.2  174.7  -64.5  0.954  108.3  3.825  5.830 -154.8 -163.6
V -107.0  132.6  108.8 -177.7  173.6  -64.3  1.006  115.1  3.861  6.028 -177.4 -177.3
C -129.3  120.9  107.2 -180.0  -40.9    nan  0.972  121.4  3.805  5.867 -171.7 -179.5
N   54.1   45.8  112.5  176.3  -59.8    nan  1.046  100.8  3.856  4.825    2.6  -18.8
G   77.3    2.2  115.0  177.6    nan    nan    nan  101.8  3.764    nan    nan  -68.3
Q -122.8  141.2  112.6  179.8  -54.0    nan  1.031  128.7  3.873    nan    nan   66.6
L  -69.0  109.7  110.3  179.2 -177.5    nan  1.015  100.6  3.786  5.504 -101.5 -112.5
Q -102.7  -21.7  113.7  177.6  -65.7    nan  1.059   69.6  3.852  6.041 -175.0 -174.0
G -146.9  161.0  112.4 -175.2    nan    nan    nan  149.3  3.791    nan    nan   22.1
V -123.9  129.8  106.1  174.2  172.8  -68.9  0.985  122.2  3.755    nan    nan -146.7
V  -59.2  120.1  108.0  179.7  179.2  -59.2  1.002   88.4  3.905  5.880 -101.5 -112.4
S -118.3  -64.7  111.9 -174.3 -175.7    nan  1.041   60.0  3.800  5.856 -175.5 -174.5
W -156.1  179.8  111.4 -176.9   63.3    nan  1.037  156.2  3.858  4.754  -49.4  -29.8
G  178.9  166.8  107.2  175.8    nan    nan    nan  166.4  3.831    nan    nan  177.5
Y  -95.2  108.5  106.1  175.5  -77.5    nan  0.990  106.8  3.809    nan    nan -107.1
G   71.6 -150.9  109.9 -178.5    nan    nan    nan   83.2  3.775    nan    nan  -10.2
C -147.4  128.5  108.5  177.2  -58.3    nan  0.996  131.2  3.805    nan    nan -109.5
A   61.7   25.5  113.5  178.0    nan    nan  1.069  106.1  3.758  4.665   18.5   -4.5
Q  -81.6  154.4  110.9  175.7  -71.6    nan  1.023   91.1  3.780  5.933  114.7  123.9
R  -65.4  136.2  107.7  177.7 -176.1    nan  0.977   83.7  3.746  5.259  -85.0  -95.7
N   56.7   23.8  114.8 -179.6  -73.1    nan  1.082  111.1  3.803  4.998   22.7    0.5
K -133.7   67.2  107.2 -179.2  -66.9    nan  0.994   86.0  3.797  5.493   64.1   72.9
P  -70.5  168.2  109.9 -178.1   35.4    nan  0.984   74.8  3.845  6.081  175.1  178.8
G  -69.2  148.5  110.0  175.7    nan    nan    nan   82.2  3.823    nan    nan  -81.4
V -115.4  134.4  105.8  174.6 -174.7  -57.2  0.999  118.4  3.799    nan    nan -152.8
Y -126.4  148.0  110.2 -172.2  -61.8    nan  1.007  130.5  3.762  5.746 -160.9 -171.4
T  -70.2  133.7  108.8  174.0  -51.4 -175.0  0.994   89.1  3.780  5.498 -100.1 -107.7
K  -85.1   93.7  108.5 -175.8 -168.7    nan  0.999  108.1  3.846  5.806 -127.1 -131.0
V  -64.6  -28.5  112.2 -171.7 -179.7  -63.3  1.062  102.4  3.823  6.169 -147.3 -146.6
C  -65.0  -13.8  111.8 -179.3   65.1    nan  1.061  109.3  3.821  5.551   78.9   94.2
N  -79.7   -7.8  112.8  174.9  -72.6    nan  1.046   97.2  3.859  5.713   75.0   89.5
Y -118.0   16.5  113.2 -174.2  -59.6    nan  1.055   69.5  3.831  5.209   45.7   65.7
R  -59.0  -46.6  111.6 -177.5  -62.3    nan  1.033   97.1  3.855  6.080  135.3  142.5
S  -65.3  -48.9  113.2  175.7  -45.4    nan  1.046   90.3  3.827  5.320   63.3   73.3
W  -56.5  -47.1  111.5  178.3  179.0    nan  1.047   98.8  3.839  5.320   71.4   81.4
I  -61.9  -49.7  109.5  179.0  -64.0  176.6  1.030   94.6  3.859  5.373   64.9   77.6
S  -56.2  -52.5  112.7  176.0  -67.9    nan  1.042   94.8  3.859  5.338   65.6   78.3
S  -65.2  -39.4  112.9  178.4   56.5    nan  1.048   95.7  3.873  5.317   55.1   70.3
T  -63.3  -43.5  112.6 -179.0  -59.8 -179.1  1.056   95.2  3.818  5.367   70.1   86.2
M  -64.5  -34.0  109.8  176.9  -68.1    nan  1.007  100.7  3.793  5.359   67.9   77.2
S  -79.4  -20.7  111.9 -178.1  -56.7    nan  1.054   92.4  3.801  5.190   56.0   76.1
S -108.7   11.7  117.3  177.2   46.0    nan  1.086   76.9  3.845  5.280   32.8   59.6
N -139.3    nan  109.2 -178.1  -73.0    nan  0.995    nan  3.834  5.358   45.0   57.8
