Id   phi    psi    tau  omega    chi    chi2  solid    eta  CA-CA  CB-CB  BA^AB  NA^AC
I    nan  125.9  103.5    nan  -64.7  171.1  0.933    nan    nan    nan    nan    nan
V -100.2  128.9  108.1  179.0  176.5  -62.2  0.983  110.4  3.853  5.934 -153.3 -155.6
G   76.4   19.0  115.3  175.0    nan    nan    nan   95.0  3.856    nan    nan    8.6
G  -99.8 -155.9  109.9 -176.2    nan    nan    nan   91.0  3.848    nan    nan  106.0
Y -144.7  164.7  106.0 -176.3   52.6    nan  0.975  146.0  3.806    nan    nan -110.8
E  -75.6  124.5  109.1  177.1 -160.8    nan  1.002   96.9  3.780  5.337  -90.8  -90.2
C  -58.8  147.0  109.3 -179.0  -57.2    nan  0.996   73.7  3.779  5.790 -100.9 -119.3
R  -66.3  163.0  107.0  175.7  -65.8    nan  0.997   72.2  3.761  5.395  -93.4 -105.3
K  -55.2  -46.0  114.7 -174.9 -178.0    nan  1.054   98.6  3.789  5.121  -65.5  -69.2
N  -91.5  -15.6  114.0 -175.7  -47.9    nan  1.052   82.2  3.770  4.948   33.3   55.9
S  -83.4  163.3  111.0  179.2   41.5    nan  1.041   89.6  3.835  5.522   71.3   88.2
A   57.8   34.3  110.5  179.1    nan    nan  1.022  105.9  3.763  4.649   51.6   32.5
S  -76.6   -1.5  114.5 -177.6   45.5    nan  1.095  102.8  3.822  6.046  127.1  144.4
Y  -85.1   -4.4  112.7  171.3   45.6    nan  1.043   93.2  3.795  5.740   80.5   92.5
Q  -71.3  132.2  112.7 -176.1  177.4    nan  1.037   93.2  3.831  5.699   97.6  112.8
A -120.4  158.9  107.1  176.4    nan    nan  0.968  124.3  3.802  5.746 -166.3 -173.7
S -118.0  147.1  102.4  169.2  -68.3    nan  0.902  119.8  3.866  5.791 -137.5 -144.9
L -121.1  123.6  103.7  179.9  -51.0    nan  0.936  117.1  3.775  5.451 -149.6 -155.5
Q -105.3   88.9   98.3  177.7 -177.1    nan  0.878   97.7  3.782  5.778 -161.1 -166.0
S  -95.2   77.0  104.6 -177.0  -51.1    nan  0.955  103.0  3.755  6.035  170.6  175.6
G   77.5 -113.9  110.0 -174.0    nan    nan    nan  102.5  3.776    nan    nan  -30.1
Y -111.7    1.4  108.2  173.5  -72.6    nan  1.028   68.7  3.834    nan    nan  -35.9
H  -85.4  141.8   98.9  176.0 -163.9    nan  0.911   91.9  3.778  5.816   88.5   95.1
F -123.5  134.3  103.5  174.4  -71.2    nan  0.952  121.7  3.746  5.766 -162.9 -165.1
C -133.3  166.2  107.7  173.8  -79.0    nan  0.983  136.0  3.754  5.682  178.5  177.1
G  -89.6  175.4  107.4  171.2    nan    nan    nan   91.0  3.783    nan    nan -105.9
G -168.3  176.0  106.9  174.7    nan    nan    nan  168.8  3.797    nan    nan -173.8
S -138.4  147.4  114.4  172.0   48.9    nan  1.086  141.1  3.804    nan    nan -137.8
L  -82.3  119.4  109.6 -175.4 -163.7    nan  1.013  102.9  3.811  5.583 -105.8 -115.2
I -109.6  -12.4  112.6  178.0   57.4  -67.2  1.089   66.1  3.798  6.034 -175.2 -170.4
S -150.9  177.1  102.5  171.5   82.2    nan  0.937  151.4  3.855  5.191    7.2   15.1
S  -67.7  -15.4  111.6  176.9   53.4    nan  1.029  105.9  3.812  5.265  -73.3  -67.6
T -122.5   -0.1  115.0  178.3   53.5  -65.4  1.084   57.5  3.871  5.273   23.9   50.8
W -123.9  138.4  114.5  178.4  -75.3    nan  1.067  130.2  3.842  5.335   44.1   63.7
V -119.4  145.3  107.4  177.9  172.6  -69.2  0.990  123.5  3.870  5.797 -157.4 -166.6
V -108.6  141.3  107.8  174.4  178.3  -65.7  0.993  115.5  3.823  5.795 -144.3 -147.4
S -154.7 -168.6  107.5  177.4 -171.0    nan  0.995  149.5  3.823  5.627  166.7  162.4
A  -93.2  136.4  110.1 -180.0    nan    nan  1.008  106.1  3.856  5.203  -82.8  -74.0
A  -60.4  -24.2  112.3  178.8    nan    nan  1.026  108.4  3.898  5.725  -96.9 -106.9
H  -73.8   -8.9  112.1  179.5   82.0    nan  1.079  102.7  3.826  5.465   69.8   89.2
C  -90.2    4.7  111.8  173.9  -71.2    nan  1.024   91.5  3.838  5.699   68.5   82.6
Y  -54.6  136.2  114.8 -177.2  173.8    nan  1.068   79.5  3.880  5.927  124.0  136.4
K -147.4  148.1  101.9  167.6  -84.7    nan  0.937  140.8  3.819  5.777  170.0  154.0
S  -60.8  -34.8  113.1 -178.0  -59.9    nan  1.035  101.9  3.847  5.471  -85.2  -90.9
R -128.5  130.0  107.9  176.6  -69.2    nan  1.004  125.7  3.816  4.915    3.1   23.2
I -129.1  132.1  111.0 -174.6  -62.6  174.6  1.027  129.0  3.816  5.795 -173.5 -178.2
Q  -96.0  120.2  108.1  171.1 -169.4    nan  1.004  108.6  3.840  5.948 -145.5 -151.0
V  -93.2  128.3  107.9  179.8  179.3  -60.2  0.997  106.0  3.810  5.877 -147.3 -156.9
R -113.3  128.3  104.4 -179.0  -66.1    nan  0.950  115.1  3.776  5.816 -160.3 -167.7
L -126.3  158.5  107.2 -178.6  -61.6    nan  0.972  129.6  3.820  5.898 -174.5 -178.8
G   74.4   22.7  112.6  175.6    nan    nan    nan   96.0  3.812    nan    nan   41.2
E  -99.0  141.1  117.5  178.2  -65.6    nan  1.094  114.1  3.785    nan    nan  110.1
H -114.9  -55.1  105.7  170.4 -171.5    nan  0.988   63.7  3.764  5.684 -156.6 -161.9
N -103.0  110.4  105.7  177.7 -177.3    nan  0.975  109.0  3.825  4.963   10.5   27.4
I  -75.8  -10.9  114.4 -178.1   57.7  -70.7  1.084   99.5  3.803  6.085 -142.3 -145.0
A  -85.8  -23.9  113.2 -179.3    nan    nan  1.040   84.7  3.826  5.571   78.7   91.5
V -125.8  168.2  112.0 -176.4  -56.8   64.8  1.036  129.4  3.835  5.014   21.1   42.3
N  -81.8  137.0  107.0  178.8  -80.5    nan  0.996   95.4  3.824  5.330  -90.1  -92.9
E -121.4  -17.2  112.8 -170.0  -65.7    nan  1.032   53.4  3.792  5.747 -155.4 -159.0
G   83.3    6.0  112.0 -176.8    nan    nan    nan   94.5  3.821    nan    nan -116.3
T -121.8    1.6  115.4 -179.6   54.0  -64.1  1.065   58.9  3.872    nan    nan   72.0
E  -84.9  145.7  113.9 -171.4  -50.4    nan  1.034   98.8  3.836  5.708   93.4  109.6
Q -126.7  121.3  104.7  168.6  -72.1    nan  0.960  119.0  3.768  5.533 -164.7 -170.2
F -103.7  113.8  106.3  179.5  -59.4    nan  0.968  110.2  3.857  5.974 -159.1 -163.7
I -126.9  132.0  108.0 -176.4  -57.0 -177.8  0.994  125.8  3.835  5.840  167.4  170.0
D  -77.3  145.6  112.2  176.7  -66.6    nan  1.021   91.6  3.828  5.837 -120.9 -129.3
S  -67.1  152.8  111.3  174.3   60.1    nan  1.004   78.8  3.795  5.412  -98.3 -107.3
V -114.4  -28.6  108.7  166.9   68.5 -170.0  1.022   59.8  3.819  5.668 -155.7 -146.6
K -135.1  143.5  109.0  177.8  -65.8    nan  0.999  134.9  3.860  5.182   -0.7   21.7
V -132.6  118.3  101.1  178.9  175.5  -65.8  0.927  116.5  3.852  5.723 -166.9 -171.5
I -124.5  104.1  109.9 -171.5  -58.2  177.7  1.021  114.2  3.824  5.928  177.3 -180.0
M  -77.5  155.8  108.2  178.0  -60.2    nan  0.995   85.9  3.809  6.088 -147.9 -157.3
H  -57.6  137.5  107.6  177.1 -176.6    nan  0.994   77.2  3.821  5.398  -76.0  -84.2
P  -54.7  -28.3  114.3 -178.6  -31.2    nan  1.034  110.5  3.934  5.651  -91.6  -97.5
S -111.3   21.1  118.5  179.3  -54.5    nan  1.111   79.8  3.826  5.075   20.2   52.0
Y  -54.0  133.5  108.7  175.2  164.1    nan  0.995   77.6  3.744  6.010  143.4  143.9
N -116.6  108.5  106.9 -180.0 -172.0    nan  0.985  112.9  3.793  5.808 -160.6 -166.3
S  -69.3  -18.4  113.4 -177.2   61.2    nan  1.058  102.6  3.833  6.065 -137.0 -139.8
R  -75.8  -40.0  111.8 -177.4  -63.4    nan  1.048   87.5  3.820  5.527   77.7   94.8
N -120.0    5.3  113.5  179.8   64.3    nan  1.042   62.3  3.814  4.933    8.2   30.7
L   59.7   30.3  114.8 -178.4  -62.6    nan  1.102  104.7  3.849  5.596 -122.0 -118.3
D  -72.6  140.1  107.0  173.8 -164.3    nan  0.981   87.1  3.792  6.081  135.4  134.0
N   61.9   47.7  110.4 -179.4  -58.0    nan  1.032   95.1  3.824  4.939   35.1   11.7
D  -86.0   80.2  111.5 -178.8 -169.2    nan  1.044  111.9  3.744  5.939  137.0  145.2
I -149.4  148.2  108.7 -179.4 -170.4   62.6  1.021  144.9  3.795  5.727  110.3  106.7
M -150.3  145.7  105.8 -174.0  162.3    nan  0.943  142.5  3.836  5.646 -171.9  176.9
L -113.3  138.4  107.9  175.1  -77.9    nan  0.989  119.0  3.798  5.778 -150.8 -150.7
I -121.4  125.9  108.4  179.1  -64.5  173.7  0.995  121.5  3.825  5.703 -162.3 -164.3
K  -96.2  132.0  105.9  178.3 -172.9    nan  0.972  105.9  3.840  5.958 -148.7 -153.2
L  -81.9  147.4  107.1 -178.2  -56.6    nan  0.982   92.2  3.802  5.784 -123.4 -131.6
S  -70.8  -12.2  114.1 -178.3   57.2    nan  1.064  103.9  3.795  5.586 -101.7 -101.9
K -157.2  153.8  104.8  178.8   53.2    nan  0.957  150.5  3.874  5.098    0.7   13.0
P  -65.8  145.2  115.7  175.0   27.3    nan  1.066   83.7  3.843  5.427  -96.5  -92.7
A  -76.4  151.4  107.8  172.5    nan    nan  0.974   86.3  3.808  5.668 -105.5 -120.8
S  -90.8  120.5  103.5  174.1  -48.2    nan  0.943  102.0  3.837  5.676 -118.5 -123.4
L  -84.1  142.8  109.7 -179.5  -52.2    nan  1.025   96.9  3.787  5.877 -143.4 -142.9
N -162.5 -161.4  108.0 -179.4   58.9    nan  0.997  151.0  3.807  5.565  164.4  155.8
S  -64.1  -26.6  114.1 -177.6  -19.8    nan  1.045  103.0  3.875  5.195  -42.1  -35.7
Y  -95.4  -17.2  114.3 -177.6  -67.3    nan  1.042   77.8  3.797  5.055   51.7   68.5
V -133.3  110.6  104.0 -176.8  179.1  -62.8  0.959  114.0  3.767  4.932   19.1   37.8
S -137.4  168.7  110.6  177.0   59.7    nan  1.020  140.2  3.820  5.858  149.9  152.0
T  -97.4  160.2  109.0  178.5   60.4  -55.8  1.015  103.3  3.826  5.436 -110.5 -106.5
V -113.0  144.9  106.6  174.4   61.6 -173.9  1.007  118.1  3.777  5.621 -137.2 -135.3
A  -75.8  146.5  112.2  178.5    nan    nan  1.029   89.8  3.814  5.807 -105.8 -111.4
L  -76.5  155.6  109.0  173.6  -72.0    nan  1.013   85.3  3.754  5.436 -109.5 -116.4
P  -69.8  137.2  114.3 -172.8   30.0    nan  1.037   90.5  3.897  5.550  -89.3  -87.5
S  -84.0  -22.2  107.2  175.5   50.4    nan  0.994   89.2  3.838  5.865 -128.4 -131.6
S -154.7  168.7  106.7  179.6   54.2    nan  0.968  155.6  3.836  4.907  -10.1    6.7
C  -76.9  141.6  108.1  177.2  -60.8    nan  0.985   90.6  3.839  5.380  -86.7  -87.8
A  -82.8  148.8  109.6  179.1    nan    nan  1.010   93.7  3.834  5.744 -119.5 -121.4
S  -86.3  164.9  111.9 -178.9   31.6    nan  1.037   91.9  3.830  5.592 -115.0 -117.3
S  -55.6  144.9  107.1  173.2  -18.5    nan  0.976   71.3  3.837  5.324  -63.8  -74.7
G   86.6  -12.2  114.0  179.3    nan    nan    nan   98.3  3.728    nan    nan   38.1
T  -59.4  136.1  110.1  172.5  -49.1 -171.8  1.006   80.7  3.846    nan    nan  107.3
R  -92.3  135.0  107.1  179.4  -67.1    nan  0.989  103.7  3.838  5.768 -132.2 -139.1
C -134.2  173.9  108.0 -175.1  -53.6    nan  0.983  135.8  3.753  5.663 -172.2 -179.5
L -124.5  125.4  109.4  179.0 -177.5    nan  0.998  123.5  3.822  5.432 -131.4 -127.8
V -115.1  150.4  103.7  175.4   60.2 -176.6  0.999  118.3  3.849  5.962 -175.2 -174.7
S -146.5  154.8  109.7 -173.7   45.2    nan  1.013  146.5  3.806  5.694 -169.7 -173.0
G  167.9  171.3  111.1  177.0    nan    nan    nan  162.7  3.818    nan    nan  135.3
W -105.8   23.5  110.3  179.0  -67.4    nan  1.020   83.3  3.781    nan    nan -111.9
G  -74.3 -176.4  114.0  177.0    nan    nan    nan   72.9  3.841    nan    nan  131.4
N  -58.0  133.5  114.6 -175.1 -162.2    nan  1.058   83.7  3.769    nan    nan  -46.6
L  -81.9   -9.5  115.2  178.1  -52.0    nan  1.058   93.9  3.828  5.792 -121.6 -135.7
S -130.0  140.0  112.6 -170.9  178.8    nan  1.026  133.0  3.803  4.892   36.2   53.3
G  -89.4    0.2  110.9  170.1    nan    nan    nan   90.7  3.779    nan    nan -136.6
S -127.9    8.9  113.4 -178.7   47.5    nan  1.064   56.0  3.869    nan    nan   60.9
S -162.4  178.1  106.8  177.6   60.2    nan  0.977  162.9  3.849  5.162   15.6   26.8
S -100.1  106.6  105.8  175.7  -64.2    nan  0.967  107.9  3.805  5.324 -103.5 -100.1
N -136.4  105.9  106.2  175.5  -84.3    nan  0.993  112.5  3.807  5.890  147.1  146.3
Y -102.4  141.3  110.9 -176.2  -73.4    nan  1.024  112.7  3.815  5.985 -173.0 -173.3
P  -84.5  161.1  113.6 -177.8   39.1    nan  1.011   92.2  3.816  5.586 -118.4 -122.4
D  -95.1  -33.5  106.3  169.6  -70.4    nan  0.972   76.8  3.753  5.532 -116.7 -119.2
T -104.9  145.5  111.1 -176.8   57.6  -61.5  1.055  114.2  3.818  5.031   29.2   53.0
L  -55.4  128.0  114.0  179.1 -172.3    nan  1.056   85.1  3.767  5.414  -81.2  -94.7
R -105.1  150.6  112.3  179.5  -58.0    nan  1.050  114.0  3.775  5.819 -154.8 -160.8
C -129.1  149.5  107.6 -174.9  -87.4    nan  0.990  131.5  3.790  5.624 -149.4 -159.8
L -148.6  130.9  107.7  178.0  174.7    nan  0.991  132.7  3.800  5.613 -178.2  178.2
D  -90.9  131.6  107.3  174.9  -58.2    nan  0.986  103.4  3.787  5.789 -137.3 -145.9
L -150.5  150.2  110.4 -175.9   75.1    nan  1.023  147.2  3.805  5.687  164.6  160.9
P  -90.8  149.8  115.6  173.4   39.8    nan  1.044  103.2  3.830  5.534 -123.6 -122.9
I  -70.7  132.0  107.1  169.0  -63.0  173.0  0.992   89.2  3.820  5.591 -101.1 -111.2
L  -94.3  162.7  111.2 -177.9  -61.1    nan  1.022  100.3  3.858  5.877 -139.2 -140.9
S  -65.9  153.5  112.7  177.4   57.5    nan  1.026   78.0  3.799  5.327  -78.7  -83.5
S  -57.1  -39.0  111.6  175.1  -43.2    nan  1.028  103.1  3.802  5.301  -80.3  -88.2
S  -64.1  -40.0  112.6  177.8   40.6    nan  1.041   96.5  3.809  5.371   67.9   83.1
S  -64.6  -39.8  110.6  177.6  -73.2    nan  1.017   97.2  3.805  5.412   69.5   81.3
C  -65.8  -43.3  111.4 -176.2 -165.9    nan  1.025   94.0  3.789  5.192   68.8   84.7
N  -72.0  -31.3  111.3 -179.8  -72.0    nan  1.025   94.8  3.753  5.174   56.4   72.8
S  -77.6  -26.6  109.9  175.2   57.3    nan  1.034   92.4  3.767  5.318   58.8   75.2
A  -71.6  -36.9  109.9  176.1    nan    nan  1.002   93.4  3.828  5.550   71.6   85.2
Y -128.6   68.1  112.9 -177.0  -64.1    nan  1.036   92.8  3.842  4.811    3.4   25.6
P  -58.5  125.2  114.4 -174.6   27.5    nan  1.053   89.3  3.847  6.070 -172.0 -166.6
G   82.1    3.1  113.8  177.1    nan    nan    nan   96.7  3.765    nan    nan    8.4
Q -116.0  -12.6  116.6 -174.7  -61.6    nan  1.088   58.9  3.808    nan    nan   80.0
I  -90.9  121.8  111.0 -172.8  -60.8  176.3  1.037  108.3  3.828  5.512   67.5   89.6
T  -97.1  176.2  108.6  177.4   69.6  -50.6  1.015   98.3  3.805  5.987 -155.7 -157.7
S  -68.3   -5.5  113.1  175.5   41.3    nan  1.048  109.5  3.854  5.297  -71.8  -70.0
N -101.0   14.2  110.1 -179.7  -62.4    nan  1.016   84.2  3.787  5.450   62.8   80.5
M -130.1  154.6  108.9 -177.9  -58.6    nan  0.988  133.5  3.797  5.361   53.9   70.4
F -142.9  157.8  107.6  168.5   66.7    nan  1.026  143.9  3.845  5.655  179.5 -172.7
C -103.9  146.2  106.7  179.1  -70.0    nan  0.977  110.8  3.812  5.638 -120.4 -125.9
A -146.5  144.5  103.7  178.9    nan    nan  0.954  139.0  3.780  5.596 -177.5  176.8
G  136.1 -142.8  110.1  178.2    nan    nan    nan  135.9  3.735    nan    nan   88.8
F -132.1  118.8  109.6 -172.3  -56.4    nan  1.003  122.8  3.775    nan    nan  -78.8
M  -61.9  -21.6  112.0  178.4  -70.8    nan  1.043  108.5  3.805  5.886 -117.8 -127.4
E  -74.6  -13.0  113.3  177.1  -39.9    nan  1.022   99.9  3.824  5.587   79.1   88.0
G   76.0 -166.8  111.6 -172.8    nan    nan    nan   81.1  3.786    nan    nan -116.0
G   88.5  -29.7  115.6  179.8    nan    nan    nan  103.7  3.807    nan    nan   98.3
K -140.8  132.1  105.5 -177.7  -71.0    nan  0.975  130.1  3.861    nan    nan   18.0
D -170.2  167.8  108.6 -177.3 -165.6    nan  0.983  167.1  3.820  5.569  147.2  138.9
S  -82.8  179.0  106.6  165.7   59.5    nan  1.001   83.1  3.793  5.415 -105.0  -99.7
C -161.1 -176.8  107.8 -172.6 -163.5    nan  1.003  159.9  3.865  5.454 -158.5 -156.6
Q  -56.5  137.5  108.6 -176.9  -57.5    nan  1.003   76.9  3.814  5.186  -46.1  -47.8
G   94.8  -18.3  111.7 -178.8    nan    nan    nan   92.1  3.769    nan    nan   39.6
D  -83.4  -15.2  111.3  175.1  -69.6    nan  1.033   91.0  3.836    nan    nan   81.7
S  -48.5  136.7  113.7 -179.7  -60.4    nan  1.053   74.0  3.808  5.729  111.3  121.3
G   91.0  -14.9  110.8  179.7    nan    nan    nan   94.3  3.743    nan    nan   31.5
G  -76.3  168.9  114.6 -175.7    nan    nan    nan   81.1  3.804    nan    nan   99.4
P  -82.8  135.4  119.7 -170.8   36.3    nan  1.086  104.8  3.834    nan    nan  -85.2
V -111.9  112.3  103.6  164.7  177.9  -65.8  0.963  110.1  3.850  5.941 -160.6 -171.7
V -116.1  125.7  107.3 -172.4  175.9  -65.4  0.997  118.3  3.845  5.995 -175.8  179.9
C -125.2  121.1  104.4 -177.4  -42.9    nan  0.946  118.2  3.771  5.862 -172.2  179.1
N   46.2   52.0  113.9 -177.3  -46.8    nan  1.060  101.3  3.834  5.035   -0.2  -20.5
G   71.6    8.9  116.0  177.0    nan    nan    nan  104.3  3.826    nan    nan  -69.5
Q -123.2  142.1  108.1  178.9  -63.9    nan  0.988  126.3  3.824    nan    nan   70.4
L  -75.5  108.5  107.4  179.2  178.8    nan  0.984  101.3  3.815  5.614 -108.0 -117.0
Q -101.7  -26.0  114.4  178.4  -68.5    nan  1.058   68.9  3.826  6.025 -173.9 -174.5
G -143.7  162.4  111.1 -177.8    nan    nan    nan  146.4  3.837    nan    nan   19.8
V -124.0  131.5   99.5  177.1  169.1  -71.0  0.910  118.2  3.765    nan    nan -144.8
V  -59.9  123.3  108.9  176.4 -176.4  -56.4  1.025   87.6  3.831  5.850 -107.6 -111.4
S -120.0  -60.7  113.9 -177.3  178.6    nan  1.066   56.6  3.823  5.880 -176.6 -173.6
W -158.4 -179.3  113.0 -176.6   63.0    nan  1.058  158.1  3.887  4.793  -47.7  -28.0
G  173.7  165.8  106.2  178.5    nan    nan    nan  163.0  3.818    nan    nan  173.5
Y -101.4  120.3  106.2  175.2  -79.6    nan  0.980  109.6  3.800    nan    nan -115.1
G   64.3 -159.8  109.8 -174.0    nan    nan    nan   72.5  3.790    nan    nan   -1.9
C -144.3  135.6  107.4  172.9  -56.1    nan  0.976  134.6  3.806    nan    nan -118.3
A   59.3   26.0  114.8  177.6    nan    nan  1.083  107.5  3.822  4.722   21.8    1.2
Q  -84.9  153.1  110.3  175.4  -64.2    nan  0.999   94.4  3.817  5.987  116.8  120.5
R  -61.8  134.7  110.0  174.9 -170.1    nan  1.020   83.2  3.818  5.399  -84.9  -93.7
N   61.8   23.4  114.9  178.6  -67.3    nan  1.077  106.6  3.795  4.832   27.2    1.9
K -137.8   70.9  106.7  175.3  -71.2    nan  0.984   86.6  3.769  5.367   56.1   64.6
P  -67.7  167.4  114.4  172.6   32.2    nan  1.040   73.4  3.913  6.189  176.9  177.8
G  -73.5  152.2  109.6  177.5    nan    nan    nan   84.2  3.826    nan    nan  -84.7
V -111.4  136.8  104.8  175.5 -171.6  -52.1  0.972  115.4  3.784    nan    nan -144.2
Y -129.3  144.7  110.0 -170.8  -62.9    nan  1.003  132.0  3.763  5.709 -162.3 -170.4
T  -68.3  131.9  108.8  174.9  -57.4 -178.3  1.004   88.6  3.772  5.568  -99.9 -109.8
K  -84.2   89.7  110.4 -177.5 -167.0    nan  1.007  110.3  3.869  5.787 -127.0 -132.9
V  -59.6  -31.7  112.6 -172.7  177.4  -62.0  1.050  104.8  3.809  6.121 -145.9 -147.0
C  -65.2  -14.6  111.1 -176.4   68.0    nan  1.039  108.9  3.831  5.471   75.9   93.2
N  -75.6  -11.4  115.0  171.9  -74.4    nan  1.057   99.4  3.828  5.669   75.0   90.8
Y -118.4   15.9  113.7 -171.2  -57.5    nan  1.054   68.8  3.848  5.102   44.2   64.3
R  -59.9  -42.1  112.3 -176.5  -63.6    nan  1.049   98.7  3.770  5.937  129.8  142.3
S  -74.7  -32.7  112.6 -179.0  -15.9    nan  1.038   91.3  3.822  5.383   57.1   73.4
W  -63.6  -45.0  108.6  177.6  174.7    nan  1.011   96.4  3.796  5.435   79.4   88.2
I  -63.3  -47.1  108.1 -178.1  -66.4  169.7  1.014   95.9  3.802  5.272   65.6   79.6
S  -58.5  -49.4  114.5  177.5  -64.4    nan  1.048   94.2  3.844  5.383   66.3   80.1
S  -61.1  -41.9  111.8  178.0  -57.1    nan  1.028   98.2  3.809  5.173   63.6   76.8
T  -65.9  -39.9  111.7 -178.7  -60.2  177.7  1.043   95.6  3.786  5.307   64.8   81.5
M  -68.8  -30.1  110.3 -178.3  -74.6    nan  1.016   98.7  3.780  5.232   65.8   80.1
S  -78.2  -36.5  114.5  178.5  -60.0    nan  1.047   85.6  3.831  5.343   60.5   78.7
S  -86.3    0.0  113.9  178.8  -56.6    nan  1.045   93.7  3.778  5.039   45.7   65.9
N -135.6    nan  113.9 -173.5  -68.3    nan  1.068    nan  3.845  5.144   31.9   57.1
