Id   phi    psi    tau  omega    chi    chi2  solid    eta  CA-CA  CB-CB  BA^AB  NA^AC
I    nan  130.2  103.5    nan  -66.3  173.5  0.944    nan    nan    nan    nan    nan
V -104.4  129.6  103.4 -179.0  178.3  -63.3  0.942  109.3  3.857  5.963 -148.8 -155.5
G   72.6   25.5  116.7  175.8    nan    nan    nan   94.9  3.775    nan    nan    6.9
G -104.3 -152.3  111.9  177.9    nan    nan    nan   92.9  3.843    nan    nan  104.0
Y -142.4  165.2  112.0 -177.3   54.5    nan  1.035  145.6  3.783    nan    nan -102.3
E  -71.7  130.7  108.1  176.9  -65.9    nan  0.986   91.0  3.814  5.437  -82.7  -86.2
C  -61.4  137.8  114.3 -179.6  -55.5    nan  1.042   83.5  3.808  5.691 -102.9 -111.8
R  -60.4  140.7  107.0  173.6  -66.2    nan  0.989   77.2  3.839  5.515  -96.1 -112.6
K  -45.8  -31.7  117.1 -176.0   57.4    nan  1.095  115.0  3.855  5.558  -78.3  -84.2
N  -86.5  -32.8  112.1  179.9  173.3    nan  1.041   81.2  3.790  5.255   52.7   71.0
S  -75.0  158.1  110.4 -177.3   53.2    nan  1.032   83.4  3.824  5.391   64.5   82.3
A   53.7   35.0  114.8 -179.4    nan    nan  1.078  106.9  3.791  4.673   40.5   22.6
S  -75.1   -7.4  114.6  178.4   33.6    nan  1.070  101.7  3.865  6.110  132.0  141.7
Y  -86.1   -0.9  111.4  175.4   44.2    nan  1.018   93.5  3.830  5.618   74.2   88.9
Q  -68.7  131.7  112.5 -177.8 -179.9    nan  1.036   91.4  3.846  5.695   99.7  116.9
A -116.9  156.1  108.4  174.3    nan    nan  0.989  121.9  3.813  5.855 -163.9 -172.4
S -118.4  133.1  105.5  174.7  173.9    nan  0.968  119.7  3.815  5.578 -145.5 -144.8
L  -99.5  126.2  106.5  177.5  -51.6    nan  0.981  108.9  3.838  5.936 -144.4 -149.6
Q -136.2  155.3  113.0 -171.5  -34.5    nan  1.037  140.2  3.753  5.743  177.7  173.0
S -153.7   77.2   98.5  172.2 -174.4    nan  0.883   82.3  3.769  5.403 -178.4  173.9
G   74.0  -75.5  107.5 -168.7    nan    nan    nan  110.4  3.822    nan    nan  -26.1
Y  -75.0  148.6  108.4  175.9  -43.9    nan  0.990   86.4  3.830    nan    nan   35.3
H  -90.0  125.6  104.3  168.9   33.8    nan  0.990  101.6  3.844  5.690 -124.9 -128.0
F -119.6  -15.8  113.7 -171.9   59.2    nan  1.065   55.3  3.778  5.788 -168.6 -167.3
C -152.9  165.6  108.4  179.7  -85.4    nan  1.008  153.9  3.858  5.007   -0.8   16.6
G -102.2 -178.1  107.1  175.6    nan    nan    nan  101.6  3.789    nan    nan -115.9
G -166.9  179.5  106.6  176.7    nan    nan    nan  167.1  3.819    nan    nan -164.0
S -141.9  146.7  110.1  171.0   40.2    nan  1.045  140.7  3.805    nan    nan -139.3
L  -83.4  116.1  107.9 -175.7 -164.1    nan  0.989  102.9  3.772  5.522 -106.5 -118.1
I -104.3  -14.2  109.6 -179.9   53.9  -71.0  1.050   71.4  3.848  6.102 -170.6 -168.7
S -154.4  173.9  105.3  172.7   80.2    nan  0.979  155.3  3.841  5.139   -3.0   10.7
S  -63.8  -22.8  112.8  178.7   54.5    nan  1.054  105.8  3.833  5.306  -70.5  -66.2
T -113.1    3.0  115.2  177.1   46.2  -77.3  1.084   68.2  3.872  5.354   26.6   52.6
W -131.4  136.9  112.7 -177.7  -70.6    nan  1.058  132.9  3.865  5.306   43.2   60.6
V -120.3  137.6  107.9  179.4  176.8  -64.2  0.991  123.5  3.781  5.729 -156.6 -170.0
V -109.8  146.4  106.2  171.5  -26.0  101.9  1.051  115.4  3.873  6.116 -163.4 -156.0
S -148.1 -164.7  105.4 -179.4 -174.3    nan  0.970  141.4  3.780  5.617 -172.4  175.5
A  -97.1  137.1  108.7  180.0    nan    nan  0.988  107.9  3.845  5.167  -82.5  -74.1
A  -60.0  -26.0  114.5  176.9    nan    nan  1.052  107.0  3.870  5.656  -99.6 -106.7
H  -74.7   -9.0  111.1  178.8   78.1    nan  1.058  101.9  3.837  5.481   67.3   86.2
C  -89.4    7.1  109.7  174.3  -64.1    nan  0.993   92.9  3.855  5.727   71.4   83.0
Y  -54.2  131.8  116.2 -178.1  177.7    nan  1.066   82.9  3.876  5.905  127.9  138.9
K -143.3  149.7  103.6  167.6  -86.2    nan  0.962  139.7  3.819  5.726  166.5  153.3
S  -78.6  -20.5  114.4 -171.5   65.8    nan  1.094   92.5  3.831  5.730 -108.3  -98.9
R -130.0  120.0  105.1  177.7  -75.1    nan  0.972  119.6  3.810  5.093   17.9   33.7
I -130.7  134.0  107.8 -176.3  -64.9  175.8  0.996  128.3  3.850  6.010  172.4  170.3
Q  -96.8  125.4  104.7  172.7 -177.5    nan  0.954  105.9  3.785  5.812 -141.5 -149.5
V  -98.9  131.2  107.4 -179.9  174.1  -63.8  1.007  108.9  3.782  5.904 -152.7 -155.0
R -113.0  131.0  106.9  178.9  177.2    nan  0.986  117.3  3.779  5.861 -158.2 -164.6
L -123.8  153.4  106.5  178.2  -60.2    nan  0.969  127.1  3.760  5.754 -168.6 -177.6
G  141.3 -155.7  113.7 -179.9    nan    nan    nan  144.5  3.787    nan    nan  103.9
E  -40.6  143.0  113.4  179.5  173.7    nan  1.021   63.2  3.745    nan    nan   -4.6
H  -70.6  -19.5  111.0  178.2  -74.8    nan  1.045  101.6  3.850  5.821 -108.4 -109.5
N  -97.7  110.6  104.8  178.8 -178.4    nan  0.965  106.5  3.819  5.405   52.5   67.9
I  -73.5  -11.3  114.0 -178.3   40.7  -81.6  1.087  101.7  3.813  6.102 -142.3 -141.4
A  -86.5  -55.6  109.3  178.7    nan    nan  1.000   76.3  3.816  5.670   78.8   87.6
V  -74.9  103.2  111.8 -174.4  -62.0   59.8  1.072  106.8  3.786  5.084   44.2   63.7
N -101.7  144.0  109.5  175.4 -173.8    nan  1.023  110.9  3.753  6.029 -173.0  174.8
E -158.0   55.8  104.4  177.3   43.3    nan  0.967   63.7  3.746  5.491  170.3  157.8
G   61.6   12.7  116.7  180.0    nan    nan    nan  112.1  3.820    nan    nan  -70.6
T  -66.7  -46.0  112.9  175.8   37.6  -85.4  1.031   91.0  3.841    nan    nan  125.5
E  -68.3  155.1  114.6 -178.4  -56.6    nan  1.037   80.1  3.788  5.112   58.1   75.2
Q -133.4  129.2  103.7  171.9  -59.7    nan  0.943  124.6  3.734  5.420 -157.5 -166.6
F -114.5  113.6  105.4  176.0  -69.4    nan  0.952  112.8  3.806  5.779 -164.8 -168.7
I -122.4  128.4  107.6 -177.4  -61.4  179.4  1.004  122.2  3.807  5.916  172.6  170.9
D  -79.4  151.2  112.4  178.6  -70.9    nan  1.029   91.1  3.791  5.811 -126.5 -132.6
S  -71.4  140.1  112.0  173.0   64.0    nan  1.026   89.0  3.790  5.420  -97.5 -106.6
V -107.5  -24.7  109.4  169.1   64.5 -174.7  1.032   66.1  3.799  5.702 -155.9 -154.4
K -141.4  141.9  108.5  176.3  -64.0    nan  0.996  137.4  3.900  5.288   -2.5   17.9
V -135.5  118.0  102.1  179.1  178.9  -60.5  0.955  117.7  3.823  5.684 -171.5 -176.9
I -124.2  106.4  109.2 -171.6  -56.2 -179.1  0.996  114.8  3.824  5.924 -178.0  178.2
M  -77.1  160.2  108.4  174.0  -60.7    nan  0.983   83.9  3.785  6.040 -145.8 -158.2
H  -61.5  138.8  106.5  175.1 -170.7    nan  0.978   78.8  3.823  5.324  -77.0  -84.6
P  -59.6  -28.7  115.4  179.2   19.2    nan  1.064  105.4  3.875  5.622 -100.2 -101.6
S -104.0   21.8  116.0  176.5  -51.8    nan  1.073   86.2  3.819  5.280   28.8   55.8
Y  -57.8  133.1  108.2  177.8  164.4    nan  1.005   80.2  3.811  6.047  141.5  143.5
N -119.5  114.5  107.5  179.6  175.7    nan  0.983  116.3  3.800  5.776 -164.3 -168.3
S  -75.7  -10.7  114.6 -177.5   54.0    nan  1.072   99.7  3.801  5.988 -141.7 -138.7
R  -75.1  -46.6  107.3  179.0  171.8    nan  0.999   88.2  3.838  5.779   87.9   98.9
N -112.0    0.6  115.7 -176.8   63.9    nan  1.077   68.3  3.784  4.753   10.0   35.8
L   62.2   31.1  114.5 -178.3  -61.5    nan  1.093  102.1  3.842  5.616 -125.7 -119.9
D  -74.3  139.8  106.5  174.8 -166.3    nan  0.974   88.3  3.759  6.051  134.8  133.7
N   62.2   46.5  109.3  180.0  -57.8    nan  1.018   96.2  3.808  4.842   34.1   11.2
D  -81.6   76.9  111.3 -179.4 -167.6    nan  1.034  112.5  3.774  6.017  139.6  147.5
I -151.0  146.2  109.5 -178.9 -168.1   66.6  1.042  144.8  3.793  5.670  103.7  103.3
M -147.6  150.7  110.0 -176.5  162.0    nan  1.005  145.7  3.764  5.581 -173.3  175.8
L -118.1  140.9  107.6  176.1  -94.9    nan  0.978  122.3  3.839  5.745 -148.4 -149.5
I -119.9  125.3  107.4  179.0  -59.4  177.7  0.989  119.9  3.819  5.746 -158.4 -160.9
K  -95.1  126.8  107.6  176.7 -172.8    nan  1.001  107.1  3.807  5.905 -149.1 -153.7
L  -78.8  139.8  111.0  179.4  -58.9    nan  1.023   94.4  3.860  5.859 -126.6 -135.2
S  -71.1  -11.1  113.0 -178.7   60.0    nan  1.067  104.3  3.800  5.705 -108.1 -111.8
K -152.2  154.0  104.4  173.9   53.6    nan  0.977  147.8  3.835  5.171    2.9   16.6
P  -71.1  144.3  111.9 -179.3  -17.8    nan  1.007   86.8  3.822  5.421  -92.6  -95.5
A  -74.5  149.2  109.3  176.4    nan    nan  0.985   86.2  3.757  5.580 -105.0 -116.5
S  -85.4  113.5  105.8  172.6  -57.3    nan  0.960  102.5  3.785  5.509 -113.7 -123.2
L  -87.6  137.0  106.0  179.9  -92.1    nan  0.984   99.1  3.747  5.843 -151.8 -157.6
N -168.8 -171.7  107.5 -170.6   58.8    nan  0.994  164.2  3.760  5.582  158.1  146.8
S  -53.5  -27.5  115.1  179.8  -32.5    nan  1.063  111.7  3.801  4.901  -45.8  -39.5
Y  -91.5  -35.8  112.0  179.1  -56.9    nan  1.032   76.1  3.870  5.416   48.1   69.1
V -117.3  115.5  112.7 -170.3  180.0  -60.2  1.031  120.4  3.868  4.841   23.9   42.1
S -134.0  175.0  111.0  176.3   48.7    nan  1.008  135.6  3.875  5.807  160.6  156.8
T -103.5  165.2  110.8  178.0   55.4  -65.5  1.041  108.3  3.867  5.514 -114.6 -103.9
V -115.8  149.5  102.3  176.0 -140.8  -11.8  0.904  118.2  3.878  5.761 -122.9 -131.5
A  -84.7  149.3  113.1  175.3    nan    nan  1.032   96.9  3.821  5.458 -115.9 -114.2
L  -74.0  140.1  107.9  171.9  -69.5    nan  0.983   88.7  3.807  5.438 -100.1 -112.7
P  -65.0  140.5  115.9  178.7   37.3    nan  1.042   85.8  3.878  5.530 -103.4 -106.0
S -100.4   -6.6  108.9  170.3  -98.7    nan  1.010   77.5  3.852  5.922 -143.7 -147.4
S -145.7  155.1  108.2  175.3   39.7    nan  0.994  145.4  3.863  5.102   16.1   29.3
C  -76.2  154.8  112.6  176.7  -62.3    nan  1.029   86.7  3.832  5.550  -99.2 -101.1
A  -88.4  154.8  107.4 -179.2    nan    nan  0.990   95.9  3.812  5.536 -111.4 -111.8
S  -96.1  162.4  113.0 -179.5   45.5    nan  1.042  102.7  3.809  5.583 -122.3 -117.8
S  -51.6  139.6  108.8  175.0  -47.2    nan  0.981   71.9  3.842  5.229  -62.9  -73.0
G   91.1  -18.5  110.7  178.8    nan    nan    nan   95.4  3.785    nan    nan   37.7
T  -60.5  141.0  106.5  175.3  -49.3 -170.6  0.980   76.8  3.820    nan    nan  101.7
R  -95.9  140.5  105.6  179.2  -78.1    nan  0.991  104.5  3.784  5.785 -133.9 -136.5
C -138.0  174.6  110.0 -173.3  -54.7    nan  1.001  139.6  3.765  5.638 -168.4 -176.6
L -127.3  129.1  109.0  179.8  179.9    nan  0.993  125.7  3.770  5.376 -133.7 -128.5
V -107.6  149.9  105.5  172.9 -132.9   -0.2  0.920  112.9  3.821  6.021 -147.7 -166.6
S -145.6  159.0  112.0  173.5   49.1    nan  1.052  147.8  3.761  5.234  177.6 -176.7
G  171.5  171.8  111.9  175.1    nan    nan    nan  166.2  3.792    nan    nan  143.4
W -104.2   23.5  110.6  176.5  -70.5    nan  1.024   84.9  3.807    nan    nan -111.6
G  -76.3 -173.7  114.1  178.2    nan    nan    nan   73.8  3.832    nan    nan  130.4
N  -58.2  130.6  114.3 -178.3 -156.7    nan  1.050   85.6  3.739    nan    nan  -45.1
L  -79.3  -14.4  111.9  177.3  -61.6    nan  1.036   95.1  3.766  5.759 -122.1 -138.1
S -128.4  146.6  112.3 -173.1 -178.1    nan  1.023  133.1  3.852  5.047   30.9   49.5
G  -87.5   -8.3  111.6  172.1    nan    nan    nan   89.4  3.768    nan    nan -128.4
S -113.1  -54.8  111.6  179.9  -32.3    nan  1.025   59.8  3.873    nan    nan   65.0
S  -94.5 -179.6  110.4 -179.0  -57.7    nan  1.007   94.3  3.846  4.941   23.7   41.7
S -111.8  115.6  104.2  168.2  -62.4    nan  0.955  111.5  3.807  5.373 -119.5 -111.7
N -147.0  121.0  104.4  177.1 -166.2    nan  0.969  123.2  3.821  5.716  146.1  145.2
Y -114.3  138.5  112.2 -169.9  -63.2    nan  1.046  122.4  3.804  5.960 -167.1 -167.0
P  -85.9  152.3  115.5 -177.7   37.1    nan  1.035   97.8  3.826  5.580 -123.3 -125.8
D  -87.6  -20.2  109.0  168.0  -73.4    nan  0.993   85.8  3.785  5.680 -120.0 -121.1
T -105.3  129.7  108.3 -178.0  -61.9  179.7  1.005  113.7  3.812  5.165   43.2   62.9
L  -50.0  130.3  111.4  178.9 -173.4    nan  1.019   78.4  3.782  5.608  -90.7 -107.2
R -104.6  153.9  110.5  178.9  -61.1    nan  1.021  112.0  3.791  5.860 -152.1 -157.5
C -127.7  148.6  110.8 -179.1  -84.0    nan  1.012  131.9  3.819  5.530 -150.1 -154.8
L -141.5  131.8  107.6  176.0  179.8    nan  0.990  131.5  3.821  5.685 -173.7 -176.5
D  -90.2  130.9  105.5  175.1  -54.4    nan  0.963  101.8  3.823  5.797 -134.8 -143.7
L -149.6  150.2  111.1 -177.4   75.4    nan  1.036  147.0  3.807  5.626  161.6  162.2
P  -92.4  151.4  113.8  176.1   40.0    nan  1.013  103.3  3.819  5.535 -121.6 -123.3
I  -72.0  130.1  107.6  168.5  -64.1  173.8  1.010   91.3  3.732  5.496 -104.9 -110.0
L  -90.5  163.2  109.5  179.5  -60.9    nan  1.008   96.0  3.851  5.955 -135.4 -142.7
S  -78.8  156.4  108.5 -177.2   60.9    nan  0.989   87.0  3.765  5.352  -88.6  -93.4
S  -56.3  -35.9  113.2  178.3  -45.6    nan  1.037  104.9  3.758  5.191  -76.6  -81.6
S  -66.2  -50.0  108.7 -179.6  -36.9    nan  1.004   92.0  3.803  5.316   68.8   85.0
S  -58.1  -41.3  111.9  175.3  -45.1    nan  1.030  100.8  3.828  5.413   64.5   75.6
C  -64.7  -44.3  110.3 -177.2 -168.1    nan  1.014   95.0  3.814  5.219   70.7   83.7
N  -71.1  -29.1  112.8  179.5  -73.0    nan  1.048   96.0  3.765  5.181   54.5   72.6
S  -67.2  -41.4  110.1  173.1  -57.7    nan  1.010   94.6  3.781  5.496   76.9   85.0
A  -67.7  -38.9  111.4 -179.6    nan    nan  1.026   94.8  3.793  5.205   64.7   78.8
Y -132.1   73.1  112.9 -177.6  -58.4    nan  1.053   94.6  3.858  4.885   -3.0   20.6
P  -59.2  120.3  113.3 -174.5  -22.1    nan  1.028   92.0  3.831  6.088 -161.1 -163.8
G   80.1   12.4  112.0  176.7    nan    nan    nan   95.1  3.758    nan    nan    2.2
Q -121.1   -3.2  114.8 -179.3  -65.5    nan  1.061   57.6  3.791    nan    nan   79.2
I -101.7  126.2  106.1 -177.8  -60.6  179.1  0.983  109.8  3.832  5.488   65.0   82.2
T  -97.9  177.4  105.0  174.7   66.7  -53.2  0.975   98.5  3.813  6.027 -150.8 -156.9
S  -69.4   -9.5  111.5  176.5   52.8    nan  1.025  106.9  3.828  5.205  -70.6  -69.6
N  -97.4   17.8  112.8 -179.0  -61.7    nan  1.032   89.7  3.823  5.416   62.4   81.4
M -134.3  150.0  109.7 -175.1  -68.2    nan  0.985  136.5  3.813  5.368   56.9   69.6
F -143.5  159.3  105.5  170.4   62.5    nan  0.991  143.9  3.793  5.620  178.8 -178.7
C -101.3  149.4  109.3  177.3  -70.4    nan  0.994  109.5  3.798  5.510 -118.2 -121.9
A -152.4  150.6  103.3  177.7    nan    nan  0.952  145.5  3.796  5.524  178.1  173.6
G  125.4 -142.6  111.9 -178.1    nan    nan    nan  130.1  3.762    nan    nan   85.9
F -135.3  126.0  109.6 -169.4  -52.8    nan  1.002  127.5  3.811    nan    nan  -80.4
M  -71.8  -15.8  111.8 -179.1  -68.7    nan  1.046  101.8  3.785  5.809 -121.5 -127.6
E  -81.3  -15.3  110.0  177.2   58.4    nan  1.032   93.3  3.803  5.601   72.1   87.3
G   90.4 -163.1  107.9 -179.9    nan    nan    nan   95.5  3.795    nan    nan -109.0
G   86.8  -35.1  118.4  178.0    nan    nan    nan  108.6  3.784    nan    nan   98.5
K -136.2  132.8  107.5 -178.7  -53.1    nan  0.980  130.0  3.808    nan    nan   18.5
D -173.0  163.9  109.4 -173.6 -166.8    nan  0.999  164.8  3.832  5.508  147.2  136.8
S  -80.2  174.6  104.1  168.9   42.3    nan  0.965   81.5  3.830  5.488  -99.1 -101.5
C -157.6 -176.8  108.9 -175.4 -164.4    nan  1.011  156.4  3.818  5.407 -162.8 -158.4
Q  -51.8  134.5  111.4  177.5   54.7    nan  1.048   76.7  3.843  5.162  -47.4  -45.8
G   94.2  -14.4  111.7 -176.8    nan    nan    nan   91.2  3.822    nan    nan   36.2
D  -89.7  -15.8  111.0  175.7  -69.4    nan  1.032   84.7  3.809    nan    nan   79.6
S  -47.0  135.4  114.5 -179.9  -62.5    nan  1.064   74.2  3.839  5.683  109.2  122.0
G   92.2  -14.0  111.9 -178.7    nan    nan    nan   93.1  3.800    nan    nan   32.5
G  -75.1  162.5  114.8 -176.0    nan    nan    nan   82.9  3.803    nan    nan  101.1
P  -76.5  139.7  118.8 -175.6   35.9    nan  1.059   97.2  3.872    nan    nan  -90.0
V -118.9  109.0  100.9  167.2  176.2  -67.1  0.933  108.3  3.857  5.893 -163.3 -172.4
V -114.4  130.3  109.1 -172.3  175.4  -69.3  1.021  119.6  3.800  5.926  177.6 -179.2
C -128.7  119.4  104.4 -176.6  -42.7    nan  0.943  118.4  3.789  5.836 -170.0  179.6
N   53.1   51.3  116.1  178.6  -67.8    nan  1.082   95.8  3.854  4.953   -1.7  -19.2
G   67.0   18.0  113.7 -178.7    nan    nan    nan  104.9  3.763    nan    nan  -71.0
Q -129.8  140.2  111.0 -178.8  -50.2    nan  1.022  132.0  3.869    nan    nan   74.1
L  -72.1  107.4  111.1  176.1 -174.0    nan  1.030  103.6  3.785  5.572 -107.3 -117.5
Q -104.1  -25.4  114.4  178.1  -71.0    nan  1.063   66.9  3.819  5.979 -176.4 -178.6
G -141.4  161.5  111.5 -178.5    nan    nan    nan  144.5  3.826    nan    nan   22.9
V -122.8  133.5  100.6  174.6  165.5  -76.0  0.916  119.0  3.778    nan    nan -144.4
V  -61.1  124.5  109.9  177.9 -178.6  -55.6  1.022   88.3  3.862  5.880 -106.9 -109.1
S -122.2  -61.4  114.1 -171.8 -175.4    nan  1.069   56.0  3.833  5.880 -173.5 -172.7
W -162.0  179.0  110.9 -177.7   64.2    nan  1.025  162.3  3.840  4.688  -49.6  -33.5
G  176.6  169.0  108.6  176.6    nan    nan    nan  167.5  3.815    nan    nan  174.1
Y  -95.8  108.3  105.8  177.7  -77.5    nan  0.969  106.8  3.876    nan    nan -105.4
G   65.7 -148.8  107.9 -175.1    nan    nan    nan   78.1  3.781    nan    nan  -12.9
C -145.5  131.8  106.6  176.2  -56.3    nan  0.975  132.0  3.775    nan    nan -106.3
A   66.3   23.4  112.3  171.8    nan    nan  1.053  103.4  3.799  4.620   20.3    0.6
Q  -82.5  153.1  111.6  175.0  -68.9    nan  1.020   92.8  3.795  5.911  110.6  121.0
R  -69.7  135.4  106.7 -177.5   58.2    nan  1.002   86.7  3.780  5.491  -89.8  -98.2
N   64.4   15.6  114.6 -179.7  -62.9    nan  1.080  108.4  3.756  4.827   31.5    7.5
K -126.6   73.8  108.3  173.4  -58.0    nan  1.005   94.3  3.807  5.477   56.3   68.9
P  -66.6  164.9  112.2  177.3   36.0    nan  1.005   73.0  3.872  6.094 -174.6 -175.4
G  -74.5  146.0  110.1  175.5    nan    nan    nan   87.9  3.843    nan    nan  -90.4
V -110.8  137.0  104.0 -179.5 -175.7  -55.2  0.966  114.4  3.827    nan    nan -148.8
Y -130.9  146.0  110.1 -169.4  -65.3    nan  1.008  133.5  3.793  5.731 -162.9 -170.7
T  -73.1  129.6  105.5  178.1  -60.8  180.0  0.970   90.7  3.821  5.651 -102.2 -110.7
K  -79.8   94.0  109.8 -179.0 -169.6    nan  1.004  108.7  3.814  5.779 -126.2 -131.4
V  -64.1  -29.2  113.5 -171.6  174.7  -64.9  1.067  101.9  3.825  6.127 -146.2 -146.1
C  -66.0  -18.5  110.2 -178.4   64.7    nan  1.035  106.6  3.815  5.513   77.3   93.1
N  -74.6   -9.5  111.9  174.9  -70.0    nan  1.026  101.6  3.881  5.729   76.3   89.4
Y -114.2   11.3  114.6 -174.7  -60.9    nan  1.064   70.8  3.836  5.208   47.9   68.1
R  -56.3  -41.5  111.4 -175.3 -173.4    nan  1.036  102.4  3.834  5.951  132.0  141.8
S  -72.8  -45.3  110.3  178.7  -53.9    nan  1.030   88.5  3.827  5.370   56.6   72.7
W  -60.0  -45.1  110.4  179.2  176.7    nan  1.033   98.0  3.849  5.398   69.2   81.4
I  -60.4  -49.0  112.0  177.6  -59.4  177.7  1.053   94.5  3.851  5.444   66.6   80.1
S  -57.8  -46.6  113.7  178.8  -67.7    nan  1.040   96.8  3.824  5.249   68.7   80.7
S  -66.5  -42.7  111.8  177.9  -38.0    nan  1.014   93.6  3.841  5.315   62.5   73.8
T  -66.9  -42.4  110.0  180.0  -52.4 -170.6  1.028   94.4  3.787  5.170   65.0   78.3
M  -63.3  -40.7  112.2  175.8  -74.6    nan  1.027   96.9  3.849  5.468   66.4   78.4
S  -65.0  -34.1  114.7 -179.6  -63.0    nan  1.052   97.9  3.830  5.287   69.9   83.1
S  -97.6    4.5  114.8 -175.1  -51.7    nan  1.046   84.3  3.759  4.957   42.4   62.3
N -135.4    nan  109.2 -174.5  -70.2    nan  1.020    nan  3.833  5.190   40.5   58.8
