Id   phi    psi    tau  omega    chi    chi2  solid    eta  CA-CA  CB-CB  BA^AB  NA^AC
I    nan  135.7   99.1    nan  -73.5  163.5  0.908    nan    nan    nan    nan    nan
V -104.7  127.0  106.0  179.7  178.7  -61.2  0.964  111.4  3.819  5.920 -148.8 -148.1
G   68.9   32.3  114.9  175.7    nan    nan    nan   95.4  3.842    nan    nan    0.6
G -106.2 -160.3  108.6  179.9    nan    nan    nan   99.2  3.801    nan    nan  108.3
Y -139.7  157.3  109.0 -177.1   56.7    nan  1.007  141.7  3.820    nan    nan -110.5
E  -68.6  132.3  107.7  179.7  -61.4    nan  1.000   87.9  3.818  5.574  -87.6  -91.3
C  -67.6  142.6  109.4  178.9  -48.9    nan  1.000   83.4  3.762  5.714 -106.9 -118.8
R  -67.6  151.7  106.0  173.4  -59.3    nan  0.990   77.6  3.737  5.470 -100.3 -113.5
K  -47.7  -43.2  113.8 -175.7  -43.0    nan  1.055  106.6  3.762  5.229  -66.0  -77.6
N  -83.1  -14.2  111.7  179.2   62.7    nan  1.025   91.5  3.791  5.108   45.8   62.0
S  -84.0  153.7  109.9 -177.9  -52.4    nan  1.000   93.3  3.814  5.534   75.6   90.2
A   53.6   44.7  114.6  173.0    nan    nan  1.071  100.7  3.729  4.407   30.4   12.4
S  -78.0   -3.1  114.4  179.5   35.5    nan  1.081  100.7  3.817  6.066  138.7  148.2
Y  -82.5   -4.5  112.6  169.8   46.6    nan  1.040   95.8  3.879  5.849   77.6   92.1
Q  -74.1  128.5  112.6 -174.2  175.9    nan  1.041   96.8  3.852  5.674   93.5  111.6
A -115.1  155.3  107.8  176.9    nan    nan  0.979  120.1  3.811  5.873 -161.7 -173.1
S -115.6  148.2  101.4  171.3  -25.8    nan  0.920  117.4  3.840  5.690 -139.7 -146.0
L -120.3  135.0  105.5  178.4  -44.4    nan  0.952  121.3  3.814  5.695 -149.8 -151.5
Q -101.8   85.2  101.4  170.9  -74.7    nan  0.915  100.2  3.772  5.702 -143.0 -155.9
S  -85.6   82.9  100.7  178.2  -47.7    nan  0.925  101.2  3.809  6.103 -176.7  177.1
G   70.8 -112.3  105.4 -174.3    nan    nan    nan   96.2  3.722    nan    nan  -28.8
Y -110.2   -2.5  110.7  178.2  -67.6    nan  1.035   68.9  3.781    nan    nan  -30.7
H  -86.5  150.5  106.9  177.5 -179.5    nan  1.001   95.1  3.801  5.709   78.7   94.1
F -114.9  135.0  110.3 -178.1  169.9    nan  1.010  121.3  3.810  5.630 -139.8 -144.3
C -146.0  161.0  105.4  174.1  -76.8    nan  0.960  146.3  3.800  5.745  170.3  160.8
G  -90.1 -178.0  107.0  172.8    nan    nan    nan   89.5  3.796    nan    nan -111.1
G -168.3 -179.6  106.8  175.9    nan    nan    nan  168.1  3.784    nan    nan -165.5
S -143.6  143.8  111.2  173.9   49.9    nan  1.054  140.9  3.806    nan    nan -139.4
L  -83.1  123.0  109.5 -177.5 -167.9    nan  1.014  102.3  3.779  5.583 -111.6 -120.9
I -109.1   -9.5  113.2  178.6   49.1  -79.6  1.080   67.5  3.824  6.018 -168.6 -166.9
S -163.5  174.1  103.7  174.6   84.4    nan  0.966  163.8  3.818  5.070   -2.8    6.4
S  -65.1  -22.1  111.7 -175.7   57.1    nan  1.032  105.3  3.786  5.274  -66.4  -64.2
T -115.4   -4.5  113.0 -179.1   43.7  -79.0  1.064   62.9  3.754  5.088   27.6   53.2
W -124.1  140.1  113.7 -176.8  -73.4    nan  1.061  130.1  3.841  5.259   40.5   63.3
V -120.7  135.8  107.7 -176.9  168.5  -72.4  0.983  123.2  3.811  5.701 -152.5 -163.8
V -107.2  144.4  110.0  169.2    1.4  125.5  1.093  115.6  3.834  6.042 -168.0 -154.7
S -145.5 -165.4  108.0  177.5 -169.0    nan  0.987  138.9  3.817  5.657 -173.5  173.8
A  -98.1  137.6  106.1 -178.6    nan    nan  0.966  106.8  3.817  5.163  -83.2  -75.4
A  -61.1  -24.3  114.3  177.8    nan    nan  1.049  107.0  3.837  5.644  -99.3 -106.4
H  -73.6   -7.2  110.3  178.3   78.0    nan  1.062  103.8  3.807  5.527   70.8   87.8
C  -96.4   10.9  110.2  174.5  -61.1    nan  1.006   87.4  3.840  5.684   66.0   78.9
Y  -59.5  142.6  115.8 -175.2  169.9    nan  1.074   79.9  3.839  5.943  125.4  140.1
K -150.4  151.1  105.0  162.8 -146.2    nan  0.980  145.3  3.752  5.567  165.9  157.0
S  -70.1  -19.5  113.1 -174.8   62.9    nan  1.063  101.4  3.862  5.662  -95.5  -93.5
R -131.6  122.0  108.2  174.6 -108.3    nan  1.009  123.4  3.808  5.120   12.8   32.1
I -127.1  139.4  110.0 -178.5  -59.1 -178.0  1.019  129.5  3.793  5.861  179.0  172.2
Q -102.8  124.9  107.6  168.0 -176.4    nan  0.994  111.7  3.834  5.892 -146.8 -151.4
V  -95.9  135.6  106.8  179.9 -178.7  -58.8  0.990  105.9  3.794  5.825 -145.6 -154.9
R -114.9  132.0  105.8  179.2  -54.6    nan  0.975  117.7  3.808  5.809 -155.7 -163.0
L -132.0  161.1  109.5 -177.1  -62.5    nan  1.000  135.5  3.802  5.779 -176.2  180.0
G   73.3   26.0  114.4  173.4    nan    nan    nan   94.8  3.833    nan    nan   41.2
E -117.2  140.0  111.1 -172.6 -175.7    nan  0.999  123.8  3.764    nan    nan   98.1
H -121.9  -37.0  106.4  171.5 -105.2    nan  1.017   55.5  3.790  5.894 -173.9 -165.8
N -108.8  109.0  105.4  176.1 -174.1    nan  0.978  110.0  3.830  5.283   21.2   38.3
I  -77.1  -11.6  113.9 -177.5   55.9  -68.9  1.074   98.0  3.800  6.042 -145.2 -145.8
A  -78.6  -29.6  112.2 -179.7    nan    nan  1.028   89.3  3.843  5.682   85.5   97.0
V -126.5  169.5  116.1 -177.2  -65.2   59.5  1.096  130.5  3.822  4.905   12.1   35.9
N  -82.5  134.4  109.6 -179.9  172.2    nan  1.006   98.3  3.819  5.249  -86.2  -91.6
E -122.8   -0.5  111.7  176.7  -64.6    nan  1.025   57.0  3.809  5.772 -168.6 -171.5
G   80.1  -17.7  114.3  179.9    nan    nan    nan  106.7  3.849    nan    nan -106.2
T  -89.0   -6.2  118.4 -177.9   49.2  -73.3  1.084   88.1  3.824    nan    nan   84.3
E  -67.4  146.8  114.6 -173.4  -69.3    nan  1.067   83.6  3.792  5.634   95.0  117.8
Q -135.0  123.3  103.5  175.9  -73.1    nan  0.950  121.7  3.832  5.746 -165.3 -174.4
F -112.1  118.1  105.6 -180.0  -73.1    nan  0.983  113.3  3.849  5.974 -166.9 -169.9
I -133.4  132.2  106.8 -173.4  -59.8  179.9  0.976  128.1  3.831  5.850  170.7  167.9
D  -82.3  152.6  113.4  176.4  -62.2    nan  1.048   93.6  3.864  5.916 -131.8 -131.8
S  -74.2  156.5  109.1  179.0   58.6    nan  0.996   82.9  3.785  5.450  -95.5 -104.4
V -118.2  -27.6  110.4  171.8   64.8 -170.3  1.032   55.9  3.790  5.556 -151.0 -143.9
K -138.0  138.8  107.7  176.1  -65.8    nan  0.983  133.9  3.854  5.188   -3.5   17.9
V -125.6  121.5  104.4  175.2  178.8  -65.6  0.990  118.4  3.838  5.805 -171.5 -170.4
I -125.0  103.4  110.0 -173.3  -58.1  179.0  1.034  113.9  3.864  6.009 -179.6 -178.5
M  -73.4  151.3  109.4  175.1  -69.5    nan  1.000   84.4  3.808  6.088 -141.7 -157.5
H  -56.6  138.8  110.2  174.3 -170.6    nan  1.017   77.0  3.803  5.386  -81.6  -89.0
P  -52.1  -36.1  114.7  179.9  -25.8    nan  1.030  107.5  3.877  5.515  -87.7  -95.4
S -104.8   23.7  116.7 -179.6  -55.5    nan  1.094   86.6  3.837  5.058   20.4   51.1
Y  -54.7  132.1  107.9  173.9  168.8    nan  0.995   78.3  3.813  6.123  146.3  144.7
N -123.1  111.3  107.7 -179.0 -176.4    nan  0.983  115.8  3.819  5.815 -166.7 -172.7
S  -70.7  -15.4  112.6 -178.6   62.9    nan  1.048  102.9  3.778  5.951 -136.5 -139.9
R  -66.8  -45.1  110.8  179.1 -168.3    nan  1.020   92.7  3.846  5.735   91.2  103.0
N -125.7    7.4  111.2 -175.2   61.6    nan  1.028   57.3  3.786  4.673    1.3   22.8
L   60.1   32.0  112.9 -179.4  -59.0    nan  1.082  104.1  3.861  5.626 -120.2 -116.6
D  -72.4  136.3  107.8  173.1 -161.2    nan  0.989   89.0  3.792  6.121  136.6  135.4
N   62.4   46.1  110.4 -179.0  -58.2    nan  1.029   95.7  3.830  4.872   30.8    8.0
D  -82.6   74.5  110.5 -178.8 -168.6    nan  1.036  111.7  3.783  6.054  138.1  146.0
I -147.5  145.9  109.8 -179.8 -171.2   65.5  1.038  143.1  3.802  5.716  104.8  104.8
M -150.0  151.2  107.2  179.7  101.3    nan  0.996  146.1  3.814  5.688  178.9  172.7
L -114.2  137.8  109.6  178.3  -72.6    nan  1.013  120.6  3.777  5.622 -141.9 -145.2
I -120.2  123.8  107.5 -178.7  -63.2  177.0  0.980  119.7  3.805  5.775 -157.0 -165.1
K  -96.6  129.5  106.4  175.4 -164.3    nan  0.970  106.8  3.825  5.943 -150.9 -157.6
L  -81.2  144.8  109.3 -178.6  -59.4    nan  1.002   93.6  3.790  5.725 -126.5 -133.4
S  -68.8  -23.6  112.6 -179.8   55.6    nan  1.051  100.8  3.824  5.691 -101.4 -104.2
K -140.7  146.6  106.4  176.1   56.0    nan  0.981  138.1  3.851  5.066    3.3   19.0
P  -65.0  145.0  114.9  177.2   30.3    nan  1.046   82.6  3.855  5.510  -98.9  -98.9
A  -71.9  148.4  107.1  175.4    nan    nan  0.962   83.2  3.735  5.533  -99.7 -115.2
S  -89.3  110.5  105.9  174.6  -51.1    nan  0.966  104.6  3.840  5.657 -119.9 -125.5
L  -78.0  140.7  108.1 -178.8  -57.6    nan  1.005   91.7  3.784  5.926 -145.2 -148.4
N -160.1 -154.5  102.9 -177.3   53.1    nan  0.963  144.7  3.774  5.628  166.5  156.5
S  -75.3  -31.5  114.0 -175.6   19.8    nan  1.061   90.6  3.804  5.022  -52.3  -37.5
Y  -93.2  -10.9  112.4 -175.9  -56.6    nan  1.049   82.7  3.755  5.066   43.7   67.4
V -132.7  110.0  104.9 -177.9 -179.5  -62.4  0.968  114.2  3.840  5.203   25.2   42.9
S -135.5  170.3  109.6  179.3   53.6    nan  1.015  137.9  3.791  5.836  154.3  153.1
T -101.9  160.3  108.4  179.0   57.2  -64.0  0.996  107.4  3.785  5.408 -112.0 -109.0
V -116.2  148.0  103.6  175.3   64.0 -170.3  0.980  119.0  3.821  5.664 -141.3 -137.5
A  -81.7  150.1  111.7 -176.5    nan    nan  1.024   93.3  3.775  5.752 -107.4 -110.4
L  -76.4  153.3  106.6  175.5  -69.6    nan  0.996   85.1  3.761  5.413 -105.1 -111.9
P  -68.5  141.5  111.8 -176.0   32.7    nan  1.010   85.9  3.832  5.481  -90.0  -92.8
S  -89.0  -26.6  107.9  178.5  -58.2    nan  0.992   83.0  3.771  5.784 -126.7 -130.3
S -156.0  172.4  104.8 -179.9   41.8    nan  0.970  156.9  3.769  4.778  -15.7    1.1
C  -80.1  136.8  108.6  179.2  -62.4    nan  0.987   95.1  3.756  5.262  -84.4  -85.1
A  -76.0  150.0  110.0  175.9    nan    nan  1.004   87.5  3.804  5.656 -116.8 -123.9
S -100.0  166.4  111.8  178.1   41.9    nan  1.042  104.8  3.835  5.669 -132.7 -130.1
S  -54.7  146.4  110.7  179.3   37.2    nan  1.022   71.3  3.818  5.261  -61.5  -68.7
G   91.1  -23.3  109.7 -177.8    nan    nan    nan   96.6  3.748    nan    nan   46.4
T  -58.2  130.8  107.5  179.4  -61.7  179.9  0.998   81.3  3.879    nan    nan  102.7
R  -88.8  139.9  107.5 -179.9 -177.7    nan  0.997  100.2  3.760  5.762 -134.0 -140.9
C -140.7  174.1  109.2 -174.4  -53.8    nan  0.992  142.3  3.791  5.709 -173.9  179.7
L -123.0  132.4  108.6  176.0  179.3    nan  0.987  124.4  3.790  5.402 -131.9 -126.6
V -114.7  153.9  103.3  172.1   61.5 -179.7  0.983  117.8  3.775  5.826 -168.2 -169.4
S -146.0  150.8  112.2 -178.9   42.3    nan  1.040  145.8  3.826  5.709 -170.7 -170.5
G  177.3  175.7  113.4  173.3    nan    nan    nan  174.0  3.805    nan    nan  140.4
W -106.4   23.1  110.7  176.2  -70.6    nan  1.022   82.7  3.793    nan    nan -108.4
G  -79.6 -179.6  113.2  179.0    nan    nan    nan   79.5  3.830    nan    nan  127.2
N  -56.2  139.0  114.3 -175.9 -162.2    nan  1.061   78.8  3.766    nan    nan  -50.0
L  -90.6   -8.4  110.7 -176.5  -62.5    nan  1.019   86.4  3.712  5.579 -122.5 -137.0
S -138.1  148.8  113.4 -177.1   34.8    nan  1.045  140.7  3.827  5.027   20.2   42.2
G  -96.7    3.5  112.4  179.0    nan    nan    nan   84.7  3.819    nan    nan -129.8
S -130.0   10.2  113.7  174.4   43.9    nan  1.072   54.6  3.839    nan    nan   56.6
S -165.5  166.1  109.3 -177.3   35.8    nan  1.010  163.7  3.875  5.106   16.8   27.6
S -100.4  107.7  109.4 -177.2  -58.1    nan  1.024  111.5  3.775  5.476 -115.3 -108.8
N -132.9  107.7  108.1  178.2 -165.2    nan  0.989  115.1  3.768  5.805  156.1  151.0
Y -109.2  136.5  113.0 -174.8  -76.2    nan  1.055  119.5  3.797  5.953  176.8 -176.7
P  -87.3  158.3  115.0 -176.3   43.5    nan  1.031   96.4  3.883  5.716 -126.0 -128.3
D  -94.8  -30.0  108.1  171.9  -63.2    nan  1.008   76.8  3.794  5.664 -120.7 -120.3
T  -99.7  147.9  108.8  175.9   55.1  -61.1  1.033  108.2  3.821  5.301   35.4   55.5
L  -58.0  133.5  112.1  177.5 -174.3    nan  1.019   82.4  3.772  5.347  -81.4  -95.7
R -108.8  152.4  109.1  179.8  -60.8    nan  1.023  115.4  3.784  5.814 -154.0 -158.8
C -127.3  151.9  109.2 -173.9  -88.0    nan  0.997  131.1  3.773  5.509 -146.0 -154.7
L -154.1  127.7  109.5  179.6  173.3    nan  1.023  131.8  3.816  5.634  176.8  176.3
D  -91.1  137.2  107.5  176.0  -67.0    nan  0.983  102.7  3.741  5.812 -137.8 -148.9
L -156.6  150.5  109.3 -177.3   71.7    nan  1.025  149.7  3.759  5.482  161.9  158.9
P  -90.9  157.7  111.2  177.8   38.4    nan  0.983   98.7  3.836  5.639 -118.4 -120.3
I  -77.7  136.2  104.5  169.7  -66.5  166.9  0.960   90.9  3.750  5.445 -105.5 -106.9
L  -96.2  158.8  109.5 -176.4  -66.0    nan  1.008  102.8  3.837  5.893 -136.4 -138.6
S  -73.0  154.8  113.4  179.3   59.7    nan  1.046   84.1  3.820  5.544  -92.3  -91.6
S  -54.8  -35.0  111.3  172.7  -45.8    nan  1.022  107.6  3.763  5.185  -74.7  -86.7
S  -61.7  -49.0  107.4  178.5  -22.4    nan  0.987   96.5  3.828  5.443   78.3   87.9
S  -61.8  -41.6  112.2  177.1  -50.4    nan  1.030   97.6  3.796  5.260   62.3   74.2
C  -67.8  -44.5  110.7 -173.5 -168.3    nan  1.019   92.3  3.785  5.106   67.0   83.7
N  -71.3  -33.4  113.8 -177.5  -83.0    nan  1.065   93.3  3.783  5.164   53.3   74.8
S  -75.4  -23.3  111.8  174.3  -72.4    nan  1.047   95.1  3.750  5.280   59.4   75.2
A  -79.2  -31.8  111.4  177.9    nan    nan  1.012   88.3  3.812  5.525   67.6   83.5
Y -134.1   68.5  109.5 -178.5  -62.0    nan  1.002   88.1  3.833  4.855    3.5   22.3
P  -59.7  128.8  113.4 -172.9  -11.1    nan  1.025   87.2  3.877  6.131 -169.9 -165.7
G   76.6   -2.4  112.8 -179.5    nan    nan    nan  104.3  3.803    nan    nan   10.7
Q -105.0  -12.2  115.1 -178.9  -45.4    nan  1.059   70.1  3.859    nan    nan   82.8
I  -96.6  119.2  110.5 -171.7  -61.0  178.9  1.037  111.1  3.834  5.333   65.4   85.2
T  -91.2  174.5  109.4  178.7   70.7  -50.5  1.015   93.0  3.812  6.027 -148.9 -155.2
S  -63.5  -10.6  112.9  174.8  -46.8    nan  1.020  112.1  3.800  5.178  -65.0  -68.1
N -101.8   19.0  111.6 -175.9  -60.5    nan  1.023   85.6  3.834  5.275   59.1   78.4
M -135.3  149.5  110.5 -173.3  -60.0    nan  0.993  137.5  3.827  5.382   56.9   71.3
F -144.0  157.6  105.0  170.1   65.0    nan  0.982  143.7  3.796  5.605  177.7 -180.0
C -101.7  149.7  108.6  179.9  -66.5    nan  0.995  109.5  3.771  5.548 -119.8 -123.0
A -150.6  150.4  103.6  177.0    nan    nan  0.942  144.5  3.769  5.568 -179.4  176.2
G  128.9 -136.3  111.8  177.8    nan    nan    nan  130.9  3.736    nan    nan   87.2
F -133.7  119.8  112.7 -169.4  -58.2    nan  1.030  125.9  3.825    nan    nan  -71.0
M  -68.6  -19.4  109.0  179.9  -63.2    nan  1.013  104.1  3.827  5.938 -123.0 -131.2
E  -79.6   -2.6  111.1  177.6   54.2    nan  1.034   99.4  3.835  5.585   73.2   85.9
G   72.6 -160.2  112.4 -178.9    nan    nan    nan   80.9  3.793    nan    nan -114.3
G   86.6  -31.5  115.4  177.5    nan    nan    nan  105.9  3.823    nan    nan  103.5
K -135.8  127.7  105.4 -178.2  -57.1    nan  0.963  125.8  3.813    nan    nan   21.3
D -167.4  165.4  110.2 -176.9 -162.3    nan  0.999  164.5  3.844  5.578  146.3  137.1
S  -80.7  176.6  103.0  167.6   50.6    nan  0.958   81.5  3.801  5.422 -100.5 -100.8
C -156.0 -173.3  106.8 -176.1 -162.1    nan  0.984  153.3  3.800  5.426 -158.7 -155.1
Q  -57.9  136.7  111.2  178.2  -68.2    nan  1.003   79.8  3.836  5.009  -47.9  -47.2
G   97.0  -20.2  111.1 -175.7    nan    nan    nan   90.5  3.809    nan    nan   42.6
D  -89.2  -14.4  111.8  177.6  -65.6    nan  1.044   85.5  3.843    nan    nan   76.3
S  -50.4  138.6  111.4 -178.0  -60.3    nan  1.027   73.0  3.824  5.721  111.3  121.1
G   92.2  -21.1  111.9 -177.0    nan    nan    nan   95.6  3.773    nan    nan   38.2
G  -74.0  163.1  116.0 -176.2    nan    nan    nan   81.9  3.852    nan    nan   95.9
P  -77.9  144.8  117.9 -174.3   38.2    nan  1.060   95.3  3.831    nan    nan  -90.4
V -118.2  115.4  100.1  164.5  180.0  -64.6  0.937  110.0  3.803  5.839 -161.3 -165.6
V -113.0  128.3  105.7 -171.9  178.1  -62.9  0.973  116.0  3.855  6.039 -170.4 -172.1
C -127.0  121.3  105.4  178.8  -42.6    nan  0.958  119.6  3.782  5.883 -175.8  178.9
N   47.4   55.4  112.8 -178.9  -55.6    nan  1.053   98.6  3.836  4.976    0.5  -21.0
G   73.3   -3.7  117.2  178.7    nan    nan    nan  108.4  3.776    nan    nan  -63.8
Q -112.9  146.8  111.0 -179.2  -45.9    nan  1.009  120.4  3.855    nan    nan   71.4
L  -78.9  107.8  107.1  178.0  179.2    nan  0.993  102.5  3.793  5.532 -109.2 -116.2
Q -103.4  -22.3  112.6  178.6  -69.5    nan  1.043   69.1  3.843  6.090 -175.1 -176.5
G -141.5  158.3  113.4 -177.5    nan    nan    nan  144.9  3.838    nan    nan   26.3
V -124.2  128.2  102.9  171.7  172.4  -68.3  0.959  119.5  3.781    nan    nan -152.2
V  -60.4  120.5  108.3  179.0 -179.1  -58.2  1.014   89.1  3.826  5.812 -105.4 -115.9
S -120.9  -64.1  115.8 -173.2 -173.2    nan  1.088   55.9  3.810  5.874 -176.3 -176.7
W -155.9  176.7  111.4 -176.0   65.9    nan  1.036  156.9  3.813  4.591  -45.3  -27.2
G  179.1  166.7  106.5  174.4    nan    nan    nan  166.4  3.818    nan    nan  173.4
Y  -97.2  112.1  107.4  175.0  -69.9    nan  0.992  108.8  3.837    nan    nan -109.5
G   64.5 -159.2  108.6 -173.9    nan    nan    nan   72.6  3.805    nan    nan   -9.9
C -135.8  136.2  107.7  176.7  -59.8    nan  0.976  131.6  3.856    nan    nan -107.5
A   54.7   29.9  114.4  175.4    nan    nan  1.060  109.5  3.796  4.576   14.7   -3.6
Q  -84.7  150.8  109.5  173.1  -57.4    nan  0.996   94.7  3.855  6.064  117.4  122.1
R  -65.5  136.4  109.4 -179.5 -174.0    nan  1.022   84.7  3.815  5.448  -89.7  -96.3
N   61.8   19.5  112.4 -179.1  -62.1    nan  1.062  109.4  3.777  4.858   30.1    5.8
K -129.6   71.0  106.7  174.0  -68.3    nan  0.999   90.1  3.805  5.542   56.1   70.0
P  -70.3  167.3  111.7  178.6   34.7    nan  1.013   75.4  3.894  6.149  178.4 -179.7
G  -71.7  153.0  110.7  178.4    nan    nan    nan   82.7  3.850    nan    nan  -82.9
V -115.5  134.0  106.5  176.8 -171.2  -55.0  1.000  118.9  3.773    nan    nan -147.0
Y -126.7  144.3  110.3 -171.5  -61.8    nan  0.996  130.4  3.780  5.763 -160.6 -171.7
T  -67.4  131.3  108.7  172.9  -50.1 -170.4  1.008   88.2  3.783  5.597 -102.3 -109.6
K  -81.1   92.6  109.5 -179.0 -163.1    nan  1.000  108.8  3.843  5.793 -123.6 -132.4
V  -61.5  -30.5  112.5 -174.5  177.2  -62.5  1.066  103.9  3.784  6.081 -146.6 -147.7
C  -66.8  -13.8  111.7 -176.0   59.8    nan  1.057  107.5  3.856  5.604   76.2   93.6
N  -76.5  -11.8  112.5  174.5  -73.2    nan  1.027   98.7  3.833  5.722   81.7   91.9
Y -113.9   13.9  111.6 -172.1  -59.9    nan  1.028   71.8  3.837  5.128   49.7   67.3
R  -57.5  -44.3  111.3 -176.5  -99.9    nan  1.024   99.8  3.791  5.976  132.6  142.2
S  -66.3  -45.7  110.2 -179.6  -34.3    nan  1.018   93.1  3.805  5.304   66.3   77.5
W  -61.0  -44.3  110.6 -175.7  176.2    nan  1.039   97.7  3.805  5.237   69.7   84.1
I  -66.1  -46.4  107.7 -178.3  -67.0  176.0  1.008   94.5  3.790  5.308   63.9   77.8
S  -53.9  -57.3  114.7  177.3  -56.2    nan  1.050   91.9  3.839  5.367   72.1   84.6
S  -50.6  -48.2  112.5  177.3  -62.0    nan  1.024  101.6  3.813  5.081   68.8   78.9
T  -64.8  -41.6  112.3 -178.6  -59.6  178.4  1.049   95.2  3.810  5.123   60.4   76.9
M  -70.1  -37.1  110.9 -179.3  -73.4    nan  1.030   94.0  3.791  5.311   61.0   77.2
S  -68.6  -23.4  113.7 -175.5  -66.7    nan  1.045  100.8  3.800  5.264   69.0   85.9
S -129.6   21.2  114.2 -174.9   53.2    nan  1.056   61.3  3.770  4.801   16.5   39.6
N -132.3    nan  108.8  174.4  -79.4    nan  1.011    nan  3.783  5.505   54.4   69.2
