Id   phi    psi    tau  omega    chi    chi2  solid    eta  CA-CA  CB-CB  BA^AB  NA^AC
S    nan -179.5  107.4    nan   43.6    nan  0.933    nan    nan    nan    nan    nan
W  -73.1  -27.0  107.9  178.7  -74.3    nan  1.025   97.3  3.782  5.246  -78.4  -68.7
Q  -79.7  -30.3  110.6 -179.6 -165.2    nan  1.057   88.8  3.764  5.396   60.8   80.4
S  -71.5  -28.1  108.3  178.0   74.5    nan  1.043   98.1  3.810  5.592   69.0   83.4
Y  -64.2  -44.6  111.0  178.1  -81.0    nan  1.011   94.8  3.854  5.620   83.9   92.2
V  -63.5  -62.6  108.3  178.8  166.9  -71.4  1.009   87.5  3.774  5.203   66.7   77.9
D  -63.8  -33.0  117.8 -178.6  -55.4    nan  1.101   98.2  3.811  5.005   46.4   64.7
D -102.3  -26.8  115.6 -177.9  -59.3    nan  1.108   67.6  3.792  5.086   33.1   58.6
H  -96.3  -49.9  112.7 -179.2  -70.2    nan  1.086   68.7  3.787  5.287   45.7   66.8
L  -83.5  -35.1  114.9 -176.5  -69.8    nan  1.067   81.5  3.765  5.000   41.3   60.3
M  -97.5   15.9  114.1 -176.7  -58.7    nan  1.078   89.2  3.819  5.119   36.4   60.0
C  -76.8  134.2  104.7  178.7 -158.4    nan  0.932   91.0  3.795  5.897  116.3  119.6
D  -68.1  123.8  112.9  179.5  -84.6    nan  1.065   95.3  3.856  5.829 -114.6 -115.1
V -108.4   93.8  107.6  179.2 -177.4  -53.2  0.960  107.9  3.840  5.937 -153.3 -170.7
E   75.8   33.5  110.3 -179.6 -127.3    nan  1.064   91.1  3.796  4.919   -5.0  -21.4
G   90.7  -19.4  116.2  178.8    nan    nan    nan   97.8  3.779    nan    nan  -66.1
N -101.8  156.5  109.0 -179.2  -44.7    nan  1.003  108.4  3.785    nan    nan   67.0
H -145.9  160.5  107.6  177.0   66.6    nan  1.065  146.9  3.833  5.665 -176.2 -171.0
L  -53.1  148.6  113.2 -179.8  -64.8    nan  1.081   69.7  3.814  5.308  -64.8  -72.8
T  -77.6  -30.3  104.2  178.2  -64.4  176.6  1.004   93.7  3.743  5.589 -103.9 -113.6
A -163.4  155.5  107.4  178.5    nan    nan  1.003  155.2  3.801  4.857  -27.0  -11.0
A -151.3  163.4  109.8 -179.3    nan    nan  1.005  152.5  3.814  5.547 -174.1 -175.5
A -171.6  161.4  112.3  177.7    nan    nan  1.047  162.8  3.835  5.452  169.3  169.5
I -127.3  120.3  102.6  175.0  -50.1 -172.5  0.968  117.1  3.795  5.512 -145.9 -149.6
L -116.9  154.6  104.2 -179.0  -81.0    nan  0.943  120.1  3.783  5.899 -169.6 -177.4
G  -83.6  158.1  101.1  177.1    nan    nan    nan   88.1  3.752    nan    nan -111.3
Q  -66.7   -3.5  114.8 -179.4  -66.8    nan  1.135  111.8  3.777    nan    nan  -85.3
D  -89.9   -2.5  105.3  176.9   64.4    nan  0.977   89.4  3.818  5.796   79.9   88.8
G  100.8  -11.1  118.4  179.6    nan    nan    nan   84.6  3.769    nan    nan  -90.5
S  -76.8  146.4  113.3 -179.1   34.3    nan  1.087   91.3  3.811    nan    nan  100.1
V  -84.9  129.0  110.3 -178.7 -173.6  -50.7  1.002  102.2  3.790  5.542 -107.8 -121.6
W  -99.6  -33.9  107.9  178.5  -67.4    nan  1.014   72.1  3.756  5.806 -150.0 -155.0
A -164.1  151.8  103.8  178.6    nan    nan  0.937  151.5  3.788  4.790  -27.5  -15.4
Q -159.8  158.1  106.1  178.6   54.5    nan  1.002  155.1  3.795  5.520  169.3  169.9
S  -86.3  178.5  105.8  177.4   54.7    nan  1.011   86.7  3.753  5.529 -108.4 -108.6
A  -66.5  -35.4  117.5 -176.6    nan    nan  1.135   94.5  3.792  5.227  -68.3  -60.1
K  -97.2   17.9  114.7 -178.0  -60.4    nan  1.076   90.5  3.756  5.166   39.3   61.2
F  -69.1  136.7  111.0 -177.8 -164.4    nan  1.071   88.3  3.800  5.942  120.6  133.8
P  -72.5  152.9  119.5 -179.5   30.2    nan  1.084   86.9  3.795  5.585 -110.4 -115.5
Q  -82.0  113.0  102.9  177.0 -160.4    nan  0.932   98.6  3.806  5.593 -102.3 -116.5
L  -94.3  147.8  110.8 -179.4  -52.9    nan  1.024  104.6  3.821  6.050 -161.8 -159.8
K  -80.7  165.1  110.9 -179.3  -61.2    nan  1.024   86.2  3.790  5.549 -107.4 -114.3
P  -69.5  -42.3  109.5 -179.9  -31.1    nan  0.925   92.8  3.800  5.203  -75.7  -82.7
Q  -63.4  -26.3  112.9 -178.8   64.9    nan  1.122  104.3  3.760  5.145   52.9   82.9
E  -74.4  -41.3  110.2  177.8  -57.0    nan  1.042   88.9  3.820  5.576   71.5   84.5
I  -67.4  -29.6  109.1  179.3  -74.7  163.3  1.092  100.7  3.808  5.329   58.2   77.7
D  -73.6  -42.3  111.5  177.9  -86.2    nan  1.061   88.4  3.766  5.513   67.0   82.1
G  -60.5  -39.9  109.6  178.8    nan    nan    nan  101.0  3.820    nan    nan   83.3
I  -61.0  -43.9  111.3  177.9  -80.3  157.4  1.064   97.4  3.817    nan    nan   84.2
K  -69.5  -32.6  110.0 -178.2  -57.2    nan  1.071   97.1  3.778  5.291   57.7   76.0
K  -70.3  -37.3  111.3  178.9 -164.7    nan  1.076   93.4  3.769  5.446   65.8   83.2
D  -67.0  -31.5  109.8  177.8 -164.3    nan  1.035   99.8  3.775  5.424   68.6   81.3
F  -70.3  -17.3  111.8  177.6  -76.6    nan  1.057  102.6  3.812  5.517   68.2   83.9
E  -96.5  -34.8  110.0 -178.8  -55.1    nan  1.009   73.4  3.873  5.484   59.4   74.4
E -126.3   79.3  107.3  179.4  -68.7    nan  0.925   97.2  3.785  4.882   14.7   24.9
P  -52.5  145.8  112.9 -179.0  -24.7    nan  0.991   70.7  3.815  5.993 -153.2 -152.5
G   91.3   -6.5  111.1  180.0    nan    nan    nan   91.0  3.750    nan    nan   43.5
F  -60.6  -39.5  110.7  179.3  172.5    nan  1.032  100.5  3.787    nan    nan  116.9
L  -82.6  -23.2  117.6 -177.7  -69.2    nan  1.085   86.4  3.825  5.188   48.0   69.7
A  -51.1  -50.4  120.5 -175.9    nan    nan  1.187   95.5  3.779  5.532   96.0  117.7
P  -57.7  -47.0  113.5 -180.0  -32.1    nan  0.990   96.8  3.813  5.276   74.7   83.0
T  -83.3  -32.5  118.8 -177.1   55.9  -60.2  1.068   80.9  3.851  5.035   37.5   63.5
G  114.6  162.2  108.6  179.5    nan    nan    nan  107.9  3.775    nan    nan -100.6
L -101.0  109.1  103.8  177.3  169.4    nan  0.925  106.5  3.779    nan    nan -120.5
F  -98.1  134.7  109.9  178.6  -71.3    nan  1.036  109.8  3.838  6.054 -173.7 -169.1
L -143.9  120.8  104.2 -179.2  -65.0    nan  0.937  122.5  3.823  5.738  179.0  166.8
G   67.5   21.9  112.8 -178.6    nan    nan    nan  102.9  3.816    nan    nan   -1.6
G   81.1    2.0  114.2 -177.7    nan    nan    nan   98.1  3.781    nan    nan  -83.7
E -100.6  136.7  112.2  179.5  -62.2    nan  0.966  112.8  3.852    nan    nan   86.5
K  -87.6  135.0  116.4  178.6  177.7    nan  1.133  106.5  3.814  5.746 -140.3 -131.1
Y -121.5  146.5  103.6  179.9  -77.6    nan  0.948  123.1  3.814  5.764 -154.9 -173.5
M  -95.3  131.7  104.6  179.8  -63.9    nan  0.951  104.4  3.741  5.630 -126.3 -129.1
V  -71.6  136.8  110.5 -179.6  175.6  -63.8  1.046   89.9  3.733  5.725 -119.4 -121.0
I -124.4  169.5  106.8 -178.8 -112.7  111.5  1.058  126.8  3.811  5.762 -167.5 -171.7
Q  -56.2  132.0  117.3 -177.4 -172.0    nan  1.126   84.9  3.789  5.512  -62.7  -60.9
G -129.7 -159.0  112.7  179.6    nan    nan    nan  119.4  3.847    nan    nan  177.7
E -116.1  130.7  104.7  176.9 -153.0    nan  0.995  117.4  3.849    nan    nan  -87.1
Q  -56.1  126.2  113.9 -178.1  -76.3    nan  1.034   86.7  3.822  5.731  -93.1 -105.2
G   65.9    4.4  115.4  179.5    nan    nan    nan  112.2  3.777    nan    nan   -3.6
A -126.0  -45.1  116.4 -177.2    nan    nan  1.091   48.0  3.783    nan    nan   67.6
V -140.4  138.2  111.0 -177.8 -178.3  -57.1  1.049  136.6  3.806  4.745  -13.7    6.2
I -122.4  131.5  101.5  178.5  -73.6  161.3  0.927  118.7  3.790  5.802 -155.9 -170.2
R -129.0  150.1  108.2  179.9  -52.0    nan  1.017  131.8  3.767  5.762 -178.9 -177.2
G -148.5  160.9  110.7 -177.0    nan    nan    nan  150.0  3.770    nan    nan -178.8
K -133.3  141.9  109.7 -178.0 -114.9    nan  0.965  133.7  3.794    nan    nan -152.0
K -143.4   98.8  101.7  178.6 -163.6    nan  0.908  104.0  3.800  5.688  179.8  174.8
G   64.1 -136.3  109.3 -178.7    nan    nan    nan   83.7  3.772    nan    nan  -24.6
P  -81.3   17.1  114.2  179.7   33.5    nan  1.005  105.3  3.827    nan    nan  -24.6
G -132.0 -170.4  111.1  179.7    nan    nan    nan  128.0  3.810    nan    nan   69.5
G -178.9 -165.8  112.7 -177.6    nan    nan    nan  165.4  3.772    nan    nan -166.4
V -157.2  149.1  106.3 -176.1   57.0  174.6  0.929  147.9  3.769    nan    nan -135.7
T -127.0  134.6  105.9  176.6  -63.7  178.9  0.976  125.3  3.813  5.753 -161.2 -160.6
I -127.1  119.2  106.0 -179.7  -56.1 -173.2  1.007  119.1  3.794  5.801 -172.0 -173.8
K -109.5  126.9  109.5 -178.9  164.9    nan  0.998  116.8  3.763  5.860 -164.2 -172.1
K  -92.9  126.2  110.5  178.1  167.2    nan  1.014  108.2  3.839  5.953 -144.5 -149.7
T -105.8 -165.7  108.3  176.6   75.0  -42.0  1.030  100.9  3.911  5.989 -159.4 -165.8
N  -72.5  -33.9  114.1 -178.9  -68.9    nan  1.076   91.9  3.875  5.237  -56.9  -49.0
Q -122.1  -14.1  114.6 -178.4  -70.9    nan  0.987   53.0  3.783  4.862   23.0   34.6
A -123.7 -168.0  118.9 -175.6    nan    nan  1.118  117.3  3.817  4.877   26.9   55.2
L -146.9  117.2  102.1  178.9  -69.2    nan  0.880  119.0  3.804  5.116 -125.5 -128.2
V  -99.8  125.9  106.5  178.5 -171.1  -50.3  0.977  109.0  3.838  5.996 -166.1 -163.4
F -111.0  144.0  111.5 -178.0  -66.7    nan  1.012  119.4  3.893  6.014 -160.9 -164.0
G -143.1  119.9  109.0  178.5    nan    nan    nan  124.6  3.793    nan    nan  179.2
F -105.4  130.1  109.8  179.3  -69.2    nan  1.008  114.9  3.834    nan    nan -168.3
Y -126.9  159.0  113.2 -179.0   73.9    nan  1.105  132.4  3.825  5.825  178.9 -175.9
D -142.0  150.3  103.1  178.8  -82.4    nan  0.944  138.9  3.793  5.575 -156.2 -164.7
E  -53.9  150.4  107.6  177.8   66.2    nan  0.969   66.9  3.784  5.380  -76.3  -86.3
P  -74.2    9.0  116.6   -0.0   31.5    nan  1.023  109.6  3.033  4.905   70.6   53.3
M  -79.7  150.9  105.2 -178.8 -176.1    nan  0.998   88.2  3.776  5.807   94.7  113.8
T -110.3  167.3  113.4  179.7   66.4  -53.9  1.078  114.9  3.743  5.652 -141.5 -136.1
G  -61.5  -38.8  111.6 -179.4    nan    nan    nan   99.8  3.755    nan    nan  -73.0
G  -62.5  -40.3  111.8 -179.7    nan    nan    nan   98.0  3.744    nan    nan   86.4
Q  -69.6  -37.0  110.3  179.3  -55.6    nan  1.056   94.7  3.792    nan    nan   77.2
C  -67.2  -45.4  108.1  177.1  178.4    nan  1.011   93.9  3.851  5.506   67.2   79.9
N  -57.1  -44.2  110.0  178.6  -65.2    nan  1.000  100.9  3.811  5.418   74.7   82.9
L  -56.1  -60.4  113.3 -178.9 -129.8    nan  1.131   89.5  3.745  5.229   68.3   88.1
V  -59.3  -40.0  116.6  179.9  -68.3   56.0  1.185   98.2  3.823  5.386   52.0   71.2
V  -70.6  -47.2  112.2 -178.8  172.8  -67.4  1.065   87.9  3.796  5.391   69.8   79.7
E  -72.5  -34.2  113.2 -178.2  -63.0    nan  1.110   92.1  3.782  5.181   49.7   71.5
R  -66.4  -37.0  111.0  179.2   75.0    nan  1.059   97.0  3.780  5.517   72.9   86.5
L  -67.1  -45.0  106.7  177.3  174.3    nan  1.007   95.0  3.813  5.466   68.5   79.9
G  -55.1  -43.6  113.5  178.4    nan    nan    nan  100.9  3.781    nan    nan   85.4
D  -69.6  -29.2  111.4  178.7  -67.4    nan  1.080   97.9  3.844    nan    nan   74.3
Y  -68.7  -42.9  111.7  175.9  170.7    nan  1.002   91.9  3.795  5.515   78.1   85.8
L  -67.3  -38.2  108.5  178.6  -57.0    nan  1.001   97.0  3.842  5.244   62.6   76.0
I  -64.0  -34.4  111.6 -179.8  -72.9  167.0  1.066  100.1  3.767  5.305   66.5   84.8
E  -68.2  -40.4  110.9  178.2  -98.5    nan  1.001   93.9  3.788  5.364   72.5   82.9
S  -79.1   11.1  111.1  179.1  -38.5    nan  0.979  104.7  3.810  5.152   54.1   67.8
E   70.9   25.9  117.9 -179.5  -66.7    nan  1.213   95.8  3.832  5.446 -116.3 -104.5
L -113.2    nan  108.7  179.9  -72.6    nan  1.003    nan  3.812  5.847   90.5   94.0
