Id   phi    psi    tau  omega    chi    chi2  solid    eta  CA-CA  CB-CB  BA^AB  NA^AC
I    nan  102.2  110.4    nan  -61.0  176.7  1.025    nan    nan    nan    nan    nan
V  -74.6  118.7  106.0  179.3 -169.3  -48.5  1.003   96.1  3.813  6.053 -146.2 -157.8
G   90.1 -153.1  107.2 -177.1    nan    nan    nan   97.8  3.796    nan    nan   19.1
G   58.4  178.7  115.9  178.7    nan    nan    nan   57.8  3.789    nan    nan   83.7
Q -131.9 -176.8  109.9 -177.8   75.3    nan  0.980  130.7  3.776    nan    nan -128.3
E  -77.4  125.9  107.2  179.5 -177.3    nan  0.975   96.1  3.800  5.058  -74.0  -69.9
A  -71.8  138.2  112.4 -178.2    nan    nan  1.046   90.4  3.793  5.832 -121.9 -127.3
P  -53.2  150.7  110.0  179.8  -37.4    nan  0.942   67.1  3.842  5.391  -82.9 -100.8
R  -62.1    6.5  115.1 -177.7 -154.1    nan  1.113  120.5  3.778  5.606  -96.2  -91.1
S -149.2   32.1  112.5 -179.9   51.5    nan  1.014   51.4  3.800  5.164   30.0   41.7
K  -99.1  -29.8  117.9 -178.3  -97.5    nan  1.152   68.5  3.770  5.725   95.1  121.2
W -132.5   75.8  111.4 -178.5  -41.1    nan  1.073   95.5  3.758  4.876    7.6   29.2
P  -59.4  -24.1  114.1 -179.8   28.0    nan  0.998  108.8  3.820  6.043 -155.7 -166.0
W  -84.1   -3.5  114.6 -179.4   52.5    nan  1.088   94.4  3.804  5.319   52.2   80.7
Q  -70.5  143.7  112.4 -179.0 -110.8    nan  1.029   86.8  3.806  5.762  101.2  112.1
V -147.8  159.4  108.6  176.3  -39.2   88.2  1.081  148.4  3.783  5.676  170.7  170.5
S -119.2  129.1  107.0 -178.8  176.8    nan  0.956  120.4  3.789  5.455 -128.3 -139.9
L  -92.0  136.7  105.9  178.3  -70.6    nan  0.983  102.3  3.780  5.859 -142.6 -146.2
R -125.3  139.7  114.5 -178.8  -49.1    nan  1.051  131.3  3.806  5.761 -167.4 -166.3
V -108.9  141.8  104.1  177.3 -130.3   -1.9  0.892  113.4  3.803  5.761 -136.1 -155.7
H  -71.8  108.5  108.4  178.3 -178.2    nan  1.002  100.6  3.729  5.430 -108.5 -112.1
G -107.4 -141.1  110.1  177.7    nan    nan    nan   91.5  3.797    nan    nan  178.5
P  -53.3  -29.3  108.9  149.1  -30.6    nan  0.916  113.2  3.785    nan    nan  -23.1
Y -153.0  159.8  106.4  178.3   61.6    nan  0.990  151.7  3.771  4.778  -23.9    1.4
W  -67.8   88.1  110.4  179.3  -66.3    nan  1.018  109.5  3.771  5.352  -84.3  -87.6
M  -86.8  136.9  116.1 -178.6   74.0    nan  1.152  105.1  3.788  6.085  174.1 -176.7
H  -62.5  128.1  107.9 -179.7  160.6    nan  0.984   85.9  3.809  5.569  -88.8 -112.2
F -121.5  -13.6  113.6  177.4   74.8    nan  1.133   54.0  3.783  5.826  176.9 -173.8
C -166.8  163.9  110.6 -179.3  -87.8    nan  0.994  163.3  3.831  4.994   -5.1    2.9
G -110.9  170.1  106.8  179.4    nan    nan    nan  113.4  3.760    nan    nan -126.0
G -161.8 -173.9  107.9  179.7    nan    nan    nan  159.1  3.765    nan    nan -171.4
S -141.6  148.8  109.9 -180.0   56.5    nan  1.024  141.2  3.755    nan    nan -129.0
L  -87.1  106.0  106.6  179.4 -156.4    nan  0.962  105.1  3.760  5.516 -112.2 -121.2
I  -99.0   -0.0  113.0 -179.0   72.5  -49.2  1.066   80.9  3.840  6.071 -176.4 -171.9
H -174.2  143.0  103.9  179.8 -178.3    nan  0.941  144.0  3.810  4.971   -1.1    6.2
P  -48.3   -3.0  117.8 -179.4  -35.0    nan  1.034  130.3  3.824  5.401  -80.5  -85.5
Q -140.7    8.5  113.4 -179.0 -157.0    nan  1.062   43.3  3.796  5.016   17.4   44.1
W -136.8  144.6  109.3 -179.2  -73.0    nan  1.002  136.5  3.783  5.258   40.8   56.7
V -123.6  137.2  105.2  177.8  172.7  -66.3  0.981  123.7  3.765  5.703 -158.8 -162.3
L -102.5  139.0  106.2  179.1  174.9    nan  0.964  110.0  3.773  5.740 -140.8 -147.7
T -157.8  168.8  107.2  179.5 -173.0   67.4  0.998  158.4  3.816  5.699  161.4  158.1
A  -72.6  136.5  107.4 -179.7    nan    nan  1.002   88.8  3.798  5.269  -79.2  -82.2
A  -58.8  -45.5  111.5 -178.9    nan    nan  1.041   98.0  3.765  5.581  -95.0 -104.6
H  -52.8  -18.0  115.3 -178.0   78.5    nan  1.170  118.0  3.785  5.350   69.1   91.5
C  -73.3  -29.7  109.8  179.3  -72.4    nan  1.017   95.0  3.815  5.728   87.5   94.4
V -124.2   14.9  115.3 -178.6  -55.3   67.4  1.087   63.1  3.794  4.923   12.6   36.2
G -157.7 -169.2  111.8 -179.7    nan    nan    nan  151.9  3.790    nan    nan   39.9
P  -75.6  -14.5  114.4   -1.0   36.4    nan  0.991   98.0  3.002    nan    nan  160.9
D  -73.9  128.2  109.1  178.8  -68.6    nan  1.025   94.4  3.817  5.526   73.7   96.3
V  -53.6  133.5  112.9 -178.3  177.2  -61.9  1.102   79.6  3.809  5.775  -99.4 -108.7
K -107.7  157.0  110.3 -179.1  -57.8    nan  1.001  114.2  3.807  5.766 -142.5 -158.9
D  -98.9  120.4  108.2  179.2 -174.2    nan  1.009  110.2  3.818  5.585 -122.3 -121.8
L  -57.5  -26.5  114.3 -179.2  -77.3    nan  1.092  109.0  3.811  5.837 -112.3 -120.0
A  -66.4  -16.2  111.9  179.7    nan    nan  1.043  106.8  3.802  5.537   80.7   94.0
A -101.6  -11.4  113.6 -178.0    nan    nan  1.066   74.1  3.832  5.303   49.7   71.3
L -103.3  155.1  107.3 -179.0 -145.0    nan  0.974  109.3  3.766  5.336   57.1   71.9
R -163.6  142.9  106.3  178.9 -150.3    nan  0.979  144.4  3.757  5.445  171.3  168.7
V -104.3  125.8  113.0 -179.1  179.0  -59.4  1.033  116.8  3.817  5.784 -138.6 -140.4
Q -106.3  132.1  104.4  177.5  159.3    nan  0.954  111.5  3.798  5.847 -156.5 -166.3
L  -76.1  178.6  111.6 -179.8  -68.1    nan  1.094   76.6  3.792  5.808 -126.4 -124.1
R  -48.6  126.6  112.5 -178.1 -150.9    nan  1.045   80.6  3.835  5.101  -38.8  -45.8
E -147.8  134.1  106.9  177.1   74.2    nan  1.061  134.4  3.775  5.669  155.9  152.0
Q  -58.7  -37.0  116.2 -178.0 -169.7    nan  1.101  100.8  3.808  5.670  -93.7 -106.2
H -128.3  120.9  109.2  179.5  -66.9    nan  1.024  122.7  3.821  4.899    5.6   23.3
L  -37.3  -27.3  129.0 -174.0 -111.6    nan  1.348  122.1  3.797  5.798  -99.5  -95.0
Y -140.1   -1.8  113.2 -179.7  -61.3    nan  1.035   39.2  3.776  4.918   17.8   25.5
Y  -60.5  -49.7  118.2 -174.9  -61.8    nan  1.213   90.3  3.739  5.601   98.6  127.7
Q -128.9   63.3  110.7 -179.9  -56.1    nan  1.081   87.9  3.743  4.892   -8.4   14.0
D  -61.2  151.1  114.0 -179.5  -90.8    nan  1.048   75.6  3.805  6.210 -172.5 -178.5
Q -157.8   74.7  102.8  179.1 -162.6    nan  0.924   80.6  3.785  5.473 -179.9  166.9
L  -69.9  133.0  116.0 -177.8  -74.1    nan  1.110   93.8  3.783  6.111  177.5 -171.5
L -112.6  136.6  109.4  179.6  -36.3    nan  0.999  119.3  3.803  5.778 -150.8 -165.6
P  -82.5  158.2  112.1  179.7   37.3    nan  0.964   91.0  3.837  5.675 -120.6 -126.5
V -102.7  144.5  109.8  179.8  -51.3   72.3  1.065  111.8  3.818  5.736 -132.4 -124.3
S  -95.8  -30.5  112.4 -178.7  167.8    nan  1.022   73.7  3.792  5.602 -121.6 -132.8
R -160.4  150.4  107.1 -177.4 -164.7    nan  0.957  150.2  3.748  4.534  -18.6   -4.3
I -126.4  124.0  107.6  178.7  -63.2  174.4  0.984  122.3  3.792  5.724 -156.7 -157.9
I -119.2  104.0  112.9 -179.8  -74.2  164.0  1.097  116.6  3.811  5.864 -180.0 -174.5
V  -92.7  132.2  108.9 -179.4  172.9  -66.2  1.030  105.8  3.791  6.052 -160.6 -172.8
H  -58.5  125.5  105.8  178.9 -170.9    nan  0.978   83.4  3.779  5.657  -96.3 -111.4
P  -55.5  -21.9  118.9 -179.9   25.3    nan  1.066  112.1  3.847  5.693 -105.5 -111.9
Q  -82.1  -10.7  112.6 -179.9  -78.0    nan  1.039   93.7  3.794  5.437   62.9   84.8
F  -73.4  141.9  116.1 -178.8  179.9    nan  1.100   92.0  3.780  5.582   84.3  104.0
Y -158.7  -40.2  105.5  176.7 -176.1    nan  1.009   39.3  3.744  5.517  167.0  153.7
T -142.6  146.2  109.9  179.8  -80.3  159.1  1.007  140.9  3.806  4.799  -13.8    3.3
A  -64.7  -48.2  110.0  178.4    nan    nan  1.018   93.1  3.795  5.489  -93.1 -102.5
Q  -58.2  -28.0  110.6 -179.4  -66.5    nan  1.040  109.0  3.826  5.298   68.0   81.2
I  -80.1  -34.9  110.7  179.2  -67.5  172.2  1.063   86.6  3.774  5.317   59.5   78.0
G  119.9 -170.9  119.3  178.4    nan    nan    nan  124.0  3.840    nan    nan -103.1
A   52.5   36.6  112.5  179.4    nan    nan  1.072  108.0  3.814    nan    nan   61.5
D  -78.2   84.5  108.6 -179.3 -155.4    nan  0.996  109.3  3.790  6.053  136.6  140.4
I -159.8  139.4  109.7 -179.7 -165.6   70.4  1.043  142.0  3.750  5.499  102.0  101.6
A -152.5  159.4  108.6  179.8    nan    nan  1.014  151.9  3.811  5.700  172.1  162.1
L -126.2  137.8  110.3 -178.6  -69.0    nan  0.985  128.7  3.791  5.512 -141.2 -145.5
L -113.5  127.1  104.0  177.9  -48.2    nan  0.942  114.7  3.794  5.770 -154.0 -159.7
E  -96.5  125.7  106.0  179.1  175.7    nan  0.973  106.8  3.791  5.870 -147.9 -151.0
L  -75.0  150.6  108.7  179.9  -63.9    nan  1.011   85.8  3.822  5.890 -124.8 -131.3
E  -62.6  -34.0  110.8 -179.5 -149.8    nan  1.055  101.9  3.800  5.496  -87.5  -92.9
E -139.0  150.8  110.3  178.7  -81.4    nan  1.021  140.4  3.793  4.903   -4.2   13.6
P  -70.3  145.7  108.1  179.7  -22.9    nan  0.909   83.5  3.836  5.343  -88.5 -102.2
V  -84.9  173.6  110.6  179.8  -50.0   73.5  1.054   87.2  3.785  5.797 -126.5 -119.8
K -109.8   92.9  101.5  178.1 -174.1    nan  0.912  101.8  3.795  5.356 -111.2 -115.0
V  -62.6  150.6  112.6 -178.4  -55.1   67.5  1.089   76.5  3.798  6.139 -153.4 -147.9
S -149.8 -171.2  109.1 -179.7   58.8    nan  1.021  146.0  3.808  5.586 -173.7  177.7
S  -60.8  -37.5  112.9  179.9   51.1    nan  1.050  100.4  3.807  5.029  -49.9  -45.7
H  -88.6  -24.7  114.4 -179.1  -64.6    nan  1.063   81.4  3.832  5.216   44.3   64.3
V -135.5  100.2  113.6 -179.4   55.4  177.5  1.092  113.7  3.798  4.917    6.9   28.7
H -153.5  176.9  109.7  178.3   61.0    nan  1.092  154.4  3.776  5.688  127.1  120.0
T  -72.1  162.5  117.0 -177.9   58.4  -59.0  1.098   80.6  3.794  5.120  -69.9  -69.2
V -107.6  163.5  105.8  177.0   59.8 -177.8  0.992  111.3  3.850  5.601 -122.2 -127.4
T  -97.7  134.6  110.9 -178.8  -39.6 -159.2  1.034  110.3  3.798  5.531 -113.9 -109.4
L  -82.6  130.7  110.4  179.2  -69.6    nan  1.037  100.2  3.837  5.803 -124.4 -131.3
P  -58.4  141.0  115.7 -179.5   32.1    nan  0.999   79.9  3.833  5.607  -97.4 -109.5
P  -65.5  148.2  109.2  179.2  -34.2    nan  0.927   78.8  3.821  5.557  -99.7 -109.8
A  -41.3  -35.5  114.2 -179.5    nan    nan  1.076  117.0  3.844  5.529  -73.8  -76.2
S  -65.4  -53.5  113.0 -179.6  -43.1    nan  1.036   87.8  3.814  5.382   74.0   87.1
E  -37.6  130.7  116.2 -176.8  -95.0    nan  1.168   71.8  3.801  5.230   80.4   99.6
T -111.9  -36.0  116.4 -177.0   47.5  -72.4  1.093   57.0  3.752  5.710 -150.4 -163.6
F   69.6   82.7  109.5 -178.1  -53.0    nan  1.071   74.6  3.833  5.446 -149.3 -144.9
P  -70.6  155.1  112.7 -179.7   34.5    nan  0.962   81.5  3.837  6.023 -155.6 -170.3
P  -53.1  123.8  112.7  179.9   23.0    nan  0.987   85.5  3.821  5.303  -76.7  -80.9
G  108.4  -11.0  112.6 -179.8    nan    nan    nan   76.2  3.795    nan    nan   36.0
M  -43.0  141.6  114.4  179.6  -92.7    nan  1.092   66.5  3.787    nan    nan  130.0
P  -79.4   77.4  106.6  179.7   36.3    nan  0.905  108.3  3.819  5.537 -105.2 -122.3
C -105.0  152.1  110.5  179.7  -53.8    nan  1.077  112.8  3.777  6.015  134.1  154.1
W -129.8  146.6  112.5 -178.3  -64.2    nan  0.988  134.2  3.793  5.563 -146.3 -158.5
V -120.8  141.9  105.3  177.1 -152.7  -28.8  0.973  122.9  3.808  5.733 -155.7 -158.0
T -136.2  139.7  111.7 -179.2   63.6  -56.3  1.046  135.8  3.817  5.710 -174.5 -173.0
G -178.6  175.3  114.3 -179.7    nan    nan    nan  175.6  3.795    nan    nan  134.2
W -114.5   39.3  106.5 -179.7  -63.7    nan  0.959   81.0  3.792    nan    nan -115.6
G  -94.6 -176.1  111.8 -178.8    nan    nan    nan   93.1  3.779    nan    nan  130.7
D  -50.7  144.1  111.4 -179.6  -72.7    nan  1.052   69.6  3.803    nan    nan  -42.3
V  -91.2   -3.5  112.2 -178.8  -54.6   66.7  1.050   87.5  3.783  5.625 -122.0 -128.5
D -176.5  163.2  105.3  178.2 -165.3    nan  0.985  163.8  3.786  4.937  -11.4   -0.4
N  -53.2  123.0  108.5 -179.9  -63.9    nan  1.003   83.6  3.821  5.366  -61.4  -69.5
D   60.0   22.4  115.2  179.4  -50.0    nan  1.116  108.7  3.806  4.848   10.5  -10.3
E -121.5   98.3  103.8  177.2 -150.4    nan  0.982  106.1  3.818  5.732   73.3   81.3
R  -69.5  153.8  113.3 -178.2   63.5    nan  1.121   81.3  3.760  6.038 -151.8 -150.0
L  -70.5  116.0  106.1  179.1 -175.9    nan  0.974   95.1  3.809  5.485  -83.3 -100.4
P  -72.6  153.4  112.5 -179.7   38.7    nan  0.947   84.0  3.777  5.759 -127.8 -137.5
P  -60.8  148.9  107.2  179.0   20.6    nan  0.910   73.5  3.799  5.368  -85.0  -90.9
P  -86.9   18.4  114.4   17.0   39.6    nan  0.991  100.5  3.076  4.994   76.9   66.0
F   59.8   62.9  114.2  178.0  -44.0    nan  1.047   85.0  3.821  5.474 -114.1 -109.8
P  -72.9  152.6  109.2  179.8   32.7    nan  0.925   83.3  3.774  5.994  173.6  168.7
L  -78.7  125.7  104.5  177.5  161.3    nan  0.975   94.9  3.792  5.692 -110.6 -108.6
K -105.8  157.1  112.5 -179.7  -61.2    nan  1.063  113.2  3.804  5.889 -161.1 -158.8
Q -137.8  159.8  107.9  179.8   72.8    nan  0.954  140.0  3.822  5.572 -152.5 -162.6
V -156.3  146.5  107.7  178.5   67.9 -171.0  1.022  146.2  3.798  5.494  178.6 -177.8
K  -99.3  113.0  109.9  179.6 -174.2    nan  1.023  111.9  3.808  5.733 -129.5 -132.6
V -113.2  146.0  113.5 -179.9  -62.7   60.2  1.087  122.1  3.790  5.918  179.9  178.5
P  -83.9  135.4  111.3  179.9   36.1    nan  0.940  100.2  3.829  5.435 -105.6 -120.6
I  -69.4  154.9  106.1  177.8  -75.4  163.5  0.971   78.0  3.836  5.869 -112.9 -120.3
M -140.6  136.8  108.2  179.1 -173.8    nan  1.005  134.4  3.804  5.600 -166.7 -165.7
E  -64.7  137.7  112.8 -178.6  156.3    nan  1.064   85.4  3.778  5.650 -102.7 -109.2
N  -48.5  -42.8  113.9  179.9  -79.2    nan  1.084  106.3  3.799  5.520  -82.1  -96.4
H  -68.9  -28.2  113.2 -179.4  -63.8    nan  1.093   98.2  3.808  5.294   59.9   77.9
I  -83.1  -38.9  108.4  179.3  -62.1  175.8  1.009   84.1  3.823  5.495   62.2   75.3
C  -66.4  -43.7  110.0 -180.0 -173.8    nan  0.999   94.2  3.779  5.229   69.5   80.8
D  -62.3  -37.3  109.9  179.2 -172.8    nan  1.028  100.7  3.769  5.217   65.1   80.3
A  -57.5  -43.2  111.9  178.5    nan    nan  1.041  100.1  3.840  5.399   76.8   90.2
K  -69.1  -34.3  111.5  178.7  -59.3    nan  1.036   95.8  3.798  5.226   59.4   74.8
Y  -68.4   -3.6  111.9  179.2  -92.6    nan  1.116  110.2  3.807  5.405   62.4   84.2
H -102.3  -31.0  108.6  175.6  -76.5    nan  1.051   70.0  3.758  5.557   60.2   77.2
L  -56.4  118.6  110.6  178.7  -86.8    nan  1.023   89.5  3.800  5.574   87.2   97.0
G   83.1   17.0  111.9  179.8    nan    nan    nan   90.4  3.788    nan    nan    7.2
A -130.5  143.4  114.0 -178.4    nan    nan  1.062  134.9  3.793    nan    nan   72.5
Y  -69.2  -27.2  112.9  179.8  -63.7    nan  1.035   98.6  3.838  5.597  -97.6 -110.0
T  -50.2  129.3  111.4 -179.5  -38.5 -157.9  1.050   79.1  3.813  5.565   95.9  108.4
G  -64.1  146.2  114.9 -179.7    nan    nan    nan   81.3  3.833    nan    nan -118.0
D  -62.9  -20.5  110.8 -179.6  -76.3    nan  1.046  108.4  3.805    nan    nan -100.8
D  -78.4  -13.7  109.6  179.4   42.1    nan  1.083   96.7  3.766  5.468   67.1   86.7
V  -93.4  130.2  107.7  179.2 -174.6  -52.3  1.000  105.6  3.794  5.577   64.0   78.0
R  -93.2  118.3  111.0 -179.1 -166.7    nan  1.024  109.9  3.763  5.741 -138.6 -144.3
I  -90.9  -54.8  108.3  179.1  -62.8  173.7  1.015   74.6  3.797  5.953 -149.2 -156.7
V  -82.5   90.2  110.7  179.5  179.5  -61.0  1.086  110.5  3.807  5.096   30.2   51.3
R  -52.6  166.9  113.5  179.9 -101.2    nan  1.049   58.7  3.815  6.012 -129.9 -147.2
D  -69.4  -24.6  115.1 -179.7  -62.5    nan  1.094   98.9  3.834  5.324  -81.3  -80.5
D  -93.1   24.1  111.5  179.6   62.0    nan  1.063   95.8  3.815  5.331   50.9   70.3
M -124.4  169.3  105.7  179.1  -63.5    nan  0.984  126.7  3.812  5.642   69.7   81.8
L -148.7  147.7  106.8 -178.7  166.3    nan  0.961  143.4  3.792  5.443 -155.7 -157.8
C -113.5  148.5  115.7 -179.6  -65.2    nan  1.080  123.2  3.801  5.709 -150.3 -141.9
A -161.1  158.0  107.1 -179.9    nan    nan  0.982  155.9  3.753  5.423  173.0  162.1
G  105.0 -175.0  117.2  177.9    nan    nan    nan  107.3  3.785    nan    nan   69.5
N -169.4  179.4  108.0  179.5   60.6    nan  1.012  169.6  3.793    nan    nan -161.5
T  -55.5   -6.7  119.7 -178.8    3.4 -116.9  1.137  121.0  3.825  5.133  -54.9  -50.3
R -135.0   -0.3  112.1 -178.7   69.7    nan  1.059   44.8  3.787  5.052   30.1   47.3
R -144.1  119.9  104.0 -179.7  -46.9    nan  0.949  121.8  3.764  5.104   25.6   39.3
D -171.4  158.2  108.4 -178.3 -174.1    nan  0.975  159.4  3.766  5.512  133.0  124.4
S  -78.7  172.7  103.6  176.8   55.3    nan  0.988   80.5  3.792  5.522 -101.6 -103.3
C -153.7 -169.2  112.3 -177.1 -167.6    nan  1.039  148.2  3.797  5.422 -160.8 -156.1
Q  -55.2  125.7  113.0 -179.6 -172.7    nan  1.059   85.8  3.822  5.013  -42.6  -37.5
G   99.4   -9.6  113.3 -179.4    nan    nan    nan   84.5  3.811    nan    nan   29.5
D  -92.5  -18.7  110.3  178.3  -74.1    nan  1.016   81.3  3.834    nan    nan   82.6
S  -40.1  131.1  111.0  179.7  -81.7    nan  1.008   70.8  3.845  5.744  119.0  124.6
G   95.5  -24.9  113.4 -179.4    nan    nan    nan   94.5  3.780    nan    nan   31.7
G  -63.2  165.1  113.9 -179.9    nan    nan    nan   70.0  3.808    nan    nan   99.0
P  -85.5  146.4  118.9 -179.2   41.8    nan  1.031  101.6  3.841    nan    nan  -95.9
L -118.7   93.9  100.2  175.1  171.6    nan  0.930  100.8  3.797  5.791 -152.5 -162.4
V -100.3  145.4  111.9  179.8  -70.5   52.5  1.042  110.9  3.803  6.096  173.2  176.0
C -126.5  143.8  108.4  178.5  -50.9    nan  0.994  129.0  3.801  5.665 -157.9 -163.6
K  -87.3  114.3  104.2  178.0 -158.0    nan  0.979  101.8  3.765  5.666 -120.5 -126.8
V -123.3  104.8  109.2 -179.7  163.5  -74.9  1.021  114.0  3.737  5.829  173.4  170.4
N   60.6   53.5  111.5  178.3 -162.0    nan  1.032   92.1  3.765  4.872   -5.1  -28.1
G   79.8   -7.2  118.7  179.5    nan    nan    nan  103.6  3.815    nan    nan  -58.9
T -120.7  145.4  114.9 -178.9  -47.8 -167.3  1.077  128.8  3.828    nan    nan   61.5
W  -87.8  110.1  108.2  178.6  -81.6    nan  0.982  106.3  3.777  5.579 -114.7 -126.6
L -107.8  137.9  111.1  178.6  -61.6    nan  1.049  117.2  3.778  5.921 -179.7 -180.0
Q  -77.8   96.5  109.4  179.7  176.7    nan  1.060  107.4  3.836  5.816 -116.3 -122.6
A  -66.5  -48.6  113.6 -179.2    nan    nan  1.072   89.3  3.786  6.015 -141.6 -152.4
G -147.0 -175.0  115.4 -178.3    nan    nan    nan  144.6  3.800    nan    nan   -4.6
V -133.5  123.0  107.2 -179.2  175.7  -62.2  0.958  123.8  3.789    nan    nan -122.5
V  -48.0  122.4  108.4  179.7 -171.0  -48.9  1.007   80.8  3.830  5.775  -97.5 -109.5
S -121.5  -70.2  115.0 -178.1  180.0    nan  1.094   59.0  3.827  5.873 -179.6 -177.9
W -148.8 -165.9  113.6 -179.0   61.9    nan  1.117  141.1  3.790  4.650  -50.1  -26.0
G  150.0  156.4  107.1 -179.1    nan    nan    nan  137.3  3.799    nan    nan  164.9
E  -90.9   63.3  114.1 -179.0  -61.3    nan  1.066  110.9  3.825    nan    nan -111.6
G  108.1  162.2  108.9 -179.4    nan    nan    nan  101.7  3.802    nan    nan  -20.0
C  -95.3  134.1  112.0  179.6  -52.9    nan  1.041  109.4  3.798    nan    nan -110.7
A   47.4   52.0  110.9 -180.0    nan    nan  1.051  102.1  3.819  4.843   13.1  -10.4
Q -107.7  136.4  114.5 -179.8 -100.3    nan  1.110  119.5  3.803  5.933  114.3  127.5
P  -50.8  124.0  114.6 -179.9   20.6    nan  1.011   85.1  3.830  5.372  -81.1 -100.7
N   66.2   23.3  113.3  179.5  -57.4    nan  1.068  103.2  3.827  4.974   16.6   -5.7
R -141.1   59.1  111.4 -179.8  -59.2    nan  1.038   78.3  3.797  5.370   52.2   65.1
P  -59.3  150.2  109.9  179.8   30.0    nan  0.954   72.7  3.822  6.057 -178.5  178.2
G  -62.8  136.5  113.4 -179.2    nan    nan    nan   84.9  3.792    nan    nan  -93.0
I  -97.4  133.7  107.2  179.0  -55.9 -178.3  0.960  107.6  3.807    nan    nan -146.2
Y -122.5  160.7  107.8  179.1  -60.5    nan  1.010  126.4  3.803  5.779 -170.6 -170.6
T  -83.5  134.2  105.6  178.6  -63.3  176.5  0.954   96.5  3.822  5.519  -95.8 -103.2
R  -77.4  114.1  110.7 -180.0 -166.9    nan  1.046  103.1  3.801  5.729 -122.3 -124.5
V  -70.8  -42.2  114.3 -177.8 -170.3  -49.0  1.093   89.0  3.809  5.970 -131.6 -138.0
T  -54.0  -37.0  105.8  179.3   47.3  -74.0  0.979  109.7  3.793  5.466   84.7   89.6
Y  -62.1  -34.9  116.8 -178.4 -166.3    nan  1.111   99.0  3.776  5.285   69.3   89.3
Y -109.9   17.5  113.8 -178.0  -65.1    nan  1.080   77.9  3.802  5.048   24.4   47.9
L  -50.8  -56.3  113.5  179.9 -116.8    nan  1.061   95.3  3.803  6.028  142.0  149.0
D  -48.6  -43.1  112.2  179.5  -70.8    nan  1.042  106.8  3.810  5.215   72.7   83.2
W  -68.4  -47.5  110.3  179.9 -178.3    nan  1.030   90.7  3.783  5.194   60.9   76.3
I  -52.4  -46.4  107.4  179.8  -71.4  165.7  1.003  104.4  3.789  5.378   75.9   86.1
H  -71.0   -9.0  116.5 -179.1  -69.7    nan  1.131  104.8  3.801  5.159   49.9   71.8
H  -75.2  -15.2  107.9  178.8  -72.7    nan  1.008   99.7  3.785  5.721   91.6  100.1
Y -120.3  -48.3  110.8 -179.0  -61.7    nan  1.020   55.7  3.785  5.104   31.1   51.5
V  -87.4  114.4  112.9 -179.3 -170.8  -47.9  1.056  109.6  3.794  5.040   33.2   54.6
P  -63.4  156.3  111.2 -180.0   29.6    nan  0.949   73.7  3.830  5.744 -116.0 -134.6
K  -88.0   93.5  109.1  179.2  -54.3    nan  1.007  108.9  3.776  5.593 -115.0 -112.7
K  101.1    nan  114.0 -179.7 -171.4    nan  1.126    nan  3.859  5.175   18.9    1.5
