Id   phi    psi    tau  omega    chi    chi2  solid    eta  CA-CA  CB-CB  BA^AB  NA^AC
I    nan  119.3  112.3    nan  -74.6  161.1  1.049    nan    nan    nan    nan    nan
V  -84.7  130.6  106.6  178.7 -164.7  -42.7  0.978   99.0  3.783  5.879 -136.8 -151.6
G   81.7 -154.8  106.6 -178.9    nan    nan    nan   89.4  3.776    nan    nan   22.0
G   69.9 -159.8  120.7  178.4    nan    nan    nan   81.0  3.794    nan    nan   91.2
Q -152.8  170.9  110.3 -179.7   58.0    nan  1.024  154.6  3.795    nan    nan -121.4
E  -72.8  122.2  108.0  179.1  178.4    nan  1.006   95.3  3.807  5.301  -78.8  -80.2
A  -60.9  137.6  111.2 -179.2    nan    nan  1.036   81.6  3.779  5.789 -111.5 -121.6
P  -59.0  144.0  108.2  179.2  -33.3    nan  0.919   75.0  3.857  5.476  -89.4 -107.1
R  -47.0  -15.8  119.1 -176.4 -154.5    nan  1.199  124.0  3.817  5.697  -90.5  -82.5
S -134.6   64.0  108.1  179.3   56.9    nan  0.987   83.7  3.779  5.145   26.2   36.4
K -120.2  -39.2  116.6 -178.8 -115.1    nan  1.137   50.6  3.759  5.772  110.5  129.7
W -130.1   73.9  109.3 -177.9  -41.4    nan  1.023   93.7  3.765  4.818    3.6   22.6
P  -64.4    2.3  114.8 -179.5   36.5    nan  0.992  116.5  3.844  6.041 -166.0 -172.0
W -108.7  -13.5  111.6  178.9   49.9    nan  1.046   66.8  3.777  5.406   51.6   79.6
Q  -56.7  140.0  110.8  179.2 -103.7    nan  0.995   76.8  3.788  5.661  104.9  113.6
V -142.3  147.2  109.1  177.2  -53.7   70.2  1.027  140.7  3.842  5.772  175.1  173.6
S -105.6  126.0  109.9  179.0  179.9    nan  1.012  115.0  3.821  5.652 -134.9 -138.9
L  -89.1  122.6  105.5  178.7  -72.3    nan  0.951  102.5  3.800  5.847 -135.9 -147.8
R -115.0  150.5  112.5 -179.5  -49.8    nan  1.018  122.6  3.824  5.903 -170.7 -171.9
V -117.8  155.8  106.9  177.4 -145.4  -18.4  0.925  122.1  3.820  5.673 -139.2 -150.7
H  -80.0   96.8  110.0  178.4 -177.8    nan  1.039  108.3  3.765  5.370 -106.5 -104.0
G  -98.9 -148.9  106.0  178.0    nan    nan    nan   89.5  3.787    nan    nan  173.6
P  -51.9  -22.8  111.2  153.4  -30.7    nan  0.953  117.3  3.807    nan    nan  -28.7
Y -160.7  148.8  103.6  178.2   63.2    nan  0.949  147.9  3.823  4.892  -22.1   -1.3
W  -58.4   90.1  108.7  179.9  -62.5    nan  1.018  105.8  3.806  5.501  -85.0  -91.0
M  -86.9  130.9  114.1 -178.0  150.2    nan  1.070  105.8  3.774  6.019 -174.9 -176.5
H  -59.6  125.1  109.9 -180.0  159.5    nan  1.003   87.1  3.797  5.657  -97.0 -115.3
F -121.3  -10.1  115.9  178.6   75.9    nan  1.132   54.8  3.823  5.868  177.7 -177.3
C -173.1  171.0  108.3  179.5  -89.2    nan  0.989  170.6  3.833  4.984   -7.2   -1.5
G -120.4  173.7  106.5  179.7    nan    nan    nan  122.0  3.740    nan    nan -126.4
G -165.3 -180.0  106.5  179.6    nan    nan    nan  165.3  3.753    nan    nan -171.3
S -131.5  146.1  110.3  180.0   46.1    nan  1.006  134.0  3.767    nan    nan -125.3
L  -84.1  105.9  107.0  178.3 -165.1    nan  0.993  104.6  3.774  5.631 -116.0 -120.9
I  -95.1  -19.0  113.4  179.6   60.3  -62.9  1.079   77.7  3.820  6.047 -170.9 -169.2
H -149.6  148.4  103.1  179.0  172.3    nan  0.935  142.6  3.854  5.040    4.3   14.7
P  -53.1  -10.9  117.1 -179.6  -34.7    nan  1.047  121.4  3.824  5.398  -82.7  -83.6
Q -126.7   -3.0  112.8  179.5 -155.3    nan  1.060   52.2  3.797  5.167   22.6   50.2
W -126.0  139.9  114.6 -177.8  -69.6    nan  1.081  131.8  3.812  5.210   38.0   60.1
V -118.3  133.9  109.9  179.3  167.9  -70.3  1.012  123.0  3.792  5.694 -152.8 -162.7
L -102.4  134.0  105.4 -179.5  174.5    nan  0.943  109.6  3.806  5.760 -141.6 -151.7
T -153.7  176.4  110.7 -178.3  179.3   56.9  1.051  154.8  3.799  5.653  158.4  158.1
A  -82.8  135.5  108.5 -179.9    nan    nan  1.029   97.5  3.818  5.368  -85.1  -82.3
A  -60.1  -37.5  111.7 -178.1    nan    nan  1.049  101.6  3.792  5.647  -96.0 -106.5
H  -63.1   -6.1  114.1 -179.4   82.0    nan  1.132  114.3  3.792  5.375   67.1   87.8
C  -84.1  -22.9  108.1  177.6  -71.4    nan  0.979   88.5  3.793  5.750   87.2   93.3
V -131.7    4.6  116.1 -177.0  -54.7   66.8  1.091   50.5  3.791  4.814   11.1   35.3
G -137.3 -165.9  112.9 -179.9    nan    nan    nan  130.4  3.808    nan    nan   53.4
P  -69.0  -15.2  113.5  -11.4   33.5    nan  0.981  104.4  2.977    nan    nan  154.0
D  -75.6  138.0  111.9  179.5  -65.9    nan  1.063   93.2  3.799  5.482   69.1   95.4
V  -60.1  128.9  112.2 -178.9 -177.7  -56.6  1.060   86.7  3.772  5.581  -92.7 -106.5
K -102.8  146.0  110.9 -179.9  -60.8    nan  1.009  112.3  3.815  5.842 -145.7 -158.1
D  -87.5  118.4  107.5  177.4  171.7    nan  1.012  104.0  3.798  5.655 -121.0 -124.6
L  -53.0  -26.3  116.3 -178.2  -78.8    nan  1.118  112.5  3.796  5.822 -108.8 -116.5
A  -62.8  -40.5  108.0 -180.0    nan    nan  1.000   99.7  3.790  5.565   89.1   97.1
A  -65.9  -12.9  113.6 -179.3    nan    nan  1.049  108.5  3.779  5.185   65.0   81.2
L -106.8  147.2  114.6 -178.1 -105.8    nan  1.060  117.3  3.801  5.250   48.1   69.6
R -158.5  143.3  108.7  178.2 -148.4    nan  1.026  144.7  3.764  5.498  169.7  162.9
V -106.2  140.5  114.2 -178.9  176.2  -61.2  1.043  117.7  3.793  5.717 -137.5 -143.0
Q -121.1  119.3  106.2  177.6  166.6    nan  0.972  117.5  3.802  5.694 -157.3 -166.7
L  -72.0  176.1  108.8  179.9  -64.9    nan  1.048   73.3  3.802  5.930 -131.8 -135.0
R  -43.0  134.9  115.1 -177.5 -147.7    nan  1.090   71.9  3.811  5.110  -39.0  -42.9
E -154.6  139.6  106.9  176.5   92.2    nan  1.049  140.3  3.809  5.622  160.8  151.0
Q  -69.7  -26.7  116.4 -177.1 -172.1    nan  1.105   97.0  3.815  5.685 -103.5 -108.7
H -138.4  103.9  109.3 -179.9  -67.8    nan  1.025  113.1  3.832  4.980    4.2   22.5
L  -14.5  -49.7  125.6 -176.2 -110.3    nan  1.301  121.0  3.803  5.823  -89.5  -94.3
Y -121.4    1.3  116.0 -176.8  -61.5    nan  1.084   59.2  3.767  4.860   10.6   29.2
Y  -67.1  -30.9  120.5 -174.4  -58.6    nan  1.253   95.4  3.732  5.622   94.7  126.2
Q -137.2   59.6  111.6  179.0  -70.5    nan  1.087   81.1  3.757  5.008    3.2   21.5
D  -66.2  145.4  114.6 -178.9  -89.9    nan  1.097   83.3  3.790  6.195  173.2  174.5
Q -158.0   78.1  101.8  179.1 -146.3    nan  0.945   83.4  3.773  5.536  175.7  159.5
L  -66.9  128.5  115.8 -177.4  -77.6    nan  1.094   94.0  3.771  6.101 -172.3 -165.3
L -104.1  133.0  108.4 -179.9  -60.7    nan  0.974  113.0  3.807  5.817 -144.5 -162.9
P  -80.5  159.0  110.3 -179.9   36.5    nan  0.940   88.2  3.801  5.647 -121.9 -128.8
V -106.0  145.5  107.3  178.9  -61.9   60.9  1.019  112.9  3.782  5.697 -134.3 -126.9
S  -97.1  -33.7  113.6 -179.1  169.6    nan  1.049   71.2  3.802  5.634 -127.2 -131.2
R -157.8  142.9  109.0 -178.9  174.3    nan  1.016  144.4  3.796  4.680  -22.8   -4.8
I -112.9  128.8  107.4  179.9  -63.9  173.6  0.958  117.3  3.837  5.837 -142.6 -152.4
I -125.6  115.2  108.8  179.9  -64.9  173.5  1.016  119.0  3.802  5.821 -178.2 -178.0
V -111.0  144.6  107.5 -179.1  178.9  -57.5  0.993  117.0  3.788  5.918 -170.5 -178.7
H  -62.1  125.4  111.4 -178.5 -159.6    nan  1.063   89.6  3.806  5.646  -93.6  -98.1
P  -51.6  -22.8  115.0 -179.6   26.3    nan  1.006  116.3  3.850  5.583  -93.5 -111.4
Q  -93.9   -5.5  112.7  179.5  -74.0    nan  1.062   84.0  3.759  5.272   43.8   72.4
F  -72.5  126.3  116.3 -178.1  176.9    nan  1.096   99.4  3.734  5.654   93.0  111.0
Y -131.0  -48.9  109.3  174.5 -174.0    nan  1.054   51.8  3.726  5.683  174.8  167.0
T -143.0  148.0  107.9 -179.9  -51.3 -168.7  0.971  140.8  3.811  4.764  -16.5   -4.5
A  -60.1  -39.0  113.7 -179.8    nan    nan  1.071   99.7  3.793  5.439  -89.9  -93.2
Q  -63.4  -22.8  111.5 -179.8  -74.2    nan  1.041  106.6  3.815  5.397   72.8   85.6
I  -91.7   -3.4  109.5 -179.6  -52.3 -173.0  1.037   87.2  3.794  5.323   54.5   72.7
G   84.0 -177.3  114.5  178.8    nan    nan    nan   85.1  3.788    nan    nan -107.0
A   67.6   22.5  111.6  179.8    nan    nan  1.068  102.8  3.810    nan    nan   66.7
D  -78.7   86.5  108.7  179.5 -179.9    nan  1.003  109.1  3.762  5.880  116.3  126.1
I -156.9  152.6  108.6  179.8 -167.9   67.6  1.010  150.9  3.804  5.666  108.1  106.1
A -162.9  153.5  111.9 -179.1    nan    nan  1.049  154.7  3.820  5.515  171.0  167.7
L -115.3  139.2  109.9 -179.8  -67.0    nan  1.004  121.7  3.819  5.598 -136.7 -143.0
L -120.1  121.2  104.2  178.0  -63.8    nan  0.940  116.2  3.816  5.789 -156.5 -165.2
E  -91.2  126.0  107.4  179.3  177.7    nan  0.994  104.7  3.772  5.890 -149.1 -151.2
L  -75.2  145.1  107.2  178.5  -59.4    nan  0.978   87.4  3.780  5.823 -122.1 -133.5
E  -58.6  -41.9  111.4  179.8 -155.4    nan  1.029  100.4  3.797  5.498  -88.0  -95.4
E -132.4  146.4  109.8  179.6  -73.9    nan  1.004  134.4  3.807  4.849   -4.9   13.9
P  -62.8  147.7  110.3  179.6  -30.9    nan  0.937   77.2  3.820  5.338  -86.9  -99.5
V  -89.6  168.8  109.8  179.9  -59.8   61.6  1.007   93.4  3.771  5.725 -124.7 -123.0
K -107.1  103.6  106.1  177.7 -168.5    nan  1.012  109.1  3.764  5.420 -122.1 -116.8
V  -64.1  149.7  114.3 -179.3  -67.6   54.0  1.075   79.0  3.800  6.023 -133.5 -142.2
S -153.8 -164.2  108.4  179.9   74.6    nan  0.993  145.7  3.784  5.528 -178.1  171.0
S  -77.2  -24.7  110.1  179.2   53.7    nan  0.985   93.6  3.807  4.916  -59.3  -53.8
H  -98.0  -21.4  113.0 -178.8  -70.3    nan  1.078   74.3  3.784  5.130   40.7   66.2
V -140.5  103.0  110.1  178.8   60.7 -177.0  1.079  112.8  3.776  5.005    2.0   24.2
H -155.8  164.1  106.5  178.8   64.6    nan  1.025  155.3  3.778  5.720  131.8  121.9
T  -68.4  161.7  121.3 -176.7   67.5  -52.7  1.177   78.5  3.790  5.391  -83.5  -78.6
V -102.9  153.2  105.5  177.7   67.3 -169.3  0.983  108.5  3.791  5.372 -112.3 -125.9
T  -95.0  129.1  112.4 -179.1  -43.4 -163.5  1.040  110.5  3.793  5.594 -120.5 -119.3
L  -76.5  148.7  106.5  178.6  -57.7    nan  1.006   86.8  3.799  5.840 -122.6 -132.8
P  -75.6  161.6  111.4 -179.6   38.8    nan  0.944   82.9  3.806  5.443  -97.7 -106.2
P  -75.5  161.6  106.2  179.4  -22.1    nan  0.886   81.2  3.822  5.383  -91.3  -94.9
A  -74.4   11.4  112.3 -179.4    nan    nan  1.068  109.6  3.810  5.594 -101.7  -90.0
S -114.5   -1.7  114.2 -179.3  -55.0    nan  1.074   64.8  3.823  5.559   63.9   83.4
E  -87.5  139.1  112.1  179.8 -101.1    nan  1.055  102.3  3.830  5.670   79.9   96.7
T -113.1  -15.2  113.8  179.4   33.3  -87.9  1.093   61.6  3.796  5.764 -154.8 -154.5
F   53.7   63.9  110.6  179.4  -59.8    nan  1.045   90.3  3.805  5.537 -142.9 -144.2
P  -70.2  166.3  112.6 -179.9   33.7    nan  0.969   76.0  3.822  6.071  177.3  173.5
P  -60.9  141.1  111.0  179.7   24.6    nan  0.975   79.5  3.817  5.268  -74.9  -73.9
G  111.5  -20.4  110.4 -178.7    nan    nan    nan   76.6  3.785    nan    nan   59.5
M  -64.0  144.5  109.1  178.9  -70.5    nan  0.994   79.3  3.795    nan    nan   99.7
P  -89.0   93.2  107.1  179.3   36.0    nan  0.916  107.0  3.843  5.580 -118.5 -127.0
C -110.9  152.5  110.4 -179.2  -52.6    nan  1.045  117.9  3.782  6.000  151.3  162.6
W -134.9  147.9  110.4 -178.9  -58.8    nan  0.984  136.8  3.761  5.568 -155.5 -162.8
V -117.6  143.8  101.8  176.2 -170.2  -48.3  0.910  118.7  3.776  5.684 -146.5 -154.3
T -132.9  156.2  109.1  179.9   53.6  -66.7  1.018  136.0  3.767  5.604 -171.3 -168.2
G  163.1  174.7  115.3  179.0    nan    nan    nan  160.3  3.803    nan    nan  131.1
W -111.1   20.8  111.3  179.5  -64.8    nan  1.018   77.5  3.798    nan    nan -112.0
G  -77.9  175.3  115.0 -179.5    nan    nan    nan   79.9  3.823    nan    nan  128.4
D  -42.5  144.9  114.4 -179.0  -66.6    nan  1.071   63.7  3.820    nan    nan  -45.0
V  -88.4   -6.0  111.8 -179.0  -60.4   60.8  1.054   89.4  3.802  5.617 -118.9 -125.6
D -174.9 -178.6  104.9  179.4 -160.6    nan  0.961  174.4  3.776  4.858   -9.3   -0.2
N  -65.1  125.1  109.7  179.6  -70.0    nan  1.016   90.4  3.799  5.178  -61.8  -59.6
D   52.1   26.1  113.2 -179.8  -63.1    nan  1.121  114.5  3.763  4.853    4.4  -15.2
E -117.7   88.9  105.3  178.4 -105.1    nan  0.944  103.0  3.813  5.789   84.7   89.2
R  -65.5  159.0  112.9 -179.3   66.2    nan  1.100   74.9  3.809  6.130 -161.6 -156.1
L  -72.6  114.4  111.9 -179.9 -179.9    nan  1.051  101.6  3.810  5.393  -87.0  -93.8
P  -67.6  149.2  113.2 -179.5   36.4    nan  0.965   81.9  3.826  5.820 -122.3 -136.2
P  -64.6  154.7  107.3  179.2   19.3    nan  0.930   74.2  3.775  5.506  -94.8  -97.9
P  -89.2   34.3  115.2   15.6   38.6    nan  1.000  104.5  2.984  4.773   72.5   71.2
F   49.9   58.5  116.4  177.3  -43.4    nan  1.088   92.6  3.843  5.607 -106.7 -105.7
P  -76.9  144.7  113.2  179.8   36.5    nan  0.966   92.1  3.800  6.007  165.3  161.9
L  -66.1  122.1  108.9  177.3  176.0    nan  1.007   92.1  3.814  5.687 -102.2 -106.5
K -103.5  156.0  109.3  179.5  -58.2    nan  1.015  110.1  3.801  5.906 -159.6 -163.1
Q -135.8  155.6  105.8  179.2   71.4    nan  0.958  137.0  3.807  5.618 -155.5 -161.5
V -149.4  142.0  109.3  178.9   69.8 -166.7  1.042  141.5  3.793  5.554 -177.8 -174.4
K  -91.6  112.7  106.6  179.5 -169.8    nan  0.976  106.0  3.808  5.745 -122.1 -132.1
V -111.9  151.7  111.8 -179.9  -52.3   71.8  1.071  119.5  3.794  6.007  177.6 -178.5
P  -94.3  125.5  113.4 -179.8   32.7    nan  0.985  111.5  3.839  5.401 -113.1 -124.4
I  -63.3  162.9  105.2  178.6  -54.4 -173.9  0.941   68.8  3.832  5.861 -109.0 -126.1
M -152.9  129.7  109.0 -179.4 -177.0    nan  1.000  133.0  3.794  5.423 -170.8 -169.3
E  -49.9  125.3  112.2 -179.3 -115.4    nan  1.026   82.2  3.820  5.669  -91.2 -104.1
N  -42.9  -46.3  111.0  179.4  -83.6    nan  1.030  109.2  3.800  5.644  -87.1 -104.0
H  -61.5  -41.4  113.8 -178.3  -58.1    nan  1.104   97.0  3.801  5.196   62.9   81.8
I  -69.0  -38.8  105.9  179.2  -63.8  171.7  0.964   96.8  3.786  5.372   67.7   75.9
C  -63.6  -54.8  112.3 -179.9 -166.5    nan  1.037   88.8  3.779  5.255   68.0   83.9
D  -48.6  -43.9  109.4  179.9 -179.3    nan  1.000  107.6  3.786  5.169   74.9   84.0
A  -62.8  -52.4  111.4  179.5    nan    nan  1.042   91.2  3.776  5.201   64.6   79.9
K  -52.5  -34.1  110.0 -179.7  -76.9    nan  1.061  110.6  3.782  5.231   68.3   82.7
Y  -69.3  -15.0  115.4  179.3  -98.7    nan  1.124  103.8  3.790  5.416   63.0   84.4
H  -91.4  -21.5  111.5  177.8  -71.6    nan  1.066   81.0  3.787  5.519   62.6   79.4
L  -60.1  122.8  109.4  179.0  -61.7    nan  1.013   88.4  3.810  5.672   94.7  102.9
G   81.8   14.8  113.9 -179.9    nan    nan    nan   92.0  3.787    nan    nan   10.4
A -127.2  150.9  113.4 -179.4    nan    nan  1.066  133.0  3.808    nan    nan   73.5
Y  -72.2  -17.6  113.8 -179.6  -64.6    nan  1.049  100.1  3.819  5.454  -93.8 -104.3
T  -62.6  117.0  115.7 -178.5  -26.3 -145.8  1.075   97.7  3.821  5.597   91.1  107.4
G  -53.8  149.7  111.1  178.8    nan    nan    nan   68.7  3.807    nan    nan -124.6
D  -68.8  -23.6  114.4 -178.7  -61.8    nan  1.089  100.2  3.807    nan    nan  -99.4
D  -70.6  -11.6  108.9  179.4   52.7    nan  1.027  105.3  3.788  5.522   78.3   91.5
V  -97.3  111.4  111.3  179.9  179.3  -57.4  1.031  112.5  3.828  5.467   58.2   77.3
R  -76.4  110.6  115.9 -177.6 -169.4    nan  1.087  108.3  3.801  5.878 -139.8 -147.4
I  -84.8  -44.1  110.9 -179.2  -64.7  173.1  1.050   79.5  3.825  6.003 -147.8 -160.2
V  -97.7  101.7  111.9  179.0  177.3  -62.8  1.116  112.9  3.798  5.087   21.2   47.2
R  -64.2  158.4  114.1 -179.8  -96.0    nan  1.032   74.4  3.751  5.860 -126.8 -148.0
D  -65.2  -23.9  112.4  179.4  -48.9    nan  1.035  104.1  3.801  5.354  -82.0  -88.7
D  -85.0   -0.3  112.3 -180.0   64.1    nan  1.084   94.9  3.794  5.361   57.1   79.4
M -104.9  169.5  109.4 -179.7  -45.6    nan  1.007  108.2  3.791  5.475   65.0   80.8
L -148.1  130.0  108.1 -179.5  178.0    nan  0.976  132.2  3.843  5.514 -156.5 -157.4
C  -97.5  155.2  112.9 -179.5  -56.1    nan  1.028  106.3  3.840  5.894 -145.6 -147.4
A -170.9  140.9  109.0  177.2    nan    nan  1.023  143.0  3.755  5.334  163.4  159.1
G  123.5  165.3  115.2  178.4    nan    nan    nan  116.3  3.782    nan    nan   69.1
N -139.9 -176.1  110.7  178.5   70.3    nan  1.111  138.4  3.796    nan    nan -154.9
T  -61.5  -10.2  117.9 -178.2   15.0 -105.3  1.132  113.3  3.819  5.162  -52.2  -49.8
R -131.6    9.5  113.6  179.7   65.0    nan  1.104   52.7  3.776  5.078   25.9   46.5
R -146.3  114.4  106.9  179.1  -56.9    nan  0.989  119.4  3.762  5.193   34.1   45.8
D -167.7  158.7  112.9 -178.8 -169.0    nan  1.032  160.1  3.798  5.587  130.7  122.0
S  -81.0  168.9  101.3  176.2   60.5    nan  0.922   83.3  3.808  5.427  -95.7 -107.4
C -154.9 -176.5  110.3 -178.5 -176.1    nan  1.059  153.5  3.770  5.413 -172.4 -162.2
Q  -48.0  133.3  110.3 -179.3  176.0    nan  1.005   74.2  3.795  4.983  -35.7  -40.3
G   91.3   -9.3  112.7  179.7    nan    nan    nan   92.3  3.766    nan    nan   30.0
D  -93.3  -17.0  109.6  177.8  -75.6    nan  1.012   81.2  3.767    nan    nan   82.0
S  -41.3  140.9  114.1 -179.7  -80.2    nan  1.052   65.6  3.802  5.679  115.7  125.9
G   85.1  -18.0  111.8 -179.0    nan    nan    nan  101.3  3.777    nan    nan   32.1
G  -68.8  172.7  112.3  179.2    nan    nan    nan   71.7  3.802    nan    nan   98.7
P  -99.6  150.7  118.2 -179.2   42.7    nan  1.005  111.9  3.814    nan    nan  -99.3
L -116.8  104.6   98.9  174.5  164.6    nan  0.887  104.3  3.785  5.681 -146.5 -155.3
V -112.9  136.1  112.8 -179.3  -60.0   62.3  1.074  121.8  3.807  6.000  164.6  176.0
C -114.8  142.4  108.7  179.3  -50.3    nan  0.989  120.6  3.793  5.752 -151.7 -161.9
K  -86.7   92.5  108.8  179.2 -159.6    nan  1.018  108.6  3.794  5.704 -122.9 -125.8
V  -96.5  118.9  110.2  179.7 -174.6  -53.0  1.042  110.7  3.785  6.080  176.6  175.4
N   54.7   49.0  110.9  179.3 -156.5    nan  1.031   99.2  3.794  4.828    6.1  -19.1
G   75.9  -11.6  118.8 -179.6    nan    nan    nan  109.4  3.819    nan    nan  -66.0
T -110.7  125.1  113.8 -179.4  -67.6  173.3  1.061  120.8  3.855    nan    nan   66.6
W  -64.6  120.9  108.5  178.9  -75.2    nan  1.000   91.5  3.760  5.692 -109.5 -126.4
L -117.8  148.3  108.0  177.6  -57.1    nan  0.980  122.8  3.783  5.873 -173.9  179.3
Q  -94.9  105.2  108.9  179.0 -173.8    nan  1.039  109.5  3.798  5.663 -129.0 -126.8
A  -71.0  -49.4  113.3 -178.7    nan    nan  1.058   85.9  3.778  5.933 -138.1 -148.1
G -149.4  179.9  115.3 -179.1    nan    nan    nan  149.5  3.789    nan    nan   -8.8
V -121.6  131.4  105.4 -179.5  174.5  -63.0  0.944  121.1  3.784    nan    nan -117.4
V  -52.6  122.8  108.6 -179.3 -169.5  -46.7  0.996   83.3  3.812  5.688  -93.7 -103.8
S -114.1  -75.9  117.5 -176.5 -165.1    nan  1.118   59.4  3.806  5.813 -172.7 -168.1
W -146.4 -160.4  111.8 -178.5   62.2    nan  1.071  135.8  3.824  4.697  -49.5  -27.9
G  153.1  171.4  110.8  179.3    nan    nan    nan  149.0  3.775    nan    nan  173.2
E -108.4   85.2  107.9  178.6  -66.5    nan  1.001  105.3  3.787    nan    nan -114.3
G   82.7  161.7  112.8 -179.3    nan    nan    nan   76.1  3.785    nan    nan  -23.6
C  -90.8  121.7  113.4 -179.6  -54.4    nan  1.081  110.2  3.802    nan    nan -107.1
A   50.5   55.7  112.6 -179.7    nan    nan  1.076   96.4  3.816  4.952    5.5  -21.0
Q -101.9  145.1  110.0  178.0  -96.9    nan  1.057  111.1  3.797  6.002  128.3  133.1
P  -62.1  143.7  110.3 -179.4   32.6    nan  0.961   78.7  3.800  5.422  -86.2  -98.4
N   58.6   19.2  113.9  179.8  -65.9    nan  1.066  112.2  3.787  4.857   27.2   10.3
R -139.8   64.1  111.9  179.2  -63.8    nan  1.032   83.3  3.845  5.400   49.9   62.4
P  -65.7  154.8  113.3 -179.8   25.7    nan  1.005   77.3  3.824  6.079  178.5  179.0
G  -66.3  143.2  110.0 -179.8    nan    nan    nan   82.2  3.764    nan    nan  -92.8
I -103.2  135.1  109.6  179.5  -49.3 -171.6  1.003  113.1  3.783    nan    nan -141.9
Y -125.0  155.3  107.9 -179.7  -55.2    nan  0.981  128.8  3.809  5.749 -166.3 -172.3
T  -81.5  129.6  108.0  178.8  -60.8  179.7  1.017   98.1  3.780  5.573 -106.1 -106.4
R  -71.3  107.5  108.5  179.6 -154.9    nan  1.005  101.0  3.787  5.752 -113.3 -125.5
V  -56.0  -45.9  110.8  180.0  167.8  -71.4  1.041  100.2  3.767  5.909 -120.8 -132.9
T  -53.9  -25.9  114.4 -178.9   73.6  -47.8  1.084  112.6  3.799  5.373   75.6   88.9
Y  -77.7  -20.9  112.4 -178.9 -165.5    nan  1.051   93.8  3.837  5.429   70.3   85.1
Y -118.2   20.5  112.7 -179.5  -62.3    nan  1.080   71.1  3.785  5.067   24.8   50.0
L  -55.5  -50.1  111.7 -179.8 -133.0    nan  1.031   97.5  3.794  6.034  139.9  147.2
D  -60.5  -53.8  111.9 -179.3  -71.6    nan  1.064   91.7  3.807  5.213   62.0   78.3
W  -52.2  -48.7  109.4  179.7  177.5    nan  1.049  102.0  3.799  5.260   69.4   81.3
I  -54.0  -50.6  109.6  178.5  -70.5  166.3  1.030   99.4  3.802  5.380   71.9   82.6
H  -62.8  -15.8  116.4 -179.2  -70.5    nan  1.142  109.4  3.799  5.207   54.8   76.6
H  -63.0  -27.5  109.0  178.4  -81.5    nan  1.007  105.6  3.808  5.781   99.7  105.4
Y -110.3  -46.1  110.9 -180.0  -50.0    nan  1.041   61.2  3.788  5.062   29.0   49.8
V  -85.1  110.7  112.2 -178.9  179.5  -60.0  1.086  108.8  3.793  5.125   37.0   59.2
P  -64.5  166.0  109.3  180.0   33.5    nan  0.922   69.8  3.814  5.771 -117.2 -139.7
K  -92.4   99.3  106.6  179.1  -46.6    nan  0.995  106.8  3.759  5.497 -114.1 -105.0
K   90.9    nan  112.8 -178.4 -179.7    nan  1.101    nan  3.837  5.207   17.9   -1.0
