Id   phi    psi    tau  omega    chi    chi2  solid    eta  CA-CA  CB-CB  BA^AB  NA^AC
I    nan   98.1  109.9    nan  -62.2  178.8  1.005    nan    nan    nan    nan    nan
V  -69.1  136.5  109.7  179.7  178.5  -61.4  1.049   87.6  3.812  6.083 -148.6 -154.0
G   78.9 -151.7  106.7 -178.1    nan    nan    nan   87.9  3.787    nan    nan   25.0
G   67.2 -167.2  117.8  178.3    nan    nan    nan   73.5  3.786    nan    nan   92.7
Q -149.2  169.3  107.5 -178.5   64.6    nan  0.941  150.7  3.785    nan    nan -128.4
E  -66.0  140.7  103.5  177.3  178.4    nan  0.947   79.6  3.802  5.258  -75.6  -77.6
A  -87.6  145.0  114.4 -178.6    nan    nan  1.082  101.7  3.821  5.796 -129.0 -124.0
P  -54.5  144.8  108.9  179.8  -33.4    nan  0.916   71.2  3.850  5.305  -74.4  -95.0
R  -54.1  -12.5  116.4 -177.9 -150.7    nan  1.133  119.7  3.794  5.634  -95.9  -89.9
S -129.3   37.8  111.8 -178.6   66.2    nan  0.979   71.0  3.833  5.223   33.5   46.4
K -100.0  -41.3  119.9 -177.0  -98.9    nan  1.180   63.0  3.762  5.684   97.9  127.8
W -126.8   75.2  111.0 -178.1  -40.0    nan  1.067   97.1  3.773  4.846    3.7   25.5
P  -57.7  -19.9  115.5 -179.7   30.2    nan  1.017  112.3  3.834  6.030 -155.7 -165.2
W  -87.9  -17.9  112.9  179.1   37.5    nan  1.057   85.1  3.802  5.384   53.6   79.6
Q  -56.0  135.3  113.7 -179.3 -108.3    nan  1.059   80.6  3.805  5.663  100.2  112.4
V -139.2  159.9  107.6  177.1  -46.2   78.9  1.054  141.1  3.807  5.776  174.9  170.0
S -124.2  123.4  106.6 -178.3  167.0    nan  0.955  120.5  3.776  5.457 -135.1 -143.4
L  -87.2  139.9  105.6  179.6  -55.2    nan  0.983   97.8  3.806  5.961 -142.8 -146.6
R -127.5  148.2  112.7 -178.2  -45.5    nan  1.029  132.7  3.781  5.744 -164.6 -165.9
V -114.6  145.5  108.5  177.1 -132.5   -7.2  0.988  120.4  3.813  5.701 -142.8 -149.9
H  -73.6   95.4  110.3 -179.9 -175.5    nan  1.032  107.7  3.753  5.448 -103.7 -109.8
G  -98.8 -145.3  106.6  177.6    nan    nan    nan   88.0  3.768    nan    nan  172.0
P  -51.4  -29.5  108.3  153.1  -30.2    nan  0.910  115.0  3.816    nan    nan  -24.8
Y -149.2  170.8  106.3  178.1   67.0    nan  1.021  150.5  3.753  4.787  -23.2    5.1
W  -82.7   80.7  106.7  179.5  -65.1    nan  0.982  107.6  3.741  5.278  -88.1  -89.4
M  -82.0  146.7  110.3 -179.3   72.1    nan  1.061   94.1  3.773  6.135  174.0  179.8
H  -69.8  146.9  110.6 -179.7  158.5    nan  1.012   83.8  3.815  5.475  -93.7 -106.3
F -144.1   -2.7  116.6  178.5   74.7    nan  1.122   34.8  3.848  5.695  177.6 -178.2
C -177.9  162.4  108.8 -179.0  -81.2    nan  0.960  162.9  3.827  4.954   -2.0    0.5
G -108.6 -175.3  109.2  179.0    nan    nan    nan  107.0  3.733    nan    nan -124.1
G -162.8 -172.5  107.7  179.7    nan    nan    nan  159.3  3.772    nan    nan -154.8
S -147.3  139.2  106.3 -179.9   52.8    nan  0.976  137.4  3.767    nan    nan -134.6
L  -83.9  108.4  107.0 -180.0 -167.1    nan  0.964  104.0  3.792  5.692 -119.0 -126.8
I -106.1    0.4  112.9 -179.5   64.5  -60.5  1.088   74.1  3.818  6.050  176.6 -176.4
H -169.1  140.8  102.7  178.8  176.5    nan  0.940  141.9  3.800  4.997    5.9   11.8
P  -44.9  -12.5  116.0 -179.5  -34.6    nan  1.013  128.6  3.817  5.429  -77.8  -84.3
Q -128.1   -2.0  115.4 -178.9 -164.7    nan  1.084   51.1  3.793  5.035   18.5   48.8
W -127.4  145.1  112.9 -179.1  -69.3    nan  1.050  132.4  3.819  5.270   39.3   58.8
V -117.8  127.6  109.1  179.4  173.5  -66.1  1.010  120.9  3.809  5.708 -148.2 -156.5
L  -95.3  137.3  106.4  179.5  174.1    nan  0.951  104.9  3.762  5.780 -139.8 -151.5
T -159.2  176.6  110.4  179.4 -173.4   67.3  1.037  160.2  3.789  5.591  156.1  154.6
A  -80.9  136.5  109.1 -179.9    nan    nan  1.025   96.2  3.810  5.204  -81.4  -80.6
A  -62.3  -38.5  109.5 -179.0    nan    nan  1.025  100.4  3.752  5.593  -97.6 -108.5
H  -57.5  -14.0  115.4 -177.8   88.3    nan  1.165  115.7  3.782  5.391   70.2   93.5
C  -79.8  -33.0  109.7  179.7  -76.3    nan  1.020   88.1  3.801  5.699   83.0   92.3
V -118.7    1.7  115.3 -178.9  -65.5   57.1  1.130   62.0  3.772  4.903   10.8   39.0
G -132.7 -170.1  113.0  179.9    nan    nan    nan  128.2  3.837    nan    nan   55.4
P  -74.5  -16.6  112.8   -5.8   34.4    nan  0.970   98.6  2.994    nan    nan  148.5
D  -71.4  144.7  112.9  179.0  -74.5    nan  1.039   87.3  3.801  5.478   74.9   97.7
V  -66.4  130.6  111.5 -179.7  171.8  -67.5  1.073   89.7  3.790  5.549  -98.6 -105.3
K -108.3  148.2  113.3 -178.7  -58.9    nan  1.035  117.7  3.823  5.850 -148.9 -160.0
D  -82.4  118.9  108.3  179.1 -171.1    nan  1.003  102.0  3.803  5.565 -109.9 -117.8
L  -58.6  -31.1  112.9 -180.0  -83.1    nan  1.072  106.0  3.799  5.854 -114.1 -123.4
A  -68.9  -29.8  108.4  179.3    nan    nan  1.013   99.5  3.774  5.446   74.1   86.2
A  -76.1   -4.0  111.8 -179.4    nan    nan  1.039  102.3  3.809  5.334   63.7   81.2
L -116.1  160.3  111.3 -179.1 -107.9    nan  1.037  121.6  3.772  5.270   46.3   67.0
R -171.8  137.2  107.3  179.7 -148.9    nan  0.973  139.0  3.752  5.351  173.3  164.9
V -101.8  137.3  113.5 -178.9  161.9  -76.0  1.052  114.5  3.783  5.764 -143.8 -144.4
Q -113.8  128.5  105.9  179.0  168.2    nan  0.959  116.6  3.803  5.739 -150.5 -161.6
L  -70.7 -172.4  109.9 -179.1  -72.1    nan  1.050   68.3  3.798  5.841 -121.1 -123.2
R  -64.9  145.2  112.1 -178.7 -163.8    nan  1.056   81.1  3.786  5.112  -52.5  -50.1
E -160.6  149.8  108.4  178.4   65.2    nan  1.040  150.2  3.787  5.501  167.0  157.8
Q  -76.4  -34.0  115.8 -178.4 -171.2    nan  1.081   87.6  3.807  5.551 -101.7 -105.3
H -127.7  124.3  108.0 -179.3  -66.0    nan  1.021  123.2  3.828  4.919    6.6   27.1
L  -37.3  -56.4  127.6 -174.0 -100.3    nan  1.362   97.7  3.776  5.809  -98.1  -90.6
Y -117.8   12.3  115.6 -177.4  -59.9    nan  1.089   68.0  3.751  4.860   10.2   26.9
Y  -63.1  -53.6  115.0 -177.1 -156.4    nan  1.131   88.0  3.749  5.899  119.0  136.0
Q -126.9   54.4  115.7 -177.5  -59.3    nan  1.122   86.2  3.786  4.725  -10.0   14.9
D  -54.2  155.8  112.4 -179.8  -73.5    nan  1.066   66.0  3.802  6.217 -176.7  178.7
Q -159.5   74.1  100.7 -180.0 -148.1    nan  0.904   78.9  3.799  5.490 -173.6  170.8
L  -66.2  133.7  117.1 -177.2  -70.5    nan  1.123   91.3  3.776  6.112  179.1 -167.2
L -114.1  129.5  110.6  180.0  -41.3    nan  0.998  120.6  3.807  5.758 -150.0 -166.7
P  -74.6  156.4  109.8 -180.0   35.3    nan  0.939   83.5  3.804  5.664 -118.7 -127.4
V -104.1  128.7  110.5 -179.8  -69.3   51.1  1.064  114.7  3.773  5.713 -136.8 -126.1
S  -72.2  -43.4  113.0 -178.8  175.2    nan  1.044   88.1  3.778  5.699 -113.3 -127.0
R -152.4  147.2  111.0 -177.9  171.9    nan  1.033  146.6  3.779  4.617  -26.2   -6.5
I -116.2  127.6  104.7  179.9  -55.9 -178.2  0.959  116.7  3.765  5.676 -143.8 -152.2
I -128.1  102.1  107.8 -179.3  -58.5 -178.4  0.990  111.4  3.785  5.846 -178.6  179.1
V  -93.8  139.6  107.4 -179.4  171.5  -65.1  0.971  104.1  3.771  5.970 -165.9 -174.0
H  -55.6  138.8  108.6 -180.0 -169.4    nan  1.014   75.4  3.805  5.618  -90.3  -98.7
P  -66.1  -29.9  117.4 -179.4   30.3    nan  1.040   98.2  3.847  5.545 -100.7 -108.1
Q  -85.0    2.7  111.9 -179.6  -76.4    nan  1.038   96.0  3.782  5.304   51.3   74.9
F  -78.7  124.4  117.6 -177.6  178.3    nan  1.119  105.3  3.771  5.681   91.4  113.4
Y -131.1  -43.0  110.2  174.4 -175.6    nan  1.070   48.8  3.741  5.737  172.1  165.7
T -144.6  149.2  107.7 -179.0  -68.3  170.9  0.961  142.2  3.819  4.766  -10.3   -0.2
A  -59.1  -49.0  111.5  178.5    nan    nan  1.055   95.7  3.782  5.453  -89.0  -92.4
Q  -57.2  -29.1  112.3 -179.3  -68.2    nan  1.032  108.5  3.875  5.431   72.2   82.3
I  -80.1  -18.9  111.7 -178.6  -50.2 -169.0  1.070   92.6  3.767  5.210   60.6   79.3
G  103.6 -178.9  114.9  177.9    nan    nan    nan  104.1  3.789    nan    nan -103.3
A   64.3   30.3  113.1  179.2    nan    nan  1.083  101.3  3.805    nan    nan   61.2
D  -79.1   76.1  109.5 -179.9 -161.8    nan  1.009  111.3  3.753  5.965  127.7  133.7
I -148.9  146.6  106.9  178.3 -166.6   72.4  1.022  142.8  3.796  5.694  102.6  104.2
A -157.2  153.8  109.0  179.6    nan    nan  1.011  152.0  3.820  5.615  173.6  166.4
L -117.9  148.8  111.5 -179.9  -72.1    nan  1.029  124.6  3.830  5.635 -142.7 -143.4
L -127.1  125.4  107.4  178.2  -52.7    nan  0.989  123.0  3.805  5.666 -156.5 -160.9
E  -96.5  131.4  106.3  178.2  176.4    nan  0.994  106.5  3.793  5.897 -149.2 -154.3
L  -78.8  147.1  107.2 -179.8  -64.6    nan  0.973   89.7  3.790  5.742 -118.1 -130.7
E  -62.0  -41.8  106.5  179.6 -153.7    nan  0.997  100.6  3.767  5.498  -90.2  -97.6
E -130.4  146.3  110.6  179.5  -68.2    nan  1.019  133.5  3.814  4.901   -5.0   14.9
P  -58.4 -178.6  110.9  179.8  -33.1    nan  0.943   57.9  3.850  5.322  -81.3  -95.7
V -124.8  148.3  108.3  179.1  -54.9   68.6  1.029  128.4  3.769  5.485 -134.7 -117.4
K  -88.8   98.3  105.1  178.2 -168.5    nan  0.980  104.7  3.763  5.592 -116.0 -123.2
V  -61.9  150.6  114.1 -179.2  -70.9   51.3  1.075   76.5  3.812  6.081 -139.0 -144.7
S -157.8 -166.9  110.2 -179.6   65.9    nan  1.012  150.7  3.787  5.492  178.8  168.2
S  -69.7  -36.7  110.7  179.4   52.5    nan  0.987   94.6  3.805  4.895  -52.7  -49.5
H  -88.8  -17.3  112.9 -178.2  -60.2    nan  1.061   84.5  3.772  5.039   41.2   64.7
V -148.8  101.4  113.4  178.9   67.6 -169.7  1.116  111.7  3.781  4.948   -3.9   19.9
H -149.7  171.3  107.2  178.3   61.0    nan  1.050  151.2  3.768  5.743  136.5  124.5
T  -72.4  169.2  117.0 -177.1   59.7  -59.8  1.107   77.5  3.768  5.259  -76.9  -75.2
V -112.4  143.1  107.8  179.1   55.6  178.0  1.004  118.3  3.812  5.346 -118.3 -123.9
T  -82.5  124.9  110.7 -178.8  -53.6 -173.8  1.008  102.3  3.816  5.747 -112.4 -119.6
L  -71.1  154.5  105.7  177.9  -60.7    nan  0.998   79.5  3.785  5.807 -121.2 -132.7
P  -79.1  160.7  112.6 -179.6   37.7    nan  0.959   86.9  3.788  5.401  -97.4 -102.0
P  -74.8  153.1  105.3  178.9  -29.9    nan  0.879   83.2  3.806  5.380  -91.4  -95.5
A  -59.3  -13.4  114.9 -178.9    nan    nan  1.089  114.4  3.827  5.607  -92.7  -85.1
S  -86.6  -39.8  113.2 -179.3  -38.7    nan  1.054   78.0  3.793  5.476   69.8   87.5
E  -54.1  127.5  117.0 -177.8 -107.3    nan  1.154   86.2  3.833  5.423   75.7   96.3
T -108.3  -12.7  115.7 -178.2   37.6  -82.6  1.093   66.6  3.761  5.732 -151.7 -165.1
F   51.2   69.2  110.3  179.5  -49.8    nan  1.037   88.3  3.828  5.589 -143.8 -143.8
P  -75.5  164.9  110.2 -179.9   35.5    nan  0.941   81.1  3.829  6.062  178.5  172.7
P  -57.7  136.9  111.4  179.8   20.9    nan  0.985   79.7  3.814  5.302  -74.4  -72.0
G  117.8  -17.6  113.1 -178.4    nan    nan    nan   70.1  3.801    nan    nan   60.4
M  -74.4  140.2  110.8  179.5  -62.0    nan  0.987   90.7  3.811    nan    nan   93.9
P  -79.9  111.3  106.5  179.2   31.8    nan  0.910  101.3  3.788  5.544 -114.8 -122.6
C -125.7  144.3  110.7 -179.2  -56.1    nan  1.043  129.9  3.799  5.939  155.7  166.6
W -123.2  152.2  111.6 -180.0  -56.5    nan  1.022  128.9  3.788  5.684 -154.0 -160.8
V -122.2  145.4  102.3  178.3 -165.2  -43.4  0.931  122.8  3.785  5.629 -146.0 -153.7
T -136.8  143.4  113.6 -180.0   42.3  -77.9  1.049  138.5  3.806  5.677 -173.5 -169.3
G  173.9  179.5  114.8  179.4    nan    nan    nan  173.7  3.784    nan    nan  127.7
W -117.2   36.4  110.9  180.0  -64.5    nan  0.987   79.6  3.812    nan    nan -112.7
G  -92.2 -173.8  115.3 -178.9    nan    nan    nan   89.6  3.806    nan    nan  130.3
D  -50.4  138.4  111.7 -179.8  -69.6    nan  1.048   73.3  3.778    nan    nan  -38.9
V  -88.9    8.3  111.0  179.9  -75.9   43.4  1.115   94.1  3.765  5.730 -132.5 -133.5
D  170.1  170.5  107.7  176.3 -169.5    nan  1.058  164.3  3.831  5.275  -15.0   -5.1
N  -53.1  126.5  110.2 -179.5  -61.1    nan  1.019   82.2  3.812  5.179  -51.2  -60.8
D   56.3   10.6  114.8  179.1  -59.4    nan  1.115  118.8  3.804  4.847   10.2  -11.0
E -104.7   94.3  106.3  179.1 -112.7    nan  0.970  106.9  3.811  5.721   79.8   89.0
R  -71.3  146.0  113.6 -178.6   71.4    nan  1.093   87.0  3.814  6.091 -159.2 -156.5
L  -58.8  120.3  109.9 -179.9 -176.4    nan  1.021   89.4  3.834  5.535  -81.4  -96.9
P  -73.6  146.1  114.1 -180.0   38.0    nan  0.987   89.0  3.841  5.769 -125.5 -135.6
P  -61.3  148.2  105.4  179.6   23.1    nan  0.904   73.4  3.800  5.527  -90.7  -99.5
P  -86.5   19.4  115.5   16.2   39.2    nan  1.001  101.5  3.047  4.990   76.5   67.0
F   57.0   59.6  114.9  177.4  -38.9    nan  1.084   88.3  3.822  5.533 -117.3 -112.2
P  -71.6  146.5  109.0  179.6   33.1    nan  0.914   84.7  3.797  6.018  174.6  165.8
L  -75.1  124.6  105.3  177.7  160.6    nan  0.955   93.7  3.789  5.681 -110.5 -112.6
K -107.0  150.5  108.9 -179.3  -59.3    nan  1.017  114.0  3.795  5.909 -162.6 -162.4
Q -127.7  150.4  104.9  178.7   56.4    nan  0.924  129.2  3.809  5.628 -149.7 -160.4
V -146.8  142.0  106.7  178.9   66.5 -171.3  0.993  139.2  3.798  5.609 -179.8 -177.4
K  -94.6  119.4  110.4  179.8 -172.7    nan  1.025  110.0  3.802  5.707 -130.5 -132.8
V -112.6  146.5  116.3 -178.2  -62.8   59.8  1.087  123.1  3.829  5.925 -172.3 -172.1
P  -88.1  133.2  109.1  179.5   33.9    nan  0.943  102.4  3.815  5.500 -114.2 -123.7
I  -74.3  149.7  110.3 -179.9  -69.3  170.5  1.040   86.3  3.802  5.877 -121.5 -125.2
M -129.2  146.2  109.6 -178.8 -160.8    nan  0.994  132.1  3.758  5.566 -154.8 -159.0
E  -76.4  138.4  105.8  179.0 -176.5    nan  0.978   90.0  3.754  5.571 -106.9 -113.3
N  -50.6  -36.0  118.0 -179.4  -79.2    nan  1.114  107.5  3.825  5.645  -87.5  -93.3
H  -73.0  -30.3  114.1 -179.7  -59.8    nan  1.127   93.2  3.788  5.289   60.8   81.5
I  -81.2  -34.1  106.3  179.0  -46.5 -170.1  0.966   88.3  3.816  5.487   65.3   74.3
C  -65.5  -43.6  108.7  177.9 -175.6    nan  1.015   95.7  3.769  5.297   70.3   84.0
D  -65.4  -40.7  109.5  179.5 -170.3    nan  1.031   96.8  3.817  5.311   62.5   77.2
A  -61.8  -49.4  110.7  179.4    nan    nan  1.038   94.0  3.796  5.306   69.8   83.6
K  -54.4  -46.0  108.9  178.8  -71.8    nan  1.024  102.4  3.811  5.301   70.5   82.0
Y  -58.3  -27.9  115.5  179.2 -102.3    nan  1.128  107.0  3.810  5.296   63.4   82.9
H  -80.5  -17.0  112.8  178.7  -79.8    nan  1.057   92.7  3.830  5.506   64.8   79.0
L  -67.3  130.7  107.5  179.4  -63.2    nan  0.995   87.6  3.804  5.640   91.8  100.2
G   77.0   -0.6  113.9  179.8    nan    nan    nan  103.3  3.762    nan    nan   14.3
A -110.3  144.9  110.6  179.9    nan    nan  1.036  118.3  3.812    nan    nan   75.6
Y  -71.9  -17.7  109.7  178.4  -64.3    nan  1.004  101.5  3.831  5.601  -98.3 -111.4
T  -60.5  116.5  114.8 -178.4  -34.3 -154.2  1.094   96.2  3.831  5.618   91.8  109.0
G  -53.7  151.7  113.9  179.4    nan    nan    nan   68.5  3.793    nan    nan -124.0
D  -66.4  -24.0  115.6 -179.2  -72.3    nan  1.142  101.8  3.786    nan    nan  -96.2
D  -75.5    3.8  110.3  178.3   58.6    nan  1.085  105.7  3.818  5.628   70.2   86.5
V -107.2  108.8  108.5  179.7 -177.5  -55.3  0.991  112.5  3.797  5.616   68.4   81.6
R  -69.6  118.9  108.3  179.1  -64.0    nan  0.982   95.1  3.808  5.988 -133.2 -144.6
I  -91.6  -44.8  106.2  177.7  -71.8  165.7  0.991   77.5  3.779  5.912 -150.6 -157.1
V  -95.8   97.3  110.8  179.5  172.0  -66.6  1.071  111.3  3.780  5.007   24.3   47.4
R  -57.5  174.3  114.6  179.9  -91.0    nan  1.073   60.1  3.836  6.048 -131.4 -144.3
D  -82.1  -17.0  114.3 -179.2  -56.1    nan  1.109   90.7  3.841  5.361  -89.1  -82.4
D  -90.4   19.6  108.6  178.3   61.7    nan  1.036   95.8  3.784  5.483   63.1   78.1
M -125.5  160.0  107.6 -179.9  -52.3    nan  0.980  129.0  3.786  5.544   64.7   78.1
L -138.4  155.6  107.6 -179.4  171.4    nan  0.986  139.8  3.795  5.503 -157.1 -158.7
C -122.6  151.4  113.1 -179.8  -59.8    nan  1.040  129.2  3.807  5.655 -148.8 -143.6
A -163.6  146.5  106.8  178.8    nan    nan  0.981  147.7  3.744  5.397  171.5  161.9
G  119.6  167.9  116.8  178.0    nan    nan    nan  113.7  3.775    nan    nan   71.2
N -157.9  179.5  109.7  178.5   66.4    nan  1.042  158.0  3.771    nan    nan -172.0
T  -53.0  -19.9  118.0 -179.1   19.7 -100.6  1.120  116.0  3.798  4.992  -50.1  -48.5
R -124.5    4.8  112.9 -179.1   57.8    nan  1.078   57.5  3.784  5.036   24.1   46.0
R -151.2  125.1  109.3 -179.4  -45.2    nan  1.025  129.4  3.799  5.115   22.4   37.6
D -179.7  170.7  110.1 -178.2 -178.5    nan  0.982  170.8  3.813  5.479  134.7  118.1
S  -86.7  171.9  104.4  176.9   67.4    nan  0.981   88.8  3.815  5.419  -98.3  -95.9
C -151.7 -175.8  108.3 -179.1 -167.8    nan  1.048  150.2  3.784  5.436 -163.8 -156.6
Q  -47.0  133.1  113.0 -178.3 -179.0    nan  1.033   75.1  3.824  5.026  -34.2  -37.6
G   92.7  -12.1  113.8  179.7    nan    nan    nan   92.2  3.785    nan    nan   30.0
D  -89.4  -15.5  110.2  177.2  -72.7    nan  1.025   85.3  3.808    nan    nan   82.6
S  -46.4  140.8  111.2  179.7  -78.3    nan  1.031   68.4  3.830  5.737  113.0  121.6
G   82.5   -4.8  110.9 -178.8    nan    nan    nan   99.1  3.742    nan    nan   30.8
G  -78.7  167.3  114.1 -179.9    nan    nan    nan   84.1  3.819    nan    nan  102.9
P  -98.4  135.4  117.3 -179.5   41.4    nan  0.997  115.0  3.814    nan    nan -104.7
L -101.6  112.1   99.9  174.2  165.0    nan  0.897  103.4  3.791  5.869 -145.4 -156.8
V -114.2  149.4  110.9  179.6  -65.8   56.3  1.060  121.2  3.799  5.917  172.0 -179.8
C -131.4  154.7  106.9  179.7  -49.8    nan  0.952  133.7  3.820  5.694 -153.9 -163.6
K  -94.7  108.1  106.3  177.4 -134.3    nan  1.013  106.9  3.780  5.574 -123.7 -120.9
V -112.4  110.0  107.2 -179.9  173.2  -65.6  1.001  112.8  3.790  5.985 -178.9  173.6
N   58.6   58.6  110.7 -179.5 -155.6    nan  1.048   90.8  3.772  4.956   -0.6  -22.4
G   64.3   14.5  117.0  179.8    nan    nan    nan  108.5  3.806    nan    nan  -67.7
T -140.7  145.4  113.6 -179.6  -58.1 -177.6  1.096  141.4  3.815    nan    nan   59.2
W  -84.6  117.8  111.3 -179.3  -69.7    nan  1.040  106.0  3.790  5.598 -111.1 -121.9
L -117.9  152.3  105.2  178.9  -52.2    nan  0.943  121.4  3.757  5.844 -171.6  173.7
Q  -99.3  108.7  108.1  179.8 -174.8    nan  1.025  110.0  3.769  5.639 -131.0 -125.4
A  -76.9  -45.6  112.0 -179.4    nan    nan  1.033   84.1  3.770  5.942 -140.6 -150.7
G -145.7  167.0  118.2 -178.0    nan    nan    nan  149.8  3.769    nan    nan   -0.1
V -115.6  124.1  105.3  179.2 -173.7  -54.0  0.957  116.1  3.777    nan    nan -129.4
V  -47.5  102.1  112.4 -179.4 -173.2  -50.2  1.019   97.7  3.830  5.736  -93.6 -106.2
S  -96.0  -80.6  117.0 -179.0 -177.0    nan  1.149   62.4  3.821  5.994 -179.7 -173.2
W -137.1 -160.5  114.0 -178.6   57.7    nan  1.093  126.7  3.845  4.728  -43.3  -21.6
G  160.1  168.3  108.0 -179.9    nan    nan    nan  154.1  3.793    nan    nan -177.6
E -100.1   61.4  109.4  178.7  -68.9    nan  1.038  101.8  3.787    nan    nan -107.9
G  106.3 -160.0  109.6 -178.3    nan    nan    nan  112.0  3.786    nan    nan  -21.5
C -125.0  128.1  112.0  179.8  -53.8    nan  1.035  126.5  3.814    nan    nan  -94.3
A   50.3   40.4  114.5  179.4    nan    nan  1.107  106.2  3.830  4.886    6.8  -15.0
Q  -93.6  143.4  108.5  178.4  -85.1    nan  0.988  103.8  3.783  5.998  125.7  126.8
P  -65.6  133.6  111.8  179.7   30.3    nan  0.956   87.8  3.797  5.420  -94.8 -104.2
N   72.2   11.3  117.3  179.2  -73.7    nan  1.133  102.4  3.843  4.915   25.2   10.2
R -134.8   67.5  105.5  179.7  -63.9    nan  0.950   84.6  3.788  5.372   52.7   59.1
P  -64.5  168.2  112.5 -179.8   25.6    nan  1.008   69.5  3.798  6.072  178.1 -175.3
G  -72.3  136.6  113.5 -179.0    nan    nan    nan   92.4  3.801    nan    nan  -81.2
I -103.7  132.1  108.0  178.8  -46.7 -168.8  1.016  112.4  3.800    nan    nan -151.2
Y -127.6  157.0  106.4 -179.5  -56.9    nan  0.964  130.5  3.803  5.799 -169.4 -177.7
T  -79.1  125.6  106.2  179.2  -43.3 -163.5  0.952   96.4  3.794  5.502  -96.9 -102.3
R  -71.7  114.3  104.7  179.1 -163.2    nan  0.965   95.2  3.777  5.760 -121.6 -130.3
V  -64.5  -45.8  115.2 -178.4  175.2  -64.5  1.116   91.4  3.817  6.014 -129.5 -130.0
T  -49.7  -29.8  113.6 -179.7   68.2  -52.6  1.094  114.1  3.836  5.487   82.1   93.0
Y  -64.4  -39.8  112.0 -179.4 -164.2    nan  1.023   96.7  3.836  5.511   83.1   93.1
Y -103.3   15.5  111.7 -178.1  -61.4    nan  1.062   82.7  3.789  4.901   23.7   47.4
L  -53.1  -49.3  110.8  179.8 -135.9    nan  1.030  100.2  3.787  6.019  135.9  144.5
D  -54.0  -58.8  112.0  179.0 -104.2    nan  1.041   92.6  3.825  5.304   71.3   83.4
W  -51.8  -46.1  112.3 -179.8 -177.9    nan  1.048  102.3  3.812  5.085   64.8   78.2
I  -54.0  -52.5  107.0  179.0  -67.3  171.0  0.969   99.7  3.816  5.427   79.2   85.5
H  -63.4  -19.5  116.4 -178.5  -68.1    nan  1.132  106.8  3.766  5.008   52.7   73.9
H  -66.0  -25.8  109.0  178.7  -69.2    nan  1.046  103.7  3.742  5.604   87.8   99.6
Y -109.0  -36.9  113.2 -179.4  -58.0    nan  1.049   61.1  3.809  5.173   32.3   53.7
V  -95.1  114.3  113.8 -179.4  175.9  -62.0  1.062  113.8  3.797  5.098   37.1   58.1
P  -66.1  155.5  111.4  179.5   26.9    nan  0.966   76.7  3.813  5.783 -122.0 -136.7
K  -77.7  104.3  109.6  179.4  -44.5    nan  1.019  105.4  3.814  5.613 -104.2 -103.6
K   98.5    nan  113.4 -179.2  179.2    nan  1.123    nan  3.868  5.171   29.4    9.3
