Id   phi    psi    tau  omega    chi    chi2  solid    eta  CA-CA  CB-CB  BA^AB  NA^AC
I    nan  105.9  110.9    nan  -60.8  176.9  1.029    nan    nan    nan    nan    nan
V  -80.0  138.8  107.0  178.4  175.1  -61.1  0.988   93.4  3.797  5.981 -146.7 -160.3
G   74.1 -169.5  107.5 -177.9    nan    nan    nan   77.5  3.803    nan    nan   23.6
G   76.8 -162.3  121.5  178.1    nan    nan    nan   86.4  3.804    nan    nan   79.3
Q -144.3  172.4  112.5 -176.9   61.0    nan  0.994  146.6  3.814    nan    nan -114.5
E  -75.9  133.1  103.7  178.3  171.7    nan  0.932   90.1  3.805  5.187  -80.3  -83.5
A  -81.5  152.0  116.4 -176.2    nan    nan  1.113   94.4  3.767  5.808 -131.4 -123.8
P  -59.5  141.8  110.5  179.3  -38.9    nan  0.959   77.7  3.802  5.202  -75.8  -92.0
R  -58.7   -3.8  114.2 -177.7 -150.1    nan  1.086  119.7  3.766  5.634  -97.7  -99.5
S -137.9   42.7  108.6 -179.5   58.1    nan  0.972   66.5  3.805  5.183   29.6   44.0
K -108.9  -42.4  119.0 -177.6 -109.3    nan  1.156   56.7  3.743  5.685   95.2  123.2
W -123.5   71.2  113.2 -176.4  -43.6    nan  1.077   97.6  3.761  4.780    6.4   29.9
P  -53.2  -29.5  117.2 -179.4   32.0    nan  1.035  109.9  3.864  6.074 -156.8 -164.6
W  -79.1  -16.3  113.8 -179.9   38.9    nan  1.081   94.0  3.822  5.337   54.3   80.5
Q  -56.6  136.8  114.1 -179.9 -101.1    nan  1.073   80.3  3.831  5.750  100.9  113.1
V -137.2  160.8  105.8  175.6  -33.9   90.2  1.046  138.9  3.817  5.760  177.8  172.1
S -126.2  126.1  108.7 -178.8  156.5    nan  0.976  123.9  3.849  5.584 -137.4 -143.4
L  -87.7  135.5  108.9 -179.5  -58.1    nan  1.034  101.4  3.791  5.903 -144.0 -142.1
R -118.1  137.9  113.2 -178.8  -52.7    nan  1.041  125.6  3.795  5.808 -158.6 -161.7
V -102.2  143.1  104.9  178.2 -145.8  -21.2  0.915  108.7  3.786  5.747 -132.5 -150.1
H  -78.1  108.4  108.3  178.3  178.6    nan  1.036  103.1  3.736  5.572 -117.4 -115.5
G -116.6 -134.1  108.1  178.5    nan    nan    nan   96.4  3.787    nan    nan  169.5
P  -64.6  -22.2  109.0  162.1  -18.9    nan  0.923  106.6  3.830    nan    nan  -19.4
Y -156.3  165.7  104.2  177.7   57.2    nan  0.989  155.7  3.801  4.885  -21.3    3.6
W  -76.6   92.2  107.9  179.4  -68.9    nan  0.999  106.9  3.772  5.389  -87.9  -88.9
M  -87.6  147.3  113.8 -178.5   87.9    nan  1.129  100.6  3.728  6.028  178.4 -173.4
H  -75.6  134.0  108.4  179.0  161.4    nan  0.976   92.7  3.761  5.430  -94.7 -113.6
F -125.5  -15.0  113.7  177.5   60.8    nan  1.117   49.8  3.825  5.834 -179.8 -173.0
C -164.2  158.8  108.4  179.6  -81.3    nan  0.956  158.2  3.792  4.923   -2.3    3.9
G  -92.1 -175.2  103.9  177.2    nan    nan    nan   91.0  3.749    nan    nan -115.5
G  178.8  160.1  107.1  179.7    nan    nan    nan  159.7  3.809    nan    nan -175.8
S -121.8  149.6  115.7 -179.4   54.8    nan  1.098  129.9  3.815    nan    nan -136.3
L  -89.0  115.9  105.2  178.7 -158.3    nan  0.944  103.2  3.807  5.539 -109.4 -124.2
I -113.3   -3.5  111.4 -179.5   54.9  -68.8  1.046   65.4  3.811  5.965  179.5 -176.4
H -164.1  139.3  101.8 -179.9  178.1    nan  0.922  139.9  3.820  4.983    5.4   14.0
P  -50.3   -3.5  116.4 -179.3  -32.6    nan  1.026  128.1  3.827  5.526  -86.9  -90.8
Q -141.7   15.8  111.6  179.8 -163.7    nan  1.050   46.2  3.797  5.058   15.0   41.0
W -139.6  129.5  112.5  179.9  -76.9    nan  1.040  132.5  3.785  5.290   43.8   60.8
V -110.3  129.6  109.1  179.4 -164.9  -42.1  1.013  117.2  3.815  5.869 -157.4 -164.4
L  -99.8  132.1  106.9  179.5  176.3    nan  0.962  109.0  3.833  5.850 -143.3 -153.4
T -157.1  170.3  110.9 -179.4 -178.7   61.8  1.043  158.7  3.803  5.640  154.8  151.7
A  -71.2  138.2  112.7 -179.8    nan    nan  1.071   90.2  3.816  5.257  -78.7  -78.0
A  -58.9  -38.8  112.3  179.9    nan    nan  1.051  101.5  3.803  5.546  -91.5 -105.8
H  -62.8  -18.7  115.0 -179.4   81.0    nan  1.164  108.2  3.820  5.383   63.5   87.3
C  -73.0  -25.1  108.4  178.6  -73.9    nan  1.007   97.9  3.778  5.680   85.2   93.3
V -128.5   -3.5  116.6 -177.2  -68.2   52.1  1.121   50.0  3.797  4.915    9.2   37.9
G -127.7 -161.6  112.1 -179.3    nan    nan    nan  119.2  3.791    nan    nan   56.2
P  -64.4  -24.6  111.6  -13.7   32.9    nan  0.952  104.8  2.943    nan    nan  161.8
D  -67.5  141.1  112.0  179.7  -74.9    nan  1.068   85.3  3.790  5.378   68.0   94.2
V  -69.2  124.7  113.8 -179.0 -177.3  -56.3  1.081   96.2  3.789  5.608 -101.0 -111.1
K  -99.7  155.2  109.4 -179.4  -55.0    nan  0.995  106.9  3.790  5.831 -146.1 -159.0
D  -88.6  132.2  108.3  178.3  169.0    nan  1.009  102.4  3.804  5.553 -113.0 -114.5
L  -65.0  -26.9  113.7 -178.6  -68.2    nan  1.066  102.2  3.814  5.749 -107.0 -114.4
A  -67.0  -23.4  111.3 -179.2    nan    nan  1.051  103.0  3.782  5.466   78.3   93.8
A  -91.4  -15.5  113.5 -179.2    nan    nan  1.059   82.5  3.791  5.298   53.7   74.0
L  -99.7  151.2  109.8 -176.9 -138.7    nan  0.973  108.0  3.784  5.264   58.7   74.0
R -159.8  144.1  109.9 -180.0 -147.1    nan  1.023  146.0  3.778  5.494  168.8  169.0
V -109.9  134.9  109.9 -178.7  170.4  -68.7  1.009  117.9  3.792  5.728 -141.3 -146.5
Q -117.5  131.2  107.0  178.0  161.7    nan  0.966  120.0  3.778  5.739 -158.2 -167.7
L  -73.0  173.8  112.5 -179.6  -62.2    nan  1.085   75.5  3.842  5.869 -123.5 -122.4
R  -49.3  115.3  116.0 -178.0 -156.0    nan  1.066   91.2  3.831  5.064  -45.7  -52.2
E -136.8  134.8  111.7  178.5   66.5    nan  1.102  133.9  3.812  5.795  155.2  153.1
Q  -54.9  -39.2  115.1 -178.2 -167.6    nan  1.093  103.1  3.797  5.584  -89.3 -103.2
H -131.0  110.8  111.6 -179.2  -64.2    nan  1.056  119.5  3.840  4.919   -1.5   20.1
L  -23.5  -53.2  125.6 -176.6  -94.5    nan  1.301  111.3  3.782  5.737  -91.1  -97.5
Y -114.5    4.0  116.6 -178.3  -55.9    nan  1.120   67.3  3.766  4.902   10.0   31.9
Y  -61.5  -61.4  115.9 -177.8 -155.6    nan  1.147   83.8  3.787  5.905  112.7  129.7
Q -117.0   53.9  114.3 -177.6  -59.6    nan  1.115   91.7  3.809  4.819   -6.2   17.8
D  -52.6  140.9  110.6  179.5  -78.2    nan  1.036   72.8  3.784  6.182 -173.0  179.0
Q -149.2   75.8  100.8 -179.5 -173.2    nan  0.904   83.2  3.790  5.627 -178.1  164.9
L  -67.3  137.5  114.9 -178.1  -69.1    nan  1.108   88.7  3.771  6.157  179.6 -167.3
L -116.6  135.5  104.1  177.9  -58.0    nan  0.938  118.2  3.771  5.690 -147.9 -167.6
P  -83.0  160.7  110.3  179.7   36.4    nan  0.936   90.0  3.820  5.651 -122.5 -128.1
V -105.5  138.7  109.0  179.1  -75.0   47.9  1.040  114.1  3.819  5.749 -133.5 -123.5
S  -85.9  -41.0  112.7 -179.6  162.5    nan  1.023   78.6  3.784  5.572 -117.8 -130.6
R -149.3  153.2  111.6 -178.8 -174.2    nan  1.043  148.5  3.815  4.666  -23.2   -1.7
I -126.0  118.0  106.8  178.6  -62.9  174.5  0.966  118.9  3.840  5.738 -147.5 -155.3
I -119.6   92.6  112.0 -179.2  -60.1  178.7  1.062  110.4  3.805  5.875  177.0  178.5
V  -82.0  157.2  106.2  179.1 -179.4  -57.4  0.970   88.8  3.812  6.125 -160.0 -174.8
H  -77.2  128.4  109.6  179.1 -165.2    nan  1.013   96.8  3.827  5.516  -98.4  -99.5
P  -52.6  -32.7  118.2 -179.5   29.5    nan  1.045  108.0  3.843  5.599  -97.0 -107.0
Q  -80.8   11.7  111.1 -179.0  -60.4    nan  1.027  103.2  3.800  5.293   54.0   76.6
F  -98.2  133.9  120.0 -178.0  173.7    nan  1.149  117.1  3.773  5.580   76.5  104.0
Y -145.7  -35.6  109.7  176.8 -174.2    nan  1.042   38.5  3.775  5.641  173.8  157.0
T -144.7  149.8  111.8 -178.7  -70.4  169.0  1.044  144.5  3.829  4.781   -9.9    7.6
A  -67.8  -40.3  111.7 -179.8    nan    nan  1.051   93.8  3.837  5.555  -93.0  -99.4
Q  -65.8  -31.0  111.0 -179.1  -69.3    nan  1.036  100.5  3.794  5.308   68.1   82.1
I  -77.8  -21.1  108.9 -179.8  -64.9  171.9  1.024   94.7  3.761  5.311   62.0   78.0
G  101.1 -177.3  114.6  179.5    nan    nan    nan  102.2  3.799    nan    nan -106.8
A   66.4   32.9  110.7 -179.6    nan    nan  1.055   99.2  3.836    nan    nan   66.4
D  -82.2   78.2  109.7 -178.9 -169.4    nan  1.006  110.7  3.805  6.047  126.4  134.1
I -151.2  152.5  108.6 -179.8 -171.3   66.7  1.017  148.1  3.769  5.594  104.6  105.4
A -161.5  161.6  113.2  179.8    nan    nan  1.084  159.9  3.814  5.524  170.2  168.8
L -124.0  147.9  110.0 -179.8  -70.5    nan  1.030  128.7  3.791  5.509 -138.9 -141.6
L -125.7  113.2  108.3 -179.9  -62.1    nan  0.987  117.7  3.777  5.627 -152.7 -160.1
E  -83.4  123.6  108.1  178.6  172.5    nan  1.007  101.1  3.786  5.976 -147.6 -153.6
L  -75.2  163.4  108.2  179.2  -62.6    nan  1.001   80.9  3.789  5.826 -125.5 -135.2
E  -72.9  -46.8  108.3  179.6 -145.0    nan  1.015   89.0  3.780  5.396  -87.2  -88.5
E -129.3  151.6  110.6 -179.8  -58.5    nan  0.989  133.4  3.801  4.823   -4.8   12.6
P  -64.1  151.7  108.5  179.5  -30.6    nan  0.915   75.6  3.827  5.261  -83.9  -95.6
V  -97.4  158.9  109.4 -179.2  -49.9   74.0  1.018  103.8  3.786  5.762 -132.1 -124.4
K  -96.6  101.9  105.8  178.3 -164.7    nan  1.002  106.8  3.777  5.534 -117.3 -118.1
V  -63.6  141.7  113.7 -179.3  -60.4   61.1  1.086   82.8  3.786  6.031 -136.8 -143.2
S -144.9 -164.1  108.8 -179.7   69.5    nan  1.003  137.4  3.795  5.649 -176.5  172.0
S  -75.6  -27.2  110.5  179.5   46.2    nan  1.007   93.7  3.802  4.940  -58.9  -51.9
H  -93.4  -28.4  113.8 -179.0  -70.3    nan  1.076   75.9  3.808  5.215   44.5   68.5
V -133.2   98.8  113.2 -179.9   53.9  176.9  1.100  112.9  3.790  4.925    3.7   27.6
H -152.3  152.8  112.3  179.1   63.4    nan  1.105  150.2  3.790  5.710  128.0  121.5
T  -53.2  150.9  119.4 -177.9   53.4  -65.0  1.123   70.6  3.775  5.241  -70.3  -82.5
V  -99.4  146.6  107.1  178.9   65.8 -170.8  0.992  107.2  3.779  5.519 -121.7 -134.4
T  -80.5  122.8  113.9 -179.6  -48.4 -169.4  1.042  104.3  3.821  5.687 -109.3 -113.3
L  -74.1  138.2  106.1  177.6  -63.9    nan  0.981   88.5  3.822  5.830 -124.5 -138.6
P  -68.3  159.3  113.4 -179.7   35.6    nan  0.983   77.6  3.855  5.611 -103.7 -110.1
P  -74.6  155.9  105.8  179.6  -12.6    nan  0.881   82.2  3.847  5.466  -89.9  -96.5
A  -58.5  -17.8  112.9 -179.0    nan    nan  1.072  113.3  3.807  5.553  -88.6  -81.5
S  -75.0  -34.3  116.9 -178.3  -41.4    nan  1.085   88.1  3.811  5.496   77.1   96.2
E  -59.5  155.6  117.2 -178.0  -92.8    nan  1.145   72.6  3.811  5.402   75.3   97.0
T -129.7  -29.6  111.8  178.8   40.2  -81.5  1.045   45.9  3.798  5.572 -147.9 -157.1
F   60.5   67.1  106.7 -178.6  -50.8    nan  0.996   87.8  3.817  5.440 -147.7 -148.7
P  -63.0  164.8  112.3 -179.9   35.6    nan  0.941   69.6  3.829  6.035 -170.1 -176.1
P  -59.5  130.0  108.7  179.6   26.5    nan  0.939   83.4  3.802  5.228  -74.8  -75.2
G  116.9   -4.7  109.7 -179.3    nan    nan    nan   64.7  3.772    nan    nan   53.6
M  -74.2  133.8  113.5  178.7  -86.3    nan  1.069   95.1  3.775    nan    nan  106.3
P  -75.4   96.5  105.8  179.2   32.0    nan  0.900  103.5  3.814  5.589 -109.5 -127.5
C -118.0  156.2  112.9 -179.9  -53.5    nan  1.070  124.6  3.781  5.934  145.4  159.9
W -136.0  147.5  110.8 -179.2  -67.4    nan  1.002  137.6  3.742  5.483 -153.9 -160.4
V -121.6  145.7  100.1  177.4 -174.0  -51.6  0.886  121.1  3.791  5.719 -147.7 -159.4
T -141.3  146.4  107.4  179.2   45.6  -75.4  0.992  138.9  3.787  5.655 -177.9 -175.2
G  179.2  175.6  112.1 -179.8    nan    nan    nan  175.2  3.774    nan    nan  139.9
W -113.0   37.2  110.7 -180.0  -72.7    nan  0.986   83.4  3.812    nan    nan -113.0
G  -93.8 -165.6  116.1 -178.0    nan    nan    nan   87.4  3.805    nan    nan  130.4
D  -60.4  148.8  108.8  179.4  -69.4    nan  1.008   73.8  3.786    nan    nan  -38.4
V -100.1   -1.4  108.8 -179.9  -61.5   60.6  1.018   79.4  3.796  5.649 -129.0 -132.1
D -171.3  166.7  105.4  178.2 -154.5    nan  0.992  166.2  3.798  5.006   -6.0    7.2
N  -63.4  133.7  106.8 -179.7  -50.1    nan  0.975   83.0  3.812  5.344  -68.9  -75.4
D   58.5   15.0  116.1  179.6  -69.1    nan  1.115  114.0  3.816  4.836   18.7    0.1
E -118.0   93.7  105.6  179.1 -118.1    nan  0.970  105.5  3.800  5.577   70.8   79.6
R  -66.7  158.8  113.4 -178.8   63.5    nan  1.123   76.3  3.782  6.103 -157.3 -152.5
L  -65.0  109.5  111.8 -179.7 -178.3    nan  1.017  100.2  3.826  5.333  -74.0  -87.3
P  -66.2  144.3  112.5 -179.3   38.4    nan  0.973   82.9  3.822  5.862 -130.5 -138.9
P  -59.0  151.7  111.0  179.7   24.0    nan  0.968   72.1  3.817  5.532  -92.2  -98.5
P  -85.5   24.1  116.4   11.2   41.4    nan  0.990  104.7  3.050  4.887   76.3   55.9
F   60.0   57.0  115.7  177.1  -41.9    nan  1.075   87.6  3.832  5.437 -109.6 -106.0
P  -70.1  155.7  109.8  179.8   37.9    nan  0.908   79.7  3.794  6.031  173.3  166.0
L  -76.6  132.4  105.7  177.1  176.8    nan  0.952   92.2  3.786  5.564 -104.2 -103.3
K -111.0  159.1  110.3  179.5  -70.7    nan  1.042  116.8  3.781  5.834 -162.3 -158.1
Q -142.6  141.7  109.3  178.8   58.1    nan  0.990  138.4  3.757  5.464 -158.8 -165.4
V -142.1  142.4  106.5  177.8   61.2 -176.3  1.014  137.0  3.800  5.690  177.2  175.9
K  -92.0  124.1  108.9 -179.8 -178.5    nan  0.987  106.7  3.810  5.683 -121.9 -130.9
V -122.4  145.8  114.4 -178.1  -62.1   60.1  1.100  129.7  3.772  5.826  178.5 -177.3
P  -83.4  132.0  111.0  179.5   36.2    nan  0.931  100.8  3.840  5.476 -104.1 -121.2
I  -71.0  145.0  105.8  177.5  -67.3  169.9  0.924   83.2  3.792  5.777 -114.7 -126.0
M -126.1  137.9  109.8  179.0  178.0    nan  1.026  128.4  3.807  5.668 -166.3 -160.9
E  -65.8  133.5  110.9 -179.2 -178.4    nan  1.044   87.4  3.783  5.644 -101.6 -110.2
N  -44.5  -52.6  114.7 -179.3  -86.7    nan  1.090  101.6  3.806  5.562  -82.1  -95.8
H  -61.0  -28.8  114.3 -177.9  -52.3    nan  1.138  104.5  3.769  5.117   56.5   78.2
I  -78.5  -42.0  106.3  178.2  -54.8 -178.2  0.945   87.9  3.804  5.580   71.1   77.6
C  -63.3  -39.0  113.4 -179.8 -171.2    nan  1.066   97.3  3.787  5.121   64.6   81.3
D  -67.1  -37.8  109.5  178.9 -173.4    nan  1.016   96.8  3.822  5.351   67.7   80.5
A  -62.0  -54.8  107.9  178.0    nan    nan  0.992   92.8  3.804  5.373   73.6   84.4
K  -50.2  -47.3  110.0  179.3  -69.6    nan  1.035  103.9  3.783  5.208   69.3   80.9
Y  -59.8  -16.2  114.3  179.7  -96.6    nan  1.132  112.5  3.812  5.326   60.9   80.9
H  -90.1  -24.5  111.0  178.2  -74.5    nan  1.047   81.3  3.813  5.580   65.4   79.7
L  -59.4  120.0  109.2  179.8  -67.8    nan  1.031   89.4  3.815  5.613   90.8  101.2
G   82.3   10.7  115.5  180.0    nan    nan    nan   93.0  3.769    nan    nan    7.4
A -117.1  165.1  108.8  178.6    nan    nan  1.005  120.9  3.811    nan    nan   77.6
Y  -89.0  -26.0  111.3  179.2  -71.1    nan  1.013   81.8  3.808  5.412 -101.2 -101.9
T  -49.5  128.9  113.7 -178.9  -42.6 -163.7  1.032   80.2  3.829  5.544  100.4  110.8
G  -59.9  146.6  113.0 -179.8    nan    nan    nan   76.6  3.791    nan    nan -116.6
D  -60.4  -37.0  111.9 -179.1  -63.4    nan  1.029  101.5  3.773    nan    nan  -96.4
D  -59.2  -30.6  109.6 -179.1   56.9    nan  1.027  107.1  3.773  5.338   78.1   91.0
V  -73.2  132.1  109.5  179.7 -176.5  -54.5  1.025   92.5  3.797  5.406   66.8   82.3
R  -93.2  123.7  110.3 -179.9  -53.4    nan  1.016  108.6  3.817  5.830 -136.0 -142.9
I  -94.3  -46.4  106.1  179.0  -65.3  174.6  0.991   75.4  3.798  5.875 -146.8 -155.5
V  -92.3  102.1  108.4  179.1  177.0  -61.1  1.025  108.5  3.785  5.042   28.9   47.8
R  -69.0  175.3  113.8  179.3  -94.4    nan  1.031   70.9  3.835  6.045 -138.4 -150.1
D  -78.8  -14.4  114.2 -179.5  -68.4    nan  1.077   95.0  3.837  5.294  -84.3  -78.2
D -100.2   23.7  109.8  179.4   64.0    nan  1.013   88.4  3.822  5.398   56.7   71.9
M -126.8  161.5  105.8  179.4  -63.6    nan  0.976  129.5  3.797  5.511   65.3   79.4
L -139.5  145.4  106.6 -179.1 -171.8    nan  0.951  137.0  3.840  5.579 -154.1 -157.5
C -114.0  144.0  113.5  180.0  -65.1    nan  1.044  122.9  3.812  5.762 -152.4 -145.7
A -165.1  137.2  110.2  178.3    nan    nan  1.030  140.3  3.803  5.474  160.4  152.5
G  132.8 -176.5  110.3  179.6    nan    nan    nan  134.0  3.774    nan    nan   76.5
N -166.5 -170.5  108.4  178.4   59.1    nan  1.032  161.3  3.794    nan    nan -160.8
T  -66.7    7.1  115.5  180.0   24.8  -97.2  1.070  116.2  3.801  5.051  -54.2  -49.7
R -145.1   -9.5  115.0 -179.2   57.0    nan  1.114   31.9  3.802  5.065   28.1   48.5
R -139.0  128.2  105.1  180.0  -47.9    nan  0.962  127.0  3.780  5.126   24.0   36.5
D -177.7  168.2  107.1 -179.4 -174.8    nan  0.966  168.7  3.768  5.485  136.3  124.4
S  -91.1  179.6  103.0  176.8   51.4    nan  0.951   91.1  3.797  5.411 -103.1 -103.3
C -154.6 -175.9  112.0 -177.7 -166.9    nan  1.049  152.8  3.766  5.330 -158.5 -149.6
Q  -47.9  131.8  105.6  179.3 -178.9    nan  0.959   72.7  3.762  4.883  -35.4  -40.9
G   99.5  -23.5  115.1  179.8    nan    nan    nan   90.9  3.777    nan    nan   37.1
D  -85.3  -15.4  110.5  178.6  -66.1    nan  1.043   89.2  3.785    nan    nan   78.0
S  -40.5  137.5  112.9 -179.9  -82.8    nan  1.062   67.0  3.820  5.802  117.8  128.2
G   87.2  -14.2  112.9 -179.6    nan    nan    nan   98.2  3.777    nan    nan   29.9
G  -77.3 -179.1  115.5 -179.5    nan    nan    nan   76.8  3.813    nan    nan   96.7
P -100.9  152.5  119.9 -179.6   39.3    nan  1.042  113.2  3.832    nan    nan  -89.7
L -124.1  101.2   99.7  175.4  165.6    nan  0.909  104.2  3.772  5.634 -150.0 -161.5
V -106.4  147.3  110.0 -178.7  -62.7   59.0  1.010  114.5  3.828  6.078  176.4  176.7
C -128.4  146.3  107.9  179.8  -55.1    nan  1.002  130.5  3.770  5.627 -160.0 -162.4
K  -87.3   88.3  108.6 -179.9 -162.5    nan  1.009  108.7  3.779  5.657 -117.5 -121.8
V  -93.2  116.0  111.8 -179.0  175.5  -61.7  1.027  111.0  3.782  6.077  178.8  175.0
N   44.0   63.3  110.8  178.8 -177.9    nan  1.047   95.9  3.787  4.920   -9.0  -33.3
G   61.7   21.7  115.9  179.8    nan    nan    nan  107.3  3.764    nan    nan  -65.6
T -142.5  136.7  113.6  179.1  -44.9 -164.3  1.092  138.1  3.818    nan    nan   63.0
W  -77.0  113.7  110.6  179.4  -82.3    nan  1.028  102.9  3.770  5.622 -111.3 -125.1
L -116.7  136.9  109.7  177.8  -59.0    nan  1.017  122.2  3.789  5.912  177.1  174.5
Q  -79.9  106.4  107.4  177.8  176.8    nan  1.030  103.4  3.814  5.811 -121.0 -126.7
A  -75.4  -45.0  112.2 -179.9    nan    nan  1.045   85.4  3.820  5.987 -141.2 -151.4
G -149.8 -175.4  115.1 -179.4    nan    nan    nan  147.6  3.772    nan    nan   -5.1
V -125.2  130.1  106.1  179.3  178.4  -59.0  0.948  123.0  3.778    nan    nan -115.3
V  -56.5  111.4  108.3 -179.9 -178.6  -56.7  0.998   92.4  3.841  5.771  -99.7 -109.3
S -107.4  -67.2  116.8 -177.3  175.2    nan  1.134   59.2  3.832  5.945 -179.2 -173.2
W -153.5  177.4  114.0 -179.4   71.8    nan  1.103  154.5  3.836  4.766  -49.4  -28.4
G  176.2  169.5  108.7  179.8    nan    nan    nan  167.7  3.805    nan    nan  172.3
E -101.1   64.2  107.1  178.4  -73.7    nan  1.009  100.1  3.801    nan    nan -109.2
G  103.8  175.0  111.4 -179.9    nan    nan    nan  101.9  3.775    nan    nan  -22.5
C -102.0  125.9  112.6 -179.5  -49.4    nan  1.026  115.2  3.779    nan    nan -101.7
A   56.3   31.8  115.5  178.7    nan    nan  1.091  106.5  3.795  4.783    9.6  -12.6
Q  -90.9  147.7  114.5 -179.9  -83.5    nan  1.106  103.6  3.821  5.928  109.8  125.6
P  -61.4  127.6  115.2 -179.6   29.4    nan  1.026   90.2  3.841  5.364  -83.6  -96.1
N   70.2   23.2  113.1  179.1  -66.2    nan  1.086   99.6  3.798  4.902   23.2    1.2
R -145.6   68.2  109.8  179.3  -61.7    nan  1.019   82.6  3.794  5.379   48.3   59.4
P  -70.4  161.1  111.1  179.9   31.6    nan  0.971   78.0  3.831  6.083  179.1  177.8
G  -65.6  138.4  112.6 -178.8    nan    nan    nan   85.6  3.755    nan    nan  -83.7
I -104.4  131.1  107.2  178.6  -46.6 -168.3  0.989  112.3  3.734    nan    nan -150.5
Y -120.7  149.9  107.3 -180.0  -59.9    nan  0.968  124.7  3.795  5.802 -164.4 -172.2
T  -72.2  133.8  104.5  177.7  -47.3 -167.4  0.924   87.7  3.812  5.568  -92.9 -105.6
R  -81.4  118.6  105.4 -179.7 -170.0    nan  0.959   99.1  3.772  5.688 -124.7 -128.8
V  -71.2  -43.0  115.6 -178.3 -180.0  -58.9  1.140   87.5  3.804  5.991 -135.7 -131.5
T  -49.0  -36.0  108.7 -179.6   53.6  -68.0  1.033  112.9  3.820  5.609   91.2   95.3
Y  -59.5  -36.6  114.4 -179.7 -167.2    nan  1.090  101.3  3.783  5.377   76.8   91.6
Y -106.5   20.7  113.8 -179.2  -61.8    nan  1.085   82.6  3.826  5.095   24.8   48.6
L  -52.7  -62.0  112.5 -179.4 -125.6    nan  1.059   90.9  3.779  6.027  142.9  150.5
D  -52.7  -39.1  110.6 -178.7  -75.0    nan  1.068  107.1  3.800  5.149   60.4   75.3
W  -64.8  -46.5  110.2  178.8  179.3    nan  1.045   93.8  3.784  5.439   68.9   82.2
I  -56.3  -43.7  109.1  179.9  -67.8  169.5  1.012  102.3  3.795  5.306   73.7   83.7
H  -67.0  -20.4  117.8 -179.1  -71.0    nan  1.152  102.5  3.782  5.146   54.1   78.9
H  -67.5  -13.1  109.8  179.0  -57.0    nan  1.018  107.5  3.815  5.731   90.2   97.8
Y -123.3  -34.4  110.2 -180.0  -55.2    nan  1.017   51.9  3.808  5.161   32.4   50.4
V  -94.0  106.6  115.3 -178.8 -169.9  -48.1  1.107  115.4  3.777  5.132   37.4   62.6
P  -58.0  146.3  111.0  179.7   22.7    nan  0.968   74.2  3.816  5.786 -117.4 -138.0
K  -74.7  105.9  108.7  180.0  -48.7    nan  1.002  103.0  3.793  5.686 -107.1 -111.7
K   75.0    nan  109.0 -179.0 -173.0    nan  1.041    nan  3.829  5.053   11.5  -10.5
