Id   phi    psi    tau  omega    chi    chi2  solid    eta  CA-CA  CB-CB  BA^AB  NA^AC
V    nan   85.8  109.5    nan   53.7  173.7  0.999    nan    nan    nan    nan    nan
T -156.3   59.3  109.4  179.9  -25.1 -145.3  0.999   69.4  3.822  5.616  108.9  106.9
L  -88.6  152.3  109.6 -179.8  -87.7    nan  1.001   97.7  3.820  6.088  146.5  152.4
F -138.4  140.8  109.6  179.9  -67.9    nan  1.000  136.1  3.820  5.635 -165.8 -165.6
V -102.8  156.9  109.2  179.7 -150.1  -30.1  0.998  109.2  3.821  5.770 -140.5 -142.5
A  -89.1  118.4  109.4  180.0    nan    nan  1.002  106.5  3.824  5.570 -110.5 -110.8
L  -77.0   -9.8  110.0 -179.7  -48.4    nan  1.003   99.5  3.827  5.933 -133.4 -140.8
Y -150.0  154.3  109.7 -179.8  -48.8    nan  1.002  148.6  3.823  4.946    7.7   25.4
D  -75.4  166.1  109.3  179.9   71.8    nan  1.000   80.4  3.822  5.537  -97.4 -101.1
Y -159.1  144.0  109.6 -179.9  174.5    nan  1.001  145.8  3.823  5.469 -172.8 -172.5
E -119.8   93.4  109.4  179.9   58.7    nan  0.999  108.5  3.825  5.742 -155.1 -155.7
A  -43.6  119.7  109.6 -179.9    nan    nan  1.003   81.0  3.823  5.986 -122.3 -134.1
R  -76.7   -9.4  109.6  180.0 -128.1    nan  1.000  100.0  3.822  5.914 -131.9 -139.6
T -123.2 -179.1  109.5 -179.9   10.0 -110.1  1.001  122.9  3.822  5.197   33.9   54.1
E  -89.4   -8.9  109.5 -180.0  -84.2    nan  1.001   87.6  3.821  5.282  -88.7  -82.7
D  -83.9  -55.2  109.4  180.0  -73.2    nan  1.001   77.9  3.823  5.579   76.1   92.9
D  -57.8  174.0  109.4  179.9  -74.5    nan  0.999   59.9  3.821  5.209   63.0   74.3
L -115.1  167.9  109.6 -179.9  -54.5    nan  1.001  118.6  3.821  5.446 -122.6 -116.0
S -128.3  134.8  109.2  179.8  -32.6    nan  0.996  128.3  3.822  5.518 -141.4 -137.0
F -158.8 -167.8  109.6 -179.9   47.6    nan  1.002  152.3  3.822  5.613  157.8  152.7
H -139.7  158.5  109.6 -179.9 -130.0    nan  1.002  142.1  3.822  5.283 -130.4 -119.8
K  -45.0  123.3  109.7 -179.9 -159.6    nan  1.000   79.1  3.822  5.282  -58.1  -67.7
G  111.3    1.6  110.0  179.7    nan    nan    nan   68.1  3.825    nan    nan   40.7
E  -85.0  131.8  109.7 -179.8 -153.9    nan  1.002  101.1  3.825    nan    nan  102.1
K  -81.9  155.3  109.0  179.6  -43.6    nan  0.998   90.4  3.825  5.820 -126.3 -132.4
F -150.4  140.5  110.3 -179.6  -76.4    nan  1.003  141.3  3.821  5.569 -174.4 -174.7
Q -108.0  102.3  109.0  179.4 -101.1    nan  0.995  111.6  3.821  5.766 -146.4 -148.5
I  -74.2  128.9  110.1 -179.3  -61.7  178.5  1.008   94.9  3.824  6.044 -147.8 -153.4
L -104.7  -29.1  108.9  179.6  -28.2    nan  0.995   68.1  3.822  5.875 -153.4 -157.6
N -152.4  130.9  109.2  179.9 -129.2    nan  0.996  134.1  3.820  4.797  -13.3    4.1
S -137.2   11.2  109.6 -179.8   39.4    nan  1.001   47.5  3.823  5.763  174.8  172.5
S -105.2   32.1  109.5  179.9 -138.9    nan  1.002   87.1  3.821  5.604   73.3   91.5
E -130.7   40.8  109.3  179.8   81.5    nan  1.007   70.7  3.822  5.549   69.5   85.1
G  127.3  166.1  109.4 -179.8    nan    nan    nan  121.7  3.823    nan    nan  -20.3
D  -64.2  -16.7  109.6 -179.8  -80.5    nan  1.003  109.3  3.822    nan    nan  -76.5
W  -98.8  139.8  109.5  180.0  -84.7    nan  1.003  109.2  3.827  5.357   52.1   71.5
W -113.5  159.4  109.9 -179.6  -51.6    nan  1.003  118.9  3.823  5.790 -152.4 -153.3
E  -94.4  113.6  108.6  179.4  -16.9    nan  0.998  108.7  3.822  5.564 -114.1 -113.7
A -115.7  156.1  110.0 -179.4    nan    nan  1.004  121.4  3.821  5.931  179.4  177.8
R -122.4  120.8  109.4  179.9  178.4    nan  0.998  121.0  3.821  5.627 -146.3 -144.9
S  -64.1  122.2  109.5 -180.0   38.2    nan  1.001   91.2  3.824  5.858 -116.8 -126.6
L  -80.2    1.7  109.8 -179.8  -63.5    nan  1.002  100.4  3.823  5.901 -133.4 -140.1
T -106.6  -41.7  109.3  179.9  -55.3 -175.4  1.000   64.9  3.826  5.494   62.0   81.2
T  -91.5  -36.7  109.4  179.9   15.4 -104.9  1.001   77.4  3.821  5.124   36.6   55.0
G   96.6   -1.7  109.7  179.9    nan    nan    nan   84.0  3.823    nan    nan -123.9
E  -86.4  150.2  109.5 -180.0   59.6    nan  1.000   96.4  3.824    nan    nan   97.5
T -123.7  146.1  109.6 -180.0  -58.8 -179.0  1.000  128.0  3.824  5.686 -153.3 -152.5
G -165.1 -150.2  109.6  179.9    nan    nan    nan  142.8  3.824    nan    nan  157.5
Y -126.1  137.6  109.4 -180.0  -54.7    nan  0.998  128.0  3.820    nan    nan  -85.0
I -136.5  160.5  109.6  179.7   57.9  -62.1  1.000  139.5  3.816  5.737 -178.1  180.0
P  -57.2  121.5  109.8  179.2    0.4    nan  0.955   87.7  3.804  5.149  -69.0  -78.4
S  -67.4  -26.9  109.5 -180.0   62.2    nan  0.997  101.7  3.818  5.919 -124.4 -129.1
N  -75.2    0.0  109.7 -179.9   72.1    nan  0.999  104.8  3.825  5.425   68.7   84.4
Y -108.9    7.9  109.8 -179.6  -94.5    nan  0.998   73.9  3.824  5.446   58.5   77.8
V -133.6  152.4  110.1 -179.6  -87.8   32.2  1.008  136.5  3.822  5.260   41.0   60.1
A -147.8  152.8  109.2  179.7    nan    nan  0.999  146.3  3.823  5.600 -174.6 -176.4
P  -58.8  109.9  110.4 -179.6   -0.1    nan  0.969   96.0  3.812  5.320  -78.1  -87.7
V  -62.5    nan  109.4  180.0   61.1 -178.9  0.998    nan  3.825  6.006 -129.9 -136.5
