Id   phi    psi    tau  omega    chi    chi2  solid    eta  CA-CA  CB-CB  BA^AB  NA^AC
A    nan  171.9  112.3    nan    nan    nan  1.072    nan    nan    nan    nan    nan
D  -67.3  128.7  111.8 -179.8  176.8    nan  1.036   91.5  3.789  5.087  -69.4  -73.6
K  -68.7   -6.9  113.6 -179.6  -76.8    nan  1.057  108.4  3.812  5.838 -112.8 -123.7
E -105.9    7.0  112.2  179.3  -67.8    nan  1.068   76.9  3.818  5.395   53.9   73.9
L  -56.1  124.9  108.8  178.9  174.7    nan  0.973   84.3  3.809  5.907  126.7  132.6
K  -80.6  125.9  112.6 -178.9  174.7    nan  1.072  102.2  3.839  5.960 -137.2 -136.5
F -107.8  155.6  108.5 -179.4  -75.8    nan  0.959  113.8  3.804  5.859 -149.8 -166.4
L -128.7  110.6  105.3  176.4  179.1    nan  0.994  114.4  3.801  5.604 -158.5 -154.8
V  -92.7  118.5  107.7 -179.6  174.4  -62.8  1.000  106.8  3.798  6.041 -156.2 -163.7
V -113.9  120.5  111.9 -179.7 -171.9  -49.0  1.055  119.9  3.789  5.933 -175.5 -175.2
D -165.3  137.7  106.4  178.5 -159.1    nan  0.997  139.8  3.812  5.652  141.2  126.5
D  -77.0   -6.6  112.0  179.6   46.9    nan  1.062  100.4  3.800  5.705 -115.9 -121.5
F -104.6  111.5  106.4 -179.9 -168.4    nan  0.967  110.3  3.804  5.440   59.2   73.9
S  -53.0  -44.6  112.4 -178.6   61.1    nan  1.032  102.4  3.812  5.941 -115.0 -123.0
T  -55.1  -44.7  113.5 -179.1  -14.0 -133.9  1.083  100.2  3.804  5.302   72.8   88.9
M  -64.3  -38.1  109.9 -179.8 -169.7    nan  1.064   98.7  3.797  5.334   64.0   79.2
R  -63.8  -41.2  107.8  178.6  -59.2    nan  1.022   98.7  3.808  5.496   72.0   83.1
R  -59.0  -48.6  109.2  178.9  -74.7    nan  1.006   97.5  3.813  5.399   75.4   84.8
I  -58.3  -62.2  110.9  179.9  -72.7  163.3  1.059   88.7  3.792  5.244   65.0   80.1
V  -50.7  -43.4  110.9 -179.6  175.3  -63.6  1.069  105.7  3.807  5.201   62.9   75.7
R  -57.6  -50.7  110.9  179.0 -177.4    nan  1.033   96.1  3.802  5.404   74.5   85.3
N  -64.7  -34.2  113.1 -179.5  -83.0    nan  1.084   98.9  3.818  5.191   55.7   73.8
L  -65.6  -35.2  108.1  178.3  -64.3    nan  1.024  100.1  3.787  5.456   73.7   85.5
L  -69.7  -33.5  109.0  179.0  -73.2    nan  1.059   96.9  3.793  5.392   62.7   80.6
K  -66.9  -38.9  107.0  177.9 -179.8    nan  0.996   97.8  3.789  5.501   72.7   83.5
E  -56.8  -41.5  111.0  179.5 -169.1    nan  1.035  102.3  3.799  5.360   76.0   89.5
L  -82.1   -1.1  112.2 -179.6  -48.6    nan  1.051   97.5  3.811  5.161   45.7   65.4
G   99.3   -1.6  116.9  178.1    nan    nan    nan   81.5  3.791    nan    nan  -91.7
F  -90.7  104.6  110.2  179.9  -63.8    nan  1.030  109.7  3.790    nan    nan   93.3
N  -94.3  -16.4  116.0 -178.5  -74.5    nan  1.079   78.7  3.801  6.019 -166.1 -169.9
N  -90.6   87.2  112.5 -178.6 -162.7    nan  1.077  112.5  3.796  5.385   61.7   82.5
V -130.1  129.2  114.5 -178.6  174.3  -61.8  1.052  130.7  3.801  5.916  141.7  136.4
E -107.3  162.0  106.4  177.7  -79.1    nan  0.966  111.4  3.816  5.822 -152.9 -164.6
E -124.8  152.2  111.4 -180.0  -59.4    nan  1.025  130.1  3.828  5.592 -145.4 -139.1
A -143.2  145.4  110.0  179.0    nan    nan  1.037  140.8  3.828  5.578 -172.5 -172.0
E  -76.7  -21.8  118.9 -177.3 -118.7    nan  1.155   92.2  3.824  5.647 -111.1 -108.5
D -175.3 -172.4  110.5 -179.9   49.3    nan  1.047  169.7  3.836  4.854  -23.7  -13.9
G  -56.1  -41.3  113.2  179.9    nan    nan    nan  101.7  3.802    nan    nan  -42.5
V  -63.8  -49.1  111.4 -179.8 -172.6  -50.1  1.049   92.4  3.805    nan    nan   83.0
D  -62.5  -43.8  108.5 -180.0 -159.0    nan  1.015   98.0  3.788  5.266   65.1   76.0
A  -55.2  -45.3  111.8 -179.2    nan    nan  1.065  100.6  3.802  5.305   73.1   88.1
L  -65.2  -43.0  110.4  179.6  -75.4    nan  1.050   95.3  3.796  5.324   62.7   77.1
N  -58.8  -41.7  110.4  179.3  -72.9    nan  1.060  100.9  3.781  5.351   70.7   84.6
K  -72.7  -42.2  111.5  179.4  -47.1    nan  1.068   89.2  3.812  5.348   56.1   73.3
L  -61.9  -24.6  111.9  179.8  -71.6    nan  1.044  107.0  3.812  5.384   71.8   83.3
Q  -63.1  -21.7  111.3  179.9 -170.4    nan  1.041  107.5  3.816  5.518   85.0   98.2
A  -75.9  -14.1  111.2  179.6    nan    nan  1.043   98.6  3.823  5.485   71.5   88.6
G   71.2  170.2  114.4  178.9    nan    nan    nan   67.4  3.796    nan    nan -128.4
G   95.5  -10.4  116.3  179.6    nan    nan    nan   89.1  3.785    nan    nan   75.0
Y  -72.4  151.4  112.1  179.9  -72.9    nan  1.083   84.6  3.807    nan    nan  103.4
G -127.4  -12.7  115.1 -179.3    nan    nan    nan   48.2  3.783    nan    nan -154.9
F -156.8  147.2  108.7  179.9 -153.6    nan  0.991  147.3  3.804    nan    nan   14.8
V -132.6  135.3  108.2  178.6  175.9  -62.9  1.001  130.0  3.809  5.771 -165.5 -166.8
I -119.4  105.4  101.7  177.8  -62.4  174.8  0.938  107.5  3.797  5.794 -160.4 -168.9
S -108.3  132.0  114.2 -177.8 -178.8    nan  1.064  120.0  3.790  5.987  175.3 -178.5
D  -73.0  155.6  104.3  177.7  154.4    nan  0.974   80.3  3.788  5.687 -113.7 -129.3
W  -68.9  -66.9  116.6 -178.2 -162.5    nan  1.152   75.9  3.793  5.601  -97.3  -89.2
N  -98.0  126.3  114.7 -178.5   21.0    nan  1.106  114.6  3.835  4.919    7.9   30.8
M -147.6  158.5  107.0 -179.4  -56.2    nan  0.965  147.5  3.791  5.714  170.5  151.2
P  -73.8  159.7  110.6 -180.0  -16.8    nan  0.934   81.7  3.810  5.318  -88.9  -94.2
N   69.9  -55.7  114.1  178.4  -49.3    nan  1.105  120.7  3.807  4.707   46.1   38.7
M -153.8  107.2  108.9  179.7 -178.3    nan  1.005  113.7  3.797  4.700  -36.1  -20.9
D  -72.5  179.1  115.3 -179.2   60.1    nan  1.143   72.8  3.807  6.050 -148.0 -146.2
G  -59.3  -40.0  115.4 -179.6    nan    nan    nan   98.9  3.806    nan    nan  -55.4
L  -66.1  -44.4  110.2 -179.4 -159.6    nan  1.048   93.9  3.791    nan    nan   82.5
E  -64.7  -43.1  109.6  179.2  -61.8    nan  1.022   96.0  3.809  5.301   63.9   77.2
L  -60.8  -45.9  108.6  179.2  167.6    nan  1.003   98.0  3.808  5.342   70.6   81.8
L  -56.2  -53.4  111.5 -179.0  176.9    nan  1.040   95.0  3.800  5.258   71.9   85.2
K  -58.2  -44.4  111.4 -179.5  -65.1    nan  1.074   99.2  3.771  5.150   60.5   77.1
T  -59.0  -40.0  111.3  179.2  -11.1 -129.6  1.057  101.2  3.810  5.410   70.2   83.4
I  -65.2  -49.3  110.0  179.1  -65.5  172.5  1.048   92.2  3.807  5.376   67.2   81.1
R  -63.0  -23.1  113.0  180.0  -72.1    nan  1.074  106.3  3.809  5.270   59.9   75.9
A  -86.4  -22.0  112.4  180.0    nan    nan  1.071   85.1  3.785  5.372   58.5   78.4
D  -79.7  134.4  109.6  179.7  172.8    nan  1.031   96.3  3.790  5.523   69.6   85.2
G  -60.5  -54.4  114.4 -179.8    nan    nan    nan   89.7  3.772    nan    nan -108.5
A  -57.1  -42.8  117.9 -178.1    nan    nan  1.135   97.5  3.800    nan    nan   80.7
M -113.2   17.3  115.6 -177.7   64.9    nan  1.082   75.0  3.821  4.940   16.0   38.5
S  -58.5  -32.5  116.3 -178.4   54.1    nan  1.132  103.8  3.814  6.018  129.0  143.9
A  -87.4   13.0  115.1 -178.4    nan    nan  1.103   98.1  3.830  5.309   51.1   71.9
L  -66.4  135.5  111.9 -179.8 -103.2    nan  1.028   87.3  3.791  5.959  123.0  130.3
P  -73.7  133.3  106.0  179.2  -27.5    nan  0.890   90.0  3.788  5.551 -107.3 -122.7
V -129.3  116.4  109.2  179.8  171.8  -65.3  1.000  120.6  3.799  5.858  178.3 -177.5
L -100.3  123.4  104.7  178.4  169.1    nan  0.965  107.9  3.798  5.928 -159.8 -169.3
M  -94.9  127.4  111.3 -179.7  -56.3    nan  1.008  109.8  3.803  5.918 -147.2 -151.9
V -101.1  131.9  107.1  178.1 -175.9  -54.0  0.999  110.1  3.789  5.873 -152.5 -157.6
T -129.1  160.8  108.9 -179.2   49.4  -70.6  1.001  132.7  3.767  5.731 -173.3 -178.0
A  -82.8  -29.7  111.8 -179.8    nan    nan  1.053   85.8  3.815  5.458 -101.8 -100.4
E -152.4  154.0  109.9  178.9   60.8    nan  1.050  150.0  3.799  4.843  -16.3    3.3
A  -77.5   56.0  115.9 -178.7    nan    nan  1.109  118.3  3.795  5.499 -101.1 -102.0
K  -66.9  119.4  107.7  178.2  -90.3    nan  1.000   92.9  3.812  6.195  173.4  165.6
K  -54.4  -23.9  114.2 -179.3   89.5    nan  1.115  113.4  3.793  5.807 -112.3 -117.8
E  -70.3  -47.3  108.6  178.9   18.9    nan  1.042   90.4  3.823  5.648   77.7   91.1
N  -63.3  -54.7  109.7  178.9  -62.6    nan  1.002   90.8  3.808  5.295   66.1   75.2
I  -51.3  -44.5  111.2  180.0  -68.8  170.5  1.038  104.3  3.804  5.181   69.7   81.3
I  -67.4  -47.4  109.5  179.9  -73.3  165.7  1.048   91.9  3.799  5.316   60.3   75.7
A  -54.9  -42.4  112.3 -179.6    nan    nan  1.058  102.4  3.800  5.316   72.6   85.1
A  -65.8  -48.2  111.5 -179.1    nan    nan  1.047   91.4  3.802  5.278   65.1   80.3
A  -61.6  -42.1  109.2 -179.7    nan    nan  1.021   99.2  3.791  5.229   65.3   77.9
Q  -62.8  -36.8  111.4  179.5  -93.3    nan  1.038   99.9  3.791  5.278   67.4   81.4
A  -75.9  -11.8  114.8 -178.7    nan    nan  1.091   98.9  3.802  5.209   56.5   76.8
G  101.0   17.9  116.1  179.8    nan    nan    nan   71.6  3.783    nan    nan  -98.4
A  -63.5  146.9  109.2  179.4    nan    nan  0.999   77.7  3.819    nan    nan  135.8
S  -75.8  -29.7  110.3  178.8  -58.9    nan  1.047   92.7  3.794  5.617 -108.6 -110.1
G -176.3 -173.6  109.8  179.3    nan    nan    nan  171.6  3.807    nan    nan  -23.8
Y -148.6  164.5  107.6  178.4   84.9    nan  1.033  149.8  3.803    nan    nan -137.5
V -159.0  136.1  106.8  179.1   20.9  143.1  1.014  138.1  3.815  5.548 -173.0 -175.4
V  -91.5  134.6  110.2 -179.6  174.4  -64.2  1.031  105.3  3.799  5.822 -131.0 -135.9
K  -98.2  153.1  108.8  179.7   63.4    nan  1.020  105.8  3.788  5.787 -140.2 -146.1
P  -75.6  141.1  112.3   -0.2   36.3    nan  0.960   92.1  2.883  4.671   72.5   44.9
F -121.5  166.9  108.8  179.0   57.0    nan  1.032  124.8  3.789  5.792 -167.2 -163.3
T -111.1  168.4  110.3 -178.3   91.1  -29.2  1.015  114.7  3.783  5.481 -121.1 -120.1
A  -56.3  -36.4  107.9  179.4    nan    nan  1.007  107.1  3.796  5.206  -62.2  -67.9
A  -61.0  -54.0  108.8  179.7    nan    nan  1.011   93.3  3.792  5.383   75.6   87.9
T  -55.0  -49.3  111.0 -179.8  -45.6 -166.3  1.016   98.7  3.805  5.197   67.4   78.3
L  -62.0  -47.2  111.4 -179.8  175.0    nan  1.052   94.8  3.788  5.151   61.6   76.8
E  -56.7  -42.7  110.8 -179.6  162.2    nan  1.043  101.7  3.820  5.343   71.3   83.7
E  -59.7  -50.2  109.4  179.7 -161.9    nan  1.009   95.9  3.778  5.265   72.5   83.9
K  -59.4  -43.7  112.8 -179.9  -70.1    nan  1.065   97.9  3.814  5.199   60.7   78.1
L  -63.3  -57.4  111.0  179.8  -72.0    nan  1.039   88.4  3.811  5.381   68.1   80.8
N  -45.6  -45.5  112.4 -178.7  -81.0    nan  1.093  107.2  3.790  5.188   72.3   85.9
K  -59.7  -49.2  109.8  179.1  167.3    nan  1.028   96.2  3.777  5.369   71.4   81.5
I  -61.6  -33.6  111.0 -179.7  -71.4  165.0  1.086  102.8  3.793  5.229   59.1   77.0
F  -68.4  -49.1  109.5  178.7  -74.5    nan  1.052   90.4  3.788  5.504   69.1   83.8
E  -54.7  -55.0  109.7  179.7  -65.3    nan  1.006   96.1  3.830  5.387   74.8   82.6
K  -58.4  -16.8  115.0 -179.1 -174.1    nan  1.095  113.4  3.785  4.997   57.5   75.8
L -117.4  -12.0  111.8  178.3  -83.2    nan  1.068   58.7  3.835  5.312   30.4   52.7
G   77.4   84.6  113.3 -180.0    nan    nan    nan   68.7  3.810    nan    nan -119.3
M -150.0    nan  110.8  180.0  -71.2    nan  1.029    nan  3.811    nan    nan  110.9
