Id   phi    psi    tau  omega    chi    chi2  solid    eta  CA-CA  CB-CB  BA^AB  NA^AC
R    nan  133.7  111.3    nan  -89.4    nan  1.038    nan    nan    nan    nan    nan
R -120.6  130.2  110.7 -179.8  161.2    nan  1.033  124.1  3.798  5.778 -163.8 -169.5
I -104.9  128.6  109.9  180.0 -177.8   58.4  1.055  114.7  3.791  5.866 -153.7 -157.1
I -118.3  123.9  109.2 -179.7  -53.4 -173.9  1.021  120.3  3.781  5.871 -164.4 -171.8
L -112.5  134.3  105.6  179.4  -49.8    nan  0.965  116.4  3.789  5.874 -162.7 -172.7
S -134.3  165.8  115.3 -178.3   49.9    nan  1.101  138.8  3.793  5.730  176.4 -177.8
R   61.3   34.0  112.7 -179.8  -78.8    nan  1.093  102.0  3.796  4.679   55.8   38.5
L  -73.3  134.9  111.8 -179.8  -55.6    nan  1.034   92.8  3.804  6.101  136.9  142.9
K  -74.7  172.0  109.6  178.8  -59.5    nan  1.029   77.5  3.811  5.741 -115.2 -124.2
A  -49.5  125.5  112.5 -179.6    nan    nan  1.060   82.0  3.810  5.126  -52.1  -55.6
G   85.1  -35.3  115.7  179.0    nan    nan    nan  108.6  3.789    nan    nan   13.6
E  -45.7  -27.0  114.1 -179.7  -81.6    nan  1.076  119.3  3.825    nan    nan  106.4
V  -63.6  -54.6  111.5  179.6 -178.6  -58.0  1.037   89.4  3.791  5.487   83.7   95.7
D  -64.3  -42.9  109.0  179.4  -60.6    nan  1.008   96.8  3.825  5.236   57.2   68.8
L  -52.3  -56.7  112.3 -179.9  175.4    nan  1.046   94.9  3.792  5.304   79.3   91.3
L  -62.3  -25.0  112.8 -179.8  -63.8    nan  1.080  106.1  3.806  5.108   53.2   70.6
E  -65.6  -48.9  106.8  178.9 -179.6    nan  0.987   94.2  3.796  5.590   84.6   93.9
E  -65.5  -37.4  110.5 -179.7 -142.8    nan  1.033   97.8  3.797  5.175   57.4   72.5
E  -63.7  -45.5  111.0  179.9 -153.9    nan  1.057   94.7  3.790  5.353   69.8   85.7
L  -66.2  -29.9  109.9  179.4 -102.3    nan  1.040  101.2  3.796  5.302   61.0   75.4
G  -62.2  -23.9  114.5  179.6    nan    nan    nan  106.1  3.782    nan    nan   94.6
H  -76.4  -24.4  110.7  179.9  -54.2    nan  1.018   94.1  3.806    nan    nan   86.9
L  -89.3  -53.1  116.5 -177.9  -46.5    nan  1.090   69.5  3.825  5.250   54.6   76.4
T -144.6 -174.7  108.7 -179.2   35.5  -86.8  0.987  142.6  3.817  4.739  -22.0   -7.4
T -105.4  128.1  106.5  177.6   25.6  -96.0  0.991  112.3  3.793  5.221 -102.3  -95.3
L  -96.0  137.5  108.4  179.5  -46.4    nan  0.995  106.8  3.787  5.836 -142.9 -150.3
T  -97.2  -87.5  114.1 -179.1  -73.6  166.2  1.094   65.8  3.798  5.792 -142.0 -138.7
D  -74.1   77.5  110.6 -178.5 -147.7    nan  1.035  112.9  3.806  4.747   16.2   32.9
V  -84.3  124.6  114.7 -178.6 -140.9  -18.9  1.089  106.7  3.804  6.166  171.3  174.3
V -123.3  124.5  107.5  179.5 -138.0  -14.3  0.970  121.2  3.797  5.829 -168.9  174.6
K -113.8  103.9  113.7 -179.4  -63.0    nan  1.085  117.0  3.808  5.883 -172.8 -168.3
G  -77.6 -172.0  110.9  179.5    nan    nan    nan   74.9  3.782    nan    nan -158.3
A  -77.7  -20.3  111.0  179.3    nan    nan  1.040   94.5  3.798    nan    nan  -63.0
D -156.4   31.4  109.5  179.6   65.0    nan  1.040   44.6  3.821  4.921  -10.4    7.4
S -155.0  159.3  110.0  179.8   68.2    nan  1.012  154.0  3.806  5.361   48.3   57.6
L -148.1  141.5  107.3  179.5  178.6    nan  0.981  139.6  3.794  5.516 -166.9 -169.9
S -142.2  156.9  108.4  179.2   62.5    nan  1.002  143.4  3.784  5.679  179.8  177.0
A -171.3  162.4  112.6  178.2    nan    nan  1.059  163.7  3.797  5.409  164.6  161.7
I -109.3  114.3  104.6  177.2   55.1  -65.1  0.956  110.7  3.777  5.446 -124.1 -128.0
L -109.2  145.1  108.7  179.5   24.4    nan  1.038  116.3  3.759  5.942 -176.8 -176.3
P  -65.6  161.8  107.9  179.7   29.8    nan  0.923   72.3  3.808  5.474  -89.4 -102.6
G  -80.6   59.2  114.3 -179.7    nan    nan    nan  115.6  3.801    nan    nan  -95.6
D  -93.2  -71.6  108.6  179.3  -56.5    nan  0.995   71.3  3.817    nan    nan  145.0
I  -68.5  131.4  112.0 -179.4  -11.3   48.2  1.057   91.1  3.786  4.796   33.1   50.2
A  -63.7  137.9  107.4  178.7    nan    nan  0.990   81.4  3.813  5.700 -101.8 -118.8
E  -48.0  -38.0  112.4 -179.2  -58.2    nan  1.076  110.6  3.799  5.577  -84.8  -92.9
D  -60.0  -52.6  112.6  179.8  -63.2    nan  1.067   92.3  3.806  5.412   74.7   89.2
D  -52.8  -48.4  109.6  179.2  -62.8    nan  1.010  101.6  3.812  5.281   72.6   81.6
I  -59.9  -39.2  110.6  179.6  -64.1  174.7  1.052  101.4  3.823  5.274   64.0   78.6
T  -66.9  -53.0  110.6  179.3  -62.3  177.1  1.045   88.7  3.786  5.328   66.1   80.4
A  -51.9  -52.1  111.1  180.0    nan    nan  1.046   98.9  3.827  5.278   70.0   82.4
V  -60.3  -45.4  112.3  179.5  169.5  -70.0  1.059   96.5  3.808  5.243   61.7   75.5
L  -63.8  -29.6  112.0 -179.7  -63.4    nan  1.082  102.6  3.805  5.290   63.3   79.4
C  -66.8  -12.5  112.9  179.9  -68.0    nan  1.100  107.9  3.789  5.469   72.6   90.7
F  -61.7  -32.0  104.6  176.3  -84.9    nan  0.933  106.6  3.804  5.850  106.0  106.6
V -106.7  -59.3  115.3 -178.7  173.7  -63.1  1.086   60.1  3.825  5.005   25.4   50.5
I  -97.9  177.0  114.1 -178.2   67.8  -55.5  1.060   99.1  3.825  4.917   17.4   37.3
E  -93.7  146.6  105.5  178.0 -139.4    nan  0.985  101.6  3.795  5.211  -94.9  -94.2
A  -56.5  -20.7  116.2 -178.6    nan    nan  1.118  112.8  3.808  5.544  -87.7  -89.4
D  -80.7  -11.3  113.6 -179.6   82.7    nan  1.063   94.7  3.821  5.516   70.4   87.1
Q  -87.9    1.0  111.6 -179.9  -61.8    nan  1.026   92.5  3.810  5.545   72.0   87.8
I -116.1  135.2  114.0 -179.0  169.7   45.4  1.122  124.7  3.807  5.324   46.8   73.1
T -130.6  146.9  111.3 -179.6  -44.4 -164.6  1.027  134.1  3.810  5.788 -166.1 -179.5
F -123.3  107.3  110.7  179.8  -74.8    nan  1.046  116.5  3.798  5.665 -156.6 -157.6
E -103.5  160.7  108.4  179.5  -78.1    nan  0.999  108.7  3.790  5.984 -169.9  179.8
T  -95.1  148.7  112.0 -179.6  -31.2 -150.9  1.050  105.7  3.789  5.501 -114.4 -112.1
V  169.5    nan  108.4  179.6  -17.9  105.4  1.035    nan  3.814  5.434  143.2  129.1
