Id   phi    psi    tau  omega    chi    chi2  solid    eta  CA-CA  CB-CB  BA^AB  NA^AC
R    nan  133.9  112.4    nan  -89.2    nan  1.047    nan    nan    nan    nan    nan
R -128.7  144.2  109.4  178.6  106.5    nan  1.065  131.2  3.798  5.770 -176.7 -178.2
I -108.6  142.3  110.1 -178.2 -167.8   67.4  1.045  116.8  3.780  5.715 -139.4 -144.5
I -129.6  115.2  109.7 -179.1  -24.8 -145.9  1.012  120.4  3.789  5.742 -161.8 -169.2
L -103.1  125.8  109.6  179.5  -46.3    nan  1.014  113.4  3.805  5.952 -164.0 -171.8
S -116.4  158.9  113.6 -178.9  -15.4    nan  1.053  122.9  3.804  5.840 -167.9 -171.6
R   61.2   33.5  116.3  179.1  -80.1    nan  1.126  100.8  3.818  4.687   45.5   28.9
L  -72.9  133.3  109.9  180.0  -46.8    nan  1.026   92.0  3.806  6.101  139.4  141.9
K  -69.3  179.4  111.8  179.5  -32.2    nan  1.054   69.5  3.811  5.742 -110.8 -119.5
A  -55.6  128.5  111.0 -179.7    nan    nan  1.039   83.1  3.796  5.019  -50.5  -52.6
G   73.9  -26.4  114.7  179.2    nan    nan    nan  115.3  3.805    nan    nan    7.3
E  -51.2  -13.5  112.9  179.8 -165.0    nan  1.045  122.6  3.805    nan    nan  108.2
V  -73.9  -63.4  111.2  179.4  174.5  -63.9  1.073   79.2  3.821  5.642   77.7   98.2
D  -55.9  -35.4  110.0 -179.9  -49.6    nan  1.011  107.0  3.822  5.221   61.4   69.3
L  -58.9  -48.4  110.7  179.8 -171.8    nan  1.044   96.7  3.783  5.324   77.2   91.7
L  -70.2  -21.3  112.2  179.8  -79.1    nan  1.081  100.8  3.828  5.249   50.0   69.8
E  -70.4  -53.1  106.0  178.4 -178.0    nan  0.979   89.6  3.779  5.571   82.4   92.1
E  -50.8  -47.5  109.7  178.9  -77.8    nan  1.008  103.5  3.825  5.274   71.1   81.0
E  -53.8  -57.1  113.1  179.7  -74.8    nan  1.065   93.2  3.811  5.239   71.8   85.6
L  -58.7  -29.5  109.4 -180.0  -69.0    nan  1.030  108.1  3.783  5.145   60.8   72.9
G  -62.6  -28.2  113.9  179.7    nan    nan    nan  103.6  3.783    nan    nan   94.4
H  -78.9  -24.4  110.1  180.0  -55.0    nan  1.012   92.0  3.806    nan    nan   80.3
L  -91.6  -34.9  115.4 -177.9  -41.1    nan  1.065   74.5  3.795  5.242   53.4   74.3
T -164.1 -178.2  110.9 -177.2 -152.2   85.8  1.034  163.3  3.781  4.573  -26.4  -11.5
T -100.8  131.3  108.6  179.7   45.6  -74.9  1.016  111.0  3.801  5.312  -99.8  -93.3
L -106.7  136.0  113.4 -179.1  -51.4    nan  1.065  118.1  3.796  5.822 -153.7 -155.6
T -124.6  144.5  108.0  179.4  -81.0  158.5  0.996  127.6  3.804  5.790 -163.0 -173.1
D   60.4   63.1  109.0  179.0 -168.9    nan  1.014   88.3  3.794  4.663   34.1   14.4
V  -90.4  143.3  109.4 -179.6 -179.8  -59.3  1.016  101.8  3.790  6.106  148.7  153.6
V -131.1  118.8  108.2  179.6 -178.9  -56.7  1.012  121.5  3.788  5.730 -166.1 -170.0
K -102.0  102.3  114.1 -179.4  -77.4    nan  1.064  115.7  3.813  5.948 -160.3 -163.8
G  -88.3  177.3  110.4  179.1    nan    nan    nan   89.3  3.789    nan    nan -170.5
A  -73.0  -15.7  110.4  179.7    nan    nan  1.030  101.0  3.791    nan    nan  -71.8
D -156.6   29.3  109.9 -179.3   69.4    nan  1.024   42.7  3.804  4.890   -5.0   12.1
S -156.8  164.1  111.4 -179.1   71.7    nan  1.040  157.4  3.791  5.266   41.6   54.6
L -155.2  138.2  105.7  180.0 -174.9    nan  0.958  138.8  3.777  5.440 -166.4 -172.4
S -142.7  156.8  105.8  178.6   94.9    nan  0.984  142.7  3.764  5.696  175.1  172.6
A -173.8  162.3  111.0  179.1    nan    nan  1.044  163.5  3.788  5.436  163.0  159.4
I -101.5  128.3  107.4  178.8  -89.6  149.7  1.006  110.7  3.782  5.493 -116.7 -119.2
L -119.8  141.9  111.9 -179.5   35.4    nan  1.072  126.2  3.772  5.793 -171.1 -172.8
P  -61.9  168.9  110.3  179.9  -27.3    nan  0.938   66.2  3.847  5.442  -86.0 -104.7
G  -87.1   46.5  115.7 -179.9    nan    nan    nan  110.4  3.785    nan    nan  -92.9
D  -97.8  -61.4  115.1  179.5   49.8    nan  1.174   64.3  3.815    nan    nan  131.8
I  -80.2  146.2  110.8 -179.7  -13.4   41.7  1.052   93.0  3.822  5.156   36.6   50.2
A  -78.5  156.2  110.5  179.5    nan    nan  1.030   87.5  3.809  5.624 -106.6 -114.4
E  -55.4  -51.3  109.5  179.1 -112.1    nan  1.011   98.1  3.807  5.343  -70.7  -81.9
D  -53.3  -48.5  112.8 -179.5  -79.0    nan  1.078   99.4  3.794  5.209   68.2   83.2
D  -56.1  -49.9  111.3 -179.7  -63.9    nan  1.051   97.4  3.800  5.324   71.6   83.6
I  -61.4  -45.3  110.5  180.0  -63.6  175.6  1.047   96.8  3.802  5.257   62.9   76.6
T  -59.1  -49.1  111.5  179.8  -58.2 -179.6  1.027   95.7  3.798  5.326   71.8   82.7
A  -55.4  -49.1  112.0 -179.1    nan    nan  1.062   98.0  3.801  5.199   69.5   84.0
V  -73.3  -29.7  111.0  179.7  -24.3  102.4  1.109   94.6  3.787  5.273   45.5   66.7
L  -70.3  -28.4  109.6  179.3  -80.0    nan  1.059   98.4  3.797  5.563   73.5   86.2
C  -73.3    1.5  113.0  179.7  -68.3    nan  1.108  107.2  3.783  5.418   64.7   85.2
F  -71.5  -29.6  103.3  175.7  -76.5    nan  0.926   99.7  3.799  5.941  108.8  109.4
V -109.1  -58.1  115.6 -179.2 -153.3  -30.3  1.093   58.7  3.814  5.028   24.2   50.0
I  -99.3 -174.7  113.6 -178.2   70.0  -52.2  1.109   97.1  3.820  4.919   12.7   37.2
E -101.7  148.6  109.2  179.0  -62.8    nan  1.025  109.9  3.820  5.218  -93.5  -89.8
A  -48.2  -39.1  117.2 -178.8    nan    nan  1.133  107.6  3.828  5.444  -75.8  -80.8
D  -72.8    3.9  115.7 -179.5   71.8    nan  1.137  108.8  3.828  5.353   57.7   79.0
Q -102.8    8.7  108.5  178.8  -59.9    nan  0.998   80.1  3.820  5.701   75.0   85.5
I -119.7  125.9  111.8 -179.3  -47.0 -168.4  1.038  123.5  3.800  5.447   55.5   75.6
T -133.0  133.1  109.1  178.6  -56.8 -177.4  1.011  129.9  3.789  5.782  176.3  167.9
F -115.8  133.8  103.5  178.2  -57.0    nan  0.938  116.9  3.789  5.818 -157.3 -167.2
E -131.4  149.6  106.8  178.6   67.8    nan  1.015  132.9  3.793  5.789  179.3 -178.8
T  -76.9  129.8  112.3 -179.4  -45.2 -165.5  1.052   98.0  3.785  5.580 -102.2 -107.1
V -165.7    nan  106.7  178.9  -31.7   91.3  0.993    nan  3.810  5.677  151.5  134.9
