Id   phi    psi    tau  omega    chi    chi2  solid    eta  CA-CA  CB-CB  BA^AB  NA^AC
P    nan  137.2  107.8    nan  134.8    nan  0.997    nan    nan    nan    nan    nan
R -127.2  168.6  113.5 -179.8  -57.0    nan  1.092  131.0  3.827  5.796 -173.1 -169.6
R -112.3  134.1  112.9 -179.9  149.4    nan  1.074  121.5  3.808  5.451 -123.0 -120.0
I  -99.6  138.0  108.5  180.0 -132.7  107.3  1.008  109.5  3.792  5.755 -138.3 -150.2
I -134.9  111.3  109.4  179.3  -65.8  171.6  1.027  118.4  3.794  5.757 -176.2 -179.1
L -110.8  117.5  106.1  179.2  -42.0    nan  0.970  113.2  3.805  5.985 -173.1  176.3
S -117.6  155.8  112.6 -177.7    8.2    nan  1.045  124.2  3.783  5.852 -178.4 -179.5
R   70.4   42.6  112.8  179.7 -102.8    nan  1.083   90.0  3.806  4.750   53.6   35.0
L  -81.5  156.6  108.4  179.2  -55.0    nan  1.011   89.4  3.795  6.100  138.7  141.4
K  -97.4 -164.5  109.6 -180.0  -57.5    nan  1.048   92.1  3.789  5.578 -122.2 -119.6
A  -62.9  127.4  112.4 -179.5    nan    nan  1.060   89.6  3.806  4.985  -45.3  -39.3
G   72.7  -22.1  117.6  178.6    nan    nan    nan  116.3  3.806    nan    nan    3.2
E  -50.8  -26.3  115.1 -179.8  -74.4    nan  1.087  114.9  3.820    nan    nan  113.7
V  -64.1  -59.7  109.7  179.9 -174.9  -52.7  1.032   87.6  3.817  5.586   85.1   95.9
D  -55.2  -43.3  109.8 -179.9  -89.8    nan  1.028  102.9  3.801  5.148   62.5   72.9
L  -57.8  -54.9  111.4 -180.0  160.2    nan  1.048   93.0  3.792  5.317   71.8   85.7
L  -61.9  -33.6  112.7 -179.1  -76.4    nan  1.084  101.8  3.803  5.152   55.1   72.9
E  -61.8  -45.7  105.5  178.7  179.3    nan  0.963   99.3  3.776  5.492   81.9   89.2
E  -61.6  -43.1  111.0 -179.8  179.7    nan  1.028   97.6  3.792  5.167   63.0   78.7
E  -63.8  -44.6  111.2  179.7  -77.5    nan  1.055   94.9  3.820  5.327   63.9   80.3
L  -61.8  -36.9  109.7  179.5  -74.0    nan  1.046  101.5  3.791  5.327   67.4   80.5
G  -58.3  -29.5  113.0  179.4    nan    nan    nan  107.1  3.797    nan    nan   91.1
H  -70.6  -20.7  109.7  179.5  -62.6    nan  1.002  101.4  3.800    nan    nan   86.2
L -104.1  -27.8  116.4 -178.0  -48.6    nan  1.075   65.4  3.789  5.146   42.6   65.9
T -170.8  176.4  113.7 -177.4 -178.1   60.4  1.055  171.6  3.804  4.637  -26.1  -12.8
T  -86.2  136.1  110.0  179.6  -59.9  179.5  1.022  100.8  3.795  5.246  -87.0  -86.0
L -112.1  134.5  106.7  179.3  -94.3    nan  0.983  117.0  3.790  5.739 -151.4 -160.1
T -107.5  -68.2  115.2 -179.0  -59.5  179.6  1.071   60.7  3.805  5.850 -152.8 -151.3
D  -91.1   73.2  111.3 -177.9 -143.1    nan  1.027  110.0  3.801  4.738   16.9   35.2
V  -79.2  121.1  114.7 -178.5 -174.2  -52.0  1.095  104.8  3.787  6.131  170.7  175.5
V -120.0  100.4  106.9  178.7 -155.8  -33.5  1.011  109.8  3.793  5.890 -172.8  174.2
K  -96.4  111.1  106.3  179.7  -69.0    nan  0.982  107.5  3.774  6.027 -169.8 -179.2
G -136.3  111.7  113.8 -179.7    nan    nan    nan  121.8  3.761    nan    nan  155.0
A   35.1  -92.2  117.0  177.9    nan    nan  1.122  103.3  3.804    nan    nan  -48.5
D -102.8   28.3  112.2 -179.0   55.8    nan  1.023   88.8  3.817  4.672  -16.4    2.4
S -157.2  163.4  114.6 -178.2   39.2    nan  1.062  158.3  3.810  5.171   40.2   54.2
L -151.4  143.4  108.4  179.7  173.9    nan  0.974  142.7  3.783  5.434 -162.9 -169.8
S -149.0  150.9  107.6  177.4   66.1    nan  1.015  145.6  3.783  5.627  171.6  170.5
A -164.9  158.2  111.1  179.2    nan    nan  1.052  158.6  3.790  5.491  166.5  163.1
I  -95.8  118.3  104.2  178.5  -61.4  177.9  0.971  105.3  3.769  5.519 -112.5 -119.6
L -118.7  130.7  110.4 -180.0   39.4    nan  1.072  123.0  3.771  5.896  176.9  179.7
P  -57.7  162.3  110.2  179.8  -33.5    nan  0.946   65.1  3.829  5.573  -92.6 -111.8
G  -73.8   55.7  115.3 -179.5    nan    nan    nan  119.7  3.802    nan    nan  -88.8
D  -81.6  -96.1  110.0  179.7  -82.3    nan  1.023   69.4  3.825    nan    nan  153.0
I  -67.0  134.9  110.8 -179.6  -12.0   43.3  1.038   87.5  3.794  4.666   13.7   29.4
A  -61.5  142.4  107.8  178.7    nan    nan  0.996   77.7  3.807  5.671  -97.2 -112.3
E  -51.0  -30.9  113.3 -179.4  -51.2    nan  1.079  112.5  3.784  5.508  -83.7  -90.8
D  -62.5  -39.7  111.0  179.0 -105.6    nan  1.036   98.8  3.819  5.535   80.6   92.6
D  -70.7  -47.3  110.4  179.7  -55.4    nan  1.040   89.0  3.804  5.259   60.9   76.7
I  -53.7  -43.6  110.0  178.9  -65.8  171.5  1.003  103.7  3.812  5.388   76.9   84.9
T  -63.4  -52.6  112.4 -179.0  -50.5 -169.8  1.059   90.1  3.793  5.232   66.2   81.4
A  -50.7  -52.2  113.2 -178.9    nan    nan  1.084   98.4  3.809  5.229   71.6   85.8
V  -69.9  -34.2  113.4  179.8   13.0  136.4  1.160   94.3  3.795  5.235   43.8   67.9
L  -67.1  -28.8  109.1  179.0  -72.4    nan  1.061  101.3  3.810  5.628   74.0   85.0
C  -70.4   -0.4  113.1  179.0  -62.8    nan  1.084  109.5  3.793  5.470   70.0   87.0
F  -68.2  -34.0  104.6  176.7  -89.2    nan  0.935  100.2  3.806  5.902  110.2  112.0
V -104.5  -57.0  115.4 -178.2 -160.0  -36.0  1.053   61.0  3.819  5.024   29.7   51.0
I -102.4  176.8  114.0 -177.6   70.7  -50.3  1.064  103.7  3.813  4.746   14.1   35.1
E  -87.8  152.5  110.1  178.5  -98.7    nan  1.042   97.1  3.808  5.242  -90.7  -87.4
A  -59.6  -47.2  113.5 -178.5    nan    nan  1.073   95.3  3.821  5.446  -80.8  -87.5
D  -50.3  -27.6  116.3 -179.1   54.1    nan  1.112  114.1  3.794  5.275   75.4   91.8
Q  -95.4   26.0  114.1 -179.7   69.2    nan  1.110   95.3  3.813  5.298   43.6   67.6
I -120.0  124.2  105.0  178.6  -60.4  178.1  0.966  117.8  3.790  5.746   81.0   87.0
T -131.0  134.5  110.5 -180.0  -37.9 -157.9  1.030  130.4  3.784  5.836  173.3  173.0
F -114.7  134.4  105.9  178.4  -68.6    nan  0.965  118.1  3.799  5.783 -154.4 -165.3
E -137.4  145.4  109.9 -178.9 -145.8    nan  1.014  137.4  3.794  5.708  178.0  176.5
T  -78.7  135.5  108.2  179.3  -22.0 -142.3  0.990   94.3  3.805  5.643 -107.0 -116.4
V  -82.9  134.8  111.6 -179.8 -174.3  -52.1  1.060   99.9  3.816  5.821 -126.5 -128.1
E  -74.2    nan  111.6 -179.9   35.5    nan  1.050    nan  3.815  5.697 -112.3 -123.4
