Id   phi    psi    tau  omega    chi    chi2  solid    eta  CA-CA  CB-CB  BA^AB  NA^AC
A    nan  104.0  112.3    nan    nan    nan  1.046    nan    nan    nan    nan    nan
D  -81.1  116.4  106.0  178.2  175.1    nan  0.976  100.1  3.820  6.023 -150.3 -163.7
K  -59.4   -0.3  115.3 -179.1  -73.5    nan  1.115  120.5  3.830  5.968 -121.9 -123.9
E -110.9   23.0  110.7  179.2  -70.4    nan  1.049   78.5  3.811  5.485   57.6   74.0
L  -68.5  127.2  106.7  178.6  179.1    nan  0.982   89.5  3.813  6.050  129.1  135.2
K  -79.0  103.8  111.0 -179.2 -176.9    nan  1.022  107.2  3.788  5.788 -126.8 -133.8
F  -88.5  154.0  110.6  178.7  -77.2    nan  1.017   97.5  3.792  6.034 -160.7 -168.7
L -131.2  114.4  101.7  176.5 -178.2    nan  0.939  114.3  3.774  5.586 -155.7 -161.3
V -102.2  112.3  108.3 -179.7  178.2  -59.7  1.005  111.3  3.798  5.982 -165.9 -167.7
V -102.6  127.8  112.0 -178.5 -172.7  -50.1  1.048  115.0  3.790  5.987 -168.2 -170.2
D -171.7  142.7  108.2  179.3 -153.8    nan  1.003  144.6  3.814  5.580  142.3  127.5
D  -84.4  -11.9  111.7  179.2   45.1    nan  1.088   91.1  3.793  5.702 -123.1 -123.1
F -100.9  109.6  105.9  178.7 -173.8    nan  0.981  108.4  3.805  5.505   57.6   71.9
S  -51.3  -47.2  112.8 -179.3   32.7    nan  1.076  101.7  3.808  5.935 -117.1 -123.8
T  -56.2  -34.5  112.5 -179.3  -55.1 -174.9  1.095  106.2  3.801  5.361   69.5   85.3
M  -70.0  -34.8  109.2  179.4 -176.9    nan  1.047   96.0  3.803  5.494   68.5   82.3
R  -70.4  -33.0  110.7  179.5  -61.4    nan  1.041   95.7  3.799  5.432   66.6   81.2
R  -67.9  -46.3  109.1  179.5  174.2    nan  1.026   92.3  3.805  5.411   71.8   85.0
I  -56.0  -53.5  109.2  178.7  -65.8  170.1  1.002   96.5  3.806  5.336   73.4   82.9
V  -57.6  -42.6  112.2 -179.3  175.9  -62.2  1.069  100.2  3.817  5.201   61.5   77.1
R  -56.7  -40.2  109.0  179.0  169.3    nan  1.011  104.1  3.790  5.382   78.0   86.6
N  -69.4  -47.7  112.7 -179.7  -65.9    nan  1.065   88.3  3.808  5.280   60.6   78.2
L  -53.9  -46.8  107.9  179.2  -65.4    nan  1.013  102.8  3.775  5.298   75.5   84.7
L  -61.1  -46.7  110.4  179.0  -74.9    nan  1.045   96.2  3.812  5.327   64.0   78.0
K  -58.1  -36.1  109.9  179.7  173.2    nan  1.022  104.9  3.814  5.344   71.9   81.9
E  -66.4  -37.7  109.6 -179.9 -172.1    nan  1.025   97.4  3.788  5.331   70.0   84.0
L  -84.4    8.4  110.6  179.5  -50.7    nan  1.042   98.4  3.797  5.221   46.2   65.3
G   89.8    5.3  120.3  178.1    nan    nan    nan   87.5  3.806    nan    nan  -92.9
F  -99.4  112.0  107.6  179.3  -60.9    nan  1.007  109.7  3.804    nan    nan   90.5
N -105.0   -5.2  115.1 -178.9  -66.6    nan  1.128   72.8  3.779  5.950 -176.0 -171.9
N  -94.1   87.3  108.1  177.6  -78.0    nan  1.033  107.8  3.806  5.662   70.6   84.8
V -127.6  125.8  110.4 -178.0  179.1  -56.9  1.014  125.5  3.773  5.905  144.9  139.6
E -121.0  147.5  106.6  178.9 -137.1    nan  0.988  124.5  3.799  5.851 -172.6  179.9
E -109.3  162.7  115.8 -177.8  -58.3    nan  1.074  115.9  3.829  5.730 -141.6 -137.9
A -150.3  143.5  106.6  177.6    nan    nan  0.992  141.4  3.822  5.467 -165.9 -170.8
E  -93.4    2.5  118.7 -178.6   55.8    nan  1.197   87.8  3.830  5.777 -137.8 -125.9
D  179.6  177.9  110.2  177.2   51.3    nan  1.068  177.8  3.832  5.095   -5.1    0.3
G  -56.8  -45.1  114.5 -179.3    nan    nan    nan   98.1  3.797    nan    nan  -54.4
V  -65.0  -41.9  112.3 -179.3  172.7  -66.3  1.081   94.9  3.793    nan    nan   79.4
D  -65.2  -50.0  106.5  178.3 -170.2    nan  0.973   94.1  3.789  5.364   70.1   78.2
A  -52.4  -49.0  111.8 -179.8    nan    nan  1.049  100.3  3.819  5.209   69.3   83.9
L  -59.7  -43.4  111.0  179.8 -118.5    nan  1.048   98.8  3.804  5.231   64.7   79.1
N  -61.9  -39.5  112.2  179.1  -74.3    nan  1.076   98.7  3.813  5.353   65.3   81.6
K  -71.2  -38.4  111.9  179.1  -79.4    nan  1.063   91.9  3.807  5.364   61.0   76.8
L  -64.0  -25.8  112.4 -179.7  -72.9    nan  1.055  104.2  3.803  5.370   71.2   85.4
Q  -54.7  -32.7  112.1 -179.9 -129.4    nan  1.034  108.7  3.829  5.583   94.3  105.2
A  -72.0  -10.7  111.9  179.6    nan    nan  1.052  103.7  3.801  5.312   65.3   82.3
G   67.3 -174.8  112.0 -179.9    nan    nan    nan   69.3  3.806    nan    nan -127.2
G   92.0   -5.0  116.5  179.1    nan    nan    nan   90.2  3.786    nan    nan   90.1
Y  -92.2  158.4  111.3 -180.0  -66.4    nan  1.038   99.7  3.816    nan    nan   89.2
G -138.5    3.5  113.8 -180.0    nan    nan    nan   43.1  3.780    nan    nan -158.5
F -167.1  143.3  109.0  179.5 -157.8    nan  1.005  145.6  3.792    nan    nan   17.6
V -131.7  121.6  109.8 -179.9 -174.2  -49.4  0.971  124.3  3.790  5.719 -162.2 -170.1
I -104.3  125.3  100.4  176.5  -62.5  177.3  0.919  106.6  3.794  5.894 -160.3 -169.9
S -134.0  134.9  115.6 -177.3  175.0    nan  1.082  135.3  3.788  5.757  168.7  176.4
D  -74.1  161.1  109.6  178.6  165.6    nan  1.030   81.1  3.771  5.635 -113.8 -125.9
W  -70.9  -80.3  117.0 -178.3 -158.4    nan  1.121   68.4  3.826  5.448  -88.8  -87.4
N  -88.3  127.0  113.9 -179.5   18.7    nan  1.115  107.8  3.814  4.826    3.2   27.4
M -149.8  151.8  107.7 -179.5  -50.9    nan  0.962  146.5  3.793  5.706  170.6  150.3
P  -70.5  165.2  109.2  179.4   30.0    nan  0.918   75.9  3.816  5.361  -91.8  -99.9
N   70.2  -66.2  112.8  179.5  -46.3    nan  1.082  118.0  3.827  4.757   53.0   47.0
M -144.8  117.1  108.6  178.2 -175.5    nan  1.027  122.4  3.816  4.763  -39.7  -21.9
D  -77.2  162.9  112.9 -179.6   60.8    nan  1.107   84.3  3.810  5.970 -138.5 -141.9
G  -48.2  -47.8  115.1 -178.9    nan    nan    nan  102.3  3.794    nan    nan  -65.5
L  -58.4  -41.1  111.7 -178.3 -161.7    nan  1.077  100.8  3.772    nan    nan   84.0
E  -68.2  -39.3  110.5  178.8  -83.2    nan  1.058   94.7  3.800  5.373   61.4   77.5
L  -60.7  -39.2  109.1  178.6  170.8    nan  1.010  101.5  3.822  5.428   75.2   85.3
L  -64.8  -52.8  108.6  179.4  176.1    nan  1.011   91.5  3.809  5.323   68.0   81.6
K  -55.6  -47.9  111.1  179.6  -71.7    nan  1.039   99.2  3.784  5.200   65.1   78.5
T  -61.2  -41.3  111.9 -179.5  -52.3 -172.8  1.054   98.4  3.795  5.256   64.5   79.3
I  -64.1  -44.5  108.8  179.3  -75.0  162.5  1.025   96.2  3.802  5.379   68.7   81.0
R  -63.3  -30.6  113.0 -179.0  -75.3    nan  1.080  102.1  3.793  5.276   62.8   80.4
A  -87.2   -8.9  114.6 -179.7    nan    nan  1.082   89.1  3.799  5.265   50.7   71.4
D  -93.4  130.6  112.7 -179.6  176.7    nan  1.057  109.3  3.802  5.510   66.7   85.7
G  -41.6  -74.6  116.8 -179.6    nan    nan    nan   84.9  3.785    nan    nan  -96.4
A  -58.3  -32.5  116.2 -178.5    nan    nan  1.106  104.0  3.814    nan    nan   61.8
M  -90.1  -25.6  117.6 -177.8  -84.0    nan  1.088   78.4  3.803  5.216   49.2   70.3
S  -35.1  -36.8  118.2 -176.7   56.7    nan  1.174  119.5  3.817  5.649  111.6  128.3
A  -97.8   40.1  113.2 -179.3    nan    nan  1.069   98.5  3.819  5.206   38.9   57.2
L -107.2  123.9  108.7 -178.6 -148.9    nan  1.001  114.8  3.798  5.859  107.0  116.3
P  -62.7  130.3  111.3 -180.0   30.2    nan  0.975   87.2  3.810  5.712 -111.9 -121.8
V -125.1  119.2  108.0 -179.9  175.4  -63.3  0.998  120.1  3.801  5.924 -175.4 -179.1
L -100.9  115.9  105.9  178.2 -179.3    nan  0.966  109.0  3.793  5.926 -157.0 -166.1
M  -86.3  129.1  112.7 -179.5  -61.7    nan  1.046  105.0  3.813  5.988 -149.0 -150.2
V -104.7  113.3  109.7  178.6 -175.1  -54.2  1.049  113.6  3.788  5.830 -154.7 -159.9
T -110.2  160.0  108.8  179.6 -179.3   59.1  1.037  115.4  3.790  5.966 -173.4 -180.0
A  -94.5  -25.1  111.7 -179.2    nan    nan  1.050   76.8  3.804  5.527 -112.8 -111.7
E -125.4  139.8  108.1 -179.4  174.7    nan  0.992  127.3  3.790  4.990   18.7   36.6
A  -85.4   42.6  112.4  179.3    nan    nan  1.063  108.4  3.808  5.757 -125.8 -126.8
K  -79.0  132.7  112.7 -179.9   33.8    nan  1.089   98.6  3.827  6.106  135.3  145.6
K  -49.2  -41.1  116.5 -178.6   51.1    nan  1.129  105.7  3.789  5.588  -87.8 -101.1
E  -58.9  -39.8  111.1 -179.4   24.5    nan  1.101  101.5  3.819  5.499   74.1   88.9
N  -67.3  -60.4  107.1  178.1  -76.0    nan  0.987   87.4  3.793  5.444   71.3   77.9
I  -47.7  -40.3  114.4 -179.5  -52.0 -172.3  1.081  108.4  3.806  5.116   65.9   79.6
I  -73.7  -42.1  111.6 -179.8  -65.7  171.9  1.054   88.4  3.823  5.343   59.5   74.9
A  -61.9  -39.1  109.7 -179.9    nan    nan  1.027  100.3  3.790  5.296   71.3   83.2
A  -65.4  -37.3  111.3  179.9    nan    nan  1.052   97.5  3.810  5.325   65.8   82.3
A  -72.1  -48.7  109.2  179.2    nan    nan  1.019   88.1  3.799  5.313   62.8   77.0
Q  -57.1  -37.4  110.8  179.2  -71.8    nan  1.042  104.5  3.815  5.297   67.5   80.5
A  -71.4  -17.6  114.2 -179.9    nan    nan  1.080  100.7  3.803  5.266   61.2   79.4
G  100.0   30.5  116.4  180.0    nan    nan    nan   68.2  3.804    nan    nan -104.3
A  -75.4  151.3  109.6  179.5    nan    nan  1.011   86.3  3.817    nan    nan  136.3
S  -82.9   -7.2  111.6  179.1  -51.6    nan  1.041   94.4  3.778  5.515 -110.2 -112.0
G  166.0 -167.7  107.8 -179.8    nan    nan    nan  164.6  3.788    nan    nan  -22.6
Y -161.3  154.0  105.0  178.9   80.7    nan  0.975  152.6  3.770    nan    nan -144.7
V -147.0  139.6  104.4  179.7   65.6 -170.4  0.986  136.6  3.775  5.600 -173.1 -174.2
V  -94.7  134.8  108.7 -179.4 -175.3  -53.3  0.999  106.5  3.790  5.822 -129.8 -135.0
K  -96.3  150.9  109.2  179.7   58.0    nan  1.018  104.7  3.775  5.733 -139.1 -143.6
P  -77.4  148.9  110.6   -0.1   36.2    nan  0.950   89.5  2.883  4.699   66.9   39.9
F -129.5  153.8  110.8 -179.1   49.9    nan  1.047  133.7  3.790  5.729 -167.6 -160.3
T  -87.5  173.0  110.7 -179.8   49.6  -70.5  1.025   90.0  3.767  5.548 -109.4 -113.3
A  -63.1  -38.9  108.3  179.1    nan    nan  0.992  100.2  3.785  5.077  -64.4  -69.1
A  -61.0  -56.2  109.7  179.7    nan    nan  1.028   91.4  3.815  5.301   70.6   85.7
T  -52.1  -48.6  109.4  179.2  -58.3 -178.8  0.997  102.1  3.812  5.245   70.6   78.2
L  -54.9  -55.0  108.9  179.2  176.9    nan  0.999   96.4  3.794  5.230   73.0   82.2
E  -54.9  -36.3  113.2 -179.1 -176.7    nan  1.066  105.8  3.801  5.114   62.8   78.5
E  -65.9  -54.6  108.1  178.8  -71.2    nan  1.016   90.4  3.800  5.434   71.7   83.8
K  -52.2  -45.8  111.8  180.0  -62.3    nan  1.025  102.5  3.799  5.197   69.7   80.2
L  -64.5  -46.6  111.6 -179.5 -115.0    nan  1.061   93.1  3.797  5.198   60.5   78.2
N  -55.9  -46.7  111.2  179.6  -85.5    nan  1.058   99.6  3.818  5.365   71.3   84.6
K  -62.6  -41.9  112.5  179.3  158.4    nan  1.074   96.6  3.799  5.293   63.3   78.4
I  -65.9  -39.1  109.6  179.9  -65.5  172.2  1.059   97.1  3.808  5.359   64.0   79.6
F  -65.1  -37.1  108.3  178.4  -70.4    nan  1.000   99.4  3.823  5.495   71.0   80.8
E  -61.4  -50.0  111.4 -179.6 -167.0    nan  1.038   93.6  3.793  5.310   74.0   88.0
K  -66.7   -0.2  113.9  179.9  -66.5    nan  1.091  113.2  3.812  5.216   53.4   72.3
L -130.1    2.7  109.4  179.4  -47.5    nan  1.015   50.9  3.812  5.308   39.8   55.1
G   48.3   39.2  113.5 -179.5    nan    nan    nan  109.1  3.802    nan    nan -132.4
M -109.4    nan  114.9 -178.4   56.4    nan  1.094    nan  3.806    nan    nan  115.1
