Id   phi    psi    tau  omega    chi    chi2  solid    eta  CA-CA  CB-CB  BA^AB  NA^AC
P    nan  173.8  107.2    nan  168.7    nan  0.993    nan    nan    nan    nan    nan
R -129.1  163.4  110.4  179.9  -89.6    nan  1.034  132.9  3.821  5.482 -137.8 -130.9
R -136.1  137.0  109.2  179.8  146.1    nan  1.022  133.1  3.808  5.520 -151.5 -152.2
I -110.9  138.4  109.4 -179.2 -168.1   68.1  1.041  118.3  3.791  5.802 -152.4 -155.1
I -131.3  116.6  108.8 -179.6  -52.2 -173.9  0.993  120.8  3.794  5.771 -166.4 -175.5
L -108.1  127.0  106.3  179.3  -52.3    nan  0.967  113.6  3.801  5.927 -166.3 -176.0
S -115.8  167.7  111.9 -178.1  -33.1    nan  1.019  119.8  3.788  5.815 -166.3 -168.4
R   51.3   32.1  116.7  177.7  -78.4    nan  1.103  110.1  3.819  4.613   42.5   30.2
L  -73.2  147.7  110.8 -179.7  -48.2    nan  1.010   86.4  3.813  6.066  137.7  140.9
K  -76.4  177.6  109.9  178.3  -96.4    nan  1.019   77.2  3.806  5.581 -105.5 -111.5
A  -63.8  130.0  109.0  179.6    nan    nan  1.017   86.6  3.814  5.118  -62.4  -63.2
G   76.7  -23.4  113.3 -179.5    nan    nan    nan  111.4  3.798    nan    nan   13.5
E  -57.7  -23.7  110.2  179.5 -156.0    nan  1.042  111.9  3.816    nan    nan  103.9
V  -69.9  -53.9  110.0  178.6   56.3  179.3  1.080   86.7  3.823  5.601   72.0   91.2
D  -55.7  -48.1  110.8  178.5  -80.4    nan  1.021   99.1  3.828  5.361   69.4   76.8
L  -49.9  -51.3  111.6  179.7  176.5    nan  1.033  100.6  3.805  5.254   77.7   88.6
L  -68.0  -22.6  113.1 -178.7  -61.1    nan  1.090  101.9  3.789  5.095   50.1   70.9
E  -68.9  -52.9  107.4  178.7 -179.3    nan  1.002   89.7  3.784  5.623   82.3   93.2
E  -61.8  -35.5  109.6  179.8   87.7    nan  1.054  102.3  3.800  5.215   57.2   72.1
E  -60.5  -43.0  109.0  178.8  -93.7    nan  1.037   99.6  3.793  5.478   77.2   88.9
L  -69.7  -26.6  110.3  178.6  -79.9    nan  1.037   99.4  3.787  5.275   58.8   73.5
G  -68.4   -7.9  114.4  179.9    nan    nan    nan  108.2  3.804    nan    nan   92.1
H  -94.1  -28.1  111.0  179.3  -61.6    nan  1.010   76.6  3.799    nan    nan   84.2
L  -91.9  -34.8  114.6 -178.2  -56.0    nan  1.079   74.6  3.797  5.188   47.9   70.4
T -159.5 -171.2  109.1 -178.1 -176.4   61.9  1.017  155.3  3.790  4.684  -21.3   -7.2
T -113.6  130.4  109.9  179.6   90.7  -29.3  1.014  119.8  3.791  5.240 -106.5  -97.2
L  -95.2  142.1  110.3 -179.3  -38.7    nan  1.014  106.5  3.794  5.803 -139.6 -147.8
T -106.2  -73.3  114.4 -179.5  -29.2 -150.5  1.057   62.6  3.819  5.768 -143.1 -143.3
D  -85.5   77.0  110.7 -178.2 -141.5    nan  1.018  111.1  3.807  4.688   18.1   35.2
V  -84.4  117.0  114.1 -178.5 -150.1  -27.3  1.092  108.5  3.799  6.157  169.0  173.9
V -116.3  124.7  105.7  178.8 -147.3  -24.1  0.974  116.9  3.801  5.961 -170.3  174.0
K -111.4  100.4  111.9 -180.0  -67.8    nan  1.052  114.0  3.778  5.864 -166.8 -166.4
G  -84.7  170.2  105.9  177.9    nan    nan    nan   87.4  3.768    nan    nan -170.3
A  -67.7  -14.8  112.4  179.7    nan    nan  1.065  106.1  3.800    nan    nan  -74.2
D -150.5   22.5  109.8 -179.9   69.9    nan  1.015   42.2  3.814  4.947    3.8   20.0
S -145.6  164.0  110.5 -179.1   59.6    nan  1.008  147.9  3.793  5.311   45.9   60.5
L -154.1  136.1  106.5  178.6  175.9    nan  0.976  137.3  3.777  5.457 -169.1 -171.7
S -141.8  145.4  107.1  178.3   63.6    nan  1.000  138.6  3.778  5.714  174.0  171.5
A -158.6  163.6  110.3  179.0    nan    nan  1.048  158.3  3.774  5.538  166.0  164.1
I -100.1  133.7  107.4  179.2  -68.6  171.6  0.986  109.5  3.768  5.448 -112.1 -115.6
L -124.6  133.7  110.9 -178.3  -48.1    nan  1.021  127.2  3.773  5.741 -168.0 -171.6
P  -71.3 -177.8  109.2  179.6   30.2    nan  0.938   70.6  3.825  5.614 -108.9 -121.8
G  -81.2   57.4  114.5  179.9    nan    nan    nan  115.3  3.798    nan    nan  -71.9
D  -93.9 -111.7  111.1  179.4  -76.8    nan  1.050   72.0  3.821    nan    nan  143.4
I  -59.4  132.7  112.6 -179.3   -8.6   44.9  1.039   84.1  3.813  4.684   10.2   22.7
A  -62.3  145.5  108.7  179.2    nan    nan  1.013   77.1  3.807  5.673 -101.6 -115.8
E  -44.4  -41.1  115.3 -178.9  -43.8    nan  1.111  110.0  3.796  5.438  -74.2  -81.2
D  -59.1  -43.3  112.7 -179.6  -75.0    nan  1.067   98.5  3.817  5.444   75.2   88.6
D  -62.9  -46.9  110.6 -179.8  -62.1    nan  1.055   94.7  3.802  5.290   66.8   81.6
I  -57.4  -45.5  108.6  178.4  -54.1 -178.2  0.984  100.7  3.816  5.417   74.2   81.1
T  -64.9  -42.0  112.2 -179.4  -54.7 -174.7  1.053   95.0  3.810  5.176   61.8   77.4
A  -58.9  -47.8  110.9 -179.3    nan    nan  1.045   96.9  3.812  5.335   73.0   86.9
V  -72.1  -40.7  112.2 -179.8  -53.9   68.5  1.098   89.9  3.793  5.234   48.8   69.1
L  -62.9  -28.8  111.0  179.9  -95.4    nan  1.075  104.2  3.801  5.433   70.4   84.0
C  -69.0   -3.4  113.4  179.0  -71.9    nan  1.114  109.7  3.793  5.489   69.1   88.9
F  -68.5  -18.8  105.5  176.0  -74.9    nan  0.951  105.5  3.784  5.880  106.8  108.5
V -122.0  -57.5  114.0 -179.4 -172.8  -49.6  1.045   54.8  3.831  5.130   25.3   47.3
I  -99.3  169.9  112.0 -178.2   57.3  -65.3  1.053  103.0  3.803  4.768   16.6   36.3
E  -91.1  158.9  108.6  179.3  -53.6    nan  1.015   97.6  3.801  5.393  -99.3  -98.5
A  -58.2  -32.4  112.6 -179.9    nan    nan  1.075  105.7  3.812  5.398  -75.9  -79.1
D  -65.5  -12.0  113.4 -179.6   80.7    nan  1.084  109.4  3.816  5.478   73.2   90.1
Q  -93.3   -8.1  112.3 -179.6  -65.5    nan  1.054   83.7  3.817  5.527   64.1   82.5
I -104.6  143.1  110.1 -178.9  -44.3 -166.1  1.010  113.7  3.800  5.447   58.4   74.7
T -154.0  136.0  108.8  178.7  -88.7  151.0  1.033  138.1  3.800  5.614  169.0  164.4
F -109.4  153.7  108.2  179.7  -65.2    nan  1.022  115.4  3.792  5.795 -150.1 -155.9
E -151.6  142.9  109.5 -178.1 -166.1    nan  0.986  142.9  3.796  5.536 -172.0 -178.6
T  -81.5  165.0  109.5 -180.0  -24.3 -144.7  1.010   86.7  3.805  5.741 -115.3 -120.3
V -153.9  133.5  107.5  179.1   26.2  150.9  1.042  135.5  3.787  5.469 -171.7 -169.6
E  -93.5  156.2  112.3 -179.4   58.5    nan  1.071  102.0  3.824  5.884 -136.1 -140.6
V  -88.8    nan  111.7 -179.8   21.4  -65.2  1.055    nan  3.817  5.542 -109.0 -112.7
