Id   phi    psi    tau  omega    chi    chi2  solid    eta  CA-CA  CB-CB  BA^AB  NA^AC
A    nan  112.8  109.5    nan    nan    nan  1.013    nan    nan    nan    nan    nan
D  -77.0  120.5  109.8  179.7 -160.9    nan  1.031   99.8  3.815  5.981 -140.2 -147.7
K  -57.9  -17.4  114.8 -179.5 -106.1    nan  1.092  113.6  3.828  5.851 -111.7 -120.8
E  -92.7    6.3  111.0 -179.8  -62.4    nan  1.019   89.6  3.822  5.454   61.6   77.3
L  -55.2  131.5  108.7 -179.2 -147.6    nan  1.013   79.6  3.804  5.897  123.9  134.4
K  -88.9  116.1  110.4 -179.1 -151.6    nan  1.023  107.7  3.793  5.798 -132.5 -139.7
F -101.9  147.6  111.1  179.8  -73.0    nan  1.000  111.3  3.795  5.945 -159.4 -168.9
L -122.5  113.9  103.6  176.6  179.2    nan  0.957  113.5  3.790  5.659 -155.1 -159.1
V -100.2  122.1  106.4 -179.7 -150.9  -28.9  1.005  109.3  3.790  5.979 -165.0 -167.2
V -117.0  121.4  112.0 -178.2 -170.3  -46.9  1.033  121.4  3.803  5.936 -170.6 -174.3
D -168.3  140.1  108.6  178.8 -161.8    nan  1.017  142.4  3.835  5.626  136.5  124.9
D  -73.6  -19.2  112.3  178.9   43.3    nan  1.111   98.5  3.804  5.723 -114.1 -115.7
F  -92.9  110.2  108.0  179.6 -173.1    nan  1.000  107.9  3.812  5.487   60.7   74.0
S  -56.4  -39.2  113.2 -179.5   18.8    nan  1.079  102.8  3.797  5.927 -121.9 -128.9
T  -64.3  -44.6  111.7 -179.3  -32.6 -152.7  1.084   94.3  3.792  5.419   68.2   85.1
M  -58.2  -42.5  108.7  180.0 -165.7    nan  1.022  101.8  3.801  5.401   74.3   84.0
R  -60.5  -42.3  112.1  178.8 -107.9    nan  1.016   98.3  3.808  5.305   71.1   82.7
R  -69.3  -33.1  110.6  179.8  -62.9    nan  1.075   96.7  3.788  5.185   55.9   76.3
I  -65.0  -49.0  109.2  178.6  -67.0  171.1  1.037   93.0  3.808  5.528   73.2   87.0
V  -58.0  -36.4  109.1  179.1 -163.8  -42.6  1.017  105.2  3.809  5.369   69.0   78.9
R  -62.9  -42.9  109.7 -179.5 -178.7    nan  1.050   97.5  3.795  5.387   72.4   87.2
N  -67.0  -41.8  111.2  179.6  -89.2    nan  1.044   93.9  3.806  5.343   63.3   77.3
L  -64.0  -40.8  108.7  179.7  -57.3    nan  1.060   98.2  3.790  5.337   65.0   80.9
L  -63.1  -37.9  109.5  178.9  -84.5    nan  1.023  100.1  3.815  5.450   70.4   81.6
K  -58.6  -59.0  110.4  179.5 -172.2    nan  1.012   90.7  3.786  5.337   78.0   89.0
E  -64.5  -23.4  113.4 -178.7   57.7    nan  1.142  104.7  3.767  5.052   42.8   67.2
L  -76.5   -8.3  108.8  178.1  -59.6    nan  1.030  100.7  3.796  5.619   73.9   85.3
G  106.8  -10.8  117.9  178.3    nan    nan    nan   78.5  3.792    nan    nan  -90.9
F  -92.2  115.2  109.0 -180.0  -51.2    nan  1.022  108.1  3.811    nan    nan   83.7
N -105.8   -4.3  114.6 -178.9  -66.6    nan  1.091   72.4  3.794  5.948 -169.9 -170.4
N  -96.2   85.4  109.3 -179.9 -153.0    nan  1.017  108.6  3.812  5.546   70.0   85.3
V -131.0  131.4  112.7 -177.6 -178.3  -55.5  1.034  130.7  3.823  5.921  135.7  135.1
E -126.5  135.6  107.8  179.8 -139.2    nan  0.992  126.6  3.828  5.798 -171.6 -179.7
E -104.6  156.5  117.9 -178.4   41.7    nan  1.157  114.4  3.828  5.852 -154.8 -145.6
A -137.9  153.8  108.1 -179.7    nan    nan  1.005  139.2  3.824  5.537 -152.5 -165.3
E  -85.6  -27.1  117.1 -178.1  -73.1    nan  1.118   82.0  3.816  5.547 -112.1 -109.4
D -165.2 -170.6  111.8 -179.9   55.3    nan  1.041  159.8  3.835  4.789  -21.1   -7.1
G  -56.0  -60.4  113.4  178.9    nan    nan    nan   89.4  3.810    nan    nan  -40.6
V  -47.9  -57.7  111.6 -179.6  140.4  -97.2  1.051   97.3  3.824    nan    nan   80.8
D  -52.3  -47.5  110.4  179.5 -171.4    nan  1.022  102.1  3.806  5.174   67.9   77.6
A  -56.2  -52.5  110.1 -178.9    nan    nan  1.029   96.4  3.801  5.253   70.8   84.1
L  -56.2  -47.3  113.5 -179.7  -75.3    nan  1.079   97.7  3.791  5.157   63.2   79.6
N  -55.1  -39.7  110.0  178.8  -80.1    nan  1.032  105.1  3.800  5.376   73.8   84.4
K  -75.0  -36.6  111.9  179.8 -102.8    nan  1.048   89.6  3.816  5.275   56.4   72.9
L  -64.0  -33.9  111.5 -179.8  -72.2    nan  1.045  100.4  3.786  5.364   72.8   86.8
Q  -58.0  -30.0  114.9 -179.2  -68.5    nan  1.127  106.3  3.791  5.410   76.2   96.2
A  -65.5  -31.3  110.1  178.8    nan    nan  1.023  101.1  3.813  5.553   80.2   90.5
G   91.4 -179.5  115.4  179.4    nan    nan    nan   91.6  3.795    nan    nan -125.4
G   93.8  -13.1  114.6  179.6    nan    nan    nan   91.8  3.784    nan    nan   87.2
Y  -76.8  147.8  113.5 -179.5  -67.0    nan  1.077   90.7  3.805    nan    nan   97.5
G -127.0  -15.5  113.1 -179.6    nan    nan    nan   48.4  3.777    nan    nan -159.4
F -152.0  144.4  110.2  179.8 -156.6    nan  1.021  144.3  3.779    nan    nan   17.7
V -130.9  128.5  109.9  179.7  159.2  -76.6  0.982  127.5  3.799  5.727 -161.0 -168.4
I -114.7  127.9  100.8  177.2  -61.9  175.7  0.942  113.0  3.772  5.799 -165.5 -172.5
S -138.1  139.6  115.3 -176.8  170.6    nan  1.067  138.7  3.782  5.754  170.7  173.6
D  -76.7  161.0  108.8  178.0  166.3    nan  1.003   83.3  3.773  5.582 -110.9 -124.1
W  -75.1  -70.3  114.4 -179.6 -160.2    nan  1.097   73.2  3.809  5.486  -95.9  -91.8
N  -87.9  117.2  116.0 -178.7  -35.4    nan  1.103  111.9  3.846  4.887   14.4   36.8
M -146.4  145.8  107.7  180.0  -57.2    nan  0.980  141.6  3.809  5.773  160.8  142.5
P  -69.2  165.8  108.8  179.7   32.0    nan  0.920   74.3  3.809  5.451  -95.3 -104.7
N   69.8  -46.9  114.5  179.8  -48.8    nan  1.113  121.3  3.818  4.755   51.8   47.1
M -165.7  112.1  110.6  177.8  175.4    nan  1.056  116.4  3.842  4.852  -42.6  -27.3
D  -70.9  165.3  112.8  179.7   57.3    nan  1.100   77.1  3.807  5.966 -134.7 -142.5
G  -52.6  -46.5  114.0 -179.7    nan    nan    nan  100.6  3.797    nan    nan  -67.0
L  -55.1  -47.6  112.4 -179.9 -169.3    nan  1.072   98.9  3.794    nan    nan   86.7
E  -65.7  -38.7  111.3  178.9  -87.3    nan  1.064   96.5  3.813  5.291   59.0   74.3
L  -62.4  -44.5  108.1  179.1  167.1    nan  0.994   97.9  3.812  5.425   75.2   84.5
L  -59.9  -51.2  108.5  179.0  170.5    nan  0.993   95.7  3.795  5.244   69.5   80.7
K  -56.9  -40.9  111.5 -179.9  -70.0    nan  1.060  102.3  3.794  5.170   62.9   79.1
T  -63.9  -55.5  109.2  179.9  -82.9  155.7  1.011   90.3  3.786  5.388   71.4   82.0
I  -52.5  -47.2  111.1 -179.6  -61.5  175.8  1.014  101.8  3.812  5.225   72.0   79.6
R  -60.6  -32.2  111.7 -179.5  -75.5    nan  1.030  104.1  3.787  5.161   68.3   80.3
A  -91.4    2.8  115.1 -178.3    nan    nan  1.083   89.8  3.781  5.090   43.9   66.8
D -111.4  139.5  110.1 -179.6  175.1    nan  1.017  119.1  3.796  5.483   60.8   78.1
G  -63.9  161.6  108.5  178.9    nan    nan    nan   70.9  3.788    nan    nan -108.2
A   72.4  -73.3  111.3 -179.3    nan    nan  1.061  114.8  3.821    nan    nan   45.8
M  -58.6  -33.1  112.0  179.8 -109.2    nan  1.038  105.2  3.813  5.010   46.4   58.1
S  -32.3  -34.4  118.0 -179.6 -174.5    nan  1.107  123.7  3.796  5.487  107.4  120.3
A  -84.7  -23.3  115.4 -178.6    nan    nan  1.096   85.2  3.823  5.249   50.6   72.9
L  -41.2  128.3  116.8 -179.3  -88.3    nan  1.084   76.5  3.811  5.675  111.7  121.9
P  -72.8  139.6  107.4  179.2  -25.8    nan  0.901   87.7  3.815  5.601 -111.3 -131.7
V -132.6  113.4  110.3  179.6 -163.3  -40.7  1.031  120.2  3.802  5.817  178.8 -173.7
L  -94.9  121.4  104.4  178.5  174.5    nan  0.966  104.9  3.764  5.922 -156.3 -166.7
M  -92.0  131.8  111.7 -179.2  -66.5    nan  1.023  107.4  3.810  5.957 -146.8 -150.4
V -105.7  126.8  107.8  178.9 -174.1  -52.8  1.016  113.4  3.756  5.796 -152.4 -157.6
T -123.1  157.4  107.7  178.5    8.4 -110.0  1.002  127.0  3.808  5.907 -172.8 -179.2
A  -81.6  -17.9  110.3  179.5    nan    nan  1.038   91.9  3.786  5.442 -102.5 -103.5
E -154.3  151.9  112.1  179.7   66.0    nan  1.053  150.7  3.805  4.890   -6.1   12.8
A  -81.0   56.3  111.6  180.0    nan    nan  1.055  112.9  3.817  5.530 -105.4 -110.9
K  -75.6  119.3  107.6 -179.7 -157.7    nan  0.981   97.6  3.801  6.131  161.9  159.8
K  -36.1  -57.3  115.1  179.9 -161.4    nan  1.087  103.1  3.811  5.710  -91.3 -102.0
E  -59.7  -32.2  114.4 -179.0   29.7    nan  1.122  103.7  3.838  5.217   54.7   74.3
N  -65.9  -56.5  106.8  178.8  -74.4    nan  0.979   90.3  3.795  5.556   82.0   87.3
I  -51.1  -52.3  110.7 -179.7  -51.6 -171.5  1.024   99.6  3.801  5.129   68.8   79.1
I  -59.9  -46.1  111.3 -179.6  -59.0  179.8  1.054   97.0  3.797  5.179   61.5   76.0
A  -60.6  -45.9  110.4  179.9    nan    nan  1.030   97.1  3.795  5.285   68.4   80.6
A  -57.4  -47.0  110.3 -179.7    nan    nan  1.023   98.8  3.799  5.263   71.3   83.8
A  -62.6  -53.9  109.4 -179.7    nan    nan  1.028   91.9  3.793  5.211   63.4   77.8
Q  -56.7  -29.4  113.3 -179.3  -80.6    nan  1.097  108.4  3.787  5.188   60.5   78.0
A  -78.7  -19.2  113.6  179.9    nan    nan  1.075   93.2  3.803  5.371   62.2   80.1
G  116.2    8.7  117.0  178.5    nan    nan    nan   60.2  3.809    nan    nan  -91.4
A  -58.8  143.4  112.0 -179.6    nan    nan  1.042   77.0  3.799    nan    nan  133.2
S  -81.6  -21.3  109.5  178.8  -49.6    nan  1.010   90.9  3.786  5.624 -113.0 -121.4
G  178.4  179.6  108.3 -179.9    nan    nan    nan  178.3  3.764    nan    nan  -21.8
Y -146.8  154.7  108.0  179.8   84.1    nan  1.018  146.0  3.767    nan    nan -143.3
V -149.6  140.4  105.6  179.4   60.2 -176.7  1.016  138.7  3.780  5.607 -174.5 -177.0
V  -92.5  138.6  107.3 -179.4 -147.0  -25.4  0.989  103.3  3.774  5.747 -123.8 -133.7
K -104.5  147.2  107.2  179.3   59.7    nan  1.010  111.4  3.766  5.730 -144.2 -148.8
P  -72.8  159.2  110.8    0.0   37.4    nan  0.940   81.0  2.899  4.860   78.5   43.3
F -145.7  143.1  113.0  179.7   56.2    nan  1.083  142.5  3.799  5.612 -177.1 -165.7
T  -77.7  164.0  111.0 -179.4   88.0  -31.2  1.016   83.8  3.780  5.574 -104.8 -117.8
A  -60.2  -33.1  108.2  179.1    nan    nan  1.000  105.6  3.794  5.241  -70.7  -77.2
A  -58.2  -55.7  108.6  179.6    nan    nan  1.006   94.2  3.793  5.413   81.3   93.5
T  -56.4  -46.3  110.3 -179.8  -55.1 -175.7  1.013  100.0  3.803  5.190   65.2   75.3
L  -58.3  -41.9  110.7 -179.9 -178.1    nan  1.041  101.0  3.773  5.228   70.3   82.7
E  -62.6  -47.5  111.8 -178.9 -173.6    nan  1.042   93.9  3.796  5.293   69.1   83.8
E  -60.1  -38.3  110.7  179.9  -55.7    nan  1.050  101.6  3.787  5.227   64.5   80.0
K  -69.4  -43.6  109.1  179.2  -63.2    nan  1.016   92.5  3.788  5.374   64.9   78.7
L  -60.4  -52.8  112.1 -179.9  -76.5    nan  1.065   92.2  3.788  5.294   67.4   83.3
N  -54.2  -48.2  112.8 -179.7  -68.5    nan  1.073   99.0  3.802  5.274   68.4   81.8
K  -57.8  -41.6  111.1  179.8 -143.3    nan  1.070  101.3  3.798  5.340   68.8   82.0
I  -65.3  -39.6  108.9  179.4  -61.7  177.4  1.063   97.7  3.770  5.359   64.8   79.7
F  -62.8  -39.8  112.0  179.4  -66.2    nan  1.060   97.9  3.822  5.470   70.3   84.0
E  -63.6  -56.3  109.8  179.4  -96.4    nan  1.016   89.7  3.804  5.395   72.9   83.3
K  -51.1  -31.4  112.6 -179.6  -61.3    nan  1.047  112.3  3.792  5.141   69.0   80.7
L -106.4   -0.8  112.2 -179.5  -53.2    nan  1.070   73.4  3.783  5.064   28.2   52.3
G   56.9   88.0  112.6 -179.8    nan    nan    nan   72.4  3.798    nan    nan -127.7
M -142.4    nan  113.1 -179.5  -60.6    nan  1.065    nan  3.810    nan    nan  123.7
