Id   phi    psi    tau  omega    chi    chi2  solid    eta  CA-CA  CB-CB  BA^AB  NA^AC
Q    nan  -48.3  110.0    nan  -68.9    nan  1.113    nan    nan    nan    nan    nan
D  -66.0  -31.5  114.1  177.6  -71.2    nan  1.116   98.8  3.819  5.538   57.0   72.7
L  -74.3  -32.8  111.1  178.4  -73.8    nan  1.071   92.2  3.796  5.500   69.6   81.3
A  -62.0  -40.2  110.5  171.3    nan    nan  1.038   99.2  3.809  5.427   74.3   84.6
R  -60.9  -26.2  110.8  175.8  -44.6    nan  1.128  107.4  3.832  5.530   62.4   82.2
I  -80.8  -33.2  112.3  170.7  -57.8 -179.2  1.119   85.9  3.766  5.567   61.6   74.1
E  -68.4  -40.7  108.2  178.7 -126.0    nan  1.084   95.1  3.785  5.615   71.4   84.4
Q  -58.8  -39.0  112.1  174.1  -52.2    nan  1.117  101.5  3.809  5.523   70.7   82.6
F  -66.1  -44.1  111.5  177.9  155.5    nan  1.145   93.3  3.802  5.446   60.9   81.2
L  -67.7  -37.6  108.2 -172.0  -89.6    nan  1.015   97.1  3.801  5.475   69.0   82.0
D  -54.0  -53.3  111.7  174.7  -81.5    nan  1.018   96.3  3.804  5.436   83.1   89.6
A  -66.0  -38.2  108.9  175.6    nan    nan  1.094   97.8  3.773  5.108   49.7   65.9
L  -58.4  -58.0  107.7  175.3  -97.3    nan  1.063   93.4  3.792  5.597   76.2   85.6
W  -53.4  -36.1  112.4 -179.4 -179.5    nan  1.068  107.6  3.832  5.278   64.3   76.5
L  -50.1  -39.7  117.2  172.6  -77.0    nan  1.157  105.6  3.803  5.636   80.3   95.7
E  -80.4   26.1  119.4 -171.2  -79.9    nan  1.212  111.2  3.832  5.131   50.3   80.9
K   48.6   42.0  110.1 -179.8 -115.6    nan  1.131  108.6  3.820  5.936 -109.5 -110.4
N -121.5  165.7  109.8 -165.4 -138.0    nan  0.974  125.3  3.754  5.635  109.1  111.4
L   61.2 -135.9  114.4  171.9  -75.3    nan  1.110   84.6  3.793  4.541   40.5   34.5
A -174.7  152.7  107.8 -172.5    nan    nan  1.024  153.8  3.815  4.958 -126.0 -118.7
E  -62.6  -29.3  110.8 -177.0  -78.6    nan  1.109  104.3  3.811  5.664  -88.6  -87.9
N  -49.4  -76.3  111.5  163.4  -56.3    nan  0.979   83.3  3.773  5.673   97.1   93.2
T  -55.5  -32.2  109.5 -175.6  134.3   10.2  1.168  109.4  3.781  4.725   36.4   62.0
L  -62.1  -39.3  115.9  170.7  -84.3    nan  1.115   96.8  3.815  5.663   73.3   85.6
N  -86.9  -30.0  107.0 -173.3  148.3    nan  1.055   84.3  3.807  5.227   46.1   67.6
A  -61.1  -40.9  109.7  167.8    nan    nan  1.107   99.9  3.770  5.591   69.0   85.5
Y  -65.3  -41.5  113.7  168.0  -67.7    nan  1.093   94.1  3.813  5.632   60.5   72.5
R  -58.0  -50.0  109.1 -176.2 -172.5    nan  1.034   97.4  3.821  5.557   84.0   91.0
R  -44.2  -65.4  113.5  174.5 -161.6    nan  1.006   92.6  3.765  4.966   79.0   87.2
D  -59.0  -41.4  113.4 -177.0  -69.9    nan  1.075   99.3  3.794  4.996   44.4   68.8
L  -72.7  -35.2  112.3 -178.8  -55.0    nan  1.101   92.0  3.809  5.224   53.7   75.8
S  -71.3  -37.2  112.8  177.6  -51.5    nan  1.026   91.9  3.830  5.493   65.6   79.5
M  -60.2  -53.3  109.1  167.5  173.7    nan  1.072   94.1  3.802  5.518   67.2   80.0
M  -46.7  -44.2  116.0  171.6 -179.2    nan  1.154  105.6  3.812  5.365   67.4   80.7
V  -77.1  -28.7  112.2  176.6  -15.1  115.4  1.239   91.1  3.823  5.483   38.0   66.5
E  -55.8  -57.4  107.3  172.7 -150.0    nan  0.958   95.5  3.814  5.834  102.0   94.9
W  -49.2  -53.5  111.1 -178.3 -173.3    nan  1.027   99.8  3.767  4.921   68.1   81.1
L  -65.1  -44.8  112.0 -178.8  -74.1    nan  1.028   93.4  3.774  5.086   56.2   71.2
H  -63.2  -43.5  110.6 -176.3  -85.1    nan  1.077   96.4  3.789  5.174   61.8   82.9
H  -49.7  -43.5  111.4  167.5  -61.3    nan  1.063  106.1  3.799  5.537   74.5   83.3
R  -79.2    7.8  114.4  179.1  -38.8    nan  1.140  103.9  3.848  5.292   44.8   66.3
G  100.7  -48.4  111.4  179.0    nan    nan    nan   98.4  3.838    nan    nan  -79.0
L  -38.6  165.8  119.6  171.6  -61.1    nan  1.132   47.0  3.794    nan    nan   92.0
T -148.5  173.7  114.5 -172.9 -149.7   87.8  1.076  150.6  3.781  5.358 -155.4 -163.4
L  -61.3  -42.1  107.4  178.6  -88.2    nan  1.088  100.4  3.812  5.496  -69.1  -65.6
A  -60.3  -33.9  114.7 -179.4    nan    nan  1.063  102.0  3.793  5.469   76.9   84.6
T -116.9  -14.0  113.5 -167.5   51.7  -70.7  1.010   58.3  3.822  4.892   33.3   50.0
A  -52.9  135.8  107.2 -177.7    nan    nan  1.040   74.5  3.768  5.631  109.0  118.8
Q -104.5  169.6  112.5  179.0  -69.3    nan  1.059  108.3  3.813  5.748 -146.6 -149.0
S  -56.6  -32.3  114.3  179.6   17.8    nan  1.041  106.4  3.782  5.143  -62.4  -65.0
D  -69.0  -39.8  113.9  178.2  -97.3    nan  1.089   91.9  3.828  5.384   62.7   85.0
D  -60.6  -43.3  109.0  170.6  -57.0    nan  1.029   99.3  3.758  5.284   66.8   79.2
L  -73.5  -35.5  109.5  179.3  -86.3    nan  1.124   92.6  3.795  5.254   42.8   70.2
Q  -63.5  -47.0  111.7  176.5  -91.7    nan  1.050   93.6  3.807  5.584   73.0   85.1
A  -47.1  -70.4  113.3  168.1    nan    nan  1.083   87.4  3.817  5.383   71.4   83.7
L  -33.9  -53.9  114.4 -178.5 -170.9    nan  1.042  107.7  3.857  5.212   77.8   85.9
L  -57.6  -41.4  113.4 -180.0  -75.5    nan  1.008  100.4  3.803  5.004   65.8   77.6
A  -63.4  -50.0  111.5  169.6    nan    nan  1.057   92.1  3.799  5.186   57.6   74.1
E  -50.0  118.9  106.5  169.6  -77.7    nan  1.062   83.1  3.828  5.516   69.7   78.2
R  -21.6  139.8  119.8 -135.0 -153.9    nan  1.200   53.8  3.693  5.769  -46.0  -51.4
L  100.8 -125.1  107.2  168.2 -135.6    nan  1.141  110.2  3.748  4.762   62.3   34.6
S  -66.8  123.8  110.5 -132.1 -167.0    nan  1.084   92.8  6.064  6.072 -107.0   89.3
S  -58.4  -39.8  110.4 -179.4   55.8    nan  1.113  102.3  3.800  5.835 -109.0 -118.4
A  -57.0  -59.8  111.8  178.7    nan    nan  1.091   90.2  3.822  5.607   77.2   89.1
R  -58.8  -47.3  111.5 -178.6  -46.7    nan  1.124   96.9  3.811  5.196   54.7   71.5
L  -56.4  -41.7  112.1  173.3  172.9    nan  1.097  101.8  3.805  5.490   68.2   78.7
L  -62.9  -41.3  111.9  176.7 -154.2    nan  1.037   97.1  3.843  5.419   69.3   80.4
S  -58.7  -54.4  113.2  172.7   74.0    nan  1.157   91.6  3.816  5.375   59.2   81.5
A  -58.2  -46.8  110.7  176.8    nan    nan  1.175   98.1  3.808  5.533   56.4   73.5
V  -60.6  -43.4  113.0 -176.1 -177.6  -53.7  1.015   97.0  3.862  5.574   81.3   83.6
R  -67.3  -41.7  113.1  175.5  -71.4    nan  1.108   92.8  3.837  5.215   57.0   74.0
R  -63.8  -40.7  112.3  176.8  -64.7    nan  1.026   96.4  3.839  5.504   71.8   80.1
L  -70.3  -38.8  107.3 -174.0  166.9    nan  1.004   95.0  3.769  5.223   65.8   80.9
F  -80.2  -27.5  110.0 -173.0  -88.3    nan  1.125   89.8  3.743  5.017   45.6   72.9
Q  -66.2  -38.7  113.2  163.4  -63.1    nan  1.026   95.2  3.841  5.717   72.2   79.7
Y  -63.9  -43.2  115.2  173.0  165.6    nan  1.131   93.4  3.800  5.324   59.0   80.1
L  -72.9  -24.1  111.6 -177.6  -73.3    nan  1.090   97.2  3.815  5.390   57.2   75.9
Y  -73.8  -48.9  109.9  179.9  175.4    nan  0.986   86.4  3.822  5.514   77.7   87.3
R  -57.8  -31.4  112.8  167.8  -70.5    nan  1.058  106.5  3.793  5.219   59.6   71.1
E  -88.5   -6.5  110.0 -175.1  -75.5    nan  0.941   89.3  3.871  5.447   65.0   72.4
K   68.6   33.2  109.1 -172.5  -63.8    nan  1.081   97.9  3.749  5.312 -119.6 -115.7
F  -79.0  -26.4  104.1 -172.5  157.0    nan  0.981   93.7  3.825  6.119  135.4  142.5
R -139.0  149.2  106.3 -179.0 -150.9    nan  0.831  137.9  3.761  4.477   11.4   18.6
E  -78.0   -9.4  116.2 -178.7   79.6    nan  1.066   97.7  3.863  5.899 -122.8 -104.9
D -135.0  164.7  105.3 -169.0   58.2    nan  0.945  137.0  3.795  4.954   33.3   48.7
D -112.5  101.1  106.2  172.3  173.1    nan  1.021  109.1  3.797  5.635 -137.6 -128.9
P  -60.3  -18.9  114.6  178.3   16.3    nan  1.017  110.5  3.815  5.871 -128.4 -142.6
S  -93.9   -0.8  114.5 -175.2   71.4    nan  1.045   85.8  3.809  5.224   55.2   80.0
A  -54.4  -46.7  114.4 -169.8    nan    nan  1.066   98.8  3.804  5.832  119.4  137.1
H  -80.5  -38.6  113.1 -178.5  -57.9    nan  1.059   83.6  3.771  4.968   46.0   64.2
L  -31.1  -37.3  114.5 -172.4  -36.5    nan  1.121  123.4  3.833  5.628  107.5  122.5
K  113.9   27.2  112.5   20.4 -134.1    nan  1.091   58.7 23.965 23.500   82.7   31.8
D  -62.1    0.7  118.6  169.6 -103.5    nan  1.022  118.2  3.799  5.891  136.0  137.7
L -122.5  137.3  115.9 -169.9 -101.4    nan  1.074  130.1  3.886  5.357   45.9   75.4
S  -80.1  162.7  114.3  174.6  -44.6    nan  1.006   87.5  3.809  5.562 -113.4 -129.2
E  -61.4  -44.7  110.8  173.8  -68.3    nan  1.059   97.0  3.800  5.225  -80.4  -81.5
A  -59.1  -40.0  113.4  176.6    nan    nan  1.048  100.0  3.814  5.291   71.5   80.5
Q  -68.5  -21.3  113.7  172.9  -53.4    nan  1.116  101.9  3.783  5.374   57.3   75.3
V  -82.0  -38.4  104.3 -176.4  168.4  -66.8  0.955   87.6  3.836  5.589   77.0   84.5
E  -66.2  -44.0  111.5  174.9  -62.7    nan  1.155   93.3  3.769  5.151   51.5   77.6
R  -63.8  -43.0  112.3  178.0  -78.2    nan  1.094   95.2  3.827  5.716   64.5   78.9
L  -59.5  -49.5  109.6 -173.6  174.4    nan  1.058   96.3  3.779  5.326   78.5   90.0
L  -63.7  -32.5  111.1  178.9  -67.0    nan  1.044  101.6  3.854  5.246   60.5   72.8
Q  -80.7  -14.1  113.5  169.9  -64.5    nan  1.065   93.5  3.821  5.421   50.9   66.9
A  -56.4  -54.4  116.2  176.9    nan    nan  1.221   91.4  3.800  5.817   92.7  114.0
P  -61.7  129.6  115.8 -164.3  -21.6    nan  1.024   89.6  3.861  5.258   79.8   89.0
L  -80.6   98.1  104.7 -167.0 -116.1    nan  0.928  103.0  3.824  5.690 -120.8 -131.6
I  -68.5   14.4  121.5 -172.5   83.6  -44.8  1.261  118.5  3.804  6.250 -165.8 -142.6
D -110.1   -8.5  110.8  173.5   57.5    nan  1.008   67.1  3.820  5.768   86.4   82.7
Q  -96.9  127.5  106.2  169.9  -56.0    nan  0.988  107.0  3.769  5.528   56.6   73.3
P  -49.5  -45.4  116.7 -179.7  -39.1    nan  1.007  102.3  3.818  5.527  -93.0 -104.6
L  -52.1  -44.9  114.6  172.1 -130.3    nan  1.026  101.7  3.828  5.212   68.8   83.9
E  -87.0  -19.8  108.2 -169.2  -69.1    nan  1.065   86.7  3.777  4.857   39.7   65.7
L  -86.3  -21.1  108.4  177.9  151.5    nan  1.071   87.0  3.760  5.494   55.0   79.0
R  -61.4  -53.0  106.6  165.6  177.4    nan  1.005   95.0  3.803  5.726   82.3   90.9
D  -60.5  -39.7  107.5 -178.9  -56.4    nan  1.139  102.2  3.767  5.175   50.3   73.3
K  -61.4  -39.6  113.3  176.4  167.9    nan  1.045   98.5  3.799  5.647   78.6   83.9
A  -67.1  -46.1  109.3 -171.7    nan    nan  1.111   92.9  3.815  5.298   64.7   87.3
M  -58.9  -38.7  114.4  175.8  -63.0    nan  1.045  100.5  3.798  5.327   74.0   78.9
L  -69.0  -40.9  113.2  174.4  -96.6    nan  1.067   91.7  3.816  5.289   61.2   76.1
E  -73.0  -24.3  115.1  175.6  -70.0    nan  1.017   95.8  3.807  5.250   60.4   72.3
V  -69.1  -52.2  111.2  165.7  174.5  -67.9  1.099   87.3  3.838  5.547   63.0   81.0
L  -51.1  -47.0  109.6  170.5  -53.2    nan  1.102  103.7  3.836  5.533   70.3   76.0
Y  -69.8  -36.4  108.9 -171.6  161.6    nan  1.092   95.6  3.779  5.160   59.0   77.5
A  -84.1  -47.1  114.1 -174.4    nan    nan  1.079   76.8  3.816  5.423   49.2   73.0
T  -87.1  -34.9  113.3 -170.0   60.5  -64.4  0.998   79.3  3.834  5.074   50.1   64.4
G   93.5    2.6  107.8  178.7    nan    nan    nan   85.7  3.799    nan    nan -123.9
L  -48.7  163.8  107.0  176.4  -56.5    nan  1.034   55.1  3.781    nan    nan  133.5
R  -98.3  161.3  106.7  174.0  -67.4    nan  1.044  103.1  3.783  5.492 -116.0 -116.8
V  -55.0  -51.6  106.4 -178.4  175.5  -65.9  1.075  100.1  3.785  5.381  -67.5  -74.1
S  -39.4  -43.3  115.0  173.7 -116.3    nan  0.995  112.3  3.794  5.375   89.3   89.1
E  -78.9  -25.9  111.6  177.0  -58.0    nan  1.049   90.9  3.777  5.041   45.4   65.1
L  -76.7  -30.5  110.7 -170.2 -155.6    nan  0.988   91.3  3.850  5.485   77.6   92.7
V  -81.8  -19.4  112.3 -166.5  125.1 -105.1  1.052   90.6  3.772  4.801   59.8   84.5
G -112.6   -6.3  105.1 -172.8    nan    nan    nan   65.9  3.790    nan    nan   60.0
L  -50.3  133.2  107.8  174.9 -121.3    nan  0.955   74.6  3.803    nan    nan  122.5
T -105.2  174.0  110.4  177.2   64.4  -58.6  1.017  107.3  3.833  5.915 -155.8 -154.6
M  -64.4  -26.7  110.1  177.6  -72.8    nan  1.047  104.2  3.817  5.187  -71.1  -68.8
S  -69.0  -12.3  117.0  169.3  -52.7    nan  1.040  105.0  3.801  5.657   74.2   83.4
D  -93.8    6.6  110.5 -175.0  -56.5    nan  1.090   88.5  3.833  5.272   64.1   85.9
I -127.8  143.1  115.6 -171.9 -148.3   85.5  1.112  134.1  3.752  5.162   46.2   72.0
S -144.2   98.1  104.8  176.6  164.8    nan  1.060  105.2  3.760  5.726  179.2  170.1
L  -69.8  -31.5  111.4  172.6  -77.5    nan  1.031   96.6  3.785  6.028 -142.5 -158.6
R  -74.4  -28.8  108.6 -179.9   58.9    nan  1.143   95.0  3.775  5.481   53.8   81.7
Q  -83.6  -24.7  109.6  168.7  -70.3    nan  1.101   87.8  3.798  5.686   53.5   67.1
G   88.7   34.2  109.0  176.0    nan    nan    nan   80.5  3.850    nan    nan -123.9
V -148.8  157.7  106.5 -167.9  -31.5   93.2  1.070  147.9  3.787    nan    nan   74.7
V -131.1  151.3  106.0  174.2   59.1  179.8  1.009  132.6  3.800  5.540 -152.3 -155.5
R -108.8  118.2  105.2 -166.5  173.2    nan  1.016  111.8  3.767  5.736 -128.1 -130.7
V -107.4  127.6  111.9 -174.9 -169.4  -48.5  1.086  117.7  3.781  5.991 -166.8 -164.4
I  -86.3  147.9  108.4  175.8 -104.2  129.8  1.069   96.4  3.781  5.805 -138.0 -144.8
G -136.8 -172.4  112.9 -177.2    nan    nan    nan  133.4  3.783    nan    nan -169.4
K  -71.9  111.2  106.8  180.0  179.5    nan  1.045   98.2  3.786    nan    nan  -58.7
G  133.5 -123.1  102.0 -178.1    nan    nan    nan  120.2  3.790    nan    nan   54.8
N -138.7   64.8   99.0  145.3  -93.3    nan  1.109   76.9  3.731    nan    nan  -94.4
K  -86.5  107.6  103.1  178.0  -81.8    nan  0.994  101.4  3.724  6.166  170.0  158.2
E -107.4  129.3  108.8  178.6  -67.7    nan  1.032  115.3  3.800  6.012 -174.5  177.7
R -138.4  173.3  106.1  175.4   80.6    nan  1.035  139.8  3.744  5.629  166.4  168.4
L -117.8  123.7  104.3 -170.6  -73.0    nan  0.973  116.1  3.737  5.346 -114.4 -118.0
V -118.4  115.5  107.6  175.1   -4.5  124.7  1.189  116.4  3.780  5.850  165.2 -174.7
P  -46.9  139.0  113.9  174.2    4.6    nan  0.997   71.2  3.786  5.687  -87.6 -119.8
L  -93.7  -28.0  114.4  179.9  -49.4    nan  1.089   75.5  3.818  5.780 -138.8 -136.0
G   85.6  166.2  107.0 -177.1    nan    nan    nan   81.7  3.836    nan    nan -122.3
E  -59.4  -47.2  116.0 -176.8 -111.7    nan  1.075   94.0  3.826    nan    nan  -70.2
E  -69.6  -36.7  111.5 -176.1  -98.5    nan  1.045   94.2  3.789  5.096   58.5   76.0
A  -75.1  -37.8  106.6 -176.1    nan    nan  1.100   91.9  3.790  5.440   53.5   78.3
V  -58.1  -50.4  109.4  179.2  156.4  -80.2  1.026   96.9  3.801  5.604   85.1   88.8
Y  -51.6  -57.0  111.2  173.9  171.5    nan  1.038   95.8  3.781  5.219   71.4   80.3
W  -58.7  -40.4  112.1 -177.6  -72.7    nan  1.103  100.7  3.816  5.384   56.7   75.3
L  -61.7  -40.8  111.7 -178.6 -126.5    nan  1.043   98.4  3.800  5.259   74.4   86.2
E  -56.9  -56.5  113.8  172.5 -100.3    nan  1.065   91.1  3.818  5.308   65.5   83.0
T  -57.8  -39.9  111.1  173.6  -63.8  173.9  0.972  102.3  3.827  5.187   62.9   69.6
Y  -69.1  -31.7  112.7  172.3  155.1    nan  1.110   96.6  3.768  5.269   52.3   74.1
L  -73.5  -29.3  113.7 -178.0  -72.0    nan  1.129   93.4  3.813  5.582   63.9   86.1
E  -75.6  -55.2  115.9  169.4  -92.4    nan  1.057   78.1  3.795  5.428   64.1   74.7
H -102.8   10.2  118.6 -174.8  -84.0    nan  1.046   82.2  3.815  4.920   16.7   42.2
G -132.9  -60.9  110.4 -170.9    nan    nan    nan   56.3  3.824    nan    nan   69.8
R  -56.4  -49.9  112.1 -170.9 -171.8    nan  1.075   96.7  3.779    nan    nan   79.0
P  -57.7  -35.1  117.2 -179.1  -25.0    nan  1.014  102.4  3.796  5.094   71.4   82.3
W  -75.3  -23.2  113.3  171.4  -58.9    nan  1.045   94.8  3.776  5.136   48.8   71.5
L  -79.4  -26.8  112.2  169.2  -55.2    nan  1.070   89.8  3.812  5.621   57.1   77.0
L  -90.3  -33.6  114.9 -178.1  -66.0    nan  1.107   76.2  3.777  5.229   49.9   74.8
N   44.2   62.0  112.2 -168.7  -46.6    nan  1.025   96.0  3.787  5.557 -159.3 -160.3
G   51.4   19.3  121.3 -172.6    nan    nan    nan  117.0  3.803    nan    nan  -71.2
V  -86.6  128.1  102.1  176.8  144.6  -91.4  0.933   97.3  3.876    nan    nan  110.9
S  -95.4  136.6  111.7 -176.1 -146.2    nan  1.188  108.7  3.807  6.008 -163.2 -138.9
I -149.6  146.4  101.8  179.0   40.0  -84.4  0.999  140.9  3.762  5.686 -178.4  159.0
D  -83.2  -14.4  111.5  176.9   66.0    nan  1.053   91.4  3.795  5.572 -116.3 -116.5
V  -50.2  126.2  112.7 -179.8  146.1  -93.8  1.045   82.1  3.822  5.750  104.1  119.8
L  -73.2  -32.6  112.6 -177.6  167.9    nan  1.126   92.6  3.778  5.834 -128.5 -128.4
F -131.4   82.4  108.4 -177.1  -59.9    nan  1.009   98.4  3.846  5.203   10.6   25.5
P  -79.6  161.1  113.3 -178.3   34.2    nan  0.994   87.5  3.781  5.885 -172.0 -175.6
S  -68.0  169.4  107.8  172.0   76.7    nan  0.906   71.6  3.775  5.364  -80.9  -92.5
Q  -69.5  -13.0  113.6  175.8 -129.6    nan  1.141  104.9  3.789  5.384  -92.1  -79.1
R -101.9   28.3  110.6  169.9  111.6    nan  1.086   88.9  3.834  5.471   49.8   64.0
A   45.4   50.2  115.2  175.7    nan    nan  1.063  102.4  3.780  5.654 -113.7 -114.9
Q -130.7  173.3  107.7  171.2   33.5    nan  1.113  132.4  3.797  5.809   80.4   94.6
Q  -64.9  134.3  107.4  178.6  179.4    nan  1.016   84.1  3.733  5.065  -58.9  -70.2
M  -92.5  162.0  107.9  177.3  111.9    nan  1.071   97.8  3.778  5.643 -143.6 -142.0
T -109.1  178.1  116.3  173.0   64.1  -60.3  1.013  110.0  3.835  5.831 -125.5 -124.5
R  -52.3  -48.8  113.4  171.6 -165.1    nan  0.987   99.6  3.795  4.738  -52.0  -54.8
Q  -69.3  -41.2  112.9 -179.9  173.2    nan  1.014   91.5  3.798  4.823   52.2   70.4
T  -69.1  -27.1  110.7  177.3   76.6  -45.3  1.120   99.6  3.838  5.453   50.8   75.7
F  -88.9  -20.4  111.5  176.2 -177.3    nan  1.100   83.7  3.800  5.442   51.9   69.9
W  -72.7  -25.7  108.1 -179.5 -175.8    nan  1.174   98.1  3.793  5.578   64.8   93.6
H  -54.6  -48.0  111.9  170.3  -65.4    nan  1.062   99.4  3.858  5.930   89.3   97.2
R  -61.4  -40.7  110.2  177.9  -43.2    nan  1.069   99.6  3.804  5.336   65.3   76.5
I  -62.4  -42.9  108.7  178.5  -69.1  172.0  1.098   98.4  3.802  5.374   68.3   82.1
K  -61.6  -46.6  111.9  178.2  -32.5    nan  1.032   95.1  3.828  5.632   74.3   81.5
H  -55.9  -48.2  109.7  175.8  164.2    nan  1.069   99.6  3.808  5.195   67.8   81.7
Y  -63.0  -34.1  110.8  174.7  -52.7    nan  1.163  101.4  3.810  5.519   47.2   72.6
A  -67.5  -47.9  108.6 -171.4    nan    nan  1.027   92.1  3.840  5.688   79.9   91.8
V  -50.5  -51.7  110.8  175.7  169.2  -71.8  1.062  100.3  3.747  5.286   77.2   84.4
L  -62.5  -30.0  112.5  179.2  -56.8    nan  1.078  103.3  3.822  5.332   62.3   74.0
A  -81.6    3.8  113.7 -179.9    nan    nan  1.115   99.9  3.792  5.323   54.5   77.9
G   77.1   15.4  113.2  178.2    nan    nan    nan   96.5  3.834    nan    nan -106.2
I  -82.5  142.7  105.5  175.7  -69.6  164.2  0.978   93.3  3.819    nan    nan  112.0
D  -62.8  107.1  108.4  172.0 -175.8    nan  0.988   97.7  3.780  5.571  -96.3 -106.0
S  -66.1  -39.4  114.4 -175.5  103.0    nan  1.123   94.2  3.812  6.013 -139.7 -137.0
E  -81.0  -10.5  113.9 -174.0  -83.9    nan  1.093   94.6  3.814  5.243   53.9   74.5
K -104.4   -8.0  114.6  174.4  -90.0    nan  1.013   72.4  3.823  5.488   54.9   68.1
L  -68.3  136.3  107.4  175.7 -170.3    nan  1.004   85.7  3.823  5.756   96.4  104.9
S -119.0  156.9  107.5  174.6   73.3    nan  1.025  123.3  3.764  5.666 -165.6 -166.7
P  -52.2  -39.6  111.8  175.2  -15.9    nan  1.042  106.6  3.811  5.299  -73.2  -79.1
H  -75.9  -29.6  112.4 -175.7   45.4    nan  1.100   91.7  3.760  5.288   48.6   77.5
V  -80.1  -28.6  109.7 -179.5  -15.0  112.3  1.215   89.6  3.751  5.445   45.7   79.7
L  -61.7  -50.5  112.4  168.4 -167.0    nan  1.045   92.4  3.781  5.820   85.6   87.4
R  -62.6  -43.9  110.2 -177.1 -164.1    nan  1.127   96.8  3.803  5.184   54.4   77.7
H  -65.2  -34.9  115.9  173.2 -164.5    nan  1.065   96.7  3.825  5.611   64.1   74.7
A  -67.8  -39.7  112.1  173.2    nan    nan  1.090   93.9  3.835  5.427   63.9   80.5
F  -61.2  -48.5  111.8  176.3  -75.5    nan  1.046   94.3  3.809  5.536   70.2   84.2
A  -55.6  -38.6  112.3 -175.3    nan    nan  1.066  104.3  3.825  5.389   72.7   87.7
T  -73.0  -41.9  111.8 -178.0  -90.1  147.9  1.071   88.9  3.804  5.081   60.8   77.7
H  -65.4  -47.3  109.4  177.7 -161.6    nan  0.954   93.5  3.800  5.504   69.6   78.1
L  -56.2  -48.5  108.5  179.4  173.3    nan  0.999   99.9  3.788  5.099   72.1   82.5
L  -63.5  -34.9  112.4 -176.5  176.0    nan  1.037   99.8  3.771  5.173   62.1   78.4
N  -87.0   -6.8  113.0 -176.4 -108.2    nan  1.017   90.3  3.801  5.003   51.0   69.2
H -137.6  -32.4  117.7 -175.0  -75.7    nan  1.080   37.7  3.825  5.083   20.4   45.5
G  -45.5  149.4  114.7 -178.5    nan    nan    nan   63.2  3.854    nan    nan  110.4
A  -88.7  -48.8  115.1 -171.3    nan    nan  1.029   72.3  3.811    nan    nan -116.8
D  -65.5  -22.7  114.4 -178.1   51.1    nan  0.968  103.8  3.785  4.919   66.5   75.9
L -114.6   51.6  109.9 -170.0   41.7    nan  1.061   89.1  3.795  4.734   29.1   57.9
R  -34.9  -82.8  111.4  178.1   16.2    nan  1.053   84.0  3.759  6.152 -165.4 -167.1
V -104.1   62.1  109.9  178.7  -70.6   52.7  1.115  100.3  3.784  4.796  -20.8    5.5
V -100.3   -5.3  105.8  150.6  -16.2  110.3  1.180   78.3  3.752  6.144  122.0  119.4
Q  -89.0  -17.9  110.6  173.6 -172.4    nan  1.057   84.8  3.829  5.895   76.7   86.6
M -109.8   33.7  112.8 -178.2 -139.8    nan  0.983   85.4  3.828  5.155   46.8   60.3
L -167.1   16.9  105.3 -170.3  -98.7    nan  0.980   23.7  3.816  5.161   38.6   50.5
L  178.6  119.3  108.0 -170.8  161.5    nan  0.994  118.9  3.781  4.841    5.7   19.1
S  111.0  161.6  111.9   32.3 -154.3    nan  1.063  103.3  5.996  5.607  -74.3 -163.8
D  -95.6   73.9  113.3  179.8 -142.2    nan  1.077  110.5  3.813  5.564 -113.5 -111.2
L  -50.4  127.5  117.5 -176.5  -86.9    nan  1.053   84.0  3.775  5.981 -146.7 -157.8
S  -98.4  146.3  110.2  175.0  164.7    nan  0.978  108.1  3.789  5.723 -149.3 -162.2
T  -48.9  -63.2  112.5 -178.1  -43.2 -167.8  1.091   92.2  3.872  5.761  -83.2  -83.0
T  -60.8  -29.6  114.5  179.9  -65.2  173.5  1.129  104.2  3.802  5.090   48.0   66.3
Q  -73.4  -38.3  106.5  177.9  104.7    nan  1.142   93.2  3.810  5.603   61.8   82.0
I  -62.4  -51.2  109.0 -179.1  -65.6  170.3  1.047   93.7  3.828  5.676   79.6   85.4
Y  -69.5  -18.6  114.4 -179.6  -79.4    nan  1.090  102.0  3.804  5.187   53.6   68.7
T  -78.3  -47.1  105.6 -177.8  -89.2  149.5  1.064   86.9  3.802  5.456   68.6   90.3
H  -53.6  -49.6  114.0  174.0  -86.2    nan  0.999   97.8  3.781  5.466   71.8   80.9
V  -57.8  -53.9  105.8 -179.3  157.5  -76.8  1.047   97.4  3.784  5.056   61.5   80.5
A  -57.1  -40.1  112.2  178.8    nan    nan  1.132  102.2  3.818  5.512   59.3   75.1
T  -65.9  -40.5  113.4  178.8  -68.5  171.3  1.062   94.3  3.834  5.449   73.9   81.4
E  -68.2  -33.2  111.1 -179.3  155.9    nan  1.064   97.4  3.799  5.285   60.7   80.4
R  -76.2  -49.6  112.5 -171.6  -66.1    nan  1.067   82.7  3.824  5.283   61.1   84.3
L  -57.5  -32.4  111.3  167.9 -169.4    nan  1.062  106.8  3.786  5.331   59.6   70.8
R  -66.0  -45.4  108.6  178.1 -158.1    nan  0.983   94.5  3.842  5.506   79.8   85.9
Q  -68.6  -35.2  110.0 -177.0  -63.1    nan  1.088   96.6  3.807  5.168   55.1   75.4
L  -65.4  -37.6  115.5  178.5 -122.8    nan  1.047   95.2  3.830  5.343   74.4   84.0
H  -84.9   -9.9  109.0 -177.7  -75.4    nan  1.053   91.8  3.806  5.205   47.9   67.6
Q  -85.9    nan  112.3  177.3  175.6    nan  0.986    nan  3.840  5.462   77.3   87.3
