Id   phi    psi    tau  omega    chi    chi2  solid    eta  CA-CA  CB-CB  BA^AB  NA^AC
I    nan  119.7  115.3    nan  -55.9 -175.1  1.084    nan    nan    nan    nan    nan
E  -95.8  145.0  111.3  174.7  -75.9    nan  1.018  106.9  3.794  5.855 -148.5 -167.6
L -126.7  122.1  109.6  174.1  -75.0    nan  1.017  123.1  3.838  5.725 -165.0 -165.2
T -101.0  107.9  113.0 -176.7  -46.5 -166.1  1.047  115.1  3.841  5.926 -154.2 -158.1
Q  -98.7  140.4  115.1  179.7 -172.1    nan  1.071  112.6  3.847  6.023 -169.9 -172.3
S -143.7  143.2  110.2  179.7 -176.4    nan  1.012  140.2  3.821  5.670 -177.0  169.2
P  -75.0  162.3  112.9  -10.6   38.6    nan  1.016   82.4  3.014  4.964   43.0   30.0
S  -65.5  -32.8  113.0  173.9  163.6    nan  1.032   99.0  3.780  5.295  -84.7  -87.2
S -159.0  152.0  108.2  179.9   61.5    nan  1.001  151.2  3.820  4.863  -25.2   -6.8
L -149.7  153.8  112.0 -175.3  170.9    nan  1.026  149.1  3.787  5.444 -173.3 -177.8
S -131.7  116.7  107.1  176.6  171.0    nan  0.983  119.7  3.800  5.681 -157.2 -162.3
A -128.8  148.9  112.3 -176.7    nan    nan  1.026  133.5  3.799  5.837  171.5  168.8
S  -58.5  160.7  115.6  178.6  -61.1    nan  1.059   68.2  3.806  5.387  -84.1  -92.8
L  -75.5  127.9  105.8  173.9  178.9    nan  0.963   93.1  3.767  5.232  -91.7 -100.2
G   82.1    8.7  113.0 -179.3    nan    nan    nan   94.4  3.837    nan    nan   18.1
G -103.9 -167.8  113.1 -177.9    nan    nan    nan   98.9  3.823    nan    nan   92.0
K -121.0  162.4  113.8 -177.4 -164.3    nan  1.057  126.5  3.782    nan    nan  -97.7
V -148.5  136.8  110.4 -177.8   42.6  158.3  1.037  138.3  3.802  5.504 -162.8 -168.6
T -130.3  125.7  109.3  175.2  -51.9 -171.5  1.024  125.6  3.809  5.865 -174.8 -177.8
I -111.4  135.8  107.6  177.9  -62.7  176.6  0.997  117.2  3.788  5.861 -160.3 -172.3
T -113.4  146.6  113.6  177.6   61.6  -60.2  1.064  122.3  3.789  5.853 -158.7 -159.3
C -130.8  138.7  108.9  169.6  -88.5    nan  1.017  130.8  3.790  5.668 -166.8 -172.9
K -126.5  108.0  109.2 -179.1  165.7    nan  1.006  115.8  3.777  5.667 -162.4 -171.4
A  -71.4  151.3  112.0  175.7    nan    nan  1.021   83.7  3.778  5.950 -137.0 -150.9
S  -75.1  -23.5  114.6  177.7   48.4    nan  1.069   94.3  3.812  5.472 -103.9 -105.7
Q -135.2  169.3  109.2 -179.6  -61.8    nan  0.992  137.8  3.862  5.042   11.0   27.9
D  -66.3  126.2  104.9  174.1 -176.8    nan  0.977   87.3  3.887  5.451  -75.6  -78.8
I -109.0   10.8  111.4  178.0   53.0  -70.1  1.062   75.2  3.786  5.950 -163.6 -164.1
K   50.2   43.7  118.0  171.1  -75.6    nan  1.102  102.4  3.848  5.681 -128.5 -131.6
K   67.0    8.7  116.4 -178.5  -66.2    nan  1.104  109.0  3.820  5.431  -68.0  -78.2
Y  -86.1   70.9  111.4  178.0  -73.1    nan  1.048  111.5  3.826  5.819   93.7  106.0
I -131.7  145.9  112.1  177.5 -163.9   72.3  1.051  135.1  3.769  5.817  116.4  116.1
G -128.3  159.0  112.0 -179.5    nan    nan    nan  133.2  3.787    nan    nan -166.3
W -132.5  126.3  109.2 -178.3  -66.3    nan  1.012  126.5  3.812    nan    nan -153.9
Y -115.0  148.8  114.4 -178.0  -76.7    nan  1.051  123.8  3.780  5.815 -161.8 -172.0
Q -113.0  118.2  107.4  177.0  179.6    nan  0.978  115.2  3.778  5.524 -140.8 -150.2
H -114.0  103.7  111.1  180.0 -163.7    nan  1.027  114.6  3.803  5.886 -177.0 -176.2
K  -90.7  140.0  108.4  175.2  -76.2    nan  1.002  102.3  3.790  6.042 -164.3 -173.9
P  -44.7  124.6  117.7  176.1   -3.5    nan  1.084   82.3  3.843  5.379  -83.1  -90.2
G   60.7   29.9  113.5 -178.5    nan    nan    nan  104.6  3.787    nan    nan  -11.3
K -138.9 -161.2  112.6 -180.0  -75.4    nan  1.041  129.2  3.834    nan    nan   74.4
Q  -64.4  126.8  109.2  179.1   59.9    nan  1.005   88.8  3.816  4.668  -44.3  -37.1
P  -65.4  118.7  102.3  142.0  -20.7    nan  0.916   88.3  3.759  5.690 -130.2 -149.5
R -116.6  120.6  110.3 -173.2 -179.1    nan  1.005  119.7  3.727  5.821 -174.5 -175.7
L  -75.7  132.6  110.4  178.7  176.4    nan  1.035   94.7  3.800  5.917 -134.0 -138.8
L -109.6  -48.9  112.6 -177.4  -55.3    nan  1.026   60.4  3.716  5.716 -147.2 -161.2
I -134.8  129.9  112.0 -176.6  -66.2  174.3  1.034  131.0  3.779  4.541  -11.7    8.0
H -125.6  161.9  110.4  171.6   79.3    nan  1.027  129.9  3.816  5.812  179.6  177.4
Y   48.1   53.8  112.1 -174.9 -164.6    nan  1.067   99.7  3.850  4.969   43.9   25.2
T   65.2  -58.9  115.8 -178.2  -65.8  174.5  1.093  123.7  3.782  5.392  -57.2  -68.8
S -116.9  -14.5  116.4 -170.6  -50.5    nan  1.062   57.5  3.855  4.712    3.6   25.0
T  -80.8  117.7  109.5 -175.0  -46.4 -167.3  1.033  102.6  3.757  5.463   77.8   95.6
L  -77.0  140.2  107.7 -177.8 -149.7    nan  0.964   91.0  3.667  5.648 -124.6 -145.9
L  -81.6  163.4  108.2  177.7 -116.7    nan  1.019   87.1  3.760  5.695 -124.8 -123.8
P  -69.1  138.7  114.2 -164.2  -12.8    nan  1.033   89.1  3.902  5.465  -73.7  -72.8
G   84.0  -18.0  114.8  179.8    nan    nan    nan  103.2  3.824    nan    nan   27.2
I  -68.4  124.5  105.9  179.6  -61.1  179.0  0.983   90.0  3.829    nan    nan   98.0
P  -54.8  150.8  117.7  179.9  -33.1    nan  1.072   71.5  3.863  5.793 -107.2 -112.1
S  -51.8  -35.8  113.2  177.8 -177.4    nan  1.039  108.7  3.773  5.261  -75.6  -89.5
R  -62.0  -12.0  116.9  177.7   61.5    nan  1.092  112.1  3.839  5.359   67.3   88.5
F  -94.8  131.3  106.2  171.3  -63.1    nan  0.972  105.3  3.840  5.631   61.2   72.4
R -138.7  159.6  109.4 -176.9  -11.2    nan  0.999  141.3  3.826  5.761  177.2  172.3
G -139.7  144.8  109.1  175.8    nan    nan    nan  138.2  3.829    nan    nan -161.3
S -140.5  168.5  112.4  179.1  -67.4    nan  1.030  143.5  3.863    nan    nan -177.2
G  126.8  170.4  116.2  177.3    nan    nan    nan  122.1  3.809    nan    nan  103.9
S -170.1  169.1  106.7  178.9   54.5    nan  0.977  167.6  3.777    nan    nan  176.9
G   65.5 -116.9  110.7  176.9    nan    nan    nan   95.7  3.823    nan    nan   46.5
R -110.3  -13.9  113.1  178.1  -57.3    nan  1.038   64.8  3.771    nan    nan  -32.3
D -109.0  116.5  117.5 -172.0  -62.8    nan  1.094  122.4  3.858  5.153   46.9   72.9
Y -127.2  148.4  115.9 -174.8  -58.7    nan  1.077  134.2  3.784  5.798  177.4  165.0
S -136.3  159.1  110.7  179.6   63.9    nan  1.037  139.7  3.780  5.613 -164.7 -172.7
F -144.7  141.1  105.9  178.5  161.2    nan  0.961  137.3  3.777  5.447 -161.3 -169.1
S -137.6  152.7  110.9 -178.2  -70.3    nan  1.027  140.1  3.750  5.679 -175.1 -177.2
I -139.9  124.7  103.1  174.1  -46.5 -167.0  0.958  123.7  3.735  5.586 -165.0 -174.4
S -117.5  161.8  106.3  176.0   75.5    nan  0.990  121.0  3.785  5.869 -172.4 -176.6
N   54.8   59.7  112.7 -177.5  -69.3    nan  1.065   91.0  3.834  4.821   46.2   30.8
L  -59.3  135.4  114.8  177.8  -90.6    nan  1.067   83.7  3.774  6.171 -177.4  177.1
E -118.1  149.0  105.0 -179.5  -68.0    nan  0.965  121.5  3.746  5.648 -153.4 -172.1
P  -49.2  -38.9  115.2  175.5  -33.8    nan  1.043  107.8  3.914  5.459  -80.4  -83.1
E  -53.4  -23.8  115.3  177.4   62.6    nan  1.074  114.1  3.841  5.407   74.7   93.6
D  -81.8   11.5  115.0  179.7  -45.0    nan  1.065  102.9  3.866  5.453   64.9   82.5
I  -74.5  115.6  106.5  173.6  -74.6  164.2  0.988   97.5  3.849  5.913  106.5  114.6
A -171.0  170.9  112.1 -176.0    nan    nan  1.011  169.9  3.820  5.710  133.9  119.4
T -102.7  131.3  103.2  170.6  -54.9 -174.3  0.959  108.2  3.849  5.516 -116.5 -113.5
Y -106.9  138.3  113.5 -176.5  -65.5    nan  1.052  118.1  3.797  5.795 -151.6 -152.8
Y -126.1  144.0  114.4 -179.7  -61.1    nan  1.048  132.3  3.778  5.690 -164.8 -169.6
C  -94.4  164.3  105.4  167.5   61.6    nan  0.985   98.3  3.778  5.650 -132.6 -139.9
L -154.5  116.7  109.8 -178.9  172.8    nan  1.008  122.4  3.785  5.459 -167.0 -169.6
Q  -89.8  137.4  105.8  174.9   70.0    nan  0.993  100.5  3.782  5.931 -152.4 -159.5
Y -127.5   31.6  109.7  175.6   52.0    nan  1.035   67.8  3.771  5.749 -173.0 -172.6
Y  -74.6  -46.2  111.3  179.1  176.2    nan  1.039   86.0  3.816  6.095  126.8  139.0
N -142.0  109.1  104.1  175.0  178.4    nan  0.962  113.6  3.799  4.857  -20.9   -4.3
L   59.3 -148.7  108.6 -172.5  -57.2    nan  1.025   72.9  3.775  5.143    3.4  -16.3
R -134.2  142.7  113.6  176.6  -82.2    nan  1.050  136.7  3.893  5.309 -110.0  -92.7
T -145.3  125.5  109.0  177.5  -55.1 -174.8  1.010  128.9  3.785  5.594  179.7  172.1
F  -86.9  159.4  111.2  174.3  -70.9    nan  1.019   94.4  3.807  5.876 -137.8 -146.8
G  -81.7  175.6  107.5  169.9    nan    nan    nan   83.0  3.766    nan    nan -107.7
G  -73.2  -10.9  114.9  179.3    nan    nan    nan  101.9  3.822    nan    nan  -72.7
G   91.9  151.9  114.3 -179.6    nan    nan    nan   80.5  3.839    nan    nan -104.7
T -130.0  108.7  105.9  175.2  -54.6 -175.0  0.980  113.9  3.778    nan    nan -164.7
K  -82.0  114.4  106.4  177.8 -165.9    nan  0.970  101.4  3.794  5.937 -146.3 -157.8
L -103.0  134.3  114.7 -177.4  178.2    nan  1.068  116.7  3.797  5.939 -167.8 -166.8
E -114.6  144.1  107.9  173.9  166.7    nan  0.981  120.0  3.768  5.731 -154.1 -172.0
I -119.1  121.7  109.1  173.7  -75.4  164.4  1.028  120.0  3.804  5.700 -161.1 -158.5
K  -56.2  160.7  113.8  178.6  -58.6    nan  1.053   65.5  3.769  5.791 -102.7 -121.8
R -158.1  165.9  111.0 -174.5 -176.5    nan  0.992  158.8  3.691  5.135 -168.3  178.5
A  -64.1  131.4  106.4  172.4    nan    nan  0.965   84.4  3.737  5.190  -76.3  -83.0
D  -49.9  132.7  113.8  176.8  -78.6    nan  1.047   77.8  3.778  5.557  -93.2 -104.9
A -132.2  129.1  110.3 -176.9    nan    nan  1.017  128.6  3.735  5.658 -174.9  178.3
A  -77.1  140.0  109.6  179.4    nan    nan  1.009   92.2  3.764  5.767 -122.1 -132.2
P  -71.0  153.8  116.0  178.4   32.7    nan  1.049   83.7  3.839  5.545 -108.6 -114.0
T -104.0  115.4  102.8  173.8  -70.1  168.3  0.952  107.3  3.766  5.611 -130.9 -137.1
V  -95.8  143.2  111.0 -176.9 -168.5  -48.2  1.028  107.1  3.789  5.980 -156.6 -159.4
S -147.0  115.3  111.0  179.3  -80.6    nan  1.024  122.3  3.821  5.711  178.4  173.1
I  -95.3  144.2  108.3  178.1 -160.4   78.9  1.025  105.0  3.787  5.910 -158.6 -165.3
F -135.2  129.3  109.0 -177.7  -63.1    nan  1.011  128.8  3.784  5.766 -164.4 -173.1
P  -62.1  162.7  112.6  172.9  -24.9    nan  1.012   69.7  3.840  5.594 -109.9 -121.6
P  -59.4  143.2  112.1  159.8   23.9    nan  1.019   77.6  3.813  5.276  -87.2  -86.8
S  -78.4  154.7  108.0  179.5   52.5    nan  0.995   87.0  3.742  5.622 -109.3 -121.1
S  -72.1  -16.2  110.7 -179.5   63.1    nan  1.048  101.6  3.787  5.532  -96.7  -96.6
E  -75.6  -43.1  107.3  175.7  -68.1    nan  0.992   89.1  3.822  5.682   78.1   89.8
Q  -62.1  -39.6  111.5  176.5 -164.5    nan  1.034   98.9  3.817  5.376   68.4   79.0
L  -67.3   -1.6  115.3  177.9  -62.4    nan  1.085  112.0  3.825  5.257   62.4   80.3
T  -70.3  -28.0  107.8  170.6  -47.5 -166.4  0.985   99.3  3.884  5.983   97.9  104.4
S  -91.0  176.3  109.2  176.7   86.7    nan  1.002   92.2  3.813  5.220   49.0   64.3
G  -88.4   23.2  112.2  176.8    nan    nan    nan  100.1  3.793    nan    nan  -88.3
G -131.0  156.1  111.7 -179.9    nan    nan    nan  135.5  3.826    nan    nan   76.7
A -152.9  112.5  110.8 -177.8    nan    nan  1.016  119.3  3.782    nan    nan -178.3
S -107.9  136.6  110.7 -175.5  -51.3    nan  1.012  117.1  3.759  5.899 -166.8 -177.3
V -107.8  122.3  105.8  177.6 -168.9  -47.0  0.965  112.5  3.760  5.669 -145.2 -159.2
V -110.9  147.9  111.5 -176.7  178.3  -63.0  1.041  119.0  3.836  5.970 -169.1 -165.5
C -141.4  117.1  113.5  178.7 -166.7    nan  1.050  125.3  3.760  5.568 -172.7 -175.7
F  -97.3  130.0  111.3  177.5  -61.6    nan  1.025  111.0  3.789  5.927 -155.2 -166.9
L -119.6   87.4  104.8  176.6  -63.8    nan  0.969  101.5  3.797  5.744 -167.6 -176.7
N  -88.3  142.7  121.7 -175.9  -66.9    nan  1.133  107.2  3.791  6.076  178.0 -176.5
N   43.2   74.8  117.5  179.3  -64.8    nan  1.123   83.4  3.784  4.620   14.2  -13.6
F -126.2  149.3  114.9  179.8   63.2    nan  1.058  132.9  3.812  6.028  133.8  123.7
Y -129.5  136.4  111.7  172.7 -173.6    nan  1.071  131.1  3.798  5.640 -168.1 -161.6
S  114.9  108.7   92.2 -172.9 -125.8    nan  0.860   95.9  3.611  5.233  100.8   56.0
K  -56.3  -35.9  113.4 -179.1 -160.5    nan  1.044  104.8  3.795  5.928 -122.9 -125.3
D  -55.5  129.2  114.1  175.1  -86.0    nan  1.047   84.4  3.818  5.400   78.6   91.5
I -168.6  137.7  111.9 -174.3 -160.5   76.4  1.047  140.8  3.768  5.420  148.0  132.6
N -107.2  134.3  105.6  176.5  169.4    nan  0.975  113.0  3.821  5.939 -145.5 -155.7
V -116.0  104.7  104.3  174.7  177.7  -64.4  0.970  109.0  3.772  5.807 -161.9 -166.9
K  -93.3  123.9  109.6  177.5 -169.8    nan  1.011  108.1  3.768  5.987 -167.9 -170.9
W  -94.1  143.3  108.6  173.6  -82.6    nan  1.016  104.3  3.802  5.951 -152.2 -155.7
K -134.1  125.4  109.0  179.2  -82.5    nan  1.010  126.4  3.793  5.693 -167.7 -173.7
I -120.1  112.9  105.6  176.3  -64.0  175.4  0.988  114.2  3.774  5.821 -174.3  179.8
D   54.9   51.1  111.5 -173.3  -78.2    nan  1.055   97.3  3.779  5.169    3.5  -18.8
G   71.0    5.4  115.3  179.2    nan    nan    nan  106.6  3.783    nan    nan  -67.9
S -110.7  131.8  111.4 -175.5 -168.4    nan  1.016  119.3  3.835    nan    nan   83.8
E  -66.2  128.8  116.3 -179.2  177.4    nan  1.088   93.6  3.888  5.929 -112.7 -115.0
R -115.0  115.0  109.2  178.6  -70.2    nan  1.010  116.6  3.810  5.796 -161.1 -172.7
Q  -98.1  -38.3  116.0 -176.8  -94.7    nan  1.087   67.7  3.757  5.883 -158.8 -164.0
N  -88.4  151.2  113.3 -178.3  -63.1    nan  1.057   99.6  3.819  5.164   43.7   65.4
G   86.6   18.3  114.7 -179.4    nan    nan    nan   85.7  3.819    nan    nan   44.7
V -102.4  144.3  114.1  179.5 -169.2  -52.0  1.068  114.0  3.883    nan    nan  100.7
L -128.3  110.0  110.7  179.1 -174.8    nan  1.023  118.2  3.858  5.762 -160.0 -168.4
N -108.7  151.2  113.0  178.1  -62.1    nan  1.044  117.3  3.819  5.981 -176.5  177.6
S -163.9  126.3  107.1 -175.7  164.7    nan  0.977  129.4  3.787  5.471  176.7  162.6
W -101.6  154.1  107.1  176.3  -68.1    nan  0.980  107.8  3.754  5.859 -153.0 -159.7
T  -80.3  169.7  107.6  171.6   49.0  -73.5  0.989   83.6  3.767  5.469 -106.1 -110.8
D  -75.3  158.0  105.6  169.5  -65.3    nan  0.975   82.0  3.807  5.337  -86.8  -89.1
Q  -57.6  136.0  112.9 -178.1 -157.7    nan  1.039   81.0  3.838  5.380  -73.5  -77.9
D  -67.6  120.8  106.6 -178.8 -154.2    nan  0.986   91.8  3.791  5.649 -101.6 -117.1
S  -61.6  -23.4  115.6  178.9  167.9    nan  1.060  106.6  3.743  5.637 -113.5 -127.6
K  -98.4  -45.6  112.5 -177.5  -52.0    nan  1.031   68.1  3.818  5.233   46.7   68.3
D -119.3   16.4  117.8 -177.5   65.5    nan  1.101   69.3  3.841  4.786    2.5   29.7
S   55.1   11.0  120.1 -179.2  -59.9    nan  1.132  118.9  3.881  5.637 -112.8 -114.8
T  -94.9  165.1  112.8  178.9   67.3  -56.9  1.051  100.5  3.861  5.830   89.2  101.6
Y -105.1  165.1  108.9  172.2  -67.2    nan  0.997  109.4  3.780  5.368 -120.5 -122.2
S -130.7  161.8  104.4  169.9  -66.2    nan  0.970  132.7  3.770  5.471 -152.5 -148.8
M -152.1  139.8  109.0 -172.2 -169.6    nan  0.998  140.7  3.806  5.449 -165.1 -166.6
S -132.6  126.2  110.6 -179.7  171.5    nan  1.019  127.5  3.813  5.753 -172.2 -174.2
S -119.4  124.7  109.4 -178.0 -177.4    nan  0.995  121.1  3.768  5.768 -165.2 -178.6
T -122.2  121.7  109.6 -178.4  -59.5 -179.9  1.019  121.5  3.801  5.869 -176.4 -178.6
L -100.9  120.2  108.9  175.7  178.3    nan  1.000  111.7  3.791  5.892 -156.4 -165.3
T -112.7  137.9  110.2  178.2  -56.3 -174.3  1.037  120.0  3.836  5.963 -174.9 -174.2
L -131.9  170.5  108.3 -177.2  -36.6    nan  0.979  134.2  3.788  5.747 -162.7 -178.8
T  -75.1  158.3  107.6  169.1   45.3  -77.0  0.995   82.4  3.846  5.421  -85.8  -87.3
K  -57.3  -41.2  110.7  176.3  173.9    nan  1.020  102.1  3.831  5.252  -74.7  -81.2
D  -70.2  -43.9  112.9  178.8  -63.6    nan  1.062   89.5  3.822  5.208   55.0   75.8
E  -61.3  -32.7  114.7  173.5  168.8    nan  1.071  101.9  3.871  5.472   61.5   78.2
Y  -64.9  -38.5  111.2  174.0  170.2    nan  1.021   97.4  3.804  5.426   72.1   84.8
E  -79.7  -12.9  114.6 -179.2  -68.2    nan  1.070   94.7  3.804  5.184   49.9   71.5
R  -76.5  -10.1  111.2  174.3  -67.0    nan  1.024   99.7  3.806  5.644   80.7   92.6
H -125.9  168.9  115.5 -178.3  -62.5    nan  1.064  129.9  3.842  5.136   31.8   53.3
N -117.1  -56.8  116.6 -174.8  -55.0    nan  1.069   54.4  3.796  5.342 -123.0 -123.6
S  -89.2  124.7  112.9 -172.4 -172.6    nan  1.032  108.2  3.772  4.542   32.6   52.1
Y -129.0  121.3  109.3  179.1  -71.3    nan  1.018  123.2  3.838  5.918  175.5  172.0
T -124.5  134.4  113.5 -172.4  -59.9  179.4  1.047  129.1  3.773  5.791 -174.5  177.7
C -117.7  104.3  106.1  176.2  171.7    nan  0.976  110.7  3.765  5.745 -158.8 -172.8
E  -98.0  141.7  112.8 -177.6 -162.8    nan  1.022  110.3  3.770  5.865 -169.1 -175.0
A -132.3  115.4  114.0 -175.2    nan    nan  1.048  124.1  3.822  5.763 -168.8 -168.2
T -100.5  110.8  109.5 -179.2  -35.5 -156.0  1.011  111.8  3.791  5.893 -158.5 -170.9
H -137.6  160.2  108.8 -176.5 -169.3    nan  1.000  140.2  3.816  5.811  159.1  150.5
K  -67.2  -26.9  115.1 -174.6 -160.6    nan  1.067   99.7  3.836  5.433  -83.4  -82.5
T  -70.7  -14.5  117.2 -179.2   60.5  -62.7  1.089  102.3  3.833  5.454   71.2   91.5
S -132.0  146.0  109.9  176.8 -164.9    nan  1.014  134.1  3.831  5.134   21.6   38.7
T  -91.1    0.0  112.4  176.6   53.5  -68.2  1.059   88.9  3.813  5.702 -126.3 -127.2
S -144.2  133.3  108.4  176.4   46.1    nan  1.007  133.6  3.820  5.206   21.6   37.6
P  -51.3  143.6  117.8 -170.4  -30.3    nan  1.071   73.3  3.880  5.634  -88.3  -93.4
I  -90.0  107.2  102.1  175.6  -55.4 -175.0  0.945  101.6  3.814  5.737 -123.5 -135.4
V -107.4  138.3  115.0 -171.6  176.8  -64.4  1.057  119.5  3.807  5.972 -176.7 -173.6
K -134.2  132.2  109.9  176.0  -73.3    nan  1.025  130.5  3.842  5.865 -177.0  179.1
S -132.1  167.8  115.0 -174.0  -56.1    nan  1.047  136.2  3.795  5.733 -170.5 -180.0
F -149.3  150.2  108.3  164.9   69.3    nan  1.032  145.7  3.769  5.392 -173.5 -165.2
N -115.1  131.0  106.5  179.2 -158.1    nan  0.987  118.1  3.797  5.654 -141.9 -145.5
R  -69.1  -55.3  112.9 -176.6  -82.6    nan  1.035   84.5  3.807  5.804 -108.0 -118.6
N  -84.2   64.9  110.1  176.4  -18.4    nan  1.018  110.7  3.758  4.838   33.0   47.9
E -158.4    nan  103.6  174.5   25.9    nan  0.953    nan  3.783  5.683   83.7   78.5
