Id   phi    psi    tau  omega    chi    chi2  solid    eta  CA-CA  CB-CB  BA^AB  NA^AC
V    nan  124.6  107.9    nan -173.9  -54.8  1.007    nan    nan    nan    nan    nan
Q -140.1  140.3  108.2 -170.6 -162.4    nan  0.984  135.9  3.736  5.718  177.7  163.6
L -140.4   79.1  107.0  177.0 -133.0    nan  0.992   92.2  3.751  5.591  178.6  175.0
Q  -81.8  103.6  111.5  179.4 -146.2    nan  1.042  108.6  3.722  6.074  175.5  175.7
E  -81.5  145.7  111.9  175.7  -87.4    nan  1.023   94.9  3.732  5.960 -149.5 -166.6
S  -61.1  164.4  114.2  180.0   69.6    nan  1.062   68.3  3.764  5.380  -89.5  -99.3
D  -61.2  155.5  118.2  180.0 -114.0    nan  1.087   74.6  3.797  5.109  -71.7  -77.7
A  -59.6  142.6  112.3  176.9    nan    nan  1.030   78.2  3.814  5.272  -76.7  -90.3
E -131.0  140.8  117.3 -168.6 -165.4    nan  1.062  136.7  3.796  5.547 -158.7 -165.0
L -123.4  129.3  107.7  171.9  176.9    nan  1.002  123.0  3.829  5.773 -166.2 -170.8
V -143.6  142.9  109.3 -176.8  172.1  -73.1  1.012  139.5  3.815  5.749  170.8  164.1
K  -60.9  154.5  113.0  175.9  -53.7    nan  1.029   73.0  3.852  5.606  -92.0 -103.7
P  -52.4  136.4  116.8  162.8  -31.9    nan  1.066   78.7  3.903  5.270  -85.5  -88.7
G   92.3  -24.5  112.4  179.6    nan    nan    nan   97.0  3.842    nan    nan   32.7
A  -82.9 -176.2  114.0  179.5    nan    nan  1.053   81.4  3.824    nan    nan   81.0
S -124.2  161.5  112.7 -178.2  -62.4    nan  1.034  129.3  3.826  5.273 -119.4 -112.8
V -140.2  154.4  112.4  178.4   66.0 -172.9  1.043  143.0  3.823  5.494 -160.2 -158.8
K -129.0  118.1  110.3  172.1  -64.8    nan  1.023  122.3  3.861  5.753 -159.5 -156.9
I  -93.4  136.8  108.7  177.8  -46.9 -168.9  1.002  105.2  3.780  5.862 -147.2 -163.9
S -112.8  160.0  111.5  175.7   57.6    nan  1.043  118.7  3.843  5.881 -160.2 -157.2
C -142.0   84.4  106.8 -179.4  177.8    nan  0.981   95.7  3.795  5.500 -157.3 -163.4
K  -75.3  109.0  113.1  179.9  174.0    nan  1.051  106.0  3.760  6.021 -170.8 -172.5
A  -85.7  148.0  110.8  175.0    nan    nan  1.011   97.1  3.759  5.978 -149.5 -166.7
S -165.4  148.0  108.5  176.4 -170.9    nan  1.001  149.7  3.774  5.495  163.9  156.0
G  109.8  -16.5  114.5  177.1    nan    nan    nan   77.7  3.789    nan    nan   62.8
Y -145.4  177.7  108.8  177.2   67.8    nan  1.005  146.1  3.851    nan    nan   21.6
T  -83.3  117.2  110.0  179.3  -61.5  178.6  1.029  104.4  3.861  5.327  -86.7  -81.3
F  -51.0  -48.4  116.3 -172.3 -169.8    nan  1.078   99.2  3.788  5.768 -101.2 -114.9
T  -75.1    2.6  115.2  179.0   56.5  -63.4  1.080  105.9  3.778  5.004   45.7   66.3
D  -83.1  -13.0  112.0  173.6  -65.7    nan  1.031   91.9  3.890  5.987   90.0  100.2
H -144.1  160.9  113.4 -176.7  -46.2    nan  1.029  147.3  3.880  5.042   19.0   31.7
V  -89.1  162.1  111.7  173.6  -62.6   58.6  1.044   95.6  3.806  5.344 -110.3 -110.3
I -119.7  119.3  108.0  177.0  -65.3  172.5  1.006  118.4  3.844  5.621 -138.1 -137.6
H  -97.0  149.0  112.5  177.0  -55.2    nan  1.026  107.5  3.812  5.971 -153.7 -161.0
W -118.6  133.7  104.4  176.4  -68.3    nan  0.978  119.3  3.801  5.587 -151.9 -152.6
V -124.0  150.7  107.8 -175.4  176.0  -67.8  1.001  127.7  3.801  5.833 -163.8 -170.6
K -109.2  126.3  105.8 -179.3 -170.8    nan  0.973  113.7  3.790  5.691 -135.3 -139.1
Q -112.9  115.1  113.4 -175.9 -177.1    nan  1.069  119.7  3.782  5.938 -164.2 -164.6
K   39.1 -133.7  114.7  168.3  -53.9    nan  1.077   69.8  3.692  4.587  -22.7  -52.3
P  -56.5  164.1  115.7  -11.9  -26.5    nan  1.054   64.4  3.299  4.638  144.4 -161.7
E   76.9  -69.0  109.8 -176.2  -71.6    nan  1.037  112.9  3.787  4.959   74.4   52.7
Q -163.0  148.6  113.0 -174.7 -170.1    nan  1.035  151.1  3.801  4.432  -52.6  -41.2
G  106.0  131.7  113.1  173.9    nan    nan    nan   84.3  3.747    nan    nan   57.0
L -111.7  140.5  104.6  175.3  -65.4    nan  0.956  115.8  3.725    nan    nan -171.0
E -133.0  122.9  110.4 -178.2  173.6    nan  1.025  125.8  3.810  5.714 -173.9 -170.9
W  -73.2  126.7  112.2  179.1  178.4    nan  1.047   96.7  3.842  5.929 -126.9 -134.3
I  -95.7  -53.1  108.6 -177.1  -62.7  175.7  1.003   71.8  3.799  5.861 -141.1 -153.1
G  164.8  173.4  112.5 -179.6    nan    nan    nan  161.2  3.793    nan    nan  -67.2
Y -133.9  161.6  114.7  176.7   75.3    nan  1.084  138.8  3.770    nan    nan -136.4
I -127.7  145.4  112.5  176.3  179.2   56.6  1.063  132.5  3.794  5.527 -147.1 -147.9
S -100.9  113.2  109.0  172.9  -87.5    nan  1.001  111.6  3.818  5.732 -132.5 -141.7
P  -62.1  126.6  110.4  159.1  -19.8    nan  0.987   88.2  3.824  5.700 -132.2 -148.3
G  110.4  -75.5  108.0 -179.2    nan    nan    nan  101.2  3.792    nan    nan   43.4
N  -55.6  -47.7  115.3  178.2 -117.0    nan  1.038   96.9  3.729    nan    nan   57.2
G   86.8   -5.0  110.0 -175.3    nan    nan    nan   94.9  3.736    nan    nan -136.6
D  -67.7  126.1  114.5 -176.8 -146.6    nan  1.081   95.0  3.848    nan    nan  116.6
I -115.7  132.4  110.5  178.2  -61.3 -179.2  1.021  121.7  3.735  5.683 -162.1 -179.4
K -118.7  139.4  108.5  172.0  -61.4    nan  0.998  123.1  3.772  5.805 -165.8 -175.7
Y -126.6  158.0  111.9  177.7  -68.6    nan  1.015  131.7  3.839  5.854 -165.2 -168.8
N  -78.9  135.3  100.8  169.5  177.1    nan  0.903   89.6  3.728  5.067  -97.5 -110.1
E  -55.0  -34.6  114.8 -179.6   48.6    nan  1.074  106.1  3.825  5.743  -99.7  -99.5
K  -62.3  -32.5  113.1  176.4  176.5    nan  1.043  101.8  3.835  5.375   72.9   87.5
F  -98.9   -2.7  116.9 -178.8  -70.4    nan  1.087   79.9  3.808  5.098   34.6   59.7
K  -65.2  121.0  108.9  177.1  -86.1    nan  1.004   92.0  3.841  5.865  107.3  113.9
G   95.5  -27.2  112.0 -179.4    nan    nan    nan   94.9  3.810    nan    nan   22.7
K  -80.2  -45.7  111.0  175.7 -174.6    nan  1.010   82.3  3.805    nan    nan   75.6
A -117.1  142.6  111.4 -178.0    nan    nan  1.021  124.0  3.803  4.774    6.4   27.8
T -128.5  113.2  109.2  177.6  -63.0  175.1  1.016  118.8  3.847  5.782 -167.9 -167.4
L  -94.1  136.7  111.6 -177.2  -49.9    nan  1.049  107.7  3.803  5.956 -159.1 -159.6
T -134.2  165.1  105.9 -179.4  -83.2  155.7  0.976  136.4  3.735  5.665 -169.8  174.8
A -151.9  147.4  105.6  175.9    nan    nan  0.961  144.2  3.780  5.583 -166.5 -169.2
D -129.3  102.7  104.3 -179.6 -169.3    nan  0.955  109.0  3.765  5.594 -160.3 -163.0
K  -58.5  -41.6  112.6 -179.3  -56.4    nan  1.037  100.0  3.793  6.031 -129.6 -137.5
S  -58.6  -29.1  114.9 -179.4   48.6    nan  1.085  106.3  3.845  5.347   73.4   88.5
S -114.0    4.5  113.8  178.4   65.1    nan  1.057   67.9  3.815  5.098   25.6   45.5
S   51.1   49.7  113.0 -177.1  -65.9    nan  1.060  100.0  3.873  5.631 -125.4 -126.1
T -137.3  120.6  115.1 -175.9  -56.7 -176.5  1.068  128.4  3.834  5.642   87.4   97.2
A  -87.8  141.6  110.0  174.7    nan    nan  1.005  100.5  3.780  5.852 -140.7 -156.8
Y -125.2  155.2  110.5  178.3  -59.4    nan  1.014  130.0  3.799  5.728 -161.6 -166.0
M -134.1  128.0  105.7  172.8  174.9    nan  0.976  125.5  3.712  5.422 -159.6 -164.4
Q -104.9  133.5  107.0  173.9 -178.0    nan  0.981  112.5  3.729  5.744 -156.5 -162.9
L -118.3  135.7  108.1  175.0  -77.3    nan  1.012  122.1  3.820  5.839 -168.9 -168.1
N -117.3  161.0  114.6 -169.3  -48.8    nan  1.056  123.7  3.779  5.692 -152.1 -157.5
S   39.1   63.5  113.5 -179.6  -70.3    nan  1.059   97.0  3.883  4.824   30.4   12.3
L  -70.4  130.0  117.7 -171.6  -64.6    nan  1.115   96.9  3.729  6.055  171.1  180.0
T -119.6  171.4  104.7  175.6   65.8  -53.8  0.973  121.5  3.731  5.781 -162.1  177.9
S  -67.9  -18.0  113.2 -179.1   63.2    nan  1.050  104.2  3.790  5.212  -74.1  -73.0
E  -70.0  -22.9  109.1  176.4   -0.8    nan  1.018  101.3  3.833  5.754   85.1   95.1
D  -81.0   -4.7  111.3  175.9  -52.1    nan  1.025   97.3  3.829  5.475   69.2   79.7
S  -71.0  117.0  105.0  172.7  -64.4    nan  0.965   94.1  3.820  5.782   97.2  102.4
A -174.3  176.3  111.4 -178.1    nan    nan  1.009  174.4  3.828  5.596  130.2  116.8
V  -96.5  131.8  108.4  172.4  171.1  -73.3  1.017  108.0  3.841  5.389 -105.9  -98.9
Y -110.2  121.8  112.0 -179.3  -69.1    nan  1.034  118.7  3.820  5.835 -154.6 -158.9
L -107.8  128.3  115.4 -179.4  -61.6    nan  1.050  120.7  3.767  5.799 -160.5 -169.5
C  -95.6  149.5  108.6  169.8   58.6    nan  1.017  104.1  3.846  5.887 -151.8 -155.6
K -133.6  150.8  110.2 -179.7  176.9    nan  1.007  136.4  3.853  5.663 -160.7 -164.1
R  -93.7  124.6  107.8  174.2 -169.2    nan  0.982  106.7  3.828  5.599 -123.1 -126.9
G  -49.9  123.6  114.5  179.8    nan    nan    nan   84.8  3.865    nan    nan -109.4
Y -105.8   99.4  119.2 -175.1  -59.5    nan  1.099  120.5  3.800    nan    nan -163.5
Y -113.5   13.8  113.6  178.8   12.3    nan  1.051   72.6  3.802  5.904  170.3  157.6
V  -15.0  140.4  113.2    4.1  110.2  174.5  1.044   47.2 10.466 12.764    7.3    2.4
D -112.9  120.3  107.1 -179.5 -170.0    nan  0.985  115.5  3.793  5.675 -147.1 -157.4
Y -104.1  130.0  117.2 -173.5  -56.0    nan  1.093  119.7  3.788  5.909 -162.0 -158.0
W -120.5  159.0  109.3  176.3  -63.1    nan  0.995  125.2  3.775  5.775 -163.2  179.0
G  -75.8  176.9  109.5  174.6    nan    nan    nan   76.8  3.795    nan    nan -100.0
Q  -85.0  -23.9  114.0 -175.7   74.9    nan  1.066   85.2  3.784    nan    nan  -79.4
G  114.9  153.5  111.5 -176.8    nan    nan    nan  103.2  3.810    nan    nan  -90.6
T -138.1  115.6  106.1  176.8  -64.5  173.9  0.990  119.3  3.780    nan    nan -168.6
T  -85.6  115.1  107.7 -179.2  -43.1 -161.9  1.004  104.0  3.776  5.985 -145.1 -151.2
L -103.8  129.9  107.2  176.1  168.6    nan  0.991  111.9  3.768  5.972 -164.8 -173.9
T -120.1  131.3  108.4  176.3  -56.6 -173.7  1.019  122.5  3.782  5.799 -169.9 -175.2
V -112.4  108.3  106.5 -179.8 -172.3  -50.9  0.981  111.7  3.802  5.879 -153.6 -165.4
S -164.9  154.9  112.5 -175.7 -169.6    nan  1.034  156.4  3.790  5.575  128.9  120.4
S  -80.3  -18.9  111.8  174.5  -67.5    nan  1.031   92.3  3.770  5.434 -102.8 -111.0
A  -59.3  162.2  114.4  178.9    nan    nan  1.055   67.9  3.845  5.648   94.6  106.9
K -102.9  168.1  109.9  179.8  -55.7    nan  1.019  106.7  3.781  5.399 -119.5 -119.9
T  -84.1  133.3  110.2  174.7   64.9  -57.2  1.049  100.4  3.815  5.581  -99.4  -94.8
T -121.8  117.3  102.8  173.4  -54.6 -175.7  0.933  114.1  3.730  5.737 -159.9  179.8
P  -59.0  148.1  114.2  162.1   27.8    nan  1.022   75.4  3.851  5.791 -128.5 -135.5
P  -72.9  151.1  113.4  178.7   36.0    nan  1.024   85.8  3.864  5.631 -106.9 -105.5
S  -96.0  115.2  104.5  172.1  -91.1    nan  0.964  105.7  3.752  5.655 -126.9 -132.1
V  -93.1  113.7  112.5 -179.0 -177.7  -58.0  1.050  111.8  3.821  6.021 -158.0 -157.1
Y -104.5  127.1  110.7 -178.3  -60.8    nan  1.027  115.1  3.836  6.021 -167.0 -172.6
P  -65.5  132.2  114.0  170.5   29.1    nan  1.032   89.7  3.887  5.755 -119.0 -128.0
L -114.8   98.0  110.7  179.4  -52.6    nan  1.029  112.1  3.827  5.898 -162.3 -166.2
A -104.7  145.8  112.3 -178.4    nan    nan  1.023  114.6  3.801  5.984  180.0  170.4
P  -54.0 -133.2  117.6 -179.9   22.9    nan  1.079   47.5  3.901  5.480  -86.7  -88.9
S   -8.3  -57.6  113.4   34.5 -178.9    nan  1.045  118.8 13.332 12.879  151.1  -14.8
M -124.2  129.1  105.5  179.3  -77.5    nan  0.949  121.7  3.787  4.638   -6.8    6.7
V -102.8  148.8  113.0  179.2   66.2 -170.6  1.058  112.7  3.820  5.826 -157.8 -153.3
T -116.0  131.8  108.5  176.0  -59.5 -179.1  1.006  120.3  3.820  5.794 -146.0 -150.9
L -117.8  176.4  108.8  177.6  -58.6    nan  0.992  118.9  3.792  5.751 -161.1 -172.1
G -163.6  173.9  115.2  178.6    nan    nan    nan  165.1  3.816    nan    nan -164.6
C -140.4  135.7  106.7  172.9  -85.7    nan  0.982  132.8  3.804    nan    nan -146.8
L -108.7  118.0  106.8  176.9 -176.0    nan  0.985  113.1  3.806  5.742 -151.5 -156.8
V -101.3   92.1  105.4 -179.1 -178.2  -58.0  0.963  105.6  3.791  5.892 -158.0 -167.1
K -108.8  139.7  116.3 -170.4 -172.4    nan  1.082  121.1  3.779  6.041  163.0  171.3
G   60.2   60.1  117.3  172.5    nan    nan    nan   84.4  3.740    nan    nan   -2.5
Y -115.9  165.7  113.9  177.0   62.0    nan  1.058  120.9  3.821    nan    nan  123.3
F -158.9  134.5  108.9  173.6 -161.3    nan  1.014  137.4  3.818  5.464 -176.3 -175.3
P  -96.4 -174.4  115.5   -4.0   44.2    nan  1.026   94.0  3.011  4.736   27.0   23.3
E  -64.7  153.6  110.0  168.7  -73.8    nan  1.001   75.8  3.824  5.134  -62.7  -58.6
P  -95.8  178.4  116.4   -3.3   45.2    nan  1.038   96.5  3.056  4.471   36.1   42.2
V -133.7  145.8  104.6  170.7  135.2 -107.5  0.973  132.4  3.749  5.375 -144.2 -134.9
T -127.3  129.5  111.7  171.3   46.6  -76.9  1.064  127.8  3.837  5.935 -171.8 -163.0
V -110.1  127.7  112.2 -177.6 -172.3  -52.2  1.039  119.4  3.814  5.843 -152.0 -163.4
T -122.0  166.3  107.8  168.6   54.0  -69.2  1.010  125.2  3.821  5.931 -177.7  175.6
W -127.3  127.6  106.8  177.2  -76.7    nan  0.987  123.5  3.808  5.448 -140.1 -141.1
N   50.5   41.3  114.5 -177.4  -80.2    nan  1.076  105.5  3.797  4.937    9.2  -11.9
S   60.0   37.9  114.7  179.9  -58.4    nan  1.077   99.9  3.807  5.463  -81.2  -87.2
G   88.9    2.6  113.6 -179.2    nan    nan    nan   90.0  3.811    nan    nan  -62.7
S  -81.8  -24.6  115.6  176.6  -75.8    nan  1.080   87.2  3.842    nan    nan  105.4
L -106.5  140.5  104.8  174.2  -67.9    nan  0.977  112.0  3.810  5.245   37.2   51.8
S -155.8  -52.9  115.7 -170.0  175.1    nan  1.068   46.2  3.795  5.582  171.4  168.2
S  -68.8  -26.4  115.5 -175.9   59.0    nan  1.082   98.4  3.777  4.985   51.4   72.9
G  -92.9    9.8  111.3  174.5    nan    nan    nan   90.6  3.812    nan    nan   65.0
V  -95.9  141.1  110.7 -178.4 -178.4  -60.2  1.034  107.6  3.831    nan    nan  100.2
H -140.3  105.9  103.8  176.8  -64.9    nan  0.961  111.0  3.765  5.708 -175.0  173.6
T -100.9  135.5  107.6  176.4  -64.9  176.5  1.009  110.0  3.831  6.081 -175.4 -178.2
F  -98.1  130.9  115.9 -172.8  -64.9    nan  1.085  114.8  3.769  5.725 -135.9 -140.0
P  -46.7  123.8  113.3  171.9  -36.4    nan  1.023   81.8  3.831  5.446  -90.3 -109.3
A  -59.6  146.5  112.7  178.9    nan    nan  1.035   76.3  3.783  5.826 -109.4 -121.8
V -125.2  128.1  105.7  178.7  171.7  -71.8  0.991  122.0  3.765  5.618 -156.4 -164.0
L  -85.1  116.6  110.5  178.7 -177.2    nan  1.011  105.9  3.766  5.796 -130.6 -141.2
Q -134.2  128.2  105.9  173.6  -89.6    nan  0.981  125.8  3.798  5.869  161.4  154.4
S   46.6   57.1  116.1 -179.2  -68.4    nan  1.098   96.0  3.789  4.863    3.2  -16.3
D   63.3   13.7  118.8  176.7  -51.8    nan  1.118  109.5  3.753  5.407  -60.1  -73.7
L -134.1  154.3  110.6  178.5  -69.3    nan  1.024  137.4  3.810  5.408   49.4   62.0
Y -103.7  146.8  112.2 -178.8  -72.9    nan  1.025  113.5  3.775  5.537 -125.1 -128.9
T -142.1  128.2  107.9  175.9  -64.1  176.1  1.007  129.6  3.770  5.586 -176.1  179.2
L -131.4  158.8  108.2  172.6   72.1    nan  1.009  134.6  3.757  5.815  175.7  169.6
S -129.2  163.9  108.3  175.1   49.7    nan  1.002  132.4  3.790  5.586 -153.7 -150.5
S -141.2  133.1  109.7  175.8  178.6    nan  1.009  133.4  3.790  5.516 -159.7 -157.4
S -115.2  141.5  112.6  176.4   68.1    nan  1.036  123.4  3.817  5.821 -162.1 -165.3
V -121.7  141.5  107.6  171.3   68.8 -170.6  1.018  124.8  3.820  5.731 -165.5 -166.8
T -118.4  106.4  108.2  179.4  -46.1 -166.9  1.005  113.4  3.838  5.876 -154.2 -157.8
V -107.7  164.2  110.8  178.7  -64.1   56.6  1.036  112.6  3.853  6.064 -179.8  176.2
P  -64.8  145.5  112.0  169.5   22.9    nan  1.026   80.8  3.897  5.376  -85.0  -84.1
S  -58.5  -28.1  112.3 -178.5  -62.7    nan  1.039  107.9  3.825  5.627  -86.1  -95.5
S  -55.8  -21.2  115.4  174.7  169.3    nan  1.055  113.3  3.773  5.346   84.1   97.6
T -112.0  -14.7  115.7 -174.3   61.3  -59.8  1.085   62.3  3.809  5.053   34.3   61.5
W -133.8  133.4  107.5  176.9 -176.8    nan  0.993  129.3  3.808  5.158   18.3   35.7
P  -83.6    6.4  121.2    3.9   39.7    nan  1.112   99.7  3.002  4.986   44.0   42.7
S  -57.7  -41.2  112.1 -178.0   49.8    nan  1.054  101.1  3.846  5.985  121.5  134.2
E -109.4  154.6  109.5  175.1  -66.9    nan  1.009  115.8  3.798  5.009   16.3   34.7
T  -79.0  138.0  115.8 -178.2  -59.8 -178.2  1.078   98.3  3.813  5.478 -103.2 -103.0
V -125.0  125.3  105.1  173.2 -176.7  -61.4  0.988  120.4  3.829  5.873 -167.1 -176.3
T -131.7  131.7  108.8 -174.5  -57.1 -178.4  0.987  128.5  3.816  5.863 -176.1  173.2
C  -98.0  144.7  108.7  172.3   71.6    nan  1.013  107.3  3.846  5.919 -151.1 -150.7
N -119.5  121.9  103.5 -176.8  -39.2    nan  0.957  115.7  3.806  5.670 -148.8 -155.7
V -122.5  125.5  107.7 -175.4 -174.6  -52.9  0.989  121.3  3.791  5.896 -174.7 -179.7
A -115.8  135.7  108.4  179.4    nan    nan  0.990  120.7  3.778  5.855 -166.9 -173.1
H -125.8   94.8  103.3  175.9 -178.3    nan  0.947  103.6  3.760  5.682 -169.5 -176.0
P  -56.1  -40.0  114.9 -176.0   25.5    nan  1.051  101.7  3.859  6.034 -139.9 -138.6
A  -66.7  -15.9  115.1 -179.0    nan    nan  1.067  105.8  3.815  5.363   62.7   83.5
S -117.0    6.0  110.8  173.4   74.5    nan  1.033   65.3  3.824  5.299   32.3   50.8
S   51.9   41.2  115.1  179.3  -67.0    nan  1.077  104.1  3.848  5.591 -127.3 -127.0
T -111.3  142.6  108.9  177.5   50.0  -72.5  1.021  118.1  3.768  5.896  102.1  109.2
K -133.7  111.2  103.0  174.6  -75.3    nan  0.945  113.7  3.772  5.680 -165.9  179.9
V -120.8  131.7  111.5 -174.9  164.6  -79.1  1.038  125.1  3.785  5.855  172.7  173.1
D -112.9  139.9  109.7  177.4  -54.2    nan  1.007  119.8  3.783  5.877 -158.1 -166.0
K -135.8  117.7  108.9  175.3  -67.6    nan  1.009  122.2  3.818  5.790 -178.5 -178.5
K  -77.7  131.6  109.0  174.5 -178.5    nan  1.003   95.5  3.738  5.750 -134.1 -148.1
I  -89.4  110.9  104.5  177.6  -43.3 -165.8  0.971  103.3  3.767  5.795 -130.8 -145.2
E -106.9    nan  110.5  179.0   -7.2    nan  1.007    nan  3.756  5.886 -170.7 -179.6
