Id   phi    psi    tau  omega    chi    chi2  solid    eta  CA-CA  CB-CB  BA^AB  NA^AC
S    nan   -3.4  113.7    nan  -40.9    nan  1.087    nan    nan    nan    nan    nan
E  -63.4  102.3  109.1  179.7 -176.5    nan  1.030  101.0  3.785  5.807  105.5  116.9
L  -51.5  -48.4  113.6 -179.5  -58.0    nan  1.069  100.3  3.786  5.942 -120.7 -133.6
D  -50.3  -50.6  110.4 -179.5 -157.4    nan  1.036  101.4  3.804  5.335   78.3   89.3
Q  -64.1  -41.7  112.1 -179.5  -64.0    nan  1.069   95.8  3.808  5.194   56.9   74.0
L  -62.6  -52.6  111.7  179.5  -79.8    nan  1.058   91.1  3.814  5.384   68.4   83.0
R  -67.6  -20.6  110.9  179.9   62.9    nan  1.079  104.0  3.810  5.182   50.6   68.5
Q  -74.5  -47.9  107.4  178.7 -176.7    nan  0.993   88.0  3.811  5.604   77.5   89.1
E  -57.9  -41.3  108.2  179.0  179.9    nan  1.006  103.0  3.806  5.263   67.5   79.3
A  -56.1  -44.4  110.5  179.3    nan    nan  1.036  101.2  3.802  5.343   74.6   87.9
E  -64.0  -46.9  111.1  180.0 -169.3    nan  1.054   93.6  3.805  5.293   63.3   79.0
Q  -61.6  -37.0  110.5  179.7  178.6    nan  1.053  101.2  3.822  5.329   64.8   78.8
L  -66.1  -44.5  108.4  178.8  -69.5    nan  1.018   95.0  3.807  5.409   69.9   82.3
K  -62.4  -36.6  109.6  179.0  -68.6    nan  1.029  101.2  3.807  5.299   65.0   78.7
N  -64.2  -47.0  108.9  178.8  -74.5    nan  1.023   94.8  3.808  5.413   71.1   84.3
Q  -59.2  -40.9  110.5  179.5  -65.3    nan  1.034  101.0  3.808  5.296   67.8   80.2
I  -63.2  -47.9  112.3  179.9  -61.8  176.7  1.069   92.9  3.806  5.334   67.0   83.1
R  -58.5  -41.4  112.3 -179.4   73.8    nan  1.084  100.2  3.817  5.339   67.2   82.3
D  -64.0  -46.6  110.6 -179.8  -49.5    nan  1.033   94.1  3.820  5.412   71.0   82.3
A  -53.4  -43.2  108.9  179.6    nan    nan  1.016  104.9  3.804  5.302   76.0   86.1
R  -64.1  -48.3  110.4  179.3  -69.6    nan  1.034   93.2  3.798  5.281   64.2   78.8
K  -56.7  -37.5  111.7  180.0  -65.0    nan  1.056  104.3  3.812  5.285   68.4   82.3
A  -62.7  -33.2  110.0  179.5    nan    nan  1.030  102.5  3.807  5.395   73.4   86.1
C  -89.0  -21.5  112.7  179.9  -59.0    nan  1.064   82.7  3.801  5.209   44.7   66.0
A  -76.1   69.3  111.1 -179.9    nan    nan  1.047  114.3  3.824  5.505   72.2   89.1
D  -90.6  -17.2  115.6 -179.0   66.5    nan  1.110   82.1  3.805  6.100  154.4  160.6
A -160.4  160.5  111.5 -179.6    nan    nan  1.046  158.2  3.818  4.881   -7.0    7.5
T -103.7  154.0  110.0  179.8  -46.0 -166.6  1.016  111.0  3.811  5.546 -120.1 -122.4
L  -52.2  -45.8  112.8  179.9 -179.8    nan  1.066  102.0  3.823  5.367  -73.0  -80.1
S  -48.1  -41.1  112.9 -179.9  -45.1    nan  1.054  108.2  3.820  5.391   82.5   93.5
Q  -63.3  -49.4  109.9 -179.9  -59.5    nan  1.018   93.5  3.810  5.329   70.9   83.0
I  -60.3  -26.8  111.9 -179.8  -59.5  178.3  1.050  107.3  3.808  5.209   63.2   78.0
T -110.5   12.2  114.1 -179.3   50.6  -69.6  1.068   74.9  3.814  5.140   30.0   52.5
N  -63.8   -8.9  112.7 -179.3 -169.0    nan  1.064  112.5  3.819  5.951  120.6  132.5
N -107.7    3.4  111.6  179.8   55.2    nan  1.040   73.6  3.813  5.382   50.8   70.1
I  -95.3  119.4  109.0 -180.0  -58.5  178.9  1.020  109.2  3.812  5.677   76.2   93.2
D  -60.7  137.2  110.3  179.9  -57.4    nan  1.025   81.1  3.807  5.833 -112.5 -125.7
P  -61.4  148.6  111.5  180.0  -27.9    nan  0.953   76.1  3.844  5.524  -93.3 -107.7
V  -70.9  154.9  109.2  179.0  -70.0   52.3  1.022   80.5  3.798  5.690 -103.5 -105.3
G  -61.4  151.9  109.3  179.4    nan    nan    nan   73.4  3.788    nan    nan  -88.0
R  -51.4  113.2  110.5 -179.7 -176.9    nan  1.050   90.4  3.801    nan    nan  -81.5
I  -74.3  105.4  110.4 -179.4  -53.4 -175.5  1.035  104.6  3.802  5.969 -132.6 -145.1
Q -123.8   86.2  109.6 -180.0  -55.0    nan  1.015  103.9  3.805  5.927  165.5  158.8
M  -76.6  153.1  111.2 -179.8  -71.2    nan  1.063   87.3  3.797  6.110 -170.2 -172.0
R -121.9  151.6  111.3 -178.6 -172.5    nan  1.021  127.7  3.800  5.597 -143.8 -148.4
T  -72.8  131.1  107.1  179.1  -55.9 -176.3  0.986   91.0  3.803  5.555  -94.4 -104.3
R -111.6  -46.6  109.2  179.9  -53.6    nan  1.004   61.6  3.789  5.809 -157.8 -162.0
R -127.8  151.5  110.8 -179.1 -105.5    nan  1.024  132.3  3.788  4.743   -6.0   14.8
T -129.7  117.8  106.7  179.0  -54.3 -174.7  0.993  119.6  3.797  5.658 -156.5 -160.3
L  -91.7  107.8  111.1 -178.8  -48.1    nan  1.046  110.6  3.799  5.928 -151.1 -155.0
R -103.3  124.5  110.8 -179.7  -56.9    nan  1.022  114.5  3.811  6.007 -170.1 -178.7
G  178.4  -48.7  114.4  179.9    nan    nan    nan   49.4  3.796    nan    nan  114.3
H  -62.3  150.1  111.4 -180.0  -82.0    nan  1.057   76.0  3.793    nan    nan   77.9
L -105.7    9.1  113.2 -178.9  -53.2    nan  1.055   78.0  3.802  5.625 -132.3 -134.8
A -163.0  179.3  112.3 -179.3    nan    nan  1.059  163.2  3.809  5.019   13.6   28.6
K  -46.2  126.0  114.9 -179.7 -179.3    nan  1.064   80.7  3.814  4.896  -40.9  -43.6
I  -79.8  127.3  107.4  178.8  -49.6 -171.7  0.989   97.3  3.809  5.861 -125.4 -140.7
Y  -94.9  -44.5  112.9 -179.7  -79.0    nan  1.066   70.6  3.807  5.871 -147.0 -147.9
A -150.0  165.9  111.4 -179.6    nan    nan  1.044  152.2  3.793  4.700  -24.5   -6.2
M -156.6  153.5  107.8  179.2   63.9    nan  1.016  151.1  3.795  5.453 -169.7 -171.9
H -150.8  127.6  111.3  179.7 -176.0    nan  1.054  132.3  3.802  5.592 -177.4 -178.1
W  -73.6  149.8  112.9  179.8  -82.0    nan  1.040   86.7  3.797  5.767 -117.2 -130.4
G  -92.4  160.8  107.7  178.1    nan    nan    nan   98.0  3.782    nan    nan -125.8
T  -51.8  -31.8  114.1 -179.3  -45.1 -165.2  1.068  110.9  3.817    nan    nan  -70.5
D  -73.5   -6.8  114.4 -179.5   64.1    nan  1.087  103.6  3.815  5.362   65.1   83.7
S   57.4   31.0  111.5 -179.1  -70.2    nan  1.048  107.6  3.830  5.557 -130.8 -132.0
R -132.5  -61.8  108.4 -179.7  174.9    nan  1.009   58.4  3.807  5.565   69.2   81.0
L  -77.3  139.1  107.9  178.7  -67.0    nan  0.997   91.7  3.791  5.006   34.1   48.2
L -140.8  158.5  107.9  179.4   80.0    nan  1.022  142.4  3.796  5.703  178.2  175.7
L -116.7  148.6  109.2 -179.9  174.4    nan  0.994  122.4  3.797  5.575 -134.5 -136.9
S -143.9  122.5  111.6  178.3   68.4    nan  1.076  128.1  3.797  5.629  179.4 -176.5
A  -96.1  130.1  107.7  179.7    nan    nan  0.991  107.4  3.794  5.859 -144.1 -158.9
S -127.8  161.9  115.0 -179.3  159.8    nan  1.104  133.3  3.803  5.788  179.0 -176.9
Q  -61.2  -17.3  110.8  179.8 -172.6    nan  1.023  111.5  3.804  5.204  -69.5  -81.7
D  -75.7    3.8  111.9  179.5   66.1    nan  1.070  105.7  3.811  5.538   72.8   93.0
G   67.8   40.7  112.3 -180.0    nan    nan    nan   93.4  3.802    nan    nan -113.6
K -141.2  136.9  112.2 -179.7  -63.8    nan  1.060  137.0  3.791    nan    nan   81.7
L -109.5  115.3  105.8  180.0 -142.8    nan  0.950  112.0  3.803  5.721 -143.4 -157.8
I -115.8  132.3  113.8 -178.9  -58.2 -179.4  1.081  124.1  3.813  5.980  175.1 -178.8
I  -98.3  114.8  104.2  178.1  -59.5  178.0  0.947  106.3  3.802  5.805 -135.5 -153.3
W -101.6  163.9  112.6 -179.2  -52.5    nan  1.023  107.3  3.805  5.976 -164.5 -165.6
D -115.1   90.2  101.3  176.3  179.6    nan  0.923  100.3  3.780  5.420 -129.2 -134.0
S  -45.6  -34.3  114.4 -178.4   62.2    nan  1.078  114.3  3.819  6.080 -133.7 -134.8
Y  -65.0  -43.2  114.2 -179.5  -69.4    nan  1.082   93.0  3.806  5.403   72.8   89.3
T -116.5   13.7  115.4 -178.3   49.8  -71.0  1.075   70.0  3.813  4.919   10.8   33.3
T   54.1    8.3  114.2 -179.4   60.9  -60.0  1.107  122.2  3.827  5.622 -114.6 -117.1
N  -78.2  151.8  112.1 -179.7  -74.7    nan  1.056   89.7  3.811  5.874  103.9  115.0
K  -94.6  119.4  108.3  179.9  -47.5    nan  1.001  108.2  3.793  5.539 -117.5 -124.9
V  -87.9  -43.3  110.2 -179.9 -171.3  -49.1  1.037   77.9  3.802  5.973 -145.4 -151.0
H -140.1  142.5  110.5  179.6  -53.8    nan  1.037  138.2  3.801  4.820  -14.8    4.6
A -126.3  122.5  102.6  178.8    nan    nan  0.930  117.8  3.807  5.677 -157.0 -168.9
I -127.0  107.8  115.3 -177.5  -52.3 -174.3  1.079  120.6  3.799  5.852  173.1  179.1
P  -66.3  132.7  109.5  179.4  -32.9    nan  0.933   87.2  3.833  5.841 -126.0 -145.0
L -106.4  159.9  110.4 -179.2  -52.1    nan  1.024  112.3  3.800  5.893 -158.0 -155.3
R  -78.9  -10.3  112.3 -179.9  -59.8    nan  1.057   97.1  3.802  5.463  -97.3  -97.9
S -140.4  151.5  110.2 -179.7  179.0    nan  1.026  141.5  3.807  5.063   17.3   35.3
S  -90.9  -18.9  109.2  179.2  -37.8    nan  0.987   83.0  3.794  5.553 -113.8 -121.2
W  -91.4   74.7  112.9 -178.3  -39.0    nan  1.066  111.6  3.801  5.272   54.2   78.0
V  -98.1  126.1  107.7  179.3 -173.5  -51.2  0.998  109.0  3.800  6.118  159.1  153.9
M  -94.4  -26.8  113.1 -179.0  -50.2    nan  1.065   75.8  3.802  5.876 -146.7 -148.3
T -150.9  165.9  112.3 -179.0 -174.9   64.5  1.047  153.2  3.794  4.822   -8.4    9.6
C -154.6  121.8  108.1  179.5   63.9    nan  1.022  126.1  3.799  5.458 -167.8 -169.8
A -104.4  159.0  111.1 -179.4    nan    nan  1.044  110.9  3.797  5.899 -159.0 -164.2
Y -131.7  120.8  105.2 -179.5 -154.7    nan  0.963  120.6  3.791  5.540 -147.8 -153.4
A  -61.6  139.4  110.1 -179.7    nan    nan  1.032   80.5  3.802  5.861 -115.8 -123.4
P  -59.9  -11.4  113.5  179.9   27.3    nan  0.998  115.0  3.832  5.497  -92.1 -103.4
S -100.0  -13.5  110.8  179.5   57.3    nan  1.023   75.5  3.809  5.379   49.4   75.2
G   78.9   -2.6  111.8 -179.1    nan    nan    nan  102.1  3.791    nan    nan -118.5
N  -71.9  -35.4  112.7 -179.5  -60.8    nan  1.057   92.3  3.799    nan    nan  111.1
Y -130.1  164.5  112.9 -178.7  -64.5    nan  1.052  134.5  3.797  4.852    3.7   24.5
V -144.8  150.2  104.8  179.2  126.4 -110.6  0.987  141.5  3.791  5.486 -158.6 -162.1
A -138.6  166.2  111.9 -179.0    nan    nan  1.051  141.9  3.799  5.670 -168.7 -166.5
C -163.9  163.0  109.4  179.2   62.1    nan  1.027  161.0  3.792  5.419 -176.3 -179.2
G -167.4  164.0  109.3  179.8    nan    nan    nan  163.3  3.781    nan    nan  173.7
G -169.5 -140.1  111.1 -179.9    nan    nan    nan  135.5  3.771    nan    nan  172.9
L  -62.3   -8.3  113.3 -179.8  -70.2    nan  1.090  114.1  3.789    nan    nan   -9.8
D  -77.8   -5.1  111.5  178.8   51.4    nan  1.067  100.3  3.808  5.687   82.5   98.9
N   63.0    5.1  114.5  178.8  -67.0    nan  1.082  114.8  3.833  5.557 -128.3 -127.4
I -117.5  147.0  111.0 -178.8  -54.0 -176.1  1.021  124.1  3.813  5.475   58.5   74.2
C -103.4  100.8  106.4  178.1 -175.5    nan  0.990  108.3  3.802  5.684 -134.6 -139.4
S  -81.9  139.8  111.1 -179.6  -59.7    nan  1.045   97.0  3.800  6.050 -158.5 -162.2
I -122.3  133.8  109.7 -179.9  -60.9  176.9  1.030  125.1  3.799  5.750 -159.4 -165.2
Y -119.8  145.7  111.4 -179.0  -59.0    nan  1.041  126.1  3.807  5.795 -162.6 -167.7
N  -99.1  117.5  109.6 -179.6 -163.8    nan  1.020  111.5  3.811  5.673 -129.7 -135.1
L  -89.1  -41.0  116.4 -178.1  -53.4    nan  1.108   73.7  3.813  5.955 -150.4 -151.5
K  -99.5  106.4  109.7 -179.4  -24.6    nan  1.005  111.4  3.815  5.143   34.2   50.0
T -167.7  155.4  113.4  179.7   28.0  -94.3  1.044  157.4  3.812  5.583  121.4  113.0
R  -66.6  -42.0  102.9  177.1  179.4    nan  0.937   99.1  3.804  5.319  -82.6  -96.7
E -102.6   81.4  103.8  177.4 -175.5    nan  0.951  101.4  3.793  5.001   22.0   38.5
G  -52.0  144.2  111.9 -179.7    nan    nan    nan   70.9  3.802    nan    nan -151.1
N -108.4  128.3  114.1 -178.9 -166.1    nan  1.104  120.0  3.787    nan    nan -142.9
V -136.4   -7.2  107.5 -180.0  170.8  -67.5  0.993   41.9  3.792  5.767 -178.5  164.8
R  -92.4  -50.2  112.3 -179.1  -57.9    nan  1.069   71.5  3.810  5.485   63.4   87.3
V  150.0  140.9  110.8  179.4  128.9 -109.2  1.083  124.0  3.840  5.008  -89.7  -79.5
S  -98.6  -50.3  104.2  177.6  179.5    nan  0.952   73.6  3.794  5.690 -127.9 -143.2
R -140.6  158.1  110.5  179.7 -107.5    nan  1.018  143.1  3.808  4.739  -24.1   -4.4
E -135.6   95.3  106.0  178.2  -75.4    nan  0.998  104.9  3.803  5.566 -157.8 -159.4
L  -70.4   93.0  111.7 -178.7  -50.3    nan  1.042  109.3  3.802  6.072 -149.8 -156.0
A  -99.3  139.6  109.9  179.8    nan    nan  1.029  110.0  3.805  6.051  176.0  170.9
G  168.1  -46.3  112.6 -179.9    nan    nan    nan   51.8  3.787    nan    nan  118.5
H  -59.4  133.4  111.0  179.9  -75.9    nan  1.039   82.8  3.792    nan    nan   82.1
T  -93.0   33.2  110.2  179.4   42.2  -77.8  1.031   98.3  3.806  5.798 -135.7 -142.9
G -164.0  160.6  108.3 -179.5    nan    nan    nan  159.3  3.797    nan    nan   49.3
Y  -52.6  147.6  113.6 -179.2   59.0    nan  1.076   69.9  3.809    nan    nan  -71.4
L  -86.5  113.6  107.2  179.1 -159.8    nan  0.995  104.2  3.809  5.630 -112.4 -122.0
S  -87.2  -35.2  114.5 -178.8   61.7    nan  1.086   78.6  3.799  5.963 -152.8 -153.0
C -157.9  157.7  112.5 -179.0 -174.3    nan  1.049  155.7  3.811  4.718  -22.3   -5.5
C -159.3  140.9  109.8  179.4   66.4    nan  1.039  143.3  3.819  5.538  179.0  175.7
R -140.5  128.3  109.4 -179.8  -69.3    nan  1.010  130.1  3.811  5.702 -174.8  177.7
F  -69.9  145.4  112.7  180.0  -80.3    nan  1.032   85.5  3.814  5.784 -114.1 -125.0
L -106.1  -32.7  106.1  177.6  -70.5    nan  0.976   67.8  3.807  5.663 -137.5 -145.5
D -173.8 -173.2  106.7  179.6   64.9    nan  1.006  169.5  3.807  4.774  -39.4  -24.7
D  -61.8  -21.5  114.9 -179.4  -71.1    nan  1.076  107.7  3.818  5.067  -53.1  -48.3
N -113.3  -15.0  116.3 -178.0  178.5    nan  1.111   60.9  3.810  5.101   31.5   56.9
Q -124.5  142.1  113.3 -179.5  -66.4    nan  1.086  130.3  3.808  5.177   27.1   49.9
I -151.6  141.2  109.0 -179.9  179.9   56.4  1.023  141.5  3.803  5.639  176.5  165.3
V -104.5  140.9  109.1  180.0 -176.0  -53.7  1.012  113.2  3.819  5.796 -139.3 -144.8
T -135.6  136.2  113.6 -179.5   65.1  -56.1  1.065  135.2  3.814  5.748 -174.2 -174.9
S  -98.2  154.4  105.1  178.1   49.3    nan  0.975  103.9  3.808  5.746 -136.0 -148.3
S -148.7  161.0  115.7 -178.8  165.0    nan  1.107  151.8  3.796  5.561 -178.1 -171.8
G  -72.4   -4.5  112.3  179.7    nan    nan    nan  105.9  3.776    nan    nan  -92.7
D  -86.5   11.6  111.2  179.0   67.1    nan  1.070   97.6  3.795    nan    nan   94.3
T   81.4    1.9  113.6  179.2  -68.8  169.7  1.109   97.8  3.823  5.382  -95.9  -94.2
T -118.5  159.6  116.5 -178.9   -5.6 -126.7  1.081  125.7  3.817  5.511   51.8   72.1
C -124.5  156.1  102.1  176.7  -76.0    nan  0.934  126.0  3.804  5.480 -140.1 -150.0
A -160.5  149.5  115.7 -178.9    nan    nan  1.098  152.3  3.814  5.503  171.2  177.2
L -101.8  129.9  106.1  178.5  172.4    nan  0.975  109.8  3.797  5.574 -124.9 -137.7
W -117.5  151.8  113.4 -178.7  -52.6    nan  1.043  125.0  3.808  5.855 -166.2 -166.4
D -103.9   95.0  103.2  177.4 -175.4    nan  0.946  104.0  3.796  5.574 -127.8 -136.9
I  -44.6  -43.4  114.5 -178.4  -57.0 -178.2  1.096  108.5  3.810  6.051 -126.7 -130.3
E  -57.5  -34.9  114.0 -179.3 -172.7    nan  1.077  104.2  3.815  5.375   74.5   88.2
T -102.0  -24.0  112.9 -179.0   57.6  -62.5  1.057   69.8  3.815  5.150   32.9   53.8
G   79.4   10.0  109.1 -178.4    nan    nan    nan   97.2  3.795    nan    nan -126.2
Q  -94.1  148.2  112.5 -179.6  -78.9    nan  1.067  105.2  3.797    nan    nan  101.8
Q  -84.8   97.5  108.4 -179.8 -160.2    nan  0.996  107.4  3.791  5.535 -109.1 -119.9
T  -58.8  -55.7  112.6 -179.5  -50.9 -171.6  1.053   91.2  3.818  6.086 -136.3 -144.0
T -130.3  141.2  110.1 -179.5  -54.1 -174.4  1.027  131.9  3.808  4.744  -14.6    4.7
T -119.4  115.4  108.1 -180.0  -40.5 -160.6  0.998  117.1  3.801  5.747 -154.3 -160.3
F  -88.6   97.5  112.4 -179.0  -57.8    nan  1.059  112.0  3.804  5.954 -150.9 -154.5
T  -98.9  144.9  109.7  179.3   40.0  -80.8  1.025  108.5  3.817  6.091 -177.0  174.7
G  167.8  -47.0  112.6 -179.9    nan    nan    nan   52.6  3.792    nan    nan  124.2
H  -61.9  154.3  109.6  179.9  -74.6    nan  1.033   72.7  3.793    nan    nan   78.9
T -111.7   20.1  110.0  179.6   47.0  -73.2  1.029   76.2  3.801  5.624 -136.0 -137.0
G -163.8  167.7  110.4 -179.7    nan    nan    nan  163.5  3.795    nan    nan   37.6
D  -47.1  121.0  113.6 -179.5  -62.9    nan  1.055   84.3  3.812    nan    nan  -58.7
V  -76.8  123.0  105.2  178.7 -171.1  -49.2  0.978   95.1  3.805  5.900 -127.4 -142.5
M  -93.0  -32.2  115.8 -178.3  -68.0    nan  1.100   74.0  3.801  5.896 -149.8 -148.1
S -152.8  167.3  112.7 -178.8 -179.9    nan  1.056  155.0  3.802  4.757  -14.5    3.3
L -154.2  153.2  108.1  179.4   66.9    nan  1.021  149.8  3.801  5.467 -165.9 -167.7
S -149.7  131.4  109.2 -179.9 -170.0    nan  1.024  134.0  3.799  5.583 -174.9 -177.5
L  -81.5  146.0  112.0 -179.3  -57.0    nan  1.033   94.8  3.800  5.800 -123.3 -132.4
A  -76.2  155.6  105.0  177.9    nan    nan  0.964   83.5  3.785  5.537 -103.6 -115.4
P  -52.2  -29.8  114.2 -179.9  -34.2    nan  0.997  111.8  3.840  5.286  -71.3  -76.2
D  -96.4    7.4  113.0 -179.9   69.3    nan  1.069   86.5  3.821  5.187   33.7   63.2
T   50.9    3.7  118.5  179.7   52.4  -68.4  1.172  127.3  3.831  5.721 -130.7 -127.1
R  -78.8  -20.0  110.9  179.4  -65.4    nan  1.045   93.6  3.818  5.874  100.8  109.3
L -135.9  163.2  108.0  179.9  -54.9    nan  0.980  138.6  3.804  5.039   14.4   29.8
F -160.0  145.9  107.7  178.2   82.2    nan  1.038  146.8  3.799  5.473  178.9 -178.3
V -109.5  157.0  110.1 -179.3   67.0 -168.5  1.041  115.7  3.799  5.744 -140.9 -143.1
S -142.9  143.1  112.0  179.8   66.4    nan  1.060  140.6  3.812  5.604 -166.0 -165.3
G -109.4  143.2  108.5  179.4    nan    nan    nan  116.4  3.787    nan    nan -149.1
A -139.5  174.7  113.9 -179.1    nan    nan  1.082  141.4  3.788    nan    nan -175.7
C  -76.9   18.9  113.8 -179.8  -58.6    nan  1.081  109.9  3.797  5.173  -80.2  -78.4
D -111.0   14.8  109.2  178.8   60.2    nan  1.035   74.4  3.806  5.692   75.6   91.0
A   62.7   21.6  113.5  179.6    nan    nan  1.088  107.2  3.812  5.537 -110.1 -108.0
S -131.8  146.4  112.5 -180.0   68.6    nan  1.063  135.5  3.804  5.488   58.3   74.4
A -112.3  132.3  105.2  178.8    nan    nan  0.970  115.8  3.794  5.648 -140.2 -150.2
K -119.3  134.1  113.5 -178.8  -72.8    nan  1.073  126.2  3.801  5.822 -168.8 -165.1
L  -96.5  126.5  106.5  178.8  174.1    nan  0.977  107.1  3.805  5.769 -134.5 -148.4
W -118.8  147.5  112.4 -178.8  -40.1    nan  1.034  125.9  3.812  5.874 -170.9 -171.7
D  -96.3  105.9  105.7  178.3 -169.6    nan  0.973  106.8  3.803  5.628 -124.7 -132.9
V  -52.4  -49.5  113.1 -178.9 -178.1  -56.0  1.074   99.2  3.808  5.981 -121.2 -128.5
R  -65.7  -28.6  114.5 -179.2 -173.8    nan  1.098  100.4  3.816  5.209   57.3   75.1
E  -97.8  -17.1  112.8 -179.7  -64.7    nan  1.075   76.0  3.819  5.279   41.9   63.2
G   68.1   18.9  116.6  179.6    nan    nan    nan  102.5  3.794    nan    nan -134.0
M -126.8  165.9  111.9  179.9   92.4    nan  1.070  130.8  3.808    nan    nan   76.9
C  -82.7  131.5  109.9  179.7  176.7    nan  1.022   99.7  3.809  5.362  -91.6  -95.6
R  -88.1  -60.9  110.4  179.9  -49.5    nan  1.018   73.2  3.803  5.811 -131.3 -139.5
Q -135.9  154.3  110.5 -178.5  -52.3    nan  1.011  138.9  3.803  4.626  -24.6   -6.0
T -126.0  121.2  106.7  179.5  -55.8 -176.6  0.985  120.2  3.801  5.627 -150.4 -153.1
F -101.5  143.8  110.9 -179.1  -53.3    nan  1.021  111.6  3.813  5.933 -156.8 -161.3
T -135.2  167.2  110.2  179.6   43.3  -77.8  1.042  138.2  3.814  5.726 -171.4 -173.5
G  156.3  -44.6  111.3  179.9    nan    nan    nan   56.7  3.791    nan    nan  136.9
H  -69.6  142.5  108.4  179.8  -70.9    nan  1.009   84.5  3.789    nan    nan   73.1
E  -97.5    7.9  111.0  179.0   47.9    nan  1.056   85.4  3.804  5.747 -135.4 -135.8
S -142.4  172.7  109.3 -179.8  -52.2    nan  1.016  144.2  3.801  5.260   34.1   49.5
D  -56.1  134.3  112.3 -179.6  -35.9    nan  1.029   80.6  3.818  5.130  -56.8  -61.2
I  -88.9  114.9  105.3  178.2  -61.7  176.7  0.977  103.3  3.813  5.803 -129.3 -140.3
N  -86.3  -41.6  113.8 -178.5  -52.6    nan  1.073   77.3  3.801  5.970 -149.4 -150.5
A -125.4  159.1  113.0 -178.9    nan    nan  1.065  130.9  3.805  4.838    1.8   24.2
I -157.0  138.7  108.6 -179.7 -165.9   70.8  1.023  140.7  3.797  5.490 -174.9  179.6
C -142.9  131.7  110.5 -179.1 -176.5    nan  1.027  133.5  3.812  5.723  179.1  174.2
F  -76.3  144.5  111.5 -179.4 -125.4    nan  1.039   90.8  3.803  5.769 -118.9 -127.4
F  -81.2  144.0  107.2  179.2 -170.8    nan  0.996   92.7  3.803  5.629 -111.3 -120.4
P  -43.6  -38.8  117.6 -179.8  -38.0    nan  1.046  111.4  3.864  5.366  -73.3  -81.8
N  -83.5   -4.8  113.8 -179.7   71.2    nan  1.106   94.6  3.822  5.250   39.3   68.9
G   73.4    1.2  117.1  179.2    nan    nan    nan  106.1  3.801    nan    nan -118.4
N  -92.4    0.8  112.8 -179.7  -66.0    nan  1.059   87.9  3.808    nan    nan   95.6
A -162.7 -179.8  111.1 -179.0    nan    nan  1.035  162.6  3.806  4.945    7.9   21.3
F -165.4  159.1  110.6  179.5   60.1    nan  1.043  159.3  3.814  5.347 -166.3 -163.1
A -110.8  146.0  110.5  179.5    nan    nan  1.035  118.5  3.817  5.563 -130.6 -130.7
T -128.4  153.3  111.0 -179.8   60.1  -60.6  1.037  132.9  3.799  5.693 -160.0 -163.6
G -132.5  132.5  107.5  179.0    nan    nan    nan  128.3  3.788    nan    nan -160.9
S -136.1  179.4  114.2 -179.3   66.7    nan  1.085  136.4  3.790    nan    nan  176.9
D  -62.3  -26.1  114.8 -179.7  -70.9    nan  1.089  104.8  3.804  5.071  -58.9  -58.0
D  -73.2   14.3  113.8 -179.5   52.9    nan  1.100  112.0  3.808  5.464   70.2   89.3
A   59.1   35.6  114.9  179.1    nan    nan  1.104  102.0  3.823  5.564 -111.2 -113.1
T -137.0  135.3  112.7  179.5   69.3  -52.2  1.070  134.8  3.811  5.626   70.0   81.3
C  -96.8  135.4  104.0  177.4  -72.0    nan  0.953  104.7  3.795  5.741 -133.2 -148.3
R -124.7  142.8  111.2 -179.7  -80.2    nan  1.057  129.3  3.793  5.783 -172.4 -167.8
L -106.7  113.2  108.0  179.7  179.0    nan  0.991  112.7  3.790  5.693 -137.7 -146.8
F -105.8  132.9  110.6  180.0  -66.3    nan  1.027  115.7  3.807  5.978 -171.1 -174.0
D -104.6  133.0  107.8  178.9 -173.9    nan  1.000  112.9  3.799  5.799 -148.2 -155.4
L  -58.2  -58.5  113.6 -179.4  -83.9    nan  1.088   89.2  3.807  5.708 -101.0 -107.7
R  -54.9  -41.7  112.8 -179.3  -64.5    nan  1.071  102.5  3.817  5.234   63.6   76.6
A  -77.2  -19.2  112.0 -180.0    nan    nan  1.058   95.1  3.807  5.224   53.0   69.9
D   56.4   30.0  111.6 -179.8 -171.5    nan  1.066  109.0  3.820  5.555 -147.7 -144.8
Q -161.0  172.2  112.3 -179.5   58.1    nan  1.072  162.5  3.811  5.268   38.2   50.0
E  -75.4  128.0  113.7 -179.4   51.4    nan  1.074   98.7  3.801  5.228  -79.9  -79.7
L  -89.4  -27.8  109.7  179.2  -50.7    nan  1.004   81.5  3.803  5.819 -133.0 -146.9
M -154.2  155.4  111.6 -178.8 -168.6    nan  1.028  152.3  3.808  4.743  -13.5    4.2
T -127.2  142.9  105.5  178.9  -56.5 -177.2  0.968  127.6  3.804  5.610 -148.7 -154.3
Y -123.6  119.9  110.8 -178.9  -50.9    nan  1.029  122.2  3.817  5.752 -160.5 -159.6
S -168.9  179.8  110.7 -179.9   51.9    nan  1.030  169.0  3.808  5.574  135.4  123.7
H -167.9  143.1  106.0  179.3 -158.5    nan  0.985  144.7  3.805  5.339 -167.2 -167.0
D  -47.2  -32.6  116.6 -178.7  -64.4    nan  1.123  113.3  3.820  5.549  -80.5  -85.1
N  -75.0  -24.7  111.8 -179.7   67.9    nan  1.055   94.9  3.815  5.431   66.0   81.3
I  -77.5  118.3  110.2 -179.6  -58.6 -179.9  1.037  101.2  3.809  5.471   68.8   84.8
I -127.1  -12.1  113.0 -179.9   58.7  -64.2  1.060   49.1  3.804  5.893  174.0  169.0
C  -84.0  143.7  112.3 -179.9  -64.7    nan  1.054   98.0  3.814  5.549   73.9   90.8
G  -70.8  143.4  111.3  179.4    nan    nan    nan   86.7  3.790    nan    nan -110.3
I  -85.0  133.6  109.6 -179.8  -51.9 -173.4  1.024  100.5  3.797    nan    nan -124.1
T -121.3  -15.5  114.3 -179.4   46.3  -74.7  1.071   53.6  3.809  5.817 -166.0 -168.2
S -135.3  137.5  110.2 -179.7  -52.0    nan  1.019  133.4  3.810  5.029   19.1   36.2
V -144.5  135.4  108.7  179.5  -70.8   51.7  1.023  135.3  3.813  5.761  174.7  169.4
S -153.1  140.6  110.0  179.8  -65.0    nan  1.026  142.0  3.805  5.655  166.0  158.4
F  -95.4  160.2  108.8  179.5  -77.9    nan  0.981  101.4  3.801  5.718 -127.7 -137.6
S  -85.3  178.7  105.2  177.2   54.7    nan  0.979   85.6  3.784  5.440 -105.1 -106.5
K  -57.2  -50.6  111.7 -179.9 -169.4    nan  1.058   95.9  3.824  5.217  -57.1  -54.6
S  -77.8   -9.2  111.9  179.8   58.9    nan  1.037   98.6  3.803  5.126   44.7   60.9
G   76.8   11.5  112.1 -179.4    nan    nan    nan   98.7  3.789    nan    nan -116.8
R  -73.5  -30.6  111.8  179.9 -179.1    nan  1.048   93.6  3.796    nan    nan  122.2
L -113.9  134.9  112.8 -178.8  -55.4    nan  1.049  122.5  3.801  5.042   23.7   45.5
L -115.0   98.0  107.2  178.5  174.5    nan  0.998  108.9  3.795  5.778 -156.5 -165.2
L  -81.1  128.8  109.2 -180.0  -64.9    nan  1.029   99.0  3.797  6.078 -160.0 -164.9
A -126.9  125.2  112.3 -179.6    nan    nan  1.060  126.4  3.791  5.786 -176.5 -179.3
G  -95.6  129.3  107.2  178.7    nan    nan    nan  106.8  3.784    nan    nan -156.1
Y -102.0  164.9  113.0 -178.7  -56.9    nan  1.066  107.5  3.798    nan    nan -152.4
D  -61.2  -15.7  114.3 -179.4 -163.0    nan  1.090  111.5  3.800  5.250  -72.1  -75.5
D  -91.7   18.8  111.2  179.2   60.4    nan  1.068   95.0  3.817  5.489   59.9   79.3
F   63.9   26.0  114.2  179.7  -67.4    nan  1.095  103.6  3.818  5.522 -102.2 -103.6
N -110.1  165.5  109.3  179.2  -77.2    nan  1.028  114.3  3.812  5.785   87.4   98.7
C -140.9  129.9  110.7 -179.6  178.5    nan  1.035  132.0  3.799  5.486 -155.2 -153.2
N -115.3  131.0  109.8  179.9  -75.2    nan  1.013  120.7  3.807  5.862 -160.7 -168.4
V  -93.9  101.0  107.2  179.2 -176.0  -53.6  0.995  107.6  3.797  5.827 -138.2 -146.8
W  -83.1  155.4  113.3 -179.7  -67.8    nan  1.058   93.2  3.808  6.066 -159.3 -162.8
D -100.4   98.4  102.6  177.9 -175.1    nan  0.931  103.8  3.797  5.517 -118.6 -129.1
A  -45.8  -39.5  113.6 -178.7    nan    nan  1.081  110.8  3.807  6.006 -124.9 -128.1
L  -73.5  -60.6  114.7 -179.4  -60.9    nan  1.103   77.9  3.802  5.287   56.8   77.0
K  -79.7   -1.7  117.2 -178.1  -57.0    nan  1.133   99.5  3.816  5.001   31.2   54.4
A   62.4    7.5  114.9  179.5    nan    nan  1.102  114.3  3.822  5.506 -122.1 -124.6
D -102.0  158.7  106.2  179.0  -58.8    nan  0.973  107.0  3.823  5.713   78.5   88.7
R  -85.5  128.1  109.5  179.3   78.8    nan  1.076  102.3  3.798  5.597 -112.1 -104.8
A  -80.8  -24.8  113.6 -178.8    nan    nan  1.070   88.8  3.800  5.793 -124.0 -134.9
G -178.7 -175.3  113.1 -179.8    nan    nan    nan  174.6  3.792    nan    nan  -21.2
V -121.7  125.2  109.8 -179.6  174.4  -63.1  1.006  122.6  3.794    nan    nan -110.1
L  -89.6  132.0  106.6  178.9 -148.6    nan  0.989  102.0  3.801  5.887 -140.5 -148.2
A   69.6   24.3  113.6  179.7    nan    nan  1.090   99.4  3.813  4.812   28.8    9.3
G   39.0   33.0  118.9  178.7    nan    nan    nan  119.1  3.810    nan    nan -123.7
H   59.0   38.1  113.5  179.9  -75.8    nan  1.090  101.2  3.818    nan    nan  -96.4
D  -77.9    9.7  114.0  179.7   52.7    nan  1.095  105.9  3.817  6.093  133.4  142.7
N   53.2   43.1  111.8 -179.8  -55.5    nan  1.047  103.5  3.836  5.607 -117.1 -121.3
R -139.3   39.2  115.3 -178.5  -72.1    nan  1.105   65.6  3.807  5.521   73.5   87.8
V -122.5  104.2  110.5  178.9 -178.3  -56.2  1.035  114.7  3.811  5.815   90.4   98.2
S  -91.6  -26.7  111.7  179.2   46.5    nan  1.060   79.0  3.803  6.011 -165.3 -170.1
C -157.9  167.0  109.7  179.8   49.6    nan  1.033  158.7  3.820  4.855  -16.6    0.2
L -162.4  160.0  111.4 -179.0   61.5    nan  1.040  159.0  3.822  5.458 -173.7 -175.3
G -166.0  147.6  111.3  179.9    nan    nan    nan  150.1  3.802    nan    nan  171.5
V -103.1  142.9  111.4 -179.5  177.0  -60.6  1.048  113.2  3.812    nan    nan -135.8
T  -71.3  150.6  109.5  179.6   58.3  -62.1  1.018   82.9  3.814  5.633 -100.4 -112.2
D  -58.0  -30.9  113.1 -179.7  -72.5    nan  1.087  106.5  3.813  5.491  -84.0  -88.6
D  -87.2    0.0  111.7  179.4   59.2    nan  1.090   92.8  3.800  5.337   48.9   70.1
G   64.5   16.4  114.7  179.5    nan    nan    nan  107.9  3.803    nan    nan -121.0
M  -83.2   -7.0  114.5 -179.1  -68.5    nan  1.086   93.9  3.795    nan    nan  118.9
A -168.7  161.2  115.0 -179.0    nan    nan  1.090  162.7  3.813  4.834   -6.4    7.7
V -125.0  130.8  105.9  179.3 -176.6  -53.7  0.953  123.0  3.794  5.509 -135.7 -145.9
A -108.1  140.1  108.6  179.3    nan    nan  1.017  115.7  3.794  5.823 -159.1 -158.1
T -129.6  144.2  110.8  179.8   53.3  -68.3  1.030  132.7  3.799  5.757 -167.3 -170.7
G -113.0  163.4  107.0  178.5    nan    nan    nan  116.8  3.779    nan    nan -151.6
S -144.5  168.6  113.5  180.0  173.4    nan  1.067  147.5  3.791    nan    nan -158.3
W  -69.4  -17.3  111.3  179.4   48.1    nan  1.052  103.6  3.788  5.210  -76.9  -80.0
D  -91.7   22.1  115.0 -179.7   51.6    nan  1.116   97.6  3.818  5.416   54.8   79.4
S   71.5   -8.5  118.0  178.7   79.4    nan  1.153  112.3  3.826  5.472  -92.3  -95.6
F  -95.9  151.4  114.0 -178.8  -61.3    nan  1.075  106.5  3.825  5.560   67.8   84.9
L -123.1  147.1  106.7  178.2  -72.2    nan  0.989  126.2  3.808  5.625 -147.6 -155.6
K -132.9  147.0  111.6 -179.8  -73.7    nan  1.040  135.9  3.798  5.666 -165.7 -165.2
I -107.8  131.5  105.4  179.1  -47.4 -169.7  0.971  113.1  3.794  5.681 -135.8 -144.2
W -125.2  150.6  112.0 -178.4  -47.6    nan  1.018  130.8  3.818  5.825 -170.4 -173.0
N  177.7    nan  111.3  177.7   70.1    nan  1.095    nan  3.822  5.406  145.2  140.3
