Id   phi    psi    tau  omega    chi    chi2  solid    eta  CA-CA  CB-CB  BA^AB  NA^AC
P    nan  -64.7  111.4    nan  -33.8    nan  1.026    nan    nan    nan    nan    nan
V  -90.0   67.5  106.8  178.8   57.9 -177.2  1.019  105.5  3.817  4.977   12.3   34.4
I  -95.3  140.5  115.7 -177.5  -54.8 -177.7  1.084  110.3  3.820  6.160  149.0  156.8
N -103.3  108.8  104.6  177.0  -83.5    nan  0.981  107.9  3.822  5.730 -138.3 -150.1
I  -49.6  -55.5  119.3 -177.0 -172.9   62.5  1.170   93.5  3.826  5.988 -118.3 -120.7
E  -54.5   -9.5  116.4 -177.9  -42.0    nan  1.093  120.8  3.843  5.281   70.2   83.3
D -100.6   -9.5  115.6 -178.5  -69.5    nan  1.100   75.4  3.831  5.416   57.3   79.7
L  -75.6  152.2  111.7 -179.6  -60.9    nan  1.058   87.0  3.804  5.666   86.0  101.4
T -100.2  164.8  109.1  179.7   -6.9 -128.6  0.993  104.8  3.805  5.614 -120.8 -129.7
E  -56.1  -37.4  108.9  179.2 -150.5    nan  1.004  106.3  3.803  5.194  -65.6  -71.8
K  -64.5  -66.1  115.3 -179.6   55.9    nan  1.127   79.8  3.810  5.314   63.6   85.9
D  -64.4   -6.5  115.1 -179.0   42.3    nan  1.180  112.7  3.816  5.136   39.2   62.5
K  -82.1  -42.9  103.8  176.9  -82.5    nan  0.964   86.5  3.806  5.828   89.1   93.1
L  -68.8  -32.3  108.5  178.7  -66.2    nan  1.012   98.5  3.799  5.249   58.3   72.5
K  -65.0  -48.2  108.9  178.9  -61.7    nan  1.024   93.6  3.805  5.442   73.7   87.5
M  -65.2  -31.8  109.5  179.2  -64.8    nan  1.032  101.3  3.806  5.253   59.0   73.0
E  -66.8  -53.2  109.9  179.1  178.7    nan  1.036   89.2  3.802  5.450   72.3   86.7
V  -62.2  -36.5  111.1 -179.8  -56.7   66.8  1.091  100.6  3.809  5.256   55.5   72.7
D  -62.2  -44.6  109.0  178.9  -71.0    nan  1.016   97.4  3.813  5.522   78.3   86.7
Q  -65.1  -44.6  109.8  179.4  179.2    nan  1.018   94.8  3.800  5.231   63.3   76.5
L  -61.4  -42.9  111.7  179.9  -68.7    nan  1.064   97.4  3.804  5.264   64.0   81.1
K  -56.6  -46.9  108.0  178.9  -69.5    nan  0.991  100.8  3.823  5.438   78.0   86.0
K  -62.7  -36.1  110.9  179.6 -178.4    nan  1.038  100.6  3.798  5.157   61.8   76.8
E  -74.4  -27.6  113.5  180.0  -72.8    nan  1.087   93.5  3.813  5.329   56.8   77.7
V  -67.8  -30.9  109.9  179.7  179.5  -58.9  1.033   99.3  3.810  5.566   78.9   91.0
T  -82.3    7.0  113.5 -179.3   56.4  -63.2  1.075  100.5  3.807  5.309   55.8   75.4
L  -67.9  129.9  115.0 -179.4  -77.1    nan  1.099   93.4  3.819  5.900  109.0  124.6
E  -78.9   92.3  107.0  178.9  178.8    nan  0.982  106.2  3.798  5.720 -118.0 -136.6
R  -83.5  133.8  113.6 -179.3  -67.0    nan  1.086  102.0  3.806  6.112 -173.5 -170.6
M  -90.3  153.0  109.3  179.8 -171.3    nan  1.015   98.9  3.800  5.750 -128.6 -141.4
L  -66.1  133.1  110.0 -179.9 -156.1    nan  1.023   87.2  3.809  5.480  -87.7  -94.6
V  -53.0  -49.2  112.8 -179.4  177.6  -61.4  1.080   99.2  3.818  5.710  -93.2 -103.7
S  -53.1  -47.0  110.9  179.9   45.6    nan  1.041  101.6  3.814  5.335   75.4   85.3
K  -57.3  -50.5  110.1  179.5  179.4    nan  1.023   96.9  3.812  5.294   70.4   82.4
C  -58.9  -41.8  111.1  179.9  -64.1    nan  1.046  100.3  3.810  5.224   63.4   78.0
C  -63.1  -37.9  110.6  179.5  -64.0    nan  1.041   99.5  3.808  5.335   67.8   81.8
E  -61.5  -50.6  109.0  179.0  -66.9    nan  1.006   94.7  3.811  5.420   75.4   86.0
E  -61.9  -37.1  111.8 -179.8  -60.2    nan  1.057  100.3  3.803  5.157   59.5   75.3
F  -64.9  -49.2  108.8  179.3 -174.2    nan  1.009   93.2  3.810  5.403   72.1   84.0
R  -57.6  -49.8  110.7  179.6  173.4    nan  1.024   96.8  3.808  5.225   67.0   79.6
D  -57.1  -49.9  111.7 -179.7  -62.5    nan  1.059   96.4  3.805  5.229   66.0   81.0
Y  -55.1  -53.1  110.6  179.8  177.9    nan  1.034   96.4  3.812  5.304   71.0   82.3
V  -58.7  -56.2  111.6 -179.8  178.4  -59.8  1.059   91.6  3.802  5.222   61.9   76.4
E  -52.4  -38.0  113.9 -179.5  -76.0    nan  1.086  106.5  3.820  5.223   66.6   80.5
E  -63.0  -30.8  112.2  179.6  -72.5    nan  1.043  102.5  3.808  5.418   74.2   86.5
R -112.8  -10.2  116.4 -178.0  -57.3    nan  1.101   63.0  3.808  4.968   22.9   48.2
S  -57.0  -36.3  113.7 -179.1   49.6    nan  1.087  103.9  3.826  5.788  104.8  119.0
G  -67.4  -15.4  115.7 -179.7    nan    nan    nan  105.3  3.797    nan    nan   85.6
E -107.0   -8.4  111.6 -180.0  -64.2    nan  1.048   70.1  3.807    nan    nan   65.7
D  -62.7  115.1  111.5 -179.3 -172.5    nan  1.044   95.7  3.812  5.734  100.9  114.2
P  -55.1  -44.3  113.4 -180.0  -32.1    nan  0.983  100.5  3.844  5.737 -108.9 -125.3
L  -70.1  -16.4  115.4 -179.3  -62.2    nan  1.104  102.3  3.812  5.163   47.8   75.9
V  -97.9  -52.2  110.3  179.8  171.9  -66.8  1.040   69.1  3.817  5.463   55.8   73.0
K  -77.1  -31.3  112.7 -179.4  -60.8    nan  1.055   89.7  3.801  5.062   43.5   60.5
G  103.8  156.0  108.2 -179.0    nan    nan    nan   95.4  3.787    nan    nan -109.9
I -111.8  121.4  111.2 -179.5  -48.5 -169.8  1.037  118.7  3.792    nan    nan -133.3
P  -62.4  134.9  108.2  179.7  -29.3    nan  0.914   82.5  3.826  5.675 -107.8 -126.3
E  -49.5  -29.2  111.6 -179.6 -170.1    nan  1.062  115.5  3.815  5.756  -96.2  -98.0
D  -58.6  -46.9  113.0  179.4  -78.2    nan  1.058   96.5  3.816  5.551   85.2   98.1
K -104.6    6.4  114.9 -178.4  -56.7    nan  1.085   78.2  3.813  4.924   17.8   41.3
N  -75.1  111.3  110.0 -179.6 -167.6    nan  1.041  102.4  3.819  5.861  103.4  116.0
P  -53.0  -25.9  113.1 -179.9  -30.1    nan  0.975  113.9  3.848  5.769 -109.2 -126.2
F  -99.7   74.3  109.1 -179.5  -53.5    nan  1.035  105.4  3.799  5.116   33.6   62.2
K  -58.3  161.8  111.3 -179.6 -142.9    nan  1.034   66.3  3.792  6.133 -159.9 -166.2
E  -33.2    nan  114.0 -179.7  -59.9    nan  1.071    nan  3.832  5.135  -43.8  -53.7
