Id   phi    psi    tau  omega    chi    chi2  solid    eta  CA-CA  CB-CB  BA^AB  NA^AC
S    nan -133.1  110.0    nan   54.3    nan  1.064    nan    nan    nan    nan    nan
G -141.0 -115.9  115.5 -179.8    nan    nan    nan   95.5  3.812    nan    nan  -79.7
F  -91.2  146.0  113.8 -178.8  167.7    nan  1.051  104.1  3.785    nan    nan   -8.5
E -141.2  140.6  111.4  176.9  -75.7    nan  1.063  138.4  3.783  5.627 -177.7 -179.3
F -120.9  111.7  109.9  179.4  176.9    nan  1.032  117.4  3.783  5.681 -157.1 -163.1
H -120.4  161.8  110.1  177.8  -59.9    nan  1.024  124.9  3.828  5.946  174.5  166.0
G -179.7  179.9  115.1 -179.7    nan    nan    nan  179.8  3.781    nan    nan  158.7
Y -142.0  149.3  105.1  178.2  166.3    nan  0.984  139.4  3.765    nan    nan -139.1
A -164.4  131.6  114.1 -179.7    nan    nan  1.082  136.2  3.788  5.493  164.9  162.8
R -126.6  145.9  102.7  177.0   87.8    nan  0.942  126.3  3.777  5.752 -167.1  176.0
S -165.2  136.0  106.2  177.7 -179.4    nan  1.004  138.2  3.783  5.538  158.6  157.4
G  177.0 -176.8  113.8 -179.2    nan    nan    nan  176.6  3.731    nan    nan  126.3
V -124.6  145.1  112.9 -176.9  152.7  -82.7  1.022  130.4  3.766    nan    nan -114.0
I -138.0  127.7  106.7  177.3  -59.4  179.1  0.982  127.4  3.850  5.801 -171.3 -178.5
M -137.0  160.8  108.5 -179.7   62.7    nan  1.000  139.6  3.822  5.764  173.9  168.8
N  -93.4 -177.0  109.3  178.4   59.6    nan  1.057   92.4  3.804  5.559 -116.3 -111.4
D  -64.7   -4.5  115.2 -179.1   47.3    nan  1.127  113.3  3.816  5.157  -61.7  -55.2
S -105.3   -3.0  110.9  179.6  -50.7    nan  1.037   73.7  3.828  5.556   60.9   76.7
G   77.5   34.7  111.9 -179.3    nan    nan    nan   88.3  3.796    nan    nan -110.3
A -133.0  172.1  110.3 -179.5    nan    nan  1.029  135.2  3.822    nan    nan   84.6
S  -64.2  161.5  116.0 -178.9   56.0    nan  1.133   73.3  3.813  5.318  -73.6  -67.3
T -152.8 -179.6  107.9  178.6   13.2 -110.8  0.984  152.6  3.812  5.550 -162.1 -174.5
K  -95.2  142.6  108.8  179.6  -53.4    nan  1.015  105.5  3.774  5.114  -96.0  -89.9
S -156.1  163.3  108.8 -179.3   57.7    nan  0.992  155.9  3.812  5.648  171.5  162.9
G  140.2  144.8  113.8  179.3    nan    nan    nan  118.7  3.791    nan    nan  113.3
A  -67.5  -20.5  110.6 -178.4    nan    nan  1.046  104.1  3.754    nan    nan -104.6
Y -115.5   34.8  115.4 -178.8  -62.8    nan  1.071   82.4  3.803  5.133   30.3   53.8
I  -82.6  -17.7  118.9 -178.2   56.0  -73.8  1.174   88.7  3.814  6.022  118.7  139.3
T  -77.0  161.4  108.6  179.2   71.0  -50.5  1.004   83.5  3.767  5.621   86.2   91.6
P  -52.3  -36.4  110.5  178.8  -40.5    nan  0.930  109.1  3.836  5.077  -61.5  -71.9
A  -64.0  -20.0  112.5 -179.0    nan    nan  1.064  107.2  3.832  5.282   61.3   87.5
G  -64.1  -23.6  117.0 -178.5    nan    nan    nan  103.7  3.813    nan    nan  104.3
E  -68.2  -25.0  110.1  179.9  -59.1    nan  1.033  101.6  3.797    nan    nan   95.0
T -106.1   17.3  112.0  178.2   46.2  -75.4  1.127   80.9  3.774  5.196   28.6   56.1
G   97.6   10.9  117.1  177.8    nan    nan    nan   77.6  3.817    nan    nan  -75.8
G  -81.2   69.0  114.9 -178.6    nan    nan    nan  116.3  3.805    nan    nan  116.4
A  -64.9  150.6  114.7  179.4    nan    nan  1.062   79.4  3.792    nan    nan -178.9
I -123.9  174.9  106.9  176.2   53.0  -76.8  1.018  125.2  3.810  5.704 -153.7 -157.6
G  -49.1  143.0  113.1 -179.8    nan    nan    nan   69.8  3.784    nan    nan  -51.4
R -101.0   -9.4  116.2 -179.4   74.5    nan  1.057   74.9  3.761    nan    nan -138.6
L  -63.2  126.8  112.3 -178.5 -132.9    nan  1.063   90.1  3.817  5.705   99.4  114.2
G   57.3   27.6  109.4  179.9    nan    nan    nan  110.4  3.790    nan    nan   -8.4
N -139.7   37.1  114.1 -178.4 -166.9    nan  1.066   63.3  3.809    nan    nan   72.7
Q -151.0  108.7  107.1  177.0  -72.6    nan  1.005  114.5  3.870  5.581   56.5   63.8
A -101.2    3.7  113.9 -179.0    nan    nan  1.081   80.3  3.805  5.961 -171.6 -172.0
D  -83.6  159.8  114.5  179.4   61.7    nan  1.092   92.1  3.813  5.763   87.5  105.9
T -109.6   94.4  104.3  178.1  -67.8  173.0  0.994  104.9  3.790  5.500 -126.5 -132.3
Y -104.7  132.4  111.8 -179.2 -173.6    nan  1.051  115.9  3.806  6.035  172.3  170.0
V -137.4  137.5  114.0 -178.6  177.4  -61.9  1.052  136.8  3.798  5.761  179.8  172.9
E -125.2  122.2  103.9  175.5  -76.0    nan  0.973  118.2  3.781  5.721 -166.7 -175.1
M -112.8  115.0  108.6  179.1  -66.0    nan  1.003  115.5  3.797  5.883 -167.6 -172.5
N -106.3  109.6  112.2  179.6  -56.9    nan  1.040  115.9  3.816  5.923 -168.7 -174.2
L -102.7  122.7  107.2  178.6  -56.3    nan  0.983  111.2  3.822  5.999 -167.7 -178.7
E -121.9  158.2  114.5 -179.1  -54.5    nan  1.068  128.4  3.810  5.870 -179.9 -177.9
H -136.1   97.6  105.6  176.9 -178.9    nan  0.998  106.3  3.767  5.491 -157.1 -161.7
K  -93.8  162.3  111.2 -179.4  -76.2    nan  1.056  100.0  3.823  6.092 -174.5 -176.4
Q -163.9  121.6  110.2 -179.7 -179.8    nan  1.015  125.7  3.816  5.447 -177.7  176.9
T -112.8  122.9  106.6  178.6  -60.8  179.2  0.998  115.6  3.799  5.927 -169.6 -175.3
L  -87.7  164.4  109.6  179.2  -84.7    nan  1.053   93.0  3.792  5.918 -143.8 -146.6
D  -58.7  -31.5  114.9 -179.4   34.4    nan  1.105  104.8  3.813  5.288  -70.8  -73.0
N  -81.5   10.9  114.6  179.7   52.3    nan  1.108  102.9  3.830  5.396   54.9   76.3
G   91.0  -13.4  115.5  179.0    nan    nan    nan   94.7  3.815    nan    nan  -86.9
A  -70.6  131.1  111.8 -179.9    nan    nan  1.062   92.6  3.818    nan    nan  101.9
T -111.7  153.0  111.4 -179.9   59.6  -60.9  1.058  118.9  3.781  5.807 -157.4 -163.2
T -130.0  138.7  103.2  180.0 -103.8  131.8  0.946  126.7  3.764  5.536 -150.3 -160.9
R -147.7  125.3  114.9  179.5 -174.5    nan  1.068  132.2  3.812  5.729  168.9  171.1
F -121.6  135.5  108.4  178.0  166.0    nan  1.010  124.2  3.798  5.816 -172.4  176.9
K -142.0  138.9  113.4  179.9  171.7    nan  1.061  139.0  3.810  5.700  174.8  171.3
V -123.7  137.4  108.2  176.5 -146.3  -18.4  0.924  125.7  3.861  5.887 -152.8 -170.8
M -118.0  126.2  107.0  175.2  179.9    nan  1.007  119.1  3.791  5.632 -166.1 -164.3
V -118.5  116.3  104.5  177.5  174.1  -65.1  0.993  114.1  3.789  5.820 -169.5 -178.0
A -119.6  160.3  115.0 -178.5    nan    nan  1.083  126.1  3.821  5.917  177.7  178.6
D -158.4  143.1  110.0  178.3  178.7    nan  1.038  145.0  3.779  5.447 -176.0  178.1
G -134.8  124.7  107.7  178.0    nan    nan    nan  125.4  3.806    nan    nan -175.7
Q -128.7  139.5  111.9  179.8  -66.2    nan  1.006  131.7  3.848    nan    nan  174.3
T  -93.2  -21.4  108.8  175.7   57.6  -62.5  1.089   80.3  3.803  5.777 -141.5 -137.2
S  -64.9  149.9  113.0  179.3  177.0    nan  1.051   79.1  3.825  5.666   87.5   98.9
Y  -99.0   -6.5  111.7  179.7  -67.9    nan  1.006   78.6  3.838  5.669 -122.8 -129.9
N  -71.5  157.8  116.4 -176.6  -56.0    nan  1.129   82.2  3.786  5.552   89.1  111.8
D  -77.7   -6.6  115.2 -178.7   54.6    nan  1.067   99.4  3.777  5.313  -90.9 -100.9
W -138.9  116.5  106.6  179.6  179.4    nan  0.979  120.3  3.820  5.116   24.2   39.0
T -128.7   40.7  114.1 -178.6   52.7  -66.6  1.096   74.5  3.766  5.805  165.0  168.7
A  -58.8  -40.8  115.2  179.8    nan    nan  1.106   98.9  3.793  6.121  157.3  163.1
S  -62.9  -33.6  114.8 -178.0   69.1    nan  1.087   99.9  3.832  5.360   70.2   86.9
T -115.1   18.3  114.3 -179.5   54.8  -65.3  1.023   73.4  3.824  5.060   24.5   41.7
S  -62.0  135.9  116.1 -178.2 -176.6    nan  1.109   86.2  3.820  5.920  126.4  141.8
D -112.0   13.8  113.3  179.4  -87.3    nan  1.082   74.0  3.819  5.782 -154.1 -158.7
L  -49.0  117.5  112.3 -178.8 -131.1    nan  1.038   87.2  3.822  6.020  140.9  147.8
N -150.6  156.0  112.8  178.4   64.0    nan  1.076  150.9  3.826  5.764  145.7  142.1
V  -82.9  109.3  107.6  179.6 -180.0  -58.2  1.016  104.0  3.764  5.424 -100.2 -109.2
R  -82.6  -34.6  113.5 -179.3  -69.5    nan  1.020   83.2  3.779  5.900 -143.6 -156.1
Q -146.5  153.2  112.2 -179.0  -50.9    nan  1.024  147.0  3.837  4.813  -11.9    6.8
A -165.1   94.7  104.2  178.1    nan    nan  0.963   98.2  3.803  5.463  171.5  161.7
F -139.0  170.5  115.5 -178.9   64.7    nan  1.106  142.3  3.808  5.778  130.7  138.1
V -131.3  135.7  108.4 -179.0  163.4  -76.9  1.007  129.7  3.773  5.410 -135.2 -139.2
E -121.3  132.8  109.1  176.9  -76.1    nan  1.030  123.9  3.775  5.794 -165.5 -170.0
L -116.2  107.8  104.1  176.9  -61.2    nan  0.965  110.0  3.820  5.851 -158.3 -169.3
G -110.9  160.8  115.4 -179.9    nan    nan    nan  117.9  3.795    nan    nan  179.3
N   42.0   55.3  114.2  177.8 -160.0    nan  1.084  101.4  3.795    nan    nan   12.4
L  -75.4  133.6  110.1  179.0  -66.6    nan  1.041   93.9  3.820  6.200  157.5  158.6
P  -57.7  -33.2  113.4 -179.6   24.6    nan  1.003  105.3  3.857  5.572  -94.6 -107.3
T  -69.7  -19.9  115.1 -179.7  -95.4  138.7  1.100  101.0  3.773  5.185   57.6   85.3
F  -84.2  114.7  112.0 -179.7  -77.2    nan  1.031  107.2  3.826  5.523   66.5   83.5
A -119.3  179.0  112.9 -179.9    nan    nan  1.076  119.7  3.793  5.875  174.5  173.4
G   61.6 -135.2  112.3  179.8    nan    nan    nan   84.1  3.795    nan    nan   55.8
P  -62.5  -18.1  114.0  179.9   29.5    nan  1.002  109.1  3.842    nan    nan   -4.3
F  -92.1    5.6  111.9  179.7  -61.8    nan  1.018   90.0  3.845  5.404   53.2   76.6
K  -40.0  -72.9  116.1 -178.4 -171.5    nan  1.128   87.4  3.806  5.930  135.9  150.0
G  -98.2   22.4  114.5 -178.0    nan    nan    nan   91.4  3.786    nan    nan   26.2
S  -70.5  153.6  114.8 -177.6   76.4    nan  1.106   82.9  3.774    nan    nan  137.4
T -121.2  124.4  113.3  179.1  154.5   32.6  1.149  124.9  3.812  5.672 -150.9 -149.1
L  -91.1  144.7  109.9 -179.8 -115.9    nan  0.969  102.3  3.816  5.860 -128.1 -151.9
W -144.1  162.1  111.6  178.1   68.6    nan  1.071  146.9  3.790  5.585  173.4  179.4
A -161.1  143.5  108.5  177.9    nan    nan  1.039  145.3  3.801  5.484 -177.5  177.7
G  127.3 -165.1  112.5 -179.7    nan    nan    nan  131.6  3.812    nan    nan   78.0
K  -97.1  124.6  106.5  179.4  177.2    nan  0.975  107.6  3.795    nan    nan  -74.1
R -160.0  169.7  114.6 -177.1   73.7    nan  0.993  161.8  3.811  5.656  152.0  142.6
F  -95.6  139.6   98.0  173.1  -66.2    nan  0.866   99.5  3.788  5.326 -103.1 -109.4
D  -59.0  145.8  107.5  179.7 -166.9    nan  0.982   73.7  3.808  5.594  -94.6  -99.8
R  -64.9  -39.2  111.0 -179.5 -175.6    nan  1.024   97.1  3.787  5.523  -94.0 -100.3
D  -88.1   17.8  120.7 -176.8  -59.7    nan  1.238  100.8  3.795  5.030   30.9   67.4
N  -71.6  159.3  103.2  175.8  -66.7    nan  0.911   77.4  3.803  6.133  135.7  123.5
F -149.8  152.4  107.2  176.9   57.1    nan  1.064  146.6  3.818  5.572  178.8 -170.9
D -126.9  179.7  116.4 -176.5   71.1    nan  1.070  127.0  3.795  5.614 -147.6 -150.2
I -121.2   91.8   99.8  177.2  -63.2  175.2  0.907   99.3  3.816  5.309 -117.9 -119.8
H  -48.1  -48.5  121.3 -176.7 -179.8    nan  1.179   98.8  3.788  6.035 -139.2 -132.3
W  -61.9  -16.8  116.0 -176.6  -47.5    nan  1.131  109.8  3.841  5.271   65.5   84.3
I -112.4    1.0  112.7 -178.0 -102.6  125.5  1.083   68.0  3.789  5.140   37.1   60.0
D   53.1   49.9  111.5 -179.6 -160.5    nan  1.079   99.3  3.841  5.793 -134.5 -129.0
S -143.7  131.5  111.2 -179.2  166.4    nan  1.011  134.0  3.781  5.599   85.0   87.9
D  -74.3  156.4  106.6  176.2  -62.8    nan  0.958   82.1  3.755  5.689 -115.5 -130.0
V  -85.4  -43.2  103.4  176.4  177.4  -61.6  0.972   84.3  3.818  5.585 -109.7 -111.8
V -141.2  142.4  105.5  177.7 -165.9  -44.4  0.959  136.0  3.857  4.990  -14.8   -1.1
F -142.3   92.1  110.9 -179.4  179.0    nan  1.058  104.3  3.800  5.607  178.4  179.7
L  -98.3  117.1  105.6  178.6 -179.0    nan  0.967  107.6  3.772  6.027 -179.4  168.8
A -147.0  160.5  110.1 -179.9    nan    nan  1.033  148.5  3.839  5.786  150.6  147.0
G  146.0 -158.0  109.0 -178.1    nan    nan    nan  146.8  3.800    nan    nan  118.5
T -119.6  132.4  110.0 -179.1  -57.4 -177.5  1.040  123.5  3.788    nan    nan  -86.7
G  177.3 -134.8  115.5 -179.4    nan    nan    nan  135.9  3.782    nan    nan  121.8
G -166.3  163.9  111.0 -179.6    nan    nan    nan  163.1  3.757    nan    nan -109.0
G  175.6 -172.7  113.7 -179.9    nan    nan    nan  173.1  3.742    nan    nan  155.1
I -139.4  132.7  110.1 -178.8 -170.6   65.2  1.032  132.8  3.743    nan    nan -124.6
Y -104.3  147.2  111.1  178.9  -69.3    nan  1.011  113.4  3.788  5.823 -146.3 -154.5
D   60.3   65.6  119.0  176.9  -47.6    nan  1.152   79.7  3.806  4.653   29.6   12.5
V  -96.8  111.4  101.3  176.4  173.0  -66.0  0.938  102.9  3.785  6.120  155.1  141.4
K  -89.1  122.9  114.2 -179.0  -82.3    nan  1.067  109.6  3.828  6.055 -156.0 -155.8
W -108.0  150.5  103.5  177.4  -49.3    nan  0.914  112.2  3.797  5.852 -155.0 -172.9
N   33.7   13.7  118.3  178.6   66.4    nan  1.159  138.3  3.857  4.852    4.6   -4.1
D   60.2   44.7  115.3 -179.9  -56.3    nan  1.121   95.4  3.872  5.627 -107.4 -112.1
G -171.5    5.6  112.3  179.8    nan    nan    nan   11.8  3.809    nan    nan   50.0
L -144.0  102.2  106.9 -179.7 -164.8    nan  0.978  109.8  3.804    nan    nan   44.8
R -101.2  150.2  109.3  178.6   28.2    nan  1.079  109.3  3.813  6.086  175.6  179.1
S -138.3  149.0  114.1 -177.4  -52.7    nan  1.029  141.2  3.779  5.564 -158.3 -167.7
N -120.9  137.2  104.2  176.0  -56.5    nan  0.963  121.3  3.806  5.688 -151.1 -157.4
F -129.6  135.1  106.1  178.9  -59.3    nan  0.977  127.1  3.808  5.749 -170.0 -174.4
S -156.6  164.1  118.0  179.9   56.5    nan  1.107  159.0  3.831  5.632  156.3  157.6
L -127.8  115.4  105.2  177.3  166.6    nan  0.966  116.7  3.777  5.424 -138.8 -146.3
Y -116.9  134.5  109.5  178.2  -83.4    nan  1.014  122.0  3.796  5.910 -179.9  175.8
G -112.9  143.1  111.1  177.8    nan    nan    nan  120.7  3.777    nan    nan -160.7
R -134.8  178.3  109.5  177.4  -56.8    nan  1.042  135.3  3.800    nan    nan -175.7
N -130.7  142.6  112.3 -179.5  -75.6    nan  1.015  133.9  3.824  5.366 -129.3 -127.0
F -114.1  145.1  107.0  176.3  -75.1    nan  0.985  119.2  3.780  5.667 -150.8 -156.8
G   78.6 -164.9  116.0  178.6    nan    nan    nan   85.4  3.809    nan    nan   30.3
D  -84.9  115.0  109.6 -178.9 -176.6    nan  1.014  105.4  3.802    nan    nan  -60.0
I  -55.1  -29.6  113.8 -179.4 -164.8   71.6  1.111  109.5  3.827  5.969 -117.0 -124.2
D  -76.4  -33.7  114.6  179.6  -64.9    nan  1.077   88.3  3.863  5.486   65.5   81.7
D  -87.3  102.7  109.0 -180.0 -165.8    nan  1.002  107.9  3.816  5.222   52.0   66.9
S  -59.9  -20.9  115.0 -179.7   48.4    nan  1.096  109.8  3.795  6.016 -135.1 -139.8
S  -92.2  -13.3  113.0 -179.8   64.4    nan  1.070   82.7  3.839  5.416   55.3   75.5
N -123.6   36.7  109.7  178.8 -176.0    nan  1.034   74.0  3.822  5.235   29.5   48.6
S -136.3  129.5  110.6  179.9 -176.4    nan  1.029  130.3  3.808  5.584   70.9   83.2
V -137.7  146.5  111.5 -179.8  144.2  -93.6  1.060  138.8  3.804  5.765  173.1  168.1
Q  -97.4  132.8  110.0  177.7  -76.9    nan  1.039  109.6  3.820  5.739 -128.4 -133.8
N -113.1  120.5  109.3  179.6 -177.8    nan  1.013  117.5  3.806  5.811 -156.2 -162.6
Y -102.9  139.8  111.9  179.9  -72.0    nan  1.091  113.9  3.767  5.864 -164.4 -164.3
I -126.8  122.6  113.1 -177.8  -50.7 -174.7  1.031  126.0  3.778  5.707 -156.6 -169.9
L -108.7  127.1  105.7  179.0  -98.7    nan  0.971  113.4  3.788  5.871 -160.6 -172.7
T -141.5  144.3  115.8 -178.8  148.7   26.0  1.151  142.5  3.768  5.709  159.8  166.5
M -123.5  126.6  103.8  177.0   61.3    nan  0.989  119.2  3.793  5.722 -152.0 -166.3
N -117.3  115.8  106.8 -178.5 -152.0    nan  0.978  115.5  3.784  5.840 -165.2 -171.0
H -113.7  137.9  114.1 -177.8  -58.3    nan  1.065  123.3  3.817  5.962 -178.2 -176.1
F -124.9  126.6  113.0  179.7  -60.5    nan  1.053  126.7  3.790  5.679 -164.0 -170.7
A -133.1   88.2  109.1  179.2    nan    nan  1.026  102.5  3.828  5.808  176.5  167.8
G   74.5 -125.7  108.3 -178.3    nan    nan    nan   95.2  3.802    nan    nan  -27.0
P  -84.8   -6.9  110.7  179.7   37.6    nan  0.935   92.7  3.829    nan    nan  -17.9
L  -90.4  137.2  117.2 -177.0 -155.8    nan  1.107  108.4  3.810  5.373   59.1   92.7
Q -130.5  135.9  113.2  178.8  179.8    nan  1.062  132.4  3.810  5.714 -169.8 -178.4
M -136.2  110.6  110.0  178.7 -164.5    nan  1.057  118.4  3.774  5.663 -179.1  174.6
M -111.6  129.1  110.9 -179.7 -171.5    nan  1.010  119.3  3.784  5.905 -172.6  175.7
V -131.2  119.9  110.4  178.9 -172.6  -51.0  1.053  123.8  3.814  5.836  176.5  174.2
S -121.7  146.5  112.9 -179.7  -51.5    nan  1.028  128.4  3.822  5.903 -174.6  175.9
G -119.7  126.9  106.4  177.1    nan    nan    nan  119.6  3.779    nan    nan -158.1
L -118.9  150.9  114.5  179.2   11.2    nan  1.146  126.8  3.809    nan    nan -170.0
R -155.5  121.4  114.8  179.6  172.2    nan  1.083  128.5  3.809  5.533 -178.4  172.0
A -124.0   96.2  104.0  178.1    nan    nan  0.948  105.1  3.819  5.828 -174.5  169.1
K  -55.6  132.0  113.6 -178.6 -170.2    nan  1.052   82.4  3.806  6.003 -135.3 -139.9
D   52.5   41.9  114.4  179.5  -62.8    nan  1.100  103.5  3.804  4.845   14.4   -9.7
N  -67.2  -39.9  104.9  178.1  178.2    nan  0.962   98.3  3.769  6.125  157.4  152.2
D  -66.1   -8.3  114.9 -179.0   58.3    nan  1.122  110.2  3.823  5.279   58.6   81.4
E -108.0   18.3  115.5  179.8  -79.7    nan  1.130   80.5  3.780  5.363   48.7   72.7
R  -74.7  126.3  109.0  178.8  -77.2    nan  1.019   95.6  3.784  5.998  119.4  125.4
K -104.4  132.2  110.0  179.6  -61.3    nan  1.016  114.4  3.791  5.850 -153.8 -161.0
D  -70.6  178.4  110.2  178.8   57.8    nan  1.073   71.1  3.801  5.802 -117.2 -121.9
S  -52.9  -29.4  115.3 -178.9   54.4    nan  1.113  111.0  3.828  5.087  -50.2  -50.1
N  -69.9  -55.5  110.5  178.9  -71.2    nan  1.019   85.6  3.844  5.551   76.3   86.9
G  142.7   -1.5  110.0 -179.6    nan    nan    nan   37.8  3.796    nan    nan  -92.8
N  -86.7  162.9  109.9  179.6  -45.3    nan  1.000   92.6  3.794    nan    nan   96.6
L  -72.1  130.8  107.9  178.1  -69.1    nan  0.991   91.2  3.782  5.331  -85.7  -90.0
A  -63.5  -37.8  109.2  179.0    nan    nan  1.026   99.9  3.807  5.736 -107.7 -116.9
K -137.1  -61.3  113.9  179.2 -110.5    nan  1.109   53.6  3.831  4.883  -12.6   12.9
G   90.7  -43.1  114.9  177.9    nan    nan    nan  106.2  3.782    nan    nan -155.4
D -105.7   15.5  110.7  177.1   72.3    nan  1.105   80.2  3.800    nan    nan   39.7
A  -72.6  151.9  109.2  179.7    nan    nan  1.017   83.4  3.821  6.017  118.4  125.7
A  -82.9  152.8  113.9 -179.5    nan    nan  1.094   94.3  3.819  5.595 -110.9 -110.5
N -111.6   -9.8  111.8  179.0  -59.4    nan  1.038   65.1  3.807  5.606 -134.0 -140.6
T -139.9  173.2  110.0  179.8   63.5  -58.3  1.041  141.7  3.825  5.130   16.8   35.9
G -172.8  164.1  112.4  179.6    nan    nan    nan  165.3  3.786    nan    nan -179.9
V -137.1  140.5  106.3  179.2  162.2  -78.7  0.995  133.4  3.792    nan    nan -153.6
H -139.0  142.0  109.5 -179.0 -174.2    nan  0.998  136.9  3.798  5.691 -173.9 -179.8
A -144.8  151.9  112.1  178.9    nan    nan  1.082  145.4  3.816  5.683  173.3  174.6
L -141.0  134.6  109.4 -179.0  171.3    nan  1.015  134.0  3.801  5.593 -162.9 -171.2
L -123.2  118.1  102.8  178.0 -124.3    nan  0.936  115.0  3.759  5.765 -164.2 -173.9
G -128.8  150.5  117.1 -179.1    nan    nan    nan  136.1  3.769    nan    nan  172.8
L -122.8  118.2  107.9  179.7 -125.7    nan  0.971  118.9  3.769    nan    nan -156.4
H -111.5   99.6  110.6 -179.6  -61.3    nan  1.046  112.6  3.807  5.905 -175.3 -174.4
N  -95.6  149.2  114.7 -178.7  -58.0    nan  1.081  107.3  3.815  6.074 -172.1 -176.8
D  -98.9   16.3  109.9  179.8 -129.4    nan  1.049   86.9  3.756  5.510 -126.5 -133.3
S -139.8  169.6  106.5  177.3   66.3    nan  0.995  141.7  3.764  5.401   43.2   57.9
F  -82.2   87.9  107.4  179.7  177.6    nan  0.999  107.5  3.769  5.309  -90.6  -90.4
Y   55.3   31.4  113.0  179.1  -64.5    nan  1.072  108.6  3.817  5.224  -29.7  -47.6
G   66.7   19.1  118.9  178.3    nan    nan    nan  103.2  3.794    nan    nan  -92.6
L -141.2   18.3  115.7  178.3   24.3    nan  1.147   49.1  3.794    nan    nan   61.9
R -178.1  158.3  106.3  179.7 -177.5    nan  0.974  158.7  3.771  5.006   17.8   18.6
D  -65.8  146.7  109.7 -179.9  -67.4    nan  1.017   80.0  3.789  5.492  -83.8  -87.1
G  140.1 -149.5  111.3  178.5    nan    nan    nan  141.2  3.789    nan    nan   94.5
S -145.6  168.8  108.3  178.9   54.8    nan  1.031  147.5  3.769    nan    nan -104.7
S -168.5  155.9  108.3  180.0   66.2    nan  1.015  156.9  3.746  5.365 -177.5  179.6
K -144.6  133.4  107.3  178.9  -71.6    nan  0.991  133.2  3.800  5.602 -165.8 -170.9
T -131.2  126.3  106.6  179.1  -63.5  177.2  1.009  124.2  3.770  5.726 -177.4  179.1
A -130.9  141.2  112.4 -179.2    nan    nan  1.061  133.7  3.797  5.811  177.0  175.1
L -116.4  118.5  106.2  179.1 -172.8    nan  0.972  115.6  3.768  5.651 -148.6 -160.6
L -113.9  141.4  113.2 -179.2  -56.8    nan  1.074  122.7  3.802  5.938 -177.5 -174.4
Y -141.2  141.7  111.4  179.0  171.2    nan  1.049  138.9  3.783  5.653 -176.2  175.6
G -155.7  151.3  113.2  179.8    nan    nan    nan  151.3  3.779    nan    nan  162.2
H -139.7  140.4  109.8 -179.4 -160.8    nan  1.003  136.6  3.770    nan    nan -170.5
G   72.9 -131.9  106.9 -179.8    nan    nan    nan   90.5  3.796    nan    nan   22.4
L  -61.2  -26.9  110.4  178.5  -78.3    nan  1.042  106.9  3.802    nan    nan   -3.1
G  -76.7   -5.3  114.4  178.5    nan    nan    nan  101.1  3.787    nan    nan   83.1
A  -66.1   -8.9  116.6 -178.2    nan    nan  1.178  109.7  3.833    nan    nan  116.6
E  -98.2   97.0   98.1  173.7  162.5    nan  0.899   98.9  3.856  5.756   69.9   71.3
V  -70.9  -21.6  120.4 -175.6  -61.6   61.1  1.199   97.3  3.836  6.148 -160.0 -147.4
K  -89.1  -68.8  111.4  178.7 -175.3    nan  1.063   70.5  3.844  5.525   62.7   76.6
G  -84.0   77.7  109.5  179.4    nan    nan    nan  110.3  3.820    nan    nan   37.6
I  -46.3  121.3  114.2 -178.9  -55.5 -179.9  1.069   83.9  3.800    nan    nan -150.1
G   69.3   21.0  115.3 -179.9    nan    nan    nan  100.7  3.811    nan    nan   -5.2
S -102.1   -1.8  115.2 -178.3   75.7    nan  1.069   77.1  3.807    nan    nan  105.9
D -120.8  105.8  111.0 -179.2 -164.0    nan  1.046  115.8  3.839  5.324   45.1   64.6
G  -83.3   -8.1  117.0 -178.7    nan    nan    nan   93.0  3.790    nan    nan -157.9
A  -88.5   -1.7  116.1 -179.2    nan    nan  1.101   90.7  3.823    nan    nan   92.0
L  -66.5  134.5  114.9 -177.5  -63.4    nan  1.087   89.8  3.834  5.816  104.0  119.4
R  -75.1  159.7  109.4  178.6  -62.0    nan  1.016   82.6  3.787  5.701 -112.3 -126.7
P  -57.8  -34.3  112.6  179.8  -36.2    nan  0.965  104.9  3.838  5.181  -69.8  -78.3
G  -91.9    9.2  114.7 -178.8    nan    nan    nan   91.9  3.779    nan    nan   64.6
A  -59.0  128.8  108.1  178.8    nan    nan  1.018   83.4  3.788    nan    nan  131.8
D -132.4  121.8  111.0 -178.1 -162.0    nan  1.016  125.5  3.809  5.738 -178.5  175.1
T -129.5  146.8  114.9 -178.9  -51.7 -170.5  1.081  135.2  3.833  5.898  171.9  171.4
W -134.3  127.2  105.0  177.9  -81.8    nan  0.940  124.7  3.811  5.630 -157.6 -175.3
R -136.2  141.7  110.4  178.3 -175.3    nan  1.047  135.7  3.762  5.703  166.4  170.2
I -121.5  125.3  109.0  178.2 -172.1   65.4  1.079  121.9  3.769  5.754 -162.0 -162.3
A -120.3  135.1  108.7  179.1    nan    nan  1.009  123.5  3.795  5.844 -166.9 -178.5
S -159.3  138.6  112.3  179.4 -162.9    nan  1.071  142.3  3.786  5.584  154.7  152.5
Y -153.6  160.8  109.6  177.9   80.0    nan  1.060  153.5  3.778  5.620  166.4  159.1
G -149.2  154.2  109.8 -179.9    nan    nan    nan  148.1  3.783    nan    nan -168.8
T -126.2  135.6  107.3  179.4  -98.9  139.2  0.999  126.2  3.776    nan    nan -153.4
T -163.0  141.5  114.2  178.3 -168.9   71.2  1.079  145.4  3.817  5.682  152.0  148.5
P  -88.4  132.2  108.8  179.4   31.5    nan  0.949  102.7  3.841  5.524 -118.0 -130.8
L  -89.4  -22.3  111.3 -179.3 -101.0    nan  1.037   82.6  3.835  5.921 -138.8 -139.4
S -169.7 -174.3  105.0  177.7   59.8    nan  1.043  167.0  3.790  4.890  -29.4  -10.7
E  -75.8    6.9  112.6  179.6   79.7    nan  1.072  106.8  3.863  5.307  -68.6  -63.8
N -133.2  -27.7  113.6 -179.4   53.9    nan  1.100   42.1  3.831  5.295   38.5   59.3
W -107.3  128.2  115.5  179.2  -80.0    nan  1.087  120.5  3.879  5.334   32.3   54.2
S -123.9  139.6  108.6  177.8  -67.0    nan  1.016  126.6  3.840  5.810 -171.0  177.1
V -129.0  137.6  112.1  179.6   71.3 -166.2  1.093  131.4  3.795  5.752 -172.6 -169.6
A -131.6   93.4  110.5  178.6    nan    nan  1.043  107.5  3.804  5.761 -169.7 -177.7
P  -84.8  155.5  108.1  179.3   36.2    nan  0.919   92.6  3.815  5.972 -163.0 -174.1
A -153.6  150.3  113.4  180.0    nan    nan  1.074  149.9  3.835  5.647  172.4 -178.0
M -143.2  137.5  113.5  179.1   96.7    nan  1.102  138.7  3.767  5.570 -174.8 -174.0
L -133.8  127.1  106.5  178.4 -126.9    nan  0.957  125.5  3.786  5.684 -165.5  176.6
A -144.0  143.3  109.7 -179.8    nan    nan  1.026  140.0  3.800  5.703  162.0  161.1
Q -146.6  150.2  114.6 -179.3 -179.0    nan  1.077  147.0  3.775  5.593  177.5  175.4
R -134.3  112.2  105.2  177.7 -177.7    nan  0.953  115.9  3.811  5.591 -158.1 -170.1
S -125.4  122.1  110.4 -178.9 -155.1    nan  1.021  123.3  3.810  5.874  165.6  167.2
K -115.9  147.5  113.6 -179.0  -68.3    nan  1.014  124.2  3.832  5.898 -167.9 -175.6
D   49.2   37.7  110.7  178.1  -49.6    nan  1.032  110.7  3.843  4.712   25.0    4.9
R  -67.0  -72.1  112.8 -178.2 -163.9    nan  1.066   77.3  3.757  6.017  142.7  153.7
Y -104.2  -29.8  112.8 -180.0  -57.1    nan  1.052   66.4  3.832  4.846   -5.5   17.2
A -129.3  146.7  108.6  179.7    nan    nan  1.009  131.7  3.809  4.931    9.9   28.2
D  -59.0  126.6  109.8  179.5 -162.0    nan  1.007   85.8  3.788  5.415  -84.6  -96.1
G   78.5    8.8  115.4 -179.5    nan    nan    nan   97.7  3.795    nan    nan   10.8
D  -79.1  170.5  109.0  178.1   73.0    nan  1.096   82.3  3.801    nan    nan  112.7
S -160.4  133.8  109.5 -179.4  149.9    nan  1.022  137.1  3.769  5.362 -163.5 -169.1
Y -130.2  121.5  105.9  178.8  -66.3    nan  0.972  121.0  3.766  5.756 -171.9  179.2
Q -137.3  131.0  110.5  179.3  -72.9    nan  1.026  131.4  3.804  5.809  165.1  161.8
W -158.5  160.4  111.3  178.6   49.2    nan  1.088  157.1  3.770  5.555  150.5  147.2
A -147.4  125.2  109.5 -179.7    nan    nan  1.032  129.3  3.776  5.495 -162.4 -167.9
T -109.3  143.1  110.1  178.8  -69.5  170.2  1.019  117.3  3.767  5.881 -158.6 -168.1
F -133.6  116.5  104.8  176.5  176.1    nan  0.993  118.3  3.761  5.678 -170.2 -175.8
N -116.7  144.3  108.6  179.4 -164.8    nan  1.011  122.1  3.801  5.926 -176.3  178.1
L -139.1  107.6  109.1 -178.6 -163.9    nan  1.012  115.6  3.779  5.609 -172.0 -176.2
R -101.6  130.3  109.1  177.6 -165.2    nan  1.018  112.0  3.813  6.050 -172.6 -178.4
L -128.8  131.5  110.1  179.7  -75.8    nan  0.974  128.0  3.861  5.857 -171.2  178.6
I -122.2  136.5  110.0  176.5   -6.9 -132.5  1.026  125.9  3.847  5.903 -174.3 -173.4
Q -123.4  111.7  108.8  179.4  170.5    nan  1.021  117.0  3.789  5.641 -163.8 -170.0
A  -73.4  141.8  109.5  179.7    nan    nan  1.032   88.4  3.776  5.946 -136.2 -145.5
I -124.6  -35.8  109.2  179.5  -73.0  161.1  1.025   51.8  3.798  5.711 -160.7 -165.3
N -132.7 -172.9  107.9  179.7  -75.6    nan  0.912  130.2  3.814  4.964    7.2   17.4
Q  -80.0  -23.9  102.9  175.8  177.9    nan  0.908   93.9  3.719  4.783  -74.6  -70.3
N -114.8  -19.2  117.0 -178.9  -51.3    nan  1.076   57.9  3.819  5.023   21.2   50.0
F -114.0  137.2  114.4 -175.7 -171.9    nan  1.054  123.7  3.798  5.044   37.8   60.2
A -141.7  163.3  110.4  179.2    nan    nan  1.031  144.5  3.773  5.649  177.0  170.6
L -122.3  112.4  105.2  178.9  -66.1    nan  0.971  114.1  3.786  5.533 -136.8 -138.8
A  -99.6  145.2  109.5  179.9    nan    nan  1.030  108.9  3.802  5.982 -166.2 -168.3
Y -132.0  144.8  107.9  178.9  -56.0    nan  0.970  132.7  3.807  5.734 -160.9 -169.6
E -138.2  139.2  112.9  177.0 -172.7    nan  1.105  137.2  3.812  5.668  178.4 -174.2
G -131.5  120.5  111.2  179.9    nan    nan    nan  124.7  3.753    nan    nan -175.1
S -117.1  139.1  111.2  177.7  -62.7    nan  1.055  123.7  3.777    nan    nan -179.9
Y -137.2  136.6  104.4  177.5  173.4    nan  0.970  130.5  3.755  5.677 -172.8  175.9
Q -146.3  134.5  112.9  179.1  175.1    nan  1.063  137.5  3.755  5.622  169.0  169.5
Y -118.0  140.3  106.9  177.2  178.7    nan  1.006  121.7  3.768  5.768 -161.3 -168.3
M -144.3  145.0  112.1  179.2   64.0    nan  1.052  142.3  3.794  5.644  176.5  174.8
D -136.0   98.0  102.4  178.6 -170.2    nan  0.922  104.3  3.801  5.654 -163.0 -177.3
L -110.1  133.5  112.5 -177.0  -46.7    nan  1.060  119.8  3.778  5.957  163.8  171.9
K -134.0   83.2  107.7  179.6  -68.6    nan  1.026   97.7  3.799  5.769 -177.6  174.1
P  -68.5  -21.2  117.6 -179.7   30.6    nan  1.045  100.7  3.843  6.056 -160.8 -165.9
E   56.1   50.8  111.7 -179.3  -62.9    nan  1.070   96.6  3.867  5.626 -153.4 -146.0
G   79.7  -20.5  119.0  179.2    nan    nan    nan  109.5  3.800    nan    nan  -62.1
Y  -50.7  124.7  112.3  179.4 -173.4    nan  1.040   83.1  3.838    nan    nan  114.3
N   57.5   25.7  115.9 -179.9  -97.6    nan  1.084  109.0  3.812  4.815   13.4  -11.9
D   62.4   28.0  112.3 -179.3  -81.5    nan  1.073  104.6  3.831  5.442  -91.9  -98.3
R  -86.0  145.1  106.0  179.2  -62.2    nan  0.975   95.7  3.764  5.952  117.7  123.4
Q -112.7  137.2  108.3  179.4  -72.4    nan  1.008  118.7  3.791  5.719 -147.0 -148.7
A  -52.1  135.7  109.7  179.8    nan    nan  1.036   75.3  3.823  5.627  -87.0  -98.8
V -147.4  156.9  111.2 -178.7  102.4 -133.8  1.051  148.3  3.769  5.613  171.2  165.8
N -155.5  146.0  108.5  178.1   77.7    nan  1.070  145.9  3.806  5.596  179.0  178.7
G  158.4 -170.7  110.5 -178.3    nan    nan    nan  159.7  3.769    nan    nan  115.3
S -130.5  153.5  114.2 -178.8   47.3    nan  1.104  136.1  3.767    nan    nan -111.6
F -119.0  141.0  109.6 -180.0 -170.1    nan  0.999  124.2  3.807  5.564 -137.6 -148.5
Y -128.9  138.0  111.3 -179.6  -55.2    nan  1.007  131.0  3.836  5.815 -165.2 -168.9
K -137.2  131.0  110.8  176.2 -173.7    nan  1.070  131.5  3.816  5.716  175.2  177.2
L -126.6  120.9  107.0  178.3  -71.0    nan  0.977  120.5  3.805  5.788 -167.6  179.1
T -130.6  135.7  110.9 -179.9  -55.7 -176.6  1.026  130.9  3.801  5.868  171.2  169.4
F -118.6  121.6  104.5  178.8  169.6    nan  0.952  116.0  3.779  5.709 -157.0 -168.8
A -132.5   99.5  120.0 -177.7    nan    nan  1.162  118.3  3.798  5.786  162.1  174.2
P  -60.0  122.7  105.3  178.5  -36.9    nan  0.880   85.5  3.841  5.872 -122.2 -150.4
T -119.1  137.6  116.1 -177.1  -50.8 -171.7  1.059  128.2  3.849  5.989  177.0 -173.7
F -114.9  138.9  109.1  177.9  -71.0    nan  0.995  120.8  3.825  5.744 -153.4 -163.2
K -165.7  170.8  109.4  179.5   55.6    nan  1.026  165.9  3.820  5.544  154.4  147.9
V -110.0  -36.7  111.1  179.1  -58.8   64.1  1.081   61.5  3.813  5.518 -123.7 -114.9
G  -68.2 -172.0  116.2  180.0    nan    nan    nan   64.9  3.792    nan    nan   83.8
S  -59.8  107.1  112.7 -179.4 -174.7    nan  1.064   99.9  3.766    nan    nan  -44.7
I  -61.2  -27.4  112.1  178.6  -66.2  171.0  1.070  106.0  3.799  5.975 -127.7 -140.2
G  -78.2  -14.6  112.1  179.6    nan    nan    nan   96.0  3.805    nan    nan   81.9
D  -88.5  117.2  108.1  179.2 -169.7    nan  1.004  105.4  3.794    nan    nan   82.3
F  -68.4  -12.1  110.4  179.6  -84.1    nan  1.036  107.0  3.787  5.897 -125.7 -134.7
F -107.0   -1.9  118.2 -178.6  -56.0    nan  1.197   72.1  3.787  5.215   38.6   71.5
S  -72.6  121.3  101.3  177.1   48.7    nan  0.946   90.2  3.822  5.957  105.4  105.8
R  -92.9  -48.5  129.8 -173.0 -121.5    nan  1.351   59.2  3.783  5.958 -165.0 -137.3
P  -46.7  101.0  110.9 -179.2  -25.1    nan  0.989   97.1  3.760  5.460   99.7   96.6
E -145.1  139.9  112.9  178.0   78.7    nan  1.178  140.4  3.802  5.806  122.0  131.8
I -118.4  120.6  107.6 -179.2  -68.1  168.8  0.998  118.1  3.786  5.702 -142.7 -163.5
R -123.3  145.2  116.1 -179.4   60.6    nan  1.182  131.3  3.755  5.773  168.8  179.1
F -109.2  150.8  102.2  176.9  -69.8    nan  0.927  112.6  3.830  5.689 -128.3 -153.1
Y -162.5  173.6  116.7 -177.9   45.1    nan  1.107  164.3  3.800  5.501  163.7  170.2
T -149.3  131.1  105.9  179.2  -58.1 -176.6  0.941  132.1  3.768  5.363 -145.8 -156.1
S -129.0  156.4  109.7  177.0  -57.8    nan  1.031  132.9  3.780  5.738  177.7 -179.3
W -130.4  133.5  103.9  177.9  148.6    nan  0.945  125.4  3.761  5.502 -149.5 -157.1
M -134.3  144.3  110.5  178.6  -65.9    nan  1.021  135.5  3.809  5.810  178.3  178.0
D -152.5  160.0  106.7  178.1 -158.8    nan  0.998  151.5  3.798  5.590  173.5  166.5
W -164.3  164.4  111.9 -179.3   58.7    nan  1.018  162.6  3.812  5.483  178.8  174.6
S  -62.0  121.3  107.7  177.3  -64.3    nan  0.976   89.2  3.822  5.246  -71.7  -79.7
K  -49.2  -32.7  114.2 -179.1   54.9    nan  1.105  112.5  3.847  5.857 -104.7 -111.0
K  -53.5  -33.2  112.2  179.4 -175.0    nan  1.061  109.3  3.818  5.583   89.7  100.0
L  -54.6  -29.5  113.7 -179.4  -62.3    nan  1.079  110.1  3.851  5.511   84.9   99.2
N  -60.4  -23.3  112.4  179.0  -60.0    nan  1.043  108.9  3.801  5.536   84.7   96.1
N  -85.1   -3.2  117.8 -177.6  -55.3    nan  1.136   93.4  3.830  5.332   57.9   82.9
Y  -57.8  -47.6  110.2 -179.4  180.0    nan  1.048   98.2  3.811  5.906  115.2  123.5
A -146.4  164.2  107.3 -179.5    nan    nan  0.986  147.8  3.795  4.728  -21.7   -6.6
S -101.7  -18.3  113.1 -179.3   51.3    nan  1.067   71.8  3.813  5.480 -119.7 -113.5
D -105.8   24.3  108.8  178.3   51.5    nan  1.026   83.1  3.825  5.324   42.8   61.6
D  -81.6  176.0  108.6 -179.6 -125.1    nan  0.897   82.9  3.824  5.939  122.3  125.1
A  -88.8  -46.8  106.1  176.7    nan    nan  0.983   79.2  3.782  5.253 -100.5  -91.1
L  -70.2  106.7  112.7 -179.5  -61.5    nan  1.081  104.6  3.814  5.236   51.5   70.9
G  111.2  -11.3  110.9  179.5    nan    nan    nan   73.2  3.764    nan    nan   21.6
S  -67.6  170.2  107.0  179.0   62.5    nan  1.012   70.8  3.798    nan    nan  104.7
D  -56.2  115.1  114.6 -177.9 -151.2    nan  1.082   94.4  3.797  5.215  -61.8  -62.0
G   88.6    6.2  115.8  178.3    nan    nan    nan   88.7  3.790    nan    nan    4.9
F -142.3   51.3  108.0  179.9 -152.4    nan  0.999   69.7  3.776    nan    nan   47.6
N -124.5  -27.9  112.8 -178.7   46.1    nan  1.077   49.4  3.794  5.771   94.7  111.1
S  -57.8 -178.3  113.0 -179.1  -66.0    nan  1.059   57.2  3.813  5.582   88.5  101.4
G  -69.9  -89.1  108.3  177.9    nan    nan    nan   73.1  3.771    nan    nan  -64.7
G  -74.1  137.8  118.0 -179.7    nan    nan    nan   95.7  3.798    nan    nan   30.6
E -134.4  121.1  108.8  179.8  -67.2    nan  1.016  124.0  3.816    nan    nan  176.5
W -102.2  143.1  111.6 -179.4  -71.3    nan  1.027  112.6  3.813  5.925 -155.1 -163.6
S -140.2  151.7  111.0  178.0   41.4    nan  1.066  141.7  3.808  5.640 -179.8  179.5
F -139.7  157.1  108.9  179.7  -50.3    nan  0.997  141.7  3.838  5.660 -162.0 -170.0
G  171.3 -176.8  116.2  178.9    nan    nan    nan  172.2  3.782    nan    nan  142.0
V -137.7  146.3  107.3  179.0 -151.9  -27.3  0.951  136.6  3.798    nan    nan -130.1
Q -161.0  157.0  111.0  177.7   92.0    nan  1.035  156.4  3.811  5.513  162.5  162.0
M -120.4  156.6  106.2  175.6   71.2    nan  0.986  124.1  3.797  5.595 -143.6 -145.6
E -152.7  137.2  107.5  175.6  178.1    nan  1.009  138.3  3.804  5.597 -178.5 -178.6
T -154.6  169.5  110.9  176.6   49.8  -73.5  1.018  156.4  3.810  5.749  166.2  157.4
W -161.6  147.0  103.1  176.2   56.2    nan  1.012  146.6  3.722  5.224 -175.1 -174.9
F -160.5    nan  108.0 -178.0   50.6    nan  0.963    nan  3.787  5.573  177.2  164.2
