Id   phi    psi    tau  omega    chi    chi2  solid    eta  CA-CA  CB-CB  BA^AB  NA^AC
S    nan -135.2  110.6    nan   55.9    nan  1.062    nan    nan    nan    nan    nan
G -139.5 -112.6  115.9  179.8    nan    nan    nan   91.7  3.826    nan    nan  -80.2
F  -92.6  144.6  114.1 -178.1  169.2    nan  1.043  105.9  3.772    nan    nan   -5.7
E -141.4  139.5  110.1  177.3  -77.7    nan  1.046  137.2  3.776  5.642 -178.9  178.7
F -120.5  117.1  108.2  179.9  175.6    nan  0.985  118.0  3.771  5.688 -154.9 -163.7
H -126.6  167.8  108.3  177.6  -61.2    nan  0.993  129.5  3.816  5.894  171.9  165.9
G  174.5 -176.4  115.6  179.3    nan    nan    nan  174.9  3.786    nan    nan  158.6
Y -143.5  152.9  105.0  179.2  166.0    nan  0.968  141.8  3.770    nan    nan -135.8
A -168.2  132.9  113.3 -179.6    nan    nan  1.057  136.5  3.783  5.434  164.5  162.6
R -128.4  146.2  103.9  177.0   91.2    nan  0.980  128.4  3.799  5.775 -171.4  176.0
S -169.4  125.8  107.6  178.8 -179.5    nan  1.015  128.4  3.796  5.538  158.5  153.1
G -170.8 -172.6  114.1 -178.7    nan    nan    nan  166.0  3.719    nan    nan  129.1
V -128.0  143.9  112.7 -176.6  152.9  -82.7  1.031  132.6  3.747    nan    nan -112.0
I -138.0  129.0  106.2  177.1  -58.0 -179.0  0.988  127.8  3.827  5.831 -172.9 -179.7
M -137.2  160.2  107.2  178.8   61.2    nan  0.987  139.4  3.838  5.812  175.3  168.4
N  -91.9 -173.9  108.4  178.5   58.7    nan  1.044   90.0  3.806  5.544 -114.1 -111.2
D  -69.4   -2.4  114.7 -178.7   45.9    nan  1.104  109.6  3.808  5.118  -63.1  -55.7
S -109.2    6.9  109.9  179.7  -52.3    nan  1.029   73.3  3.812  5.500   57.4   74.6
G   67.6   37.6  112.4 -179.2    nan    nan    nan   95.0  3.780    nan    nan -110.2
A -131.6  175.9  110.3 -179.6    nan    nan  1.035  132.9  3.803    nan    nan   88.6
S  -68.7  160.2  114.6 -179.9   52.2    nan  1.112   77.8  3.799  5.271  -74.8  -67.8
T -149.9 -179.0  107.9  178.4   19.6 -105.5  0.993  149.6  3.819  5.603 -162.0 -173.0
K  -94.1  145.0  107.8  178.7  -61.0    nan  1.001  103.5  3.781  5.102  -92.9  -88.8
S -159.4  162.3  107.5 -179.5   63.1    nan  0.984  157.5  3.821  5.622  169.7  162.4
G  142.2  149.4  110.8  178.6    nan    nan    nan  124.7  3.789    nan    nan  115.2
A  -70.5  -21.9  110.4  179.6    nan    nan  1.022  100.8  3.771    nan    nan -103.2
Y -115.0   30.7  116.0 -177.2  -66.0    nan  1.069   80.8  3.821  5.072   30.5   53.7
I  -80.6  -18.9  118.7 -178.5   58.3  -71.2  1.182   90.0  3.812  6.023  115.7  136.8
T  -75.1  157.3  109.3  179.0   72.9  -48.6  1.016   83.4  3.804  5.696   88.1   92.2
P  -49.9  -38.1  110.2  179.5  -38.9    nan  0.938  110.0  3.848  5.097  -62.2  -74.4
A  -61.3  -20.1  112.5  179.3    nan    nan  1.062  109.6  3.830  5.272   62.3   86.8
G  -63.7  -27.9  116.5 -179.5    nan    nan    nan  101.8  3.823    nan    nan  103.6
E  -64.4  -23.9  112.2 -179.4  -58.9    nan  1.056  104.8  3.796    nan    nan   95.8
T -109.9   21.7  111.9  178.9   46.9  -73.3  1.084   79.3  3.787  5.151   30.0   53.8
G   96.4    7.1  117.2  177.5    nan    nan    nan   80.4  3.805    nan    nan  -73.1
G  -78.0   71.7  115.7 -178.0    nan    nan    nan  117.9  3.795    nan    nan  116.7
A  -68.5  151.5  115.1  179.9    nan    nan  1.063   82.3  3.791    nan    nan -179.7
I -127.0  173.9  108.3  175.6   51.2  -78.2  1.013  128.7  3.842  5.702 -155.4 -159.7
G  -46.0  142.1  113.2  179.9    nan    nan    nan   68.0  3.781    nan    nan  -49.9
R -102.2   -9.8  114.9 -180.0   70.2    nan  1.058   73.8  3.787    nan    nan -141.9
L  -64.5  121.1  112.3 -178.3 -133.5    nan  1.066   94.1  3.802  5.685   96.9  112.8
G   61.6   33.3  109.2 -179.4    nan    nan    nan  103.8  3.790    nan    nan  -10.4
N -144.6   31.8  112.3 -176.1 -165.3    nan  1.033   54.7  3.799    nan    nan   73.3
Q -147.2  107.8  106.8  176.6  -70.7    nan  1.009  113.9  3.833  5.515   50.8   63.4
A -103.1    7.0  112.5 -178.2    nan    nan  1.063   79.6  3.792  5.930 -172.5 -175.1
D  -87.9  159.8  114.0  178.7   59.4    nan  1.085   96.0  3.801  5.732   84.7  104.7
T -108.2   92.9  104.4  178.4  -73.0  167.4  0.986  104.6  3.814  5.532 -125.6 -130.2
Y -106.7  131.6  109.6 -178.3 -177.5    nan  1.021  115.5  3.815  6.055  168.2  166.9
V -136.0  138.6  113.0 -177.4  179.2  -60.4  1.016  136.0  3.823  5.833 -176.4  173.3
E -124.9  122.4  105.8  175.4  -71.7    nan  0.981  119.7  3.829  5.752 -166.7 -173.4
M -113.6  114.1  109.1 -178.7  -63.8    nan  1.026  115.9  3.807  5.867 -169.7 -171.5
N -107.5  113.3  111.1 -178.7  -54.3    nan  1.031  115.7  3.793  5.922 -169.3 -174.8
L -105.4  127.6  106.2  179.5  -55.5    nan  0.984  112.0  3.813  5.987 -166.8 -177.2
E -131.4  155.1  113.5 -178.6  -59.4    nan  1.061  136.5  3.777  5.797  176.0  178.2
H -132.6   99.2  106.6  177.8 -179.0    nan  1.004  108.4  3.739  5.457 -155.5 -161.8
K  -97.5  154.8  110.5 -179.1  -77.4    nan  1.012  105.4  3.814  6.053 -171.8 -179.9
Q -156.2  125.8  109.9 -179.6 -177.1    nan  1.012  130.3  3.793  5.481 -179.8  176.3
T -114.4  122.4  107.4  178.2  -61.2 -179.6  1.016  116.8  3.794  5.912 -168.6 -172.5
L  -88.7  158.9  111.3  179.4  -83.8    nan  1.068   96.3  3.797  5.917 -145.1 -147.8
D  -53.0  -31.8  115.3  179.8   35.4    nan  1.106  109.4  3.824  5.330  -68.9  -75.0
N  -80.9    8.1  115.1  180.0   53.3    nan  1.099  102.5  3.833  5.380   56.8   76.9
G   92.3  -12.8  114.4  180.0    nan    nan    nan   93.0  3.808    nan    nan  -87.2
A  -71.9  132.7  112.8  179.4    nan    nan  1.073   93.4  3.823    nan    nan  101.1
T -112.3  154.1  111.2 -179.9   60.3  -61.9  1.049  119.2  3.806  5.845 -155.2 -162.3
T -130.9  140.1  103.8 -178.7 -102.4  132.2  0.944  128.2  3.754  5.494 -149.3 -159.6
R -150.7  129.2  114.8 -179.4 -179.0    nan  1.079  135.3  3.798  5.703  165.9  170.3
F -124.9  130.9  110.3  178.7  167.6    nan  1.040  126.1  3.762  5.746 -171.7  178.1
K -135.6  142.7  112.3  179.9  174.9    nan  1.027  136.8  3.787  5.715 -179.8  172.2
V -130.3  135.3  105.0  176.2 -150.6  -21.9  0.876  126.8  3.832  5.815 -155.1 -174.0
M -115.6  129.0  107.1  174.9  177.4    nan  1.005  118.6  3.782  5.636 -167.0 -163.9
V -121.3  115.0  105.6  178.1  172.0  -67.3  0.990  115.3  3.799  5.809 -169.1 -176.4
A -117.5  162.9  116.0 -178.8    nan    nan  1.107  123.8  3.797  5.853  175.6 -179.8
D -158.5  148.3  110.2  178.5 -178.4    nan  1.035  149.1  3.795  5.427 -172.0 -178.8
G -142.2  129.2  106.2  178.2    nan    nan    nan  129.2  3.797    nan    nan -177.4
Q -134.2  141.0  110.2 -179.6  -68.0    nan  0.986  134.2  3.826    nan    nan  173.4
T  -96.3  -14.6  107.7  176.9   59.4  -60.2  1.049   79.5  3.827  5.819 -140.7 -137.9
S  -70.8  147.3  111.6  179.1  171.8    nan  1.037   84.9  3.827  5.667   86.3   99.1
Y  -96.7  -11.7  112.5 -179.2  -72.2    nan  1.003   78.9  3.818  5.639 -122.0 -130.4
N  -67.8  154.4  117.8 -177.4  -58.6    nan  1.142   81.2  3.793  5.481   85.6  109.6
D  -72.8  -15.2  115.1 -179.0   51.2    nan  1.074  100.4  3.781  5.365  -89.4 -100.8
W -133.4  117.1  106.8 -179.1  178.0    nan  0.986  120.1  3.791  5.024   21.4   38.3
T -129.6   42.5  113.1 -177.7   52.8  -66.8  1.066   74.6  3.772  5.853  168.7  167.2
A  -60.5  -46.8  113.3  178.6    nan    nan  1.077   95.0  3.805  6.157  157.6  162.1
S  -55.2  -36.2  115.5 -179.0   75.3    nan  1.098  104.6  3.829  5.339   72.8   87.5
T -111.6   13.9  115.2 -179.1   53.9  -66.0  1.042   74.8  3.818  5.014   25.9   44.0
S  -57.1  134.9  116.2 -178.3 -170.6    nan  1.102   83.1  3.834  5.910  127.4  141.9
D -113.7   18.3  113.4  178.7  -90.0    nan  1.060   74.5  3.831  5.798 -155.8 -162.2
L  -53.9  121.2  111.0 -179.5 -133.5    nan  1.019   86.8  3.850  6.034  139.6  146.5
N -155.0  154.5  112.6 -179.4   69.8    nan  1.061  152.6  3.812  5.691  147.0  141.7
V  -82.8  108.1  108.1  179.6 -179.3  -58.3  1.018  104.7  3.822  5.553 -102.9 -110.4
R  -83.2  -29.6  112.6 -179.0  -68.6    nan  1.007   85.0  3.796  5.941 -145.5 -157.4
Q -148.3  155.1  113.0 -179.7  -56.3    nan  1.046  149.1  3.836  4.836  -11.3    9.3
A -169.2   95.1  104.3  179.4    nan    nan  0.967   97.7  3.797  5.445  170.9  160.0
F -141.1  169.8  115.1 -178.7   63.4    nan  1.086  144.4  3.805  5.807  131.7  135.6
V -129.1  137.3  110.6 -179.2  157.3  -80.1  1.039  130.4  3.767  5.352 -137.0 -137.4
E -123.3  127.7  109.8  178.1  -74.2    nan  1.041  124.0  3.796  5.808 -164.9 -169.3
L -111.9  111.4  104.4  177.2  -60.8    nan  0.966  110.6  3.785  5.829 -158.1 -170.8
G -118.9  156.3  116.0 -178.6    nan    nan    nan  126.6  3.793    nan    nan  176.2
N   48.2   58.4  111.8  177.3 -163.9    nan  1.040   96.5  3.767    nan    nan   12.4
L  -79.1  134.1  109.5  179.7  -66.7    nan  1.040   96.0  3.783  6.153  154.4  159.2
P  -56.2  -33.6  111.9  179.9   22.0    nan  0.973  107.0  3.837  5.541  -90.7 -105.9
T  -70.0  -20.0  115.0 -179.3  -94.3  141.0  1.108  100.7  3.789  5.185   55.4   84.9
F  -83.9  113.8  113.2 -179.4  -78.2    nan  1.054  108.4  3.829  5.534   66.2   84.4
A -117.1 -178.5  113.2 -179.4    nan    nan  1.067  116.5  3.812  5.896  178.2  174.6
G   60.1 -138.2  111.8  179.5    nan    nan    nan   81.0  3.801    nan    nan   57.6
P  -61.0  -19.2  113.1  179.7   27.1    nan  0.986  110.1  3.840    nan    nan   -6.7
F  -91.7   11.1  111.5 -179.9  -59.8    nan  1.011   92.4  3.839  5.374   52.7   76.3
K  -43.4  -70.9  117.3 -177.5 -170.6    nan  1.140   86.6  3.799  5.940  136.8  153.0
G -103.6   25.3  113.4 -178.5    nan    nan    nan   87.3  3.775    nan    nan   22.4
S  -70.6  156.0  114.1 -178.4   79.0    nan  1.071   81.6  3.806    nan    nan  139.2
T -123.9  123.6  113.3  178.7  162.0   39.2  1.142  125.6  3.793  5.605 -154.3 -147.6
L  -88.2  143.5  110.7 -179.5 -117.3    nan  0.982  100.7  3.827  5.833 -126.4 -150.8
W -145.9  161.5  113.5  178.7   69.3    nan  1.081  148.9  3.836  5.651  171.7  176.1
A -162.0  146.4  109.6  177.2    nan    nan  1.048  148.1  3.822  5.460  179.8  176.2
G  124.6 -162.7  110.7 -179.6    nan    nan    nan  129.0  3.792    nan    nan   78.6
K  -99.0  120.2  108.7 -179.5  177.6    nan  1.016  110.7  3.789    nan    nan  -72.1
R -154.7  170.0  113.7 -178.5   72.6    nan  0.992  157.0  3.793  5.702  153.4  142.7
F  -96.4  134.7   99.1  171.9  -61.8    nan  0.866  101.0  3.805  5.367 -102.9 -110.0
D  -53.3  141.4  110.2  179.3 -163.1    nan  1.022   72.9  3.827  5.605  -95.7  -99.6
R  -61.3  -37.6  111.3 -179.2 -176.5    nan  1.032  100.7  3.805  5.584  -92.2 -102.7
D  -90.3   22.2  121.2 -177.5  -63.1    nan  1.213  101.0  3.789  5.027   32.4   66.4
N  -76.6  156.7  103.6  176.6  -69.4    nan  0.930   83.0  3.806  6.119  132.1  123.2
F -144.5  158.6  108.5  176.1   55.8    nan  1.107  145.6  3.801  5.606  179.6 -168.2
D -131.5 -179.7  114.7 -177.3   70.2    nan  1.060  131.4  3.787  5.533 -145.1 -148.9
I -123.5   87.8   99.4  177.6  -62.5  178.2  0.903   96.6  3.813  5.339 -119.1 -121.4
H  -44.9  -48.2  122.1 -177.1  177.9    nan  1.195  101.1  3.795  6.082 -141.3 -133.3
W  -64.3  -13.4  115.4 -176.7  -48.4    nan  1.103  109.4  3.841  5.266   66.1   82.3
I -114.1   -1.3  112.8 -177.1 -105.9  122.0  1.070   65.4  3.758  5.085   38.7   62.4
D   56.2   46.4  112.4 -179.0 -162.9    nan  1.099   98.9  3.834  5.761 -136.3 -127.5
S -139.5  134.4  112.0 -179.8  166.8    nan  1.023  134.9  3.768  5.606   85.4   88.7
D  -74.4  164.9  106.1  175.7  -67.2    nan  0.952   79.0  3.774  5.669 -112.3 -127.2
V  -91.9  -47.0  103.2  176.6  169.4  -68.8  0.981   79.1  3.790  5.473 -110.8 -107.8
V -135.1  143.6  103.8  177.3 -163.8  -40.7  0.920  132.1  3.829  4.964  -10.4    0.9
F -142.6   90.0  110.8  179.7  177.8    nan  1.064  102.4  3.833  5.640  175.6 -178.6
L  -96.4  115.5  106.8  179.2 -178.2    nan  0.977  107.9  3.768  6.016 -179.7  169.8
A -143.5  164.3  108.1  179.8    nan    nan  1.022  145.5  3.834  5.811  151.0  149.0
G  142.7 -160.4  110.5 -177.7    nan    nan    nan  145.1  3.807    nan    nan  119.6
T -119.8  133.6  109.2 -178.5  -56.9 -176.7  1.033  123.3  3.803    nan    nan  -89.4
G  174.9 -134.8  112.0 -179.2    nan    nan    nan  136.5  3.785    nan    nan  120.7
G -171.6  165.9  110.7  179.6    nan    nan    nan  166.4  3.771    nan    nan -116.9
G  177.1 -166.2  113.5  179.7    nan    nan    nan  167.1  3.758    nan    nan  159.2
I -139.2  139.0  109.6 -179.0 -172.7   63.6  1.023  135.7  3.763    nan    nan -116.6
Y -111.5  150.3  110.6  179.7  -70.4    nan  1.017  118.7  3.799  5.793 -148.6 -154.3
D   56.4   64.4  118.4  177.5  -46.5    nan  1.132   83.2  3.817  4.654   30.8   13.3
V  -96.9  109.2  102.1  177.2  168.1  -71.0  0.964  103.6  3.802  6.103  150.1  141.2
K  -85.2  125.2  114.4 -178.8  -81.3    nan  1.071  106.7  3.813  6.057 -152.4 -155.0
W -112.7  148.7  102.5  177.4  -49.6    nan  0.903  115.7  3.813  5.867 -156.6 -175.7
N   35.8   12.8  118.0  178.7   67.5    nan  1.151  136.9  3.857  4.832    5.0   -3.9
D   59.2   44.5  115.3 -179.5  -56.3    nan  1.118   96.2  3.879  5.651 -109.8 -113.5
G -171.3    7.1  111.2 -179.8    nan    nan    nan   13.1  3.822    nan    nan   50.3
L -143.8  105.4  107.0 -180.0 -161.5    nan  0.982  112.3  3.795    nan    nan   46.3
R -103.6  149.4  109.1  178.2   20.5    nan  1.066  111.4  3.823  6.082  177.0  179.8
S -136.4  152.3  112.5 -178.9  -58.9    nan  1.009  139.8  3.797  5.633 -158.0 -167.2
N -123.9  139.7  102.5  176.6  -60.1    nan  0.933  122.8  3.768  5.553 -149.3 -157.0
F -132.4  139.9  105.8  178.4  -60.2    nan  0.977  130.2  3.797  5.718 -172.9 -174.7
S -163.2  162.4  116.5 -180.0   62.6    nan  1.068  162.1  3.808  5.568  156.5  155.2
L -125.9  117.9  105.6  176.8  168.1    nan  0.975  117.8  3.769  5.448 -141.8 -146.3
Y -119.0  133.6  108.5  177.5  -82.9    nan  0.992  122.3  3.804  5.934 -178.5  176.0
G -112.2  143.3  110.1  177.9    nan    nan    nan  119.5  3.773    nan    nan -161.2
R -134.6 -178.5  110.1  178.8  -63.7    nan  1.034  134.0  3.816    nan    nan -174.5
N -132.7  144.0  112.5 -179.4  -76.5    nan  1.021  135.6  3.833  5.355 -129.7 -124.8
F -118.2  142.3  105.5  176.1  -72.6    nan  0.964  121.2  3.789  5.676 -152.8 -159.2
G   85.3 -169.9  115.7  178.4    nan    nan    nan   89.7  3.793    nan    nan   33.9
D  -81.7  117.1  107.9  179.6 -175.1    nan  0.997  101.8  3.799    nan    nan  -64.4
I  -59.6  -25.7  113.1 -178.8 -168.4   68.3  1.105  108.0  3.832  5.986 -120.3 -125.0
D  -79.9  -31.7  114.0 -180.0  -65.6    nan  1.065   86.5  3.836  5.489   65.8   82.1
D  -88.0  103.6  108.2  179.4 -165.4    nan  0.997  107.2  3.816  5.247   51.9   67.1
S  -59.8  -25.6  114.4  179.8   50.8    nan  1.096  107.4  3.818  6.040 -134.3 -139.0
S  -87.8  -14.6  113.9  179.6   66.6    nan  1.083   86.3  3.848  5.412   55.4   75.2
N -122.2   32.5  110.1  179.0 -175.5    nan  1.040   73.0  3.850  5.254   30.3   49.2
S -130.3  130.1  110.8  179.1 -177.1    nan  1.038  128.5  3.827  5.643   70.9   85.2
V -139.0  141.8  111.3 -179.8  139.4  -96.9  1.059  137.8  3.810  5.765  172.5  167.9
Q  -95.2  133.5  108.9  177.5  -75.2    nan  1.019  107.3  3.816  5.777 -129.3 -137.4
N -113.5  126.0  107.9 -179.9  178.0    nan  0.985  117.5  3.782  5.749 -155.3 -162.7
Y -108.7  143.9  111.5  179.8  -72.1    nan  1.090  117.6  3.767  5.890 -168.7 -162.1
I -127.0  122.0  113.8 -179.0  -48.9 -173.3  1.039  126.3  3.765  5.643 -155.0 -164.3
L -104.3  126.6  107.0  177.6  -99.7    nan  0.977  112.0  3.805  5.864 -157.4 -169.5
T -138.5  144.3  116.2 -179.0  146.9   24.0  1.159  141.2  3.774  5.720  161.1  168.9
M -125.3  123.7  103.7  177.0   61.5    nan  1.006  118.8  3.787  5.713 -155.0 -168.4
N -117.0  114.4  106.0 -177.6 -153.1    nan  0.957  114.3  3.793  5.860 -165.0 -173.4
H -112.3  137.8  114.7 -178.2  -59.4    nan  1.060  122.7  3.836  6.023 -179.2 -175.9
F -125.0  128.4  112.8  179.8  -60.2    nan  1.058  127.2  3.786  5.690 -165.5 -170.7
A -134.1   88.1  106.1  179.1    nan    nan  0.986  100.1  3.819  5.797  179.8  167.9
G   72.0 -125.5  110.5 -179.7    nan    nan    nan   95.2  3.796    nan    nan  -30.0
P  -83.6   -2.9  111.0  179.8   37.3    nan  0.934   95.3  3.833    nan    nan  -15.6
L  -95.8  138.2  115.5 -176.8 -158.1    nan  1.078  111.2  3.807  5.373   59.1   91.0
Q -130.1  140.4  111.4  178.6  178.7    nan  1.048  132.4  3.769  5.684 -170.2 -176.4
M -139.9  106.8  109.9  179.0 -173.8    nan  1.043  115.5  3.766  5.624 -177.9  176.6
M -108.6  130.7  112.1 -179.0 -173.6    nan  1.041  118.6  3.797  5.940 -176.9  176.3
V -131.2  125.5  110.2  178.7 -174.5  -53.6  1.048  126.4  3.809  5.848 -179.8  175.2
S -128.8  144.1  113.4  179.8  -57.9    nan  1.037  133.6  3.809  5.819 -177.5  174.3
G -118.8  129.0  107.0  177.4    nan    nan    nan  120.2  3.769    nan    nan -159.3
L -120.5  152.4  114.7  179.8   16.8    nan  1.153  128.1  3.792    nan    nan -169.5
R -156.4  124.5  115.2 -179.1  176.1    nan  1.077  131.2  3.792  5.504 -175.4  172.8
A -129.0   95.9  104.1  178.2    nan    nan  0.955  104.7  3.785  5.769 -177.3  166.8
K  -55.6  130.5  113.2 -179.6 -172.9    nan  1.034   83.1  3.779  5.963 -134.4 -141.2
D   55.7   38.8  115.2  178.9  -59.4    nan  1.119  102.7  3.822  4.877   13.3   -8.7
N  -66.3  -36.7  105.8  177.4  178.0    nan  0.970  100.0  3.739  6.096  155.6  149.9
D  -69.6   -6.3  115.0 -179.2   59.5    nan  1.117  107.7  3.810  5.270   58.1   81.4
E -110.2   17.5  114.8 -179.8  -78.0    nan  1.134   77.8  3.786  5.362   47.4   72.3
R  -74.3  124.1  109.1  178.1  -79.1    nan  1.018   96.3  3.796  6.024  119.2  124.5
K -103.6  130.9  109.5 -179.9  -60.9    nan  1.006  113.5  3.796  5.857 -154.2 -162.3
D  -68.4 -179.4  111.0  179.2   57.4    nan  1.090   68.2  3.790  5.806 -117.3 -120.8
S  -53.9  -31.3  115.1 -179.3   55.0    nan  1.111  109.0  3.833  5.094  -48.7  -48.5
N  -68.4  -56.3  111.4  179.5  -71.1    nan  1.030   85.5  3.846  5.527   76.0   87.3
G  144.6   -3.1  109.2 -179.4    nan    nan    nan   36.6  3.796    nan    nan  -91.0
N  -86.9  163.2  110.1  179.9  -46.3    nan  1.005   92.7  3.798    nan    nan   95.3
L  -71.2  134.4  107.7  178.0  -65.8    nan  0.996   88.9  3.785  5.303  -84.7  -89.0
A  -66.9  -34.0  109.7  179.3    nan    nan  1.028   98.7  3.812  5.719 -107.6 -116.0
K -139.6  -65.9  112.8  178.7 -113.3    nan  1.094   57.3  3.824  4.906  -11.2   13.1
G   97.1  -47.7  112.8  178.5    nan    nan    nan  101.6  3.769    nan    nan -152.9
D -105.1   18.1  111.8  177.7   70.7    nan  1.116   82.2  3.766    nan    nan   36.6
A  -71.7  153.0  110.1  179.6    nan    nan  1.027   82.5  3.831  6.049  122.5  129.1
A  -81.6  150.9  113.4  179.8    nan    nan  1.082   93.7  3.803  5.539 -107.8 -109.0
N -110.2  -13.5  112.0  179.3  -63.9    nan  1.051   65.3  3.810  5.633 -135.7 -141.4
T -141.4  172.0  109.1 -179.0   65.0  -55.8  1.007  143.4  3.827  5.101   15.1   31.4
G -171.1  168.6  113.8  179.3    nan    nan    nan  168.7  3.779    nan    nan -179.3
V -140.0  138.9  107.7  178.9  164.9  -74.7  1.003  134.9  3.793    nan    nan -151.0
H -134.8  142.0  109.6 -178.8 -174.3    nan  0.992  134.5  3.789  5.673 -170.8 -177.4
A -142.6  148.3  110.5  179.1    nan    nan  1.042  141.9  3.794  5.659  176.8  177.4
L -139.2  133.0  108.7  180.0  170.3    nan  1.001  132.0  3.817  5.642 -167.0 -173.3
L -122.2  117.1  104.3  178.4 -128.6    nan  0.939  115.4  3.798  5.799 -164.3 -174.1
G -129.0  152.7  117.2 -177.8    nan    nan    nan  136.2  3.786    nan    nan  172.1
L -125.8  119.1  107.3 -179.9 -125.8    nan  0.959  119.7  3.779    nan    nan -157.4
H -113.3   99.0  109.6 -178.8  -63.6    nan  1.017  111.5  3.797  5.888 -174.4 -175.0
N  -93.8  143.4  116.7 -178.6  -61.4    nan  1.101  108.7  3.812  6.067 -173.3 -174.6
D  -93.6   18.9  111.2  179.2 -129.4    nan  1.068   93.3  3.754  5.565 -127.4 -135.0
S -142.8  172.4  106.1  178.2   64.4    nan  0.980  144.3  3.784  5.418   45.9   57.5
F  -84.3   88.8  107.1  178.9  179.5    nan  0.989  107.1  3.760  5.281  -90.9  -89.5
Y   54.4   33.2  112.7  179.5  -64.9    nan  1.066  108.4  3.806  5.181  -30.4  -47.2
G   64.1   15.7  118.8  179.4    nan    nan    nan  107.7  3.810    nan    nan  -91.9
L -134.5   16.2  116.0 -179.5   23.5    nan  1.150   54.2  3.796    nan    nan   68.3
R -177.3  161.2  105.6 -179.1 -178.5    nan  0.962  161.7  3.781  5.052   17.2   18.1
D  -66.7  144.5  111.3  179.2  -74.3    nan  1.019   82.6  3.817  5.461  -81.7  -84.8
G  144.0 -138.8  113.3  178.6    nan    nan    nan  139.6  3.783    nan    nan   95.2
S -158.0  165.0  109.2  178.7   61.5    nan  1.037  158.1  3.774    nan    nan -105.3
S -167.2  158.9  109.0 -180.0   62.1    nan  1.018  159.4  3.757  5.383 -179.6  176.2
K -146.4  136.0  106.3  177.9  -66.9    nan  0.993  135.0  3.790  5.571 -166.2 -169.8
T -133.3  125.5  106.0  178.7  -64.8  174.9  1.003  124.2  3.773  5.706 -175.6  178.9
A -129.8  142.8  111.4 -179.2    nan    nan  1.048  132.8  3.771  5.797  177.8  174.9
L -118.4  115.3  106.9  177.9 -176.9    nan  0.976  115.8  3.779  5.684 -150.5 -160.5
L -109.8  142.7  114.5  179.6  -49.0    nan  1.105  120.4  3.821  5.971 -178.7 -174.4
Y -141.3  142.2  109.3 -179.6  169.8    nan  1.019  138.0  3.780  5.623 -171.1  176.5
G -155.5  150.0  112.8 -179.7    nan    nan    nan  150.3  3.779    nan    nan  163.4
H -138.1  142.7  111.0 -179.2 -160.6    nan  1.029  137.5  3.788    nan    nan -170.0
G   66.2 -130.2  108.5 -179.0    nan    nan    nan   87.8  3.807    nan    nan   18.7
L  -62.6  -23.0  111.3  178.4  -75.5    nan  1.066  107.4  3.819    nan    nan   -2.2
G  -80.2   -4.5  112.7  178.8    nan    nan    nan   98.1  3.808    nan    nan   83.3
A  -66.2  -11.9  116.5  180.0    nan    nan  1.175  108.1  3.859    nan    nan  115.6
E  -97.0   96.6   99.1  172.5  162.5    nan  0.933   99.8  3.830  5.714   65.2   69.4
V  -74.2  -10.9  121.0 -175.8  -59.1   65.1  1.188  100.0  3.834  6.136 -160.9 -151.3
K  -96.4  -68.5  109.1  179.0 -174.0    nan  1.033   70.0  3.830  5.580   66.8   78.9
G  -85.3   81.6  108.3  179.8    nan    nan    nan  108.8  3.784    nan    nan   36.0
I  -51.1  122.0  113.9 -179.6  -58.8 -179.7  1.066   86.3  3.790    nan    nan -151.3
G   72.7   16.7  115.3  179.1    nan    nan    nan   99.6  3.811    nan    nan   -2.1
S  -97.5  -10.9  115.2 -177.8   92.1    nan  1.091   77.9  3.822    nan    nan  106.6
D -110.6  108.1  112.0  179.5 -164.6    nan  1.062  116.3  3.806  5.328   45.7   66.2
G  -87.4   -4.6  116.2 -180.0    nan    nan    nan   90.6  3.797    nan    nan -160.7
A  -93.1    1.5  115.2 -179.6    nan    nan  1.094   87.5  3.831    nan    nan   90.5
L  -67.4  137.0  113.8 -178.4  -64.7    nan  1.070   88.4  3.821  5.834  107.2  120.6
R  -78.2  161.7  108.7  178.2  -63.2    nan  0.999   84.5  3.794  5.691 -113.4 -126.5
P  -60.5  -31.1  113.5  179.8  -33.3    nan  0.971  104.0  3.856  5.183  -71.7  -78.2
G  -94.9    8.8  114.2 -179.2    nan    nan    nan   88.8  3.782    nan    nan   64.6
A  -60.3  129.3  107.4  179.2    nan    nan  1.007   83.5  3.815    nan    nan  130.3
D -132.9  120.7  111.7 -177.1 -158.7    nan  1.002  125.5  3.807  5.740 -175.7  174.9
T -130.6  142.4  116.7 -180.0  -53.0 -172.4  1.097  136.4  3.822  5.862  167.3  169.0
W -128.7  128.5  106.6  177.6  -79.5    nan  0.957  124.3  3.818  5.622 -156.6 -175.9
R -137.0  142.5  109.7  178.5 -178.3    nan  1.042  136.0  3.779  5.717  167.4  169.8
I -122.3  126.3  108.4  177.5 -170.6   67.4  1.053  122.1  3.788  5.762 -160.8 -163.0
A -124.7  132.0  109.2 -179.8    nan    nan  1.015  125.6  3.818  5.857 -171.1  178.5
S -158.3  137.9  112.5 -179.2 -166.9    nan  1.044  141.7  3.768  5.551  156.2  150.4
Y -153.5  160.8  108.8  177.3   78.8    nan  1.044  153.2  3.754  5.593  163.8  158.0
G -147.6  159.1  109.9  179.4    nan    nan    nan  148.6  3.773    nan    nan -167.3
T -130.3  132.4  107.9 -179.9  -96.7  140.5  1.015  127.5  3.782    nan    nan -151.4
T -158.6  139.7  115.5  179.2 -165.8   74.7  1.104  144.3  3.802  5.703  153.9  149.7
P  -87.5  127.3  108.9  178.8   29.7    nan  0.948  103.4  3.841  5.554 -117.8 -133.0
L  -82.7  -24.2  111.7 -179.1 -101.5    nan  1.041   88.0  3.853  5.968 -136.7 -137.8
S -170.4 -172.5  104.0  179.3   62.7    nan  0.995  166.4  3.781  4.825  -27.6  -12.3
E  -76.1    3.4  113.0 -179.4   77.3    nan  1.074  105.2  3.831  5.242  -69.9  -61.4
N -129.7  -24.7  113.3 -179.1   51.1    nan  1.098   44.9  3.810  5.263   38.1   60.4
W -110.1  133.2  114.6  179.2  -78.0    nan  1.078  121.3  3.835  5.289   32.0   53.9
S -128.4  141.8  107.4  177.7  -74.0    nan  0.993  129.3  3.810  5.747 -169.7  177.5
V -131.9  138.9  112.3 -179.9   65.8 -170.2  1.097  133.5  3.774  5.675 -174.6 -169.5
A -132.6   90.0  112.6 -179.9    nan    nan  1.078  106.5  3.788  5.714 -170.3 -175.8
P  -80.0  152.8  109.5  179.6   35.1    nan  0.935   89.8  3.825  6.001 -159.7 -173.1
A -149.7  149.0  112.8  178.8    nan    nan  1.066  147.2  3.829  5.679  173.6 -177.4
M -141.2  138.0  113.5  177.1  100.2    nan  1.124  138.3  3.783  5.615 -177.2 -174.1
L -137.9  123.4  105.5  179.1 -127.0    nan  0.930  123.9  3.791  5.684 -165.2  173.0
A -141.7  145.0  107.9  179.7    nan    nan  1.015  138.7  3.806  5.731  159.0  159.4
Q -148.0  147.1  114.8 -178.4  178.7    nan  1.071  146.4  3.790  5.587  179.4  176.3
R -132.3  116.3  104.3  178.8 -176.6    nan  0.939  117.5  3.793  5.595 -157.7 -171.8
S -131.0  122.3  110.1 -178.9 -162.3    nan  1.016  124.8  3.812  5.833  164.2  165.2
K -115.9  148.2  114.3 -177.6  -67.9    nan  1.036  124.5  3.837  5.914 -168.2 -174.5
D   48.1   39.2  110.5  179.2  -51.7    nan  1.029  110.6  3.834  4.724   27.1    5.0
R  -66.5  -69.9  114.9 -178.0 -168.3    nan  1.094   77.0  3.761  6.005  143.9  156.3
Y -107.6  -32.5  111.3  179.6  -58.4    nan  1.025   63.8  3.834  4.832   -4.4   15.5
A -126.3  137.5  109.9  179.5    nan    nan  1.015  128.4  3.813  4.904    9.0   28.6
D  -52.3  126.3  109.1  178.8 -156.9    nan  0.986   81.1  3.811  5.498  -85.1 -100.8
G   80.5    6.3  115.7  179.5    nan    nan    nan   96.7  3.801    nan    nan   11.9
D  -77.5  168.4  110.2  177.7   76.0    nan  1.095   81.7  3.797    nan    nan  111.7
S -160.0  130.6  111.0 -179.3  152.5    nan  1.043  134.8  3.758  5.356 -166.7 -171.1
Y -126.5  124.4  106.6  179.0  -62.5    nan  0.989  121.7  3.783  5.806 -171.0  178.8
Q -141.3  129.1  109.0  179.4  -69.2    nan  0.995  130.6  3.804  5.802  167.0  159.8
W -155.1  160.9  110.7  178.5   46.4    nan  1.079  154.9  3.766  5.589  151.1  149.2
A -147.8  123.1  109.0 -179.9    nan    nan  1.021  127.4  3.760  5.463 -162.1 -167.8
T -109.4  138.0  110.0  178.7  -67.3  171.7  0.991  117.6  3.798  5.916 -158.5 -170.6
F -127.7  117.4  105.7  176.2  174.2    nan  0.995  118.2  3.777  5.708 -170.9 -175.1
N -115.3  144.2  110.1 -179.9 -164.2    nan  1.043  121.9  3.793  5.901 -176.9 -178.3
L -139.2  107.0  109.7 -179.4 -162.7    nan  1.036  115.6  3.789  5.639 -173.7 -175.8
R -100.7  130.5  109.3  177.8 -165.0    nan  1.024  111.5  3.800  6.040 -170.4 -178.4
L -129.7  132.7  110.1  179.9  -79.3    nan  0.981  128.9  3.849  5.823 -171.7  177.4
I -124.7  132.8  110.3  176.4   -7.3 -131.5  1.037  126.6  3.848  5.907 -176.3 -174.7
Q -118.3  109.5  109.5  179.0  174.5    nan  1.018  115.8  3.801  5.702 -161.3 -169.1
A  -70.9  140.6  109.4  179.1    nan    nan  1.013   86.9  3.823  5.975 -135.0 -145.8
I -124.2  -34.0  109.4 -179.6  -73.9  161.0  1.035   51.7  3.792  5.693 -162.5 -165.9
N -135.2 -168.8  106.1  179.3  -76.3    nan  0.907  131.2  3.818  5.012    6.4   16.1
Q  -84.4  -22.8  102.9  177.1  179.5    nan  0.902   90.2  3.720  4.738  -74.2  -69.1
N -116.4  -17.1  117.6 -178.6  -53.2    nan  1.067   56.9  3.820  5.015   21.5   49.7
F -116.7  136.1  115.1 -177.1 -172.3    nan  1.076  125.9  3.799  5.003   34.7   58.3
A -141.2  161.4  111.4  179.8    nan    nan  1.026  144.2  3.810  5.685  179.2  170.2
L -119.8  112.7  105.0  177.5  -66.6    nan  0.984  113.5  3.805  5.590 -139.5 -138.8
A  -97.8  148.2  108.1  179.6    nan    nan  1.002  106.1  3.806  5.975 -161.3 -166.9
Y -136.6  142.6  106.9  179.1  -54.7    nan  0.958  134.3  3.819  5.705 -163.3 -170.7
E -136.2  137.2  111.4  177.7 -177.1    nan  1.088  134.5  3.789  5.657  179.3 -175.0
G -131.3  124.7  108.0  179.6    nan    nan    nan  124.5  3.756    nan    nan -178.0
S -120.1  135.5  111.4  178.1  -70.3    nan  1.029  125.4  3.789    nan    nan -178.7
Y -135.8  134.8  105.5  176.3  173.7    nan  0.986  129.6  3.784  5.726 -178.3  173.1
Q -145.4  135.6  112.3  179.9  177.1    nan  1.041  137.6  3.788  5.671  171.6  167.8
Y -120.3  140.4  106.4  177.6  177.7    nan  1.007  122.9  3.754  5.732 -164.3 -169.2
M -142.1  148.7  112.1  179.7   71.1    nan  1.049  142.6  3.793  5.686  179.8  177.2
D -138.3   98.8  102.6  178.0 -163.2    nan  0.929  104.9  3.772  5.587 -162.9 -175.6
L -111.2  129.7  113.5 -177.8  -45.2    nan  1.082  121.1  3.783  5.936  162.3  171.5
K -131.0   86.2  107.6  179.4  -66.1    nan  1.018  100.6  3.822  5.814 -176.4  172.3
P  -71.7  -21.4  118.0 -179.4   31.4    nan  1.064   97.4  3.845  6.043 -162.4 -165.7
E   58.5   48.8  114.0  179.9  -63.6    nan  1.095   94.8  3.833  5.587 -152.7 -145.0
G   81.9  -15.9  117.5  179.7    nan    nan    nan  105.1  3.809    nan    nan  -61.4
Y  -55.9  127.5  111.5 -179.4 -172.6    nan  1.039   84.2  3.839    nan    nan  114.3
N   55.2   21.4  115.5  179.3  -96.4    nan  1.073  113.7  3.814  4.820   14.5  -11.4
D   69.2   23.1  112.7 -179.6  -77.3    nan  1.063  100.7  3.810  5.343  -90.6  -96.2
R  -82.7  145.2  107.9  179.6  -60.5    nan  1.000   94.0  3.767  5.939  114.4  123.0
Q -110.5  143.8  107.7  178.6  -68.9    nan  1.008  116.8  3.782  5.693 -144.6 -147.0
A  -57.3  131.2  109.2  179.3    nan    nan  1.020   81.6  3.814  5.539  -85.5  -97.2
V -142.9  154.5  111.3 -178.3   99.2 -135.5  1.057  144.5  3.772  5.663  169.8  166.5
N -154.1  147.5  108.6  177.6   75.1    nan  1.055  146.5  3.791  5.606  178.7  177.5
G  157.0 -171.4  109.5 -178.1    nan    nan    nan  158.4  3.782    nan    nan  115.8
S -128.6  159.4  113.8 -179.0   51.8    nan  1.113  134.0  3.786    nan    nan -110.6
F -124.2  138.4  110.2 -179.1 -170.8    nan  1.012  127.5  3.802  5.502 -137.1 -145.5
Y -126.7  135.6  111.7 -179.8  -53.1    nan  1.017  129.4  3.833  5.818 -165.6 -169.5
K -135.6  129.4  110.9  176.3 -173.8    nan  1.062  130.3  3.837  5.764  176.6  175.1
L -126.5  122.3  106.8  178.6  -71.9    nan  0.976  120.9  3.811  5.802 -169.1  177.5
T -130.3  135.5  112.2 -179.7  -59.4 -180.0  1.049  131.6  3.801  5.824  171.9  171.2
F -117.7  120.9  105.0  178.5  172.4    nan  0.956  115.8  3.798  5.720 -155.5 -168.6
A -134.2   96.6  119.9 -177.5    nan    nan  1.154  115.8  3.792  5.761  160.2  172.0
P  -57.7  121.9  105.9  178.4  -37.8    nan  0.884   85.1  3.815  5.817 -123.3 -151.0
T -119.7  136.5  116.2 -176.7  -57.5 -179.2  1.060  128.6  3.850  5.955  175.8 -175.2
F -112.4  136.3  109.4  179.0  -71.2    nan  1.002  119.2  3.828  5.787 -151.5 -161.4
K -162.6  171.8  109.9  178.9   52.7    nan  1.047  163.5  3.818  5.557  153.1  148.8
V -110.5  -34.5  111.6  179.7  -63.9   59.6  1.054   61.1  3.804  5.475 -118.9 -114.2
G  -70.9 -173.9  115.1 -179.1    nan    nan    nan   68.4  3.805    nan    nan   83.4
S  -61.5  106.3  112.7 -179.1  179.9    nan  1.046  101.0  3.772    nan    nan  -48.8
I  -59.0  -33.3  112.9  179.4  -63.3  174.5  1.097  104.3  3.797  5.988 -128.9 -138.0
G  -73.8  -13.9  112.6  179.9    nan    nan    nan  100.5  3.804    nan    nan   81.1
D  -90.7  117.3  107.4  179.5 -174.1    nan  0.992  105.7  3.812    nan    nan   80.9
F  -69.7  -11.5  111.0 -179.3  -82.3    nan  1.042  105.9  3.768  5.880 -126.8 -134.7
F -107.4   -0.0  117.9 -178.2  -57.5    nan  1.178   72.6  3.767  5.186   40.7   72.1
S  -72.4  124.1  101.1  176.8   45.0    nan  0.948   89.0  3.824  5.949  105.7  107.3
R  -96.7  -49.1  129.5 -173.2 -124.5    nan  1.365   56.4  3.745  5.906 -168.9 -136.0
P  -45.9  101.2  111.8 -178.9  -24.9    nan  1.012   97.2  3.752  5.469   99.6   97.3
E -145.8  140.4  112.7  177.9   79.8    nan  1.174  140.8  3.791  5.818  123.6  130.5
I -118.0  122.7  107.7 -179.9  -74.0  160.7  0.981  118.7  3.787  5.673 -140.6 -163.7
R -124.9  144.1  116.4  179.7   57.7    nan  1.179  132.6  3.779  5.799  167.9  178.8
F -108.3  148.7  101.7  177.0  -70.7    nan  0.911  111.6  3.831  5.677 -127.4 -153.4
Y -158.9  171.7  119.4 -178.2   46.5    nan  1.155  161.5  3.796  5.503  162.1  172.6
T -147.2  132.6  106.6  177.9  -62.4 -179.3  0.973  133.1  3.777  5.362 -147.0 -156.9
S -132.2  157.7  110.2  178.0  -60.0    nan  1.026  136.0  3.766  5.708  179.1  179.1
W -133.5  135.5  105.2  178.2  148.2    nan  0.962  128.6  3.740  5.462 -152.6 -158.4
M -135.9  148.7  108.7  179.2  -64.0    nan  1.000  136.9  3.796  5.778 -179.2  177.7
D -156.2  160.3  106.4  177.9 -156.1    nan  1.001  154.1  3.789  5.568  173.6  167.6
W -166.2  162.6  111.9 -178.1   59.4    nan  1.022  162.4  3.800  5.439  178.4  173.3
S  -60.6  125.9  108.1  177.5  -59.2    nan  0.984   86.1  3.799  5.233  -72.0  -80.4
K  -55.2  -25.3  113.8 -178.8   52.1    nan  1.090  112.0  3.843  5.827 -105.5 -111.8
K  -60.3  -32.6  111.9  179.9 -175.6    nan  1.060  104.1  3.800  5.608   89.1  100.8
L  -55.1  -28.0  113.9 -179.9  -59.7    nan  1.083  110.4  3.816  5.502   85.4   99.0
N  -60.9  -23.1  113.1  179.5  -59.1    nan  1.050  108.2  3.817  5.564   86.4   97.6
N  -87.2   -1.3  118.1 -177.1  -57.1    nan  1.136   92.2  3.813  5.281   56.5   81.8
Y  -60.0  -42.3  110.3 -179.7  179.1    nan  1.034   99.6  3.813  5.881  114.8  122.9
A -149.8  164.9  107.4 -179.3    nan    nan  0.991  150.9  3.804  4.757  -21.8   -5.3
S -101.9  -19.5  112.8  179.8   49.7    nan  1.077   71.3  3.811  5.531 -121.2 -113.0
D -103.3   17.5  111.5  178.5   51.7    nan  1.066   83.6  3.844  5.345   43.1   63.4
D  -73.8  179.2  109.3  178.7 -125.2    nan  0.895   74.1  3.853  5.944  124.5  124.4
A  -92.7  -49.9  106.1  176.9    nan    nan  0.979   76.0  3.800  5.250 -102.0  -90.7
L  -65.0  114.5  111.0 -180.0  -61.6    nan  1.036   96.9  3.798  5.209   57.4   72.1
G  102.3  -10.0  114.1 -180.0    nan    nan    nan   81.9  3.776    nan    nan   20.8
S  -67.9  172.1  106.8  178.7   66.9    nan  0.999   70.4  3.799    nan    nan  105.3
D  -58.6  120.5  113.4 -178.4 -151.5    nan  1.077   91.6  3.791  5.212  -64.5  -62.5
G   82.8    6.8  116.6  179.7    nan    nan    nan   94.1  3.800    nan    nan    6.2
F -142.8   48.8  107.9 -180.0 -153.1    nan  1.000   67.3  3.800    nan    nan   47.7
N -122.8  -25.2  113.2 -178.6   45.9    nan  1.062   50.8  3.792  5.759   94.9  110.8
S  -60.8 -178.1  113.0 -178.8  -62.2    nan  1.065   60.1  3.797  5.529   86.4  101.4
G  -69.1  -88.0  108.3  178.2    nan    nan    nan   73.7  3.782    nan    nan  -63.6
G  -75.2  136.4  118.2 -179.5    nan    nan    nan   97.4  3.788    nan    nan   30.8
E -132.4  117.8  109.7  179.4  -65.2    nan  1.017  122.4  3.803    nan    nan  177.4
W  -98.1  145.4  112.5  180.0  -71.1    nan  1.046  109.3  3.815  5.956 -156.3 -162.9
S -143.6  153.3  110.5  178.1   45.1    nan  1.072  144.3  3.811  5.634  179.5  178.7
F -141.4  155.2  109.6 -179.0  -50.8    nan  0.995  142.9  3.822  5.610 -159.8 -169.6
G  172.7 -176.2  116.3  178.4    nan    nan    nan  173.5  3.791    nan    nan  141.3
V -139.6  143.5  105.6  179.3 -155.6  -30.4  0.924  135.8  3.797    nan    nan -131.6
Q -157.0  160.8  109.6  177.8   92.7    nan  1.041  155.9  3.790  5.558  161.4  163.5
M -122.6  156.4  106.0  176.0   66.7    nan  0.981  125.9  3.793  5.546 -140.2 -143.4
E -153.0  135.6  108.0  176.0 -178.4    nan  1.026  137.3  3.790  5.577 -180.0 -179.0
T -154.8  169.0  112.8  176.1   52.8  -71.3  1.038  156.9  3.820  5.766  164.1  155.7
W -160.3  148.2  103.8  175.5   54.7    nan  1.033  147.4  3.743  5.244 -175.2 -174.4
F -160.2    nan  105.3 -178.5   49.5    nan  0.944    nan  3.764  5.563  179.8  165.3
