Id   phi    psi    tau  omega    chi    chi2  solid    eta  CA-CA  CB-CB  BA^AB  NA^AC
S    nan -130.6  111.2    nan   56.1    nan  1.075    nan    nan    nan    nan    nan
G -142.3 -116.6  115.4 -179.8    nan    nan    nan   96.9  3.811    nan    nan  -78.2
F  -90.0  144.8  114.7 -178.2  168.4    nan  1.057  104.0  3.774    nan    nan   -7.4
E -140.4  142.2  108.7  177.0  -69.5    nan  1.022  137.2  3.784  5.637 -175.8  179.4
F -121.9  110.0  110.5 -179.9  175.1    nan  1.021  117.4  3.768  5.662 -155.9 -161.6
H -120.6  167.1  110.2  178.5  -57.8    nan  1.028  124.2  3.825  5.946  170.7  165.6
G  175.4 -174.8  116.4  179.6    nan    nan    nan  174.8  3.766    nan    nan  158.7
Y -145.2  150.3  106.5  179.3  166.3    nan  0.986  142.5  3.761    nan    nan -135.0
A -165.3  136.7  112.7  179.9    nan    nan  1.066  140.4  3.774  5.481  164.0  162.7
R -134.5  144.4  102.4  177.9   87.2    nan  0.948  131.2  3.798  5.756 -171.0  174.7
S -168.0  136.6  107.0  178.2  173.0    nan  1.014  138.8  3.794  5.565  155.7  153.0
G  177.3 -171.3  111.4 -179.3    nan    nan    nan  171.9  3.726    nan    nan  127.0
V -125.8  144.8  114.5 -177.4  154.3  -82.0  1.041  132.2  3.760    nan    nan -107.9
I -136.0  124.6  108.0  176.1  -55.5 -173.4  1.008  125.8  3.851  5.813 -170.8 -177.8
M -131.4  163.1  108.5  178.4   59.1    nan  1.000  134.6  3.830  5.802  177.0  169.4
N  -95.7 -178.7  107.3  178.6   60.4    nan  1.038   95.4  3.806  5.521 -115.5 -111.8
D  -66.4   -0.1  114.7 -178.5   48.9    nan  1.108  113.5  3.800  5.176  -64.4  -58.7
S -110.5    2.0  110.3  179.0  -55.0    nan  1.031   70.2  3.802  5.507   58.1   75.2
G   74.8   33.8  111.6 -179.8    nan    nan    nan   91.1  3.792    nan    nan -108.4
A -131.8  170.7  110.3  179.9    nan    nan  1.035  134.4  3.801    nan    nan   84.9
S  -64.8  155.7  115.2 -179.1   52.5    nan  1.099   76.7  3.792  5.250  -72.5  -70.1
T -145.7 -177.8  108.2  178.5   18.7 -106.1  1.002  144.9  3.805  5.601 -163.4 -174.5
K  -96.4  144.7  107.6 -179.6  -59.7    nan  0.998  105.4  3.777  5.103  -92.8  -88.8
S -156.0  165.7  107.1  179.4   59.5    nan  0.996  156.2  3.789  5.621  170.6  165.4
G  141.6  145.5  112.5  179.6    nan    nan    nan  120.8  3.770    nan    nan  118.5
A  -70.2  -22.1  108.9  179.7    nan    nan  1.016  101.5  3.769    nan    nan -108.0
Y -114.5   34.1  116.0 -178.3  -65.0    nan  1.076   83.1  3.827  5.121   29.3   53.0
I  -83.1  -18.6  119.7 -178.6   61.1  -70.6  1.187   87.6  3.821  6.039  117.5  137.7
T  -77.1  161.4  108.1  179.4   69.6  -51.5  0.995   83.3  3.792  5.651   88.0   90.7
P  -53.9  -32.8  111.0  179.4  -37.3    nan  0.954  109.8  3.831  5.106  -64.9  -72.8
A  -63.9  -23.9  112.1 -179.9    nan    nan  1.061  105.4  3.817  5.345   64.8   90.0
G  -61.9  -22.7  117.6 -179.5    nan    nan    nan  106.1  3.806    nan    nan  101.9
E  -68.9  -25.7  111.2 -179.5  -58.5    nan  1.040  100.3  3.807    nan    nan   96.0
T -108.0   20.4  111.4  179.0   44.7  -75.7  1.090   80.3  3.774  5.138   28.9   53.9
G   99.6    4.4  117.3  177.9    nan    nan    nan   78.4  3.823    nan    nan  -71.0
G  -74.2   68.7  116.9 -177.9    nan    nan    nan  120.3  3.792    nan    nan  118.2
A  -68.5  152.9  115.2 -179.8    nan    nan  1.077   81.6  3.812    nan    nan  178.0
I -128.9  178.4  108.2  177.2   50.3  -78.6  1.016  129.3  3.837  5.687 -154.8 -158.9
G  -47.9  139.5  114.1 -179.5    nan    nan    nan   71.8  3.790    nan    nan  -45.6
R  -98.9  -10.4  114.8  179.9   74.3    nan  1.068   76.9  3.779    nan    nan -140.9
L  -65.6  126.7  111.7 -178.0 -133.6    nan  1.051   91.3  3.809  5.699   97.1  111.3
G   59.7   26.9  109.2 -179.9    nan    nan    nan  108.8  3.789    nan    nan   -6.2
N -137.8   29.1  114.7 -177.0 -159.6    nan  1.065   59.2  3.790    nan    nan   74.8
Q -144.2  110.4  108.4  177.1  -68.2    nan  1.045  117.1  3.836  5.481   51.2   64.6
A -103.5    6.1  114.5 -178.2    nan    nan  1.100   79.1  3.786  5.934 -170.6 -172.5
D  -88.4  163.9  113.5  179.0   58.3    nan  1.066   94.8  3.799  5.751   87.3  103.1
T -111.3   97.9  103.3  177.5  -69.0  170.7  0.975  105.2  3.793  5.485 -125.8 -128.9
Y -108.0  135.6  109.3 -178.7 -178.2    nan  1.021  116.2  3.800  6.024  171.5  170.9
V -139.1  139.2  113.2 -178.1  178.1  -61.8  1.044  137.8  3.810  5.791 -179.8  175.4
E -126.9  120.7  105.6  177.2  -72.8    nan  0.991  119.4  3.831  5.768 -165.3 -174.5
M -113.7  109.9  110.0 -179.3  -61.6    nan  1.037  115.6  3.799  5.887 -170.5 -174.1
N -104.6  112.2  110.8 -179.2  -50.1    nan  1.024  114.4  3.799  5.961 -170.0 -176.9
L -105.1  125.0  106.1  179.7  -57.2    nan  0.964  111.7  3.831  6.000 -166.3 -177.9
E -126.9  157.9  113.7 -178.6  -51.0    nan  1.065  132.6  3.793  5.857  176.2 -179.8
H -135.7   97.1  106.6  178.0 -178.5    nan  0.989  106.6  3.734  5.428 -154.4 -161.6
K  -95.7  159.7  110.1  179.8  -72.4    nan  1.011  102.3  3.813  6.062 -174.7  179.5
Q -158.8  127.4  108.2 -179.5 -179.6    nan  0.984  131.0  3.791  5.437 -175.9  179.1
T -116.2  118.2  107.6  178.3  -58.4 -178.0  1.014  116.6  3.781  5.877 -170.0 -171.9
L  -84.2  156.4  111.1  178.8  -85.1    nan  1.063   92.9  3.794  5.945 -144.1 -148.4
D  -51.7  -34.8  114.6 -179.5   41.1    nan  1.117  108.9  3.810  5.343  -70.7  -76.6
N  -78.8   10.6  114.8 -179.3   55.3    nan  1.104  105.4  3.829  5.383   56.3   76.6
G   91.5  -13.2  114.9  179.7    nan    nan    nan   94.0  3.810    nan    nan  -86.2
A  -71.7  130.8  112.6 -179.9    nan    nan  1.068   94.1  3.812    nan    nan  101.3
T -109.7  154.1  111.3  179.2   60.2  -61.0  1.076  116.9  3.778  5.844 -157.5 -162.2
T -130.0  140.6  104.3 -179.9 -101.2  134.7  0.959  128.1  3.756  5.479 -147.9 -160.0
R -152.2  125.2  115.4 -179.8 -179.1    nan  1.080  132.3  3.814  5.709  166.5  168.0
F -122.7  136.6  107.9  177.6  165.4    nan  1.017  124.7  3.757  5.748 -174.4  175.4
K -141.6  141.0  112.3 -179.9  172.6    nan  1.042  139.2  3.808  5.693  178.1  172.8
V -125.6  138.8  106.8  177.1 -145.5  -17.9  0.912  126.4  3.836  5.844 -153.1 -170.0
M -118.0  134.0  106.2  174.3  177.9    nan  1.003  120.2  3.769  5.603 -166.1 -162.7
V -126.9  119.5  102.9  179.2  174.0  -64.7  0.954  116.8  3.814  5.812 -167.4 -176.6
A -124.7  161.9  114.9 -178.5    nan    nan  1.088  130.4  3.799  5.850  172.6  178.0
D -158.3  150.0  108.1  179.7  178.0    nan  1.003  149.6  3.778  5.437 -171.7 -179.4
G -143.8  123.2  106.0  177.7    nan    nan    nan  125.3  3.799    nan    nan -176.6
Q -125.6  142.7  111.0  179.9  -66.4    nan  1.002  129.8  3.837    nan    nan  176.1
T  -97.2  -16.3  108.5  177.8   53.0  -66.3  1.081   77.9  3.806  5.782 -141.1 -136.6
S  -71.2  147.4  112.0  178.8 -179.9    nan  1.019   85.4  3.779  5.646   86.8   97.1
Y  -94.7  -10.2  111.8  179.9  -71.6    nan  0.989   81.6  3.812  5.589 -120.8 -129.3
N  -68.6  154.4  116.2 -176.1  -59.5    nan  1.130   81.3  3.787  5.497   86.5  111.2
D  -76.1   -8.7  115.8 -179.3   54.2    nan  1.074  100.0  3.795  5.412  -92.5 -103.7
W -137.8  117.9  105.6  179.3  177.8    nan  0.967  120.4  3.840  5.133   24.5   37.8
T -131.4   40.8  113.9 -177.5   53.0  -68.9  1.072   72.4  3.800  5.876  166.8  167.3
A  -60.6  -41.9  112.9  180.0    nan    nan  1.065   98.0  3.786  6.089  157.3  161.1
S  -61.7  -29.5  115.2 -177.9   67.2    nan  1.108  103.2  3.824  5.337   67.8   86.9
T -118.5   18.9  114.9  179.3   53.1  -68.6  1.019   70.7  3.820  5.090   25.9   41.8
S  -62.2  135.4  114.9 -178.3 -174.5    nan  1.065   85.9  3.855  5.913  128.9  141.4
D -113.3   20.4  112.9  178.4  -86.6    nan  1.075   75.8  3.841  5.846 -158.4 -161.2
L  -54.5  117.8  111.1 -179.4 -128.7    nan  1.030   89.4  3.836  6.058  142.1  148.1
N -152.3  155.6  112.7 -179.8   71.1    nan  1.080  151.7  3.801  5.707  145.0  141.7
V  -85.6  103.1  109.9 -179.6  175.6  -62.0  1.040  108.2  3.775  5.497 -104.4 -111.1
R  -75.7  -34.4  113.6  179.0  -62.5    nan  0.999   89.1  3.794  5.955 -140.4 -157.8
Q -147.0  154.3  112.9 -179.2  -48.5    nan  1.039  148.0  3.872  4.824  -13.1    6.9
A -166.0   97.8  104.3  179.2    nan    nan  0.974  101.0  3.798  5.433  172.2  162.1
F -142.5  166.3  115.3 -179.0   63.1    nan  1.096  146.4  3.819  5.816  132.4  136.8
V -126.1  134.8  109.0  179.8  161.8  -76.8  1.019  127.0  3.770  5.417 -135.8 -139.6
E -120.0  127.6  109.7  177.4  -78.8    nan  1.030  122.4  3.782  5.777 -163.7 -169.5
L -112.4  104.8  106.1  177.2  -57.2    nan  0.983  110.1  3.816  5.870 -160.3 -170.7
G -109.3  162.3  116.8 -179.0    nan    nan    nan  116.4  3.797    nan    nan  179.2
N   43.2   53.5  113.5  177.1 -159.6    nan  1.046  102.3  3.801    nan    nan   14.9
L  -74.9  138.1  109.2 -179.7  -66.8    nan  1.043   91.0  3.784  6.159  152.6  158.9
P  -63.2  -25.1  113.2  179.9   26.1    nan  0.990  105.0  3.851  5.510  -94.5 -108.5
T  -79.4  -15.6  114.1  179.6  -98.5  135.6  1.099   94.0  3.804  5.289   53.3   83.1
F  -87.6  113.7  111.8 -179.6  -76.5    nan  1.023  108.8  3.830  5.604   68.3   84.3
A -114.5  179.2  114.1  179.2    nan    nan  1.082  114.8  3.789  5.866  178.3  176.4
G   60.5 -134.1  112.1  179.2    nan    nan    nan   83.8  3.805    nan    nan   54.9
P  -63.2  -17.2  114.3 -179.8   29.5    nan  1.014  108.8  3.848    nan    nan   -3.5
F  -93.0    6.3  112.4  179.4  -60.2    nan  1.025   89.4  3.813  5.369   52.6   76.5
K  -40.4  -70.7  116.5 -178.4 -169.8    nan  1.129   88.8  3.804  5.937  135.7  150.3
G -100.4   20.9  114.4 -178.1    nan    nan    nan   88.7  3.776    nan    nan   26.2
S  -69.6  151.7  114.9 -178.0   75.6    nan  1.094   83.1  3.788    nan    nan  136.7
T -120.4  122.3  112.7  179.4  156.4   35.3  1.133  123.5  3.796  5.667 -151.6 -150.5
L  -85.3  147.5  110.5  178.9 -111.3    nan  0.980   96.8  3.829  5.882 -125.2 -149.7
W -148.1  159.0  113.0  178.3   71.1    nan  1.092  150.1  3.823  5.570  172.5  177.8
A -160.1  144.7  108.2  179.3    nan    nan  1.017  146.0  3.809  5.471 -176.1  175.4
G  125.0 -169.6  112.2 -179.4    nan    nan    nan  128.3  3.800    nan    nan   77.3
K  -92.8  123.8  107.0  178.8  171.3    nan  0.987  105.7  3.797    nan    nan  -75.8
R -159.2  170.3  112.1 -178.4   70.7    nan  0.965  160.7  3.820  5.703  152.0  142.5
F  -96.1  137.2   98.2  173.5  -63.5    nan  0.857  100.0  3.789  5.326 -102.2 -108.8
D  -57.7  139.2  108.9  178.8 -167.2    nan  0.991   76.9  3.832  5.581  -96.9 -101.7
R  -58.7  -39.6  111.7 -177.8 -171.1    nan  1.024  101.4  3.814  5.578  -92.0 -101.5
D  -87.8   18.3  121.3 -176.6  -62.7    nan  1.228  101.5  3.785  4.988   31.7   67.5
N  -75.1  152.8  103.9  177.1  -65.2    nan  0.916   83.0  3.819  6.138  131.9  121.6
F -140.6  159.2  109.2  176.5   55.7    nan  1.096  142.7  3.793  5.604  179.3 -167.6
D -130.7  180.0  116.4 -177.3   67.5    nan  1.103  130.7  3.803  5.595 -147.6 -146.4
I -123.5   87.5   99.9  177.0  -59.7  178.5  0.907   96.9  3.814  5.346 -117.4 -121.7
H  -44.5  -53.0  120.4 -176.7  176.6    nan  1.179   98.4  3.791  6.059 -139.6 -133.4
W  -59.9  -10.1  115.8 -175.9  -47.9    nan  1.097  115.3  3.828  5.243   67.0   82.5
I -119.4    2.0  112.2 -176.8 -102.0  128.2  1.077   61.4  3.794  5.121   36.6   59.6
D   52.1   47.4  112.3  179.3 -158.8    nan  1.082  101.3  3.835  5.779 -134.9 -129.9
S -141.2  131.7  111.5 -179.4  168.6    nan  1.011  133.6  3.772  5.599   84.3   87.7
D  -75.9  160.6  105.3  175.7  -62.3    nan  0.950   81.7  3.767  5.717 -117.6 -131.4
V  -87.2  -44.7  103.5  177.0  172.5  -66.9  0.972   82.5  3.820  5.528 -107.6 -108.3
V -139.4  143.8  104.1  177.4 -161.5  -39.1  0.930  135.0  3.831  4.966  -13.8   -1.1
F -142.9   87.4  111.0 -180.0  176.7    nan  1.055  100.4  3.807  5.607  177.1 -178.8
L  -93.7  119.1  106.2  179.5 -179.5    nan  0.971  105.9  3.759  6.035  179.7  170.1
A -149.4  160.4  109.6  179.5    nan    nan  1.034  150.2  3.840  5.786  148.7  146.6
G  150.2 -154.2  108.5 -178.9    nan    nan    nan  148.2  3.806    nan    nan  123.0
T -123.9  132.4  108.6 -180.0  -54.5 -173.8  1.005  124.9  3.791    nan    nan  -87.7
G  178.4 -134.6  111.7  179.3    nan    nan    nan  135.1  3.798    nan    nan  123.2
G -166.3  164.8  110.2 -179.8    nan    nan    nan  163.5  3.791    nan    nan -110.2
G  177.3 -167.2  114.2  179.3    nan    nan    nan  168.0  3.772    nan    nan  158.2
I -141.8  137.6  110.6 -179.6 -170.9   64.3  1.063  136.6  3.757    nan    nan -120.2
Y -111.0  148.3  111.4 -179.9  -68.5    nan  1.021  118.9  3.799  5.799 -147.5 -154.6
D   58.0   63.6  118.4  178.4  -49.5    nan  1.120   82.8  3.819  4.656   31.5   12.7
V  -94.5  109.0  101.7  176.4  166.9  -72.5  0.937  102.5  3.830  6.152  153.1  142.1
K  -86.2  129.4  113.8 -178.1  -83.0    nan  1.083  105.6  3.823  6.074 -157.4 -154.4
W -115.1  149.7  102.0  177.6  -49.4    nan  0.905  117.5  3.793  5.817 -154.6 -173.2
N   34.8   13.5  118.0  178.5   67.1    nan  1.142  137.4  3.847  4.813    5.8   -3.9
D   60.5   41.7  115.6 -179.7  -57.7    nan  1.129   96.7  3.877  5.631 -108.5 -111.9
G -169.1    4.4  111.5  179.8    nan    nan    nan   13.2  3.806    nan    nan   50.0
L -141.5  102.2  108.3 -179.7 -162.8    nan  1.002  110.9  3.803    nan    nan   46.8
R -100.1  154.3  109.0  178.7   25.0    nan  1.064  107.3  3.802  6.077  179.2  179.8
S -141.2  153.8  112.8 -178.6  -53.6    nan  1.018  143.7  3.778  5.541 -158.7 -166.9
N -125.0  138.4  103.4  176.3  -61.9    nan  0.929  123.7  3.798  5.589 -148.1 -156.1
F -132.5  135.1  106.4  178.3  -60.8    nan  0.980  128.7  3.794  5.721 -175.4 -175.7
S -157.8  161.5  117.9 -179.1   59.2    nan  1.087  159.1  3.826  5.626  157.3  156.4
L -124.2  117.5  105.0  175.7  166.5    nan  0.966  116.7  3.789  5.476 -140.2 -146.5
Y -118.3  132.8  109.1  178.2  -86.4    nan  0.990  122.2  3.791  5.889 -178.0  177.2
G -109.2  141.1  112.3  178.3    nan    nan    nan  118.8  3.799    nan    nan -158.3
R -134.0  177.4  110.4  178.2  -58.6    nan  1.047  134.9  3.829    nan    nan -177.4
N -132.0  143.2  111.5 -179.5  -79.0    nan  1.018  134.3  3.832  5.394 -132.2 -129.3
F -116.0  142.1  106.1  176.3  -73.2    nan  0.970  119.9  3.829  5.743 -150.1 -158.0
G   83.8 -162.5  116.8  179.1    nan    nan    nan   91.8  3.789    nan    nan   32.1
D  -89.3  114.3  108.0 -179.3 -178.3    nan  1.005  106.1  3.793    nan    nan  -61.4
I  -56.8  -26.6  113.3 -179.0 -165.0   71.0  1.097  109.9  3.810  5.950 -118.6 -125.9
D  -78.6  -33.4  113.3  179.8  -65.4    nan  1.051   87.3  3.846  5.503   66.5   82.4
D  -86.4  100.6  109.4 -179.5 -167.2    nan  1.011  108.3  3.814  5.196   51.6   68.2
S  -56.1  -24.8  115.4  179.8   53.8    nan  1.106  110.9  3.817  6.046 -132.9 -139.0
S  -90.4  -14.7  113.0 -179.9   70.2    nan  1.074   84.0  3.866  5.437   54.4   73.6
N -120.0   30.6  110.1  178.9 -175.8    nan  1.037   73.8  3.823  5.237   32.3   51.6
S -130.7  125.0  113.6 -179.2 -171.3    nan  1.077  128.5  3.818  5.549   66.9   85.1
V -133.1  145.8  112.1 -179.4  140.7  -94.8  1.069  136.0  3.792  5.786  174.7  168.1
Q  -97.5  137.2  106.9  178.2  -78.6    nan  1.003  106.9  3.814  5.759 -127.0 -135.3
N -118.1  121.7  106.5  179.7  179.5    nan  0.966  117.5  3.777  5.754 -155.4 -163.1
Y -103.8  143.3  112.6  178.2  -70.8    nan  1.094  114.5  3.783  5.880 -167.6 -163.5
I -128.5  129.7  111.1 -178.5  -51.0 -176.8  1.005  127.9  3.777  5.642 -155.5 -167.7
L -115.1  121.7  104.7  178.4  -98.5    nan  0.943  114.8  3.800  5.803 -159.8 -171.5
T -133.0  148.4  114.8  179.7  146.6   23.0  1.140  137.9  3.745  5.726  160.5  169.3
M -127.3  125.5  102.6  177.3   63.2    nan  0.979  119.5  3.791  5.679 -151.9 -165.3
N -119.7  112.7  106.2 -177.7 -150.4    nan  0.947  114.5  3.764  5.805 -166.4 -173.9
H -107.9  140.5  113.9 -179.2  -58.5    nan  1.049  118.8  3.835  6.013 -176.6 -174.8
F -128.9  132.8  110.8  179.3  -61.2    nan  1.031  129.0  3.785  5.670 -166.4 -171.9
A -140.5   89.0  108.1  179.8    nan    nan  1.010  100.6  3.833  5.752  176.1  167.4
G   76.0 -129.7  107.0 -179.2    nan    nan    nan   93.7  3.787    nan    nan  -24.7
P  -84.8   -4.2  110.6  179.9   39.8    nan  0.934   93.7  3.847    nan    nan  -22.6
L  -93.3  141.5  114.3 -178.0 -159.3    nan  1.060  107.5  3.801  5.401   60.5   91.0
Q -135.6  140.3  111.1  179.2  175.6    nan  1.039  135.3  3.801  5.694 -171.8 -178.3
M -140.4  110.4  108.2  179.7 -171.7    nan  1.010  117.1  3.750  5.609 -176.9  176.3
M -110.0  132.6  110.3 -179.4 -173.9    nan  1.020  118.1  3.783  5.903 -175.7  177.9
V -134.0  117.7  110.7  179.9 -176.2  -54.5  1.035  123.2  3.832  5.865 -179.7  175.7
S -122.2  148.0  112.9 -179.6  -46.5    nan  1.047  128.8  3.812  5.875  178.2  174.4
G -122.3  127.3  106.0  177.8    nan    nan    nan  120.6  3.783    nan    nan -157.8
L -117.9  151.5  114.9 -180.0   13.2    nan  1.139  126.1  3.801    nan    nan -168.3
R -154.3  122.3  113.9 -179.5  173.0    nan  1.075  129.1  3.774  5.496 -176.2  173.9
A -126.4   96.1  103.8  177.7    nan    nan  0.958  104.7  3.800  5.848 -177.6  167.8
K  -55.3  136.1  112.0 -179.1 -172.2    nan  1.032   78.7  3.793  6.007 -133.3 -140.6
D   50.5   40.2  114.6  178.0  -63.1    nan  1.106  106.2  3.814  4.830   13.8   -7.7
N  -65.9  -42.3  105.8  178.4 -178.0    nan  0.965   97.8  3.754  6.119  157.4  152.4
D  -64.0   -9.1  115.8 -178.5   62.7    nan  1.130  111.8  3.808  5.197   59.0   81.9
E -109.7   23.1  115.1 -179.3  -74.3    nan  1.119   81.1  3.795  5.353   47.0   70.2
R  -80.5  120.5  108.9  179.0  -78.9    nan  1.012  101.1  3.803  6.026  118.5  124.4
K -100.8  131.3  110.0 -179.8  -60.6    nan  1.013  112.0  3.775  5.880 -156.3 -162.0
D  -66.4  179.8  111.1  178.9   54.4    nan  1.077   66.4  3.800  5.773 -113.3 -119.0
S  -54.4  -27.6  115.5 -179.3   53.7    nan  1.113  110.7  3.836  5.101  -51.0  -49.9
N  -71.0  -57.9  110.9  179.2  -71.5    nan  1.020   83.5  3.851  5.570   76.9   87.8
G  147.0   -3.7  108.9 -179.6    nan    nan    nan   34.4  3.791    nan    nan  -89.9
N  -85.4  161.3  110.9  179.8  -47.3    nan  1.008   92.2  3.805    nan    nan   96.3
L  -70.1  132.7  106.1  178.0  -70.5    nan  0.970   87.8  3.770  5.287  -83.1  -90.7
A  -65.7  -33.6  109.7  178.2    nan    nan  1.024  100.0  3.809  5.717 -109.4 -116.7
K -139.8  -57.7  113.2  179.8 -113.8    nan  1.081   51.5  3.837  4.903   -9.4   14.3
G   87.9  -49.6  114.1 -179.9    nan    nan    nan  109.5  3.793    nan    nan -152.2
D -100.1   16.3  111.5  178.6   72.1    nan  1.096   86.2  3.812    nan    nan   40.7
A  -69.2  144.7  110.0  179.3    nan    nan  1.007   83.9  3.821  6.019  123.3  129.6
A  -74.4  152.9  113.0  179.1    nan    nan  1.071   86.1  3.835  5.628 -108.1 -112.3
N -113.2  -12.0  112.3  179.9  -69.7    nan  1.048   62.7  3.811  5.590 -136.8 -141.5
T -140.9  175.2  109.4  179.7   67.3  -54.7  1.022  142.2  3.830  5.138   15.3   32.3
G -175.8  164.2  112.6  179.5    nan    nan    nan  165.3  3.799    nan    nan  179.0
V -136.0  144.8  107.0  179.2  163.4  -76.1  1.008  134.8  3.788    nan    nan -152.0
H -142.1  142.7  109.0 -178.0 -173.7    nan  0.977  138.5  3.816  5.667 -170.5 -178.1
A -143.4  154.1  111.3  179.7    nan    nan  1.054  144.8  3.803  5.670  176.5  177.3
L -145.2  134.4  108.0 -179.4  170.6    nan  0.997  134.5  3.806  5.587 -166.4 -172.9
L -124.8  113.5  104.0  178.8 -125.4    nan  0.931  114.2  3.768  5.761 -164.7 -174.9
G -125.3  152.0  117.3 -178.0    nan    nan    nan  133.3  3.783    nan    nan  172.1
L -125.3  110.3  109.2 -179.4 -126.5    nan  0.979  116.9  3.784    nan    nan -157.2
H -103.0   97.8  111.8 -180.0  -61.1    nan  1.042  112.9  3.815  5.951 -172.8 -174.8
N  -94.7  148.2  114.6 -178.5  -62.2    nan  1.078  106.8  3.815  6.080 -174.5 -177.3
D  -95.8   14.6  110.4  179.4 -128.9    nan  1.051   89.4  3.746  5.515 -124.5 -131.1
S -139.0  170.6  106.4  178.1   63.8    nan  0.985  140.7  3.769  5.378   43.9   57.8
F  -79.1   85.8  107.8  178.4 -178.4    nan  0.997  108.3  3.763  5.267  -86.7  -86.9
Y   56.5   31.6  113.7  178.9  -65.3    nan  1.072  107.1  3.825  5.180  -31.7  -48.9
G   66.3   19.1  119.3  179.9    nan    nan    nan  103.5  3.811    nan    nan  -91.4
L -140.3   14.1  114.8  179.9   22.6    nan  1.128   47.1  3.821    nan    nan   64.1
R -173.8  161.6  106.6 -179.1 -178.8    nan  0.986  162.3  3.779  5.022   15.9   20.2
D  -70.2  136.9  111.5  179.8  -78.8    nan  1.019   89.3  3.819  5.474  -84.2  -87.3
G  151.2 -137.1  112.0  178.5    nan    nan    nan  139.9  3.795    nan    nan   95.0
S -157.2  168.0  108.1  179.5   50.7    nan  1.005  158.0  3.787    nan    nan -102.9
S -170.8  158.4  108.2 -179.5   57.4    nan  1.003  159.4  3.743  5.342  179.1  176.1
K -147.0  140.2  106.1  177.6  -63.6    nan  0.997  137.8  3.786  5.586 -169.0 -170.7
T -137.5  128.0  104.1 -180.0  -62.1  177.5  0.977  125.7  3.764  5.681 -174.2 -179.9
A -131.6  147.9  109.4 -179.3    nan    nan  1.029  134.0  3.767  5.816  177.8  176.1
L -125.8  119.9  104.1  179.4 -178.2    nan  0.945  117.6  3.750  5.617 -151.9 -161.1
L -113.7  149.7  112.6 -178.5  -54.3    nan  1.071  121.7  3.782  5.913 -176.5 -172.0
Y -148.1  141.9  109.7 -179.7  169.0    nan  1.030  141.1  3.766  5.589 -174.0  178.3
G -155.4  152.0  111.5  179.1    nan    nan    nan  151.0  3.780    nan    nan  163.0
H -138.5  139.1  107.8 -179.1 -161.4    nan  0.973  134.3  3.778    nan    nan -168.4
G   70.1 -131.4  111.2 -179.4    nan    nan    nan   91.7  3.790    nan    nan   18.1
L  -62.6  -21.5  110.6  179.4  -77.9    nan  1.057  108.2  3.814    nan    nan   -2.1
G  -84.6    2.7  111.7  178.3    nan    nan    nan   96.4  3.789    nan    nan   79.9
A  -69.9  -10.6  116.0 -178.6    nan    nan  1.174  105.2  3.820    nan    nan  120.2
E  -96.3   97.1   99.2  173.5  162.8    nan  0.900   99.9  3.836  5.753   70.5   72.0
V  -72.6  -13.3  120.2 -176.3  -54.8   67.8  1.185  100.4  3.830  6.125 -161.9 -149.3
K  -94.2  -76.9  107.4  178.7 -171.5    nan  1.026   72.1  3.826  5.584   66.0   78.3
G  -76.0   81.7  110.0  179.7    nan    nan    nan  111.3  3.798    nan    nan   36.9
I  -51.4  123.8  113.4 -180.0  -54.1 -178.0  1.054   84.9  3.797    nan    nan -152.4
G   70.2   18.0  114.6  178.5    nan    nan    nan  101.5  3.805    nan    nan   -2.4
S  -98.7   -6.5  116.2 -178.7   72.7    nan  1.078   78.5  3.822    nan    nan  106.2
D -117.8  105.7  111.1 -179.2 -166.4    nan  1.018  115.6  3.837  5.280   45.7   63.1
G  -87.9    1.1  117.0 -179.9    nan    nan    nan   92.6  3.805    nan    nan -162.8
A  -95.4   -1.4  113.6 -179.5    nan    nan  1.078   84.0  3.839    nan    nan   92.8
L  -64.8  138.9  113.6 -178.5  -66.7    nan  1.073   85.2  3.811  5.810  105.4  120.0
R  -81.2  156.2  109.0  179.3  -69.0    nan  1.018   89.4  3.801  5.720 -114.9 -127.0
P  -54.6  -36.8  112.6  179.9  -34.7    nan  0.974  106.0  3.811  5.202  -69.5  -79.1
G  -91.6   13.2  114.7 -178.1    nan    nan    nan   93.9  3.783    nan    nan   63.2
A  -61.0  134.2  106.4  179.2    nan    nan  0.977   80.7  3.808    nan    nan  133.3
D -141.7  121.7  110.5 -176.3 -165.2    nan  0.996  126.7  3.800  5.666  177.2  172.9
T -131.5  146.2  115.7 -178.4  -51.9 -172.1  1.087  137.0  3.815  5.876  168.6  170.1
W -130.5  133.0  104.4  177.3  -81.0    nan  0.932  125.6  3.806  5.636 -154.6 -172.6
R -141.0  140.3  110.0  178.6 -173.1    nan  1.042  137.3  3.782  5.691  167.7  170.8
I -120.8  128.6  108.4  178.0 -173.5   64.7  1.044  122.1  3.767  5.755 -160.5 -163.4
A -124.3  134.3  107.9 -180.0    nan    nan  0.998  125.1  3.821  5.836 -168.7 -178.9
S -160.9  131.5  114.2 -179.8 -168.5    nan  1.077  136.6  3.759  5.524  153.1  150.6
Y -148.4  160.1  110.8  178.4   78.8    nan  1.056  149.8  3.766  5.651  165.4  156.6
G -149.4  156.6  109.4  179.6    nan    nan    nan  149.0  3.757    nan    nan -170.1
T -126.1  136.8  108.7  179.8  -96.8  140.3  1.011  127.4  3.788    nan    nan -149.9
T -162.0  140.5  114.2  178.6 -174.5   65.8  1.085  144.5  3.811  5.682  153.8  150.9
P  -86.7  129.4  108.3  179.0   30.3    nan  0.935  101.9  3.826  5.553 -116.4 -130.1
L  -83.3  -21.8  111.5 -179.8 -105.3    nan  1.035   88.4  3.826  5.939 -136.6 -135.8
S -170.7 -171.5  105.2  178.5   66.0    nan  1.022  165.9  3.817  4.915  -27.3  -10.9
E  -78.7    8.3  111.8  179.9   77.8    nan  1.091  104.3  3.850  5.275  -72.4  -63.2
N -133.8  -24.5  113.8  179.7   51.2    nan  1.125   41.4  3.836  5.366   38.2   60.2
W -110.7  129.9  114.5  179.9  -81.7    nan  1.067  121.6  3.867  5.324   34.5   53.6
S -127.1  141.2  107.9  177.7  -71.2    nan  1.025  128.6  3.813  5.794 -175.5  176.6
V -128.3  140.1  111.9 -179.5   67.1 -171.4  1.090  131.6  3.786  5.729 -168.6 -166.7
A -134.3   91.7  110.8  178.7    nan    nan  1.053  106.0  3.800  5.752 -171.3 -176.8
P  -81.1  155.4  108.6  179.5   36.4    nan  0.923   89.5  3.802  5.991 -160.6 -171.6
A -149.1  153.8  112.1  177.8    nan    nan  1.075  148.8  3.818  5.655  174.1 -173.6
M -146.8  140.8  111.3  179.0  104.1    nan  1.073  140.7  3.782  5.566 -173.3 -173.9
L -142.2  125.1  104.5 -179.9 -131.0    nan  0.923  125.5  3.783  5.654 -169.0  172.8
A -142.0  142.4  107.3 -180.0    nan    nan  0.989  137.4  3.801  5.743  162.2  160.8
Q -145.0  150.7  112.4 -179.8 -177.8    nan  1.047  145.2  3.777  5.631  177.5  176.5
R -135.4  115.1  104.4  178.0  177.2    nan  0.961  117.4  3.806  5.604 -160.9 -169.4
S -126.0  129.3  110.2 -179.3 -149.9    nan  1.032  126.0  3.796  5.871  168.1  169.4
K -123.1  147.2  113.0 -178.2  -67.4    nan  1.021  129.5  3.852  5.882 -167.9 -174.8
D   48.8   36.2  110.5  178.7  -45.7    nan  1.035  112.0  3.841  4.747   25.6    4.6
R  -65.4  -66.4  113.7 -178.0 -171.4    nan  1.073   80.3  3.757  6.012  143.2  154.4
Y -109.6  -32.2  111.4 -178.5  -60.1    nan  1.031   62.2  3.820  4.804   -3.6   17.9
A -128.9  142.4  110.0 -179.9    nan    nan  1.042  131.3  3.775  4.870    5.2   26.8
D  -54.7  125.9  110.3  179.3 -160.7    nan  1.000   83.6  3.791  5.438  -81.1  -97.6
G   80.8    2.3  114.6 -179.8    nan    nan    nan   98.3  3.799    nan    nan   12.2
D  -73.1  172.1  111.8  178.6   75.1    nan  1.139   76.2  3.825    nan    nan  113.6
S -163.6  130.8  109.3 -179.0  151.8    nan  1.019  134.2  3.761  5.342 -163.5 -170.7
Y -126.7  126.7  106.1  178.7  -64.3    nan  0.989  122.4  3.783  5.822 -173.2  179.8
Q -144.9  127.0  110.3  179.4  -65.7    nan  1.002  130.7  3.800  5.764  165.5  159.2
W -155.0  158.7  110.5  179.2   47.2    nan  1.060  153.9  3.791  5.605  150.8  146.7
A -144.2  126.6  108.2  178.8    nan    nan  1.014  129.1  3.765  5.510 -162.9 -166.9
T -109.5  142.6  109.4  178.6  -66.6  172.2  0.991  117.1  3.788  5.923 -156.7 -166.2
F -130.6  114.4  106.7  175.0  176.1    nan  1.010  117.9  3.778  5.701 -171.1 -172.7
N -112.2  143.6  109.4  179.0 -163.6    nan  1.014  119.1  3.802  5.941 -173.9 -179.8
L -139.5  108.9  109.4  179.6 -166.2    nan  1.024  116.7  3.777  5.628 -175.4 -177.6
R -102.5  127.8  109.4  178.9 -164.1    nan  1.014  112.9  3.839  6.038 -169.0 -178.1
L -126.2  133.1  110.2  179.5  -74.9    nan  0.974  127.4  3.844  5.864 -170.8  177.6
I -123.0  134.9  109.9  176.1   -5.4 -130.6  1.031  125.9  3.837  5.887 -174.1 -173.0
Q -120.8  105.4  110.6  179.1  172.8    nan  1.027  115.3  3.801  5.703 -162.1 -168.6
A  -65.0  143.9  109.1  179.3    nan    nan  1.032   80.4  3.797  5.964 -133.7 -144.6
I -129.0  -35.7  108.7  179.7  -75.5  159.4  1.023   49.0  3.799  5.696 -162.7 -167.3
N -136.2 -175.8  105.9  179.4  -73.3    nan  0.903  134.9  3.831  5.020    4.0   13.3
Q  -75.8  -25.3  103.4  176.3 -176.9    nan  0.907   97.2  3.703  4.749  -71.8  -69.6
N -116.2  -14.7  117.7 -177.2  -51.4    nan  1.070   57.8  3.854  5.015   20.2   48.5
F -116.8  140.7  113.3 -178.3 -172.9    nan  1.055  124.9  3.795  5.087   37.4   59.0
A -144.5  162.6  111.1  179.4    nan    nan  1.043  147.1  3.794  5.636  178.0  171.9
L -119.1  110.8  106.6  177.0  -69.0    nan  0.998  114.0  3.806  5.544 -136.4 -136.9
A  -97.5  145.0  110.5  178.9    nan    nan  1.054  107.9  3.813  5.992 -166.8 -168.3
Y -134.9  142.6  108.0  179.8  -53.1    nan  0.998  133.9  3.813  5.726 -164.1 -172.5
E -138.5  138.5  110.1  178.3 -173.1    nan  1.044  135.4  3.795  5.669 -176.8 -178.1
G -132.0  124.2  107.5  179.7    nan    nan    nan  124.1  3.762    nan    nan -177.6
S -121.6  137.6  110.2  179.1  -74.4    nan  1.032  125.8  3.794    nan    nan -179.7
Y -137.8  131.6  105.7  177.3  172.2    nan  0.985  128.9  3.756  5.668 -176.7  174.0
Q -140.0  135.9  112.7  179.5  179.0    nan  1.041  136.3  3.781  5.714  173.5  170.2
Y -121.2  137.5  107.0  177.9  179.0    nan  1.012  123.4  3.774  5.749 -164.2 -170.2
M -142.6  149.2  112.2  179.9   64.1    nan  1.052  143.1  3.782  5.666  176.9  173.5
D -140.3   97.0  101.9  179.6 -168.1    nan  0.909  103.0  3.769  5.555 -162.1 -177.0
L -110.2  136.2  111.6 -178.1  -44.5    nan  1.057  119.2  3.768  5.956  160.2  170.5
K -136.2   83.5  107.3 -179.5  -68.9    nan  1.000   97.0  3.822  5.771 -174.3  175.2
P  -69.7  -17.3  117.9 -179.4   33.7    nan  1.042  101.6  3.837  6.031 -162.9 -166.5
E   55.3   46.7  112.5 -179.4  -64.6    nan  1.063   99.3  3.832  5.561 -150.2 -143.7
G   74.9   -5.5  120.3 -179.8    nan    nan    nan  107.9  3.823    nan    nan  -69.9
Y  -59.7  128.3  109.7  179.6 -177.4    nan  1.019   85.1  3.865    nan    nan  118.7
N   54.5   26.9  114.7  179.5  -97.4    nan  1.051  111.4  3.843  4.878   15.2   -9.9
D   64.7   21.6  113.9 -178.9  -74.8    nan  1.085  105.3  3.835  5.404  -89.8  -95.0
R  -80.8  147.3  107.0  179.1  -61.4    nan  0.982   91.2  3.780  5.948  117.3  122.6
Q -114.0  140.8  108.4  179.3  -71.2    nan  1.002  119.8  3.789  5.677 -145.6 -147.7
A  -53.5  136.0  108.9  178.3    nan    nan  1.013   75.7  3.801  5.530  -85.0  -97.6
V -149.9  156.0  109.4 -178.8  101.8 -132.1  1.024  149.1  3.784  5.649  168.8  163.2
N -154.3  149.4  107.5  176.9   75.0    nan  1.055  147.4  3.775  5.583  177.6  179.0
G  154.3 -174.2  111.4 -178.3    nan    nan    nan  155.9  3.789    nan    nan  114.8
S -124.2  161.1  114.8 -178.9   56.8    nan  1.132  130.1  3.790    nan    nan -109.2
F -128.9  137.7  109.9 -179.0 -172.8    nan  1.011  130.0  3.807  5.475 -139.5 -148.6
Y -124.2  143.0  110.7 -178.7  -54.8    nan  1.011  128.7  3.815  5.823 -163.4 -167.1
K -143.1  125.9  110.2  176.3 -176.8    nan  1.058  129.5  3.843  5.722  175.9  176.0
L -124.6  123.7  105.8  178.6  -71.6    nan  0.951  120.1  3.807  5.831 -169.8  176.5
T -129.6  136.4  111.2 -179.1  -58.5 -179.5  1.006  130.8  3.802  5.857  176.4  173.6
F -118.0  124.6  103.9  177.7  170.4    nan  0.948  116.2  3.785  5.698 -159.0 -167.6
A -134.1   92.9  120.6 -177.3    nan    nan  1.159  113.6  3.824  5.778  164.0  176.2
P  -57.0  118.2  106.0  178.9  -37.6    nan  0.888   87.0  3.843  5.897 -126.6 -153.5
T -115.6  138.7  115.7 -176.3  -54.4 -176.3  1.039  125.6  3.841  5.974  178.0 -174.8
F -113.8  137.6  109.9  177.6  -72.4    nan  1.002  120.5  3.798  5.713 -154.0 -160.0
K -161.4  171.1  111.3  178.7   53.4    nan  1.075  162.6  3.798  5.525  153.0  152.0
V -112.2  -29.4  112.4  178.8  -61.8   62.6  1.083   59.8  3.822  5.535 -122.4 -117.0
G  -76.9 -173.9  114.4 -179.3    nan    nan    nan   74.4  3.804    nan    nan   82.5
S  -60.9  106.6  113.1 -179.3 -178.9    nan  1.057  100.9  3.786    nan    nan  -48.2
I  -57.6  -27.2  114.1  178.9  -63.5  173.2  1.075  108.6  3.818  5.953 -124.0 -136.8
G  -79.6  -18.1  112.4 -179.9    nan    nan    nan   93.1  3.812    nan    nan   81.5
D  -83.3  120.9  106.5  178.4 -172.9    nan  0.992  100.5  3.789    nan    nan   82.8
F  -72.4  -13.3  110.0  179.3  -83.7    nan  1.039  102.6  3.798  5.918 -127.1 -134.2
F -107.2    5.4  117.4 -178.4  -54.0    nan  1.160   75.4  3.793  5.214   40.7   69.8
S  -77.8  115.2  101.2  176.9   63.7    nan  0.958   94.6  3.804  5.942  103.5  107.4
R  -85.1  -51.3  130.7 -172.7 -118.0    nan  1.381   63.0  3.799  6.037 -164.6 -135.0
P  -47.1  100.0  112.4 -179.1  -24.7    nan  1.009   99.0  3.751  5.428   97.6   94.7
E -145.0  143.1  111.8  177.9   74.7    nan  1.146  141.5  3.800  5.827  124.0  129.8
I -121.0  123.1  108.0 -179.1  -73.1  162.2  0.989  120.1  3.790  5.683 -142.8 -162.5
R -124.7  143.8  117.7 -179.7   55.6    nan  1.187  133.2  3.789  5.808  169.4 -179.7
F -107.5  152.2  100.9  176.0  -69.6    nan  0.910  110.5  3.802  5.649 -128.3 -153.8
Y -161.4  174.2  118.0 -178.5   44.7    nan  1.121  163.3  3.811  5.503  165.2  172.9
T -148.0  137.2  104.4  177.1  -55.9 -174.2  0.956  135.4  3.778  5.375 -147.6 -154.0
S -135.5  153.3  110.0  178.0  -66.9    nan  1.028  138.1  3.764  5.661 -179.6 -179.4
W -131.7  133.6  105.0  179.0  148.7    nan  0.951  126.8  3.748  5.499 -152.9 -162.0
M -134.0  147.9  109.8  179.2  -65.9    nan  1.017  135.9  3.787  5.778  179.3  177.8
D -157.7  153.6  107.3  178.1 -158.8    nan  1.010  151.6  3.779  5.532  170.8  165.8
W -157.5  168.6  112.7 -178.8   57.7    nan  1.036  159.2  3.781  5.502  178.8  175.9
S  -63.7  122.5  107.9  177.6  -62.9    nan  0.987   89.7  3.808  5.191  -69.7  -76.0
K  -51.5  -30.0  113.9 -178.7   53.8    nan  1.120  112.4  3.862  5.906 -106.8 -111.5
K  -55.5  -34.5  112.9  179.4 -174.2    nan  1.076  106.6  3.798  5.608   90.2  100.8
L  -56.1  -26.8  113.9 -178.8  -60.3    nan  1.069  110.3  3.842  5.493   84.5   97.4
N  -62.1  -21.7  113.0 -179.9  -63.7    nan  1.036  107.9  3.793  5.515   86.4   98.0
N  -89.1   -3.6  116.3 -176.2  -55.3    nan  1.119   89.3  3.818  5.264   55.7   81.1
Y  -58.1  -41.0  110.1 -179.7  177.8    nan  1.042  102.0  3.795  5.874  113.0  122.6
A -151.2  162.2  107.2 -179.9    nan    nan  0.987  151.4  3.799  4.755  -21.5   -5.9
S -101.5  -16.2  113.7 -179.5   55.9    nan  1.080   72.5  3.818  5.555 -123.0 -115.0
D -107.5   20.5  109.8  178.9   51.7    nan  1.034   80.3  3.838  5.348   44.0   62.3
D  -76.8  178.8  110.5  179.5 -128.6    nan  0.919   77.3  3.828  5.912  121.8  125.4
A  -90.2  -50.5  106.3  176.7    nan    nan  0.986   77.4  3.767  5.219  -99.4  -88.7
L  -66.5  116.7  110.4 -178.5  -60.1    nan  1.034   96.1  3.814  5.200   55.7   71.1
G  102.1  -15.1  114.3 -179.7    nan    nan    nan   84.4  3.760    nan    nan   22.9
S  -64.3  173.3  108.0  178.0   67.5    nan  1.032   66.6  3.812    nan    nan  103.9
D  -59.5  121.1  112.7 -178.0 -151.7    nan  1.067   91.2  3.826  5.247  -61.8  -62.1
G   83.7    3.9  116.2  179.2    nan    nan    nan   94.6  3.793    nan    nan    7.6
F -140.2   51.5  109.6 -179.5 -150.5    nan  1.022   71.9  3.802    nan    nan   48.4
N -126.1  -23.9  113.7 -178.2   45.3    nan  1.070   47.9  3.800  5.762   96.4  109.5
S  -61.7  179.6  113.0 -179.0  -61.6    nan  1.048   61.8  3.800  5.558   88.1  101.6
G  -67.8  -89.1  107.3  177.4    nan    nan    nan   74.3  3.768    nan    nan  -65.9
G  -75.1  137.1  117.7 -178.8    nan    nan    nan   96.7  3.798    nan    nan   29.9
E -133.3  116.0  109.6  179.8  -67.2    nan  1.006  121.3  3.799    nan    nan  177.1
W  -96.5  146.3  112.8  179.5  -71.6    nan  1.037  107.9  3.814  5.950 -157.2 -163.0
S -142.7  152.8  111.4  177.6   46.4    nan  1.069  143.9  3.808  5.596 -179.5 -179.4
F -140.2  153.4  110.5 -179.4  -50.0    nan  1.005  142.0  3.842  5.628 -160.4 -169.1
G  173.7 -177.1  116.3  179.2    nan    nan    nan  174.3  3.796    nan    nan  140.3
V -139.3  142.5  107.3  179.9 -154.4  -29.1  0.923  136.1  3.806    nan    nan -132.0
Q -158.2  162.5  109.6  178.1   84.5    nan  1.028  157.4  3.792  5.498  159.4  161.5
M -124.5  159.8  105.4  176.7   63.9    nan  0.968  127.4  3.778  5.509 -140.8 -142.8
E -156.5  136.3  106.7  176.2  177.3    nan  0.994  138.0  3.783  5.519 -179.1 -178.8
T -153.7  171.5  110.9  176.7   52.8  -71.2  1.025  155.5  3.811  5.798  164.8  158.1
W -162.6  148.9  104.6  175.7   57.0    nan  1.046  148.9  3.728  5.219 -175.2 -173.4
F -161.8    nan  106.1 -178.0   49.8    nan  0.954    nan  3.784  5.567  179.8  164.1
