Id   phi    psi    tau  omega    chi    chi2  solid    eta  CA-CA  CB-CB  BA^AB  NA^AC
S    nan -150.6  112.5    nan   59.4    nan  1.095    nan    nan    nan    nan    nan
G -132.1 -114.8  119.8 -179.1    nan    nan    nan   86.9  3.804    nan    nan  -86.7
F  -92.3  142.0  115.9 -177.5  170.0    nan  1.075  107.5  3.765    nan    nan   -4.4
E -137.6  140.0  108.4  177.0  -76.3    nan  1.011  134.6  3.764  5.644 -173.3  177.4
F -119.5  118.6  106.3  179.1  173.0    nan  0.990  116.8  3.771  5.701 -156.2 -163.1
H -128.5  172.2  107.8  179.1  -62.9    nan  0.993  130.4  3.780  5.863  173.2  167.0
G  164.2 -178.0  116.8  179.6    nan    nan    nan  165.0  3.781    nan    nan  151.3
Y -139.5  150.8  106.7  179.6  166.9    nan  0.974  139.0  3.784    nan    nan -133.1
A -160.3  134.6  111.7  178.6    nan    nan  1.061  138.5  3.799  5.522  167.4  167.9
R -131.1  145.4   99.7  177.9   89.1    nan  0.904  127.8  3.765  5.717 -168.2  176.4
S -165.3  126.9  106.7  178.9 -178.9    nan  0.985  129.8  3.764  5.519  158.0  158.6
G -171.5 -177.2  117.0 -179.0    nan    nan    nan  169.9  3.717    nan    nan  131.0
V -122.4  147.5  110.8 -178.2  156.8  -81.0  1.010  127.8  3.767    nan    nan -113.1
I -144.7  132.9  104.4  177.3  -58.8 -178.9  0.956  131.4  3.816  5.742 -173.8  177.1
M -142.4  154.7  107.7  179.8   64.0    nan  0.976  142.7  3.813  5.710  174.7  168.0
N  -84.6 -176.9  109.5  178.4   62.1    nan  1.063   83.6  3.799  5.598 -113.9 -110.1
D  -63.7   -4.4  116.4 -179.3   49.8    nan  1.154  114.3  3.826  5.189  -62.1  -53.8
S -108.2    7.2  113.0  179.6  -50.0    nan  1.055   74.7  3.859  5.577   59.0   74.5
G   74.7   32.0  112.5 -179.1    nan    nan    nan   91.7  3.814    nan    nan -103.5
A -135.8  172.5  112.5 -179.8    nan    nan  1.076  138.3  3.809    nan    nan   79.7
S  -63.3  152.9  116.7 -178.3   42.6    nan  1.106   77.5  3.794  5.189  -67.2  -66.2
T -143.2 -178.5  108.2  177.8   20.1 -104.7  0.982  142.8  3.825  5.648 -162.3 -176.3
K  -94.5  142.8  107.5  178.8  -54.3    nan  1.007  104.1  3.770  5.106  -94.6  -88.5
S -157.8  160.5  107.4  179.3   68.4    nan  1.014  155.6  3.794  5.619  166.8  160.9
G  139.7  148.9  111.2 -179.9    nan    nan    nan  122.2  3.797    nan    nan  111.1
A  -72.1  -12.2  111.0 -179.3    nan    nan  1.065  103.3  3.804    nan    nan -104.0
Y -121.3   31.7  114.5 -179.5  -61.9    nan  1.072   75.2  3.793  5.202   32.8   55.4
I  -77.3  -24.9  117.5 -178.0   56.3  -74.4  1.168   90.6  3.819  6.073  121.3  140.6
T  -70.6  160.0  110.0  179.3   72.4  -48.8  1.021   78.4  3.800  5.610   85.9   91.1
P  -53.7  -37.8  109.8  179.4  -37.8    nan  0.936  107.5  3.841  5.116  -64.2  -74.9
A  -62.2  -23.1  111.3 -180.0    nan    nan  1.035  107.6  3.813  5.239   63.2   86.5
G  -59.9  -25.4  114.8 -179.2    nan    nan    nan  107.3  3.805    nan    nan  104.1
E  -70.2  -24.3  113.2 -178.8  -60.7    nan  1.086   99.0  3.789    nan    nan   92.9
T -108.9   15.0  110.6  177.9   46.5  -74.0  1.099   76.9  3.779  5.215   29.4   53.5
G  103.0    6.7  119.2  177.4    nan    nan    nan   73.8  3.834    nan    nan  -73.6
G  -77.3   70.6  115.4 -178.3    nan    nan    nan  117.9  3.806    nan    nan  116.5
A  -65.7  144.3  111.4 -179.2    nan    nan  1.033   81.9  3.778    nan    nan -178.6
I -120.5  177.2  108.1  176.9   60.5  -64.7  1.039  121.3  3.833  5.823 -157.4 -160.1
G  -51.6  139.2  114.3 -179.5    nan    nan    nan   75.0  3.800    nan    nan  -50.5
R  -99.4  -11.3  118.2 -179.5   65.3    nan  1.121   75.4  3.776    nan    nan -140.2
L  -60.6  129.0  110.2 -178.2 -130.6    nan  1.020   85.7  3.829  5.788  106.7  114.8
G   57.5   13.5  112.8  179.5    nan    nan    nan  116.5  3.778    nan    nan   -6.1
N -124.4   32.4  112.6 -178.8 -167.2    nan  1.054   72.1  3.833    nan    nan   75.0
Q -143.2  108.4  108.2  178.0  -70.4    nan  1.032  115.5  3.829  5.529   56.5   69.4
A  -99.5    3.0  116.5 -178.8    nan    nan  1.117   81.8  3.814  6.002 -170.1 -170.4
D  -89.2  159.5  115.2  180.0   60.3    nan  1.073   97.8  3.832  5.728   84.7  100.5
T -105.5   94.6  104.3  178.0  -71.2  169.4  0.991  105.0  3.787  5.494 -124.3 -129.0
Y -103.5  128.2  111.5  179.6 -173.2    nan  1.034  115.1  3.795  6.035  173.9  170.5
V -133.9  139.1  112.1 -179.1  178.9  -60.3  1.026  134.5  3.801  5.796  178.7  171.6
E -128.3  124.7  105.6  176.5  -80.7    nan  0.983  121.7  3.806  5.723 -168.0 -175.6
M -114.4  119.8  110.1  179.6  -66.6    nan  1.034  118.5  3.799  5.845 -169.0 -170.8
N -110.5  107.0  111.9 -179.7  -62.7    nan  1.040  115.9  3.812  5.907 -166.7 -173.4
L -102.9  121.8  106.1 -179.9  -52.6    nan  0.985  110.3  3.830  6.042 -170.4  179.5
E -121.5  151.9  117.3 -178.6  -57.7    nan  1.092  130.2  3.803  5.864 -179.3 -177.7
H -129.5   97.7  105.4  176.5  179.3    nan  0.998  106.8  3.776  5.559 -156.9 -162.8
K  -94.2  162.9  109.6 -179.5  -75.5    nan  1.034   99.7  3.813  6.065 -173.4 -177.1
Q -164.0  131.1  111.2 -178.8  166.7    nan  1.034  135.0  3.807  5.422 -178.6  178.0
T -120.3  125.6  110.4  178.5  -63.3  177.2  1.036  122.6  3.795  5.853 -167.8 -172.5
L  -91.1  156.1  107.8  178.5  -77.6    nan  1.037   98.1  3.764  5.818 -143.4 -150.0
D  -56.1  -28.0  112.8 -179.4   27.3    nan  1.062  110.0  3.807  5.373  -72.6  -80.7
N  -83.0   12.1  114.8  179.9   58.3    nan  1.120  101.9  3.805  5.349   53.7   77.7
G   89.1  -19.9  115.1  179.1    nan    nan    nan   99.1  3.809    nan    nan  -87.8
A  -65.3  133.3  111.6  179.7    nan    nan  1.066   87.5  3.817    nan    nan  100.8
T -113.5  154.5  111.6  179.9   56.4  -65.5  1.047  120.3  3.803  5.852 -154.9 -163.1
T -134.5  136.1  105.4  179.8  -96.3  139.7  0.965  129.5  3.774  5.470 -154.0 -164.0
R -146.7  128.6  115.2 -179.9  176.7    nan  1.066  134.8  3.805  5.711  168.9  168.7
F -124.0  136.9  108.2  177.4  165.0    nan  1.032  125.8  3.783  5.763 -174.6  177.9
K -140.9  141.3  113.4  179.3  171.4    nan  1.032  139.7  3.808  5.684 -178.4  172.8
V -126.6  140.5  104.5  176.2 -137.0   -6.7  0.904  126.1  3.805  5.789 -156.0 -172.5
M -122.2  124.1  108.0  175.0  176.0    nan  1.009  121.0  3.778  5.646 -167.0 -164.1
V -116.2  124.5  105.4  178.5  171.7  -67.2  0.990  116.5  3.796  5.858 -168.9 -175.9
A -126.3  157.7  113.7 -179.0    nan    nan  1.071  132.1  3.782  5.784  178.4  179.6
D -154.5  141.9  108.9  177.9  173.0    nan  1.009  142.8  3.776  5.514 -173.3  179.2
G -135.4  117.2  108.9  179.8    nan    nan    nan  121.9  3.807    nan    nan -175.0
Q -120.6  138.4  113.2 -179.0  -67.4    nan  1.029  127.3  3.812    nan    nan  175.5
T  -93.7  -21.4  109.1  176.6   55.7  -65.8  1.072   79.7  3.819  5.822 -139.4 -139.4
S  -69.1  139.9  111.6  179.4  165.5    nan  1.036   87.1  3.831  5.566   81.9   94.5
Y  -88.8   -5.3  113.9 -179.7  -66.9    nan  1.033   89.0  3.866  5.808 -123.0 -130.3
N  -71.2  160.2  115.4 -177.8  -59.6    nan  1.101   80.4  3.802  5.617   92.6  111.6
D  -84.7   -2.3  115.2 -177.4   58.0    nan  1.056   94.3  3.764  5.259  -96.6 -104.3
W -143.1  109.0  105.6 -179.5 -177.1    nan  0.969  114.4  3.817  5.137   23.6   38.8
T -123.4   37.2  114.5 -178.1   52.4  -69.4  1.065   76.8  3.788  5.893  166.4  166.6
A  -57.9  -40.3  113.6 -179.5    nan    nan  1.071  100.7  3.804  6.089  154.7  160.5
S  -65.4  -30.8  116.2 -178.5   62.2    nan  1.116   98.8  3.825  5.334   64.9   84.7
T -117.1   17.8  112.7 -179.1   57.1  -64.7  1.012   70.8  3.823  5.114   27.5   42.6
S  -61.5  136.5  115.1 -178.6 -172.0    nan  1.078   84.9  3.821  5.937  128.1  141.0
D -116.0   16.1  110.9 -179.7  -82.9    nan  1.032   70.6  3.820  5.783 -155.4 -162.7
L  -49.7  118.5  109.6 -178.4 -133.7    nan  1.010   85.2  3.812  6.013  141.4  149.4
N -151.7  148.2  113.1  178.7   72.5    nan  1.084  147.8  3.805  5.687  143.4  144.3
V  -75.7  110.2  109.4  178.3  172.9  -62.0  1.019  102.5  3.782  5.544  -99.0 -111.5
R  -85.2  -36.6  113.0 -179.5  -61.8    nan  1.010   80.5  3.826  5.943 -145.9 -158.4
Q -139.6  151.7  113.9 -179.5  -57.1    nan  1.049  142.6  3.803  4.727   -9.1   12.8
A -166.0   96.7  103.3  177.5    nan    nan  0.964   99.7  3.805  5.501  169.0  158.3
F -144.9  161.0  115.8 -178.8   68.7    nan  1.089  148.7  3.808  5.761  130.1  133.1
V -123.1  145.5  108.3  179.1  174.0  -65.9  1.012  126.8  3.813  5.589 -139.1 -142.6
E -129.3  128.9  108.2  178.6  -81.4    nan  0.996  125.9  3.805  5.701 -160.5 -166.1
L -108.4  108.5  103.7  178.0  -63.3    nan  0.970  108.3  3.789  5.837 -156.5 -164.6
G -110.1  159.2  116.9 -178.6    nan    nan    nan  118.2  3.783    nan    nan -176.8
N   40.7   57.3  114.9  178.1 -174.2    nan  1.090  100.3  3.791    nan    nan    9.0
L  -75.2  132.0  110.6  179.4  -62.1    nan  1.044   94.7  3.827  6.170  160.4  160.5
P  -59.7  -24.8  113.4 -179.2   28.8    nan  0.997  108.3  3.870  5.616  -97.6 -111.3
T  -81.4  -17.5  114.1 -178.9 -112.2  122.0  1.089   91.2  3.762  5.174   52.6   81.9
F  -88.4  124.4  107.2  179.1  -80.3    nan  0.980  103.2  3.813  5.567   65.1   79.5
A -131.6 -177.8  110.9  179.8    nan    nan  1.058  130.7  3.788  5.790  170.2  172.0
G   62.0 -132.7  109.8 -179.1    nan    nan    nan   84.4  3.786    nan    nan   61.4
P  -65.5  -15.7  115.2  179.8   27.2    nan  1.033  107.1  3.841    nan    nan   -5.4
F  -93.8    5.5  113.8 -179.9  -61.6    nan  1.039   88.4  3.864  5.444   53.9   78.1
K  -41.9  -72.5  116.1 -178.0 -171.0    nan  1.120   86.8  3.821  5.927  133.5  148.3
G  -98.6   26.4  113.3 -179.3    nan    nan    nan   92.3  3.772    nan    nan   24.7
S  -78.8  157.4  113.7 -177.1   74.0    nan  1.088   88.4  3.802    nan    nan  133.6
T -125.4  124.6  113.5  179.9  161.4   39.3  1.138  126.7  3.790  5.598 -151.3 -147.4
L  -91.0  138.3  109.5  179.9 -125.0    nan  0.970  103.6  3.815  5.822 -129.2 -152.7
W -139.1  162.6  111.7  179.2   69.3    nan  1.036  142.5  3.804  5.676  176.3  177.5
A -163.7  150.8  107.5  178.6    nan    nan  1.024  151.5  3.818  5.459  178.7  176.1
G  121.1 -161.0  110.4 -178.8    nan    nan    nan  125.9  3.800    nan    nan   81.1
K -101.2  124.5  108.0 -178.8  175.6    nan  1.005  111.1  3.815    nan    nan  -72.4
R -159.0  168.9  116.1 -176.7   73.8    nan  1.025  161.2  3.788  5.633  153.0  143.6
F  -96.4  141.0   98.2  173.4  -59.8    nan  0.870  100.2  3.798  5.332 -103.5 -111.2
D  -62.3  136.8  109.8 -179.8 -163.4    nan  1.026   82.4  3.810  5.645  -99.5 -100.4
R  -55.0  -43.5  109.7 -179.7 -176.3    nan  1.011  103.1  3.815  5.569  -87.3 -102.6
D  -84.4   16.5  120.7 -178.4  -59.3    nan  1.236  103.7  3.792  4.998   30.5   65.1
N  -71.0  160.3  100.8  175.7  -71.2    nan  0.876   75.8  3.821  6.160  137.2  122.2
F -153.2  151.6  106.7  176.6   60.1    nan  1.072  147.9  3.836  5.562  174.4 -173.5
D -129.6  177.1  115.5 -177.1   72.8    nan  1.088  130.8  3.796  5.659 -152.9 -154.0
I -113.5   94.0  100.3  176.7  -60.8  174.8  0.912  101.0  3.785  5.274 -111.0 -115.6
H  -47.2  -44.9  121.8 -176.3  178.4    nan  1.192  102.0  3.786  6.010 -135.8 -129.3
W  -71.1   -6.7  115.9 -175.9  -45.4    nan  1.105  105.8  3.820  5.218   61.8   79.6
I -122.1    5.4  109.9 -177.6 -109.5  118.4  1.039   59.8  3.743  5.076   38.2   59.3
D   48.4   47.2  112.7 -178.8 -158.6    nan  1.100  103.8  3.834  5.822 -138.0 -128.7
S -137.8  131.1  110.1 -179.2  172.3    nan  1.003  131.4  3.804  5.707   89.2   90.8
D  -75.3  154.4  106.6  176.8  -60.0    nan  0.947   83.7  3.742  5.653 -115.8 -130.8
V  -82.5  -50.0  100.5  175.2  175.3  -64.7  0.942   86.9  3.798  5.581 -108.8 -112.1
V -135.1  140.5  108.3  176.5 -156.6  -35.9  1.037  133.4  3.819  4.941  -22.4   -1.3
F -137.4   95.8  110.6 -179.2 -179.7    nan  1.065  108.2  3.793  5.660 -175.4 -177.6
L  -99.9  114.7  105.9  178.6 -176.6    nan  0.969  108.5  3.788  6.052 -176.1  171.0
A -143.8  163.1  110.3  179.4    nan    nan  1.046  146.2  3.801  5.765  148.7  148.8
G  143.2 -152.6  111.3 -178.6    nan    nan    nan  144.2  3.786    nan    nan  117.7
T -123.7  133.8  110.2 -179.1  -56.8 -176.7  1.041  126.2  3.790    nan    nan  -84.0
G  176.9 -131.7  116.2 -179.7    nan    nan    nan  133.0  3.792    nan    nan  122.6
G -169.9  169.0  111.9  179.8    nan    nan    nan  168.2  3.758    nan    nan -109.3
G  168.6 -174.2  112.9 -179.7    nan    nan    nan  169.4  3.759    nan    nan  152.9
I -135.9  135.0  109.8 -178.8 -174.5   61.0  1.032  132.4  3.767    nan    nan -123.2
Y -105.1  145.6  110.2  178.1  -70.2    nan  1.013  113.8  3.824  5.879 -145.4 -153.7
D   63.1   58.2  121.1  176.4  -49.2    nan  1.179   81.2  3.812  4.659   30.5   12.7
V  -88.1  110.1  100.7  175.9  172.5  -66.5  0.926   99.4  3.755  6.104  158.8  142.0
K  -84.5  116.9  113.6 -179.5  -85.6    nan  1.065  108.2  3.840  6.080 -152.8 -153.2
W -102.7  153.0  104.0  177.2  -54.3    nan  0.940  107.6  3.799  5.903 -157.1 -174.0
N   28.7   15.1  120.9  179.2   66.3    nan  1.198  141.4  3.856  4.894    2.0   -6.0
D   63.2   39.5  113.1 -180.0  -59.6    nan  1.078   97.2  3.863  5.519  -97.3 -108.2
G -173.6   11.1  112.3  179.2    nan    nan    nan   14.8  3.820    nan    nan   43.1
L -150.7  107.4  107.6 -178.7 -170.6    nan  0.976  113.7  3.812    nan    nan   43.5
R -107.0  150.3  109.4  179.2   16.5    nan  1.046  114.3  3.813  6.027  177.4  178.6
S -141.0  152.0  113.2 -177.7  -56.3    nan  1.020  143.3  3.779  5.568 -163.6 -170.3
N -123.9  141.3  104.5  176.7  -60.1    nan  0.954  124.4  3.793  5.640 -149.9 -156.5
F -130.6  139.6  105.1  178.8  -58.1    nan  0.974  128.6  3.785  5.687 -168.4 -171.6
S -163.2  160.1  119.4  179.4   59.8    nan  1.142  161.5  3.847  5.603  152.9  154.2
L -122.7  119.2  105.7  177.8  169.7    nan  0.954  117.5  3.786  5.432 -133.9 -146.8
Y -118.9  133.9  109.6  178.0  -84.9    nan  1.028  123.1  3.814  5.909  178.9  177.5
G -112.7  138.8  112.3  178.7    nan    nan    nan  121.4  3.801    nan    nan -161.2
R -135.0  172.5  108.7  178.6  -53.3    nan  1.012  137.0  3.809    nan    nan  178.6
N -123.8  148.9  110.7 -179.6  -74.2    nan  1.001  128.9  3.796  5.390 -129.6 -126.9
F -120.0  144.2  106.6  176.3  -76.3    nan  0.970  123.4  3.818  5.701 -150.2 -154.8
G   77.9 -167.6  115.2  179.2    nan    nan    nan   83.4  3.804    nan    nan   29.4
D  -78.7  110.1  111.8 -178.4 -176.9    nan  1.044  105.9  3.807    nan    nan  -56.9
I  -57.1  -18.6  113.3 -179.2 -160.6   75.9  1.124  114.1  3.830  6.053 -124.2 -131.5
D  -89.3  -33.1  113.5  178.8  -67.6    nan  1.101   78.0  3.859  5.577   59.8   78.9
D  -87.8  104.4  109.0  178.8 -169.0    nan  1.005  107.8  3.847  5.343   52.0   65.7
S  -57.1  -29.6  117.1 -179.3   51.6    nan  1.138  106.4  3.829  6.043 -131.9 -134.9
S  -86.9  -10.7  114.2  179.8   53.2    nan  1.090   88.7  3.853  5.395   53.9   72.9
N -123.1   34.6  108.6  179.0 -175.5    nan  1.018   72.6  3.831  5.281   34.1   51.4
S -134.7  130.3  111.4 -179.6 -178.8    nan  1.030  130.7  3.826  5.598   69.3   83.7
V -140.4  145.1  112.9 -179.7  153.5  -83.5  1.086  140.7  3.810  5.712  169.0  166.9
Q  -94.7  129.2  109.9  178.8  -71.0    nan  1.030  108.3  3.824  5.745 -124.4 -132.6
N -109.7  120.3  109.8  178.6  179.3    nan  1.023  116.5  3.789  5.820 -157.7 -163.4
Y -105.8  142.8  113.5 -179.1  -72.9    nan  1.096  116.6  3.767  5.843 -166.5 -166.1
I -127.9  125.5  113.6 -178.3  -47.2 -169.9  1.071  127.9  3.768  5.669 -158.8 -168.0
L -108.9  127.0  105.1  178.7 -110.3    nan  0.966  113.1  3.786  5.832 -155.4 -170.9
T -142.3  137.4  116.2 -177.0  147.9   24.8  1.157  139.9  3.750  5.664  159.3  166.6
M -121.6  127.3  105.6  177.4   61.7    nan  1.025  119.9  3.794  5.792 -157.8 -172.3
N -124.1  120.8  106.8 -176.7 -155.2    nan  0.968  119.5  3.780  5.803 -167.0 -177.4
H -117.0  136.4  111.9 -178.7  -50.9    nan  1.023  123.9  3.783  5.897 -174.2 -176.8
F -123.3  128.2  110.1  178.8  -59.1    nan  1.023  124.4  3.771  5.697 -165.0 -171.3
A -132.5   86.0  107.7 -179.6    nan    nan  0.997  100.2  3.806  5.780  179.9  171.7
G   71.2 -126.0  108.4 -177.9    nan    nan    nan   93.0  3.791    nan    nan  -31.3
P  -79.6  -12.6  114.0  179.9   36.8    nan  0.980   95.1  3.866    nan    nan  -12.3
L  -90.8  141.4  114.3 -178.3 -155.6    nan  1.066  105.6  3.813  5.365   57.1   85.3
Q -134.6  131.9  111.4  178.3  174.2    nan  1.046  131.5  3.789  5.674 -171.4 -177.9
M -129.2  114.4  107.4  178.8 -177.7    nan  1.010  118.2  3.767  5.747 -174.0  178.2
M -113.4  132.0  111.4  179.0 -177.9    nan  1.025  121.0  3.760  5.851 -175.0  178.1
V -134.0  123.5  111.6  179.1  176.3  -61.3  1.026  127.2  3.831  5.811 -179.9  174.8
S -125.5  143.1  114.4  179.2  -51.9    nan  1.045  131.8  3.832  5.835 -179.4  175.6
G -114.7  124.1  107.0  176.8    nan    nan    nan  117.0  3.802    nan    nan -157.0
L -114.5  149.6  114.7  179.6    2.8    nan  1.143  123.4  3.826    nan    nan -168.2
R -154.9  123.8  116.1 -179.8 -179.0    nan  1.090  131.2  3.803  5.505 -179.0  172.1
A -125.1   99.7  105.9  179.1    nan    nan  0.974  108.5  3.819  5.812 -174.4  171.4
K  -62.8  125.7  114.9 -178.0 -172.3    nan  1.097   92.1  3.779  6.019 -142.2 -142.4
D   60.2   40.0  114.9  179.3  -65.1    nan  1.115   98.4  3.820  4.905   17.9  -10.5
N  -65.6  -38.9  107.4  178.2  178.3    nan  0.989   98.7  3.754  6.094  156.4  152.3
D  -68.9   -8.2  114.3 -179.2   58.4    nan  1.105  107.6  3.851  5.310   58.2   80.0
E -109.3   19.8  115.5  179.9  -79.8    nan  1.108   80.0  3.793  5.346   48.4   70.9
R  -76.5  119.0  109.5  179.3  -81.6    nan  1.021   99.8  3.799  5.990  118.1  125.5
K  -97.4  133.7  108.5  179.1  -60.0    nan  1.004  108.5  3.794  5.928 -154.2 -161.4
D  -71.5 -179.0  109.8  178.3   53.6    nan  1.069   71.2  3.786  5.772 -117.3 -121.0
S  -54.3  -30.2  115.4 -179.8   42.7    nan  1.117  109.2  3.832  5.095  -50.5  -48.5
N  -71.2  -43.6  112.8  179.7  -87.3    nan  1.049   88.9  3.851  5.526   72.9   86.2
G  129.9   -0.2  111.5 -179.4    nan    nan    nan   50.1  3.797    nan    nan  -95.4
N  -93.0  160.0  111.2  179.7  -50.1    nan  1.034  100.0  3.806    nan    nan   92.2
L  -65.7  128.3  109.7  179.2  -68.6    nan  1.025   89.3  3.792  5.357  -80.9  -86.8
A  -62.3  -38.8  108.6  179.4    nan    nan  1.031  100.6  3.812  5.775 -107.7 -118.7
K -135.9  -65.0  113.6  179.0 -113.2    nan  1.084   56.3  3.835  4.905  -10.3   12.9
G   96.2  -45.6  114.1  178.5    nan    nan    nan  102.4  3.799    nan    nan -151.8
D -106.4   21.1  109.8  177.9   76.6    nan  1.085   81.6  3.800    nan    nan   36.7
A  -76.9  150.9  109.6  179.3    nan    nan  1.024   87.7  3.842  6.051  117.7  127.0
A  -79.2  150.0  113.8 -179.3    nan    nan  1.085   92.0  3.837  5.602 -106.7 -107.9
N -107.2  -17.5  110.6  178.6  -60.8    nan  1.035   67.5  3.827  5.656 -133.4 -139.6
T -136.2  169.8  112.2 -179.8   65.2  -56.4  1.079  139.2  3.809  5.028   10.5   33.5
G -161.3  163.7  112.5  179.7    nan    nan    nan  160.7  3.784    nan    nan -170.8
V -136.1  142.9  106.3  178.7  144.5  -95.8  1.018  133.8  3.777    nan    nan -153.5
H -145.5  147.6  110.2 -179.0 -175.2    nan  1.007  143.2  3.801  5.674 -177.4  176.2
A -150.8  150.7  111.1  178.7    nan    nan  1.053  147.9  3.806  5.618  174.6  174.2
L -138.4  134.1  109.1  179.9  169.5    nan  1.027  132.5  3.797  5.613 -165.2 -169.6
L -121.5  115.6  103.9  177.8 -125.5    nan  0.950  114.2  3.766  5.766 -162.7 -172.4
G -126.6  154.5  117.7 -178.8    nan    nan    nan  134.3  3.794    nan    nan  172.8
L -129.8  111.3  109.7 -179.5 -115.1    nan  0.990  118.3  3.793    nan    nan -158.6
H -104.8  101.7  110.1 -179.2  -58.2    nan  1.030  112.1  3.797  5.945 -173.1 -175.2
N  -93.3  159.0  113.8 -179.5  -65.5    nan  1.071  101.4  3.814  6.072 -168.6 -173.0
D -107.7   17.0  109.9 -179.8 -118.5    nan  1.002   78.7  3.763  5.378 -122.4 -130.3
S -148.5  160.2  106.5  178.9   62.2    nan  0.978  148.5  3.772  5.244   35.3   50.0
F  -71.0   89.7  107.1  178.8 -178.0    nan  0.978  106.2  3.770  5.348  -86.1  -91.7
Y   50.7   31.4  113.2  179.6  -58.3    nan  1.084  112.5  3.847  5.287  -34.4  -49.8
G   66.5   23.8  118.3  179.6    nan    nan    nan  100.9  3.801    nan    nan  -91.3
L -133.8    4.5  113.8  178.9  -12.2    nan  1.077   48.2  3.814    nan    nan   74.3
R -169.4  160.4  108.8 -178.1  174.9    nan  0.982  161.1  3.760  4.772    9.9   17.3
D  -63.1  147.4  108.1  179.5  -70.9    nan  1.007   76.6  3.779  5.471  -79.8  -82.9
G  141.7 -144.3  111.3  178.9    nan    nan    nan  140.3  3.786    nan    nan   97.6
S -159.2  159.9  107.4 -179.5   62.6    nan  0.982  156.1  3.758    nan    nan -113.2
S -161.5  157.0  110.4 -179.7   60.6    nan  1.040  156.4  3.740  5.398  177.6  177.1
K -144.3  136.1  107.7  179.5  -72.8    nan  0.992  135.1  3.799  5.602 -163.1 -169.3
T -133.3  135.2  107.2  178.6  -58.5 -177.6  1.019  129.7  3.762  5.701 -177.1  178.9
A -140.7  137.5  111.4 -179.0    nan    nan  1.055  136.6  3.797  5.717  177.0  173.0
L -113.6  115.5  105.6  179.6 -177.6    nan  0.969  113.2  3.780  5.711 -147.9 -162.3
L -111.7  141.6  113.1 -178.6  -57.0    nan  1.070  121.1  3.806  5.974 -177.0 -175.4
Y -138.9  138.3  111.7  178.7  171.0    nan  1.055  136.4  3.768  5.651 -174.4  178.2
G -148.7  145.1  113.6  179.4    nan    nan    nan  145.1  3.771    nan    nan  166.5
H -136.0  142.3  110.6  179.2 -163.7    nan  1.044  135.9  3.779    nan    nan -174.1
G   68.7 -131.3  107.0 -179.0    nan    nan    nan   88.0  3.804    nan    nan   20.7
L  -63.3  -18.6  111.8  178.0  -76.0    nan  1.039  108.7  3.811    nan    nan   -4.6
G  -84.0   -6.4  111.0  179.3    nan    nan    nan   93.7  3.821    nan    nan   83.5
A  -60.7  -18.6  115.0 -179.5    nan    nan  1.138  110.2  3.821    nan    nan  118.7
E  -94.6   96.9  100.8  174.0  166.6    nan  0.955  101.2  3.845  5.614   58.2   67.2
V  -74.1  -11.8  121.7 -174.7  -52.6   70.2  1.209   99.5  3.834  6.132 -160.4 -150.4
K  -96.3  -69.4  109.5  178.7 -174.8    nan  1.045   69.6  3.817  5.583   65.8   78.0
G  -82.5   85.7  108.1  179.2    nan    nan    nan  108.4  3.819    nan    nan   37.4
I  -54.5  123.8  113.1 -178.3  -58.7  179.6  1.055   86.7  3.794    nan    nan -149.2
G   71.5   18.5  115.6  177.1    nan    nan    nan   99.9  3.792    nan    nan   -2.4
S  -99.7   -1.0  114.9 -179.1   74.5    nan  1.049   79.9  3.750    nan    nan  104.4
D -120.4  108.6  111.2 -178.4 -161.0    nan  1.056  117.2  3.837  5.305   43.9   67.1
G  -86.2   -9.4  116.9 -178.8    nan    nan    nan   89.5  3.801    nan    nan -158.2
A  -91.3   -0.8  116.4 -179.6    nan    nan  1.112   88.3  3.819    nan    nan   87.6
L  -69.3  136.7  114.3 -178.9  -61.7    nan  1.088   90.4  3.853  5.848  101.9  116.3
R  -76.3  164.5  109.2  179.6  -61.2    nan  1.024   81.7  3.811  5.710 -111.8 -124.3
P  -62.0  -31.4  112.6 -179.9  -32.0    nan  0.981  102.9  3.820  5.192  -70.9  -75.8
G  -94.2    5.8  115.4 -179.3    nan    nan    nan   88.3  3.800    nan    nan   64.7
A  -56.5  126.9  107.0  178.5    nan    nan  0.994   82.2  3.824    nan    nan  130.3
D -128.8  124.9  110.9 -176.5 -163.2    nan  1.008  125.9  3.816  5.793 -176.4  178.0
T -133.0  136.6  117.1 -178.3  -56.7 -175.7  1.101  136.5  3.828  5.866  170.5  172.1
W -125.1  136.9  106.0  176.6  -82.7    nan  0.966  125.0  3.824  5.740 -160.8 -177.6
R -145.8  146.0  111.9  179.8 -178.2    nan  1.045  143.4  3.778  5.610  170.4  170.0
I -127.4  127.2  109.7  177.4 -177.6   61.0  1.109  125.5  3.781  5.716 -167.2 -164.6
A -121.5  133.6  105.8  179.2    nan    nan  0.965  121.9  3.800  5.835 -161.1 -180.0
S -157.4  143.4  109.9  179.8 -168.2    nan  1.007  145.0  3.784  5.610  157.6  153.1
Y -161.3  164.0  109.6  177.4   79.1    nan  1.042  160.1  3.787  5.557  160.4  157.0
G -151.1  158.4  111.1  179.7    nan    nan    nan  151.4  3.785    nan    nan -166.4
T -128.5  131.0  106.1 -179.9 -106.2  131.9  0.984  124.9  3.774    nan    nan -151.0
T -158.9  134.0  115.0  179.5 -172.2   67.2  1.097  139.2  3.795  5.670  150.2  149.4
P  -82.4  121.6  110.0  179.3   32.3    nan  0.965  102.7  3.854  5.646 -118.6 -133.4
L  -79.2  -35.1  111.4 -179.9 -106.3    nan  1.024   87.0  3.828  5.975 -136.2 -141.9
S -158.7  174.4  104.9  177.8   71.1    nan  1.032  159.5  3.799  4.809  -30.3  -10.4
E  -63.7    0.2  113.1 -179.6   83.6    nan  1.092  116.4  3.857  5.401  -67.1  -65.0
N -129.1  -21.9  114.4 -179.3   55.5    nan  1.121   45.2  3.836  5.280   34.9   58.0
W -110.6  137.2  113.3  178.1  -81.1    nan  1.075  120.7  3.861  5.403   34.2   55.1
S -133.6  139.9  106.9  178.6  -75.7    nan  0.991  131.5  3.837  5.740 -170.5  178.1
V -130.2  140.5  112.3 -179.1   61.5 -177.7  1.111  133.0  3.792  5.750 -174.4 -169.6
A -137.1  100.9  111.9 -179.8    nan    nan  1.049  112.8  3.775  5.695 -169.2  179.8
P  -91.3  152.0  107.4  179.3   38.5    nan  0.911   99.2  3.822  5.897 -160.2 -175.6
A -153.7  141.2  110.5 -179.5    nan    nan  1.030  142.7  3.824  5.671  171.6  177.2
M -134.9  140.7  110.7  178.1   87.5    nan  1.060  134.8  3.771  5.683 -175.7 -175.9
L -137.9  118.8  105.3  179.9 -133.3    nan  0.945  120.8  3.813  5.699 -167.0  177.6
A -135.0  143.2  109.0 -179.4    nan    nan  1.016  134.8  3.810  5.830  162.7  162.6
Q -145.0  149.4  115.7 -179.8 -176.4    nan  1.095  146.3  3.807  5.658  177.7  177.3
R -133.4  112.7  105.6 -179.5  178.6    nan  0.927  116.4  3.786  5.526 -152.4 -169.9
S -129.3  116.9  111.8 -179.5 -152.7    nan  1.040  122.9  3.777  5.812  159.9  162.6
K -111.7  149.2  112.0 -179.6  -73.6    nan  1.004  119.7  3.831  5.911 -166.5 -179.4
D   47.8   40.3  112.3  178.8  -53.0    nan  1.069  109.3  3.853  4.775   24.1    5.9
R  -68.8  -63.4  115.2 -178.0 -159.5    nan  1.099   78.9  3.780  6.038  145.0  154.9
Y -117.5  -26.5  112.6 -179.6  -52.7    nan  1.043   55.6  3.882  4.899   -8.8   12.2
A -128.9  145.9  107.8  178.8    nan    nan  0.998  130.8  3.789  4.937   13.2   30.8
D  -60.3  130.3  110.0  179.1 -164.4    nan  1.035   84.6  3.811  5.551  -89.2  -97.4
G   78.6    6.4  116.0 -179.7    nan    nan    nan   98.5  3.785    nan    nan   14.4
D  -77.9  168.7  111.2  179.0   75.0    nan  1.115   82.2  3.804    nan    nan  112.9
S -159.3  133.4  110.0 -178.9  153.5    nan  1.026  136.9  3.787  5.403 -163.7 -170.2
Y -130.3  114.6  107.4  179.0  -66.0    nan  0.990  118.5  3.796  5.811 -172.9  178.8
Q -130.2  133.5  110.1  178.7  -73.9    nan  1.021  129.4  3.802  5.873  165.7  161.5
W -160.3  159.7  111.1  178.1   50.5    nan  1.076  157.7  3.768  5.526  151.9  147.3
A -148.4  127.8  107.6  179.4    nan    nan  1.016  130.4  3.787  5.554 -165.7 -169.7
T -111.3  136.8  110.5  179.4  -74.3  164.8  1.044  119.2  3.775  5.912 -160.1 -166.4
F -124.2  119.6  105.7  176.9  175.2    nan  1.008  118.1  3.782  5.813 -165.2 -173.2
N -119.0  143.4  109.6  178.8 -162.1    nan  1.015  124.4  3.812  5.936 -175.3  178.9
L -140.1  108.5  109.8 -179.0 -166.1    nan  1.012  116.7  3.778  5.578 -174.5 -177.9
R -102.6  136.2  109.6  178.8 -160.6    nan  1.035  112.6  3.839  6.076 -174.2 -177.4
L -135.3  129.6  109.8 -179.1  -71.1    nan  0.969  129.5  3.839  5.781 -170.0  178.7
I -117.7  147.3  108.5  177.1   -7.5 -133.7  1.011  122.8  3.818  5.919 -170.4 -171.4
Q -134.2  109.3  108.8  178.8  166.0    nan  1.014  116.6  3.761  5.550 -165.0 -168.5
A  -70.6  130.7  107.7  178.5    nan    nan  1.006   90.0  3.779  5.951 -134.6 -146.8
I -111.9  -39.1  107.7  178.2  -78.7  157.5  1.039   62.1  3.799  5.867 -161.4 -165.3
N -128.7 -160.0  106.3  179.1  -69.1    nan  0.901  120.8  3.844  5.074    9.5   17.4
Q  -93.0  -17.3  105.6  177.0  175.5    nan  0.947   82.5  3.764  4.707  -77.1  -66.4
N -121.6  -19.3  116.1 -179.4  -52.0    nan  1.064   51.7  3.826  5.083   22.9   49.0
F -116.0  131.1  113.0 -175.5 -177.3    nan  1.041  123.6  3.839  5.066   36.1   56.8
A -138.6  158.0  109.3  179.9    nan    nan  1.014  141.0  3.783  5.741  175.6  167.6
L -113.1  115.4  106.5  178.4  -70.5    nan  0.994  113.9  3.779  5.549 -134.0 -135.9
A -105.6  144.1  109.5 -179.5    nan    nan  1.026  113.9  3.778  5.909 -167.7 -171.3
Y -134.7  147.9  108.2  179.9  -47.0    nan  0.976  135.6  3.799  5.693 -163.9 -173.9
E -146.6  137.3  111.1  178.5  178.6    nan  1.067  138.4  3.805  5.599  176.7  179.9
G -132.1  128.0  108.7 -179.7    nan    nan    nan  126.9  3.751    nan    nan -177.9
S -121.2  139.8  110.6  179.4  -61.9    nan  1.021  126.1  3.787    nan    nan -175.3
Y -135.6  134.5  107.0  177.9  172.7    nan  1.022  130.3  3.772  5.685 -175.8  179.6
Q -144.5  130.0  113.1  180.0 -177.3    nan  1.052  134.2  3.763  5.670  173.2  168.7
Y -112.0  145.9  104.9  177.3 -178.4    nan  0.980  116.4  3.758  5.790 -158.6 -168.7
M -152.6  145.6  110.7  179.1   66.6    nan  1.046  145.6  3.807  5.637  172.8  172.0
D -139.9  101.2  103.4  179.7 -168.7    nan  0.922  107.1  3.789  5.614 -163.9  179.5
L -114.0  124.7  113.4 -177.1  -40.0    nan  1.054  122.0  3.780  5.925  165.0  170.1
K -122.3   85.4  107.8  178.4  -67.6    nan  1.043  102.4  3.795  5.854 -177.5  176.0
P  -71.3  -14.7  118.0 -179.7   34.0    nan  1.037  101.3  3.878  6.065 -158.3 -166.8
E   51.4   48.7  113.2 -179.7  -65.6    nan  1.099  100.5  3.847  5.650 -153.8 -145.3
G   80.8  -15.5  118.8  178.4    nan    nan    nan  106.3  3.790    nan    nan  -64.1
Y  -56.2  123.7  113.6  178.7 -172.3    nan  1.051   88.2  3.838    nan    nan  113.2
N   64.5   18.4  116.3  178.8 -120.6    nan  1.078  106.4  3.836  4.774   17.9   -8.0
D   69.5   23.6  112.8 -178.8  -74.7    nan  1.089  100.1  3.842  5.454  -96.1  -97.7
R  -84.5  144.2  108.7  179.8  -56.7    nan  1.000   96.2  3.785  5.950  114.6  121.7
Q -109.8  140.1  108.1  178.1  -68.5    nan  1.018  116.6  3.782  5.709 -146.7 -147.5
A  -54.7  133.7  110.0  179.5    nan    nan  1.044   78.6  3.822  5.616  -87.9  -97.9
V -145.1  158.0  113.1 -177.9   91.4 -143.5  1.063  147.6  3.781  5.648  172.3  167.0
N -154.9  141.2  109.8  179.2   80.3    nan  1.070  142.8  3.785  5.524 -178.3 -179.2
G  162.6 -172.2  110.8 -178.9    nan    nan    nan  163.7  3.774    nan    nan  114.0
S -125.7  154.3  115.6 -178.8   55.7    nan  1.109  132.7  3.772    nan    nan -108.4
F -125.2  140.6  108.6  179.8 -173.5    nan  0.991  127.7  3.832  5.587 -143.3 -154.5
Y -131.0  148.7  111.5 -178.8  -47.5    nan  1.003  134.8  3.856  5.817 -166.0 -171.8
K -146.1  130.6  111.3  177.6 -172.2    nan  1.057  134.0  3.801  5.571  179.3  179.6
L -126.4  128.1  106.3  178.2  -72.0    nan  0.982  122.9  3.793  5.787 -170.4  179.2
T -134.4  136.4  111.9 -179.4  -53.5 -173.2  1.042  133.7  3.789  5.794  175.0  173.0
F -120.6  119.6  104.0  177.7  169.8    nan  0.957  115.6  3.793  5.748 -159.2 -170.9
A -133.2   96.7  119.2 -176.9    nan    nan  1.140  115.7  3.804  5.801  163.0  170.3
P  -58.9  135.1  105.2  178.7  -39.1    nan  0.889   78.0  3.817  5.874 -126.6 -151.0
T -130.3  138.8  114.2 -176.2  -57.3 -179.1  1.032  133.8  3.825  5.850 -178.9 -173.1
F -118.5  141.4  108.9  179.0  -69.1    nan  0.976  123.4  3.799  5.739 -154.5 -164.9
K -166.1  173.7  107.2  179.6   49.5    nan  0.997  166.6  3.781  5.492  156.8  149.4
V -111.4  -27.0  108.8  178.1  -58.2   64.8  1.045   62.5  3.788  5.486 -122.9 -113.8
G  -71.6 -175.8  117.9 -179.7    nan    nan    nan   69.7  3.805    nan    nan   89.6
S  -65.9  110.3  112.5 -179.3 -176.4    nan  1.057  100.8  3.802    nan    nan  -55.5
I  -58.2  -39.8  114.2  179.9  -57.9  178.4  1.102  100.5  3.787  5.898 -122.9 -133.2
G  -66.3  -11.5  113.8  180.0    nan    nan    nan  108.6  3.821    nan    nan   82.6
D  -94.9  118.2  109.1  178.9 -174.1    nan  1.010  109.1  3.811    nan    nan   78.6
F  -71.1  -13.9  112.5 -179.4  -79.5    nan  1.054  103.2  3.797  5.896 -128.1 -135.5
F -107.0   -1.6  119.3 -177.4  -59.0    nan  1.195   72.2  3.794  5.182   38.5   71.0
S  -72.5  124.9  101.9  177.3   57.8    nan  0.957   89.4  3.834  5.937  104.5  106.4
R -100.4  -39.0  133.3 -171.3 -107.9    nan  1.395   55.6  3.751  5.864 -171.0 -135.6
P  -51.6  110.2  110.9 -179.3  -30.0    nan  0.999   92.8  3.731  5.545  104.4  100.5
E -150.1  136.5  115.2  179.0  102.9    nan  1.221  140.8  3.772  5.672  125.5  136.9
I -113.7  129.6  107.7 -179.8  -75.0  160.0  0.990  118.0  3.751  5.671 -138.8 -164.3
R -132.7  147.5  114.5  179.7   57.4    nan  1.161  137.4  3.760  5.726  167.6  177.9
F -111.9  150.5  101.8  176.9  -64.4    nan  0.935  114.7  3.808  5.659 -131.1 -152.3
Y -163.5  166.8  117.5 -177.8   48.1    nan  1.089  164.5  3.790  5.476  164.8  168.7
T -143.3  137.3  105.7  178.2  -57.4 -175.9  0.969  134.4  3.763  5.456 -152.0 -158.1
S -130.1  154.5  110.6  178.1  -61.2    nan  1.026  134.2  3.758  5.689 -173.2 -173.7
W -126.1  131.6  103.1  177.0  150.2    nan  0.936  121.9  3.767  5.524 -146.6 -156.7
M -135.5  136.1  111.1  178.6  -74.3    nan  1.020  133.5  3.807  5.807  175.9  174.7
D -145.0  164.6  109.3  176.6 -152.3    nan  1.042  147.1  3.820  5.684  169.7  165.1
W -167.5  162.4  112.2 -179.5   62.1    nan  1.040  162.8  3.838  5.470 -179.7  176.0
S  -63.8  126.0  108.0  177.5  -66.8    nan  0.991   88.0  3.817  5.293  -75.2  -83.6
K  -50.1  -32.9  114.7 -179.0   60.9    nan  1.081  111.4  3.847  5.785  -97.7 -107.1
K  -55.0  -32.2  115.0 -179.6 -167.4    nan  1.104  107.5  3.808  5.500   85.2  100.2
L  -61.9  -19.7  112.9 -179.2  -52.2    nan  1.067  109.1  3.870  5.518   80.0   93.9
N  -63.2  -27.3  109.7  178.4  -68.9    nan  1.014  105.2  3.792  5.631   90.4  101.1
N  -82.9   -4.4  120.4 -177.5  -59.7    nan  1.146   94.9  3.835  5.276   55.6   81.2
Y  -58.1  -46.2  111.4 -178.7  179.4    nan  1.047   98.2  3.816  5.838  114.8  123.1
A -144.2  164.4  107.0  179.5    nan    nan  0.996  145.8  3.773  4.739  -20.8   -3.0
S  -99.4  -19.4  111.3 -179.9   50.9    nan  1.063   74.2  3.785  5.499 -117.8 -111.5
D -107.3   23.8  109.3  178.7   48.9    nan  1.028   81.7  3.825  5.304   40.1   59.2
D  -77.5  178.6  109.8 -178.8 -132.8    nan  0.915   78.0  3.822  5.931  125.0  129.4
A  -89.0  -50.0  106.4  177.1    nan    nan  0.987   78.2  3.776  5.208  -97.6  -87.8
L  -72.1  109.1  110.2  180.0  -57.8    nan  1.052  102.1  3.818  5.189   47.1   65.1
G  112.2   -7.3  113.6  179.7    nan    nan    nan   70.8  3.774    nan    nan   25.4
S  -70.5  179.9  108.7  179.4   63.3    nan  1.011   70.5  3.823    nan    nan  106.6
D  -67.2  109.5  115.1 -178.6 -159.4    nan  1.108  103.9  3.803  5.193  -68.6  -60.7
G   94.0   13.2  115.1  179.1    nan    nan    nan   80.6  3.796    nan    nan    5.1
F -149.0   55.1  107.2  179.4 -153.9    nan  1.000   68.6  3.788    nan    nan   46.3
N -133.4  -19.9  113.1 -179.2   52.4    nan  1.098   42.0  3.794  5.724   89.8  105.2
S  -65.0 -171.3  111.0 -179.4  -64.8    nan  1.029   62.2  3.818  5.682   91.0  101.4
G  -71.8  -97.3  108.3  177.9    nan    nan    nan   70.4  3.773    nan    nan  -57.8
G  -70.9  133.5  118.4 -179.3    nan    nan    nan   95.8  3.793    nan    nan   26.1
E -125.5  124.5  107.5  178.7  -64.7    nan  1.008  122.1  3.801    nan    nan -179.9
W -104.6  143.6  111.5  179.6  -73.8    nan  1.035  114.4  3.810  5.905 -156.3 -162.2
S -142.3  151.5  111.1  177.3   60.6    nan  1.092  143.2  3.810  5.653  176.9  178.0
F -139.6  158.2  107.5 -178.6  -49.3    nan  0.962  141.2  3.808  5.603 -156.9 -170.0
G  171.5 -178.2  112.8  177.9    nan    nan    nan  172.0  3.754    nan    nan  143.6
V -138.1  147.5  105.8  178.7 -160.1  -37.1  0.944  136.5  3.760    nan    nan -132.7
Q -159.9  158.5  113.0  177.1   88.1    nan  1.073  157.3  3.822  5.539  162.7  164.8
M -118.2  160.5  104.9  175.5   73.4    nan  0.995  121.4  3.770  5.541 -140.6 -141.5
E -154.7  130.6  110.7  176.6  177.3    nan  1.045  134.7  3.799  5.575 -175.8 -175.9
T -148.1  173.4  112.9  176.3   32.4  -93.9  1.034  150.1  3.831  5.832  166.0  157.6
W -168.3  144.8  104.6  176.5   64.3    nan  1.063  146.1  3.698  5.082  179.7 -176.9
F -161.3    nan  108.3 -175.8   46.5    nan  0.956    nan  3.793  5.601 -179.5  160.9
