Id   phi    psi    tau  omega    chi    chi2  solid    eta  CA-CA  CB-CB  BA^AB  NA^AC
S    nan -148.3  112.2    nan   57.3    nan  1.091    nan    nan    nan    nan    nan
G -129.6 -113.0  119.6 -178.6    nan    nan    nan   84.2  3.806    nan    nan  -81.4
F  -92.6  143.6  115.6 -176.9  169.8    nan  1.063  107.0  3.774    nan    nan   -2.8
E -140.3  138.2  107.9  177.3  -73.2    nan  1.014  134.7  3.778  5.652 -175.6  176.9
F -119.0  117.7  105.9  179.9  170.1    nan  0.992  116.0  3.754  5.694 -157.3 -163.8
H -127.7  167.4  108.5 -179.9  -64.2    nan  0.998  130.7  3.796  5.900  174.1  167.7
G  170.2 -173.7  117.6  179.8    nan    nan    nan  171.1  3.787    nan    nan  152.8
Y -144.7  148.5  108.4  179.9  170.2    nan  0.986  142.3  3.784    nan    nan -132.8
A -162.1  131.7  110.0  179.0    nan    nan  1.031  135.3  3.788  5.492  165.0  163.3
R -127.6  146.3  100.4  178.5   89.0    nan  0.918  125.9  3.783  5.792 -169.2  178.2
S -171.2  131.1  107.7  179.8 -180.0    nan  1.015  133.2  3.772  5.482  153.5  153.0
G  180.0 -173.7  112.6 -179.0    nan    nan    nan  173.7  3.717    nan    nan  124.0
V -118.9  145.5  114.3 -176.6  155.4  -81.8  1.030  127.1  3.778    nan    nan -103.9
I -140.4  128.2  105.5  176.1  -53.9 -170.8  0.993  127.6  3.808  5.799 -175.6  179.0
M -137.8  156.4  108.0  179.2   69.6    nan  0.978  139.7  3.811  5.773  177.1  167.3
N  -87.8 -177.0  110.2  177.9   63.2    nan  1.084   86.7  3.798  5.566 -116.7 -111.7
D  -65.1    0.2  116.0 -177.7   52.1    nan  1.144  115.0  3.800  5.115  -61.2  -54.6
S -113.6    5.7  112.8  178.9  -52.0    nan  1.062   68.8  3.830  5.530   55.9   72.9
G   74.6   33.9  110.7 -179.4    nan    nan    nan   91.7  3.806    nan    nan -104.6
A -136.7  171.9  111.6  179.7    nan    nan  1.067  139.2  3.806    nan    nan   80.1
S  -63.8  149.7  117.3 -178.0   40.7    nan  1.111   80.0  3.820  5.214  -68.4  -67.3
T -140.1 -177.6  106.8  177.5   25.0  -99.9  0.975  139.3  3.807  5.657 -163.2 -176.6
K  -95.5  147.1  106.0  178.7  -55.7    nan  0.983  103.3  3.785  5.152  -93.3  -88.8
S -159.4  163.5  106.6  178.0   63.5    nan  1.023  157.9  3.789  5.582  165.9  164.2
G  137.3  147.2  111.7  179.3    nan    nan    nan  118.9  3.784    nan    nan  111.8
A  -67.4  -16.6  110.8  179.5    nan    nan  1.027  105.9  3.777    nan    nan -103.1
Y -118.0   24.9  116.1 -178.0  -62.6    nan  1.103   74.7  3.815  5.120   28.8   55.9
I  -71.6  -25.4  118.4 -178.0   59.9  -70.6  1.164   95.3  3.813  6.079  122.9  139.8
T  -71.8  159.5  110.8 -179.7   71.6  -48.7  1.031   79.9  3.787  5.582   83.9   90.9
P  -52.4  -35.3  109.3  179.1  -34.4    nan  0.933  110.2  3.828  5.115  -62.9  -74.6
A  -62.8  -27.6  111.1  179.9    nan    nan  1.036  104.9  3.841  5.330   64.8   88.0
G  -53.2  -29.5  115.5 -179.9    nan    nan    nan  110.6  3.793    nan    nan  105.4
E  -68.2  -24.4  114.5 -179.1  -53.6    nan  1.075  100.3  3.820    nan    nan   91.2
T -111.2   16.0  110.9  179.4   45.4  -73.8  1.103   75.1  3.813  5.185   27.5   52.2
G  106.8   -3.2  117.8  177.2    nan    nan    nan   74.8  3.828    nan    nan  -68.7
G  -67.7   68.9  118.0 -177.6    nan    nan    nan  122.8  3.803    nan    nan  117.9
A  -67.4  150.1  113.1 -179.2    nan    nan  1.066   81.2  3.817    nan    nan  178.5
I -126.5  178.8  108.3  177.5   56.7  -69.0  1.030  126.9  3.831  5.719 -155.5 -159.6
G  -51.4  141.1  113.6 -179.4    nan    nan    nan   73.3  3.799    nan    nan  -48.4
R -103.1   -9.4  116.8 -178.9   70.0    nan  1.106   72.8  3.788    nan    nan -141.2
L  -64.5  125.6  110.0 -178.4 -130.5    nan  1.033   90.0  3.814  5.759  101.3  112.5
G   61.4   16.2  111.2 -179.5    nan    nan    nan  111.8  3.790    nan    nan   -5.3
N -124.9   26.5  113.4 -177.5 -163.7    nan  1.066   68.4  3.804    nan    nan   78.1
Q -140.2  108.3  108.2  177.9  -61.7    nan  1.033  115.5  3.813  5.463   52.8   67.2
A  -99.4    2.7  116.3 -178.0    nan    nan  1.103   81.9  3.833  6.016 -167.5 -170.8
D  -90.1  166.3  113.2 -179.8   56.5    nan  1.050   95.4  3.818  5.699   84.2   99.2
T -111.3   99.7  102.9  178.0  -68.1  171.8  0.967  105.5  3.782  5.442 -123.8 -125.9
Y -108.7  132.8  108.7 -179.0 -175.0    nan  1.003  116.2  3.795  5.999  173.3  171.5
V -137.2  137.6  112.6 -178.6 -179.3  -58.7  1.033  135.9  3.802  5.815  179.0  174.2
E -125.3  120.5  107.9  176.3  -73.0    nan  1.028  120.6  3.821  5.755 -168.4 -174.0
M -110.7  115.4  111.1  179.8  -65.2    nan  1.043  117.1  3.805  5.890 -167.2 -171.5
N -108.7  113.4  110.6  179.9  -55.2    nan  1.030  115.7  3.812  5.945 -169.8 -176.2
L -106.8  119.0  107.3  179.3  -51.1    nan  0.988  112.9  3.850  6.002 -167.3 -178.6
E -120.1  154.5  116.0 -177.7  -54.5    nan  1.075  128.0  3.791  5.869  179.7 -178.6
H -131.6   94.2  105.9  177.0 -179.6    nan  0.990  104.7  3.760  5.520 -155.4 -161.8
K  -92.3  157.8  109.8  179.9  -76.4    nan  1.021   99.6  3.805  6.059 -174.9 -179.4
Q -158.5  133.9  110.7 -178.6  165.2    nan  1.023  137.6  3.828  5.496 -178.2  178.1
T -123.0  122.0  111.4  179.2  -62.7  178.1  1.052  123.2  3.797  5.845 -168.5 -172.0
L  -89.1  151.7  109.4  178.3  -74.8    nan  1.040   98.3  3.764  5.829 -143.3 -152.0
D  -50.7  -31.9  113.2 -179.4   33.4    nan  1.071  112.1  3.810  5.389  -71.3  -81.3
N  -77.8    6.6  114.7 -179.6   60.0    nan  1.111  104.8  3.786  5.314   57.5   79.4
G   92.7  -17.8  115.4 -179.9    nan    nan    nan   95.0  3.803    nan    nan  -88.9
A  -66.5  139.7  110.8  179.5    nan    nan  1.054   84.6  3.826    nan    nan  101.3
T -117.9  153.4  110.5 -179.3   58.9  -63.9  1.031  123.8  3.783  5.787 -152.6 -160.2
T -134.4  133.6  106.4  179.8  -96.5  138.6  0.977  129.0  3.772  5.508 -155.9 -164.6
R -145.6  128.8  115.0 -179.6  179.1    nan  1.058  134.7  3.790  5.709  168.5  167.2
F -123.5  140.9  106.0  177.1  163.7    nan  0.991  124.9  3.786  5.785 -172.5  178.3
K -145.7  142.2  112.3  179.5  165.3    nan  1.038  141.6  3.814  5.661  177.3  173.1
V -128.0  143.5  104.7  177.5 -133.0   -3.5  0.902  127.9  3.835  5.842 -153.7 -172.2
M -125.6  125.0  107.1  175.6  173.0    nan  0.992  122.0  3.764  5.558 -165.6 -164.9
V -117.3  126.5  104.8  178.3  174.9  -64.2  0.973  117.1  3.778  5.819 -169.2 -176.5
A -130.2  159.7  114.0 -179.3    nan    nan  1.063  135.5  3.800  5.788  176.0  177.6
D -154.9  147.5  106.5  178.3  173.3    nan  0.988  145.9  3.772  5.482 -171.9 -178.8
G -139.5  118.6  107.4  178.7    nan    nan    nan  122.3  3.787    nan    nan -173.8
Q -123.2  137.2  113.8 -178.8  -67.0    nan  1.033  129.1  3.838    nan    nan  174.9
T  -92.7  -21.3  109.2  178.0   51.7  -68.3  1.071   80.6  3.829  5.826 -139.0 -139.1
S  -70.3  136.1  110.3  178.2  173.0    nan  0.988   89.1  3.814  5.581   83.6   92.1
Y  -85.0   -6.4  113.3  179.5  -70.3    nan  0.989   92.4  3.853  5.702 -121.3 -133.2
N  -70.1  157.6  116.6 -177.6  -63.5    nan  1.126   81.1  3.821  5.559   87.9  112.0
D  -83.8   -0.1  114.4 -177.7   58.3    nan  1.067   96.2  3.755  5.343  -98.0 -106.7
W -147.6  104.6  107.1  179.4 -178.4    nan  0.991  111.4  3.818  5.104   21.0   35.7
T -116.5   29.1  116.4 -177.6   50.2  -72.0  1.060   78.7  3.814  5.955  172.2  168.6
A  -51.6  -40.7  113.9 -180.0    nan    nan  1.087  105.3  3.812  6.040  150.3  158.3
S  -67.0  -30.2  114.7 -179.5   60.5    nan  1.090   98.3  3.860  5.423   64.5   81.8
T -113.8   16.3  114.5  179.6   51.1  -69.0  1.039   73.7  3.825  5.087   27.7   46.0
S  -62.6  132.0  116.6 -177.5 -169.0    nan  1.113   89.3  3.850  5.920  122.5  139.8
D -110.6   18.5  112.2  179.4  -80.2    nan  1.064   77.2  3.849  5.871 -154.7 -163.0
L  -51.2  117.8  109.2 -179.7 -135.0    nan  0.997   86.2  3.815  6.034  144.0  148.9
N -153.8  148.4  114.4  179.8   74.7    nan  1.095  149.3  3.786  5.621  140.7  141.4
V  -75.4  106.1  111.3  178.0  175.4  -62.9  1.056  105.5  3.785  5.587 -101.3 -110.7
R  -80.1  -33.7  113.7  178.9  -61.9    nan  1.009   85.6  3.816  5.939 -142.4 -159.2
Q -144.6  152.8  114.5 -178.1  -60.5    nan  1.043  146.6  3.829  4.732   -8.8   11.1
A -167.6   97.8  104.1  178.9    nan    nan  0.986  100.6  3.787  5.438  166.7  159.0
F -145.9  163.6  116.6 -177.2   69.4    nan  1.097  150.0  3.809  5.797  132.2  133.4
V -126.0  146.8  107.3  179.1  175.3  -64.8  0.997  128.6  3.801  5.532 -139.0 -142.9
E -130.6  130.3  107.7  178.1  -81.3    nan  0.991  126.6  3.809  5.689 -160.6 -166.9
L -113.4  104.5  103.3  178.7  -62.2    nan  0.952  107.7  3.797  5.820 -158.4 -168.0
G -108.9  161.1  116.4 -177.9    nan    nan    nan  116.3  3.773    nan    nan -178.9
N   43.3   57.2  113.8  177.6 -175.2    nan  1.057   99.3  3.784    nan    nan   13.9
L  -76.4  131.3  110.9  179.7  -60.0    nan  1.064   96.0  3.817  6.160  155.0  160.4
P  -57.5  -22.7  113.8 -179.7   31.1    nan  0.992  111.4  3.860  5.582  -94.1 -110.2
T  -86.5  -15.2  114.1 -179.0 -110.2  122.9  1.086   87.3  3.792  5.178   49.2   79.3
F  -88.7  117.4  107.3  178.8  -81.0    nan  0.970  104.7  3.815  5.609   67.8   81.2
A -123.5  178.5  111.6  178.7    nan    nan  1.058  124.0  3.798  5.828  170.6  172.5
G   66.5 -134.9  109.6 -179.7    nan    nan    nan   86.4  3.800    nan    nan   60.7
P  -64.5  -16.3  114.3  179.9   26.1    nan  1.027  108.0  3.822    nan    nan   -7.0
F  -92.8    5.2  113.8 -179.5  -60.3    nan  1.055   89.3  3.834  5.412   52.7   79.3
K  -42.2  -71.3  116.8 -178.6 -170.0    nan  1.121   87.2  3.810  5.934  133.1  147.2
G  -98.1   25.0  113.5 -178.4    nan    nan    nan   92.2  3.775    nan    nan   27.2
S  -76.4  153.9  115.0 -177.4   75.0    nan  1.089   88.3  3.791    nan    nan  134.4
T -124.5  127.1  110.8  179.0  158.4   36.8  1.136  125.1  3.801  5.665 -155.8 -152.1
L  -96.0  140.3  108.3 -179.1 -132.2    nan  0.954  106.2  3.825  5.831 -129.3 -154.1
W -142.7  163.2  112.3 -179.9   68.8    nan  1.026  145.9  3.820  5.675  176.1  176.3
A -161.3  155.0  107.5  178.6    nan    nan  1.013  154.1  3.810  5.434 -178.6  179.4
G  117.6 -163.6  111.7 -179.4    nan    nan    nan  122.5  3.795    nan    nan   81.5
K  -99.1  127.1  107.7 -178.7  179.2    nan  1.015  109.6  3.791    nan    nan  -73.0
R -162.9  168.5  116.1 -177.2   68.3    nan  1.036  164.2  3.788  5.608  151.1  141.8
F  -97.7  138.2   98.4  174.8  -57.3    nan  0.877  101.3  3.787  5.364 -104.4 -112.1
D  -57.1  136.3  109.9  179.8 -162.7    nan  1.007   78.7  3.796  5.594  -94.4  -99.2
R  -55.5  -37.3  111.8 -179.7 -175.2    nan  1.029  105.4  3.814  5.606  -90.9 -103.1
D  -90.4   18.5  118.9 -177.5  -63.6    nan  1.208   98.5  3.816  5.039   32.7   65.0
N  -73.3  158.7  102.7  175.1  -67.0    nan  0.911   79.0  3.815  6.156  133.2  122.1
F -150.9  151.6  106.9  176.9   61.4    nan  1.073  146.7  3.811  5.535  176.1 -172.4
D -130.2  174.6  116.4 -176.9   68.5    nan  1.092  132.4  3.803  5.675 -153.1 -154.6
I -111.5   91.8   99.3  177.7  -58.2  177.4  0.886   99.3  3.785  5.266 -108.9 -117.0
H  -47.5  -46.2  120.7 -175.5  174.4    nan  1.211  101.2  3.786  6.070 -142.7 -130.5
W  -67.4   -7.3  116.6 -174.8  -47.0    nan  1.102  109.2  3.827  5.274   66.7   82.8
I -121.1   -0.6  111.5 -176.1 -105.6  120.8  1.059   58.7  3.767  5.084   38.3   60.8
D   55.3   41.6  113.9 -179.8 -154.5    nan  1.123  101.8  3.817  5.753 -138.5 -128.9
S -132.2  130.1  111.6  179.9  174.8    nan  1.028  129.9  3.792  5.705   87.1   91.1
D  -76.3  155.5  105.5  175.7  -51.4    nan  0.942   83.8  3.746  5.711 -117.2 -133.2
V  -79.5  -50.2  101.8  175.8  170.0  -69.6  0.964   87.8  3.764  5.491 -105.0 -107.6
V -136.1  137.6  107.5  177.1 -153.5  -30.9  1.005  132.3  3.842  4.994  -20.9   -2.2
F -133.7   93.1  110.2 -179.3  177.2    nan  1.050  106.7  3.774  5.670 -176.2 -175.7
L  -95.8  118.6  105.9  177.5 -175.9    nan  0.977  106.7  3.767  6.053 -177.3  172.2
A -149.5  158.3  108.6  178.2    nan    nan  1.031  149.4  3.812  5.747  147.8  145.2
G  151.9 -152.5  108.7 -178.4    nan    nan    nan  148.4  3.778    nan    nan  122.5
T -124.5  133.4  107.8 -177.9  -51.8 -170.5  1.009  124.9  3.797    nan    nan  -85.6
G  176.7 -130.0  112.5  179.1    nan    nan    nan  131.2  3.771    nan    nan  122.4
G -174.6  170.4  108.5 -179.9    nan    nan    nan  170.6  3.762    nan    nan -114.5
G  170.9 -167.2  112.4  180.0    nan    nan    nan  167.5  3.767    nan    nan  157.8
I -139.6  136.5  111.8 -179.9 -172.8   61.5  1.083  135.9  3.781    nan    nan -117.9
Y -108.0  146.9  111.1  179.6  -70.2    nan  1.031  116.5  3.826  5.877 -145.8 -152.9
D   62.1   54.0  121.0  177.0  -48.0    nan  1.164   84.6  3.809  4.610   32.2   13.4
V  -83.1  107.4  102.6  176.0  170.4  -68.9  0.959   99.8  3.793  6.148  155.7  143.7
K  -80.3  120.3  114.0 -179.1  -86.3    nan  1.081  105.1  3.841  6.108 -151.1 -151.7
W -108.1  151.9  102.7  177.6  -55.4    nan  0.931  111.9  3.804  5.912 -158.0 -175.8
N   29.3   13.5  121.0  178.5   65.8    nan  1.193  142.1  3.849  4.855    1.2   -7.1
D   66.8   32.7  114.2 -179.5  -61.8    nan  1.109   97.3  3.873  5.545  -98.3 -106.0
G -167.7   11.3  111.5  179.4    nan    nan    nan   19.5  3.810    nan    nan   43.7
L -147.8  105.8  108.8 -179.3 -167.4    nan  1.002  113.3  3.810    nan    nan   46.7
R -102.9  154.0  109.5  178.7   13.7    nan  1.044  110.1  3.815  6.047 -178.5 -179.5
S -145.0  149.9  113.9 -178.8  -59.2    nan  1.045  145.6  3.787  5.542 -167.2 -170.3
N -122.3  138.2  105.0  177.6  -59.4    nan  0.939  122.9  3.791  5.625 -146.3 -157.5
F -128.7  143.4  104.8  177.3  -56.2    nan  0.983  128.4  3.793  5.721 -172.6 -174.1
S -167.5  161.7  117.9 -179.8   64.2    nan  1.128  163.5  3.837  5.567  154.2  153.4
L -123.1  121.4  105.6  177.2  170.6    nan  0.953  118.5  3.791  5.439 -133.3 -145.1
Y -119.8  133.2  108.9  177.5  -87.6    nan  1.024  123.0  3.804  5.863  179.6  178.6
G -113.0  141.0  111.2  179.5    nan    nan    nan  120.9  3.799    nan    nan -161.6
R -137.1  174.5  110.9  179.5  -53.8    nan  1.034  138.8  3.817    nan    nan  179.9
N -127.3  144.2  112.1 -179.8  -77.8    nan  1.022  131.8  3.799  5.399 -132.1 -127.4
F -114.8  147.9  106.0  176.0  -73.5    nan  0.983  119.2  3.833  5.751 -149.5 -155.7
G   77.0 -164.8  116.5  179.2    nan    nan    nan   84.0  3.799    nan    nan   32.4
D  -84.2  108.7  110.7 -178.9  179.8    nan  1.027  107.6  3.809    nan    nan  -58.8
I  -55.7  -18.7  113.6 -178.9 -161.2   76.0  1.126  115.4  3.817  6.022 -125.1 -130.8
D  -88.1  -36.6  111.9  178.8  -65.4    nan  1.068   78.7  3.835  5.584   62.6   79.8
D  -82.3  105.0  109.5  179.5 -168.5    nan  1.011  106.6  3.860  5.326   53.7   68.3
S  -57.0  -31.8  117.2 -179.4   54.0    nan  1.142  105.2  3.832  6.040 -131.3 -134.3
S  -87.4   -8.8  113.8 -179.6   59.1    nan  1.107   89.1  3.844  5.365   50.5   71.2
N -123.5   35.2  108.1  178.6 -176.1    nan  1.013   72.5  3.811  5.318   36.3   52.9
S -135.7  125.4  113.1 -178.3 -173.0    nan  1.059  129.7  3.827  5.550   67.7   84.4
V -135.6  148.5  113.0 -177.6  149.6  -86.6  1.061  138.7  3.790  5.740  173.0  167.7
Q  -99.6  132.8  107.9  178.1  -73.8    nan  1.014  109.6  3.828  5.758 -128.4 -134.1
N -114.4  122.5  107.3  179.4  177.9    nan  0.974  116.8  3.778  5.770 -155.8 -164.2
Y -107.5  140.9  114.5 -179.6  -72.0    nan  1.112  118.8  3.781  5.855 -169.6 -164.6
I -125.5  127.5  112.6 -177.7  -47.7 -170.3  1.061  127.0  3.760  5.674 -157.7 -166.8
L -110.4  126.9  104.9  178.2 -108.3    nan  0.960  113.7  3.790  5.835 -154.8 -170.1
T -142.1  138.6  115.8 -178.9  148.5   24.0  1.149  140.3  3.731  5.641  158.4  165.7
M -119.1  133.0  104.1  176.4   61.5    nan  0.986  119.2  3.786  5.741 -152.4 -169.6
N -130.0  117.5  105.8 -176.4 -155.3    nan  0.949  118.8  3.787  5.758 -169.2 -176.7
H -112.5  137.1  112.7 -178.7  -53.4    nan  1.030  121.5  3.780  5.928 -174.9 -174.4
F -123.0  131.4  109.3  179.3  -59.9    nan  1.021  124.6  3.771  5.700 -164.2 -170.4
A -138.0   85.9  107.1  179.0    nan    nan  0.987   98.2  3.816  5.766  177.1  169.3
G   73.9 -129.5  107.3 -178.8    nan    nan    nan   92.5  3.775    nan    nan  -29.1
P  -79.1  -11.8  113.6 -179.9   38.6    nan  0.985   96.0  3.876    nan    nan  -15.9
L  -92.2  140.7  113.0 -179.1 -162.9    nan  1.049  106.0  3.827  5.397   56.5   83.9
Q -134.3  130.9  110.5  179.2  172.8    nan  1.017  130.3  3.821  5.734 -169.7 -177.6
M -125.7  116.7  108.2  178.0  179.7    nan  1.024  119.3  3.756  5.738 -175.1 -178.5
M -115.3  132.5  111.6 -179.7 -177.9    nan  1.050  122.3  3.788  5.871 -175.1  178.9
V -136.1  123.6  112.6 -179.5 -178.2  -57.8  1.059  128.4  3.810  5.789  179.7  173.1
S -129.4  143.5  114.7 -179.7  -50.2    nan  1.062  134.6  3.816  5.805  177.8  172.1
G -113.6  129.8  105.5  177.9    nan    nan    nan  116.3  3.782    nan    nan -155.7
L -118.7  144.1  111.6  179.7   -9.8    nan  1.073  125.3  3.793    nan    nan -167.5
R -150.2  120.4  114.8  180.0 -177.7    nan  1.084  128.2  3.797  5.565  176.7  171.7
A -123.5   95.0  107.8  178.6    nan    nan  1.006  107.6  3.806  5.845 -177.8  169.8
K  -57.5  124.7  115.3 -178.4 -171.1    nan  1.093   89.4  3.818  6.069 -138.9 -143.2
D   59.9   41.4  115.2  178.9  -64.3    nan  1.114   97.6  3.833  4.899   15.7  -12.0
N  -67.3  -38.3  107.6  178.4 -178.2    nan  0.988   97.4  3.739  6.083  156.1  152.3
D  -68.9   -9.9  115.1 -178.5   59.5    nan  1.130  106.6  3.816  5.241   56.8   81.4
E -109.3   24.0  115.7  179.8  -75.8    nan  1.097   82.3  3.811  5.388   48.0   69.0
R  -81.2  116.7  108.7  178.6  -87.9    nan  1.002  102.4  3.821  6.011  118.6  124.1
K  -95.5  131.5  108.9  179.5  -60.4    nan  1.008  107.7  3.795  5.936 -155.2 -161.4
D  -68.3 -177.4  109.6  178.6   52.0    nan  1.059   67.5  3.801  5.786 -114.3 -120.7
S  -56.1  -31.5  115.0 -179.4   44.7    nan  1.107  107.0  3.810  5.059  -51.2  -48.1
N  -70.2  -42.4  114.0  179.9  -85.7    nan  1.066   89.5  3.853  5.506   71.3   86.5
G  130.8   -3.5  110.3 -179.4    nan    nan    nan   50.5  3.785    nan    nan  -93.1
N  -90.6  159.1  110.9  179.9  -52.3    nan  1.026   97.9  3.803    nan    nan   91.7
L  -64.9  132.0  108.3  178.8  -68.9    nan  1.004   85.9  3.788  5.367  -79.8  -87.3
A  -64.8  -34.7  109.1  178.1    nan    nan  1.029  100.4  3.825  5.736 -108.1 -117.5
K -138.7  -62.0  113.8  178.6 -116.9    nan  1.089   54.0  3.837  4.926  -10.3   13.9
G   95.5  -51.1  112.9 -179.8    nan    nan    nan  103.9  3.803    nan    nan -147.7
D -103.4   25.0  111.7  178.8   72.8    nan  1.111   86.7  3.807    nan    nan   35.8
A  -76.0  148.6  109.0  179.0    nan    nan  1.003   87.6  3.809  6.053  126.1  130.7
A  -76.3  150.7  112.7 -179.9    nan    nan  1.075   88.7  3.843  5.650 -106.8 -108.4
N -108.0  -19.7  111.6  179.3  -66.7    nan  1.055   65.9  3.818  5.654 -134.8 -138.7
T -137.6  176.6  110.7  179.5   63.9  -55.8  1.045  138.7  3.798  5.037    9.4   29.1
G -172.2  165.2  112.4  179.5    nan    nan    nan  166.2  3.792    nan    nan -175.1
V -134.9  147.2  107.6 -179.8  147.6  -91.0  1.014  135.2  3.777    nan    nan -149.8
H -147.5  143.0  111.5 -178.8 -174.4    nan  1.026  142.4  3.812  5.645 -176.4  178.4
A -143.6  157.1  109.6  179.2    nan    nan  1.019  145.0  3.813  5.665 -179.8  176.4
L -146.3  134.8  107.1  179.9  169.8    nan  1.002  134.6  3.800  5.548 -167.6 -170.9
L -124.4  105.6  105.1  179.4 -126.5    nan  0.943  111.1  3.778  5.768 -163.0 -173.1
G -115.8  153.3  117.4 -178.2    nan    nan    nan  125.1  3.784    nan    nan  174.0
L -129.9  108.0  108.9 -179.8 -118.7    nan  0.979  115.7  3.813    nan    nan -160.3
H -100.4  101.3  111.0 -179.2  -60.2    nan  1.039  112.4  3.810  5.978 -172.5 -173.8
N  -93.0  160.0  115.6 -178.9  -64.5    nan  1.096  101.4  3.809  6.066 -170.7 -171.6
D -106.9   16.3  109.9  179.1 -120.9    nan  1.016   79.2  3.765  5.393 -122.0 -128.4
S -147.6  160.0  107.0  179.5   59.5    nan  0.981  147.9  3.762  5.218   36.8   51.1
F  -69.7   86.9  106.5  178.8 -177.6    nan  0.983  106.6  3.760  5.374  -85.6  -90.7
Y   53.9   32.1  113.7  179.3  -60.7    nan  1.077  109.1  3.849  5.267  -33.2  -49.5
G   68.3   17.6  119.2 -179.4    nan    nan    nan  102.4  3.821    nan    nan  -88.5
L -128.6    3.1  115.0  179.8  -14.6    nan  1.086   52.8  3.835    nan    nan   75.2
R -170.0  160.7  107.2 -176.6  169.6    nan  0.968  161.2  3.794  4.801    9.6   16.0
D  -63.3  145.1  109.0  178.6  -70.9    nan  1.000   78.3  3.808  5.484  -79.0  -82.8
G  146.4 -139.4  111.1  178.4    nan    nan    nan  139.7  3.806    nan    nan   99.9
S -163.4  161.9  107.9  179.7   60.8    nan  0.995  159.8  3.776    nan    nan -112.6
S -165.3  162.5  108.4 -179.8   49.1    nan  1.027  161.2  3.767  5.435  176.6  174.9
K -150.1  141.3  105.4  178.9  -62.5    nan  0.970  139.4  3.788  5.553 -163.3 -169.2
T -137.0  135.8  104.6  179.5  -56.5 -175.8  0.970  130.1  3.783  5.708 -172.8 -178.8
A -140.5  140.8  108.8 -179.1    nan    nan  1.015  136.7  3.773  5.698  176.4  174.9
L -118.0  116.4  105.1  179.2  175.6    nan  0.955  114.5  3.763  5.689 -151.4 -161.1
L -111.6  142.8  113.1 -178.5  -50.8    nan  1.081  120.9  3.804  5.966 -177.7 -174.0
Y -138.2  141.7  110.1  179.9  169.6    nan  1.026  136.6  3.782  5.653 -169.9 -179.7
G -152.5  147.6  112.5 -179.5    nan    nan    nan  147.5  3.791    nan    nan  166.9
H -138.3  142.0  110.2 -179.4 -161.2    nan  1.029  136.9  3.783    nan    nan -173.5
G   66.3 -131.3  108.1 -178.4    nan    nan    nan   87.0  3.787    nan    nan   18.2
L  -63.7  -14.0  112.6  178.7  -75.0    nan  1.061  110.3  3.807    nan    nan   -3.9
G  -93.0    6.2  110.2  178.8    nan    nan    nan   89.2  3.817    nan    nan   79.0
A  -68.4  -17.5  113.3 -179.6    nan    nan  1.095  103.9  3.811    nan    nan  122.6
E  -95.1   95.3  100.5  174.6  167.9    nan  0.941  100.9  3.835  5.574   58.2   67.9
V  -69.9  -20.0  120.6 -175.1  -51.0   71.2  1.224   99.2  3.806  6.138 -160.7 -148.3
K  -89.3  -76.3  109.8  178.9 -174.0    nan  1.047   70.9  3.830  5.576   65.5   77.7
G  -77.2   88.9  109.7  178.2    nan    nan    nan  109.4  3.845    nan    nan   35.8
I  -56.9  128.8  114.0 -178.1  -52.6 -176.9  1.062   85.6  3.802    nan    nan -149.0
G   66.1   22.4  114.7  177.4    nan    nan    nan  103.2  3.811    nan    nan   -2.1
S -102.9   -2.8  115.3 -179.2   70.2    nan  1.050   75.9  3.780    nan    nan  105.2
D -119.7  105.5  110.4 -177.9 -165.5    nan  1.031  115.1  3.830  5.241   44.9   65.9
G  -86.8   -2.2  117.4 -178.5    nan    nan    nan   92.1  3.805    nan    nan -160.8
A  -97.8    1.6  114.6 -179.8    nan    nan  1.093   82.9  3.841    nan    nan   87.3
L  -69.4  144.5  112.3  179.9  -60.5    nan  1.066   85.4  3.843  5.889  104.2  117.0
R  -83.5  164.8  108.7 -179.5  -67.4    nan  1.029   88.6  3.785  5.624 -113.5 -122.0
P  -59.8  -34.6  112.4  179.6  -34.8    nan  0.971  103.1  3.819  5.176  -66.9  -74.0
G  -94.8   10.2  116.0 -179.5    nan    nan    nan   89.7  3.803    nan    nan   61.1
A  -59.6  130.8  105.9  178.6    nan    nan  0.981   81.3  3.825    nan    nan  131.3
D -132.3  125.5  109.8 -176.7 -168.0    nan  0.987  126.5  3.789  5.728 -175.7  178.4
T -135.4  137.2  115.6 -178.2  -56.8 -176.7  1.086  136.8  3.807  5.820  167.7  170.8
W -124.0  139.2  105.3  176.9  -81.6    nan  0.958  124.5  3.810  5.747 -158.8 -175.7
R -146.5  144.6  112.2 -179.8 -175.2    nan  1.047  143.2  3.798  5.643  172.7  171.4
I -125.9  130.0  110.4  177.7 -178.7   58.5  1.117  126.4  3.775  5.703 -166.9 -164.2
A -126.5  132.5  106.8 -178.8    nan    nan  0.976  124.9  3.789  5.782 -162.9  179.6
S -158.7  138.7  112.1  179.5 -178.3    nan  1.035  142.2  3.749  5.549  153.9  150.7
Y -156.6  162.6  111.1  178.1   78.8    nan  1.064  156.7  3.775  5.584  161.2  157.0
G -150.8  157.1  109.8 -179.8    nan    nan    nan  150.2  3.775    nan    nan -167.8
T -126.9  129.6  106.8 -179.1 -100.9  134.0  0.975  124.1  3.769    nan    nan -150.9
T -156.8  135.8  113.6  179.2 -171.1   68.3  1.108  140.2  3.773  5.669  147.9  150.2
P  -82.6  118.8  109.5  179.3   35.2    nan  0.944  103.2  3.831  5.618 -114.4 -131.3
L  -74.0  -36.1  111.2  179.8 -109.1    nan  1.046   91.1  3.828  6.018 -138.3 -138.5
S -156.0 -177.0  104.9  177.1   70.4    nan  1.001  155.1  3.832  4.906  -25.9   -8.9
E  -70.6    1.0  112.1  179.3   82.1    nan  1.094  109.8  3.839  5.281  -70.0  -62.3
N -130.1  -14.3  115.1  179.5   55.5    nan  1.150   45.3  3.845  5.307   32.7   57.7
W -119.2  141.1  111.8  179.3  -83.7    nan  1.050  125.6  3.851  5.420   35.9   53.7
S -139.4  136.5  108.9  178.9  -81.5    nan  1.031  134.1  3.797  5.658 -176.1  177.4
V -123.9  145.7  112.9 -178.9   60.0 -176.7  1.108  130.0  3.786  5.771 -168.9 -167.6
A -140.3   98.1  111.5  179.9    nan    nan  1.049  109.9  3.786  5.646 -168.7 -177.9
P  -89.4  155.0  107.4  179.4   35.8    nan  0.918   96.7  3.795  5.923 -163.2 -174.5
A -151.5  148.7  109.2  179.0    nan    nan  1.027  146.4  3.823  5.676  174.9 -177.2
M -142.6  140.0  110.8  178.5   93.6    nan  1.067  138.3  3.772  5.626 -175.8 -175.2
L -138.9  118.4  105.7 -179.6 -132.0    nan  0.942  121.0  3.801  5.685 -167.4  176.0
A -131.7  146.8  107.8  179.1    nan    nan  0.998  132.9  3.823  5.858  164.7  164.8
Q -146.1  148.4  114.4  179.7 -173.3    nan  1.096  145.8  3.793  5.624  177.9 -179.4
R -134.6  114.2  105.5  179.9 -173.8    nan  0.948  117.5  3.793  5.568 -156.3 -171.6
S -131.2  115.5  112.1 -178.8 -155.5    nan  1.040  122.6  3.777  5.796  161.7  162.6
K -110.8  152.2  112.0 -179.7  -73.3    nan  1.011  118.5  3.830  5.941 -168.9 -179.3
D   45.4   37.0  112.2  179.8  -48.9    nan  1.055  113.5  3.859  4.802   26.9    7.5
R  -64.6  -64.6  115.8 -178.0 -158.6    nan  1.098   80.1  3.784  6.033  145.6  156.1
Y -114.5  -30.5  112.4 -178.5  -55.1    nan  1.042   57.8  3.851  4.861   -6.5   15.5
A -127.1  144.9  109.3  179.2    nan    nan  1.019  130.2  3.807  4.916   10.2   29.4
D  -56.9  127.0  110.2 -179.1 -160.5    nan  1.021   84.4  3.806  5.487  -83.8  -95.1
G   77.6    9.6  116.2  179.8    nan    nan    nan   98.0  3.802    nan    nan    9.5
D  -78.0  173.4  111.5  179.0   75.8    nan  1.117   80.5  3.812    nan    nan  115.8
S -164.5  135.7  110.1 -178.5  149.0    nan  1.024  139.0  3.792  5.380 -164.2 -169.9
Y -132.4  123.5  105.4  179.5  -63.2    nan  0.974  122.4  3.784  5.769 -172.6  178.9
Q -139.4  136.6  107.4  178.8  -68.6    nan  0.984  133.3  3.776  5.799  167.5  160.4
W -166.5  154.3  109.5 -179.2   49.9    nan  1.045  155.5  3.777  5.519  151.5  145.0
A -144.1  124.6  108.1 -179.9    nan    nan  1.009  127.6  3.789  5.596 -166.4 -171.1
T -106.5  137.3  109.7  178.8  -76.0  163.3  1.018  115.4  3.793  5.950 -158.0 -165.2
F -124.5  116.5  106.6  175.4  175.0    nan  1.021  117.6  3.818  5.843 -168.4 -172.6
N -114.2  145.0  110.4  179.1 -161.5    nan  1.023  121.2  3.799  5.916 -172.9 -179.4
L -142.4  110.6  109.0  179.8 -162.7    nan  1.033  117.7  3.777  5.594 -177.6 -179.5
R -104.8  127.2  110.6  177.9 -164.3    nan  1.034  115.2  3.851  6.085 -170.2 -178.6
L -125.4  132.5  110.6  179.4  -70.3    nan  0.989  127.0  3.840  5.853 -171.6  178.3
I -120.6  147.8  108.6  176.4   -4.8 -131.6  1.017  125.2  3.833  5.939 -170.4 -171.5
Q -133.6  110.3  109.8  179.3  166.3    nan  1.014  118.0  3.760  5.522 -163.1 -166.8
A  -68.1  133.2  107.5  177.9    nan    nan  0.999   87.0  3.798  5.962 -131.7 -143.5
I -116.2  -36.2  105.9  178.3  -79.8  156.6  1.012   59.9  3.799  5.822 -163.2 -166.5
N -131.0 -158.9  106.4  178.6  -73.4    nan  0.918  122.4  3.835  5.060    6.7   17.1
Q  -95.6  -17.2  103.8  177.7  177.8    nan  0.930   80.6  3.740  4.709  -77.9  -67.5
N -122.5  -15.2  116.0 -178.5  -53.2    nan  1.063   52.0  3.845  5.113   21.0   48.6
F -116.8  135.1  110.9 -177.4 -175.4    nan  1.029  123.0  3.828  5.119   38.2   57.5
A -143.9  149.8  109.7  179.9    nan    nan  1.010  142.9  3.812  5.718  175.6  166.3
L -107.4  117.8  106.3  178.5  -71.2    nan  0.992  112.1  3.823  5.679 -136.3 -139.7
A -109.1  140.7  110.5 -179.3    nan    nan  1.052  117.6  3.789  5.916 -171.0 -171.5
Y -129.7  150.5  107.2  179.6  -44.3    nan  0.982  131.9  3.767  5.703 -162.7 -172.3
E -146.2  135.0  110.9  177.4 -178.5    nan  1.062  136.7  3.800  5.608 -179.5 -177.7
G -130.9  130.3  106.1  179.3    nan    nan    nan  125.7  3.753    nan    nan  179.8
S -124.1  142.3  108.7  178.5  -57.7    nan  1.006  127.3  3.807    nan    nan -176.1
Y -137.1  135.1  104.9  178.0  171.8    nan  0.973  129.9  3.773  5.666 -171.8 -179.0
Q -143.3  127.0  114.1  179.1 -177.8    nan  1.086  132.6  3.772  5.681  170.0  170.8
Y -110.0  142.6  104.9  177.6 -177.1    nan  0.978  114.8  3.753  5.813 -156.9 -169.7
M -146.8  146.8  111.7  179.0   63.9    nan  1.054  144.2  3.801  5.660  175.2  174.4
D -141.8  102.2  103.5  179.5 -166.1    nan  0.922  107.9  3.777  5.566 -165.3  179.1
L -116.9  127.9  113.7 -177.5  -33.1    nan  1.081  124.1  3.782  5.908  159.4  168.8
K -124.7   86.2  107.8  178.8  -66.8    nan  1.026  102.3  3.833  5.873 -173.2  177.1
P  -72.3  -14.0  116.3 -179.6   35.9    nan  1.004  101.1  3.890  6.062 -158.1 -167.4
E   53.2   43.8  114.3 -179.8  -67.4    nan  1.095  101.8  3.824  5.568 -152.6 -143.6
G   82.4  -12.4  119.5  179.3    nan    nan    nan  103.5  3.829    nan    nan  -66.5
Y  -58.0  126.9  111.8  179.0 -175.8    nan  1.028   86.2  3.870    nan    nan  114.0
N   63.9   16.8  115.9  177.3 -123.2    nan  1.049  107.9  3.874  4.793   20.1   -5.1
D   69.1   22.7  113.9 -178.0  -68.9    nan  1.094  100.6  3.849  5.421  -98.1  -99.4
R  -86.3  143.2  107.9  179.2  -58.9    nan  0.982   97.5  3.797  5.935  113.0  118.2
Q -109.6  141.2  108.5  177.8  -65.5    nan  1.002  116.6  3.782  5.709 -146.7 -148.4
A  -52.8  136.1  109.5  178.0    nan    nan  1.017   75.4  3.820  5.525  -84.4  -96.6
V -150.8  155.7  112.8 -178.1   94.6 -139.8  1.058  150.9  3.782  5.604  167.6  163.1
N -152.7  145.4  108.8  179.3   78.1    nan  1.040  144.6  3.766  5.500 -176.7 -179.5
G  159.7 -174.5  112.5 -178.5    nan    nan    nan  161.1  3.789    nan    nan  115.7
S -123.9  155.2  114.5 -179.1   58.5    nan  1.100  130.6  3.807    nan    nan -109.6
F -125.9  141.8  108.7 -179.8 -174.5    nan  1.006  128.4  3.817  5.566 -144.5 -153.1
Y -129.4  152.1  110.8 -178.8  -50.3    nan  1.000  133.6  3.806  5.756 -163.0 -168.2
K -150.1  130.3  110.3  177.1 -171.7    nan  1.053  133.9  3.805  5.565  178.0  178.8
L -125.4  131.2  105.7  177.7  -70.4    nan  0.981  123.2  3.798  5.802 -170.1  179.6
T -136.5  131.3  111.8 -179.7  -59.3 -178.6  1.045  132.2  3.797  5.814  175.5  174.3
F -115.0  119.3  104.6  177.1  170.3    nan  0.998  113.9  3.796  5.811 -161.7 -170.9
A -133.7   93.9  119.8 -176.6    nan    nan  1.138  113.9  3.803  5.817  165.4  170.1
P  -56.4  137.9  105.0  178.8  -36.2    nan  0.882   74.6  3.824  5.876 -126.5 -151.7
T -134.4  139.5  113.9 -176.7  -61.0  176.0  1.022  136.0  3.828  5.820  178.7 -173.8
F -115.2  138.6  110.7  179.5  -69.3    nan  1.004  122.1  3.799  5.703 -152.8 -159.8
K -163.6  175.3  109.5  179.6   51.5    nan  1.030  164.6  3.804  5.534  155.3  149.6
V -113.7  -26.8  109.4  178.1  -60.9   63.7  1.056   60.3  3.797  5.500 -123.0 -113.9
G  -74.1 -176.1  116.5 -178.9    nan    nan    nan   72.4  3.799    nan    nan   87.8
S  -65.8  112.4  112.9 -179.4 -176.7    nan  1.061   99.9  3.798    nan    nan  -55.8
I  -60.5  -35.6  116.0 -178.9  -56.9  177.6  1.125  100.2  3.810  5.898 -123.9 -132.2
G  -72.0  -14.6  112.0  179.5    nan    nan    nan  102.0  3.813    nan    nan   80.6
D  -87.8  120.1  108.4  177.0 -174.9    nan  1.014  104.7  3.794    nan    nan   81.3
F  -73.8  -12.6  112.4 -179.6  -79.0    nan  1.053  101.1  3.824  5.928 -128.3 -135.7
F -108.5    0.7  118.3 -178.0  -58.0    nan  1.163   71.9  3.795  5.195   41.0   70.0
S  -73.5  125.8  100.9  177.7   65.5    nan  0.946   88.9  3.848  5.963  105.5  107.7
R  -97.6  -44.7  133.2 -171.3 -107.1    nan  1.411   55.2  3.759  5.877 -169.0 -131.3
P  -49.2  109.8  111.9 -179.0  -26.0    nan  1.017   92.5  3.732  5.490  101.5   98.7
E -152.0  134.7  115.5  179.4   96.0    nan  1.217  139.9  3.782  5.706  126.2  133.4
I -110.7  135.0  105.9 -179.9  -75.1  160.6  0.956  115.6  3.751  5.684 -135.2 -164.3
R -136.2  145.5  115.8  179.0   55.8    nan  1.182  139.9  3.782  5.720  167.3  179.4
F -113.0  150.5  100.3  176.3  -64.5    nan  0.914  114.9  3.783  5.629 -133.4 -156.2
Y -159.9  170.8  114.9 -178.6   44.6    nan  1.060  161.9  3.798  5.539  168.4  172.2
T -144.6  141.6  103.3  176.1  -62.3 -180.0  0.947  136.2  3.777  5.446 -150.8 -155.2
S -135.8  150.8  111.6  178.4  -68.1    nan  1.066  138.7  3.759  5.608 -177.1 -174.5
W -126.5  129.9  104.7  178.5  147.6    nan  0.943  122.6  3.778  5.567 -147.2 -160.4
M -132.4  143.3  110.6  178.4  -67.7    nan  1.030  134.1  3.790  5.793  175.4  176.0
D -153.0  161.9  107.0  177.9 -154.3    nan  1.017  152.6  3.811  5.614  171.0  165.1
W -165.7  165.7  111.9 -178.4   60.3    nan  1.025  164.1  3.815  5.479 -179.7  175.6
S  -65.9  124.2  108.2  178.1  -65.6    nan  0.995   90.4  3.812  5.257  -75.5  -81.2
K  -50.2  -31.9  114.5 -178.4   59.7    nan  1.091  112.0  3.859  5.835  -99.9 -108.6
K  -54.3  -33.3  114.7 -179.6 -166.6    nan  1.107  107.5  3.789  5.507   86.9  101.5
L  -62.4  -19.7  114.0 -178.4  -54.2    nan  1.075  108.4  3.866  5.499   78.8   93.2
N  -63.4  -26.5  110.1  179.3  -70.0    nan  1.016  105.2  3.772  5.575   90.3  101.8
N  -83.9   -9.3  118.9 -177.0  -61.6    nan  1.132   91.6  3.827  5.277   55.0   80.8
Y  -53.8  -45.0  111.5 -179.5  178.1    nan  1.058  102.0  3.804  5.802  113.1  122.1
A -146.6  162.7  107.0 -180.0    nan    nan  0.993  147.7  3.794  4.770  -21.2   -4.0
S  -97.0  -20.0  113.4 -179.8   46.2    nan  1.093   75.5  3.810  5.557 -118.5 -110.4
D -106.4   20.7  108.9  179.2   48.1    nan  1.017   81.1  3.831  5.325   43.0   59.8
D  -74.1  177.8  110.7 -179.4 -133.8    nan  0.936   74.8  3.814  5.907  123.0  129.7
A  -89.4  -52.9  106.3  176.4    nan    nan  0.990   77.4  3.778  5.266  -99.2  -89.3
L  -66.4  111.1  108.7 -179.8  -58.8    nan  1.013   97.4  3.827  5.212   53.6   67.5
G  109.2   -7.0  116.1 -179.9    nan    nan    nan   74.0  3.773    nan    nan   24.2
S  -70.9  179.5  107.7  178.3   59.0    nan  0.992   71.0  3.819    nan    nan  105.3
D  -67.0  113.2  113.2 -178.9 -159.2    nan  1.078  100.3  3.817  5.190  -68.3  -61.9
G   91.4   11.2  115.0  179.9    nan    nan    nan   83.9  3.805    nan    nan    7.8
F -148.7   53.7  108.0  179.9 -151.0    nan  1.022   67.9  3.806    nan    nan   45.4
N -131.7  -17.8  113.2 -179.4   51.3    nan  1.102   43.7  3.798  5.757   90.9  105.2
S  -67.6 -175.0  111.1 -179.7  -63.2    nan  1.022   65.8  3.831  5.703   90.4  100.7
G  -70.1  -94.4  107.5  177.2    nan    nan    nan   72.0  3.772    nan    nan  -61.4
G  -69.8  135.0  119.1 -178.6    nan    nan    nan   94.5  3.794    nan    nan   30.5
E -130.8  116.0  108.7  179.0  -64.3    nan  1.010  120.4  3.790    nan    nan  176.6
W  -97.5  148.3  112.0  178.5  -72.7    nan  1.032  107.8  3.807  5.945 -157.6 -164.7
S -145.5  154.9  111.1  177.1   52.6    nan  1.090  146.4  3.816  5.607  177.8  179.4
F -146.1  157.5  110.1 -178.2  -48.3    nan  0.976  147.2  3.807  5.550 -159.6 -172.4
G  167.3 -170.8  113.7  178.8    nan    nan    nan  167.8  3.757    nan    nan  137.5
V -139.9  152.7  106.0 -179.8 -160.4  -34.5  0.911  139.6  3.776    nan    nan -124.4
Q -164.2  156.3  111.9  176.9   86.3    nan  1.071  157.2  3.798  5.436  159.5  166.3
M -117.3  158.8  106.5  175.9   67.1    nan  0.991  121.2  3.782  5.596 -139.6 -142.5
E -152.8  133.2  109.7  176.8 -178.1    nan  1.034  136.2  3.772  5.505 -176.2 -175.9
T -150.4  175.0  112.3  175.9   39.0  -89.6  1.048  152.0  3.832  5.871  164.0  158.2
W -169.0  147.4  105.2  175.9   63.6    nan  1.079  148.6  3.703  5.098 -179.0 -175.9
F -160.7    nan  106.6 -176.7   44.8    nan  0.964    nan  3.777  5.588 -177.9  163.6
