Id   phi    psi    tau  omega    chi    chi2  solid    eta  CA-CA  CB-CB  BA^AB  NA^AC
S    nan -149.7  111.7    nan   56.2    nan  1.079    nan    nan    nan    nan    nan
G -130.1 -112.4  118.8  179.9    nan    nan    nan   84.6  3.829    nan    nan  -84.6
F  -91.0  139.3  117.0 -177.3  173.0    nan  1.087  107.9  3.774    nan    nan   -0.9
E -136.8  134.2  109.0  176.8  -79.5    nan  1.036  131.9  3.781  5.679 -176.4  174.8
F -117.3  123.0  104.7  179.1  172.6    nan  0.984  116.0  3.778  5.772 -158.3 -167.7
H -134.9  166.6  107.4 -180.0  -64.0    nan  0.956  137.4  3.796  5.858  176.9  164.4
G  171.8 -173.9  117.4  179.3    nan    nan    nan  172.4  3.801    nan    nan  153.9
Y -141.4  149.9  106.1  179.2  167.6    nan  0.982  139.7  3.776    nan    nan -129.9
A -162.2  126.1  112.4  178.9    nan    nan  1.057  130.9  3.785  5.499  165.9  165.5
R -122.5  148.9  100.7  176.9   86.9    nan  0.934  122.7  3.796  5.862 -171.1  176.0
S -171.8  122.3  107.6  179.9  179.7    nan  0.994  124.4  3.788  5.490  158.5  154.8
G -169.5 -171.4  115.3 -178.9    nan    nan    nan  163.9  3.729    nan    nan  127.4
V -124.4  146.5  112.6 -176.8  148.2  -86.7  1.021  130.3  3.759    nan    nan -106.5
I -141.4  134.0  106.0  175.7  -54.7 -171.3  1.015  131.8  3.819  5.810 -177.5  179.3
M -143.2  158.5  108.3  179.5   64.0    nan  0.982  144.5  3.819  5.732  178.5  167.7
N  -87.9 -175.4  110.7  178.0   58.6    nan  1.081   86.2  3.802  5.542 -114.3 -109.0
D  -67.1   -0.1  114.7 -179.1   46.7    nan  1.127  112.9  3.819  5.170  -62.6  -55.3
S -114.0   11.5  112.6  180.0  -47.5    nan  1.063   70.9  3.829  5.509   54.8   72.9
G   67.5   37.5  113.4  179.5    nan    nan    nan   94.7  3.787    nan    nan -107.4
A -137.3  173.0  111.0  179.9    nan    nan  1.045  139.4  3.800    nan    nan   81.8
S  -64.3  151.6  116.1 -179.7   34.2    nan  1.089   78.9  3.814  5.199  -68.8  -67.3
T -139.8 -176.8  107.3  177.1   20.1 -104.7  0.979  138.7  3.823  5.684 -162.0 -174.2
K  -94.6  148.0  106.7  177.4  -58.7    nan  0.999  102.7  3.797  5.156  -93.4  -87.2
S -161.8  160.8  109.0  179.3   67.4    nan  1.033  158.5  3.808  5.586  167.1  162.9
G  135.5  144.9  109.8  178.8    nan    nan    nan  116.5  3.800    nan    nan  106.5
A  -63.5  -16.7  111.8  179.6    nan    nan  1.057  109.4  3.775    nan    nan -101.3
Y -116.8   27.7  116.0 -178.0  -62.3    nan  1.098   77.5  3.826  5.170   32.4   57.2
I  -76.8  -21.4  117.9 -177.8   59.9  -70.3  1.161   92.7  3.797  6.035  119.9  137.9
T  -72.9  157.1  110.8  179.5   77.3  -43.4  1.039   82.0  3.804  5.646   85.3   92.8
P  -51.0  -34.1  110.1  179.5  -34.9    nan  0.936  111.8  3.838  5.140  -62.6  -75.5
A  -64.5  -25.2  111.9 -180.0    nan    nan  1.057  104.3  3.826  5.292   62.5   88.0
G  -56.5  -30.4  115.5 -179.8    nan    nan    nan  107.1  3.819    nan    nan  104.8
E  -66.1  -20.6  113.6 -179.5  -54.1    nan  1.071  104.5  3.797    nan    nan   91.9
T -115.0   17.0  111.0  179.3   45.7  -74.1  1.105   72.0  3.812  5.202   26.8   52.0
G  104.5    1.7  119.0  176.9    nan    nan    nan   74.7  3.802    nan    nan  -70.5
G  -75.4   75.1  115.9 -178.0    nan    nan    nan  118.3  3.803    nan    nan  114.1
A  -73.2  148.2  112.0 -179.2    nan    nan  1.050   86.7  3.775    nan    nan  178.5
I -120.6 -179.4  108.4  175.8   55.8  -70.6  1.039  120.4  3.818  5.764 -153.2 -156.5
G  -52.6  143.0  113.3 -179.7    nan    nan    nan   72.8  3.795    nan    nan  -47.6
R -104.1  -10.5  116.5 -178.6   69.9    nan  1.094   71.4  3.794    nan    nan -140.5
L  -62.5  121.3  110.7 -178.9 -131.2    nan  1.037   91.6  3.819  5.768  101.2  113.0
G   61.6   20.5  112.1 -179.7    nan    nan    nan  109.3  3.790    nan    nan  -10.0
N -130.5   31.1  110.7 -178.2 -167.8    nan  1.035   65.4  3.779    nan    nan   75.1
Q -142.1  104.5  107.8  177.4  -69.8    nan  1.033  112.3  3.788  5.487   54.0   69.2
A  -94.8   -0.6  116.0 -179.0    nan    nan  1.092   84.9  3.788  5.984 -165.9 -171.2
D  -88.6  162.9  116.2  179.8   60.4    nan  1.095   96.2  3.849  5.699   79.2   98.4
T -107.8   94.6  104.4  177.4  -73.7  165.7  1.003  105.1  3.794  5.449 -124.2 -127.2
Y -104.9  128.4  109.9 -179.6 -176.0    nan  1.004  114.7  3.793  6.038  174.6  169.5
V -133.2  138.2  113.7 -179.8 -178.8  -58.7  1.043  134.9  3.827  5.842  177.4  172.8
E -124.9  123.3  107.6  176.3  -80.1    nan  1.014  121.5  3.823  5.709 -166.1 -173.6
M -113.6  117.8  109.6 -179.6  -65.1    nan  1.038  117.3  3.806  5.870 -169.1 -171.0
N -109.6  112.1  111.4 -179.8  -58.3    nan  1.053  116.4  3.802  5.945 -169.5 -173.5
L -105.9  123.7  106.5  179.8  -52.1    nan  0.997  112.3  3.814  6.006 -167.6 -178.8
E -126.7  151.6  116.1 -177.9  -54.6    nan  1.070  133.9  3.781  5.819  179.7  178.9
H -129.7   99.4  105.9  177.7  178.7    nan  0.999  108.2  3.761  5.534 -156.7 -163.3
K  -95.8  157.1  109.7  179.9  -73.0    nan  1.022  103.0  3.789  6.026 -172.0 -178.6
Q -158.2  132.6  111.1 -179.4  167.0    nan  1.038  136.6  3.818  5.496 -180.0  177.2
T -122.8  123.1  109.9  179.7  -65.0  176.2  1.025  122.4  3.800  5.846 -166.7 -173.3
L  -92.1  149.7  109.3  178.9  -71.5    nan  1.037  101.4  3.777  5.850 -146.4 -152.6
D  -47.6  -28.4  113.9  179.8   32.9    nan  1.075  116.8  3.812  5.387  -70.5  -80.7
N  -82.4    9.6  114.9 -179.6   57.2    nan  1.111  101.5  3.826  5.373   55.8   78.5
G   91.1  -23.4  114.3  179.8    nan    nan    nan   98.4  3.801    nan    nan  -87.2
A  -62.5  134.3  112.2  179.4    nan    nan  1.078   85.3  3.822    nan    nan  100.2
T -113.1  152.6  112.1 -179.0   57.2  -65.5  1.044  120.5  3.803  5.831 -151.3 -162.0
T -133.6  132.3  107.3  179.7  -99.1  136.1  1.000  128.6  3.786  5.546 -157.4 -165.0
R -142.7  131.1  115.9 -179.9  179.1    nan  1.069  136.2  3.793  5.761  171.0  168.8
F -124.6  135.5  108.6  177.0  168.4    nan  1.030  126.1  3.787  5.751 -172.0  178.8
K -140.6  140.6  113.7  179.7  175.5    nan  1.044  139.4  3.813  5.714 -179.9  171.9
V -129.1  140.0  103.6  176.7 -135.3   -6.0  0.888  126.9  3.828  5.806 -156.5 -176.2
M -123.5  124.9  105.8  175.2  173.1    nan  0.972  120.2  3.784  5.625 -166.7 -166.9
V -116.3  125.5  105.0  179.7  169.5  -70.3  0.996  116.5  3.781  5.823 -169.6 -174.7
A -131.1  159.7  114.1 -177.7    nan    nan  1.068  136.3  3.778  5.783  175.6  177.1
D -157.9  144.1  108.2  179.1  174.3    nan  0.993  145.1  3.783  5.467 -173.5  177.9
G -136.9  126.6  106.3  178.6    nan    nan    nan  126.1  3.802    nan    nan -175.4
Q -128.3  141.9  111.6 -178.9  -67.9    nan  1.003  131.7  3.825    nan    nan  177.8
T  -95.7  -19.9  108.0  177.1   53.9  -67.3  1.050   78.6  3.821  5.824 -138.8 -136.4
S  -68.6  136.6  110.8  179.4  167.1    nan  1.014   87.8  3.826  5.558   84.3   95.9
Y  -86.9   -7.7  113.0 -179.8  -72.6    nan  1.004   90.1  3.843  5.760 -122.7 -133.2
N  -70.3  158.1  117.1 -177.0  -61.0    nan  1.138   81.2  3.819  5.563   87.0  111.2
D  -81.3   -0.8  114.1 -178.5   57.1    nan  1.046   98.4  3.753  5.276  -93.4 -104.6
W -147.1  109.8  106.1 -179.7 -177.9    nan  0.983  115.2  3.809  5.084   19.7   36.0
T -120.9   32.4  114.4 -178.4   45.7  -76.3  1.046   75.9  3.793  5.931  172.5  168.6
A  -54.2  -41.5  113.1  179.7    nan    nan  1.074  103.1  3.834  6.110  152.0  159.1
S  -65.2  -28.8  115.3 -179.1   59.1    nan  1.095  100.4  3.830  5.371   65.8   83.2
T -116.8   14.1  114.2 -178.7   54.7  -66.3  1.041   69.6  3.805  5.077   27.0   45.8
S  -59.1  133.6  116.2 -177.8 -172.9    nan  1.105   85.5  3.799  5.886  125.4  140.7
D -110.8   16.4  111.2  179.0  -79.8    nan  1.043   75.8  3.812  5.798 -153.0 -162.0
L  -51.1  118.4  110.8 -178.4 -138.4    nan  1.013   86.8  3.839  6.032  140.9  148.6
N -153.9  145.8  115.3 -178.1   74.9    nan  1.100  148.0  3.811  5.659  143.4  142.3
V  -72.4  111.3  110.3  178.0  177.0  -60.4  1.048  101.5  3.811  5.605 -100.0 -111.3
R  -88.5  -28.9  112.6 -178.9  -63.3    nan  1.006   80.6  3.814  5.932 -146.6 -159.9
Q -148.6  152.3  113.7 -179.5  -57.1    nan  1.036  148.6  3.790  4.752   -9.5    9.9
A -165.4   99.9  102.7  178.4    nan    nan  0.961  102.8  3.788  5.465  169.7  160.3
F -146.6  160.8  116.2 -178.7   67.4    nan  1.094  150.3  3.814  5.783  131.8  134.6
V -121.7  142.2  109.4  178.8  176.9  -63.1  1.027  126.0  3.803  5.522 -138.7 -141.7
E -125.3  129.1  108.7  177.5  -82.9    nan  1.008  124.6  3.822  5.756 -160.2 -166.6
L -109.2  109.0  103.6  177.8  -64.3    nan  0.976  108.4  3.768  5.788 -157.6 -165.5
G -111.3  154.6  117.3 -178.3    nan    nan    nan  120.7  3.787    nan    nan -177.2
N   43.7   61.9  114.1  177.3 -178.8    nan  1.064   95.3  3.781    nan    nan    5.4
L  -79.9  129.6  109.9 -179.6  -59.5    nan  1.040   98.4  3.810  6.139  158.6  161.0
P  -57.5  -21.4  113.0 -179.5   30.7    nan  0.981  112.3  3.856  5.616  -96.4 -112.1
T  -85.0  -20.1  113.0 -179.2 -117.3  119.5  1.084   87.1  3.776  5.211   51.3   81.5
F  -85.1  116.2  110.0  179.7  -81.2    nan  1.015  105.5  3.808  5.528   64.8   81.6
A -125.3  176.7  112.7 -179.4    nan    nan  1.067  126.5  3.808  5.850  170.6  169.7
G   68.2 -134.4  107.9 -179.5    nan    nan    nan   86.8  3.789    nan    nan   60.5
P  -63.9  -19.3  114.1  179.5   26.2    nan  1.006  107.1  3.822    nan    nan   -6.8
F  -90.1    2.6  113.9 -179.1  -61.1    nan  1.048   91.0  3.861  5.387   53.4   79.3
K  -38.5  -71.6  118.5 -177.7 -171.1    nan  1.148   88.0  3.802  5.886  132.9  149.4
G -104.3   32.6  111.0 -179.0    nan    nan    nan   88.8  3.779    nan    nan   20.2
S  -82.2  159.5  113.0 -178.4   72.2    nan  1.058   90.4  3.805    nan    nan  135.1
T -127.3  122.1  114.2 -179.5  161.4   38.9  1.168  126.8  3.796  5.593 -154.9 -145.8
L  -89.4  141.7  110.1  179.8 -121.3    nan  0.992  101.8  3.826  5.858 -128.6 -154.7
W -147.1  162.1  111.8 -178.9   69.2    nan  1.024  149.5  3.826  5.654  176.5  172.3
A -164.2  154.1  107.0  177.1    nan    nan  1.018  154.2  3.803  5.440  176.1  174.4
G  120.0 -160.3  109.5 -179.3    nan    nan    nan  124.6  3.791    nan    nan   83.9
K  -99.1  123.2  108.9 -179.1  172.3    nan  1.012  110.8  3.810    nan    nan  -69.5
R -158.6  167.4  114.6 -178.6   68.1    nan  1.024  160.4  3.797  5.667  149.9  141.6
F  -95.1  139.0   98.9  173.0  -58.8    nan  0.880   99.7  3.807  5.392 -102.7 -111.9
D  -59.5  131.7  112.1 -179.6 -163.2    nan  1.036   84.5  3.827  5.612  -97.7  -99.5
R  -49.4  -39.3  111.4  179.2 -175.1    nan  1.032  109.2  3.812  5.604  -87.8 -104.0
D  -90.9   20.8  120.5 -178.3  -60.0    nan  1.213   99.5  3.827  5.050   30.4   63.2
N  -74.3  160.5  101.4  176.0  -68.8    nan  0.897   78.9  3.826  6.153  135.4  123.2
F -154.1  151.0  107.1  177.4   61.7    nan  1.071  148.1  3.802  5.524  175.2 -173.6
D -129.3  177.2  115.3 -176.9   69.5    nan  1.085  130.4  3.791  5.661 -153.2 -154.4
I -113.3   93.3   99.3  176.7  -56.3  179.6  0.889   99.8  3.773  5.243 -109.4 -115.6
H  -47.5  -47.2  121.4 -176.0  175.4    nan  1.218  100.2  3.795  6.065 -141.0 -129.5
W  -65.9  -12.9  116.5 -177.1  -45.0    nan  1.108  107.8  3.815  5.242   65.6   81.4
I -116.2    5.8  111.7 -177.3 -115.3  111.6  1.073   66.0  3.765  5.078   35.4   60.5
D   49.9   42.3  113.3 -179.0 -159.0    nan  1.121  105.8  3.829  5.834 -136.8 -127.3
S -132.3  130.7  112.9 -179.6  176.3    nan  1.048  131.1  3.805  5.716   87.3   92.5
D  -73.6  155.3  106.8  176.7  -63.4    nan  0.946   81.9  3.766  5.666 -111.5 -130.6
V  -83.5  -50.5  102.2  175.6  173.7  -67.8  0.978   84.9  3.760  5.515 -111.2 -111.5
V -135.4  138.1  106.1  176.3 -155.0  -33.1  0.985  131.3  3.817  4.972  -18.5   -2.5
F -134.0   97.8  110.0 -179.9  177.9    nan  1.047  109.8  3.794  5.687 -177.0 -175.5
L -101.2  115.8  106.2  178.7 -174.2    nan  0.977  109.3  3.774  6.030 -177.4  172.3
A -145.5  160.9  108.9  178.4    nan    nan  1.034  147.0  3.793  5.758  148.7  147.0
G  147.8 -151.7  110.1 -178.8    nan    nan    nan  146.3  3.787    nan    nan  120.8
T -126.8  128.6  110.2 -177.4  -51.2 -170.6  1.028  126.1  3.799    nan    nan  -85.8
G  178.5 -135.9  112.8 -179.3    nan    nan    nan  136.4  3.786    nan    nan  119.2
G -164.3  171.6  108.7 -179.7    nan    nan    nan  164.8  3.770    nan    nan -109.3
G  170.5 -171.7  113.3 -179.8    nan    nan    nan  170.2  3.772    nan    nan  158.6
I -138.3  136.9  110.5 -178.6 -169.1   64.1  1.056  134.8  3.788    nan    nan -122.5
Y -109.3  145.3  111.3  179.1  -70.6    nan  1.039  117.8  3.808  5.855 -148.0 -154.7
D   63.0   56.1  120.3  177.2  -45.8    nan  1.161   83.1  3.826  4.696   32.6   12.5
V  -85.2  106.2  103.0  176.7  173.2  -66.0  0.977  101.0  3.759  6.101  154.2  144.9
K  -77.3  120.3  113.6 -180.0  -84.5    nan  1.058  103.1  3.827  6.061 -145.5 -151.8
W -109.0  153.3  102.3  177.3  -56.5    nan  0.921  112.4  3.790  5.878 -160.7 -176.6
N   28.8   14.5  120.8  178.7   67.0    nan  1.189  141.9  3.849  4.871    1.7   -5.7
D   64.8   39.3  113.6 -179.6  -62.3    nan  1.090   95.7  3.876  5.541  -97.6 -106.9
G -176.2   15.2  112.0  180.0    nan    nan    nan   17.0  3.813    nan    nan   40.3
L -152.0  108.3  106.7 -179.9 -167.8    nan  0.978  113.9  3.801    nan    nan   45.1
R -107.2  150.1  109.8  178.6   11.4    nan  1.060  114.7  3.816  6.037  177.2  179.6
S -140.0  148.6  114.2 -179.5  -54.2    nan  1.035  142.3  3.789  5.587 -164.1 -169.8
N -119.5  139.0  104.1  177.0  -59.6    nan  0.943  120.8  3.772  5.610 -147.3 -156.5
F -128.7  139.8  104.8  177.4  -57.9    nan  0.976  127.3  3.809  5.753 -171.4 -172.1
S -162.4  158.4  117.2  180.0   65.7    nan  1.123  159.6  3.816  5.565  153.9  156.5
L -118.1  123.2  106.1  176.9  172.7    nan  0.964  117.5  3.790  5.507 -133.0 -143.4
Y -120.8  133.4  110.7  177.5  -86.9    nan  1.057  124.9  3.817  5.890  178.6 -179.5
G -111.1  137.4  112.1  179.3    nan    nan    nan  120.2  3.802    nan    nan -160.5
R -136.6  173.1  109.5  178.9  -55.9    nan  1.006  138.5  3.826    nan    nan  175.4
N -126.5  147.5  111.3 -179.6  -71.7    nan  1.020  131.2  3.828  5.428 -133.3 -128.9
F -119.6  144.0  105.3  176.7  -74.7    nan  0.942  122.3  3.798  5.657 -147.9 -156.4
G   81.6 -169.3  115.8  178.7    nan    nan    nan   86.3  3.797    nan    nan   32.5
D  -80.4  109.4  110.8 -179.6 -175.9    nan  1.032  106.0  3.812    nan    nan  -61.3
I  -55.4  -21.6  112.0 -179.1 -164.6   71.3  1.113  114.5  3.830  6.056 -123.6 -130.0
D  -85.2  -32.5  113.4  179.9  -66.5    nan  1.102   81.8  3.831  5.550   60.7   81.0
D  -88.1  104.1  108.3  179.4 -166.3    nan  0.993  107.3  3.834  5.326   52.5   66.2
S  -56.4  -33.5  116.0  179.7   53.2    nan  1.108  105.0  3.851  6.061 -130.9 -135.3
S  -83.2  -12.3  114.3  179.5   63.8    nan  1.103   91.7  3.864  5.365   52.1   72.5
N -122.8   35.1  108.5  178.0 -175.3    nan  1.018   73.2  3.839  5.300   33.4   49.8
S -132.3  130.7  111.3 -179.6 -173.3    nan  1.029  129.9  3.841  5.641   72.3   86.5
V -141.4  146.1  111.6 -179.7  148.9  -89.2  1.079  141.0  3.808  5.716  167.8  166.5
Q  -98.5  132.5  108.8  177.4  -71.3    nan  1.021  109.5  3.819  5.779 -127.8 -135.6
N -112.5  120.2  108.7  179.2  179.5    nan  1.004  116.6  3.786  5.776 -155.5 -163.4
Y -106.6  140.8  113.5 -179.8  -72.2    nan  1.096  117.5  3.772  5.887 -169.3 -166.4
I -123.2  128.6  113.0 -179.0  -47.5 -170.4  1.065  126.6  3.758  5.685 -157.3 -164.8
L -109.7  126.5  105.4  177.8 -109.9    nan  0.974  113.7  3.797  5.847 -154.8 -167.9
T -141.3  139.4  115.6 -177.9  145.5   22.2  1.137  140.2  3.752  5.687  160.9  166.5
M -122.9  128.6  103.1  177.8   60.8    nan  0.986  119.2  3.796  5.751 -155.8 -172.1
N -125.7  121.7  105.1 -176.6 -160.9    nan  0.941  119.1  3.775  5.761 -169.5 -176.6
H -118.0  134.7  112.9 -178.1  -52.2    nan  1.041  125.1  3.817  5.972 -177.7 -174.9
F -121.1  127.0  110.6  179.4  -58.3    nan  1.030  123.5  3.783  5.717 -163.1 -171.3
A -132.5   86.9  105.4 -179.9    nan    nan  0.964   99.1  3.809  5.781 -179.3  169.3
G   69.3 -128.5  109.2 -178.5    nan    nan    nan   91.2  3.783    nan    nan  -32.1
P  -77.7   -7.4  113.8 -179.8   37.5    nan  0.979   99.2  3.853    nan    nan  -12.6
L  -96.9  141.3  113.1 -178.5 -157.1    nan  1.052  109.7  3.803  5.387   55.7   83.9
Q -133.8  134.4  110.0  178.2  171.8    nan  1.017  131.4  3.795  5.695 -169.3 -177.1
M -129.9  116.1  107.0  178.2  177.0    nan  1.008  118.9  3.756  5.712 -174.1 -179.6
M -116.1  132.6  111.5 -179.6 -175.5    nan  1.040  122.7  3.777  5.854 -176.3  178.4
V -135.7  126.1  112.3 -179.5  178.3  -60.1  1.059  129.5  3.806  5.776  179.3  173.6
S -130.3  141.3  115.0  180.0  -51.3    nan  1.065  134.9  3.825  5.827  179.6  173.3
G -111.9  128.1  106.1  177.1    nan    nan    nan  115.6  3.786    nan    nan -156.4
L -117.3  148.0  113.5  179.2   -2.9    nan  1.128  125.2  3.817    nan    nan -167.3
R -156.3  124.8  114.6 -179.7 -175.9    nan  1.078  131.3  3.793  5.504  177.8  169.1
A -127.4   99.9  105.6  178.6    nan    nan  0.970  108.4  3.794  5.806 -175.7  169.8
K  -60.7  128.2  114.2 -178.6 -174.7    nan  1.069   88.7  3.797  6.016 -137.6 -140.9
D   59.1   40.5  115.2  179.3  -61.0    nan  1.114   98.8  3.826  4.887   17.4   -8.3
N  -67.4  -37.7  107.1  178.6  179.3    nan  0.980   97.9  3.750  6.080  155.8  151.5
D  -68.3  -11.0  115.5 -179.0   58.9    nan  1.137  106.6  3.819  5.267   57.3   82.2
E -106.0   17.7  115.9 -179.9  -76.4    nan  1.118   82.2  3.804  5.375   49.6   71.4
R  -74.5  115.9  110.1  178.7  -87.8    nan  1.015  100.5  3.812  5.991  118.8  125.1
K  -95.8  129.7  108.6  179.6  -60.5    nan  0.988  108.0  3.809  5.943 -154.3 -163.1
D  -67.9 -177.6  110.0  178.8   52.2    nan  1.070   67.1  3.788  5.797 -117.9 -121.8
S  -54.3  -34.6  115.1 -179.9   45.4    nan  1.103  106.5  3.828  5.060  -48.5  -47.0
N  -68.6  -40.3  114.5  179.8  -84.1    nan  1.068   91.7  3.854  5.456   70.0   85.2
G  129.6   -5.4  110.9 -179.7    nan    nan    nan   52.5  3.788    nan    nan  -92.7
N  -89.9  159.0  111.7  180.0  -52.6    nan  1.048   97.5  3.795    nan    nan   91.1
L  -64.9  131.6  108.6  178.9  -64.7    nan  1.003   86.3  3.802  5.354  -78.7  -87.6
A  -63.8  -37.7  108.8  179.5    nan    nan  1.032  100.0  3.827  5.771 -107.0 -116.4
K -135.4  -68.3  112.8  178.2 -115.2    nan  1.086   58.9  3.816  4.918   -9.9   13.8
G  101.7  -47.4  112.5  179.2    nan    nan    nan   98.0  3.791    nan    nan -149.2
D -107.5   23.2  111.5  177.4   74.6    nan  1.113   82.0  3.795    nan    nan   34.1
A  -74.9  153.5  110.6  179.4    nan    nan  1.036   85.4  3.845  6.073  123.6  130.7
A  -79.8  148.2  113.1 -179.2    nan    nan  1.069   93.0  3.831  5.552 -103.5 -106.0
N -105.2  -19.9  111.5  178.6  -63.5    nan  1.058   68.5  3.814  5.674 -135.8 -138.5
T -136.2  173.9  111.1  179.5   65.0  -55.3  1.044  138.1  3.816  5.046   11.2   30.3
G -164.9  168.7  112.8  178.7    nan    nan    nan  165.1  3.782    nan    nan -169.9
V -138.6  140.4  107.8  179.0  148.4  -91.3  1.020  135.0  3.788    nan    nan -149.5
H -141.2  141.6  110.6 -178.7 -175.0    nan  1.021  138.4  3.787  5.673 -176.3  177.6
A -143.5  143.5  111.3  179.7    nan    nan  1.037  140.8  3.796  5.648  179.3  175.0
L -134.8  130.0  109.1  179.0  169.6    nan  1.011  129.1  3.838  5.716 -168.7 -174.8
L -118.1  114.4  106.2  177.7 -127.6    nan  0.960  114.8  3.804  5.803 -163.6 -173.2
G -126.6  154.6  119.2 -177.5    nan    nan    nan  135.0  3.800    nan    nan  172.5
L -129.7  111.6  109.9 -179.5 -111.6    nan  1.012  118.6  3.809    nan    nan -158.7
H -103.5  104.6  109.0 -179.8  -58.6    nan  1.022  111.4  3.791  5.933 -170.0 -174.9
N  -97.8  154.8  115.5 -178.8  -64.1    nan  1.090  107.7  3.823  6.081 -171.8 -172.8
D -102.1   20.1  111.2  179.5 -120.0    nan  1.021   85.7  3.783  5.444 -121.8 -129.8
S -151.9  163.5  106.5  179.9   58.0    nan  0.966  152.1  3.773  5.222   37.8   49.7
F  -74.2   90.4  107.0  178.5 -177.2    nan  0.981  106.2  3.755  5.344  -88.0  -90.8
Y   51.8   31.8  113.4  179.2  -62.9    nan  1.066  111.2  3.810  5.176  -31.3  -48.5
G   67.1   19.5  118.1 -179.8    nan    nan    nan  102.9  3.812    nan    nan  -89.9
L -128.4    0.6  114.8 -179.9  -13.7    nan  1.074   51.9  3.821    nan    nan   77.6
R -167.6  161.9  108.4 -176.7  169.0    nan  0.978  161.7  3.776  4.759    8.2   16.4
D  -62.6  149.8  108.9  178.7  -73.4    nan  1.001   75.4  3.807  5.468  -76.9  -80.9
G  141.4 -136.2  112.9  178.3    nan    nan    nan  137.0  3.806    nan    nan   99.2
S -165.1  165.1  107.9  179.0   58.0    nan  1.009  162.6  3.786    nan    nan -110.5
S -169.6  156.2  109.5 -179.6   60.5    nan  1.045  157.6  3.759  5.386  175.5  174.0
K -143.3  140.7  108.3  178.3  -65.3    nan  1.003  137.7  3.798  5.606 -163.3 -169.5
T -138.4  133.5  105.7  179.4  -61.3  178.6  0.990  130.2  3.767  5.664 -175.4  178.8
A -136.1  140.0  111.2 -179.1    nan    nan  1.042  135.5  3.762  5.706  179.1  176.5
L -115.7  115.7  105.4  178.4  177.5    nan  0.977  113.8  3.775  5.730 -151.6 -160.4
L -109.8  138.5  115.2 -179.0  -54.6    nan  1.102  121.3  3.805  5.952 -175.4 -173.1
Y -135.3  140.4  111.2  178.4  169.9    nan  1.049  135.2  3.776  5.672 -173.0  178.1
G -149.3  147.4  114.3  179.3    nan    nan    nan  146.9  3.779    nan    nan  168.5
H -138.2  143.4  112.2  179.9 -161.4    nan  1.058  138.5  3.784    nan    nan -173.3
G   65.2 -127.9  106.2 -178.6    nan    nan    nan   86.7  3.809    nan    nan   18.5
L  -64.3  -21.9  112.0  178.1  -75.2    nan  1.055  106.1  3.813    nan    nan   -2.1
G  -80.0   -5.9  111.0  179.3    nan    nan    nan   97.9  3.828    nan    nan   84.4
A  -60.3  -19.9  114.4 -179.0    nan    nan  1.119  110.2  3.858    nan    nan  119.6
E  -95.0   96.7  100.8  173.7  163.8    nan  0.982  101.3  3.816  5.567   52.7   65.5
V  -76.0   -7.1  121.0 -174.9  -54.7   68.2  1.174  100.3  3.809  6.124 -157.5 -153.1
K  -99.0  -71.5  108.8  178.6 -178.9    nan  1.045   69.4  3.823  5.581   65.7   79.4
G  -81.5   81.7  109.4  178.2    nan    nan    nan  110.2  3.823    nan    nan   35.8
I  -47.4  125.4  114.2 -179.6  -58.7 -179.5  1.070   81.5  3.806    nan    nan -147.9
G   66.7   22.8  116.1  177.5    nan    nan    nan  102.0  3.817    nan    nan   -5.7
S -102.6   -3.7  114.7 -177.7   77.2    nan  1.053   75.8  3.777    nan    nan  106.8
D -114.5  106.2  112.2 -179.0 -169.5    nan  1.085  116.5  3.799  5.271   44.9   70.3
G  -82.1  -10.7  118.9 -179.5    nan    nan    nan   92.6  3.814    nan    nan -156.7
A  -93.6    3.3  116.8 -179.8    nan    nan  1.095   87.8  3.864    nan    nan   84.4
L  -71.1  139.5  112.0 -178.8  -63.2    nan  1.052   89.1  3.844  5.842  105.6  117.7
R  -78.5  164.1  109.9  179.0  -63.3    nan  1.023   84.2  3.811  5.678 -113.1 -123.1
P  -60.9  -31.5  114.1 -179.8  -32.1    nan  0.994  103.2  3.859  5.194  -70.2  -75.5
G  -99.6   13.3  114.8  179.6    nan    nan    nan   86.1  3.792    nan    nan   58.7
A  -61.3  131.7  105.0  179.4    nan    nan  0.979   81.4  3.831    nan    nan  133.1
D -131.9  123.3  110.9 -177.3 -164.4    nan  1.000  126.1  3.790  5.734 -175.2 -179.7
T -132.8  137.5  117.4 -178.8  -56.5 -175.8  1.106  136.8  3.835  5.869  168.0  170.7
W -125.3  138.0  106.5  177.6  -80.5    nan  0.978  125.8  3.809  5.696 -159.4 -177.2
R -146.1  145.4  111.8 -179.8 -179.1    nan  1.042  143.2  3.750  5.593  173.2  169.9
I -127.8  125.9  109.8  177.1 -177.8   58.9  1.110  125.1  3.771  5.691 -168.1 -166.4
A -122.2  135.8  106.3  179.2    nan    nan  0.973  123.2  3.815  5.860 -163.2  178.0
S -163.3  139.2  110.7 -179.7 -176.8    nan  1.009  142.3  3.780  5.553  155.6  148.6
Y -155.8  167.7  109.6  177.8   78.3    nan  1.033  157.0  3.749  5.528  162.8  157.7
G -152.1  160.7  109.8  180.0    nan    nan    nan  152.4  3.793    nan    nan -163.5
T -131.3  129.9  106.3 -179.3 -102.1  134.1  0.986  125.8  3.771    nan    nan -151.4
T -158.3  133.7  115.2  178.5 -174.6   66.0  1.123  139.1  3.786  5.700  147.3  148.4
P  -81.9  120.1  109.1  179.3   34.2    nan  0.949  102.1  3.851  5.609 -115.5 -134.0
L  -76.8  -35.3  111.1 -179.3 -106.7    nan  1.042   89.1  3.855  6.041 -138.4 -139.7
S -158.1  180.0  104.0  179.0   67.3    nan  0.990  158.1  3.787  4.812  -25.7   -9.5
E  -67.2   -3.2  112.8 -179.4   80.7    nan  1.085  111.6  3.833  5.296  -67.7  -61.8
N -125.8  -21.8  114.7 -179.2   51.7    nan  1.141   48.0  3.824  5.252   33.1   58.7
W -111.0  137.5  113.5  178.7  -81.3    nan  1.072  121.0  3.828  5.379   35.4   55.5
S -135.3  138.2  107.8  178.1  -76.1    nan  1.017  132.3  3.782  5.668 -174.9  176.8
V -126.2  141.1  113.3 -178.8   55.1  177.4  1.103  131.3  3.803  5.769 -169.4 -167.8
A -136.1   96.4  112.4 -179.3    nan    nan  1.076  110.1  3.787  5.674 -170.4 -178.2
P  -87.7  153.8  108.2  179.7   35.7    nan  0.933   95.8  3.813  5.957 -161.8 -175.0
A -151.9  145.3  111.2  178.8    nan    nan  1.039  145.3  3.836  5.678  174.5 -179.2
M -138.1  137.8  112.3  177.9   96.1    nan  1.090  136.2  3.780  5.627 -176.4 -174.6
L -135.6  117.0  106.0  179.4 -127.3    nan  0.954  119.8  3.815  5.734 -166.9  176.3
A -131.6  144.8  108.1  179.6    nan    nan  1.013  132.6  3.811  5.833  163.9  163.7
Q -145.8  142.3  116.4 -178.5 -177.8    nan  1.107  143.8  3.802  5.637  179.3  178.8
R -126.0  115.5  107.5  178.8 -171.7    nan  0.963  118.2  3.791  5.602 -153.8 -171.5
S -133.2  116.0  111.2 -178.4 -157.7    nan  1.042  122.5  3.806  5.800  160.2  161.9
K -109.6  152.9  112.2 -179.4  -75.0    nan  1.032  117.5  3.825  5.969 -167.8 -177.1
D   44.9   38.3  112.8  178.4  -55.0    nan  1.054  112.7  3.841  4.738   27.4    7.3
R  -65.7  -63.8  117.0 -177.8 -158.1    nan  1.120   79.1  3.782  6.025  144.4  156.8
Y -116.5  -29.7  111.4 -179.0  -56.7    nan  1.021   56.7  3.830  4.799   -6.0   13.9
A -126.9  142.6  107.3  179.5    nan    nan  0.992  128.4  3.788  4.924   10.6   30.3
D  -58.5  127.3  109.4  179.0 -160.9    nan  1.001   84.8  3.810  5.532  -88.7  -99.4
G   84.2    6.5  115.8 -179.9    nan    nan    nan   93.0  3.787    nan    nan   16.5
D  -80.0  171.0  111.3  178.5   75.5    nan  1.119   83.3  3.795    nan    nan  110.7
S -162.9  123.4  112.2 -178.9  152.9    nan  1.036  128.2  3.773  5.345 -164.5 -171.0
Y -120.1  117.3  109.6  178.2  -61.3    nan  1.027  119.2  3.797  5.870 -176.0  179.2
Q -130.2  137.7  109.6  179.3  -68.6    nan  1.021  130.6  3.800  5.856  170.9  163.2
W -165.0  162.8  111.1  179.0   49.6    nan  1.095  161.9  3.780  5.529  151.8  146.5
A -153.8  125.9  106.5 -178.2    nan    nan  0.982  128.9  3.770  5.449 -162.2 -171.8
T -111.7  133.1  110.3  179.8  -72.1  167.8  1.014  119.2  3.767  5.876 -160.9 -169.1
F -122.4  120.1  105.1  176.3  174.5    nan  0.996  117.3  3.792  5.837 -168.5 -175.4
N -119.5  147.7  109.9  179.5 -166.6    nan  1.029  125.0  3.802  5.876 -176.6  179.6
L -145.8  108.6  109.8 -178.5 -166.1    nan  1.032  116.4  3.797  5.600 -176.9 -178.4
R -102.2  134.2  109.8  177.4 -159.8    nan  1.031  112.6  3.807  6.042 -171.2 -178.2
L -133.2  130.4  110.1 -179.8  -73.0    nan  0.976  129.4  3.858  5.803 -170.3  177.3
I -120.3  146.1  108.8  177.3   -1.6 -128.9  1.019  125.0  3.823  5.930 -172.8 -172.7
Q -130.2  108.2  109.8  179.2  170.6    nan  1.019  116.6  3.747  5.537 -161.9 -165.6
A  -70.0  130.1  107.5  178.5    nan    nan  0.992   89.7  3.827  6.000 -134.8 -147.3
I -113.4  -31.5  108.1  179.5  -80.0  155.5  1.028   60.8  3.799  5.862 -162.9 -166.0
N -135.8 -159.2  103.8 -179.1  -76.5    nan  0.858  127.6  3.805  4.982   12.1   18.1
Q  -94.7  -17.5  105.4  176.5  179.2    nan  0.947   80.9  3.749  4.729  -81.5  -67.9
N -123.5  -13.1  116.5 -179.2  -51.2    nan  1.055   51.6  3.846  5.097   21.6   47.2
F -118.8  128.9  113.7 -177.5 -174.7    nan  1.056  125.2  3.824  5.083   37.0   58.4
A -136.2  152.9  111.1  179.0    nan    nan  1.029  139.1  3.797  5.745  175.3  168.0
L -107.5  121.2  105.7  176.5  -72.2    nan  1.001  112.1  3.789  5.620 -135.8 -137.1
A -112.0  141.5  109.9 -179.7    nan    nan  1.033  119.3  3.798  5.908 -168.9 -171.0
Y -129.2  147.5  108.1  179.9  -45.9    nan  0.988  131.5  3.808  5.746 -161.8 -170.7
E -144.5  134.0  112.0  177.2  179.7    nan  1.102  136.3  3.776  5.583  176.9 -179.6
G -129.9  130.4  107.7  179.7    nan    nan    nan  126.4  3.762    nan    nan  178.5
S -124.5  136.7  109.5  178.8  -61.6    nan  0.993  126.9  3.808    nan    nan -177.7
Y -132.7  135.0  106.0  176.9  173.3    nan  0.990  128.5  3.788  5.725 -175.5  178.6
Q -145.0  128.8  113.6 -179.9 -178.0    nan  1.081  133.9  3.774  5.667  169.3  169.4
Y -111.6  148.8  104.8  177.9 -176.5    nan  0.986  116.0  3.756  5.818 -158.3 -168.6
M -151.7  146.2  111.2  179.0   69.9    nan  1.060  145.8  3.788  5.617  175.9  175.8
D -141.1  101.2  102.5  178.5 -169.8    nan  0.927  106.5  3.774  5.622 -166.6  179.3
L -114.5  124.8  114.5 -176.7  -36.8    nan  1.077  123.1  3.787  5.915  163.9  170.7
K -122.9   86.0  108.3  178.6  -65.1    nan  1.042  103.0  3.824  5.867 -176.6  175.6
P  -70.5  -17.5  117.5 -179.4   31.3    nan  1.039  100.8  3.867  6.058 -157.9 -165.3
E   53.6   48.8  113.5 -179.4  -65.3    nan  1.097   98.5  3.815  5.597 -154.5 -145.5
G   81.2  -11.6  119.6  178.6    nan    nan    nan  104.3  3.827    nan    nan  -63.3
Y  -59.4  123.6  111.8 -179.5 -172.1    nan  1.030   89.1  3.838    nan    nan  114.7
N   64.6   16.0  115.9  177.6 -121.2    nan  1.049  107.7  3.831  4.766   18.3   -7.9
D   72.0   24.3  112.5 -178.9  -72.4    nan  1.069   97.6  3.809  5.340  -95.7  -97.8
R  -87.2  146.0  108.1  179.2  -56.3    nan  1.001   97.7  3.760  5.895  111.0  119.4
Q -112.2  137.2  108.6  178.9  -64.4    nan  1.017  118.5  3.783  5.678 -145.8 -147.6
A  -51.7  135.2  110.1  180.0    nan    nan  1.040   75.6  3.818  5.605  -86.8  -98.4
V -148.0  156.9  112.4 -177.5   91.7 -142.4  1.057  149.2  3.780  5.614  170.8  165.3
N -153.1  141.9  110.2  179.2   77.1    nan  1.066  143.0  3.794  5.562 -177.2 -178.7
G  161.3 -176.4  109.5 -178.8    nan    nan    nan  162.1  3.774    nan    nan  113.6
S -123.8  157.9  114.8 -178.4   57.5    nan  1.101  130.3  3.780    nan    nan -111.4
F -124.5  141.1  109.9  179.8 -170.9    nan  1.010  128.1  3.820  5.536 -140.6 -148.8
Y -131.3  144.5  111.7 -178.8  -47.8    nan  1.005  134.3  3.846  5.781 -165.4 -171.3
K -144.1  128.3  112.0  177.4 -171.8    nan  1.074  132.4  3.815  5.627  175.9  177.0
L -123.0  128.9  106.5  178.0  -69.3    nan  0.980  121.8  3.817  5.829 -167.3  179.0
T -136.5  132.4  110.2 -178.9  -62.8  177.3  1.024  131.6  3.807  5.802  174.5  171.1
F -116.3  123.9  102.8  177.5  167.7    nan  0.950  114.3  3.792  5.812 -159.6 -170.3
A -138.2   93.9  118.7 -176.5    nan    nan  1.126  111.7  3.797  5.741  162.8  170.3
P  -56.4  134.9  104.6  179.0  -35.2    nan  0.879   76.1  3.823  5.873 -126.5 -151.4
T -130.5  138.6  114.5 -176.6  -60.1  178.2  1.040  134.1  3.811  5.835  179.2 -173.2
F -115.2  138.6  110.6  179.1  -67.5    nan  1.024  122.0  3.809  5.746 -154.0 -161.6
K -165.5  170.7  109.2 -179.2   51.7    nan  1.022  165.6  3.779  5.479  156.8  147.2
V -109.3  -29.4  109.5  179.2  -64.1   58.6  1.037   63.7  3.797  5.521 -121.1 -114.8
G  -69.5 -171.7  116.6 -179.0    nan    nan    nan   66.0  3.800    nan    nan   89.4
S  -71.0  111.5  110.5 -179.3  179.0    nan  1.028  100.9  3.793    nan    nan  -55.3
I  -61.1  -40.1  114.0 -180.0  -55.7  179.0  1.085   98.1  3.785  5.897 -125.2 -133.8
G  -67.5   -7.5  113.0  179.7    nan    nan    nan  109.4  3.815    nan    nan   80.8
D  -97.4  116.9  108.7  178.9 -172.3    nan  1.008  110.0  3.808    nan    nan   79.9
F  -69.8  -16.2  112.4 -179.1  -78.2    nan  1.058  103.4  3.811  5.914 -127.6 -135.5
F -105.2   -0.3  118.1 -178.7  -59.2    nan  1.174   74.6  3.777  5.181   39.0   69.5
S  -72.1  126.6  103.2  177.4   46.5    nan  0.971   89.5  3.831  5.941  105.1  108.4
R  -95.3  -51.7  133.3 -172.3 -107.5    nan  1.444   53.7  3.735  5.856 -168.6 -129.3
P  -42.7  106.5  114.1 -178.4  -29.2    nan  1.061   93.3  3.740  5.480  101.9   99.8
E -150.7  135.2  116.9  178.7   98.7    nan  1.259  140.7  3.777  5.700  123.7  130.9
I -112.0  126.7  107.3 -179.5  -76.5  159.1  0.965  116.5  3.758  5.625 -133.2 -166.6
R -130.2  147.9  115.7  179.7   59.2    nan  1.163  136.3  3.772  5.748  166.0  177.5
F -115.2  145.6  101.3  177.9  -65.1    nan  0.931  116.8  3.824  5.692 -133.8 -154.7
Y -157.4  166.5  118.4 -178.1   47.3    nan  1.108  160.1  3.788  5.528  165.5  170.9
T -142.4  134.9  106.3  176.3  -70.5  173.3  0.976  132.9  3.761  5.421 -152.2 -158.1
S -128.2  154.0  113.2  179.2  -61.2    nan  1.071  133.8  3.758  5.656 -175.2 -173.4
W -128.2  131.7  104.9  177.6  149.2    nan  0.957  124.2  3.772  5.547 -148.6 -158.4
M -135.3  140.9  110.6  178.9  -69.8    nan  1.023  135.0  3.803  5.790  176.6  174.5
D -150.1  164.0  106.1  177.8 -154.9    nan  0.998  150.7  3.814  5.651  172.8  164.7
W -167.1  164.1  111.7 -178.4   61.5    nan  1.035  163.7  3.824  5.459  179.7  176.1
S  -65.5  127.8  106.8  178.1  -65.8    nan  0.973   87.3  3.802  5.260  -74.5  -83.1
K  -53.5  -27.9  113.9 -179.5   58.6    nan  1.073  111.9  3.844  5.775 -100.2 -108.6
K  -59.0  -32.7  114.6 -180.0 -169.5    nan  1.108  103.9  3.808  5.543   84.5  100.5
L  -60.9  -20.4  113.6 -179.6  -53.7    nan  1.075  109.5  3.842  5.526   81.0   94.2
N  -62.0  -27.3  109.9  178.8  -68.9    nan  1.006  106.3  3.794  5.623   93.2  102.1
N  -84.5   -3.2  120.0 -177.3  -60.7    nan  1.154   93.9  3.812  5.230   52.8   80.0
Y  -58.1  -41.3  112.3 -179.3  179.2    nan  1.057  100.7  3.804  5.839  115.6  123.9
A -151.5  164.2  106.6 -179.0    nan    nan  0.979  152.0  3.799  4.746  -21.0   -5.7
S  -97.5  -26.8  112.1 -179.4   43.7    nan  1.074   73.5  3.790  5.519 -117.3 -109.2
D  -98.2   19.6  111.1  178.9   50.0    nan  1.049   89.2  3.823  5.276   42.3   61.6
D  -72.7 -178.9  110.1  179.9 -130.4    nan  0.919   72.3  3.843  5.962  126.4  129.0
A  -93.8  -51.2  105.5  177.1    nan    nan  0.982   75.6  3.769  5.178 -100.6  -89.4
L  -67.9  114.0  108.5  179.2  -56.8    nan  1.003   96.7  3.836  5.246   54.1   66.7
G  106.6   -7.1  114.9  179.8    nan    nan    nan   76.5  3.786    nan    nan   24.9
S  -69.7  177.1  107.7  178.1   65.2    nan  0.993   70.6  3.814    nan    nan  106.0
D  -67.1  114.2  113.0 -179.1 -160.6    nan  1.071   99.8  3.809  5.222  -70.1  -64.9
G   89.4   15.7  115.9  179.5    nan    nan    nan   83.8  3.800    nan    nan    6.2
F -152.2   52.7  105.9  179.6 -153.5    nan  0.985   64.2  3.795    nan    nan   44.8
N -131.6  -16.4  114.0 -179.5   53.9    nan  1.102   43.8  3.789  5.711   87.4  105.4
S  -69.7 -170.6  110.4 -179.8  -60.8    nan  1.023   66.7  3.816  5.664   88.5   99.7
G  -72.0  -97.5  108.9  177.5    nan    nan    nan   69.8  3.789    nan    nan  -57.4
G  -68.0  133.5  118.0 -179.4    nan    nan    nan   93.4  3.799    nan    nan   28.7
E -128.2  115.5  108.2  178.8  -63.8    nan  0.998  119.2  3.808    nan    nan  177.9
W  -97.8  147.3  111.8  179.1  -72.0    nan  1.031  108.2  3.809  5.957 -159.2 -164.4
S -143.1  155.4  110.9  177.4   59.9    nan  1.113  144.7  3.807  5.611  177.7 -178.9
F -144.1  159.6  109.6 -178.1  -49.5    nan  0.982  145.9  3.813  5.592 -156.6 -169.2
G  166.7 -175.3  113.2  178.3    nan    nan    nan  167.8  3.766    nan    nan  139.4
V -138.3  151.3  105.2 -179.9 -162.2  -38.5  0.910  137.6  3.776    nan    nan -128.9
Q -164.1  157.6  112.5  177.6   84.1    nan  1.079  158.3  3.796  5.470  159.4  164.5
M -116.5  157.2  106.9  175.8   70.7    nan  0.991  120.8  3.791  5.544 -136.4 -141.3
E -153.8  131.9  109.2  176.0 -179.3    nan  1.031  135.0  3.796  5.579 -179.0 -179.2
T -149.8  175.4  113.9  176.4   32.4  -94.6  1.058  151.4  3.830  5.813  164.0  157.9
W -169.2  144.7  106.6  176.3   62.7    nan  1.103  146.4  3.725  5.142  179.8 -175.2
F -161.0    nan  107.3 -176.0   45.6    nan  0.945    nan  3.776  5.584 -177.4  160.4
