Id   phi    psi    tau  omega    chi    chi2  solid    eta  CA-CA  CB-CB  BA^AB  NA^AC
V    nan  115.9  108.7    nan  147.1  -87.5  1.088    nan    nan    nan    nan    nan
L  -78.6  127.9  108.3  178.9  -58.7    nan  1.058   97.0  3.777  5.941 -134.8 -148.4
S  -82.1  168.7  104.5  178.6   81.6    nan  0.986   85.0  3.781  5.829 -124.9 -140.4
P  -62.2  -35.8  110.0  178.8  -21.3    nan  1.000  101.6  3.790  5.141  -71.5  -72.8
A  -64.1  -43.8  109.7  178.3    nan    nan  1.013   96.0  3.827  5.413   65.5   85.1
D  -57.1  -53.6  108.9  178.5  -75.1    nan  1.040   95.9  3.804  5.304   70.0   83.9
K  -56.2  -38.3  111.2 -177.4  -53.6    nan  1.117  104.5  3.789  5.205   61.3   79.7
T  -64.6  -51.8  111.0  179.3  -59.3  177.0  1.034   90.7  3.798  5.494   72.9   83.5
N  -52.9  -48.6  110.1 -179.4  -73.3    nan  1.074  101.2  3.788  5.176   68.5   83.0
V  -62.7  -49.4  111.8 -177.9  166.6  -68.6  1.109   92.8  3.803  5.205   59.2   77.9
K  -61.1  -37.1  111.3  179.3  -74.1    nan  1.047  101.2  3.791  5.314   64.6   77.0
A  -64.2  -60.7  110.0  179.0    nan    nan  1.039   86.8  3.818  5.381   69.8   84.6
A  -51.1  -48.5  113.5 -179.7    nan    nan  1.032  100.5  3.814  5.082   64.9   76.6
W  -68.3  -28.3  109.4 -179.1 -156.8    nan  1.115  100.3  3.784  5.124   48.5   72.4
G  -60.5  -39.7  109.7  179.2    nan    nan    nan  101.0  3.787    nan    nan   95.8
K  -72.7  -28.8  111.5 -179.2  -64.7    nan  1.076   95.3  3.807    nan    nan   75.4
V  -56.4  -52.3  109.9 -179.8  162.1  -71.9  1.101   96.5  3.824  5.531   84.8  100.5
G   48.6 -126.9  116.0  177.3    nan    nan    nan   82.3  3.774    nan    nan  174.5
A  -64.6   -5.5  114.5 -177.7    nan    nan  1.106  113.1  3.786    nan    nan    6.5
H  -98.5   -3.1  113.8 -179.8  -50.5    nan  1.070   80.3  3.816  5.630   66.3   83.8
A  -50.0  -44.3  113.2 -178.2    nan    nan  1.121  104.4  3.843  5.878  120.3  132.3
G  -58.6  -45.5  111.5  178.7    nan    nan    nan   98.2  3.847    nan    nan   83.6
E  -63.9  -41.6  110.5  179.2  -49.0    nan  1.011   96.9  3.798    nan    nan   77.3
Y  -71.0  -38.4  109.0  179.3  -58.5    nan  1.124   93.6  3.792  5.193   54.5   73.7
G  -56.4  -58.0  105.7  176.2    nan    nan    nan   95.8  3.836    nan    nan   87.0
A  -53.6  -43.7  113.2  177.5    nan    nan  1.070  102.1  3.837    nan    nan   73.2
E  -65.4  -38.6  112.8 -179.0 -175.3    nan  1.074   96.1  3.822  5.425   62.9   80.6
A  -64.8  -36.8  111.0  179.8    nan    nan  1.057   98.4  3.806  5.327   70.9   83.8
L  -66.3  -48.3  107.4  179.8  -72.2    nan  1.022   93.6  3.827  5.442   69.1   82.9
E  -56.5  -42.5  110.9 -179.5  178.5    nan  1.112  101.9  3.783  5.283   62.7   82.1
R  -66.4  -35.5  109.6  178.4  -59.2    nan  1.041   98.5  3.794  5.457   66.1   77.2
M  -66.4  -43.4  112.5 -179.2 -170.7    nan  1.096   92.9  3.821  5.391   66.8   86.2
F  -61.4  -40.2  111.8 -177.7  -64.2    nan  1.130   98.9  3.813  5.388   64.2   84.8
L  -76.9  -41.5  113.4 -178.6  -72.5    nan  1.095   85.0  3.804  5.221   54.8   72.2
S  -79.9  -35.1  113.2 -178.4  -62.2    nan  1.101   85.4  3.778  5.314   46.4   69.7
F -132.3   80.1  106.8 -176.9  -43.8    nan  1.036   95.4  3.810  4.807    3.9   22.4
P  -59.6  -20.8  114.3 -176.0   23.5    nan  1.114  110.3  3.797  6.091 -160.5 -157.7
T  -63.9  -22.4  111.8  175.4   66.6  -58.8  1.100  106.3  3.811  5.784   79.9   98.0
T  -69.4  -20.2  110.9  180.0   62.8  -60.4  1.119  102.4  3.835  5.683   76.9   94.2
K  -67.5  -17.6  112.0 -179.8  -51.9    nan  1.105  105.0  3.790  5.717   82.8   98.7
T  -60.2  -19.6  112.2 -179.4   66.6  -57.6  1.168  111.0  3.828  5.765   88.6  108.2
Y  -93.4   -1.4  112.5 -178.8  -63.4    nan  1.077   86.0  3.817  5.589   59.8   76.0
F -131.4   45.7  111.7 -177.4  -59.2    nan  1.054   74.7  3.797  5.148   36.4   55.4
P  -61.9  -26.1  112.6 -179.2   28.1    nan  1.013  105.9  3.817  6.104  159.6  165.5
H  -88.3    5.9  113.1 -179.0   54.1    nan  1.028   94.0  3.809  5.376   51.9   74.2
F -106.8  161.1  106.5 -178.3  -91.1    nan  0.968  111.2  3.799  5.524   72.7   85.4
D  -96.4  109.9   99.8  171.8  173.1    nan  0.967  101.3  3.796  5.422 -119.2 -121.4
L  -94.3   12.7  113.4 -175.6  -58.3    nan  1.108   90.8  3.820  6.020 -165.0 -159.2
S  -68.4  155.1  108.1  178.8   60.5    nan  1.043   77.7  3.791  5.958  113.5  126.0
H  -61.2  127.2  109.1  180.0  173.3    nan  1.081   86.4  3.807  5.568  -79.9  -87.8
G   76.1   22.6  115.9  178.9    nan    nan    nan   93.4  3.771    nan    nan    7.6
S  -69.1  142.3  106.9  178.9   81.2    nan  1.059   83.3  3.813    nan    nan  134.1
A  -67.6  -26.1  111.1 -178.4    nan    nan  1.078  101.4  3.794  5.594  -98.6 -106.5
Q  -68.0  -45.0  108.4  178.9  -88.9    nan  1.050   93.3  3.805  5.593   74.8   90.6
V  -66.6  -44.1  108.6 -179.8  173.8  -62.3  1.078   94.6  3.780  5.250   56.8   75.2
K  -58.0  -53.3  110.4 -179.3  -83.2    nan  1.047   94.6  3.805  5.496   72.5   84.8
G  -56.9  -42.3  112.2 -178.6    nan    nan    nan  101.0  3.792    nan    nan   78.9
H  -67.3  -36.4  109.8 -178.6 -175.6    nan  1.121   97.2  3.797    nan    nan   79.0
G  -60.9  -41.9  108.6  178.7    nan    nan    nan  100.1  3.809    nan    nan   87.3
K  -60.2  -52.0  110.2  178.1 -171.2    nan  1.028   94.0  3.795    nan    nan   82.7
K  -51.4  -49.0  111.2 -180.0  -89.0    nan  1.046  101.3  3.805  5.207   74.6   83.6
V  -66.5  -44.8  111.1 -179.0  168.8  -63.2  1.092   92.9  3.806  5.140   54.0   73.7
A  -57.5  -49.9  109.0 -179.5    nan    nan  1.055   97.9  3.814  5.398   67.3   85.0
D  -52.2  -43.8  112.3 -180.0  -72.3    nan  1.088  103.6  3.818  5.341   67.4   84.9
A  -66.3  -34.9  109.9 -179.3    nan    nan  1.102   98.7  3.811  5.338   59.1   78.2
L  -66.5  -43.0  110.0  179.5  -77.6    nan  1.022   94.5  3.829  5.433   72.0   84.5
T  -55.1  -53.4  109.3  177.5  -68.6  169.2  1.050   97.1  3.788  5.336   69.3   85.8
N  -59.9  -34.0  110.2  179.5 -178.7    nan  1.095  104.4  3.779  5.101   55.6   73.5
A  -72.4  -37.1  111.6  179.3    nan    nan  1.091   91.7  3.825  5.496   60.9   80.2
V  -65.3  -46.2  107.8  179.0  164.6  -69.8  1.043   95.1  3.838  5.429   69.2   82.9
A  -57.2  -38.6  111.6  176.9    nan    nan  1.060  103.3  3.807  5.236   65.0   79.9
H -114.6   41.4  110.6  177.9  -51.7    nan  1.048   84.3  3.838  5.187   14.1   33.9
V  -53.5  -29.2  110.8 -178.3   78.5 -152.5  1.088  112.4  3.799  6.080  162.5  169.3
D  -82.4  -19.9  113.2 -178.4  -69.9    nan  1.070   89.5  3.795  5.424   54.6   77.0
D -133.7   37.6  114.1 -174.1 -165.5    nan  0.975   68.5  3.847  4.829   24.0   36.8
M  -48.2  -53.0  115.1 -176.2  -83.7    nan  1.177   98.6  3.791  6.112  148.3  173.1
P  -48.3  -40.4  111.8 -177.0  -22.4    nan  0.995  109.1  3.786  5.279   81.7   89.8
N  -83.8  -41.7  110.7 -177.7  -90.7    nan  1.176   81.2  3.729  4.933   28.6   66.0
A  -62.5  -30.7  111.6  179.3    nan    nan  1.092  103.3  3.777  5.536   65.9   82.9
L -109.0   18.2  116.0 -177.5  -47.2    nan  1.079   79.6  3.830  5.124   27.9   52.4
S  -50.4  -50.3  113.0 -178.1   75.2    nan  1.126  100.1  3.823  6.088  137.7  151.4
A  -57.9  -44.6  113.0 -179.2    nan    nan  1.078   98.5  3.821  5.318   70.1   80.7
L  -68.2  -36.4  109.6  179.4 -102.0    nan  1.072   96.6  3.782  5.149   57.5   74.7
S  -67.3  -32.9  109.1  179.4  -22.4    nan  1.069   99.2  3.847  5.622   66.4   82.3
D  -64.5  -61.8  107.8  178.0  -86.1    nan  0.983   87.8  3.799  5.459   82.2   86.2
L  -44.3  -55.7  111.1 -179.7  172.1    nan  1.126  101.3  3.800  5.004   62.0   81.0
H  -64.4  -43.3  113.0 -179.6  -73.4    nan  1.124   94.2  3.818  5.382   52.3   69.1
A  -71.3  -38.8  114.0 -177.7    nan    nan  1.095   90.5  3.822  5.361   62.6   76.8
H -106.4  -19.0  117.6 -173.3  -51.3    nan  1.134   65.7  3.809  4.969   26.0   51.8
K -113.4  -68.9  111.8  179.7  178.9    nan  1.095   62.6  3.796  5.298   35.3   56.1
L  -60.2  -49.9  112.8 -177.3  -53.1    nan  1.111   93.6  3.837  4.984   46.6   63.1
R   53.5   44.0  115.4  179.5  -72.3    nan  1.134  100.9  3.778  5.507  177.6 -176.7
V  -67.8  135.7  109.1  176.9  177.3  -53.6  1.007   86.7  3.783  6.156  156.6  153.2
D  -63.8  134.8  108.6  178.3 -168.1    nan  1.062   83.8  3.815  5.834 -107.8 -111.3
P  -48.4  -31.3  115.5  179.6  -34.9    nan  1.009  113.6  3.830  5.420  -80.4  -98.2
V  -59.1  -31.2  111.5 -179.2  170.7  -65.3  1.093  106.0  3.837  5.505   73.2   97.4
N  -67.5  -22.4  114.0 -175.4  -60.6    nan  1.078  102.2  3.796  5.466   74.8   92.5
F  -67.1  -34.4  109.2 -175.8  -70.9    nan  1.144   98.6  3.786  5.536   73.7  100.0
K  -66.6  -31.4  111.7  179.7  -26.5    nan  1.080   99.3  3.821  5.598   71.2   85.1
L  -71.4  -46.6  110.9  178.9  -49.8    nan  1.097   88.4  3.829  5.379   64.8   83.0
L  -64.4  -42.4  108.5  176.7 -144.6    nan  1.000   97.3  3.821  5.499   65.5   73.3
S  -57.3  -52.6  108.6 -178.1  -72.6    nan  1.079   96.7  3.834  5.304   71.3   87.6
H  -53.6  -46.6  112.6  177.0  169.0    nan  1.108  100.6  3.827  5.353   62.8   78.4
C  -65.4  -26.7  111.7 -179.3  -70.2    nan  1.111  102.8  3.849  5.373   58.4   76.7
L  -75.2  -40.4  108.7  178.3 -134.3    nan  0.996   89.7  3.791  5.444   70.2   83.0
L  -62.4  -52.3  106.4  179.3  -76.8    nan  1.021   94.9  3.837  5.397   64.8   82.1
V  -51.9  -46.1  109.8 -180.0  171.4  -66.0  1.160  103.7  3.791  5.259   60.3   81.8
T  -61.8  -40.8  113.4  179.5  -57.1  179.8  1.105   97.4  3.829  5.529   65.9   79.3
L  -69.0  -45.9  108.3 -179.7  -74.1    nan  1.077   92.3  3.787  5.301   59.1   78.0
A  -52.1  -47.6  111.3  179.7    nan    nan  1.052  101.7  3.835  5.469   74.2   87.9
A  -66.3  -25.2  113.3 -178.1    nan    nan  1.079  102.1  3.788  5.125   58.1   75.6
H -111.1  -21.3  114.0 -176.6  -66.5    nan  1.089   61.7  3.793  5.142   32.1   55.7
L -125.0   62.5  109.9 -178.2  -57.8    nan  1.023   89.0  3.852  5.072   25.6   42.3
P  -52.7  -53.6  114.2 -178.8   20.3    nan  1.061   95.5  3.788  6.069 -174.1 -170.1
A  -61.9  -35.7  113.2 -179.7    nan    nan  1.046  100.3  3.807  5.260   55.8   74.5
E  -86.6  -16.8  115.2 -176.4  -53.8    nan  1.080   86.2  3.792  5.099   47.9   70.2
F  -86.0   56.6  112.5 -177.0 -161.5    nan  1.119  110.9  3.816  5.455   63.0   86.7
T  -75.7  161.8  109.6  178.0   76.3  -45.1  1.042   82.3  3.769  6.180  163.1  158.5
P  -51.2  -42.5  113.3  178.8  -30.4    nan  1.020  104.7  3.792  5.139  -63.0  -70.9
A  -72.7  -34.8  110.9 -178.8    nan    nan  1.117   92.9  3.793  5.228   45.3   74.4
V  -71.5  -37.8  109.7  179.6  165.9  -70.1  1.130   93.1  3.812  5.468   59.5   80.3
H  -59.0  -46.8  108.8  177.5  176.5    nan  1.060   98.7  3.825  5.538   75.7   86.6
A  -57.3  -49.6  111.6  178.4    nan    nan  1.074   96.5  3.836  5.288   66.7   81.1
S  -61.0  -52.5  113.1  178.3  -64.7    nan  1.071   91.2  3.824  5.281   61.3   75.8
L  -56.7  -41.9  110.9  178.9  -80.5    nan  1.029  102.1  3.827  5.178   66.8   78.1
D  -60.1  -52.1  109.7  179.5 -165.6    nan  1.093   94.3  3.820  5.325   61.7   84.3
K  -57.5  -37.1  110.5  179.8  -74.0    nan  1.040  104.5  3.822  5.414   66.9   77.5
F  -66.6  -48.2  110.9 -178.2  169.4    nan  1.128   91.2  3.806  5.256   65.3   84.0
L  -67.1  -36.4  107.4  179.6  -70.1    nan  1.091   98.6  3.790  5.261   53.4   71.7
A  -60.3  -45.3  109.3  177.9    nan    nan  1.102   98.3  3.807  5.614   68.4   87.2
S  -63.7  -41.4  111.8 -179.4  -58.6    nan  1.071   96.4  3.816  5.385   65.5   78.8
V  -62.0  -40.0  108.4  178.9  162.0  -74.5  1.062  100.4  3.810  5.310   66.4   82.2
S  -64.9  -45.5  111.3 -179.8  -71.3    nan  1.089   93.6  3.817  5.363   62.2   81.3
T  -59.1  -46.5  110.2  177.5  -64.8  174.5  1.083   97.9  3.794  5.346   64.9   80.3
V  -61.4  -48.6  110.9  179.1  171.5  -65.5  1.125   94.7  3.784  5.349   59.1   78.8
L  -64.0  -21.3  114.2 -178.3  -74.9    nan  1.155  106.0  3.809  5.258   55.5   77.3
T -114.3   10.1  114.8 -179.5   67.7  -55.4  1.095   70.2  3.826  5.345   31.6   53.5
S  -72.0  -25.4  114.4 -177.6   63.7    nan  1.137   96.3  3.813  5.902  105.4  124.5
K -102.6   20.4  112.7 -179.9  -65.4    nan  0.984   85.8  3.858  5.403   49.7   61.4
Y  -64.9  -37.3  112.5 -175.2  -96.4    nan  1.111   97.3  3.829  5.920  121.7  142.1
R -158.5    nan  110.6 -179.8   56.4    nan  1.091    nan  3.768  4.804  -28.6   -9.7
