Id   phi    psi    tau  omega    chi    chi2  solid    eta  CA-CA  CB-CB  BA^AB  NA^AC
M    nan -155.4  107.7    nan  -72.6    nan  0.972    nan    nan    nan    nan    nan
H -125.9   37.1  101.2  168.9 -175.0    nan  1.203   68.1  3.786  5.350 -125.1  -98.4
L  -87.9  124.4  107.3  178.9  -96.3    nan  1.024  102.9  3.763  6.037  144.1  131.8
T  -73.3  142.5  105.8  176.3  -79.5  154.7  0.958   86.1  3.797  5.842 -117.3 -137.3
P  -44.6  -39.1  111.3  179.0    5.5    nan  0.965  113.1  3.792  5.352  -73.5  -86.1
E  -69.9  -42.2  109.8 -179.2  -67.2    nan  1.076   92.3  3.791  5.168   53.5   78.5
E  -70.6  -18.7  110.0  177.9  -66.1    nan  0.986  102.2  3.796  5.352   65.6   72.4
K  -82.5  -35.4  111.7 -179.7  -77.5    nan  1.029   83.9  3.805  5.404   71.0   85.1
S  -75.8  -32.9  107.8 -179.5   79.0    nan  1.096   92.6  3.783  5.207   55.5   76.1
A  -63.8  -40.9  109.4 -179.3    nan    nan  1.065   98.0  3.808  5.520   74.8   88.7
V  -70.3  -52.0  109.2 -179.1  160.0  -75.3  1.019   87.9  3.789  5.233   62.7   76.0
T  -58.3  -41.4  114.0 -176.0 -103.2  128.4  1.099   99.5  3.779  4.996   57.9   80.0
A  -78.4  -29.4  115.7 -178.9    nan    nan  1.119   88.0  3.789  5.209   47.0   70.7
L  -74.7  -44.7  105.0  179.9 -171.2    nan  1.026   90.7  3.836  5.428   65.3   81.9
W  -56.2  -38.6  114.8 -178.3 -156.2    nan  1.069  102.5  3.778  5.360   69.4   86.5
G  -61.6  -21.6  110.8 -179.1    nan    nan    nan  109.1  3.806    nan    nan   87.9
K  -93.1    0.4  112.5  178.5  -70.5    nan  0.999   87.1  3.809    nan    nan   71.0
V  -90.6  136.0  113.2 -174.9  164.4  -70.2  1.093  106.3  3.823  5.480   74.9   99.7
N  -95.3   97.0  102.8  172.9  177.5    nan  0.983  103.4  3.786  5.776 -132.7 -151.7
V  -56.4  -34.4  112.0 -178.3  163.5  -68.3  1.071  106.2  3.816  5.991 -136.6 -139.8
D  -56.5  -60.2  109.9 -177.2  -72.8    nan  1.095   91.6  3.800  5.476   74.9   97.1
E  -67.9  -48.2  112.2 -179.6  -63.0    nan  1.038   89.4  3.763  5.077   49.7   61.0
V  -64.1  -38.0  113.1 -178.7  173.6  -63.1  1.155   97.3  3.824  5.142   54.7   77.5
G  -67.7  -42.3  112.0  178.2    nan    nan    nan   92.8  3.819    nan    nan   80.4
G  -68.1  -37.8  110.0 -179.6    nan    nan    nan   95.8  3.835    nan    nan   77.5
E  -71.4  -41.7  115.2  179.8 -141.3    nan  1.098   88.3  3.817    nan    nan   78.6
A  -62.4  -51.9  108.7  178.3    nan    nan  1.072   93.5  3.840  5.318   68.4   81.8
L  -63.6  -42.2  114.0  178.0 -164.7    nan  1.128   94.9  3.811  5.300   52.8   71.2
G  -63.8  -48.7  108.5  179.4    nan    nan    nan   94.4  3.794    nan    nan   80.9
R  -58.4  -38.8  109.8 -178.0  -81.4    nan  1.102  103.2  3.812    nan    nan   81.2
L  -58.1  -48.8  110.4  179.7  179.4    nan  1.092   97.2  3.794  5.446   74.0   88.9
L  -65.0  -25.8  111.9 -177.5  -69.0    nan  1.075  103.5  3.825  5.256   58.1   76.1
V  -88.5  -49.1  112.4 -178.9  168.6  -63.2  1.094   74.3  3.803  5.269   49.2   73.7
V  -69.6  -44.2  112.0 -177.1 -178.5  -54.8  1.146   90.3  3.855  5.321   47.0   72.4
Y -117.7   74.4  110.1  179.2  -47.8    nan  1.023   99.7  3.806  5.034   12.1   25.1
P  -48.4  -29.3  116.2 -177.8   -3.1    nan  1.093  114.7  3.766  6.025 -153.7 -154.5
W  -65.6  -19.0  113.2 -177.0   54.3    nan  1.142  105.9  3.820  5.580   69.7   95.8
T  -68.3  -14.7  110.8  179.8   64.6  -58.6  1.140  105.9  3.831  5.724   80.2   98.5
Q  -67.5  -12.2  111.3  179.8  -56.4    nan  1.101  107.6  3.814  5.826   88.0  103.2
R  -57.7  -20.1  113.0 -179.3   71.3    nan  1.070  112.9  3.799  5.831  106.1  115.8
F  -98.0   -8.0  112.0 -176.4  -48.7    nan  1.070   79.1  3.824  5.358   52.5   73.6
F -120.8   45.8  114.6 -175.1  -52.0    nan  1.032   84.2  3.814  5.098   43.7   61.6
E  -67.8  -39.1  110.8 -178.9  -61.8    nan  1.028   95.0  3.811  6.186  151.8  158.8
S  -73.2   -3.3  114.3 -178.8   69.2    nan  1.140  105.4  3.793  5.135   54.7   76.2
F  -80.0  -25.2  109.7  179.4  -76.0    nan  1.105   90.9  3.830  5.768   85.2  101.4
G  117.4 -130.7  116.8  179.7    nan    nan    nan  127.1  3.792    nan    nan  -94.1
D  -82.9  107.8  111.5 -177.8 -176.4    nan  1.060  108.0  3.778    nan    nan  -14.1
L -125.1   21.9  107.5  180.0  -46.7    nan  1.028   63.8  3.794  5.865  167.4  155.9
S  -63.2  -26.1  114.9 -177.9  -49.5    nan  1.075  103.9  3.808  6.067  125.1  143.4
T -144.1  158.8  110.7 -178.6   73.5  -46.5  0.988  146.1  3.801  4.789    4.2   18.0
P  -47.6  -53.7  108.0  177.3  -34.0    nan  0.925  102.4  3.799  5.122  -62.1  -72.7
D  -53.3  -47.0  111.3 -179.7  -23.5    nan  1.122  101.2  3.809  5.024   52.3   79.8
A  -66.8  -29.2  112.1  179.0    nan    nan  1.060  100.1  3.807  5.338   59.8   73.5
V  -77.9  -54.0  107.5 -178.5  171.4  -64.4  1.072   83.4  3.822  5.424   59.1   80.5
M  -57.2  -34.9  112.0 -178.3  -51.5    nan  1.154  105.4  3.786  5.171   55.2   77.0
G  -82.5  -25.4  112.7  179.8    nan    nan    nan   87.4  3.830    nan    nan   70.8
N  -60.2  118.5  110.3 -178.2 -175.6    nan  1.137   91.6  3.808    nan    nan  101.7
P  -71.6  -25.6  113.7 -179.5   29.1    nan  0.994   96.9  3.790  5.740 -113.4 -138.4
K  -69.8  -35.6  106.9  178.5  -97.4    nan  1.033   97.0  3.797  5.494   69.6   89.3
V  -69.4  -45.6  108.6  179.6  151.7  -83.2  1.053   91.9  3.797  5.298   65.5   79.7
K  -63.4  -41.6  111.4 -178.0  -70.0    nan  1.115   96.7  3.770  5.233   58.2   79.5
A  -75.0  -30.0  111.5 -178.3    nan    nan  1.131   92.7  3.795  5.284   50.7   72.8
H  -72.5  -38.2  108.6  177.6 -171.9    nan  1.091   92.8  3.801  5.659   67.2   82.2
G  -60.9  -37.5  112.1  179.7    nan    nan    nan  100.7  3.824    nan    nan   86.8
K  -70.0  -36.1  111.6  179.7 -159.7    nan  1.039   94.2  3.807    nan    nan   79.5
K  -69.3  -45.3  109.4  178.7 -172.1    nan  1.025   91.6  3.810  5.296   66.4   80.1
V  -63.5  -52.8  110.7  178.6  157.9  -75.0  1.116   91.0  3.815  5.142   53.5   77.0
L  -65.8  -25.3  110.9 -179.9 -110.9    nan  1.122  103.4  3.861  5.356   46.0   69.6
G  -61.9  -58.9  106.4  178.4    nan    nan    nan   91.7  3.793    nan    nan   96.2
A  -55.8  -39.8  110.9  179.5    nan    nan  1.070  104.1  3.798    nan    nan   71.5
F  -64.1  -50.6  106.9 -179.7  171.7    nan  1.033   94.3  3.807  5.364   69.0   82.3
S  -49.0  -50.0  112.4  179.8 -152.0    nan  1.106  101.6  3.787  5.274   69.6   86.2
D  -62.3  -32.1  111.3  180.0  -62.3    nan  1.174  102.9  3.813  5.219   53.1   75.6
G  -67.1  -24.9  112.6  179.2    nan    nan    nan  101.7  3.837    nan    nan   86.9
L  -69.3   -9.5  112.0  179.7  -69.6    nan  1.080  106.9  3.823    nan    nan   91.8
A  -94.9  -10.1  110.5  179.2    nan    nan  1.033   81.7  3.799  5.548   61.4   80.2
H -130.1   41.2  110.4  179.9  -43.8    nan  1.059   72.0  3.808  5.192   24.9   45.6
L  -56.3  -16.0  112.7 -178.6 -131.7    nan  1.079  116.5  3.801  6.057  159.2  166.5
D  -98.7    1.7  111.9 -178.8  -58.3    nan  1.099   81.9  3.814  5.374   45.5   72.6
N -164.7   64.2  108.5  178.5 -174.8    nan  1.083   69.8  3.805  5.067   -0.2   18.2
L  -66.6  -34.9  106.9  178.9  -58.6    nan  1.037  100.0  3.799  6.170  176.7  175.7
K  -55.3  -52.2  113.0 -179.4 -123.5    nan  1.118   95.4  3.787  5.486   73.5   95.8
G  -72.6  -32.9  110.1 -179.7    nan    nan    nan   94.1  3.815    nan    nan   64.6
T  -66.3  -38.5  111.2  178.7  -52.3 -174.6  1.107   96.2  3.790    nan    nan   86.6
F -102.1    9.7  116.1 -177.7  -65.0    nan  1.146   82.3  3.820  5.125   26.9   52.6
A  -52.0  -52.2  115.8 -178.5    nan    nan  1.156   96.1  3.810  5.998  128.9  142.6
T  -65.9  -39.0  112.8 -178.8  -54.4 -175.2  1.071   95.5  3.846  5.372   59.6   72.6
L  -68.9  -33.9  108.5  177.1 -142.6    nan  1.059   97.7  3.796  5.187   60.0   76.5
S  -65.1  -46.2  110.0  177.4 -174.3    nan  1.099   93.9  3.850  5.610   64.3   84.8
E  -63.9  -43.5  112.4  178.4  -54.5    nan  1.017   94.8  3.800  5.359   70.1   76.5
L  -58.3  -48.2  113.0 -179.6  176.1    nan  1.056   95.9  3.786  5.163   70.3   86.2
H  -61.9  -34.9  112.4 -178.9  -81.4    nan  1.109  101.1  3.807  5.207   57.5   79.0
C  -77.6  -66.5  111.2  179.1 -176.9    nan  1.037   76.2  3.800  5.398   61.4   74.0
D  -71.1  -30.1  117.0 -173.6  -61.0    nan  1.207   93.7  3.788  4.656   30.4   58.7
K -111.7  -46.9  112.8 -178.4  -84.2    nan  1.078   59.0  3.780  5.267   29.8   50.2
L  -86.2  -22.8  116.0 -176.1  -51.4    nan  1.095   83.7  3.779  4.958   38.4   61.3
H   55.3   46.5  111.6 -178.2  -61.5    nan  1.035   99.9  3.842  5.616 -148.8 -147.6
V  -93.7  123.7  108.9 -179.3  177.4  -56.0  1.007  107.8  3.792  5.986  126.6  135.2
D  -65.1  127.8  106.7  178.7  172.3    nan  1.012   87.0  3.823  5.835 -121.5 -126.2
P  -55.0  -19.1  114.0  179.2  -24.3    nan  1.031  115.7  3.835  5.801 -101.0 -110.3
E  -60.6  -29.1  110.5  179.8 -176.2    nan  1.038  106.3  3.804  5.668   88.6  105.9
N  -59.8  -35.3  111.2  178.4  -77.2    nan  1.020  103.2  3.810  5.433   82.4   95.4
F  -63.0  -36.2  109.6 -178.3  -57.0    nan  1.103  101.0  3.828  5.391   66.1   89.2
R  -72.5  -42.9  111.0  178.9  -76.3    nan  1.070   89.3  3.786  5.374   61.5   77.0
L  -60.6  -46.6  109.2  179.2  -65.7    nan  1.047   97.4  3.790  5.364   67.6   82.9
L  -60.0  -45.0  111.3 -178.0  178.0    nan  1.097   97.5  3.816  5.289   59.6   82.2
G  -50.3  -49.0  110.6  179.8    nan    nan    nan  102.4  3.792    nan    nan   91.1
N  -67.9  -39.7  111.0 -178.2  -82.2    nan  1.104   94.4  3.782    nan    nan   72.7
V  -60.3  -47.1  107.0  176.3  166.1  -71.6  1.078   98.7  3.811  5.497   66.7   83.2
L  -51.1  -51.1  109.9  178.6  179.7    nan  1.096  100.9  3.846  5.463   69.9   86.2
V  -56.8  -38.1  112.4  178.8  174.0  -62.8  1.113  103.6  3.811  5.368   60.1   78.9
C  -70.1  -36.2  110.1 -179.7  -72.8    nan  1.070   94.8  3.834  5.508   62.5   79.8
V  -66.4  -42.9  109.1  179.0  162.8  -72.5  1.099   95.1  3.819  5.376   63.0   83.0
L  -62.6  -40.8  110.9  179.5  -65.0    nan  1.101   98.2  3.852  5.513   61.5   80.8
A  -65.0  -43.0  108.4 -179.5    nan    nan  0.977   96.6  3.780  5.396   71.7   81.4
H  -54.2  -49.6  110.3 -179.3 -172.8    nan  0.990   99.5  3.781  5.211   76.1   88.7
H  -71.3  -48.6  116.2 -179.5  -80.5    nan  1.094   84.2  3.771  5.051   49.8   68.2
F  -95.7   -5.2  116.6 -173.4  -66.0    nan  1.179   82.0  3.832  4.859   27.6   53.0
G   38.5 -118.0  110.7  179.2    nan    nan    nan   80.1  3.802    nan    nan -149.2
K  -38.2  -53.4  112.3  179.3  -51.6    nan  1.007  106.3  3.791    nan    nan   36.1
E  -56.0  -28.8  114.9 -177.3 -126.8    nan  1.064  108.8  3.794  5.063   67.9   81.6
F  -88.8   75.0  109.1 -178.5 -160.6    nan  1.041  108.8  3.806  5.193   53.1   71.4
T  -76.7  161.0  112.0 -178.6   76.3  -45.2  1.047   84.3  3.826  6.207 -179.8  178.1
P  -47.3  -47.8  112.6  180.0  -25.4    nan  1.086  104.3  3.827  5.203  -65.5  -68.1
P  -65.2  -35.0  111.9  178.3  -11.6    nan  0.999   98.6  3.817  5.257   57.5   74.1
V  -73.5  -38.3  108.2  178.6  173.3  -62.8  1.081   92.1  3.814  5.382   51.8   77.6
Q  -59.1  -44.6  109.9  177.0  170.6    nan  1.024   99.2  3.828  5.545   76.3   86.2
A  -55.3  -44.3  111.9  179.9    nan    nan  1.072  101.1  3.844  5.285   69.6   86.6
A  -67.4  -38.1  110.8  178.3    nan    nan  1.073   95.8  3.820  5.327   56.9   75.0
Y  -71.0  -32.4  112.2  179.3  -91.6    nan  1.115   94.8  3.819  5.404   56.5   78.4
Q  -63.0  -37.5  108.1  179.6  -66.3    nan  1.044  101.1  3.813  5.647   79.0   90.3
K  -66.9  -37.9  111.4  179.5  -69.0    nan  1.076   95.9  3.779  5.355   67.8   81.9
V  -69.1  -50.9  111.7 -179.6  173.2  -62.4  1.080   87.5  3.812  5.339   63.5   80.9
V  -58.5  -40.1  109.3 -178.2  -64.2   63.6  1.178  102.6  3.805  5.372   56.0   79.6
A  -66.6  -47.2  109.2  178.1    nan    nan  0.977   92.8  3.808  5.520   76.6   78.5
G  -55.3  -46.3  109.6  178.2    nan    nan    nan  101.2  3.798    nan    nan   82.7
V  -63.5  -42.9  111.7 -179.0  169.5  -66.4  1.115   95.8  3.808    nan    nan   78.8
A  -60.1  -44.8  109.1 -178.7    nan    nan  1.057   98.8  3.829  5.437   72.8   84.9
N  -59.8  -45.8  111.1 -179.8  -87.8    nan  1.099   97.4  3.804  5.255   62.4   82.3
A  -61.7  -44.4  110.4  179.6    nan    nan  1.032   97.1  3.807  5.376   64.9   79.6
L  -66.0  -27.8  113.2 -178.5  -97.2    nan  1.095  101.1  3.805  5.183   55.5   79.0
A  -88.5  -15.4  114.5 -178.2    nan    nan  1.040   85.1  3.808  5.351   53.0   73.5
H  -51.1  -42.2  115.9 -176.2  165.7    nan  1.208  103.8  3.806  5.614   95.2  121.8
K  -89.6    8.5  116.8 -179.1  -52.6    nan  1.120   94.3  3.843  5.373   42.3   61.1
Y  -69.7  141.9  109.3  179.1  -81.3    nan  1.058   85.3  3.831  5.906  111.7  121.3
H -154.3    nan  108.1 -177.7   55.5    nan  0.982    nan  3.796  5.705  178.2  164.1
