Id   phi    psi    tau  omega    chi    chi2  solid    eta  CA-CA  CB-CB  BA^AB  NA^AC
V    nan  163.1  110.3    nan -156.3  -29.6  1.030    nan    nan    nan    nan    nan
L  -82.3  127.2  108.3  177.1  -68.2    nan  1.025   99.6  3.803  5.401  -99.2 -100.1
S  -87.2  167.6  108.2  178.5   72.9    nan  0.963   91.1  3.833  5.832 -131.1 -145.0
P  -52.3  -44.2  108.0  180.0  -33.1    nan  0.977  105.5  3.847  5.174  -63.3  -64.5
A  -55.5  -50.6  113.1  179.1    nan    nan  1.001   96.3  3.804  5.150   67.3   85.6
D  -56.0  -48.0  108.5  177.3  -74.4    nan  1.003  100.4  3.786  5.206   64.8   78.9
K  -60.3  -41.5  112.5 -176.4  -68.8    nan  1.112   98.7  3.814  5.173   61.4   82.0
T  -64.4  -43.6  109.9  177.6  -62.1  173.0  1.010   95.8  3.781  5.391   69.3   79.7
N  -58.6  -48.4  111.6 -179.0  -72.8    nan  1.097   96.3  3.802  5.298   65.0   85.5
V  -64.8  -44.3  114.0 -178.8  165.1  -68.1  1.126   92.7  3.779  5.185   56.0   76.4
K  -65.3  -38.8  109.2 -179.3  -66.1    nan  1.032   98.0  3.824  5.424   65.7   78.8
A  -63.9  -57.8  111.4  179.5    nan    nan  1.096   87.6  3.779  5.236   62.7   83.4
A  -61.7  -45.3  112.2 -179.2    nan    nan  1.095   95.6  3.837  5.238   50.9   70.0
W  -64.7  -33.0  109.1  178.1 -161.8    nan  1.103  101.4  3.814  5.401   57.5   76.0
G  -54.6  -45.4  109.6  178.7    nan    nan    nan  102.2  3.813    nan    nan   96.5
K  -68.0  -32.0  112.8 -179.7  -62.6    nan  1.076   97.3  3.813    nan    nan   74.3
V  -57.1  -47.2  107.1  178.4  168.0  -65.6  1.054  100.8  3.799  5.484   81.9   95.2
G   50.2 -126.4  111.6  177.9    nan    nan    nan   81.2  3.807    nan    nan -179.2
A  -72.4    0.6  115.3 -178.2    nan    nan  1.036  107.8  3.794    nan    nan   -2.2
H  -98.8  -10.2  110.8 -178.6  -70.5    nan  1.086   77.7  3.787  5.524   64.6   88.9
A  -40.1  -52.5  112.1 -179.8    nan    nan  1.077  105.8  3.805  5.857  123.9  133.1
G  -52.9  -55.0  112.4 -179.4    nan    nan    nan   95.6  3.806    nan    nan   83.0
E  -63.1  -36.6  112.1 -179.5  127.0    nan  1.102   99.4  3.809    nan    nan   71.3
Y  -72.1  -32.6  108.7 -179.8  -63.0    nan  1.070   95.5  3.791  5.364   60.9   78.5
G  -65.3  -45.7  109.3  179.3    nan    nan    nan   94.4  3.851    nan    nan   87.2
A  -60.8  -45.3  111.4  178.1    nan    nan  1.079   96.7  3.801    nan    nan   78.8
E  -63.4  -40.3  111.6  179.1 -180.0    nan  1.082   97.4  3.806  5.368   61.9   78.2
A  -61.1  -40.2  109.1  177.4    nan    nan  1.056  100.6  3.806  5.398   72.5   83.3
L  -64.0  -52.1  108.7 -179.7  -69.3    nan  1.080   92.4  3.831  5.345   64.0   82.2
E  -56.0  -44.4  112.1  179.1 -158.1    nan  1.059  100.4  3.818  5.406   66.1   78.6
R  -59.8  -39.2  109.3  179.2  -68.7    nan  1.049  102.1  3.807  5.356   70.1   82.5
M  -67.5  -40.1  112.2 -177.6 -175.8    nan  1.107   93.8  3.804  5.294   60.9   82.4
F  -64.1  -40.0  111.1  179.2  -67.0    nan  1.141   97.3  3.796  5.421   61.2   82.6
L  -75.5  -42.5  114.3 -179.4  -65.5    nan  1.136   85.1  3.815  5.366   54.4   73.4
S  -83.3  -32.8  114.4 -179.5  -48.0    nan  1.107   82.9  3.800  5.206   45.4   64.9
F -132.1   78.8  107.1 -177.6  -45.5    nan  1.008   94.8  3.823  4.938    6.3   24.6
P  -58.3  -21.2  115.6 -176.5  -21.1    nan  1.064  111.0  3.806  6.084 -156.9 -157.9
T  -66.5  -19.0  110.5  178.6   68.4  -56.2  1.118  105.8  3.786  5.624   75.2   97.6
T  -73.5  -17.6  110.9 -178.3   64.5  -60.0  1.112   99.6  3.862  5.710   77.3   94.8
K  -66.6  -23.2  113.0  178.9  -70.5    nan  1.101  103.0  3.788  5.687   83.3  100.6
T  -59.3  -19.1  112.0  179.8   65.3  -57.7  1.124  112.2  3.824  5.655   85.2  103.2
Y  -90.8   -8.5  112.7 -179.7  -64.7    nan  1.085   85.9  3.828  5.558   58.9   77.7
F -128.6   50.4  109.3 -177.2  -57.9    nan  1.034   78.5  3.809  5.162   32.2   51.5
P  -64.6  -22.2  111.1 -178.2   27.8    nan  1.022  106.0  3.799  6.081  160.1  168.1
H  -90.0   -1.4  114.7 -178.1   52.5    nan  1.067   89.4  3.793  5.350   50.4   76.4
F  -99.8  151.5  111.9 -179.3  -82.7    nan  1.036  109.0  3.802  5.612   71.0   85.6
D  -87.7  110.8   98.4  172.1  163.6    nan  0.928   97.0  3.756  5.348 -112.5 -126.1
L  -98.0   19.8  110.6 -177.6  -58.5    nan  1.097   89.3  3.830  6.015 -174.2 -162.3
S  -72.2  156.1  109.0 -179.7   65.6    nan  1.079   81.1  3.786  6.044  114.6  131.0
H  -56.4  118.3  108.0  178.4  177.0    nan  1.050   88.0  3.789  5.337  -70.8  -84.5
G   85.6   21.0  111.7  178.0    nan    nan    nan   86.5  3.772    nan    nan    8.5
S  -61.2  133.9  107.2  178.1  172.5    nan  0.982   81.5  3.779    nan    nan  139.9
A  -69.9  -29.7  108.5  179.0    nan    nan  1.051   98.6  3.808  5.734 -115.2 -119.7
Q  -64.5  -44.4  109.1  179.6 -104.5    nan  1.088   95.8  3.799  5.530   72.4   90.9
V  -64.9  -42.7  110.0  179.6  177.5  -58.9  1.121   95.9  3.821  5.281   57.6   77.1
K  -56.7  -51.1  109.2  177.8  -72.6    nan  0.955   97.5  3.821  5.551   80.7   84.9
G  -61.5  -40.4  111.1 -178.9    nan    nan    nan   99.1  3.778    nan    nan   75.3
H  -74.1  -38.9  109.7 -179.2 -166.2    nan  1.123   90.5  3.762    nan    nan   73.9
G  -56.6  -40.1  111.4  178.9    nan    nan    nan  103.0  3.807    nan    nan   90.1
K  -64.1  -45.5  110.2 -179.3 -164.6    nan  1.051   94.8  3.804    nan    nan   83.3
K  -57.6  -47.4  111.2 -179.6  -52.7    nan  1.099   97.9  3.761  5.289   69.5   84.4
V  -62.9  -44.2  110.1 -178.9  177.2  -58.3  1.099   96.4  3.815  5.279   60.4   78.1
A  -61.4  -44.5  109.4 -179.0    nan    nan  1.089   97.9  3.799  5.361   62.1   81.8
D  -59.2  -39.7  111.0  178.3  -76.6    nan  1.090  101.4  3.845  5.467   65.6   81.8
A  -66.7  -40.6  110.5 -179.4    nan    nan  1.066   95.2  3.805  5.400   65.1   81.5
L  -65.8  -43.0  109.8  179.8  -76.0    nan  1.033   95.1  3.807  5.295   64.0   80.4
T  -59.0  -38.2  110.1  177.8  -62.4  173.3  1.048  102.9  3.785  5.354   64.4   82.9
N  -68.8  -33.5  111.6  178.2 -171.3    nan  1.112   96.4  3.810  5.347   56.0   78.8
A  -72.5  -35.1  109.2  179.0    nan    nan  1.094   93.7  3.797  5.536   60.9   80.3
V  -66.0  -43.5  108.4  178.9 -179.9  -53.6  1.074   95.6  3.846  5.572   70.1   84.1
A  -60.0  -26.3  112.2  179.4    nan    nan  1.123  107.7  3.844  5.390   64.2   82.6
H -124.9   38.5  111.9 -178.2  -64.7    nan  1.032   75.0  3.823  5.158   21.0   37.6
V  -50.6  -22.9  112.9 -179.0   79.8 -157.3  1.145  117.9  3.787  6.139  156.0  168.9
D  -96.8    3.4  112.2  179.7  -65.3    nan  1.110   84.5  3.820  5.468   45.9   68.9
D -152.7   44.4  110.7 -178.7 -170.7    nan  1.006   58.6  3.843  5.062   23.4   35.5
M  -58.1  -44.4  114.7 -176.8  -72.5    nan  1.155   97.4  3.805  6.144  150.1  169.8
P  -54.3  -41.0  110.5 -179.9  -26.1    nan  1.021  104.7  3.822  5.365   78.2   88.9
N  -80.1  -45.4  110.1  178.1  -60.5    nan  1.136   83.1  3.799  5.255   34.4   65.3
A  -59.4  -27.5  112.3  178.9    nan    nan  1.103  107.5  3.826  5.514   67.8   82.0
L -107.5    1.6  116.2 -178.8  -66.3    nan  1.113   73.2  3.828  5.146   30.3   56.6
S  -38.0  -52.2  114.4 -179.9 -120.5    nan  1.056  106.3  3.849  6.034  140.0  146.3
A  -57.1  -45.1  112.4 -176.6    nan    nan  1.064   99.1  3.804  5.177   68.6   82.4
L  -71.3  -33.3  109.6 -177.6 -142.4    nan  1.060   95.4  3.784  4.939   54.1   73.0
S  -65.1  -41.4  109.9  177.3 -163.8    nan  0.994   96.4  3.812  5.385   66.8   85.0
D  -67.4  -46.1  110.9  178.0  -75.2    nan  1.072   91.6  3.833  5.285   54.2   76.3
L  -58.8  -46.1  113.0 -179.7  178.3    nan  1.044   96.8  3.824  5.260   69.6   83.0
H  -68.6  -43.8  110.6 -178.3  -76.7    nan  1.127   92.1  3.781  5.170   48.2   74.8
A  -67.7  -41.3  113.7 -179.4    nan    nan  1.054   92.2  3.832  5.427   65.0   76.9
H -100.1  -31.9  119.4 -173.9  -55.4    nan  1.150   66.1  3.791  4.911   27.6   54.7
K -109.3  -62.3  111.9 -178.9  179.9    nan  1.099   62.3  3.791  5.070   27.9   50.9
L  -63.8  -43.8  112.3 -177.5  -50.8    nan  1.096   94.8  3.805  5.028   45.0   65.7
R   48.2   48.7  114.5  179.6  -76.2    nan  1.124  102.0  3.791  5.569  175.5 -176.3
V  -70.0  132.0  108.3  175.7  177.6  -59.0  1.037   89.5  3.824  6.239  156.5  153.8
D  -63.1  136.6  107.0  179.2 -170.9    nan  1.034   81.4  3.811  5.825 -104.5 -114.9
P  -47.7  -35.7  117.2  180.0  -28.9    nan  1.059  110.5  3.789  5.411  -82.3  -94.3
V  -61.7  -24.6  113.0 -176.5  -59.8   69.5  1.155  106.7  3.807  5.513   66.7   94.2
N  -69.6  -20.8  114.3 -177.1  -57.5    nan  1.160  100.9  3.780  5.572   77.4   96.0
F  -66.0  -41.4  108.2 -177.3  -71.9    nan  1.113   96.7  3.817  5.657   83.8  100.7
K  -64.4  -30.0  111.0 -179.5   89.0    nan  1.168  102.3  3.795  5.395   57.4   81.1
L  -71.9  -42.4  110.6 -179.5  -57.0    nan  1.080   90.2  3.804  5.567   69.1   85.0
L  -71.8  -44.8  108.1 -179.4  175.6    nan  1.071   90.8  3.795  5.310   54.3   73.4
S  -49.4  -50.1  109.5  179.4  -67.7    nan  1.051  102.9  3.802  5.434   77.4   91.0
H  -55.9  -49.4  110.7 -179.6  171.5    nan  1.129   98.2  3.789  5.305   60.1   81.2
C  -67.3  -23.0  113.1 -179.9  -63.1    nan  1.111  102.3  3.808  5.363   56.9   72.0
L  -72.7  -43.3  108.4  177.1 -132.4    nan  1.023   90.6  3.858  5.483   74.2   87.4
L  -63.4  -41.1  111.3  176.2  -82.1    nan  1.085   97.1  3.830  5.350   55.8   76.7
V  -63.1  -46.9  108.8  177.7  164.9  -70.6  1.117   95.7  3.829  5.443   63.8   80.3
T  -59.9  -47.9  112.5 -179.5  -52.5 -175.4  1.132   95.2  3.820  5.456   65.7   80.8
L  -62.1  -46.5  109.8  179.6  -65.9    nan  1.042   96.0  3.844  5.348   66.0   77.2
A  -54.0  -46.3  109.8  178.2    nan    nan  1.048  102.0  3.824  5.345   69.7   84.3
A  -69.6  -19.6  111.6 -177.8    nan    nan  1.058  102.3  3.797  5.236   57.5   73.5
H -111.2  -24.2  115.8 -176.3  -73.9    nan  1.100   60.2  3.788  5.146   37.9   61.7
L -123.9   65.0  111.6 -177.9  -44.7    nan  1.022   92.4  3.839  5.064   26.4   41.1
P  -59.0  -40.0  112.4 -178.8   25.5    nan  1.018  100.6  3.804  6.047 -174.1 -174.4
A  -70.7  -37.2  112.6 -178.4    nan    nan  1.114   92.5  3.803  5.267   50.8   79.2
E  -86.8  -25.8  114.6  180.0    3.4    nan  1.103   82.5  3.789  5.363   45.1   66.0
F  -72.3   61.8  112.3 -177.2 -156.0    nan  1.165  117.5  3.816  5.439   69.7   91.6
T  -82.8  165.2  108.3  177.5   73.7  -49.8  1.025   87.6  3.793  6.230  166.0  155.8
P  -53.0  -44.0  112.5 -179.8  -29.1    nan  0.992  102.7  3.810  5.104  -59.8  -67.4
A  -65.3  -44.1  110.6 -179.5    nan    nan  1.063   94.5  3.791  5.181   56.0   78.7
V  -68.2  -43.1  108.5 -179.9  158.9  -73.9  1.098   94.0  3.806  5.260   56.3   74.7
H  -54.5  -48.8  109.8  178.4  177.3    nan  1.027  100.1  3.833  5.499   78.4   86.7
A  -61.3  -44.7  111.5  179.0    nan    nan  1.064   96.6  3.822  5.158   60.2   76.2
S  -63.8  -45.3  111.3  179.9  -70.4    nan  1.054   94.5  3.831  5.322   63.0   78.9
L  -64.8  -37.7  111.2 -179.7  -82.6    nan  1.082   97.8  3.812  5.176   59.5   77.3
D  -67.1  -48.6  108.9  177.8 -167.5    nan  1.101   92.0  3.802  5.376   59.7   80.1
K  -61.6  -37.6  108.5  178.3  -74.2    nan  1.055  101.9  3.822  5.477   63.7   75.0
F  -63.3  -54.8  111.2 -179.8  171.3    nan  1.093   89.7  3.827  5.384   71.4   85.6
L  -58.8  -35.3  110.7  179.8  -63.0    nan  1.141  104.3  3.815  5.249   54.2   74.3
A  -63.5  -38.3  110.6  177.8    nan    nan  1.058   98.9  3.807  5.591   74.7   86.1
S  -68.6  -44.8  111.4 -179.9  -79.7    nan  0.997   91.1  3.844  5.372   71.2   79.6
V  -58.7  -49.8  108.0  177.5  169.6  -66.5  1.055   97.7  3.809  5.220   67.1   81.1
S  -54.6  -46.9  111.5  178.5  -70.8    nan  1.084  100.2  3.818  5.281   67.1   80.4
T  -61.9  -40.0  110.3  178.8  -63.3  172.6  1.043   99.4  3.806  5.328   67.1   77.5
V  -65.6  -50.2  109.4 -179.7  166.2  -69.7  1.117   91.8  3.817  5.363   61.4   81.3
L  -62.9  -18.1  115.0 -177.5  -68.3    nan  1.128  108.4  3.810  5.205   58.1   77.1
T -111.5   -2.5  113.6 -175.9  -95.2  131.8  0.991   67.5  3.814  5.116   43.9   59.9
S  -64.4  -27.7  115.4 -176.0   57.7    nan  1.143  101.8  3.789  5.742   90.6  121.6
K -105.4   18.3  114.5 -176.8  -62.2    nan  1.041   82.7  3.806  5.184   42.1   59.9
Y  -63.8  -35.3  114.0 -176.0  -92.3    nan  1.169   98.6  3.817  5.952  117.5  140.5
R -159.9    nan  110.8  177.2   53.1    nan  1.090    nan  3.799  4.954  -25.8  -10.9
