Id   phi    psi    tau  omega    chi    chi2  solid    eta  CA-CA  CB-CB  BA^AB  NA^AC
M    nan  104.1  112.0    nan  -75.8    nan  1.084    nan    nan    nan    nan    nan
H -126.6   77.6  105.0  177.2  177.7    nan  1.070   94.3  3.791  6.028  159.4  149.7
L -107.5  117.3  113.8 -177.6 -127.7    nan  1.091  118.7  3.779  5.936  152.3  155.5
T  -68.6  153.2  107.2  177.5  102.7  -22.9  1.160   78.4  3.789  6.049 -135.8 -139.0
P  -52.3  -40.0  110.0 -178.3  -18.0    nan  0.973  107.1  3.802  5.286  -58.0  -80.6
E  -72.7  -19.8  110.8  179.6   23.6    nan  1.086   99.5  3.775  5.210   49.6   74.1
E  -83.0  -38.2  107.9  178.3  -80.9    nan  1.020   84.7  3.798  5.565   71.5   81.9
K  -68.6  -32.7  111.3 -179.7  170.8    nan  1.080   97.1  3.792  5.136   62.1   79.4
S  -73.4  -39.9  109.0 -179.8  110.0    nan  1.063   91.1  3.807  5.463   60.9   80.9
A  -63.0  -41.5  110.6 -180.0    nan    nan  1.045   97.6  3.787  5.320   69.8   83.1
V  -64.7  -50.9  109.5 -179.1  158.9  -76.0  1.061   92.1  3.821  5.314   64.1   81.4
T  -61.5  -42.4  112.6 -179.6  -81.8  154.2  1.086   97.1  3.775  5.055   55.1   75.0
A  -57.5  -55.6  110.2  178.5    nan    nan  1.032   93.6  3.792  5.458   71.3   86.1
L  -61.2  -46.4  111.9 -177.9 -160.2    nan  1.095   95.5  3.805  5.153   53.4   73.2
W  -55.8  -23.0  111.3 -176.1 -157.5    nan  1.152  113.5  3.762  5.330   68.0   88.4
G  -62.4  -33.3  110.1 -179.7    nan    nan    nan  102.8  3.781    nan    nan  100.3
K  -85.0  -12.1  116.6 -176.6  -42.4    nan  1.094   89.5  3.796    nan    nan   73.1
V  -76.0  138.8  112.9 -176.8  169.4  -63.7  1.081   93.8  3.794  5.565   81.0  101.1
N  -98.2   93.8  103.4  173.1  171.8    nan  1.019  103.8  3.809  5.786 -137.6 -150.3
V  -55.8  -34.4  113.6 -174.8  -10.5  123.5  1.319  106.0  3.805  6.170 -152.6 -138.9
D  -56.2  -56.1  110.4  179.2  -63.5    nan  1.025   94.0  3.792  5.800   95.4   95.4
E  -64.4  -52.2  112.9 -178.9  156.9    nan  1.075   89.3  3.769  4.865   50.9   68.3
V  -63.5  -37.6  111.5 -179.8  163.3  -71.5  1.114   98.8  3.836  5.214   52.4   73.3
G  -58.4  -48.9  110.9 -179.9    nan    nan    nan   96.6  3.792    nan    nan   90.3
G  -66.8  -40.2  110.9  179.4    nan    nan    nan   95.1  3.822    nan    nan   71.7
E  -66.2  -44.6  112.0  179.6 -102.2    nan  1.036   92.6  3.820    nan    nan   80.6
A  -66.7  -47.7  111.5 -179.1    nan    nan  1.127   91.0  3.808  5.167   54.9   77.6
L  -65.1  -44.2  112.1  178.1 -166.5    nan  1.149   93.7  3.779  5.400   54.0   74.2
G  -58.3  -52.5  110.1  179.7    nan    nan    nan   95.1  3.819    nan    nan   84.6
R  -57.7  -37.9  111.9  179.4  -81.2    nan  1.099  103.2  3.829    nan    nan   76.9
L  -59.3  -47.4  109.9  177.7  174.2    nan  1.085   97.5  3.799  5.536   73.3   87.9
L  -65.7  -26.5  111.9 -175.9  -58.8    nan  1.110  102.6  3.800  5.239   57.6   77.8
V  -86.9  -50.5  110.4 -178.8  171.4  -63.2  1.128   76.5  3.793  5.368   50.0   74.1
V  -71.0  -35.7  113.2 -179.7 -177.1  -50.1  1.133   92.7  3.876  5.406   47.4   67.8
Y -125.9   73.2  108.2 -179.0  -47.5    nan  0.990   94.1  3.869  5.152   13.9   26.3
P  -55.0  -19.0  114.9 -175.6   11.8    nan  1.086  115.5  3.786  6.070 -163.3 -159.3
W  -66.0  -26.3  108.7 -179.5   56.3    nan  1.121  103.6  3.802  5.668   76.6  101.1
T  -66.0  -13.3  111.9  179.9   69.9  -54.7  1.097  108.5  3.807  5.659   78.0   93.7
Q  -68.0  -13.3  111.2 -179.8  -66.2    nan  1.081  106.7  3.822  5.781   89.4  104.3
R  -53.2  -26.2  112.6 -179.2   57.7    nan  1.087  113.7  3.795  5.811  107.5  118.9
F  -88.1  -12.5  113.3 -175.4  -56.5    nan  1.080   86.9  3.794  5.303   57.5   78.3
F -118.6   44.7  116.2 -173.9  -48.8    nan  1.067   86.2  3.791  5.056   38.5   62.2
E  -70.5  -16.9  112.8 -179.3   53.7    nan  1.156  102.4  3.799  6.161  139.4  156.5
S  -86.9   -2.2  110.9  179.8   69.6    nan  1.041   92.3  3.815  5.565   71.2   82.7
F  -82.7  -10.0  111.0 -178.7  -79.7    nan  1.111   93.6  3.824  5.693   79.2  101.4
G   90.6 -139.6  113.2 -179.3    nan    nan    nan  105.2  3.809    nan    nan -104.8
D  -71.9  113.2  115.2 -176.1 -172.0    nan  1.128  104.4  3.791    nan    nan  -13.8
L -129.0   18.6  108.2  179.1  -57.7    nan  0.972   58.7  3.796  5.837  176.3  155.8
S  -59.2  -29.4  116.4 -177.6   75.4    nan  1.142  105.0  3.826  5.966  119.6  144.4
T -140.0  169.4  107.2 -179.5   73.9  -48.5  1.010  142.0  3.815  4.951    3.6   18.9
P  -56.1  -42.1  111.1  178.7  -24.5    nan  1.022  102.3  3.789  5.166  -64.7  -65.6
D  -68.7  -39.0  110.8 -178.4  -55.4    nan  1.133   94.2  3.816  5.332   48.7   78.3
A  -61.5  -36.1  110.2  179.0    nan    nan  1.103  102.0  3.777  5.516   70.4   85.5
V  -76.8  -58.7  111.6 -179.5  167.1  -66.6  1.045   79.2  3.823  5.387   61.7   74.9
M  -55.9  -35.4  113.1 -176.2  -56.2    nan  1.151  105.6  3.786  5.067   54.4   77.5
G  -95.9   -8.1  115.2 -177.2    nan    nan    nan   80.7  3.819    nan    nan   61.4
N  -58.3  117.9  109.5  180.0 -171.2    nan  1.075   90.3  3.818    nan    nan  117.6
P  -57.9  -31.9  111.9 -178.1   20.8    nan  1.051  106.5  3.811  5.808 -111.0 -123.5
K  -70.4  -37.0  112.7  178.0  -64.1    nan  1.139   92.8  3.826  5.527   57.1   83.4
V  -69.0  -40.1  108.8  179.2  163.9  -66.4  1.032   94.6  3.826  5.473   71.7   80.3
K  -63.4  -44.7  112.2 -178.5  -58.8    nan  1.068   94.7  3.780  5.297   66.9   84.6
A  -67.3  -42.1  110.9 -179.8    nan    nan  0.989   93.7  3.824  5.207   64.6   75.5
H  -66.6  -46.8  109.7  176.8 -161.5    nan  1.117   92.6  3.796  5.289   53.1   76.1
G  -55.5  -37.9  112.1  179.6    nan    nan    nan  104.9  3.827    nan    nan   84.5
K  -68.9  -36.1  109.7 -178.0  142.7    nan  1.120   96.0  3.818    nan    nan   81.8
K  -65.6  -52.7  109.1  177.2 -167.7    nan  1.022   90.8  3.835  5.485   69.3   81.8
V  -57.4  -48.4  111.8  178.2  161.5  -70.5  1.073   97.1  3.836  5.194   58.1   75.7
L  -71.2  -25.8  110.3 -177.5 -113.1    nan  1.143   98.5  3.828  5.308   44.9   70.9
G  -63.1  -51.6  107.2  178.0    nan    nan    nan   94.3  3.804    nan    nan   94.5
A  -60.0  -38.1  109.2  179.3    nan    nan  1.083  102.5  3.823    nan    nan   74.2
F  -64.7  -44.9  111.3  179.9 -179.1    nan  1.108   94.1  3.828  5.421   63.7   83.5
S  -59.4  -39.1  109.9 -179.4  -38.3    nan  1.074  102.1  3.807  5.512   70.9   83.4
D  -63.0  -37.0  109.0  179.5  -72.9    nan  1.050  100.8  3.796  5.388   74.0   83.9
G  -59.0  -37.4  108.2  179.5    nan    nan    nan  104.2  3.801    nan    nan   88.9
L  -66.7  -12.5  114.5 -179.3  -77.9    nan  1.110  107.6  3.798    nan    nan   83.8
A  -99.5   -3.0  110.7 -179.5    nan    nan  1.060   79.4  3.832  5.502   52.9   75.9
H -133.4   44.0  110.4 -179.5  -54.2    nan  1.055   71.4  3.811  5.286   28.3   48.6
L  -59.4  -14.0  111.2 -177.8 -117.1    nan  1.033  114.7  3.819  6.125  163.0  166.4
D  -81.5  -36.1  111.4 -178.4 -131.5    nan  0.989   84.6  3.782  5.366   74.3   89.8
N -137.2   66.8  112.8 -176.6 -172.6    nan  1.075   87.3  3.797  4.626   -9.9   16.5
L  -68.8  -42.5  109.9 -178.5  -66.7    nan  1.088   93.0  3.804  6.213  172.8  177.7
K  -56.5  -47.3  110.8 -177.7  -51.8    nan  1.121   99.0  3.769  5.491   68.9   89.6
G  -63.5  -48.4  110.1 -178.9    nan    nan    nan   93.8  3.792    nan    nan   77.6
T  -52.8  -49.0  110.2 -179.2  -58.7  177.2  1.076  100.9  3.788    nan    nan   86.1
F  -93.1    4.7  118.5 -175.2  -73.2    nan  1.135   89.2  3.799  4.952   28.1   53.3
A  -56.2  -48.4  117.7 -176.4    nan    nan  1.216   94.6  3.782  5.899  113.9  136.8
T  -67.2  -33.8  111.3 -178.7   38.6  -80.4  1.112   97.8  3.806  5.483   59.5   75.6
L  -68.3  -43.3  108.4  178.8 -128.6    nan  1.044   94.0  3.848  5.397   66.6   82.8
S  -56.6  -46.0  109.9  177.1  173.8    nan  1.087  100.2  3.816  5.524   63.8   84.0
E  -63.2  -41.3  113.8 -179.4  -67.6    nan  1.037   95.8  3.806  5.404   70.0   79.5
L  -62.1  -48.2  111.1  179.1 -174.9    nan  1.048   94.3  3.782  5.180   69.0   83.7
H  -59.8  -38.1  112.9 -178.0  -80.3    nan  1.125  100.8  3.815  5.297   59.0   81.7
C  -71.4  -68.7  110.8  178.4  178.2    nan  1.060   78.6  3.780  5.406   63.0   76.8
D  -71.0  -34.2  117.2 -172.3  -59.0    nan  1.205   91.5  3.784  4.772   30.1   58.2
K -104.4  -47.4  112.2 -178.0  -99.2    nan  1.047   64.1  3.758  5.261   36.9   54.8
L  -82.6  -28.5  114.6 -174.9  -45.8    nan  1.135   85.2  3.771  4.894   37.7   64.3
H   59.0   48.3  112.2 -178.6  -45.2    nan  1.083   95.8  3.828  5.705 -149.5 -149.6
V  -95.1  115.7  110.8 -178.4  171.5  -63.6  1.071  110.9  3.786  5.983  131.1  135.7
D  -57.9  125.4  107.5  175.7  176.7    nan  1.043   84.3  3.818  5.862 -116.6 -131.4
P  -58.6  -19.3  115.7 -178.2  -16.1    nan  1.095  111.7  3.827  5.799 -106.2 -115.4
E  -59.3  -29.0  108.9  176.7 -178.3    nan  1.004  108.1  3.787  5.735   94.3  104.3
N  -58.1  -37.9  110.5  178.3  -78.1    nan  1.039  103.6  3.848  5.442   81.8   96.6
F  -65.1  -33.4  110.5  178.2  -47.2    nan  1.123  100.1  3.805  5.426   59.4   82.4
R  -76.9  -36.8  111.4 -179.9  -15.7    nan  1.107   88.2  3.829  5.516   58.7   78.1
L  -59.1  -49.8  108.7  177.9  -69.6    nan  1.051   97.0  3.815  5.535   75.9   88.7
L  -58.3  -39.0  111.6  179.6 -177.8    nan  1.103  102.2  3.814  5.328   59.0   79.0
G  -59.5  -45.3  108.9 -179.6    nan    nan    nan   99.1  3.815    nan    nan   88.3
N  -64.4  -43.3  113.1 -178.7  -77.4    nan  1.117   94.1  3.817    nan    nan   79.1
V  -60.2  -47.3  108.1  176.0  161.0  -73.0  1.065   98.0  3.820  5.410   65.3   80.1
L  -55.3  -44.5  111.8  177.9  176.2    nan  1.139  101.1  3.802  5.388   61.3   82.8
V  -58.7  -40.2  110.5  178.8  172.6  -64.6  1.112  101.8  3.842  5.550   65.8   83.0
C  -66.9  -38.4  109.8  179.1  -67.2    nan  1.056   96.5  3.835  5.493   66.4   79.1
V  -63.0  -44.5  110.1  179.0  163.5  -72.7  1.114   96.3  3.839  5.394   64.9   84.0
L  -65.9  -34.6  109.5  178.3  -63.9    nan  1.065   99.4  3.826  5.429   61.2   75.3
A  -70.5  -42.8  108.1 -179.5    nan    nan  1.058   92.7  3.817  5.495   64.8   81.6
H  -55.5  -47.1  112.1  179.5 -169.2    nan  1.064   99.1  3.788  5.389   76.3   87.3
H  -73.1  -47.3  115.4 -179.5  -70.8    nan  1.140   84.0  3.803  5.137   49.6   68.7
F  -93.1   -6.1  116.6 -176.1  -67.2    nan  1.152   84.2  3.826  5.021   31.2   55.4
G   50.6 -132.0  111.4 -179.7    nan    nan    nan   77.6  3.787    nan    nan -138.1
K  -56.5  -22.7  113.8 -177.4   76.9    nan  1.141  112.3  3.797    nan    nan    6.8
E  -67.1  -23.6  111.7  180.0 -139.9    nan  1.030  102.7  3.823  5.642   89.3   96.5
F  -89.2   75.4  106.4  178.3 -161.9    nan  1.064  106.1  3.805  5.284   48.9   72.2
T  -70.0  158.7  112.8 -179.2   65.6  -56.4  1.077   79.3  3.830  6.267 -171.1 -174.6
P  -44.3  -50.9  111.7 -179.8  -30.2    nan  1.053  104.5  3.817  5.107  -60.7  -68.6
P  -67.6  -27.3  113.9  177.8   -9.9    nan  1.009   99.6  3.816  5.167   50.3   68.6
V  -75.3  -37.3  106.8  177.6  155.4  -79.3  1.089   91.9  3.835  5.467   57.0   82.1
Q  -61.9  -44.8  109.6  178.8  173.0    nan  1.098   97.2  3.776  5.534   70.1   85.7
A  -56.2  -41.1  111.5 -180.0    nan    nan  1.120  102.6  3.858  5.435   69.9   85.7
A  -65.5  -49.4  109.3  177.4    nan    nan  1.064   92.4  3.830  5.517   64.8   78.4
Y  -60.7  -35.0  111.3  178.8  -90.1    nan  1.106  102.7  3.843  5.316   58.7   76.2
Q  -60.5  -44.3  108.7  177.5  -68.6    nan  1.080   99.1  3.834  5.662   74.9   88.6
K  -62.3  -39.4  111.5  177.5  -75.2    nan  1.038   98.9  3.828  5.420   69.9   78.5
V  -67.4  -50.1  113.0 -179.5  172.4  -63.6  1.144   88.3  3.819  5.226   56.9   81.6
V  -62.3  -32.7  111.3 -178.8  -57.6   67.6  1.139  102.6  3.806  5.469   55.9   77.5
A  -70.5  -42.9  109.0  179.7    nan    nan  1.023   92.1  3.833  5.535   71.8   83.0
G  -60.9  -44.0  109.6  178.2    nan    nan    nan   98.4  3.807    nan    nan   81.3
V  -65.2  -45.3  110.4 -179.7  167.8  -65.8  1.114   94.0  3.803    nan    nan   78.5
A  -58.8  -40.2  110.1 -179.7    nan    nan  1.039  101.9  3.826  5.486   69.6   83.1
N  -66.1  -43.3  111.0 -179.9  -69.3    nan  1.089   94.0  3.814  5.369   61.0   80.8
A  -63.5  -38.2  108.8  179.3    nan    nan  1.031   99.9  3.810  5.349   67.6   79.6
L  -71.5  -20.0  113.4 -179.5  -86.6    nan  1.160   99.7  3.782  5.275   49.2   79.1
A  -99.0   -9.0  113.5 -178.1    nan    nan  1.033   77.5  3.805  5.381   51.8   71.2
H  -56.7  -34.1  114.2 -175.1   94.8    nan  1.209  105.2  3.799  5.714   91.6  123.3
K  -91.6    8.8  114.4 -179.2  -57.5    nan  1.121   92.0  3.826  5.449   46.6   65.1
Y  -73.6  150.3  106.8  179.6  -81.3    nan  1.073   83.8  3.807  5.941  105.9  118.4
H -160.1    nan  108.9 -177.7   61.6    nan  0.982    nan  3.802  5.616 -176.9  167.7
