Id   phi    psi    tau  omega    chi    chi2  solid    eta  CA-CA  CB-CB  BA^AB  NA^AC
V    nan  119.8  111.2    nan -126.3    8.9  0.984    nan    nan    nan    nan    nan
L  -84.9  119.1  109.5  178.6  -54.3    nan  1.102  104.3  3.796  5.898 -151.2 -149.0
S  -81.3  173.6  105.8  176.3   68.1    nan  0.935   83.2  3.751  5.841 -125.5 -149.5
P  -59.0  -39.7  109.7  178.8  -24.9    nan  1.005  102.2  3.777  4.952  -67.9  -64.2
A  -67.1  -38.6  110.8  176.9    nan    nan  1.076   95.7  3.799  5.340   53.3   77.8
D  -60.4  -44.4  109.4  177.9  -72.3    nan  1.050   98.7  3.830  5.597   75.5   85.9
K  -63.4  -37.5  113.7 -175.9  -62.6    nan  1.130   97.9  3.785  5.225   63.8   83.3
T  -67.0  -43.6  109.3  178.2  -58.0  179.4  1.004   94.2  3.801  5.486   73.9   81.0
N  -59.3  -45.8  110.7 -178.9  -72.6    nan  1.081   98.0  3.823  5.289   68.2   84.3
V  -64.8  -50.6  112.3 -178.6  162.1  -73.5  1.125   90.3  3.792  5.261   59.0   78.3
K  -58.2  -43.5  111.1  179.7  -74.6    nan  1.073   99.9  3.832  5.340   65.9   78.9
A  -58.9  -58.2  109.6  176.3    nan    nan  1.011   91.6  3.814  5.372   71.9   81.3
A  -54.5  -52.8  111.2 -180.0    nan    nan  1.111   96.7  3.796  5.112   56.2   75.1
W  -67.3  -28.1  111.8 -179.0 -153.3    nan  1.085  100.3  3.817  5.269   54.1   69.5
G  -62.3  -40.4  107.5  178.5    nan    nan    nan  100.5  3.811    nan    nan   93.8
K  -67.8  -31.5  111.9  179.5 -129.9    nan  1.087   98.1  3.794    nan    nan   77.9
V  -62.6  -40.9  107.5  179.7  178.4  -57.8  1.085  100.0  3.827  5.589   73.9   91.5
G   41.2 -118.8  111.1  179.0    nan    nan    nan   81.2  3.771    nan    nan  179.5
A  -65.8  -17.0  117.6 -178.2    nan    nan  1.107  105.5  3.769    nan    nan   12.3
H  -87.6   -0.5  115.5 -179.1  -57.9    nan  0.997   92.2  3.833  5.584   73.1   85.1
A  -44.3  -51.9  113.1 -176.9    nan    nan  1.140  103.1  3.824  5.762  122.4  141.0
G  -63.1  -35.9  113.2 -179.7    nan    nan    nan   99.3  3.811    nan    nan   74.7
E  -70.5  -38.6  108.7 -179.2  151.5    nan  1.092   94.2  3.806    nan    nan   81.5
Y  -69.6  -38.3  111.3  177.9  -65.5    nan  1.050   93.6  3.788  5.391   65.4   77.4
G  -62.4  -41.6  109.6  179.0    nan    nan    nan   98.6  3.802    nan    nan   85.3
A  -62.8  -42.7  108.5  179.7    nan    nan  1.047   98.3  3.834    nan    nan   81.8
E  -64.3  -44.3  111.5 -178.2  174.3    nan  1.065   94.6  3.838  5.388   65.9   81.1
A  -58.0  -43.2  110.2  176.2    nan    nan  1.022  100.6  3.807  5.368   74.4   81.6
L  -61.5  -47.5  111.5 -179.9  -70.9    nan  1.051   94.9  3.832  5.307   67.7   82.6
E  -61.3  -40.2  109.6 -179.3  174.9    nan  1.013  100.2  3.774  5.309   68.1   79.4
R  -62.2  -39.2  109.4  178.0  -68.7    nan  1.055  100.1  3.767  5.349   70.6   82.7
M  -66.2  -48.4  110.8 -178.8 -175.1    nan  1.104   91.4  3.863  5.350   64.2   82.2
F  -59.2  -36.1  112.5 -179.3  -58.8    nan  1.118  102.7  3.802  5.421   63.2   81.2
L  -76.9  -45.4  113.7 -178.0  -69.4    nan  1.084   83.1  3.832  5.327   60.5   76.8
S  -79.9  -34.8  113.8 -178.5  -54.7    nan  1.050   85.3  3.791  5.139   47.6   65.9
F -127.7   77.7  108.7 -178.4  -52.8    nan  1.007   96.8  3.877  4.915    7.2   26.6
P  -55.8  -22.7  116.9 -176.7  -11.2    nan  1.085  111.9  3.801  6.106 -158.4 -156.3
T  -65.9  -26.0  111.0  178.9   60.2  -64.1  1.104  102.9  3.811  5.667   76.3   97.6
T  -63.8  -19.1  110.2  179.5   67.2  -56.2  1.079  108.4  3.817  5.710   82.7   95.7
K  -68.8  -19.8  114.3  178.6  -60.7    nan  1.072  102.1  3.811  5.655   83.5   97.9
T  -61.1  -19.5  112.0  179.0   63.0  -60.9  1.091  110.2  3.856  5.713   89.5  103.9
Y  -87.6  -11.4  111.8  177.3  -64.9    nan  1.048   88.2  3.843  5.577   64.9   78.1
F -125.6   52.6  111.9 -176.4  -57.6    nan  1.059   83.5  3.844  5.128   31.9   52.6
P  -68.2  -21.3  111.1 -179.2   29.7    nan  0.998  103.0  3.803  6.061  163.0  165.0
H  -91.5    0.2  115.4  179.7   55.8    nan  1.081   88.6  3.824  5.386   48.4   73.9
F -103.3  151.0  110.6 -179.9  -88.0    nan  0.970  111.6  3.822  5.588   75.4   82.1
D  -90.5  115.3   99.2  170.8  161.2    nan  0.975   98.6  3.817  5.579 -123.1 -129.3
L  -97.2    7.7  110.1 -175.1  -58.5    nan  1.115   85.4  3.797  5.928 -164.0 -156.5
S  -63.2  150.0  108.6 -179.1   83.8    nan  1.066   75.7  3.782  6.005  111.8  128.4
H  -50.7  128.0  110.8 -178.5  177.2    nan  1.063   79.9  3.797  5.442  -69.1  -83.6
G   78.5    3.1  114.6  178.3    nan    nan    nan  100.2  3.780    nan    nan   10.6
S  -48.2  143.2  113.7  178.3  125.6    nan  1.051   69.3  3.844    nan    nan  136.8
A  -66.3  -36.2  111.7  179.0    nan    nan  1.060   97.1  3.799  5.611  -99.4 -106.8
Q  -64.4  -39.9  110.5  179.7  -77.9    nan  1.071   97.4  3.830  5.515   71.3   86.3
V  -64.9  -47.5  112.1 -178.4  170.4  -65.2  1.148   92.1  3.822  5.372   63.3   83.8
K  -58.0  -48.8  109.1  178.6  -66.9    nan  1.005   98.0  3.786  5.465   76.8   80.8
G  -58.6  -51.9  110.1 -179.3    nan    nan    nan   95.2  3.819    nan    nan   80.1
H  -60.0  -42.4  110.2 -179.5 -166.6    nan  1.084   99.6  3.786    nan    nan   76.1
G  -58.8  -39.9  111.9  179.7    nan    nan    nan  101.1  3.829    nan    nan   85.8
K  -61.9  -43.8  108.8  177.7 -167.3    nan  0.992   98.3  3.776    nan    nan   83.4
K  -60.4  -47.0  113.2 -177.5  -64.2    nan  1.088   95.0  3.839  5.294   67.2   85.0
V  -60.7  -44.1  109.3  177.6  167.0  -67.3  1.049   98.6  3.783  5.239   65.7   78.2
A  -61.4  -46.7  111.3 -176.9    nan    nan  1.053   95.5  3.847  5.363   67.1   83.7
D  -60.6  -36.4  111.5  179.1  -70.4    nan  1.103  101.8  3.769  5.239   60.9   79.7
A  -66.9  -41.5  109.3  179.9    nan    nan  1.068   95.3  3.808  5.439   67.9   83.5
L  -64.9  -41.9  110.9  179.0  -74.6    nan  1.066   95.8  3.810  5.303   61.3   79.8
T  -56.8  -46.7  108.7  179.1  -64.5  174.6  1.090  100.4  3.824  5.494   67.4   86.7
N  -60.8  -44.9  110.5  177.9  179.0    nan  1.056   97.5  3.788  5.311   64.7   77.5
A  -56.9  -46.9  108.8 -179.5    nan    nan  1.035  100.1  3.809  5.369   70.8   84.9
V  -59.5  -44.9  111.1  178.1  174.8  -62.2  1.023   98.1  3.818  5.325   68.4   78.9
A  -62.1  -32.2  108.8  179.7    nan    nan  1.023  104.1  3.825  5.216   65.6   79.2
H -118.8   38.7  112.3 -179.2  -63.2    nan  0.999   80.4  3.840  5.084   19.5   38.7
V  -52.8  -27.0  112.8 -176.3   72.7 -161.8  1.105  113.5  3.804  6.100  155.1  169.5
D  -90.4   -8.4  113.6 -177.7  -76.0    nan  1.121   86.3  3.801  5.330   46.3   73.2
D -137.8   47.3  110.7 -178.8 -176.8    nan  1.009   70.8  3.806  5.054   22.6   39.7
M  -61.0  -46.5  116.9 -176.5  -68.5    nan  1.225   92.7  3.839  6.204  144.8  171.8
P  -53.6  -46.3  110.6 -178.4  -30.5    nan  1.017  101.8  3.812  5.409   81.6   89.7
N  -71.1  -45.4  111.2  178.1  176.6    nan  1.120   89.1  3.763  5.245   40.9   69.7
A  -57.4  -40.9  112.4 -179.1    nan    nan  1.053  101.4  3.838  5.509   74.4   85.8
L  -99.4   16.7  114.5 -175.2  -54.2    nan  1.089   87.8  3.803  4.889   28.1   53.8
S  -49.0  -50.2  114.2 -179.5 -174.4    nan  1.021  100.5  3.822  6.081  144.6  150.5
A  -59.8  -38.1  110.0 -178.9    nan    nan  1.106  102.3  3.810  5.138   56.7   79.4
L  -74.5  -35.6  114.8 -178.3  -72.7    nan  1.115   89.0  3.845  5.399   54.4   77.7
S  -60.9  -44.6  107.3  178.8  -77.3    nan  0.937   99.5  3.820  5.544   83.5   88.7
D  -61.4  -54.3  110.4 -179.5 -115.7    nan  1.016   91.8  3.777  5.116   66.0   80.5
L  -55.3  -46.6  111.8 -178.6 -177.8    nan  1.045   99.7  3.753  5.031   63.8   79.5
H  -70.4  -41.8  111.3 -177.2  -72.0    nan  1.130   91.3  3.794  5.299   47.8   74.1
A  -65.9  -43.5  113.1 -178.0    nan    nan  1.133   92.9  3.797  5.435   65.1   81.8
H -103.8  -13.7  118.1 -176.0  -47.4    nan  1.143   70.2  3.773  5.032   24.3   49.7
K -119.5  -60.8  111.2 -177.7  -94.5    nan  1.050   59.0  3.778  5.187   39.1   57.9
L  -64.5  -49.7  110.6 -176.2  -55.0    nan  1.120   92.1  3.759  4.987   43.1   67.1
R   56.5   48.9  115.1  178.1  -84.8    nan  1.048   95.6  3.766  5.439 -174.0 -175.9
V  -78.0  128.2  108.3  178.9  173.3  -57.5  1.023   96.5  3.796  6.137  145.4  148.9
D  -57.6  138.5  108.0 -178.9 -172.9    nan  1.047   76.8  3.793  5.808 -104.5 -111.9
P  -50.1  -26.2  117.4  177.1  -32.6    nan  1.045  114.8  3.803  5.468  -83.1  -96.3
V  -65.8  -27.3  113.4  179.8  -58.4   63.1  1.094  101.4  3.879  5.579   73.1   95.7
N  -65.1  -34.4  111.3 -177.3  -66.8    nan  1.070   99.3  3.813  5.492   78.1   96.1
F  -59.5  -33.5  109.0 -179.5  -71.6    nan  1.055  105.6  3.804  5.526   76.5   92.4
K  -73.6  -30.2  108.7 -177.2  129.8    nan  1.182   95.1  3.771  5.188   49.7   81.7
L  -70.2  -46.2  110.3  179.6  -54.3    nan  1.072   89.9  3.804  5.670   65.6   85.3
L  -65.0  -40.5  109.7  179.3  177.5    nan  1.046   97.0  3.777  5.326   59.3   75.9
S  -55.7  -45.8  111.6 -178.0  -66.5    nan  1.069  100.1  3.821  5.508   76.0   92.1
H  -60.3  -45.1  110.2  179.3  168.9    nan  1.070   97.8  3.802  5.329   67.3   80.6
C  -67.5  -28.1  111.3  179.6  -59.2    nan  1.169  100.3  3.815  5.350   52.7   74.8
L  -69.3  -43.7  108.5  175.9 -123.3    nan  1.039   92.9  3.873  5.574   75.9   85.0
L  -61.6  -43.6  110.2  178.4  -86.2    nan  1.088   97.7  3.862  5.407   59.8   79.4
V  -62.3  -46.4  110.5  178.8  166.0  -69.3  1.092   95.5  3.833  5.384   64.2   80.0
T  -56.5  -51.6  108.5  179.2  -63.8  174.5  1.064   97.8  3.821  5.457   69.5   82.8
L  -58.6  -43.6  111.1 -178.5  -71.2    nan  1.038   99.6  3.818  5.228   65.4   78.0
A  -62.1  -41.9  110.6 -179.2    nan    nan  1.018   98.1  3.796  5.250   66.0   82.0
A  -69.6  -18.1  110.9 -179.4    nan    nan  1.028  103.1  3.821  5.273   60.7   76.2
H -114.3  -18.9  115.6 -176.3  -69.4    nan  1.112   58.9  3.816  5.206   33.9   58.8
L -116.3   71.9  109.2 -178.9  -50.9    nan  1.006   98.2  3.840  5.225   40.4   53.3
P  -57.9  -47.9  111.6 -179.0   19.1    nan  1.043   97.1  3.804  6.066 -168.3 -166.0
A  -71.0  -39.9  116.3 -177.5    nan    nan  1.082   88.9  3.790  5.258   48.9   73.8
E  -81.4  -29.1  117.2 -173.3  -62.9    nan  1.044   84.9  3.804  5.098   56.5   75.2
F  -71.5   61.6  113.0 -175.8 -160.4    nan  1.178  118.5  3.799  5.240   60.7   90.8
T  -80.7  166.6  109.5  176.9   53.8  -70.6  0.991   85.4  3.778  6.230  170.5  158.1
P  -53.5  -43.0  111.2  176.2  -21.3    nan  1.030  103.7  3.819  5.161  -68.4  -68.2
A  -64.1  -43.2  112.1  179.5    nan    nan  1.068   94.9  3.848  5.377   58.7   80.1
V  -70.1  -40.1  108.9  179.3  168.5  -68.8  1.043   93.7  3.842  5.325   57.6   73.4
H  -56.9  -49.6  106.8  177.1  174.9    nan  0.992   99.8  3.827  5.424   75.4   86.0
A  -61.3  -41.2  111.0  179.7    nan    nan  1.095   98.9  3.873  5.357   55.7   75.6
S  -62.3  -45.9  112.4  179.0  -62.9    nan  1.136   94.6  3.876  5.455   66.0   82.6
L  -66.1  -41.4  112.0  177.9  -73.1    nan  1.065   94.4  3.819  5.290   60.6   74.5
D  -59.9  -47.5  108.3  177.2 -165.6    nan  1.057   98.0  3.828  5.464   65.7   82.9
K  -62.7  -41.4  110.5  178.1  -75.7    nan  1.040   97.9  3.811  5.418   63.9   75.2
F  -65.0  -41.3  111.9 -179.6  164.6    nan  1.090   95.4  3.809  5.289   65.0   81.5
L  -70.6  -31.8  110.1 -177.3  -65.0    nan  1.141   96.4  3.832  5.326   52.6   78.0
A  -66.9  -38.8  108.6  176.3    nan    nan  1.013   97.1  3.793  5.591   73.7   84.5
S  -67.9  -42.0  110.8 -180.0  -54.6    nan  1.057   93.4  3.823  5.378   62.2   80.2
V  -62.1  -43.4  108.7  178.8  163.8  -72.2  1.048   98.4  3.784  5.357   67.1   81.8
S  -59.9  -41.6  111.1 -178.6  -64.8    nan  1.058   99.7  3.838  5.403   68.1   84.2
T  -62.0  -45.9  109.6  178.4  -68.3  167.8  1.037   96.5  3.811  5.403   69.4   81.6
V  -62.2  -50.3  109.3  178.5  168.2  -65.9  1.064   94.2  3.806  5.316   61.6   77.8
L  -60.5  -25.0  114.0 -177.0  -76.5    nan  1.065  107.3  3.822  5.262   60.8   80.0
T -107.4   10.9  110.7 -178.2   62.3  -62.6  1.080   76.7  3.819  5.313   28.6   58.9
S  -69.5  -18.7  115.5 -174.1   62.8    nan  1.145  101.7  3.798  5.933  109.4  131.5
K -107.5   15.3  112.3 -178.8  -57.9    nan  1.071   78.8  3.814  5.368   44.0   63.4
Y  -62.3  -35.3  113.0 -177.1  -92.9    nan  1.059  100.3  3.836  6.018  128.0  138.8
R -158.6    nan  112.2 -179.7   63.7    nan  1.101    nan  3.808  4.814  -28.3   -7.5
