Id   phi    psi    tau  omega    chi    chi2  solid    eta  CA-CA  CB-CB  BA^AB  NA^AC
M    nan  102.0  108.8    nan -104.3    nan  1.000    nan    nan    nan    nan    nan
H -116.7  103.7  108.5  175.3 -165.3    nan  1.272  112.4  3.765  5.995  140.4  163.5
L -109.2  114.5  108.8  176.3  -79.3    nan  1.032  114.4  3.766  5.863 -162.4  167.7
T  -59.7  160.7  105.8  174.7   77.3  -44.9  1.001   66.5  3.828  5.926 -118.0 -133.7
P  -57.0  -27.1  112.4 -178.4  -22.5    nan  0.995  109.8  3.838  5.284  -68.6  -74.6
E  -77.3  -46.9  109.7 -178.0  -31.5    nan  1.061   84.9  3.805  5.384   60.5   83.1
E  -60.1  -39.6  110.7 -179.2  -65.0    nan  1.004  100.9  3.808  5.280   75.8   80.6
K  -60.3  -46.7  107.9  178.7 -124.6    nan  0.982   98.3  3.751  5.267   76.8   85.1
S  -62.6  -45.4  111.8 -178.2  -38.6    nan  1.111   95.1  3.796  5.172   59.1   79.4
A  -57.9  -42.0  109.3 -179.9    nan    nan  1.049  102.0  3.799  5.358   72.3   83.6
V  -65.4  -46.1  111.0 -178.6  160.8  -75.3  1.123   93.1  3.795  5.297   58.8   81.0
T  -63.9  -48.5  112.9 -176.4  -74.6  163.1  1.067   91.7  3.784  5.300   64.7   80.5
A  -59.3  -46.6  112.1  178.5    nan    nan  1.052   96.6  3.798  5.243   65.3   79.0
L  -68.9  -39.8  111.2  179.9 -160.7    nan  1.053   93.4  3.796  5.281   56.3   73.2
W  -61.6  -30.0  110.7 -176.0 -160.2    nan  1.134  104.9  3.778  5.303   63.9   88.9
G  -65.3  -18.9  113.1 -179.7    nan    nan    nan  106.3  3.812    nan    nan   92.0
K -100.2    0.4  111.9  179.1  -63.1    nan  0.992   79.9  3.841    nan    nan   67.7
V  -88.4  135.9  111.9 -176.0  163.8  -71.5  1.064  103.8  3.829  5.573   81.5  101.0
N  -97.5   97.4  103.6  174.5  177.9    nan  1.012  104.3  3.779  5.742 -140.7 -150.2
V  -48.8  -49.0  113.0 -176.6  148.0  -85.8  1.063  102.2  3.831  6.005 -123.9 -131.2
D  -50.3  -59.4  108.2 -179.0  -85.7    nan  1.085   96.8  3.742  5.193   67.1   88.6
E  -63.1  -47.0  111.8 -176.8  167.8    nan  1.087   93.8  3.807  5.191   50.2   68.1
V  -67.5  -39.3  112.0 -178.4  168.4  -67.9  1.105   94.4  3.797  5.187   55.7   75.1
G  -61.7  -48.3  111.9  179.4    nan    nan    nan   94.0  3.783    nan    nan   85.9
G  -64.5  -36.2  110.5 -179.3    nan    nan    nan   99.3  3.817    nan    nan   75.9
E  -69.6  -41.8  112.3  178.9 -108.6    nan  1.069   91.3  3.796    nan    nan   80.8
A  -67.9  -51.8  108.5  179.9    nan    nan  1.075   90.1  3.851  5.293   62.2   77.3
L  -59.9  -39.2  113.4  177.2 -168.5    nan  1.195   99.8  3.794  5.373   50.7   74.1
G  -66.0  -44.4  111.3  179.2    nan    nan    nan   93.3  3.850    nan    nan   81.7
R  -65.6  -37.5  109.9 -179.1  -83.7    nan  1.096   98.0  3.785    nan    nan   78.4
L  -52.9  -51.0  109.7  179.8  179.6    nan  1.033   99.8  3.813  5.589   85.3   95.1
L  -63.4  -28.3  111.8 -176.5  -96.3    nan  1.112  103.7  3.804  5.045   55.1   75.5
V  -88.2  -48.4  111.3 -179.7  167.4  -67.0  1.103   75.5  3.789  5.372   49.3   71.4
V  -73.1  -35.3  112.6 -177.5 -178.4  -53.7  1.114   91.4  3.833  5.224   46.5   69.7
Y -128.2   75.2  106.0 -176.5  -50.0    nan  0.988   92.9  3.835  5.115    7.9   26.3
P  -54.3  -22.6  116.3 -174.7   17.7    nan  1.108  113.7  3.770  6.023 -161.3 -155.2
W  -65.8  -21.5  110.7 -179.4   55.4    nan  1.112  105.2  3.806  5.643   74.4   99.1
T  -66.4  -11.4  113.2  178.2   66.5  -54.3  1.083  108.7  3.838  5.730   81.0   96.9
Q  -70.8  -11.8  111.2  176.5  -49.7    nan  1.102  104.6  3.807  5.804   84.1  100.7
R  -54.3  -29.4  112.5 -178.3   64.7    nan  1.075  110.8  3.822  5.823  111.1  119.8
F  -87.7   -9.8  114.5 -178.4  -56.3    nan  1.041   88.2  3.806  5.309   57.3   73.2
F -123.4   40.7  114.2 -171.8  -50.7    nan  1.048   78.8  3.829  4.953   38.7   60.9
E  -57.2  -35.4  112.2 -178.9  -45.2    nan  1.029  104.9  3.778  6.181  159.1  164.5
S  -75.6   -6.2  115.0 -176.7   79.4    nan  1.091  101.7  3.787  5.098   59.5   79.7
F  -77.7  -22.8  109.4 -179.6  -76.8    nan  1.080   94.1  3.814  5.699   82.4  101.4
G  112.4 -143.8  113.0 -177.7    nan    nan    nan  121.4  3.800    nan    nan  -92.6
D  -80.8  121.5  110.5 -177.7 -178.1    nan  1.125  102.2  3.792    nan    nan  -29.2
L -124.7   25.2  108.7 -178.1  -65.0    nan  1.007   66.3  3.753  5.713 -170.7  172.5
S  -71.4  -23.7  115.2 -177.1   89.6    nan  1.170   97.5  3.780  5.938  109.7  139.8
T -131.8  152.0  107.7  179.6   81.0  -41.1  1.076  134.0  3.816  5.191   11.2   32.8
P  -53.0  -42.7  109.9  179.7    4.2    nan  0.996  105.0  3.781  5.285  -68.7  -83.7
D  -62.8  -42.8  108.1  179.7  -71.9    nan  1.110   98.5  3.810  5.294   55.2   80.5
A  -60.8  -45.6  111.5  179.6    nan    nan  1.083   96.5  3.812  5.411   67.4   82.7
V  -64.4  -55.7  111.7 -179.2  170.2  -63.4  1.063   88.2  3.801  5.318   61.3   78.3
M  -59.9  -32.4  112.9 -174.8  -53.3    nan  1.170  104.0  3.808  5.073   52.7   77.3
G  -95.8   -0.2  113.9  179.0    nan    nan    nan   84.2  3.809    nan    nan   60.5
N  -72.0  128.8  109.0  179.2 -174.3    nan  1.075   92.7  3.828    nan    nan  111.8
P  -74.9  -28.4  110.9 -179.0  -11.1    nan  1.029   93.7  3.805  5.772 -117.9 -128.7
K  -68.4  -39.0  108.2  177.4  -83.1    nan  1.078   95.9  3.795  5.570   65.6   87.2
V  -64.2  -41.6  110.2  176.4  164.9  -68.2  1.063   96.9  3.818  5.393   67.7   80.2
K  -64.4  -46.9  110.6  178.7  -68.7    nan  1.073   93.6  3.820  5.488   64.0   79.9
A  -63.6  -42.6  112.7 -179.9    nan    nan  1.043   95.3  3.827  5.267   67.1   77.9
H  -64.7  -41.4  111.2  179.5 -161.3    nan  1.108   96.0  3.797  5.383   59.6   80.4
G  -57.4  -37.5  108.4 -179.3    nan    nan    nan  105.4  3.800    nan    nan   87.9
K  -65.2  -46.5  111.1 -179.8  -79.9    nan  0.986   93.0  3.829    nan    nan   83.2
K  -62.0  -49.4  110.0 -178.8 -146.0    nan  0.977   94.3  3.819  5.103   71.6   79.7
V  -60.6  -51.6  112.2 -178.9  162.9  -69.5  1.075   92.6  3.786  4.969   56.6   78.5
L  -71.7  -19.1  111.9 -176.7 -132.3    nan  1.115  100.5  3.815  5.181   41.2   68.8
G  -65.0  -47.7  107.3  176.5    nan    nan    nan   94.8  3.790    nan    nan   98.1
A  -65.8  -41.3  110.2 -179.2    nan    nan  1.076   95.7  3.833    nan    nan   73.4
F  -55.1  -55.1  108.3  178.0 -177.3    nan  1.032   96.7  3.794  5.399   77.4   87.8
S  -49.1  -46.2  110.5  178.4 -168.5    nan  1.043  105.2  3.783  5.059   66.6   80.6
D  -64.0  -35.0  111.6  179.5  -69.0    nan  1.088   99.8  3.836  5.358   57.1   77.0
G  -65.9  -32.3  111.2 -178.9    nan    nan    nan   99.7  3.802    nan    nan   87.2
L  -58.2  -25.1  110.4  178.6  -66.9    nan  1.054  110.6  3.827    nan    nan   94.3
A  -75.9  -17.8  110.2  178.3    nan    nan  1.044   97.4  3.798  5.444   66.2   83.7
H -132.4   50.3  115.2 -177.9  -53.1    nan  0.999   79.1  3.829  5.125   22.9   38.6
L  -59.7  -16.1  114.0 -179.4  -80.8    nan  1.028  112.7  3.799  5.997  165.0  171.2
D  -80.8  -18.5  112.4 -177.4  -72.6    nan  1.116   91.8  3.826  5.436   60.8   91.3
N -148.7   65.7  112.3  179.6 -169.4    nan  1.106   80.1  3.814  5.081   -4.0   18.4
L  -66.4  -43.3  109.8 -180.0  -76.3    nan  1.054   94.5  3.824  6.139 -178.8  177.0
K  -55.7  -52.8  112.2 -179.2  -94.4    nan  1.082   95.3  3.785  5.392   69.0   88.3
G  -66.4  -40.6  109.6 -178.7    nan    nan    nan   96.0  3.786    nan    nan   70.4
T  -63.6  -39.3  109.9 -177.8  -63.0  172.7  1.074   98.7  3.773    nan    nan   84.1
F  -99.9    2.9  115.9 -175.9  -72.9    nan  1.103   81.3  3.799  5.106   28.9   55.1
A  -48.0  -53.5  114.1 -178.1    nan    nan  1.088   98.9  3.826  5.969  128.1  139.9
T  -63.2  -40.9  114.3 -179.1  -65.5  174.6  1.115   95.8  3.804  5.294   54.5   74.3
L  -67.2  -32.3  109.0  179.4  -95.1    nan  1.031   99.6  3.821  5.372   66.3   79.1
S  -63.2  -50.4  108.1  178.9 -178.4    nan  1.059   94.2  3.799  5.512   72.1   89.0
E  -64.9  -35.5  111.3 -178.4  -49.4    nan  1.064   98.9  3.804  5.216   59.1   73.6
L  -62.1  -49.2  113.5  176.1 -178.2    nan  1.083   92.3  3.807  5.421   69.3   86.5
H  -59.1  -36.7  113.6  178.8  -81.1    nan  1.099  101.9  3.816  5.312   61.7   79.6
C  -77.4  -64.6  113.2  178.4  177.7    nan  1.066   75.4  3.813  5.334   56.2   73.1
D  -72.4  -33.7  115.2 -174.9  -59.5    nan  1.104   91.5  3.814  4.914   36.5   59.1
K -103.0  -47.8  114.2 -177.8  -67.2    nan  1.092   63.4  3.778  5.227   31.7   56.5
L  -86.0  -26.2  115.0 -177.6  -51.9    nan  1.108   82.9  3.797  4.939   37.2   59.8
H   62.8   43.8  111.4  178.2  -49.4    nan  1.091   96.0  3.839  5.671 -148.6 -147.0
V  -93.6  118.6  112.0 -178.6  173.9  -59.9  1.084  111.0  3.775  5.938  125.3  133.4
D  -60.4  122.9  106.4  177.6  175.8    nan  1.017   86.5  3.810  5.858 -115.7 -129.1
P  -54.8  -17.3  111.7  179.7  -21.9    nan  1.026  117.4  3.802  5.781 -104.8 -115.5
E  -60.2  -29.8  111.0  178.0 -167.8    nan  0.994  106.1  3.824  5.735   93.9  106.6
N  -57.6  -31.8  112.1  179.0  -70.5    nan  1.000  106.8  3.835  5.457   85.1   97.8
F  -69.0  -35.9  108.0 -178.4  -50.8    nan  1.074   96.9  3.827  5.382   65.3   86.5
R  -69.6  -42.7  110.3  178.2  -73.9    nan  1.075   92.1  3.808  5.416   64.2   79.6
L  -62.7  -47.8  108.6 -179.9  -65.0    nan  1.053   95.6  3.803  5.384   65.7   81.2
L  -61.7  -38.8  110.1 -178.8  177.4    nan  1.100  100.4  3.822  5.317   58.1   78.5
G  -59.4  -45.2  109.8  178.8    nan    nan    nan   98.8  3.797    nan    nan   87.4
N  -68.6  -37.4  111.7 -178.0  -77.0    nan  1.087   94.6  3.842    nan    nan   75.9
V  -64.0  -42.2  108.0  177.2  163.6  -69.4  1.077   98.0  3.830  5.457   65.8   82.6
L  -56.1  -51.6  110.6  178.7  176.4    nan  1.095   96.7  3.862  5.544   71.3   86.5
V  -53.3  -41.6  111.3  175.4  171.5  -64.6  1.061  104.7  3.834  5.389   69.3   78.6
C  -65.3  -41.8  108.1  179.4  -79.1    nan  1.006   97.1  3.835  5.433   69.5   79.3
V  -65.1  -37.6  112.8  178.6  166.1  -70.4  1.181   96.8  3.832  5.245   52.8   79.2
L  -68.1  -39.1  109.2  178.6  -60.0    nan  1.077   95.5  3.848  5.592   65.3   80.1
A  -66.4  -42.5  111.0  179.3    nan    nan  1.024   94.2  3.813  5.462   68.8   81.0
H  -58.5  -46.9  110.0 -179.9 -177.9    nan  1.041   98.3  3.809  5.274   71.8   85.5
H  -71.3  -48.4  117.1 -178.9 -165.9    nan  1.108   83.7  3.807  5.147   52.6   71.1
F  -90.0  -13.7  116.1 -177.1  -67.0    nan  1.154   84.0  3.801  4.946   31.7   55.3
G   53.0 -130.3  112.8  179.8    nan    nan    nan   81.2  3.810    nan    nan -143.4
K  -58.8  -23.3  115.4 -177.2   73.9    nan  1.164  109.3  3.791    nan    nan    7.9
E  -71.6  -17.7  110.6  178.6  -52.2    nan  1.040  101.5  3.798  5.723   85.4   91.6
F  -85.3   69.5  107.3 -179.5 -162.4    nan  1.079  107.9  3.855  5.432   63.8   82.8
T  -74.7  163.6  112.3 -176.3   71.3  -46.1  1.000   81.4  3.803  6.187 -178.2  178.1
P  -45.2  -51.1  111.9  178.6  -36.3    nan  1.040  103.7  3.819  5.178  -62.7  -63.8
P  -62.4  -34.4  112.6  178.8  -20.8    nan  0.998  100.9  3.820  5.228   56.6   74.1
V  -70.7  -41.9  108.4 -179.5  173.2  -62.4  1.057   92.7  3.817  5.376   59.0   82.3
Q  -59.5  -48.2  109.8  178.2  171.1    nan  1.045   96.9  3.806  5.444   71.7   83.2
A  -54.4  -42.5  110.8 -179.8    nan    nan  1.073  103.6  3.836  5.306   70.9   84.4
A  -65.2  -45.0  108.4  178.9    nan    nan  1.007   95.4  3.834  5.328   65.7   77.9
Y  -67.6  -31.6  111.6  179.0  -91.5    nan  1.113   98.4  3.832  5.361   51.2   74.3
Q  -62.1  -44.2  107.9  178.4  -70.6    nan  1.093   98.4  3.808  5.598   76.5   90.6
K  -63.8  -37.7  110.5  178.1  -64.2    nan  1.032   99.0  3.801  5.486   70.0   77.5
V  -68.2  -49.3  111.5 -178.4  168.8  -67.1  1.149   89.1  3.792  5.301   59.9   83.0
V  -62.3  -34.8  112.6 -178.1  -65.2   63.3  1.149  100.8  3.824  5.426   58.7   78.6
A  -65.3  -41.0  110.7  177.3    nan    nan  1.040   96.0  3.807  5.614   73.4   84.8
G  -63.2  -42.0  110.9 -178.8    nan    nan    nan   97.0  3.831    nan    nan   83.6
V  -68.9  -47.6  109.7  179.3  167.6  -66.4  1.105   90.6  3.788    nan    nan   75.5
A  -58.6  -44.2  107.5 -179.5    nan    nan  1.011  101.2  3.840  5.429   72.9   80.5
N  -61.9  -46.5  110.4  179.2  -65.3    nan  1.124   95.8  3.805  5.308   57.0   79.8
A  -57.9  -41.2  111.6  180.0    nan    nan  1.073  101.2  3.838  5.432   68.9   83.0
L  -71.5  -23.3  114.0 -178.4  -80.4    nan  1.119   98.0  3.810  5.296   52.7   77.0
A  -92.8  -13.7  111.0 -179.9    nan    nan  1.009   82.4  3.825  5.359   57.0   71.6
H  -51.8  -40.8  118.7 -175.5 -161.9    nan  1.112  102.8  3.800  5.693  103.0  123.6
K  -92.2    8.3  114.6 -178.1  -62.0    nan  1.088   91.3  3.828  5.104   40.2   59.6
Y  -70.7  145.3  108.1  179.9  -87.4    nan  1.045   84.0  3.823  5.933  109.6  120.8
H -159.3    nan  111.5 -178.1   58.5    nan  1.026    nan  3.822  5.667  173.9  163.1
