Id   phi    psi    tau  omega    chi    chi2  solid    eta  CA-CA  CB-CB  BA^AB  NA^AC
M    nan  158.7  110.1    nan -106.1    nan  1.071    nan    nan    nan    nan    nan
H  -77.5   56.3  113.5 -179.7 -156.6    nan  1.228  116.4  3.783  5.685 -106.2  -96.9
L -113.1  136.1  108.4  178.3  -28.0    nan  1.015  118.9  3.780  6.021  136.3  120.8
T  -68.0  158.7  106.0  176.2   72.6  -51.5  1.061   75.2  3.792  5.773 -110.6 -117.9
P  -57.9  -29.3  110.4 -179.6   21.6    nan  1.048  108.6  3.768  5.240  -74.3  -79.3
E  -69.8  -43.7  108.0 -179.9  -43.5    nan  1.015   92.8  3.799  5.602   69.4   86.5
E  -65.5  -39.6  111.4  179.3  -71.7    nan  1.052   96.2  3.775  5.152   66.3   77.0
K  -62.3  -40.9  111.6 -177.3 -109.9    nan  1.077   98.0  3.766  5.348   70.5   87.8
S  -74.3  -37.3  112.8 -176.9  -27.8    nan  1.129   89.3  3.786  5.204   52.7   75.8
A  -58.9  -42.8  107.6  178.2    nan    nan  1.029  101.7  3.808  5.549   78.8   88.5
V  -61.8  -51.2  110.7  178.8  167.7  -69.1  1.066   93.1  3.827  5.343   65.4   80.6
T  -61.7  -50.7  111.1 -177.4  -74.2  161.8  1.019   93.2  3.775  5.181   62.7   77.2
A  -52.7  -47.5  111.1 -179.2    nan    nan  1.062  101.4  3.737  5.213   66.2   84.8
L  -68.9  -39.5  112.0 -175.4 -168.3    nan  1.120   93.2  3.807  5.234   51.5   76.2
W  -58.1  -35.3  112.3 -176.8 -162.6    nan  1.130  104.2  3.762  5.422   71.0   92.2
G  -55.4  -26.9  112.1  178.5    nan    nan    nan  111.5  3.814    nan    nan   94.6
K  -93.3    3.9  113.1 -180.0  -54.9    nan  1.039   88.2  3.825    nan    nan   67.8
V  -91.5  134.9  111.5 -177.7  166.0  -67.8  1.100  106.1  3.800  5.526   76.8  100.0
N  -90.4   90.1  106.7  172.8 -175.0    nan  1.009  106.7  3.814  5.844 -128.3 -146.0
V  -51.0  -37.1  112.0 -177.1  158.9  -77.5  1.156  109.0  3.830  6.102 -144.2 -141.0
D  -54.9  -68.8  108.5  177.6  -65.3    nan  1.085   88.0  3.797  5.630   77.4   92.1
E  -55.2  -45.5  115.1 -177.4  -43.8    nan  1.108   98.7  3.800  5.190   53.5   67.5
V  -68.3  -40.8  115.1 -176.2  174.0  -62.6  1.201   91.3  3.812  5.106   55.2   79.2
G  -57.6  -50.0  110.0  178.4    nan    nan    nan   97.1  3.810    nan    nan   87.8
G  -62.8  -36.8  113.6 -178.5    nan    nan    nan   98.8  3.829    nan    nan   76.8
E  -68.0  -49.2  109.1  180.0 -171.6    nan  0.958   90.9  3.828    nan    nan   82.1
A  -63.1  -50.5  109.8  178.8    nan    nan  1.110   93.1  3.795  5.078   53.1   73.8
L  -67.9  -34.4  111.6  179.6 -177.0    nan  1.131   96.7  3.809  5.351   49.7   70.2
G  -68.6  -40.9  109.3 -177.7    nan    nan    nan   94.3  3.849    nan    nan   85.6
R  -66.9  -32.0  112.0  178.0  -82.3    nan  1.073   98.6  3.798    nan    nan   78.4
L  -60.5  -47.3  109.2  177.8  176.0    nan  1.045   97.1  3.839  5.555   78.8   91.9
L  -62.6  -30.6  112.5 -180.0  -55.2    nan  1.148  102.9  3.816  5.174   52.3   77.3
V  -82.7  -45.1  114.2  179.5  161.5  -70.6  1.123   78.6  3.808  5.477   51.6   75.5
V  -76.9  -35.3  113.4 -176.0 -177.9  -54.7  1.087   87.8  3.836  5.224   50.4   70.9
Y -126.5   79.0  106.7 -178.4  -52.2    nan  0.981   96.5  3.818  5.007    9.8   26.4
P  -58.0  -26.9  117.2 -174.8   13.5    nan  1.175  107.3  3.771  6.061 -166.4 -155.7
W  -60.8  -25.7  111.6  178.0   54.2    nan  1.102  107.5  3.814  5.698   80.3   97.6
T  -65.3  -15.9  111.5  179.8   67.8  -54.5  1.131  108.1  3.810  5.654   76.5   95.2
Q  -63.3  -16.5  111.5  178.0  -72.9    nan  1.059  109.7  3.830  5.821   96.1  104.6
R  -54.5  -24.6  113.4 -178.9   77.1    nan  1.115  113.2  3.794  5.697   98.2  115.1
F  -94.0   -2.5  115.0 -177.5  -54.2    nan  1.061   85.0  3.833  5.407   55.0   73.0
F -125.8   32.3  112.9 -172.5  -54.0    nan  1.062   71.0  3.765  5.033   41.3   63.9
E  -56.7  -34.3  109.3 -179.1  -26.1    nan  1.101  107.3  3.759  6.099  144.8  157.6
S  -71.4   -2.5  115.0  179.9   80.8    nan  1.130  107.5  3.808  5.439   61.8   82.6
F  -83.5   -5.1  112.7  179.5  -75.9    nan  1.117   94.6  3.850  5.788   81.6  100.2
G   94.8 -152.7  108.2 -178.4    nan    nan    nan  102.5  3.798    nan    nan  -94.4
D  -68.9  118.2  115.5 -176.5 -176.5    nan  1.149  100.6  3.785    nan    nan  -28.4
L -130.7   23.5  110.9  178.2  -52.7    nan  1.006   60.7  3.779  5.755 -179.3  156.3
S  -65.8  -31.1  114.8 -177.1   71.9    nan  1.153   98.8  3.827  6.020  117.0  142.8
T -133.2  161.8  110.3  178.9   62.3  -63.1  1.046  136.8  3.811  5.063    6.8   24.0
P  -48.3  -49.1  109.6  178.2  -32.9    nan  0.949  104.3  3.790  5.036  -56.1  -69.2
D  -61.1  -44.6  112.2  179.2  -60.9    nan  1.097   96.4  3.780  5.030   50.4   76.3
A  -65.1  -35.2  110.1  179.3    nan    nan  1.057   99.4  3.813  5.358   62.3   77.5
V  -71.2  -54.3  112.2  179.4  172.5  -64.0  1.049   84.1  3.811  5.416   64.3   80.5
M  -58.3  -34.2  114.6 -177.1  -55.9    nan  1.183  103.6  3.809  5.077   53.1   78.9
G  -96.3    2.4  116.4  179.0    nan    nan    nan   84.8  3.821    nan    nan   59.5
N  -71.7  118.5  107.8  178.4 -173.0    nan  1.064   96.0  3.838    nan    nan  112.8
P  -65.8  -30.0  113.4 -176.8   24.5    nan  1.060  100.0  3.787  5.817 -118.5 -128.4
K  -69.3  -38.0  107.7  178.9  -92.7    nan  1.073   95.9  3.799  5.552   63.3   86.4
V  -58.1  -49.1  107.6  178.4  158.2  -76.9  1.053   98.7  3.813  5.469   74.6   87.6
K  -62.4  -43.3  113.9 -179.3  -47.3    nan  1.087   95.2  3.790  5.255   58.8   76.7
A  -68.8  -39.4  110.4 -178.6    nan    nan  1.036   94.2  3.813  5.247   61.7   77.1
H  -68.2  -39.9  111.5  179.3 -171.1    nan  1.130   93.8  3.777  5.346   55.7   79.6
G  -61.2  -34.9  110.1  179.8    nan    nan    nan  102.8  3.824    nan    nan   85.5
K  -66.3  -38.7  111.0  179.9 -172.9    nan  1.052   96.3  3.792    nan    nan   85.2
K  -65.9  -54.1  107.5  179.9 -127.2    nan  0.945   91.0  3.854  5.343   74.4   81.0
V  -53.8  -58.6  110.8 -179.6  163.5  -70.5  1.122   93.6  3.822  4.966   55.6   78.9
L  -64.5  -25.6  114.3  178.2 -138.9    nan  1.142  103.2  3.806  5.204   42.4   64.9
G  -68.0  -39.9  107.7  177.3    nan    nan    nan   96.1  3.843    nan    nan   90.3
A  -71.2  -39.4  108.5 -179.2    nan    nan  1.080   93.3  3.824    nan    nan   75.3
F  -57.5  -48.5  110.0  173.1 -177.3    nan  1.101   98.1  3.810  5.539   65.6   83.5
S  -57.1  -47.8  112.1  179.0  -61.9    nan  1.087   97.5  3.843  5.485   70.1   80.8
D  -54.3  -43.6  110.7  178.1  -68.5    nan  1.084  103.0  3.822  5.332   73.8   83.6
G  -62.8  -27.3  111.4 -179.9    nan    nan    nan  104.9  3.828    nan    nan   81.1
L  -68.5  -19.4  110.8 -178.4 -111.5    nan  1.065  103.6  3.796    nan    nan   91.9
A  -83.8   -8.9  110.3 -179.0    nan    nan  1.085   93.0  3.783  5.407   60.0   84.2
H -132.3   49.8  112.5 -179.4  -52.3    nan  1.048   77.4  3.818  5.301   25.5   44.1
L  -53.2  -23.8  112.0 -179.1  -76.5    nan  1.101  115.2  3.838  6.160  171.1  177.3
D  -79.5  -26.7  115.6  179.7  -79.6    nan  1.212   88.4  3.779  5.424   52.3   84.6
N -130.5   65.1  110.8  179.1 -161.7    nan  1.128   88.3  3.846  5.244    8.9   30.7
L  -66.5  -46.5  106.7  178.6  -66.8    nan  1.049   94.8  3.791  6.174 -178.4  175.8
K  -46.8  -51.0  109.5 -179.7 -108.8    nan  1.062  104.0  3.810  5.443   78.2   91.9
G  -63.5  -50.3  113.4  179.9    nan    nan    nan   90.6  3.799    nan    nan   73.5
T  -63.1  -27.8  115.3 -179.3  -63.4  172.7  1.118  102.8  3.809    nan    nan   76.7
F -110.1    7.7  115.2 -175.8  -66.6    nan  1.106   73.3  3.832  5.114   31.3   55.0
A  -58.2  -50.0  111.9 -176.8    nan    nan  1.082   95.5  3.836  6.017  123.0  135.5
T  -62.0  -45.7  111.8 -180.0  -50.0 -172.5  1.090   95.3  3.789  5.227   61.3   76.2
L  -64.1  -31.9  109.3  177.6  -87.5    nan  1.077  102.3  3.795  5.322   59.2   75.9
S  -65.8  -46.3  110.4 -179.8 -178.7    nan  1.083   93.1  3.833  5.593   70.6   89.0
E  -60.7  -41.2  111.6 -179.5  -75.8    nan  0.998   99.0  3.809  5.393   74.2   80.7
L  -60.4  -49.3  112.0  179.5  167.5    nan  1.069   94.3  3.816  5.129   68.8   85.0
H  -64.7  -35.8  112.3 -178.2  -80.1    nan  1.095   98.4  3.791  5.168   54.6   75.8
C  -79.4  -68.7  110.2  178.0  174.2    nan  1.047   75.6  3.809  5.369   54.2   70.8
D  -62.2  -41.9  117.6 -175.9  -64.4    nan  1.198   94.2  3.796  4.880   36.2   63.5
K  -99.7  -43.8  115.3 -177.6  -52.5    nan  1.138   65.6  3.783  5.190   28.6   52.6
L  -90.8  -22.4  112.8 -177.0  -45.1    nan  1.103   80.7  3.802  5.096   36.7   59.0
H   58.3   48.3  111.1 -177.6  -48.0    nan  1.067   96.9  3.829  5.656 -143.3 -144.6
V  -92.7  121.3  111.1  179.3  172.9  -63.5  1.064  109.4  3.823  6.023  129.6  138.0
D  -62.8  127.4  105.0  176.0  175.9    nan  0.893   84.5  3.835  5.801 -108.0 -128.5
P  -60.7  -12.3  115.4 -179.1   -6.3    nan  1.056  113.5  3.861  5.788 -115.3 -114.5
E  -62.1  -32.5  108.1  177.3 -177.2    nan  1.036  104.4  3.792  5.709   93.6  108.3
N  -57.4  -34.2  110.8  178.1  -71.8    nan  0.993  106.1  3.815  5.528   85.1   94.0
F  -65.6  -31.0  109.5 -178.3  -54.7    nan  1.075  101.4  3.833  5.439   68.4   88.2
R  -72.6  -43.8  109.0 -179.1  -93.7    nan  1.040   90.0  3.781  5.420   68.5   83.2
L  -58.9  -47.1  110.1  179.7  -65.1    nan  1.111   97.8  3.802  5.359   64.5   83.6
L  -60.2  -41.1  111.3 -179.5 -179.3    nan  1.062   99.6  3.779  5.407   68.3   80.8
G  -59.9  -39.3  109.8 -179.3    nan    nan    nan  101.6  3.826    nan    nan   86.3
N  -74.5  -33.8  110.1 -178.9  -75.6    nan  1.032   92.2  3.824    nan    nan   74.7
V  -66.1  -41.8  109.0  178.7  171.8  -65.8  1.077   96.0  3.816  5.397   66.9   85.5
L  -58.9  -42.3  110.9  179.1 -176.8    nan  1.049  100.2  3.814  5.449   69.2   85.2
V  -59.3  -41.4  108.2 -179.8  164.9  -73.7  1.140  101.9  3.791  5.409   60.2   85.0
C  -65.8  -37.1  109.9  179.7  -69.5    nan  1.074   98.1  3.808  5.547   66.2   79.1
V  -70.4  -41.0  109.2 -178.6  170.9  -64.4  1.083   92.9  3.816  5.334   61.5   80.4
L  -62.0  -43.4  109.5 -179.8  -63.6    nan  1.071   98.0  3.797  5.491   65.4   83.8
A  -61.0  -44.3  110.5  179.8    nan    nan  1.028   97.6  3.819  5.372   68.7   82.0
H  -61.6  -47.3  110.0  179.3 -170.5    nan  1.005   95.8  3.834  5.396   70.3   80.3
H  -67.2  -41.9  114.9 -179.7 -169.6    nan  1.104   91.7  3.812  5.069   57.1   73.4
F -102.8   -8.9  116.0 -176.9  -63.1    nan  1.146   73.5  3.821  5.072   23.8   49.8
G   52.8 -137.4  113.4 -178.6    nan    nan    nan   76.6  3.788    nan    nan -138.5
K  -51.5  -21.4  114.2 -176.6   65.9    nan  1.150  117.5  3.791    nan    nan    7.3
E  -70.9  -26.0  110.9 -179.7 -102.5    nan  0.969   98.4  3.813  5.685   91.4   94.8
F  -83.1   69.6  107.6  179.1 -157.7    nan  1.012  108.9  3.835  5.289   58.3   76.3
T  -69.5  162.9  112.0 -177.8   60.2  -59.5  0.996   76.6  3.814  6.206 -175.4 -178.4
P  -46.1  -55.4  111.7  178.1  -35.0    nan  1.047  100.0  3.830  5.147  -65.4  -65.4
P  -59.4  -35.4  113.3  178.6   -7.9    nan  1.033  102.5  3.825  5.247   53.7   72.9
V  -68.5  -43.9  108.6  178.4  169.3  -67.5  1.078   93.3  3.826  5.435   59.1   82.1
Q  -58.8  -43.7  110.4  178.6  166.9    nan  1.032   99.7  3.820  5.511   72.0   82.8
A  -53.0  -48.4  110.7  179.4    nan    nan  1.030  100.9  3.861  5.382   79.1   89.0
A  -64.5  -42.2  108.4  179.5    nan    nan  0.992   97.3  3.833  5.150   60.8   73.8
Y  -65.6  -33.5  111.4  178.2  -92.7    nan  1.125   99.2  3.830  5.372   52.0   77.7
Q  -64.3  -41.4  108.5  178.2  -67.6    nan  1.080   97.8  3.842  5.656   75.3   86.8
K  -60.9  -47.1  109.9  176.1  -75.1    nan  1.020   96.5  3.834  5.454   75.9   80.3
V  -62.6  -49.7  111.9  178.7  168.6  -69.3  1.151   92.5  3.839  5.183   55.8   76.5
V  -64.3  -35.0  111.5 -178.6  -62.6   63.9  1.198   99.5  3.835  5.487   52.2   75.7
A  -66.8  -41.1  109.6  179.0    nan    nan  1.028   95.4  3.843  5.606   78.6   83.8
G  -65.1  -43.5  107.5 -179.9    nan    nan    nan   96.8  3.803    nan    nan   79.5
V  -69.4  -41.1  111.0  179.8  164.7  -72.0  1.144   92.6  3.789    nan    nan   74.4
A  -61.5  -40.0  112.0  179.7    nan    nan  1.041   98.8  3.827  5.514   74.4   84.8
N  -65.2  -46.3  111.1 -179.5  -65.2    nan  1.119   93.1  3.848  5.355   59.0   82.3
A  -60.7  -39.7  108.3  178.3    nan    nan  1.021  101.7  3.818  5.394   69.1   78.4
L  -75.6  -23.6  111.2 -179.3  -92.9    nan  1.120   95.0  3.821  5.285   47.6   73.2
A  -85.2  -16.0  113.3 -179.6    nan    nan  1.022   88.4  3.844  5.535   65.5   79.3
H  -48.2  -44.4  117.9 -174.8 -154.2    nan  1.223  103.4  3.786  5.577   98.8  125.0
K  -92.9   12.7  115.5 -179.1  -50.8    nan  1.066   92.6  3.820  5.284   42.1   56.2
Y  -69.4  147.7  108.0  179.9  -83.3    nan  1.061   81.8  3.833  5.936  113.4  125.8
H -162.7    nan  109.7 -177.3   67.7    nan  1.019    nan  3.803  5.632  174.3  161.9
