Id   phi    psi    tau  omega    chi    chi2  solid    eta  CA-CA  CB-CB  BA^AB  NA^AC
V    nan  121.9  107.3    nan -167.1  -41.8  1.072    nan    nan    nan    nan    nan
L  -79.4  126.2  111.7 -177.0  -57.7    nan  1.111  100.6  3.786  5.861 -132.9 -137.7
S  -82.6  171.2  105.7  176.2   69.0    nan  0.969   85.0  3.792  5.833 -123.0 -145.7
P  -61.3  -38.5  108.2  178.3  -17.5    nan  0.971  101.8  3.814  5.131  -67.8  -69.3
A  -60.9  -41.7  111.4 -179.9    nan    nan  1.053   98.6  3.814  5.329   65.8   86.8
D  -62.4  -48.4  109.8  179.9  -70.4    nan  1.034   94.7  3.760  5.366   70.4   83.0
K  -57.8  -40.7  110.3 -174.5  -27.5    nan  1.139  102.3  3.757  5.197   63.1   85.4
T  -56.8  -53.1  110.0  178.3  -73.3  161.9  1.018   95.7  3.816  5.470   79.9   86.8
N  -55.5  -50.4  110.7  178.0  -69.0    nan  1.066   97.8  3.786  5.128   60.6   77.2
V  -61.7  -47.3  113.4 -178.6  170.1  -65.8  1.094   93.8  3.818  5.312   57.9   77.7
K  -57.1  -39.2  108.5 -178.3  -68.4    nan  1.050  104.6  3.808  5.334   69.5   84.4
A  -66.3  -48.7  115.2 -180.0    nan    nan  1.094   88.4  3.797  5.277   62.3   81.6
A  -71.4  -39.4  110.7 -178.3    nan    nan  1.039   91.9  3.803  5.179   53.6   70.6
W  -70.8  -26.5  110.6 -177.3 -160.0    nan  1.076   98.4  3.775  5.240   57.6   79.4
G  -62.6  -45.8  109.7  178.5    nan    nan    nan   96.1  3.765    nan    nan   94.6
K  -68.8  -27.7  112.2 -179.9  -56.6    nan  1.100   99.0  3.839    nan    nan   72.5
V  -65.4  -48.4  107.8  179.0  172.0  -62.2  1.015   93.9  3.819  5.507   82.3   91.4
G   45.0 -120.9  114.0 -180.0    nan    nan    nan   83.3  3.742    nan    nan  177.0
A  -67.1  -13.8  113.8 -176.6    nan    nan  1.045  106.8  3.743    nan    nan   11.5
H  -87.2   -2.4  113.0  179.7  -71.1    nan  1.034   91.9  3.803  5.554   67.8   85.3
A  -42.8  -60.6  113.7 -178.6    nan    nan  1.068   97.0  3.805  5.818  129.4  139.1
G  -55.9  -36.1  114.3 -178.0    nan    nan    nan  104.6  3.805    nan    nan   74.9
E  -71.9  -40.9  109.9  178.7  174.7    nan  1.018   91.4  3.813    nan    nan   78.5
Y  -67.6  -38.9  109.0  178.0  -67.6    nan  1.033   96.2  3.820  5.264   60.5   76.3
G  -55.5  -55.8  109.3  176.8    nan    nan    nan   95.4  3.801    nan    nan   88.6
A  -62.5  -35.2  111.0  179.9    nan    nan  1.062  101.2  3.796    nan    nan   69.8
E  -65.0  -45.5  111.1 -178.8 -176.6    nan  1.071   93.6  3.855  5.551   73.8   87.5
A  -61.6  -42.1  110.1  177.9    nan    nan  1.025   98.6  3.804  5.223   70.2   78.5
L  -60.3  -46.3  108.6  179.5  -72.1    nan  1.039   98.2  3.844  5.433   68.4   83.5
E  -58.1  -48.2  112.3  179.3  173.6    nan  1.040   96.4  3.782  5.320   70.5   82.0
R  -57.3  -42.9  110.1  177.2  -73.9    nan  1.045  101.5  3.782  5.239   67.9   80.0
M  -61.5  -51.9  110.9 -178.6 -176.8    nan  1.113   92.8  3.864  5.348   63.3   83.5
F  -57.4  -34.8  112.5 -177.4  -63.6    nan  1.096  105.0  3.790  5.342   65.6   80.9
L  -85.1  -38.5  110.7 -177.7  -64.3    nan  1.005   81.3  3.764  5.288   56.9   70.4
S  -77.3  -35.9  112.6 -177.7  -78.2    nan  1.030   87.6  3.782  5.176   56.8   74.5
F -132.7   81.2  107.8 -175.8  -48.9    nan  0.982   96.8  3.816  4.740    4.2   21.6
P  -54.5  -25.6  115.7 -176.4  -18.4    nan  1.022  111.8  3.800  6.071 -148.5 -152.4
T  -64.8  -24.6  111.7 -178.6   63.2  -61.9  1.117  104.3  3.803  5.481   72.3   98.0
T  -65.9  -22.0  110.6 -179.8   61.5  -59.3  1.040  105.0  3.787  5.663   82.3   95.9
K  -66.4  -16.8  112.3  179.3  -64.4    nan  1.055  106.4  3.817  5.696   82.5   97.1
T  -64.3  -19.0  110.0 -178.7   68.2  -56.3  1.123  108.1  3.803  5.666   88.6  105.2
Y  -88.5   -9.1  112.8  179.8  -64.8    nan  1.085   88.0  3.798  5.528   62.5   79.8
F -129.3   54.6  109.8 -177.7  -59.1    nan  1.050   81.2  3.827  5.189   28.3   50.4
P  -68.6  -23.4  110.7 -179.6   28.6    nan  0.984  101.8  3.792  6.090  165.0  166.9
H  -90.4    7.7  113.6 -178.0   59.5    nan  1.080   92.7  3.809  5.273   46.0   74.9
F -109.3  151.2  112.2 -178.8  -88.9    nan  1.026  117.5  3.796  5.650   70.9   84.4
D  -86.9  111.2   99.9  173.1  165.1    nan  0.979   98.1  3.758  5.386 -116.5 -125.1
L  -96.1    9.3  113.9 -175.3  -74.6    nan  1.145   87.7  3.810  6.019 -169.3 -158.2
S  -68.6  156.1  110.1 -179.9   60.9    nan  1.106   78.2  3.782  5.978  106.9  124.2
H  -53.9  126.3  108.6 -179.8  166.2    nan  1.082   81.9  3.785  5.377  -67.3  -81.3
G   71.0   16.0  114.5  178.3    nan    nan    nan  101.8  3.783    nan    nan    2.1
S  -52.4  145.0  105.7  179.3   97.8    nan  1.019   67.8  3.784    nan    nan  144.2
A  -67.8  -31.8  110.8  179.0    nan    nan  1.038   98.5  3.807  5.563  -96.6 -105.2
Q  -62.4  -46.2  110.4  179.2  -97.7    nan  1.060   95.6  3.791  5.460   74.5   91.3
V  -68.3  -36.7  108.4 -178.4  167.1  -66.9  1.042   96.9  3.797  5.240   58.6   73.9
K  -63.0  -49.6  108.0  179.6  -89.0    nan  1.007   94.8  3.768  5.333   72.1   85.2
G  -61.9  -47.9  110.5  179.9    nan    nan    nan   95.0  3.797    nan    nan   75.4
H  -60.2  -47.7  109.9 -179.0 -169.5    nan  1.143   96.7  3.763    nan    nan   80.1
G  -57.0  -31.4  110.2 -178.9    nan    nan    nan  108.3  3.784    nan    nan   83.1
K  -72.0  -41.5  112.5 -178.2 -175.6    nan  1.114   89.5  3.807    nan    nan   86.0
K  -56.7  -49.5  110.2  177.4  -74.2    nan  0.978   97.8  3.799  5.384   80.2   86.4
V  -59.3  -47.5  109.0  179.1  170.9  -63.7  1.071   97.9  3.796  5.137   57.4   77.4
A  -62.7  -37.0  111.2 -178.1    nan    nan  1.065   99.9  3.839  5.387   62.1   78.9
D  -60.5  -40.9  112.1  179.3  -79.1    nan  1.125   99.1  3.801  5.394   66.5   88.8
A  -66.4  -41.6  109.6  179.8    nan    nan  1.039   95.5  3.817  5.417   66.1   80.0
L  -61.8  -45.9  109.4  178.7  -73.2    nan  1.112   96.8  3.791  5.286   59.0   82.0
T  -56.0  -48.4  110.6  179.7  -63.4  175.2  1.077   98.8  3.833  5.535   68.5   84.7
N  -55.7  -41.6  110.7  176.7 -179.2    nan  1.032  103.1  3.791  5.291   66.2   80.4
A  -67.8  -33.6  112.3 -179.8    nan    nan  1.074   96.9  3.824  5.383   57.7   78.7
V  -71.8  -39.5  108.3  178.5  173.8  -60.7  1.040   92.9  3.832  5.463   65.2   80.3
A  -58.9  -38.9  111.7  178.6    nan    nan  1.041  101.7  3.815  5.421   72.4   86.8
H -110.1   38.6  114.9  179.8  -57.6    nan  1.056   88.7  3.829  5.035   19.3   40.1
V  -51.6  -27.4  112.7 -177.9   64.5 -169.3  1.120  114.3  3.796  6.114  158.6  168.6
D  -86.8   -8.7  112.3 -177.0  -69.2    nan  1.197   89.9  3.813  5.406   45.4   76.4
D -150.3   58.0  111.5  176.9 -172.3    nan  1.180   72.2  3.776  5.200    3.0   25.3
M  -57.2  -43.1  112.2  179.3  -74.0    nan  1.100  100.3  3.789  6.173 -172.6  179.1
P  -47.6  -51.4  113.2 -178.0  -32.5    nan  1.066  101.2  3.803  5.353   81.3   97.9
N  -78.6  -42.1  109.4  179.6  -77.6    nan  1.149   85.9  3.789  5.160   27.1   59.1
A  -56.1  -33.9  112.2  179.2    nan    nan  1.075  106.7  3.791  5.541   74.5   88.0
L -107.3    6.8  115.4 -178.9  -55.7    nan  1.080   75.8  3.854  5.090   25.4   49.7
S  -42.9  -51.8  116.0 -176.8 -146.7    nan  1.136  102.6  3.839  6.002  133.2  149.5
A  -65.5  -27.4  111.6 -179.2    nan    nan  1.070  102.4  3.815  5.290   59.3   73.2
L  -79.8  -37.4  107.9 -179.0 -100.3    nan  1.063   87.6  3.763  5.342   60.3   80.2
S  -69.9  -27.3  109.6  179.5   44.5    nan  1.088   99.3  3.811  5.485   58.6   79.3
D  -66.3  -51.5  109.7  178.5  -82.8    nan  1.032   90.5  3.822  5.627   79.3   91.0
L  -57.7  -41.3  113.5 -178.3 -179.0    nan  1.086  100.4  3.773  5.094   62.7   80.2
H  -70.0  -48.2  110.4 -179.1  -75.6    nan  1.162   89.1  3.790  5.326   51.2   77.4
A  -64.8  -44.0  113.3  179.4    nan    nan  1.067   93.4  3.822  5.463   65.1   74.6
H  -99.8  -27.3  117.9 -174.2  -50.4    nan  1.211   68.7  3.795  4.971   20.5   53.7
K -107.1  -69.8  113.8  178.9 -116.0    nan  1.081   62.4  3.761  5.305   40.2   55.2
L  -57.8  -48.2  112.4 -174.6  -51.7    nan  1.113   96.6  3.814  4.857   45.6   67.6
R   53.6   52.2  113.7  178.9  -80.7    nan  1.115   96.2  3.767  5.537  173.0 -175.2
V  -77.3  125.5  109.4  177.7  171.4  -62.7  0.986   97.8  3.824  6.203  156.0  151.7
D  -57.9  132.4  108.9  179.4 -170.9    nan  0.998   81.0  3.820  5.851 -106.7 -115.7
P  -47.3  -30.4  115.8  178.5  -32.5    nan  1.024  115.0  3.819  5.477  -88.6  -99.8
V  -58.8  -31.4  112.3  179.3  -55.6   70.4  1.089  105.8  3.856  5.664   76.5   97.6
N  -61.6  -32.5  114.8 -177.4  -65.5    nan  1.097  101.7  3.853  5.509   80.2   96.6
F  -56.4  -36.7  109.0  178.9  -73.6    nan  1.073  106.3  3.811  5.573   81.8   96.3
K  -69.9  -32.9  110.2 -177.2   90.8    nan  1.115   96.4  3.796  5.325   60.0   82.4
L  -66.4  -47.7  111.5  179.1  -58.1    nan  1.089   91.2  3.820  5.441   65.6   86.2
L  -66.0  -42.5  110.5  178.0  176.2    nan  1.096   94.8  3.798  5.358   51.8   72.6
S  -59.1  -41.2  109.9  179.4  -51.8    nan  1.111  101.2  3.820  5.508   69.2   84.6
H  -62.4  -46.0  109.2  179.1  174.0    nan  1.062   96.4  3.832  5.548   72.8   82.2
C  -67.1  -25.4  113.0 -178.2  -67.3    nan  1.129  101.4  3.813  5.276   57.6   76.2
L  -74.0  -42.5  107.5  176.6  -87.2    nan  1.004   90.4  3.832  5.586   75.4   83.8
L  -61.1  -41.9  108.4  178.4  -78.5    nan  1.025  100.0  3.817  5.309   65.0   80.9
V  -60.6  -47.7  108.1 -178.7  164.4  -72.7  1.145   97.4  3.823  5.412   59.1   84.3
T  -56.9  -50.9  112.3  179.3  -58.6 -179.2  1.096   95.6  3.826  5.467   68.7   81.4
L  -57.6  -49.3  109.2  178.4 -102.8    nan  1.080   98.1  3.811  5.217   60.3   77.4
A  -59.8  -43.4  111.8  178.3    nan    nan  1.108   98.3  3.837  5.444   59.0   77.0
A  -69.4  -14.2  113.7 -179.7    nan    nan  1.044  104.4  3.858  5.387   64.8   75.4
H -117.5  -13.6  112.0 -179.0  -68.8    nan  1.090   58.2  3.851  5.292   35.4   55.7
L -134.5   64.3  111.4 -178.8  -47.0    nan  1.082   86.0  3.861  5.110   23.0   40.1
P  -53.6  -49.1  112.6  179.6  -10.8    nan  0.994   98.9  3.792  6.053 -160.5 -171.6
A  -65.7  -42.5  112.1 -177.8    nan    nan  1.021   94.1  3.793  5.047   56.0   75.9
E  -77.8  -31.5  116.9 -177.7  -67.5    nan  1.086   87.1  3.797  5.061   47.7   71.0
F  -75.5   63.8  116.7 -177.3 -156.2    nan  1.196  120.0  3.842  5.305   56.5   84.6
T  -82.6  169.8  110.1  176.9   59.0  -60.6  0.995   86.2  3.784  6.148  170.7  156.8
P  -57.7  -44.8  110.3 -179.2  -27.5    nan  1.008   99.9  3.805  5.214  -66.7  -66.0
A  -64.2  -35.3  111.5 -177.7    nan    nan  1.063   99.4  3.786  5.239   56.8   80.4
V  -76.9  -40.1  108.7 -177.4  164.5  -72.1  1.103   88.4  3.799  5.280   51.5   77.1
H  -52.5  -50.4  107.2  177.1 -178.9    nan  0.952  102.0  3.821  5.526   83.9   89.9
A  -61.1  -41.8  112.4 -179.7    nan    nan  1.100   97.9  3.806  5.047   53.5   75.7
S  -66.2  -41.7  110.8 -178.5  -76.5    nan  1.025   94.8  3.814  5.360   66.9   80.8
L  -66.9  -44.4  109.6 -178.5  -80.1    nan  1.055   93.6  3.789  5.123   58.4   79.1
D  -57.2  -48.5  107.9  178.3 -164.9    nan  1.027   99.5  3.805  5.482   70.2   83.2
K  -62.2  -40.4  112.2  179.6  -61.2    nan  1.058   98.0  3.825  5.304   64.2   76.1
F  -64.2  -45.8  111.7 -179.0  165.9    nan  1.130   93.7  3.807  5.258   63.0   84.0
L  -65.7  -34.8  110.1 -179.9  -65.1    nan  1.105   99.1  3.822  5.398   56.0   76.2
A  -64.0  -37.1  108.8  178.3    nan    nan  1.072  100.1  3.803  5.543   69.7   85.7
S  -72.8  -42.8  110.6 -179.6  -52.0    nan  1.067   89.4  3.829  5.463   61.9   77.0
V  -60.5  -42.6  106.7  178.4  173.2  -65.8  1.043  101.2  3.755  5.350   69.8   81.9
S  -58.6  -43.2  111.8 -178.6  -72.7    nan  1.052   99.4  3.817  5.473   71.7   86.0
T  -63.9  -39.8  110.4  179.9  -61.2  176.6  1.046   97.9  3.812  5.309   66.3   80.3
V  -63.8  -44.3  111.1  179.5  167.7  -68.0  1.112   95.2  3.789  5.387   61.1   83.3
L  -66.3  -24.2  112.3 -176.8  -72.9    nan  1.124  102.9  3.794  5.296   57.8   79.8
T -112.0    9.5  109.5 -178.5   59.6  -63.5  1.062   71.4  3.816  5.332   30.1   53.8
S  -62.4  -24.7  112.4 -177.4   65.0    nan  1.078  106.2  3.810  6.013  118.5  132.8
K -108.8   21.7  116.1 -178.7  -54.6    nan  1.065   81.6  3.828  5.126   36.9   58.1
Y  -64.2  -35.4  115.0 -177.8  -91.4    nan  1.103   97.8  3.794  5.964  124.0  142.5
R -162.9    nan  112.4 -179.2   59.5    nan  1.091    nan  3.815  4.869  -32.2  -12.2
