Id   phi    psi    tau  omega    chi    chi2  solid    eta  CA-CA  CB-CB  BA^AB  NA^AC
K    nan  166.3  111.7    nan -162.9    nan  1.056    nan    nan    nan    nan    nan
K  -36.2  130.5  113.8  178.8  -60.2    nan  1.068   69.9  3.799  5.006  -42.1  -51.7
V  -93.2  130.7  109.6  173.5  176.0  -62.1  1.030  106.9  3.802  5.830 -140.2 -151.3
K  -79.8  150.8  111.5 -178.1  -47.6    nan  1.030   91.2  3.808  5.810 -121.8 -129.9
V -112.0  166.6  109.9  174.5  -60.1   62.7  1.060  115.9  3.785  5.647 -146.1 -144.5
S -149.8  177.1  108.3  169.5 -171.2    nan  1.011  150.6  3.790  5.471 -167.6 -165.7
H -163.8  154.5  108.5 -179.9 -163.2    nan  1.019  154.8  3.802  5.386 -167.2 -165.1
R  -69.2  -18.3  112.7 -179.1   53.0    nan  1.093  102.9  3.791  5.509  -93.8  -93.8
S  -82.2  -14.6  113.3  178.9   66.5    nan  1.059   91.8  3.801  5.539   69.4   86.1
H  -67.2  138.8  111.2  177.8  -63.3    nan  1.049   85.9  3.816  5.663   88.7  102.3
S  -98.1  144.0  112.1  177.8  -53.8    nan  1.042  109.4  3.822  5.765 -136.8 -141.9
T -138.8    2.8  112.6 -175.2   57.3  -63.7  1.043   42.3  3.801  5.693 -169.9 -174.1
E  -93.5  119.4  111.7 -179.3  178.0    nan  1.037  110.6  3.821  5.631   79.3   96.2
P  -73.0  140.9  113.3 -175.4   32.5    nan  0.981   90.7  3.798  5.757 -122.5 -134.0
G -158.1 -168.4  111.8  176.8    nan    nan    nan  151.8  3.781    nan    nan  156.8
L -108.3  150.1  111.0  179.1  -49.7    nan  1.010  116.2  3.776    nan    nan  -88.9
V -102.3  132.7  110.3 -178.4  175.9  -61.8  1.012  113.1  3.800  5.667 -129.4 -131.6
L -123.3  147.1  107.3  174.2  -47.0    nan  0.959  126.6  3.807  5.806 -168.5 -176.6
T -132.7  159.4  109.6  179.2   54.7  -66.7  1.020  136.2  3.816  5.712 -168.0 -165.7
L -158.1  164.2  109.7  177.8   65.7    nan  1.024  158.0  3.819  5.508 -177.9  178.5
G  106.8 -148.7  111.2 -178.0    nan    nan    nan  115.3  3.814    nan    nan   82.3
Q  -86.4  148.5  111.2 -179.5  -58.5    nan  1.040   97.8  3.817    nan    nan  -42.9
G -142.2   27.8  111.1 -174.1    nan    nan    nan   53.4  3.804    nan    nan -173.3
D  -56.1  -41.1  113.1 -178.5  -56.0    nan  1.069  101.9  3.803    nan    nan  155.2
V -106.6   19.4  113.2 -174.7  -61.1   61.6  1.088   81.7  3.806  4.990   22.4   46.9
G   92.4    5.9  115.7  175.2    nan    nan    nan   85.1  3.805    nan    nan  -80.8
Q  -68.5  -15.4  114.8 -177.1   63.2    nan  1.123  104.5  3.817    nan    nan  125.3
L  -82.6  -24.1  112.0  175.4  -62.3    nan  1.053   88.1  3.818  5.631   72.7   85.6
G   68.8   28.7  114.5  178.9    nan    nan    nan   97.6  3.813    nan    nan -139.6
L -112.4   14.3  113.7 -176.0  -57.6    nan  1.054   73.9  3.795    nan    nan  103.0
G  106.3  175.5  114.3  176.2    nan    nan    nan  104.4  3.809    nan    nan  -71.0
E  -72.2  -20.6  113.4 -180.0  -53.8    nan  1.036   98.8  3.788    nan    nan  -72.8
N  -93.5  -13.1  114.3 -176.3  -55.2    nan  1.061   81.2  3.813  5.281   56.2   77.3
V -103.7   98.7  111.1 -177.4 -179.9  -58.8  1.080  112.4  3.820  5.369   49.9   73.1
M  -97.2  -12.1  113.9 -173.6  -63.3    nan  1.051   78.1  3.792  6.021 -167.4 -176.3
E -160.0  141.4  110.1 -177.8 -178.2    nan  1.025  143.8  3.807  4.828   -1.8   12.9
R -136.9  123.1  108.7  174.7  -97.7    nan  1.046  125.7  3.802  5.726 -179.8 -180.0
K  -85.3  -22.7  110.8 -175.5  -58.4    nan  1.049   86.5  3.810  5.898 -135.1 -141.4
K -125.9  155.1  107.8  175.4  -68.7    nan  0.993  129.5  3.812  5.168   16.5   34.4
P  -49.7  139.0  112.1  179.9  -34.4    nan  0.972   72.6  3.817  5.199  -67.2  -75.8
A -130.7  141.8  111.0  176.7    nan    nan  1.045  132.9  3.811  5.802 -179.2 -175.3
L  -66.7  130.7  113.0 -177.8 -176.7    nan  1.077   90.8  3.821  5.627  -99.1 -106.5
V -101.0  131.1  109.6  175.3 -178.5  -57.0  1.040  111.9  3.822  5.862 -148.5 -156.4
S  -79.7   91.2  112.1 -177.6  -66.4    nan  1.065  111.5  3.816  5.843 -123.9 -128.5
I -104.1  137.2  108.0  172.8  -58.0 -180.0  1.021  112.5  3.820  6.064  165.9  160.3
P  -73.1    2.5  115.6 -172.0   26.7    nan  1.052  108.0  3.805  5.641 -107.7 -110.6
E -142.9  162.2  108.8 -179.2  -61.9    nan  0.995  145.0  3.800  5.216   25.0   44.1
D  -66.4  149.8  106.9  171.5  -70.6    nan  0.999   77.8  3.821  5.338  -83.7  -88.5
V -118.5  136.5  109.0 -176.8  172.8  -65.0  1.006  122.9  3.826  5.712 -145.0 -146.7
V -102.3  -19.2  114.0  177.5  -63.8   58.3  1.097   70.6  3.823  5.846 -149.4 -147.2
Q -147.7  134.8  109.6  178.0 -171.8    nan  1.028  136.3  3.820  5.013    2.4   18.1
A -136.9  118.0  110.2 -179.3    nan    nan  1.026  123.4  3.808  5.722 -179.7  176.8
E -117.7  137.2  112.2 -172.0  -64.9    nan  1.034  124.7  3.786  5.868 -170.6 -178.4
A  -98.4  121.2  110.5  177.0    nan    nan  1.041  111.8  3.789  5.738 -141.1 -145.9
G  -89.3 -170.3  107.5  171.7    nan    nan    nan   86.4  3.806    nan    nan -156.4
G  -50.7  -62.3  109.7  179.2    nan    nan    nan   93.6  3.811    nan    nan  -36.4
M -133.0   37.4  111.3 -176.2  -59.5    nan  1.028   67.6  3.817    nan    nan   -2.8
H -157.8  168.8  109.4  179.5   76.1    nan  1.064  158.9  3.804  5.344   46.9   59.4
T -136.3  137.0  108.4 -175.5  -55.4 -175.5  1.020  132.6  3.812  5.501 -140.9 -144.2
V -124.7  123.6  109.3 -179.3 -176.3  -54.0  1.009  122.7  3.824  5.809 -163.2 -169.0
C -119.2  131.6  109.6 -177.4  -59.3    nan  1.020  122.9  3.822  5.876 -172.5 -175.7
L -100.8  126.4  109.4  177.8  175.7    nan  1.013  111.9  3.793  5.824 -146.6 -152.9
S  -82.5  162.9  110.6  178.0   72.6    nan  1.049   88.8  3.798  5.888 -134.8 -139.4
K  -62.3  -27.2  110.2  179.2  177.4    nan  1.014  105.9  3.798  5.194  -71.7  -81.1
S  -86.5   -7.1  113.5  179.7   72.6    nan  1.092   90.7  3.810  5.298   49.9   73.8
G  101.5   10.9  110.8  171.1    nan    nan    nan   74.9  3.808    nan    nan  -98.0
Q  -93.0  140.1  110.9  177.8 -179.0    nan  1.038  105.6  3.790    nan    nan  101.3
V -100.2  133.8  111.9  179.8 -177.9  -55.7  1.044  112.8  3.810  5.784 -137.5 -141.2
Y -117.5  145.8  109.6  175.5  -68.1    nan  1.023  123.3  3.807  5.804 -162.9 -169.5
S -142.1  153.3  111.1 -175.9   61.2    nan  1.038  143.6  3.802  5.634 -172.3 -175.7
F -156.7  144.5  108.9  176.1   41.3    nan  1.093  145.3  3.809  5.566  170.7  172.4
G  133.3 -158.9  111.0 -178.8    nan    nan    nan  137.2  3.820    nan    nan   85.8
C  -70.2  130.8  109.6 -175.9 -178.9    nan  1.012   91.0  3.802    nan    nan  -38.0
N -121.0   19.9  110.8  179.7 -160.7    nan  1.055   67.6  3.807  5.837 -170.9 -172.0
D  -58.4  -39.5  112.2  176.5  -74.5    nan  1.055  101.5  3.804  6.067  134.1  141.6
E  -97.8   -4.1  112.7 -178.1  -70.9    nan  1.094   80.7  3.794  5.047   30.7   53.6
G   96.3    9.7  113.5  179.7    nan    nan    nan   79.9  3.810    nan    nan  -94.8
A  -62.0  -24.7  114.1 -174.5    nan    nan  1.088  106.0  3.801    nan    nan  136.5
L  -77.1  -22.3  112.7 -177.8  -61.6    nan  1.078   93.6  3.812  5.473   69.1   87.9
G   65.1   31.7  113.0  177.2    nan    nan    nan   99.9  3.817    nan    nan -142.5
R -158.3  165.1  112.1 -178.2   62.2    nan  1.069  159.0  3.795    nan    nan   54.9
D  -83.9  116.1  110.8 -175.0  179.1    nan  1.031  105.7  3.812  5.386  -92.0  -94.8
T -110.6   38.7  112.7  179.6   51.5  -68.5  1.056   87.1  3.797  5.947 -174.1 -175.9
S  -57.4  -46.8  110.2  175.6  -65.4    nan  1.030   99.0  3.797  6.176  157.5  158.1
V  -57.1  125.2  110.4  179.7 -177.6  -58.1  1.132   85.8  3.790  5.269   62.5   83.1
E  -56.3  121.7  112.4  179.7  -61.1    nan  1.044   88.8  3.795  5.663  -94.5 -116.5
G   85.7    1.6  112.7  179.1    nan    nan    nan   93.7  3.802    nan    nan   11.2
S  -74.0  -15.5  112.3 -177.6   61.7    nan  1.020   99.6  3.812    nan    nan  114.8
E  -84.3  -11.1  110.6  178.8   82.9    nan  1.079   91.8  3.812  5.505   63.9   86.1
M  -96.8   -4.2  112.5 -173.3  -46.8    nan  1.011   81.6  3.804  5.439   68.4   84.0
V -129.4  159.4  106.4  175.0  -63.6   58.5  0.971  132.1  3.823  5.292   31.5   47.8
P  -56.6  142.2  110.2 -179.7  -33.4    nan  0.950   75.0  3.826  5.217  -70.5  -76.8
G -142.6  154.6  109.0  169.9    nan    nan    nan  143.4  3.793    nan    nan  171.7
K  -72.2  127.3  112.4 -179.9 -141.7    nan  1.040   95.9  3.797    nan    nan  -97.7
V  -69.3  140.2  107.9  172.7  164.8  -74.6  1.006   85.0  3.791  5.809 -116.0 -131.9
E  -83.4   79.3  111.2 -176.7  -62.8    nan  1.075  112.0  3.790  5.631 -120.4 -123.7
L -145.8  110.6  110.3 -176.7 -177.6    nan  1.026  118.3  3.786  5.833  119.5  111.9
Q  -88.5   70.9  111.5 -179.9  -86.2    nan  0.981  110.8  3.808  5.921 -147.8 -160.6
E -144.6  156.3  114.1  175.8  -54.3    nan  1.055  147.3  3.811  5.709  100.4  100.1
K  -91.2  100.0  105.1  169.7 -160.0    nan  0.986  105.1  3.796  5.505 -116.6 -121.4
V  -85.2  146.8  108.9 -175.7  176.5  -61.0  1.004   96.2  3.815  6.110 -160.5 -162.8
V -121.9   -6.4  112.5 -177.7  -68.4   54.0  1.084   55.9  3.806  5.753 -156.6 -153.3
Q -163.0  145.4  108.7  177.1 -174.1    nan  1.015  147.2  3.824  5.006   -0.1   12.1
V -128.2  164.3  109.5  175.8  -66.6   55.7  1.037  131.7  3.816  5.761 -165.7 -164.9
S -148.2  157.1  109.3  168.7   60.6    nan  1.011  148.3  3.802  5.500 -169.8 -167.0
A -141.3  143.0  109.7 -176.0    nan    nan  1.030  138.6  3.806  5.572 -162.3 -161.9
G -117.8 -156.8  110.4  175.6    nan    nan    nan  107.9  3.789    nan    nan -158.8
D  -64.9  -44.7  112.4 -178.4 -151.9    nan  1.073   93.4  3.795    nan    nan  -30.8
S -137.7   19.3  112.9  178.9  -61.6    nan  1.048   52.3  3.797  4.815  -13.4    6.8
H -133.8  164.3  109.8 -179.1   77.7    nan  1.052  137.1  3.813  5.400   52.1   70.9
T -139.1  142.0  108.6  173.8  -57.0 -177.5  1.002  136.4  3.808  5.555 -155.0 -156.3
A -123.7  153.1  110.6  176.1    nan    nan  1.044  128.8  3.815  5.722 -165.1 -163.7
A -142.3  137.9  108.5  178.8    nan    nan  1.009  135.8  3.804  5.589 -167.1 -171.0
L -107.6  122.0  111.6  178.5  175.5    nan  1.026  117.2  3.790  5.757 -147.0 -152.1
T  -73.4  164.9  111.9 -179.8   64.8  -56.4  1.087   79.4  3.813  5.918 -129.1 -134.8
D  -66.8  -16.2  114.5  178.7   62.7    nan  1.159  105.8  3.803  5.330  -82.8  -81.0
D -104.9    9.3  113.8  174.8   65.8    nan  1.109   79.1  3.818  5.478   44.5   63.6
G   91.3   23.9  115.8  168.6    nan    nan    nan   78.6  3.793    nan    nan  -96.4
R  -99.2  144.7  109.5  174.2  -73.6    nan  1.033  108.7  3.800    nan    nan  103.5
V -106.5  130.9  111.9 -178.5 -177.8  -55.8  1.066  117.2  3.795  5.730 -140.0 -141.3
F -109.7  148.6  110.1  169.9  -71.5    nan  1.062  117.1  3.807  5.820 -162.6 -167.7
L -141.5  141.9  107.9 -175.4 -178.2    nan  0.970  137.2  3.804  5.619 -162.9 -172.9
W -144.2  157.0  110.8  176.2   54.7    nan  1.149  145.9  3.811  5.700  163.7  175.5
G  107.5 -140.3  111.1  178.9    nan    nan    nan  116.8  3.807    nan    nan   72.5
S -151.1  167.6  111.4  170.7   62.3    nan  1.047  153.2  3.787    nan    nan -102.5
F -107.8  145.5  108.8  169.7  -58.6    nan  1.004  115.2  3.784  5.415 -122.6 -123.2
R -125.5  154.0  109.4  175.5  -59.9    nan  0.983  129.8  3.805  5.700 -159.0 -162.6
D -109.7 -167.5  107.0  169.2   67.7    nan  1.060  105.6  3.798  5.631 -148.2 -140.9
N  -55.6  -41.4  108.2 -178.1   61.2    nan  1.042  104.7  3.821  5.106  -36.9  -36.7
N  -85.6  -36.0  105.7 -160.7  -87.3    nan  1.001   84.5  3.810  4.965   58.0   73.1
G  154.5 -173.2  114.0  175.7    nan    nan    nan  156.5  3.818    nan    nan  -67.2
V  -55.7  125.1  112.6 -179.2 -177.9  -55.8  1.061   86.3  3.816    nan    nan  -42.8
I -106.5   -8.6  113.3 -177.1   58.9  -63.2  1.108   70.2  3.803  5.886 -159.4 -162.3
G  112.4 -156.5  108.9 -177.0    nan    nan    nan  117.9  3.818    nan    nan  -79.3
L -139.2  -80.4  110.1 -175.8 -173.6    nan  1.010   69.7  3.807    nan    nan -104.5
L -100.9  -21.0  111.2  176.1  -74.7    nan  1.035   72.3  3.802  4.783  -12.9    8.7
E -125.4  149.7  108.1  176.9  -57.4    nan  0.975  128.9  3.800  5.113   22.1   38.5
P  -55.2  124.3  113.2  179.7  -34.0    nan  0.975   86.9  3.813  5.294  -78.0  -87.3
M   70.8   16.2  110.1  170.5  -61.5    nan  1.047  103.0  3.839  4.848   12.2   -5.8
K -123.1  114.1  111.4  178.3  -60.6    nan  1.040  120.1  3.836  5.535   60.4   77.9
K  -78.3  174.0  106.9  171.1   67.6    nan  0.971   80.1  3.801  5.945 -138.3 -154.7
S -136.9  121.5  110.3  173.1 -173.8    nan  1.041  125.7  3.800  5.457 -152.5 -140.7
M  -74.1  -15.6  112.2  175.4  -56.4    nan  1.020   99.6  3.787  5.831 -125.4 -139.4
V -121.3  151.7  112.0 -178.5  -61.8   61.1  1.027  127.5  3.812  5.152   32.0   51.7
P  -57.5  124.4  111.1  178.3  -28.4    nan  0.929   87.0  3.793  5.192  -74.3  -89.5
V -123.6  137.6  111.1 -179.9  171.9  -66.4  1.017  127.6  3.792  5.921  176.7  177.4
Q  -73.7  128.7  112.1 -175.2 -171.0    nan  1.059   96.1  3.783  5.650 -109.9 -116.5
V  -68.2  126.8  110.0  173.2  174.8  -64.2  1.075   91.9  3.768  5.748 -116.9 -129.9
Q  -78.6   72.2  112.3 -176.8  -71.6    nan  1.086  114.5  3.897  5.925 -124.6 -132.9
L -118.9  157.4  107.1  178.7 -159.8    nan  0.996  123.1  3.748  5.926  135.7  130.2
D -134.4   30.7  110.3 -172.1 -162.5    nan  1.013   61.7  3.803  5.584 -151.3 -152.3
V -138.4  140.8  109.8  168.7  -80.4   41.6  1.039  136.2  3.777  5.638   53.1   67.0
P  -64.7  140.0  110.1 -176.9  -30.7    nan  0.944   82.7  3.804  5.492  -91.5 -103.4
V -104.0  133.0  109.5  177.9  174.2  -64.1  1.013  113.7  3.809  5.849 -147.3 -148.0
V -102.8  -16.5  114.2  177.9  -66.2   56.5  1.095   70.9  3.826  5.881 -153.2 -150.3
K -148.3  140.2  112.8  177.3 -175.5    nan  1.081  141.6  3.824  5.013    2.1   20.1
V -118.3  143.0  108.5  174.0  -66.7   56.0  1.033  123.2  3.808  5.775 -157.6 -164.4
A -144.5  145.2  110.1  173.2    nan    nan  1.040  141.4  3.815  5.664  176.2  173.5
S -122.2  139.3  111.4 -177.7  -69.2    nan  1.049  127.2  3.808  5.707 -154.1 -156.5
G  -95.8 -160.8  106.3  162.2    nan    nan    nan   90.2  3.786    nan    nan -149.4
N  -61.1  -51.9  110.5  178.3  -81.9    nan  1.074   93.3  3.814    nan    nan  -35.4
D -131.8   33.4  114.5 -176.0  -63.4    nan  1.119   67.3  3.803  4.709  -15.0    9.4
H -144.6  156.6  109.8  176.3   73.3    nan  1.106  145.7  3.785  5.501   54.5   68.8
L -128.0  133.7  110.2  178.8  175.1    nan  1.025  128.5  3.810  5.614 -145.5 -151.3
V -118.8  139.1  109.1  176.0  -53.1   70.0  1.046  123.5  3.789  5.838 -167.7 -169.4
M -129.7  113.5  110.2 -176.9  -62.2    nan  1.031  119.9  3.796  5.725 -163.0 -172.7
L  -90.2  118.6  111.1  177.7 -178.8    nan  1.027  108.5  3.801  5.963 -152.4 -161.3
T  -79.2  168.3  112.5 -178.5   67.4  -53.2  1.074   83.9  3.810  5.974 -138.8 -141.4
A  -60.3  -32.9  111.9  177.0    nan    nan  1.053  103.9  3.798  5.182  -67.3  -72.2
D  -84.4    0.4  113.2  179.3  -62.2    nan  1.064   95.7  3.803  5.288   50.6   71.1
G   88.7   20.4  114.4  174.6    nan    nan    nan   82.9  3.813    nan    nan -102.2
D  -85.9  148.8  109.0  170.6  -74.4    nan  1.029   96.1  3.791    nan    nan  111.1
L -111.8  104.5  111.8  177.7 -171.2    nan  1.061  115.2  3.800  5.694 -144.4 -143.4
Y  -92.5  137.8  109.9  177.4  -75.7    nan  1.023  105.1  3.814  6.040 -163.9 -172.5
T -133.1  149.2  110.8 -178.8   61.6  -59.0  1.025  136.0  3.791  5.762 -172.7 -175.7
L -155.2  155.4  112.4  175.3   63.6    nan  1.050  153.1  3.809  5.542  171.7  170.0
G  125.7 -148.3  111.7  178.4    nan    nan    nan  130.9  3.797    nan    nan   88.4
C  -72.7  130.2  110.3  176.8 -177.1    nan  1.029   93.5  3.805    nan    nan  -31.1
G -123.6   16.6  111.0 -174.9    nan    nan    nan   63.6  3.806    nan    nan -172.9
E  -62.4  -27.3  114.4 -172.6 -155.0    nan  1.048  104.1  3.811    nan    nan  143.1
Q -108.2    8.4  113.0  176.5  -58.4    nan  1.071   75.2  3.807  5.176   26.7   51.5
G   92.2    5.6  113.3  178.7    nan    nan    nan   85.5  3.810    nan    nan  -87.4
Q  -61.7  -14.8  116.6 -178.1   66.2    nan  1.180  110.9  3.823    nan    nan  129.9
L  -86.1  -20.6  112.4  173.9  -57.4    nan  1.064   86.0  3.811  5.659   70.6   82.0
G   65.7   22.8  115.2  178.1    nan    nan    nan  103.2  3.784    nan    nan -139.8
R -151.3    9.0  110.4 -173.2   60.5    nan  1.025   32.8  3.795    nan    nan   57.8
V -120.6  119.9  110.2 -179.6 -173.1  -50.5  1.027  120.7  3.798  5.463   55.3   73.5
P  -57.2  149.5  110.6  172.9  -33.2    nan  0.951   71.6  3.800  5.627 -108.9 -127.1
E  -66.7   49.2  110.8  161.7 -169.3    nan  1.031  120.4  3.748  5.574 -107.5 -107.5
L -141.7   46.6  101.7  164.3  165.1    nan  1.037   63.3  3.234  5.106   75.2   81.1
F  165.2   20.0  111.4 -171.2  -63.0    nan  1.036   19.9  3.688  4.949   41.9   36.1
A  -90.4  -10.9  111.5 -178.3    nan    nan  1.044   85.6  3.807  5.807   99.7  115.5
N  -87.4   82.5  108.9  175.7 -176.8    nan  1.035  109.1  3.815  5.605   66.8   84.8
R   63.5   27.5  111.9  179.7  -61.3    nan  1.083  104.0  3.820  5.181  -26.8  -44.6
G   76.0    4.1  114.7 -174.0    nan    nan    nan  102.3  3.792    nan    nan  -79.1
G   60.9 -128.0  111.0 -178.2    nan    nan    nan   86.9  3.835    nan    nan -118.3
R  -70.2  -25.4  112.8 -178.7   91.7    nan  1.030   98.6  3.819    nan    nan   -3.6
Q  -83.8   -6.6  111.3 -175.2  -59.1    nan  1.020   93.7  3.801  5.313   64.1   82.1
G   60.1  178.1  111.7  176.9    nan    nan    nan   59.4  3.785    nan    nan -132.4
L  -54.9  -18.3  118.3 -172.0  -88.1    nan  1.175  115.1  3.767    nan    nan  -49.1
E  -68.4  -21.5  111.8 -178.9  -67.2    nan  1.074  102.5  3.824  5.734   89.3  101.5
R  -74.3  -11.9  112.2  173.6 -179.8    nan  1.021  100.9  3.799  5.536   73.9   85.8
L -110.6  -32.5  111.9  175.4  -54.9    nan  1.078   61.1  3.822  5.318   36.4   62.2
L  -95.7  -23.8  114.7 -167.6  -54.3    nan  1.134   75.0  3.817  5.094   42.0   71.5
V  -77.6  122.5  106.6  177.4  175.5  -64.0  1.031   96.8  3.813  5.628   70.4   82.7
P  -50.8  119.0  112.0  178.2  -32.6    nan  0.983   86.9  3.808  5.587  -96.7 -113.1
K -137.1  157.2  109.7  172.5  -50.0    nan  1.025  139.8  3.784  5.830  154.7  153.0
C -100.1  143.7  113.3 -169.7   88.3    nan  1.091  111.8  3.788  5.584 -118.5 -116.3
V  -65.1  121.9  108.6  176.3  179.0  -59.3  1.029   91.3  3.785  5.526  -93.3 -109.0
M -115.3  103.6  112.4 -177.9  -63.3    nan  1.029  115.8  3.797  5.893 -167.6 -173.3
L -112.2  124.7  109.1  173.6  -56.2    nan  1.008  117.6  3.799  5.965  170.9  163.4
K  -65.8  107.5  109.0 -179.5 -150.1    nan  1.022   99.2  3.801  5.836 -114.9 -124.5
S  -41.2  138.9  109.3 -176.5 -179.7    nan  1.024   64.9  3.800  5.880 -101.5 -116.5
R  -60.6 -164.0  108.3  171.1  -74.3    nan  1.040   56.8  3.813  5.644 -100.5 -110.0
G   24.6   66.3  109.3 -176.0    nan    nan    nan  103.8  3.830    nan    nan   44.1
S  -10.5   79.0  116.7 -163.8  -37.6    nan  1.091  105.6  3.792    nan    nan -114.5
R -101.3 -148.3  108.8  174.7 -148.8    nan  1.014   90.1  3.813  6.059  157.2  150.8
G  -78.1 -112.3  109.9  176.9    nan    nan    nan   67.3  3.829    nan    nan  -37.8
H -122.6  153.1  108.4  173.8   83.3    nan  1.152  126.9  3.817    nan    nan  -45.1
V  -71.3  137.2  111.9 -174.4  175.3  -62.6  1.044   90.3  3.812  5.589  -80.9  -94.9
R -119.7  154.6  112.2  177.0  -74.1    nan  1.064  126.0  3.797  5.750 -162.9 -166.7
F -119.5  145.2  114.0 -163.2  -57.6    nan  1.085  127.3  3.789  5.536 -132.1 -137.6
Q  -99.4  -13.0  113.4  176.0   60.6    nan  1.093   75.7  3.799  5.682 -135.4 -137.3
D -164.1  162.1  111.0  179.4 -142.6    nan  1.070  161.0  3.803  4.920   -9.4    6.3
A -159.1  142.6  111.3 -179.8    nan    nan  1.049  145.1  3.798  5.462 -173.7 -178.3
F -140.3  160.0  110.2 -177.3  -47.3    nan  0.996  143.0  3.788  5.666 -168.7  179.4
C -124.3  150.0  113.5  176.3  -60.2    nan  1.062  130.8  3.796  5.543 -150.1 -143.1
G -107.5 -168.7  105.0  166.0    nan    nan    nan  104.2  3.774    nan    nan -148.2
A  -60.5  -48.1  111.1 -177.2    nan    nan  1.049   95.4  3.835    nan    nan  -41.7
Y -131.3   27.9  113.7 -173.7  -53.4    nan  1.072   63.8  3.816  4.682   -7.1   14.5
F -154.6  162.9  110.8 -175.9   42.3    nan  1.066  155.2  3.795  5.264   43.6   56.7
T -136.2  142.2  109.9 -176.2  -50.7 -170.9  1.021  135.6  3.805  5.544 -146.6 -151.2
F -117.1  135.4  109.4  173.8  -67.8    nan  1.006  122.2  3.795  5.718 -154.5 -160.8
A -136.9  128.4  110.2 -178.9    nan    nan  1.029  129.7  3.828  5.729  179.3  177.6
I -100.0  120.7  111.0 -178.2  -50.7 -171.6  1.050  113.1  3.813  5.891 -149.0 -152.4
S  -73.5  168.3  109.8 -176.2   62.3    nan  1.016   77.7  3.809  5.904 -123.4 -133.7
H  -61.9  -24.8  108.7  179.3  -81.8    nan  1.041  108.0  3.805  5.265  -71.1  -73.1
E  -83.0    5.4  108.9  174.5  -17.3    nan  1.010   98.7  3.908  5.586   59.9   74.2
G   66.1   13.8  124.4 -173.0    nan    nan    nan  105.7  3.697    nan    nan -112.2
H  -74.4  141.7  107.5  173.6  -67.1    nan  1.012   88.2  3.728    nan    nan  116.3
V  -93.5  123.1  110.6  176.6  179.6  -58.1  1.032  109.1  3.800  5.766 -129.9 -134.3
Y -108.3  151.7  110.1  175.8  -71.0    nan  1.024  115.6  3.812  5.895 -164.1 -170.1
G -139.3  141.0  110.2 -179.1    nan    nan    nan  137.0  3.797    nan    nan -168.0
F -147.5  147.0  110.3  174.8   40.7    nan  1.105  144.0  3.806    nan    nan  168.1
G  119.1 -163.3  112.5 -177.9    nan    nan    nan  124.1  3.793    nan    nan   73.6
L  -62.1  127.8  112.3 -176.7 -175.5    nan  1.046   88.7  3.805    nan    nan  -35.3
S -137.2   46.4  110.4  171.0 -167.3    nan  1.036   70.5  3.804  5.758  166.8  162.7
N  -72.9  -20.0  111.3 -172.8   55.5    nan  1.083   99.0  3.805  6.125  146.6  161.0
Y -119.4   26.5  111.0  173.0  -66.9    nan  1.053   72.5  3.798  5.288   23.2   43.4
H   66.7   23.0  113.2  179.1  -55.8    nan  1.058  102.9  3.807  5.421  -89.7  -94.1
Q  -63.4  -19.7  114.7 -179.5   55.6    nan  1.151  107.2  3.830  6.050  126.5  143.3
L  -85.9  -10.3  111.9  177.9  -86.2    nan  1.046   90.2  3.819  5.588   67.6   80.6
G   85.9   36.4  108.6  179.2    nan    nan    nan   82.4  3.821    nan    nan -109.6
T -116.9  151.3  109.9  178.7   61.7  -59.4  0.984  122.9  3.803    nan    nan  101.5
P  -62.3  -42.9  116.5 -178.9  -27.9    nan  1.023   94.1  3.817  5.294  -86.5  -91.0
G  -94.0  174.2  112.4 -179.1    nan    nan    nan   96.2  3.823    nan    nan   54.7
T -107.5   24.5  112.3 -177.3   52.2  -68.4  1.050   83.0  3.806    nan    nan -107.2
E  -95.5  132.9  110.3 -176.8  -53.5    nan  1.023  108.5  3.805  5.825  101.3  115.3
S  -52.1  141.3  109.3  176.9  -63.1    nan  1.024   71.5  3.806  5.642  -91.8 -105.6
C -101.9  107.8  111.0 -179.6  -59.2    nan  1.047  113.4  3.799  5.728 -138.2 -142.0
F  -87.2  -22.9  111.3 -178.4  -69.7    nan  1.091   84.5  3.814  6.031 -157.8 -161.3
I -108.7  134.9  107.7  176.1  -46.6 -168.9  0.998  115.4  3.812  5.377   37.9   52.3
P  -53.1  133.2  111.8  178.4  -34.7    nan  0.973   78.8  3.826  5.474  -90.2 -101.8
Q -109.9  144.4  107.4 -178.1  -59.8    nan  0.999  116.2  3.821  5.930 -158.8 -158.2
N  -84.2  113.0  109.0  169.0 -168.8    nan  0.995  105.0  3.808  5.703 -121.9 -124.8
L  -81.7   95.3  110.8 -169.9  -56.5    nan  1.060  109.7  3.808  6.015 -144.7 -143.7
T  -62.9  -28.2  111.5 -178.0   54.0  -66.3  1.036  104.4  3.801  6.086 -137.8 -149.9
S  -57.2  -22.7  113.5  175.8   60.6    nan  1.080  111.7  3.809  5.551   83.4   97.6
F  -94.8   -4.1  114.2  176.0  -70.1    nan  1.083   83.5  3.815  5.364   47.2   68.6
K  -70.1  111.1  111.6 -178.7  -75.6    nan  1.042  101.5  3.820  5.804   98.6  112.2
N -151.7  132.6  113.3  178.5 -167.1    nan  1.067  137.2  3.809  5.672  139.7  135.0
S  -64.0  -28.7  114.7  179.5  -60.1    nan  1.087  101.8  3.787  5.656 -104.7 -117.4
T -107.3   -6.3  114.9 -177.6   65.9  -54.6  1.083   70.2  3.811  5.158   33.7   56.1
K -112.1  109.6  110.5 -179.2  -55.7    nan  1.025  115.6  3.811  5.371   52.7   69.1
S  -95.7  114.7  110.2  173.6 -160.8    nan  1.051  110.8  3.802  5.992 -168.9 -172.3
W  -73.6  118.8  113.2 -176.7  -58.0    nan  1.129  101.3  3.802  5.953 -136.0 -140.3
V -117.0  -29.2  112.9 -173.3  -59.5   63.3  1.134   55.6  3.779  5.907 -171.4 -177.6
G -144.5  142.6  111.9 -175.9    nan    nan    nan  141.1  3.822    nan    nan   16.9
F -137.5  149.8  109.1  179.8  -74.1    nan  0.993  138.5  3.797    nan    nan -178.7
S -157.8  158.6  107.4  178.9   64.0    nan  0.996  154.6  3.814  5.562  173.7  167.6
G -164.1  136.4  111.5 -176.2    nan    nan    nan  140.0  3.820    nan    nan  174.6
G  -90.3 -151.5  105.6  174.4    nan    nan    nan   82.8  3.804    nan    nan -141.0
Q  -61.5  -48.5  110.7  179.7  -61.5    nan  1.035   94.8  3.828    nan    nan  -24.7
H -127.5   10.1  112.7 -162.7  -59.2    nan  1.052   57.0  3.791  4.507    3.3   25.9
H -146.2  159.5  110.3 -179.2   75.6    nan  1.051  147.8  3.805  5.186   30.7   48.8
T -131.3  133.8  109.0 -176.9  -66.8  171.9  0.996  129.3  3.792  5.551 -144.3 -151.2
V -118.8  129.8  107.4  170.7  178.4  -59.9  1.005  120.7  3.814  5.841 -170.3 -171.3
C -135.8  171.2  109.6 -177.5   54.6    nan  1.017  138.1  3.804  5.780  176.9  174.6
M -146.7  146.3  112.3 -176.7   66.5    nan  1.063  144.2  3.800  5.452 -155.9 -151.3
D  -96.5  179.4  110.7  176.8   63.9    nan  1.114   96.7  3.779  5.683 -134.0 -133.9
S  -71.5   -7.8  114.8 -178.9   53.3    nan  1.088  105.1  3.795  5.117  -66.2  -66.3
E -108.2   27.4  116.2 -175.6  -65.7    nan  1.105   85.2  3.811  5.316   51.7   75.9
G   77.2   25.4  112.1  171.3    nan    nan    nan   92.4  3.793    nan    nan  -90.6
K -119.5  136.3  111.6 -177.6  -78.0    nan  1.060  125.3  3.818    nan    nan   92.4
A -111.4  145.7  111.8  178.0    nan    nan  1.054  119.8  3.800  5.769 -153.6 -158.1
Y -133.2  150.9  108.0 -173.9  -56.8    nan  0.973  135.1  3.796  5.669 -155.9 -168.4
S -132.6  157.8  110.4  179.1   61.2    nan  1.024  136.3  3.813  5.628 -164.1 -160.9
L -157.7  160.5  108.8  177.6   54.3    nan  1.055  155.9  3.803  5.523  176.9  177.6
G  106.6 -154.9  112.4 -177.6    nan    nan    nan  114.4  3.800    nan    nan   77.4
R  -62.4  138.3  112.6 -173.8 -171.5    nan  1.036   83.2  3.801    nan    nan  -23.4
A  -96.6  -20.0  115.4 -180.0    nan    nan  1.102   75.3  3.804  5.763 -140.0 -138.7
E  -49.1  139.4  113.1 -176.3 -108.2    nan  1.104   72.3  3.800  5.724  105.6  119.7
Y   68.0   12.2  116.5  178.5  -54.4    nan  1.123  106.1  3.772  4.770   38.1   11.6
G   86.1   11.9  114.6  172.9    nan    nan    nan   88.9  3.815    nan    nan  -95.6
R  -62.9  -18.4  116.0 -177.0   72.1    nan  1.141  108.0  3.819    nan    nan  136.1
L  -83.4  -17.3  113.5  177.3  -60.1    nan  1.069   89.6  3.820  5.599   69.0   84.6
G   65.6   30.6  112.3  178.7    nan    nan    nan  100.3  3.816    nan    nan -136.1
L -107.4    9.1  111.9 -174.7  -62.2    nan  1.051   76.2  3.806    nan    nan  111.2
G   98.7  170.2  114.2 -179.8    nan    nan    nan   94.5  3.806    nan    nan  -78.8
E  -56.8  144.0  112.4  178.6  -43.3    nan  1.017   75.2  3.799    nan    nan  -66.6
G   68.4   11.5  113.7  179.0    nan    nan    nan  106.6  3.798    nan    nan   18.7
A  -55.1  147.3  108.6  175.3    nan    nan  1.016   70.1  3.804    nan    nan  135.1
E -119.7  158.8  111.1  175.9  -71.2    nan  1.077  125.1  3.802  5.703 -157.5 -154.0
E  -40.6  133.2  113.5 -179.6 -164.2    nan  1.070   70.7  3.801  5.196  -51.9  -63.7
K -116.1  150.0  113.4  176.9  -56.8    nan  1.053  124.0  3.805  5.810 -161.3 -166.7
S -125.3    8.7  113.7  179.1   57.4    nan  1.075   58.5  3.801  5.622 -156.2 -156.1
I -138.3  147.6  106.2  174.3   59.4  -64.0  0.998  136.9  3.805  5.426   36.3   50.0
P  -54.8  122.1  109.9 -179.0   23.4    nan  0.956   86.0  3.832  5.368  -77.5  -88.2
T -118.7  117.1  110.5 -170.1  -54.9 -174.7  1.054  119.5  3.816  5.979 -176.6 -173.6
L  -49.4  129.9  113.1 -177.0 -176.5    nan  1.063   79.1  3.809  5.807 -100.6 -115.0
I  -94.5   92.6  108.0  169.0  -54.9 -176.4  0.998  108.1  3.798  5.814 -142.3 -156.9
S  -72.6  -29.9  113.1 -169.7   63.8    nan  1.058   94.2  3.803  6.103 -154.3 -153.4
R  -80.2   53.0  114.7 -177.3  -53.5    nan  1.053  115.6  3.814  5.331   63.2   80.9
L -142.0  147.5  108.6  175.8  -72.3    nan  0.983  140.4  3.815  5.652   86.4   87.5
P  -65.8  173.2  107.3  168.2  -27.4    nan  0.904   68.0  3.808  5.330  -95.2 -107.7
A  -54.0  132.7  108.4  178.2    nan    nan  1.009   77.9  3.827  5.306  -64.6  -60.0
V -101.9  141.1  110.9 -170.2  173.9  -63.1  0.993  112.3  3.831  5.857 -137.4 -145.1
S -109.2  -28.0  113.1  175.8   64.7    nan  1.079   62.4  3.810  5.755 -154.4 -150.5
S -156.4  158.4  110.1  176.9   61.1    nan  1.053  154.5  3.825  4.909  -18.1   -0.1
V -131.0  160.0  110.4  178.9  -65.2   56.8  1.025  134.9  3.805  5.621 -150.7 -151.8
A -155.5  161.3  108.4  177.0    nan    nan  1.007  154.7  3.826  5.514 -176.1 -177.2
C -130.1  148.5  109.5  173.1  -70.3    nan  1.021  133.1  3.797  5.573 -153.9 -149.9
G -103.5 -166.1  107.9  161.0    nan    nan    nan   98.9  3.793    nan    nan -145.9
A  -53.9  -49.9  111.1 -174.1    nan    nan  1.038   99.0  3.814    nan    nan  -30.4
S -133.6   25.4  110.9 -173.9  -57.9    nan  1.030   59.2  3.795  4.638   -9.9    9.4
V -136.6  155.2  110.3 -175.2  -69.7   53.5  1.044  139.4  3.822  5.477   59.3   75.1
G -130.7  151.7  111.2 -179.6    nan    nan    nan  134.7  3.817    nan    nan -154.3
Y -139.6  156.9  112.0 -179.7  -59.9    nan  1.017  142.7  3.791    nan    nan -168.8
A -143.7  126.8  108.9  171.6    nan    nan  1.015  129.5  3.780  5.490 -172.4 -171.5
V  -92.0  135.5  106.9  172.5  178.1  -59.5  0.975  103.2  3.791  5.871 -141.0 -153.8
T  -93.5  163.2  111.4 -176.3   61.1  -59.5  1.054   99.4  3.801  5.843 -137.2 -135.2
K  -63.5  -24.4  111.8  177.1  -73.5    nan  1.067  105.6  3.790  5.292  -77.5  -81.1
D  -91.2    7.4  113.6  179.5   65.9    nan  1.144   91.8  3.812  5.377   46.4   72.4
G   92.2   18.8  115.4  169.4    nan    nan    nan   79.9  3.796    nan    nan  -97.2
R -102.9  167.7  110.7  175.5  -68.1    nan  1.049  106.9  3.793    nan    nan   96.9
V -137.2  129.1  110.3  178.5   63.5 -172.8  1.081  130.2  3.814  5.555 -154.0 -147.1
F -111.6  151.5  109.1 -179.9  -68.9    nan  1.004  117.9  3.800  5.835 -153.1 -166.3
A -134.4  154.6  110.4 -177.8    nan    nan  1.030  137.7  3.807  5.619 -160.7 -163.2
W -159.8  161.5  110.3  173.5   59.6    nan  1.038  158.2  3.811  5.521  170.8  170.3
G  114.2 -156.4  112.7  179.0    nan    nan    nan  121.1  3.793    nan    nan   84.4
M  -63.7  130.5  112.6 -174.6 -165.8    nan  1.062   88.5  3.795    nan    nan  -26.7
G  -96.0  -16.7  115.2 -172.9    nan    nan    nan   77.1  3.781    nan    nan -143.1
T  -40.0  -54.4  114.2 -170.8  -36.0 -155.0  1.090  103.4  3.815    nan    nan  135.7
N  -76.3   -6.1  114.4 -170.9  -55.8    nan  1.086  101.1  3.799  4.972   46.2   67.7
Y   77.0   15.5  112.8  179.4  -78.2    nan  1.094   96.6  3.800  5.411 -115.2 -114.3
Q  -64.9  -22.7  113.6  178.4  -64.6    nan  1.051  104.6  3.806  5.989  125.8  132.6
L  -71.9  -25.1  113.4 -173.4  -62.2    nan  1.074   97.0  3.822  5.466   78.2   98.2
G   78.1   19.3  111.8  176.2    nan    nan    nan   94.2  3.801    nan    nan -133.5
T  -79.9  -28.4  109.3  178.4   56.4  -64.1  1.030   89.9  3.808    nan    nan  121.5
G  102.6   -8.3  109.1 -172.7    nan    nan    nan   80.2  3.801    nan    nan -104.4
Q -121.0  168.6  111.9  179.9  -55.1    nan  1.042  124.6  3.799    nan    nan   56.5
D -110.3   16.6  112.1 -178.0   65.5    nan  1.045   76.6  3.799  5.415 -120.1 -117.6
E  -81.4  146.8  110.7  176.8  -54.0    nan  1.016   93.8  3.804  5.907  105.8  116.8
D  -63.9  155.3  109.2  177.7  -60.5    nan  1.007   74.0  3.813  5.535  -91.1 -100.9
A -123.4  114.4  109.2  174.3    nan    nan  1.023  118.5  3.821  5.636 -153.3 -149.0
W  -86.8  -12.5  112.3 -174.7  -73.5    nan  1.054   88.4  3.805  5.986 -147.5 -149.6
S -124.6  157.1  108.1  173.6  -65.5    nan  1.000  128.5  3.814  5.264   28.0   43.7
P  -61.9  131.1  112.8 -179.8  -30.0    nan  0.968   87.0  3.821  5.279  -77.2  -84.3
V -119.1  132.9  109.5  177.8 -176.7  -54.4  1.019  123.0  3.810  5.911 -172.6 -172.9
E  -70.1  129.7  110.8 -177.7 -167.7    nan  1.053   92.2  3.805  5.739 -111.1 -118.8
M  -79.5  125.8  110.0  176.9  -65.9    nan  1.027   99.6  3.800  5.781 -124.3 -135.2
M -123.9 -178.1  108.3  178.9  -53.6    nan  1.028  123.3  3.806  5.850 -177.7  178.5
G  142.3  160.4  109.6  179.9    nan    nan    nan  132.6  3.819    nan    nan  139.7
K  -58.7  -34.3  113.7 -178.5  -63.7    nan  1.081  103.6  3.805    nan    nan  -77.4
Q  -76.1  -17.4  113.0 -179.3  -63.8    nan  1.065   96.6  3.814  5.368   60.8   78.8
L  -95.6  -19.5  111.2 -178.7  -75.0    nan  1.076   77.8  3.809  5.384   53.4   75.6
E  -59.4  137.4  109.9  177.2  -68.2    nan  1.004   79.8  3.798  5.713   96.5  104.0
N   59.9   30.2  112.2  177.3  -64.6    nan  1.067  105.6  3.805  4.739   23.9    3.8
R -140.7  155.9  109.4  179.5  -73.8    nan  1.010  142.4  3.806  5.495   61.4   71.9
V -113.5  137.0  109.6  174.6  -65.9   56.0  1.012  120.0  3.798  5.642 -140.2 -138.5
V  -79.5  123.0  110.5  178.7 -179.6  -57.4  1.031  100.9  3.793  5.729 -117.4 -126.7
L  -90.1  -37.8  111.0  178.0  -59.7    nan  1.033   77.2  3.785  5.852 -142.5 -152.2
S -159.2  163.2  111.3 -179.5   69.2    nan  1.044  158.8  3.813  4.738  -28.4  -10.4
V -142.0  143.2  108.1  177.3   62.4 -174.7  1.009  138.2  3.789  5.524 -158.0 -160.3
S -146.6  147.8  106.7 -178.6 -175.5    nan  0.991  142.3  3.816  5.676 -178.9  173.9
S -142.8  145.9  112.3 -177.1 -170.0    nan  1.061  142.0  3.822  5.652 -175.2 -172.7
G -117.0 -144.3  110.1  179.5    nan    nan    nan  101.0  3.791    nan    nan -153.2
G  -65.6  -54.2  111.1 -176.4    nan    nan    nan   88.5  3.804    nan    nan  -16.6
Q -130.3    5.9  115.9 -171.6  -58.1    nan  1.104   52.5  3.802    nan    nan   12.2
H -138.4  166.5  111.2 -179.7   74.2    nan  1.041  141.6  3.810  5.264   37.1   52.4
T -137.9  144.6  109.9 -179.5  -62.7  176.8  1.033  137.5  3.807  5.498 -150.5 -150.0
V -126.3  128.2  109.6 -174.4 -172.8  -50.1  1.007  125.4  3.792  5.720 -153.7 -160.5
L -112.8  144.7  111.7  179.3  -65.9    nan  1.034  120.9  3.803  5.840 -163.0 -166.7
L -112.2  121.7  108.7  168.7 -173.5    nan  1.026  116.8  3.805  5.719 -153.4 -155.0
V -129.0  168.9  110.9 -171.9  -60.2   62.7  1.057  132.2  3.813  5.883  179.1  175.4
K -143.9  152.1  109.6  177.4 -173.8    nan  0.986  143.8  3.800  5.416 -152.2 -154.2
D  -65.7  130.3  109.1  175.9  -72.0    nan  1.079   87.8  3.814  5.573  -98.3  -97.1
K  -21.7   90.8  112.0 -172.7 -139.2    nan  1.083   97.2  3.848  5.564  -52.8  -74.4
E  -25.0  138.7  114.8 -178.6  169.6    nan  1.080   55.7  3.699  5.747  -99.0 -122.7
Q -107.2  -22.2  115.2 -173.3  -53.1    nan  1.065   64.7  3.917  5.793 -139.4 -148.2
S -141.5    nan  111.5  177.9 -166.5    nan  1.065    nan  3.807  4.930    0.6   22.4
