Id   phi    psi    tau  omega    chi    chi2  solid    eta  CA-CA  CB-CB  BA^AB  NA^AC
K    nan  129.7  111.0    nan   23.5    nan  1.080    nan    nan    nan    nan    nan
K  -64.1   85.0  109.3  179.2 -120.1    nan  1.019  109.5  3.816  5.719 -102.7 -120.7
V  -66.5  129.9  110.4 -179.7 -178.3  -55.8  1.018   89.4  3.815  6.154 -154.1 -164.8
K  -79.9  149.3  110.0  179.6  -57.6    nan  1.028   91.3  3.809  5.793 -124.7 -134.1
V -126.4  157.4  107.8  173.3  -55.8   66.6  0.930  130.0  3.789  5.683 -151.5 -161.9
S -133.2 -164.5  108.0  173.6 -167.3    nan  1.012  126.9  3.797  5.558 -165.8 -157.4
H -169.7  155.9  106.8  176.4 -165.6    nan  1.003  156.8  3.801  5.275 -158.0 -150.8
R  -69.3  -20.9  110.6 -178.3   53.7    nan  1.067  102.3  3.794  5.516  -91.5  -91.7
S  -77.8  -13.9  113.8  178.4   66.3    nan  1.094   96.3  3.817  5.557   67.9   87.4
H  -73.7  135.3  110.4 -173.6  -65.8    nan  1.039   92.0  3.826  5.651   88.0  104.0
S  -89.6  139.6  111.5 -176.2  -59.7    nan  1.064  103.4  3.805  5.786 -129.9 -133.9
T -127.1  -10.7  114.8 -176.7   59.2  -61.6  1.077   49.1  3.797  5.759 -162.6 -166.9
E  -90.9  119.5  112.8 -171.7 -112.5    nan  1.045  110.2  3.833  5.450   74.1   92.8
P  -66.9  139.2  113.7 -176.3   29.4    nan  0.998   86.8  3.804  5.735 -117.5 -129.1
G -154.7 -177.3  114.5  179.1    nan    nan    nan  153.5  3.796    nan    nan  159.9
L -107.4  149.4  107.6  179.3  -51.7    nan  0.978  113.8  3.790    nan    nan -100.0
V -100.0  131.6  111.2 -178.8  178.5  -59.7  1.051  112.4  3.812  5.691 -130.9 -129.8
L -120.1  145.7  108.9  170.6  -44.8    nan  1.004  124.9  3.799  5.814 -169.5 -176.7
T -129.2  159.3  109.3  176.6   54.0  -67.0  1.020  133.0  3.807  5.740 -165.7 -165.3
L -160.4  163.5  109.9  177.1   66.6    nan  1.050  159.3  3.808  5.506  176.7  176.6
G  103.0 -151.2  110.6 -175.7    nan    nan    nan  111.2  3.814    nan    nan   78.8
Q  -85.1  143.5  112.4 -177.5  -60.3    nan  1.051   99.0  3.812    nan    nan  -43.1
G -135.9   30.6  113.4 -178.4    nan    nan    nan   61.5  3.809    nan    nan -172.9
D  -53.6  -40.0  113.7 -178.2  -51.2    nan  1.068  104.2  3.806    nan    nan  159.8
V -110.7   17.0  111.6 -172.2  -63.8   59.4  1.069   76.2  3.800  4.932   21.4   45.3
G   99.9    3.1  115.2  170.9    nan    nan    nan   78.8  3.795    nan    nan  -77.8
Q  -66.8  -17.5  116.2 -175.8   63.6    nan  1.124  104.7  3.805    nan    nan  125.5
L  -80.2  -23.0  112.0  174.3  -65.4    nan  1.045   90.7  3.810  5.627   73.4   85.2
G   69.0   26.8  113.2  177.5    nan    nan    nan   98.9  3.805    nan    nan -139.3
L -111.0   21.4  112.1 -177.1  -58.3    nan  1.078   78.2  3.795    nan    nan  102.7
G   91.9  179.9  115.5  178.0    nan    nan    nan   91.9  3.811    nan    nan  -77.1
E  -72.6  -16.6  114.9 -174.4  -48.7    nan  1.069   99.9  3.790    nan    nan  -64.8
N  -97.6  -17.0  113.7 -173.8  -61.7    nan  1.081   75.9  3.804  5.282   55.6   78.9
V -102.8   96.5  111.1 -176.1  180.0  -58.2  1.059  111.9  3.812  5.347   49.7   71.1
M  -94.7  -13.2  111.9 -172.9  -65.0    nan  1.033   80.5  3.799  6.067 -169.0 -175.4
E -159.1  138.3  111.3 -177.2  177.6    nan  1.018  141.6  3.813  4.799   -1.5   13.4
R -130.9  118.9  109.3  175.2  -85.5    nan  1.003  122.4  3.794  5.737 -174.1 -176.8
K  -80.1  -20.3  112.0 -176.3  -57.0    nan  1.045   91.9  3.808  5.923 -137.5 -140.2
K -132.6  156.5  107.9  176.8  -64.4    nan  1.016  135.3  3.812  5.101   11.5   31.3
P  -53.2  133.4  113.0 -174.6  -32.9    nan  0.971   79.4  3.816  5.233  -63.8  -73.9
A -123.7  142.1  109.7 -179.4    nan    nan  1.033  127.6  3.797  5.831 -175.0 -173.2
L  -74.9  127.1  113.7 -179.2  178.2    nan  1.074   98.7  3.793  5.660 -108.0 -113.9
V -102.9  121.4  108.2  178.6  178.6  -58.0  0.963  112.1  3.794  5.837 -145.2 -161.7
S  -71.8  120.1  111.2 -180.0  -65.1    nan  1.062   98.1  3.818  5.894 -130.9 -132.0
I -118.5  139.5  107.2  170.7  -50.4 -175.3  0.977  122.1  3.812  5.918 -175.9  172.4
P  -57.6  -23.7  115.3 -176.8  -31.3    nan  1.009  110.2  3.823  5.500  -90.0  -97.1
E -129.7  168.3  111.7 -178.6  -52.1    nan  1.013  133.1  3.806  4.960   11.9   35.6
D  -67.8  147.6  107.9  171.9  -73.0    nan  0.996   80.4  3.810  5.218  -78.3  -82.4
V -116.2  135.0  109.9 -176.1  174.0  -64.0  1.023  121.9  3.815  5.704 -144.8 -147.2
V -101.1  -21.0  112.8  178.1  -65.2   57.5  1.095   71.6  3.804  5.852 -148.3 -148.3
Q -146.2  130.5  109.8  179.5 -170.3    nan  1.042  133.1  3.820  4.998    2.6   18.8
A -128.4  118.3  108.5  179.7    nan    nan  1.012  120.9  3.816  5.793 -175.2 -179.6
E -116.7  141.1  112.7 -176.0  -67.6    nan  1.051  124.5  3.799  5.906 -174.6 -176.9
A  -99.2  122.1  110.0  173.6    nan    nan  1.040  111.8  3.786  5.690 -139.1 -144.1
G  -81.8 -164.6  108.1  168.4    nan    nan    nan   77.3  3.784    nan    nan -151.5
G  -64.1  -50.0  109.5  179.3    nan    nan    nan   92.9  3.822    nan    nan  -42.1
M -142.9   28.9  109.6 -173.5  -61.0    nan  1.002   53.0  3.812    nan    nan   -1.5
H -147.8  170.8  109.7  174.7   75.0    nan  1.095  149.8  3.812  5.419   40.3   60.3
T -139.6  136.4  111.3 -176.9  -54.9 -175.4  1.038  135.5  3.810  5.488 -141.5 -145.2
V -127.5  123.7  108.2 -173.3 -177.4  -54.9  0.989  122.9  3.810  5.768 -161.3 -171.2
C -119.2  127.0  111.6 -177.1  -60.3    nan  1.048  123.4  3.799  5.857 -173.6 -175.7
L -100.6  121.1  109.8 -179.4  173.1    nan  1.010  112.4  3.808  5.861 -147.9 -156.0
S  -74.2  160.4  111.0 -179.6   73.5    nan  1.059   81.9  3.797  5.911 -130.3 -135.8
K  -57.3  -33.1  111.7  171.9  179.5    nan  1.036  106.4  3.791  5.193  -72.6  -82.4
S  -82.1   -3.1  113.8  179.2   74.0    nan  1.087   96.6  3.811  5.300   50.9   73.0
G   98.4   12.5  113.6  175.7    nan    nan    nan   76.8  3.810    nan    nan  -95.2
Q  -98.3  150.2  112.3  178.2  -56.4    nan  1.087  108.1  3.796    nan    nan   98.9
V -107.5  128.5  111.9 -177.9 -175.9  -54.4  1.088  117.7  3.795  5.668 -134.3 -137.3
Y -115.7  140.6  109.7  173.2  -63.0    nan  0.993  121.8  3.816  5.847 -162.1 -174.8
S -138.3  155.6  110.3 -175.1   56.9    nan  1.019  140.8  3.820  5.698 -175.2 -176.5
F -160.5  143.9  109.6  178.7   43.0    nan  1.091  145.8  3.811  5.543  170.4  172.1
G  132.0 -163.4  110.7 -175.3    nan    nan    nan  135.8  3.800    nan    nan   84.9
C  -67.5  122.7  113.2 -178.1 -173.5    nan  1.082   95.7  3.782    nan    nan  -41.0
N -117.4   25.0  113.2 -178.4 -159.6    nan  1.055   74.4  3.783  5.821 -168.6 -177.2
D  -63.6  -32.0  111.3 -179.7  -69.9    nan  1.092  101.8  3.808  6.041  129.8  143.9
E -106.5    2.1  113.0 -178.6  -62.6    nan  1.037   74.3  3.798  5.149   32.0   51.6
G   90.9   14.8  113.9  178.2    nan    nan    nan   83.2  3.808    nan    nan  -95.3
A  -61.1  -26.9  114.2 -178.2    nan    nan  1.075  105.5  3.822    nan    nan  139.0
L  -76.1  -20.9  113.6 -179.1  -60.3    nan  1.089   94.9  3.798  5.448   66.2   86.3
G   66.5   29.6  113.5  177.4    nan    nan    nan   99.5  3.822    nan    nan -140.0
R -161.6  157.2  108.3 -177.4   63.3    nan  1.017  155.9  3.807    nan    nan   49.4
D  -80.9  115.7  111.8 -169.3 -176.8    nan  1.035  105.2  3.804  5.477  -94.2  -97.3
T -115.3   37.7  109.9 -177.7   52.9  -67.8  1.076   81.4  3.804  5.945  179.4  179.1
S  -59.4  -41.1  111.1  176.4  -69.3    nan  1.045  100.4  3.803  6.175  155.7  156.9
V  -62.9  123.6  111.5  176.1  174.3  -62.5  1.025   91.1  3.805  5.417   69.4   80.2
E  -50.6  128.0  112.3  178.6  -68.4    nan  1.059   80.8  3.804  5.751  -99.9 -113.5
G   83.0   -7.6  117.1  178.6    nan    nan    nan  100.4  3.790    nan    nan   13.6
S  -65.6  -16.0  113.5 -176.2   63.1    nan  1.127  107.3  3.797    nan    nan  116.1
E  -88.0   -7.2  111.4  179.8   78.1    nan  1.037   89.4  3.821  5.555   69.3   82.9
M  -88.4   -4.9  112.6 -177.2  -50.5    nan  1.003   89.7  3.811  5.554   77.1   93.5
V -133.5  157.4  106.4  178.8  -65.8   58.0  0.985  135.5  3.831  5.235   28.4   46.1
P  -53.9  137.6  111.0 -180.0  -31.0    nan  0.944   76.2  3.824  5.174  -66.5  -76.6
G -138.6  155.7  107.0  173.4    nan    nan    nan  139.8  3.805    nan    nan  172.8
K  -88.0  137.8  111.9 -175.5 -160.9    nan  1.073  103.0  3.809    nan    nan -107.9
V  -82.5  129.2  107.4  172.6  179.1  -58.0  0.980   98.5  3.797  5.711 -118.8 -133.1
E  -81.0   99.0  109.5 -178.9 -150.4    nan  1.047  107.5  3.816  5.930 -131.6 -132.4
L -148.4  112.7  109.2  179.6 -177.2    nan  0.989  119.1  3.816  5.786  136.4  127.2
Q  -82.3   58.5  111.7 -174.9  -75.7    nan  1.064  112.5  3.808  6.013 -147.4 -148.2
E -137.4  150.1  107.8 -179.2  -61.7    nan  0.974  137.8  3.798  5.773  102.5  100.5
K  -89.2   98.8  107.3  174.7 -161.4    nan  1.016  107.0  3.816  5.663 -122.5 -122.1
V  -80.0  137.0  110.2 -175.8  176.7  -61.6  1.045   96.0  3.818  6.125 -156.4 -159.5
V -115.6  -10.8  113.0 -175.7  -68.0   54.2  1.074   60.7  3.828  5.834 -154.7 -156.1
Q -159.8  149.0  110.6  175.6 -175.4    nan  1.019  150.1  3.817  4.982   -2.4   10.7
V -129.2  164.4  111.5  176.2  -64.5   58.3  1.059  133.2  3.814  5.721 -163.1 -163.2
S -150.1  155.1  106.7  173.1   64.5    nan  0.998  147.8  3.815  5.496 -167.2 -168.4
A -145.9  137.6  109.8 -175.2    nan    nan  1.021  137.7  3.817  5.593 -167.8 -167.8
G -116.9 -152.6  110.0  175.7    nan    nan    nan  105.1  3.803    nan    nan -162.7
D  -68.4  -41.8  111.4 -175.4 -128.7    nan  1.033   92.8  3.815    nan    nan  -27.9
S -136.7    8.2  111.5 -173.9  -63.1    nan  1.091   46.8  3.800  4.653  -10.6   14.1
H -133.5  159.9  113.4 -178.3   79.4    nan  1.056  138.2  3.805  5.353   42.7   61.7
T -137.3  143.1  108.5  174.7  -55.0 -175.0  1.021  135.8  3.800  5.553 -159.1 -161.1
A -128.3  151.3  109.1  175.8    nan    nan  1.008  131.8  3.820  5.725 -165.5 -167.5
A -137.7  142.3  109.6  180.0    nan    nan  1.023  136.3  3.785  5.596 -165.5 -167.8
L -111.9  126.3  109.6 -179.1 -179.8    nan  1.016  118.2  3.800  5.724 -146.4 -150.6
T  -79.6  169.0  110.1 -178.1   60.1  -59.7  1.041   83.6  3.804  5.904 -130.3 -133.8
D  -65.3  -18.5  114.6  176.7   58.4    nan  1.130  106.1  3.806  5.321  -79.2  -75.1
D -101.3   11.1  114.7  174.0   64.3    nan  1.124   83.4  3.825  5.454   43.0   64.8
G   88.2   23.9  118.0  173.3    nan    nan    nan   80.7  3.799    nan    nan  -95.6
R -104.7  142.4  109.1  174.5  -74.0    nan  1.025  113.2  3.804    nan    nan   98.1
V -101.5  137.2  111.4 -177.4  179.8  -57.5  1.034  112.9  3.820  5.793 -135.2 -137.6
F -112.0  137.1  109.3  169.8  -77.5    nan  1.066  118.9  3.808  5.796 -162.6 -162.5
L -131.8  146.4  106.6 -175.0  177.1    nan  0.982  132.3  3.827  5.776 -165.3 -173.8
W -150.6  165.3  111.0  174.7   54.0    nan  1.065  152.5  3.815  5.655  168.7  173.8
G   98.0 -138.7  109.9 -175.7    nan    nan    nan  109.1  3.812    nan    nan   76.1
S -159.6  166.4  109.9  176.8   66.7    nan  0.977  159.9  3.801    nan    nan -109.1
F -108.4  150.2  108.4  174.1  -60.5    nan  0.991  115.1  3.802  5.444 -124.7 -123.4
R -129.0  159.2  108.0  175.7  -52.1    nan  0.958  132.4  3.805  5.635 -157.5 -160.6
D -116.2 -168.0  105.1  171.3   69.2    nan  1.017  112.6  3.805  5.584 -146.7 -140.9
N  -63.7  -23.8  112.6 -177.5  -81.6    nan  1.043  105.4  3.824  5.127  -46.4  -43.6
N -100.6    0.0  114.1 -173.0  -60.4    nan  1.087   79.4  3.802  5.109   45.4   70.1
G  134.6 -173.9  114.2  178.1    nan    nan    nan  136.8  3.791    nan    nan  -52.9
V  -61.7  135.1  110.7  179.6 -176.0  -53.7  1.035   83.3  3.802    nan    nan  -50.1
I -109.8  -19.1  112.8  179.6   55.2  -67.4  1.088   63.9  3.800  5.847 -155.6 -156.0
G  128.7 -169.5  109.8 -179.5    nan    nan    nan  131.5  3.837    nan    nan  -74.4
L -122.2  -72.6  109.8  178.4 -168.7    nan  1.062   64.3  3.819    nan    nan -103.8
L -109.7   -9.8  111.5  170.7  -59.5    nan  1.069   67.0  3.801  4.899  -19.3    3.7
E -136.7  145.3  108.4  176.7  -70.6    nan  0.989  136.2  3.815  5.251   20.3   36.5
P  -47.9  130.0  112.9  178.6  -33.0    nan  0.987   77.8  3.809  5.263  -76.4  -86.3
M   65.5   10.8  116.4  174.8  -62.5    nan  1.102  109.4  3.792  4.864   16.2   -3.4
K -119.5  107.6  112.4 -176.1  -59.7    nan  1.053  117.7  3.819  5.439   63.7   80.6
K  -79.2  169.4  108.9  172.5   60.1    nan  1.020   82.8  3.807  6.006 -149.5 -160.6
S -131.5  129.1  110.0  172.0 -174.8    nan  1.013  128.1  3.807  5.505 -148.1 -141.1
M  -85.3  -10.4  111.7  178.9  -53.0    nan  1.065   90.8  3.805  5.846 -135.8 -139.3
V -126.4  158.4  111.1  178.9  -57.2   63.5  0.972  131.1  3.803  5.227   34.1   48.8
P  -58.9  130.1  112.7 -178.6  -34.9    nan  0.997   85.4  3.809  5.205  -78.2  -80.6
V -116.9  132.3  108.3  179.3  179.0  -60.3  1.042  120.8  3.815  5.941 -169.9 -172.3
Q  -77.6  141.7  112.2 -178.0 -177.6    nan  1.046   93.5  3.827  5.822 -118.2 -124.8
V -127.5   97.7  105.5  175.1 -174.6  -50.3  0.930  106.9  3.789  5.744 -158.2 -173.6
Q -109.2  126.3  109.9 -177.9 -173.4    nan  1.064  117.0  3.822  6.021  161.9  171.3
L  -93.9 -179.2  107.9  179.0  -51.1    nan  0.999   93.7  3.791  5.856 -140.4 -151.2
D  -76.1  -10.6  111.7  176.8   55.2    nan  1.088   99.8  3.805  5.325  -81.6  -70.8
V -129.7  147.3  108.2  179.2  178.5  -59.0  0.986  131.8  3.825  5.275   30.9   44.9
P  -56.7  144.1  109.5  175.5  -36.5    nan  0.946   73.7  3.815  5.329  -84.7  -94.4
V  -95.5  133.6  108.7  174.3  175.0  -63.3  1.018  107.2  3.805  5.833 -136.7 -137.3
V -104.5  -18.3  113.2  178.9  -67.1   55.1  1.089   69.1  3.803  5.858 -152.7 -151.2
K -149.2  140.2  111.3  176.5 -179.2    nan  1.038  141.2  3.816  5.003    0.2   17.4
V -114.7  145.2  110.1  171.2  -65.6   56.8  1.054  121.4  3.787  5.771 -158.7 -162.0
A -147.6  143.7  109.7  173.7    nan    nan  1.024  142.0  3.821  5.637  177.3  172.6
S -122.3  147.7  112.6 -177.1  -68.4    nan  1.063  128.6  3.811  5.728 -157.0 -156.8
G -105.5 -166.1  106.0  166.1    nan    nan    nan  101.3  3.801    nan    nan -147.9
N  -57.3  -48.5  109.8  178.5  -73.6    nan  1.034   98.3  3.831    nan    nan  -38.2
D -140.5   38.4  111.8 -172.9  -65.9    nan  1.036   62.8  3.803  4.643  -15.2    4.7
H -148.1  149.5  109.7  169.9   75.8    nan  1.099  145.3  3.785  5.507   50.4   65.5
L -121.5  135.3  109.1  177.8  171.2    nan  0.987  124.6  3.774  5.625 -142.8 -154.8
V -122.6  136.2  110.2  176.2  -51.9   71.9  1.044  126.2  3.792  5.834 -170.8 -170.9
M -124.4  124.1  109.1 -177.9  -59.0    nan  1.000  122.7  3.798  5.747 -161.1 -169.9
L  -96.5  117.6  108.1  179.0  177.2    nan  0.991  109.0  3.824  5.916 -149.1 -155.6
T  -77.7  166.9  110.5 -177.6   67.6  -53.5  1.042   82.5  3.802  6.004 -137.0 -139.7
A  -55.8  -28.3  111.9  173.8    nan    nan  1.053  110.4  3.795  5.110  -66.0  -71.5
D  -89.1    0.7  113.4 -178.4  -65.3    nan  1.115   91.2  3.817  5.275   47.1   72.6
G   94.6   11.5  111.6  174.4    nan    nan    nan   81.3  3.817    nan    nan  -96.0
D  -89.8  144.6  110.1  177.5  -72.5    nan  1.021  101.3  3.805    nan    nan  105.2
L -106.3  115.4  109.5  178.3 -167.0    nan  1.012  114.2  3.798  5.697 -140.8 -143.2
Y -106.3  131.8  108.3  178.5  -80.3    nan  1.000  114.3  3.811  5.991 -169.1 -173.9
T -126.4  154.1  109.1 -174.2   60.5  -59.7  1.003  130.5  3.787  5.800 -168.8 -172.9
L -161.4  157.6  111.0  175.2   65.8    nan  1.048  156.9  3.790  5.492  168.7  168.7
G  123.5 -143.0  111.5  178.1    nan    nan    nan  128.6  3.803    nan    nan   89.0
C  -75.3  134.3  111.3  174.0 -179.0    nan  1.052   94.2  3.784    nan    nan  -29.1
G -124.8   12.6  112.9 -179.7    nan    nan    nan   60.9  3.807    nan    nan -172.0
E  -58.4  -27.1  113.7 -173.5 -158.5    nan  1.032  108.1  3.816    nan    nan  142.7
Q -105.1    5.8  112.4 -179.4  -67.5    nan  1.113   77.2  3.799  5.135   27.9   57.3
G   89.3    7.9  114.8 -178.0    nan    nan    nan   87.4  3.810    nan    nan  -90.8
Q  -71.5  -10.8  115.4 -174.6   62.5    nan  1.117  103.6  3.800    nan    nan  126.0
L  -86.5  -20.7  112.2  172.3  -59.0    nan  1.050   85.7  3.805  5.663   71.2   83.9
G   59.6   30.5  115.4  179.3    nan    nan    nan  104.4  3.807    nan    nan -145.1
R -147.6  -11.6  121.3 -176.5   61.5    nan  1.204   28.0  3.795    nan    nan   70.8
V -131.0   60.3  107.6  176.9 -115.3    7.1  1.024   82.6  3.816  5.277   29.8   43.9
P  -52.4  -49.7  109.7 -174.9   29.6    nan  0.944  101.0  3.800  6.069 -165.2 -168.8
E  -31.7  -41.6  115.4  163.0  117.9    nan  1.121  119.1  3.777  5.096   70.5   90.0
L  -80.2  -14.8  113.7 -179.3 -175.0    nan  1.083   93.7  3.817  5.248   49.8   68.6
F -112.5   -5.2  111.9 -179.2  -56.6    nan  1.066   65.7  3.806  5.258   38.9   61.2
A  -66.3  101.3  109.7  174.4    nan    nan  1.028  102.9  3.812  5.814   97.7  108.6
N   62.8  -84.7  108.5 -160.0  156.2    nan  1.026  108.9  3.797  5.273    8.7  -12.5
R  -19.3  149.6  117.0 -178.7  -66.2    nan  1.174   42.5  3.789  4.917   69.3   85.4
G  -91.6  142.8  108.1  176.7    nan    nan    nan  102.1  3.788    nan    nan -127.5
G  -53.4  -31.3  112.6  176.6    nan    nan    nan  110.4  3.805    nan    nan  -95.5
R  -63.3  -20.5  114.0 -179.1  -66.6    nan  1.092  107.1  3.805    nan    nan   93.6
Q  -71.0  -15.8  113.3  176.1  -65.7    nan  1.076  102.2  3.806  5.583   77.1   92.4
G -136.7   35.0  107.1  179.4    nan    nan    nan   61.4  3.830    nan    nan   33.5
L  -54.0  -37.6  114.4 -172.0 -161.3    nan  1.068  105.2  3.779    nan    nan  169.6
E  -63.7  -36.7  110.0 -178.8   42.2    nan  1.046   99.9  3.809  5.439   73.6   87.5
R  -62.5  -29.3  111.9  178.8 -168.4    nan  1.062  103.9  3.796  5.402   71.6   86.7
L  -84.3  -29.7  112.5 -176.9  -57.0    nan  1.030   84.1  3.807  5.353   60.0   77.0
L  -87.5  -10.1  113.2 -178.0  -59.6    nan  1.075   88.5  3.818  5.222   51.1   73.3
V  -89.2  135.5  108.5  173.0  177.4  -60.4  1.011  102.3  3.808  5.633   67.4   81.1
P  -67.0  116.6  110.2  178.3  -17.6    nan  0.906   96.3  3.819  5.569  -98.4 -115.6
K -132.8  155.6  111.4  179.1  -64.6    nan  1.067  136.8  3.820  5.864  152.3  160.7
C  -81.8  135.4  113.0 -169.9 -176.2    nan  1.064   99.8  3.798  5.451  -95.3 -101.5
V  -74.4  119.8  107.3  172.5  171.0  -66.4  0.963   96.6  3.802  5.698 -110.0 -128.2
M -111.2  109.7  111.0 -172.3  -62.5    nan  1.021  115.9  3.815  5.899 -166.6 -167.5
L -122.4  117.5  109.7 -180.0  -96.2    nan  0.989  120.0  3.812  5.921  171.9  164.3
K  -60.5  139.9  109.4  174.4 -119.0    nan  1.011   79.0  3.816  5.837 -119.3 -130.9
S  -89.4   21.5  122.4 -173.9  179.9    nan  1.177  101.9  3.802  5.723 -129.9 -123.7
R   46.3  120.8  113.5  173.2  -46.0    nan  1.065   53.0  4.034  5.749 -112.8 -124.5
G   48.5   50.0   99.0 -170.4    nan    nan    nan  109.6  3.825    nan    nan  -13.7
S  -60.4  150.5  119.3 -168.1  -58.4    nan  1.114   77.3  3.643    nan    nan -177.5
R -115.2 -146.3  100.8  162.5  -42.3    nan  0.889  105.1  3.739  5.450 -141.3 -162.7
G  -70.0  -95.9  108.4  176.7    nan    nan    nan   70.7  3.808    nan    nan  -30.6
H -131.7  157.8  112.7 -179.0   66.4    nan  1.109  136.4  3.821    nan    nan  -33.7
V  -68.0  141.6  111.2 -178.3  176.5  -60.9  1.011   85.1  3.809  5.374  -77.5  -90.1
R -122.5  159.4  109.6  177.0  -77.2    nan  1.034  127.0  3.809  5.722 -164.0 -163.9
F -119.9  147.0  114.8 -167.6  -51.8    nan  1.070  128.0  3.794  5.485 -131.8 -132.8
Q  -97.2  -17.5  112.7  176.0   56.9    nan  1.071   76.4  3.805  5.679 -131.3 -134.2
D -162.6  160.2  111.0  177.3 -142.2    nan  1.043  159.1  3.820  4.919  -13.6    2.7
A -153.7  141.6  109.6 -178.7    nan    nan  1.025  142.6  3.810  5.503 -170.6 -174.3
F -137.3  159.7  107.9 -174.4  -52.9    nan  0.982  139.6  3.812  5.697 -166.5 -176.4
C -122.5  147.6  112.3  174.2  -62.3    nan  1.062  128.7  3.816  5.615 -151.7 -141.5
G -102.8 -170.1  107.5  158.3    nan    nan    nan   99.7  3.788    nan    nan -148.0
A  -56.3  -49.2  112.6 -176.9    nan    nan  1.059   97.0  3.816    nan    nan  -38.7
Y -127.9   24.3  113.0 -175.3  -58.7    nan  1.060   64.3  3.798  4.717   -5.2   16.8
F -151.1  169.2  112.3 -176.3   42.2    nan  1.098  153.5  3.803  5.227   41.3   57.7
T -139.6  139.8  109.4 -175.2  -52.7 -173.4  1.001  136.1  3.805  5.475 -141.3 -146.5
F -118.4  132.4  107.6  176.9  -73.6    nan  0.985  121.2  3.821  5.759 -156.7 -162.6
A -132.3  133.8  108.7  180.0    nan    nan  1.010  129.6  3.815  5.751 -179.7  179.0
I -105.5  119.4  108.9 -178.9  -54.1 -176.6  0.982  113.8  3.800  5.840 -145.7 -152.3
S  -68.8  171.0  110.5 -177.1   70.5    nan  1.071   72.2  3.806  5.888 -126.9 -130.9
H  -60.6  -29.7  111.7  176.9  -76.3    nan  1.098  105.6  3.803  5.222  -68.4  -69.0
E  -80.4  -11.9  111.7 -179.3  -88.5    nan  1.022   95.0  3.815  5.418   63.8   77.7
G   95.7   11.2  113.1  176.9    nan    nan    nan   80.0  3.820    nan    nan -104.0
H  -80.8  140.6  109.2  177.2  -61.7    nan  0.972   94.7  3.830    nan    nan  112.2
V  -95.0  120.0  110.8 -179.5 -177.5  -56.3  1.073  110.5  3.778  5.728 -137.4 -135.6
Y -108.4  143.8  108.8  177.4  -73.2    nan  1.013  115.8  3.784  5.909 -161.8 -174.2
G -137.4  151.7  110.0  177.9    nan    nan    nan  139.3  3.804    nan    nan -175.2
F -151.7  148.6  108.2  174.4   37.4    nan  1.078  145.9  3.793    nan    nan  175.4
G  119.6 -155.4  111.6 -178.9    nan    nan    nan  125.7  3.797    nan    nan   76.7
L  -72.6  139.9  112.2 -170.5 -177.8    nan  1.040   90.2  3.793    nan    nan  -32.0
S -149.7   38.2  109.0  177.9 -164.0    nan  1.019   54.8  3.798  5.637  171.2  165.3
N  -65.5  -19.5  112.6 -179.1   56.0    nan  1.106  105.9  3.806  6.138  141.3  155.8
Y -118.3   24.3  112.8  171.5  -65.7    nan  1.076   73.0  3.815  5.323   24.3   44.3
H   68.5   20.8  112.1  179.0  -61.6    nan  1.052  102.6  3.813  5.426  -88.7  -94.5
Q  -67.7  -21.0  113.8 -175.5   58.8    nan  1.093  102.7  3.816  5.995  125.6  140.6
L  -81.2  -13.9  110.3  178.1 -104.2    nan  1.010   93.8  3.810  5.552   72.2   83.3
G   90.1   25.4  110.8  178.9    nan    nan    nan   81.1  3.815    nan    nan -110.0
T  -97.9  152.9  108.5  178.0   57.5  -62.9  1.027  105.3  3.800    nan    nan  109.0
P  -64.3  -37.9  111.5  176.7  -32.3    nan  0.977   98.1  3.803  5.290  -85.2  -94.3
G  -98.3  179.5  111.3 -176.4    nan    nan    nan   98.5  3.815    nan    nan   55.3
T -114.7    0.9  114.1 -176.7   49.2  -71.5  1.087   65.7  3.806    nan    nan -106.5
E  -74.1  149.2  108.8 -178.5  -64.8    nan  1.036   85.6  3.815  5.837   99.9  112.9
S  -66.4  141.7  108.9  178.0  -59.9    nan  1.004   82.5  3.816  5.513  -89.6 -100.3
C -107.9  109.3  109.0 -172.5  -60.4    nan  1.008  113.2  3.805  5.741 -139.0 -143.4
F  -87.1  -12.1  113.2 -175.6  -64.7    nan  1.058   88.1  3.799  5.970 -153.3 -156.9
I -117.9  144.9  108.3  174.9  -43.4 -169.6  0.935  122.8  3.834  5.380   40.9   52.2
P  -58.1  128.9  111.1  180.0  -32.1    nan  0.956   84.6  3.816  5.411  -89.8  -94.9
Q -104.5  133.7  109.4 -179.6  -50.9    nan  0.992  113.9  3.805  5.930 -156.5 -158.4
N  -78.7   99.9  108.0  172.8 -167.1    nan  1.037  105.4  3.824  5.813 -127.1 -132.1
L  -75.6  104.6  111.2 -169.2  -52.4    nan  1.025  106.1  3.812  6.067 -145.2 -148.9
T  -72.4  -13.2  112.5 -179.8   58.0  -62.9  1.083  102.2  3.800  6.054 -145.6 -151.2
S  -71.4  -16.9  111.7  174.2   61.7    nan  1.018  101.8  3.804  5.716   88.6   97.2
F  -97.0   -8.9  112.2  177.5  -75.6    nan  1.083   79.8  3.815  5.357   48.6   71.7
K  -72.3  117.2  111.2  177.7  -70.6    nan  1.050   99.6  3.817  5.741   89.7  102.5
N -164.7  126.6  109.0  179.6 -172.8    nan  1.000  130.1  3.820  5.611  138.7  125.9
S  -59.8  -20.4  115.2 -176.6  -55.4    nan  1.082  110.0  3.809  5.799 -108.0 -113.3
T -106.3    2.7  112.8 -173.7   66.9  -53.6  1.061   74.8  3.812  5.225   45.4   67.2
K -125.3  124.1  112.2 -179.6  -61.1    nan  1.050  125.4  3.806  5.325   45.6   64.3
S -114.1  115.6  108.3  175.1 -171.8    nan  1.017  115.7  3.803  5.873 -169.5 -176.4
W  -82.6  127.1  112.7 -171.8  -58.7    nan  1.040  103.2  3.806  5.935 -138.0 -143.4
V -126.1  -12.6  114.4 -173.9  -57.9   65.9  1.052   49.6  3.788  5.841 -172.3 -178.0
G -150.5  137.9  110.5 -176.0    nan    nan    nan  139.6  3.823    nan    nan   25.0
F -138.4  147.3  109.7 -178.7  -73.1    nan  1.014  138.6  3.798    nan    nan  176.3
S -154.3  166.3  108.2  175.8   63.4    nan  1.011  155.2  3.818  5.600  172.5  167.6
G -171.5  144.0  111.6  179.7    nan    nan    nan  146.3  3.808    nan    nan  174.3
G  -93.8 -152.4  107.7  172.1    nan    nan    nan   85.3  3.793    nan    nan -136.1
Q  -58.5  -51.3  112.1  177.9  -39.4    nan  1.016   94.4  3.799    nan    nan  -23.3
H -124.5   10.2  114.5 -164.5  -57.3    nan  1.080   60.2  3.787  4.434    1.8   25.8
H -147.1  158.4  110.7  179.2   75.9    nan  1.035  148.3  3.809  5.206   32.5   46.5
T -128.8  138.7  110.0 -177.8  -65.2  174.1  1.029  130.3  3.796  5.559 -146.2 -150.9
V -125.7  120.4  107.9  173.7  178.1  -60.3  1.016  120.7  3.795  5.786 -167.8 -173.6
C -131.3  172.4  109.5 -174.2   56.4    nan  1.029  133.4  3.811  5.844  174.5  170.5
M -148.7  150.1  110.7 -175.3   66.5    nan  1.060  146.4  3.793  5.443 -155.6 -151.6
D -102.4 -176.5  110.5 -179.1   64.4    nan  1.076  101.2  3.793  5.667 -131.1 -132.4
S  -84.4    4.5  112.3 -172.6   61.0    nan  1.053   97.3  3.800  5.203  -74.6  -70.3
E -116.5   22.3  113.4 -178.0  -68.4    nan  1.085   73.9  3.815  5.380   54.1   75.7
G   82.4   19.1  113.8  171.2    nan    nan    nan   89.6  3.796    nan    nan  -90.5
K -108.8  138.0  110.5 -178.6  -72.3    nan  1.049  117.5  3.800    nan    nan   96.1
A -112.4  143.1  110.0  178.3    nan    nan  1.035  119.6  3.801  5.778 -151.8 -157.8
Y -133.2  155.6  110.8 -174.5  -54.5    nan  0.998  136.9  3.807  5.689 -159.3 -170.8
S -135.9  162.1  110.6  176.3   58.1    nan  1.030  139.4  3.810  5.575 -165.7 -159.9
L -156.3  162.0  109.5  177.0   53.9    nan  1.070  155.9  3.788  5.492 -178.2 -176.8
G  106.8 -155.7  112.0  179.4    nan    nan    nan  114.3  3.788    nan    nan   77.9
R  -61.5  137.0  113.1 -177.0 -166.6    nan  1.050   83.4  3.794    nan    nan  -24.9
A  -98.1  -13.4  114.6 -177.9    nan    nan  1.081   76.5  3.801  5.770 -139.4 -141.0
E  -59.6  135.2  113.6 -173.2  -73.1    nan  1.121   83.3  3.807  5.646   97.6  118.4
Y   71.0   11.9  116.5 -176.2  -51.1    nan  1.130  103.4  3.794  4.937   41.7   13.2
G   87.7   12.1  115.3  173.3    nan    nan    nan   87.1  3.800    nan    nan  -94.1
R  -67.3  -13.4  115.3 -171.8   71.2    nan  1.117  106.5  3.801    nan    nan  136.6
L  -82.4  -17.5  113.5  174.4  -57.7    nan  1.084   90.4  3.825  5.649   70.9   87.5
G   64.7   24.3  113.4 -179.9    nan    nan    nan  104.0  3.825    nan    nan -136.2
L  -96.1    3.2  115.2 -178.2  -56.9    nan  1.080   85.3  3.801    nan    nan  114.8
G  106.6  165.8  112.9 -178.4    nan    nan    nan  100.6  3.809    nan    nan  -76.4
E  -56.8  145.1  111.2 -178.9  -47.3    nan  1.002   74.0  3.804    nan    nan  -70.7
G   70.9   11.8  115.6  177.2    nan    nan    nan  103.8  3.803    nan    nan   21.2
A  -58.5  146.2  109.4  177.4    nan    nan  1.017   73.9  3.804    nan    nan  133.7
E -117.9  165.0  109.6  177.9  -61.7    nan  1.041  121.9  3.809  5.714 -153.8 -153.0
E  -47.0  138.3  111.7 -175.9 -163.3    nan  1.049   70.7  3.813  5.215  -53.0  -60.1
K -119.1  141.2  112.4  177.2  -58.2    nan  1.042  126.0  3.809  5.791 -159.8 -163.5
S -117.9    7.9  111.4  178.3   55.9    nan  1.029   65.2  3.810  5.726 -156.3 -157.9
I -135.7  144.4  109.0  174.1   63.8  -60.2  1.036  135.6  3.808  5.426   34.0   52.5
P  -53.8  119.9  109.7 -179.4   24.3    nan  0.958   86.7  3.823  5.351  -78.1  -91.9
T -115.1  123.9  110.8 -173.1  -53.7 -173.8  1.035  120.2  3.793  5.966 -174.1 -174.4
L  -55.6  129.9  113.0 -175.7 -177.0    nan  1.069   83.4  3.794  5.786 -102.6 -113.2
I  -91.4   92.6  108.0  166.9  -52.8 -174.2  1.005  108.0  3.798  5.821 -141.1 -154.1
S  -65.7  -31.9  114.1 -174.5   62.8    nan  1.076   98.8  3.813  6.132 -149.2 -149.9
R  -82.5   50.0  113.0 -171.1  -57.3    nan  1.029  112.4  3.807  5.275   63.8   81.9
L -137.3  147.7  109.5  174.8  -69.4    nan  0.997  138.0  3.825  5.660   84.8   90.2
P  -61.7  180.0  108.3  166.5  -28.7    nan  0.918   61.7  3.803  5.288  -91.7 -104.5
A  -62.4  134.5  108.4  177.9    nan    nan  1.008   82.8  3.828  5.296  -67.6  -59.8
V  -97.5  136.7  113.8 -174.3 -179.9  -58.1  1.103  111.6  3.821  5.827 -140.5 -140.8
S -105.6  -31.3  114.4  170.9   60.7    nan  1.070   64.1  3.795  5.760 -148.8 -156.3
S -154.0  160.4  111.4  172.7   58.5    nan  1.026  154.2  3.819  4.926  -20.8   -2.0
V -128.2  153.2  112.2 -179.1  -66.2   56.9  1.078  133.3  3.782  5.562 -149.1 -147.0
A -149.4  159.5  111.5  176.0    nan    nan  1.055  150.7  3.784  5.525 -176.6 -178.8
C -128.1  153.6  109.6  171.6  -70.4    nan  1.029  132.1  3.771  5.549 -152.9 -151.1
G -113.1 -166.8  105.3  163.4    nan    nan    nan  109.1  3.795    nan    nan -147.7
A  -51.7  -53.0  111.3 -175.7    nan    nan  1.050   98.4  3.823    nan    nan  -30.3
S -131.5   28.4  112.0 -176.3  -55.5    nan  1.045   63.3  3.804  4.679  -12.8    8.1
V -135.5  163.2  110.1 -179.0  -69.7   51.7  1.027  138.8  3.816  5.519   62.3   76.9
G -138.9  149.8  110.4  179.3    nan    nan    nan  140.1  3.815    nan    nan -154.6
Y -138.6  155.2  110.9 -175.2  -58.8    nan  1.027  141.2  3.804    nan    nan -169.4
A -142.8  124.5  110.6  171.4    nan    nan  1.033  128.8  3.800  5.546 -172.2 -172.6
V  -93.9  129.6  109.5  173.2 -179.4  -57.5  1.036  107.4  3.790  5.903 -149.1 -156.7
T  -86.2  165.4  111.3 -174.2   59.8  -59.4  1.046   91.6  3.782  5.839 -129.9 -134.4
K  -64.6  -29.1  111.6  176.6  -72.2    nan  1.046  102.4  3.786  5.265  -75.9  -80.2
D  -88.1   14.9  113.6  177.9   72.0    nan  1.161   97.7  3.812  5.316   41.9   69.7
G   81.8   22.5  116.7  172.2    nan    nan    nan   87.8  3.805    nan    nan  -98.2
R -104.1  159.0  111.8  173.9  -68.3    nan  1.064  110.9  3.804    nan    nan   98.5
V -124.9  128.3  111.4  178.9   63.2 -173.8  1.068  126.1  3.810  5.634 -147.3 -144.4
F -110.8  147.9  111.6  178.5  -71.8    nan  1.054  118.9  3.814  5.860 -158.6 -166.5
A -131.8  157.3  111.1 -178.7    nan    nan  1.034  136.0  3.809  5.636 -160.4 -164.3
W -160.5  164.6  110.9  174.3   59.5    nan  1.055  160.1  3.798  5.495  172.6  173.1
G  107.1 -156.1  112.1  177.5    nan    nan    nan  114.5  3.789    nan    nan   80.6
M  -62.3  126.8  112.5 -171.0 -169.2    nan  1.068   89.6  3.787    nan    nan  -23.2
G  -98.1  -12.4  113.9 -170.7    nan    nan    nan   77.1  3.785    nan    nan -146.8
T  -43.8  -47.2  116.4 -172.9  -40.2 -160.2  1.093  105.3  3.804    nan    nan  134.5
N  -83.3    1.2  114.2 -174.6  -58.3    nan  1.084   97.2  3.800  5.025   45.2   65.3
Y   67.9   33.7  111.5 -178.8  -72.4    nan  1.076   97.2  3.804  5.454 -114.2 -114.6
Q  -82.8  -14.2  113.6  176.4  -66.2    nan  1.079   91.3  3.797  6.047  121.4  131.7
L  -80.0  -20.2  113.9 -174.5  -57.1    nan  1.084   91.4  3.806  5.520   76.4   97.7
G   74.0   18.5  111.9  177.8    nan    nan    nan   98.5  3.804    nan    nan -131.5
T  -80.9  -25.3  109.8  179.8   57.0  -63.6  1.007   90.0  3.804    nan    nan  121.3
G  101.7   -7.3  109.3 -172.3    nan    nan    nan   80.8  3.802    nan    nan -102.2
Q -125.7  168.6  111.8 -178.4  -46.4    nan  1.029  129.2  3.804    nan    nan   53.8
D -110.4   16.9  112.0 -176.6   65.0    nan  1.097   76.6  3.803  5.454 -124.6 -117.0
E  -81.0  147.5  110.0  177.3  -51.3    nan  1.006   92.9  3.808  5.977  110.6  117.7
D  -63.8  149.2  110.9  173.2  -55.1    nan  1.045   77.6  3.817  5.513  -95.9 -102.5
A -118.9  109.8  109.9  174.0    nan    nan  1.027  116.3  3.810  5.674 -151.7 -153.1
W  -81.3   -9.9  112.9 -176.9  -70.3    nan  1.108   94.8  3.818  6.027 -151.8 -150.7
S -128.6  162.3  108.1  172.7  -57.3    nan  0.990  131.9  3.833  5.377   28.3   42.0
P  -64.5  131.4  112.1 -177.3  -32.6    nan  0.970   88.2  3.834  5.254  -75.6  -79.2
V -117.1  129.9  109.2  175.6 -175.9  -53.5  1.010  121.1  3.806  5.930 -170.7 -171.3
E  -69.1  128.1  111.2 -179.8 -173.1    nan  1.044   92.7  3.804  5.796 -114.2 -121.5
M  -77.0  123.7  110.5  178.3  -67.9    nan  1.037   99.2  3.806  5.815 -124.0 -133.4
M -120.8 -157.5  109.9  176.8  -57.5    nan  1.055  111.2  3.811  5.863 -178.9  178.9
G  119.8  173.9  110.2 -178.1    nan    nan    nan  117.6  3.816    nan    nan  141.2
K  -65.6  -40.3  113.9 -176.3 -177.4    nan  1.101   94.4  3.802    nan    nan  -66.1
Q  -77.1  -11.1  114.8 -175.9  -60.0    nan  1.109   98.1  3.807  5.259   55.0   76.1
L -101.9  -12.3  111.3  177.1  -67.7    nan  1.033   73.9  3.811  5.475   55.9   72.5
E  -58.5  127.4  111.0  174.5  -81.5    nan  1.056   85.7  3.796  5.725   96.5  109.6
N   63.1   26.2  112.7  176.1  -48.3    nan  1.065  104.7  3.801  4.773   20.1   -5.5
R -132.3  151.3  110.1  179.0  -74.5    nan  1.049  135.4  3.801  5.524   61.7   76.4
V -107.0  132.1  109.5  178.2  -66.2   56.4  1.068  115.6  3.805  5.693 -136.7 -137.1
V  -80.3  127.9  110.2  179.8 -178.8  -57.0  1.052   99.4  3.809  5.835 -122.0 -130.4
L  -94.5  -31.9  113.0  176.7  -55.7    nan  1.062   74.2  3.807  5.855 -143.7 -150.9
S -162.9  159.7  112.5  179.4   67.9    nan  1.060  159.3  3.797  4.783  -27.0   -9.9
V -138.0  142.6  109.0  170.9   62.1 -174.5  1.025  136.3  3.793  5.548 -162.4 -162.4
S -146.2  146.1  106.9  179.4  177.9    nan  0.976  141.2  3.809  5.682 -178.6  173.0
S -143.3  146.1  111.0 -170.4 -174.2    nan  1.047  141.7  3.825  5.665 -173.6 -172.4
G -117.4 -141.8  110.8 -178.0    nan    nan    nan   99.6  3.797    nan    nan -150.8
G  -68.3  -52.3  110.5 -175.2    nan    nan    nan   88.2  3.809    nan    nan  -15.5
Q -133.9    6.6  114.0 -172.6  -57.2    nan  1.052   49.1  3.797    nan    nan    8.7
H -134.8  169.6  111.9  179.4   76.0    nan  1.098  137.8  3.824  5.275   34.6   56.7
T -142.2  142.7  109.1  179.3  -63.3  176.2  1.008  138.6  3.827  5.491 -147.6 -151.2
V -123.5  128.5  109.6 -176.3 -171.5  -49.3  1.028  124.3  3.812  5.753 -156.8 -160.8
L -115.1  146.5  109.8  178.3  -64.9    nan  0.994  121.6  3.808  5.836 -161.1 -170.6
L -116.5  121.3  107.9  169.2 -175.8    nan  0.991  117.8  3.801  5.681 -154.9 -157.1
V -130.0  165.9  111.0 -174.7  -59.4   62.9  1.016  133.7  3.811  5.873  177.0  172.6
K -137.6  153.7  108.0  179.2 -177.3    nan  0.969  139.0  3.818  5.454 -149.9 -150.9
D  -67.3  138.5  110.3  178.1  -73.8    nan  1.064   85.6  3.818  5.583  -96.3  -94.6
K  -49.4  132.1  109.3 -178.6 -132.2    nan  1.059   75.5  3.803  5.606  -81.0  -94.5
E  -75.6   49.2  114.9 -163.8  -38.0    nan  1.084  118.2  3.790  5.770 -108.2 -114.5
Q -119.5  122.5  109.3  175.5  -37.7    nan  0.986  120.5  3.806  5.874  106.7  106.7
S   63.2    nan  111.1 -173.1   88.2    nan  1.098    nan  3.809  5.000   16.2   -1.8
