Id   phi    psi    tau  omega    chi    chi2  solid    eta  CA-CA  CB-CB  BA^AB  NA^AC
K    nan -172.8  110.1    nan  -52.0    nan  1.015    nan    nan    nan    nan    nan
K   24.7   84.8  113.8  178.7  -60.5    nan  1.090   85.1  3.797  4.563   34.9   31.8
V -104.2  105.7  106.7  173.3  179.2  -58.8  0.996  109.6  3.816  6.127  164.4  151.6
K  -82.2  162.7  112.2 -176.5  -66.6    nan  1.045   88.9  3.782  6.015 -150.3 -155.9
V -123.6  154.9  109.5  176.3  -61.0   62.5  1.095  128.2  3.774  5.525 -146.8 -142.4
S -137.5  174.9  107.2  173.8 -166.7    nan  0.998  138.8  3.798  5.615 -159.3 -166.4
H -166.0  153.8  108.6  176.2 -165.6    nan  1.028  154.8  3.806  5.420 -175.4 -171.1
R  -69.3  -17.0  111.8 -177.0   52.3    nan  1.089  103.6  3.797  5.553  -93.4  -93.0
S  -80.0  -15.4  113.2  178.2   64.7    nan  1.066   93.7  3.812  5.594   72.1   88.8
H  -70.2  143.3  110.5 -176.5  -64.3    nan  1.052   85.7  3.820  5.633   86.7  103.3
S -102.9  138.1  111.0 -178.8  -58.2    nan  1.029  113.5  3.816  5.728 -133.9 -140.5
T -133.9   -6.5  114.5 -174.9   53.7  -67.5  1.076   43.7  3.806  5.744 -172.8 -173.8
E  -83.5  121.0  111.4 -178.2  173.6    nan  1.044  104.6  3.826  5.641   82.3   98.2
P  -64.6  138.5  114.4  179.8   28.8    nan  1.026   85.8  3.807  5.713 -116.4 -127.8
G -154.8 -175.0  113.9 -176.8    nan    nan    nan  152.4  3.791    nan    nan  160.0
L -113.8  151.4  107.9  178.0  -54.6    nan  0.975  119.3  3.805    nan    nan -103.2
V -100.9  131.8  110.1 -177.0  177.5  -60.7  1.036  112.2  3.821  5.689 -129.1 -127.5
L -121.8  142.7  107.8  173.3  -48.9    nan  0.980  125.2  3.794  5.808 -167.6 -176.9
T -127.7  155.2  111.5  176.4   54.6  -66.8  1.053  132.6  3.825  5.765 -169.8 -166.2
L -153.3  165.4  109.7  175.3   66.3    nan  1.045  154.5  3.808  5.542 -179.6  177.9
G  101.9 -150.6  112.5 -175.7    nan    nan    nan  111.3  3.813    nan    nan   79.7
Q  -81.8  145.3  112.7 -178.0  -57.8    nan  1.096   95.8  3.806    nan    nan  -38.7
G -139.2   26.7  114.0 -176.0    nan    nan    nan   56.1  3.797    nan    nan -173.8
D  -61.8  -32.5  113.5 -174.6  -44.3    nan  1.047  102.1  3.811    nan    nan  151.8
V -109.1   18.1  112.5 -177.7  -60.9   61.0  1.075   78.5  3.811  5.049   25.7   49.9
G   92.9    8.6  114.7  173.7    nan    nan    nan   83.6  3.803    nan    nan  -82.7
Q  -71.1  -18.2  114.1 -177.2   64.7    nan  1.115  100.7  3.814    nan    nan  124.8
L  -79.9  -24.3  110.8  176.0  -65.0    nan  1.054   90.9  3.813  5.619   71.9   85.6
G   65.6   31.8  113.1  179.4    nan    nan    nan   99.4  3.806    nan    nan -142.0
L -110.0   17.8  111.9 -177.6  -60.7    nan  1.048   77.4  3.810    nan    nan  107.1
G   89.6  179.9  112.5  177.1    nan    nan    nan   89.5  3.799    nan    nan  -82.1
E  -68.3  -20.5  113.3 -176.2  -61.9    nan  1.060  102.6  3.788    nan    nan  -61.9
N  -87.7  -17.1  114.3 -172.5  -63.5    nan  1.090   85.2  3.801  5.325   62.5   86.4
V -112.0  101.6  111.9 -176.9 -178.6  -56.2  1.047  114.5  3.808  5.250   41.5   61.7
M  -96.4  -11.1  112.9 -175.4  -63.5    nan  1.035   79.4  3.795  6.011 -167.2 -174.2
E -156.6  142.1  109.4 -178.6  177.6    nan  1.024  143.7  3.805  4.903    1.1   17.1
R -142.7  124.8  109.6  172.6  -76.2    nan  0.982  128.3  3.803  5.670  179.5  174.4
K  -88.6  -36.1  102.4 -163.5  -77.2    nan  0.974   83.9  3.805  5.750 -124.5 -142.3
K -125.4  158.6  109.7  175.7  -69.0    nan  1.011  129.7  3.810  5.004    3.0   21.6
P  -57.3  136.7  113.0 -179.3  -32.1    nan  0.979   80.3  3.810  5.203  -71.1  -78.4
A -126.7  145.4  110.4  175.5    nan    nan  1.029  130.6  3.801  5.805 -176.5 -175.8
L  -70.3  131.2  113.2 -179.4  179.4    nan  1.054   93.2  3.805  5.579  -99.9 -106.3
V -101.9  106.8  108.5  172.0 -175.1  -53.3  1.020  110.9  3.812  5.849 -151.1 -159.8
S  -76.3  121.4  112.5 -176.6   48.8    nan  1.073  101.2  3.820  6.055 -146.1 -148.4
I -127.0  142.5  104.8  178.3  -57.0  179.4  0.947  127.0  3.819  5.878 -176.6  166.5
P  -76.8   19.5  114.6 -172.5   31.1    nan  0.971  110.5  3.821  5.656 -106.2 -107.8
E -150.8  162.8  109.2  176.8  -53.8    nan  0.969  151.8  3.808  5.297   30.5   48.0
D  -76.0  150.1  108.8  172.5  -64.4    nan  0.989   86.9  3.822  5.342  -93.8  -96.2
V -115.4  137.2  110.4 -174.7  172.4  -66.0  1.044  121.9  3.826  5.703 -143.8 -142.6
V -103.2  -18.0  113.9  178.6  -64.0   57.9  1.085   70.1  3.812  5.844 -147.0 -145.9
Q -147.4  141.8  109.0  178.6 -170.6    nan  1.017  140.4  3.808  4.987    3.9   20.1
A -143.4  113.6  111.1 -179.5    nan    nan  1.042  121.2  3.809  5.661  179.4  177.3
E -115.6  140.2  111.0 -172.5  -64.1    nan  1.006  122.6  3.803  5.916 -171.9  179.6
A -100.6  120.3  110.1  175.8    nan    nan  1.029  112.6  3.806  5.730 -142.4 -144.4
G  -85.2 -166.4  109.5  169.3    nan    nan    nan   80.8  3.803    nan    nan -155.2
G  -62.6  -50.8  110.0 -175.4    nan    nan    nan   93.2  3.809    nan    nan  -39.7
M -135.6   26.8  110.8 -177.9  -60.1    nan  1.016   58.3  3.809    nan    nan    3.8
H -149.8  170.4  109.4 -180.0   75.1    nan  1.073  151.6  3.802  5.294   41.0   59.4
T -138.4  133.7  110.1 -176.0  -55.7 -175.8  1.038  132.9  3.804  5.479 -141.6 -144.6
V -121.9  129.2  108.8 -178.1 -174.8  -52.4  1.007  123.1  3.807  5.809 -162.6 -169.5
C -122.3  141.2  110.7 -177.4  -62.1    nan  1.041  127.1  3.807  5.828 -170.8 -173.2
L -117.3  123.3  109.6 -179.8  174.5    nan  1.016  120.1  3.791  5.745 -154.1 -156.2
S  -77.1  168.7  110.7 -177.4   68.5    nan  1.030   81.3  3.808  5.894 -128.0 -134.8
K  -66.0  -29.5  112.0  179.7  174.7    nan  1.037  100.7  3.783  5.228  -73.4  -75.5
S  -86.6   -1.8  114.6  179.7   68.6    nan  1.045   92.7  3.807  5.306   53.3   72.9
G   99.7   20.3  113.1  175.4    nan    nan    nan   73.0  3.795    nan    nan  -92.4
Q  -99.3  127.0  112.0  178.6  176.2    nan  1.053  113.1  3.805    nan    nan  104.7
V  -89.3  135.4  111.6  179.5 -178.7  -56.6  1.045  104.5  3.800  5.902 -137.3 -145.8
Y -122.0  148.9  107.4  176.7  -71.4    nan  0.996  125.8  3.810  5.779 -163.5 -172.3
S -145.8  154.2  110.4 -177.8   62.3    nan  1.024  146.1  3.813  5.623 -174.9 -176.1
F -159.7  147.1  109.8  177.3   44.3    nan  1.084  148.4  3.796  5.538  170.6  170.4
G  127.8 -157.8  109.7 -177.6    nan    nan    nan  131.9  3.795    nan    nan   83.6
C  -71.5  126.4  111.1 -173.4 -178.7    nan  1.036   94.9  3.780    nan    nan  -36.0
N -115.2   17.7  112.1 -179.1 -159.5    nan  1.052   72.5  3.808  5.850 -166.5 -170.5
D  -63.4  -32.4  112.6 -178.2  -72.2    nan  1.030  101.2  3.809  6.025  129.4  139.2
E -100.5   -0.3  112.8  177.7  -68.6    nan  1.066   79.4  3.804  5.124   33.1   54.5
G   95.4    9.1  114.2  179.7    nan    nan    nan   80.9  3.806    nan    nan  -92.1
A  -60.0  -25.5  115.1 -175.3    nan    nan  1.098  107.0  3.816    nan    nan  137.2
L  -77.0  -25.5  113.2 -178.9  -58.8    nan  1.098   92.1  3.823  5.478   67.0   86.6
G   65.9   32.0  115.2  178.5    nan    nan    nan   98.0  3.797    nan    nan -144.1
R -155.3  155.4  108.7  177.0   56.2    nan  0.983  151.9  3.798    nan    nan   54.8
D  -71.0  125.7  112.0 -179.5 -177.7    nan  1.051   95.7  3.817  5.541  -95.2  -94.4
T -121.6   46.1  111.3  178.5   53.0  -68.9  1.063   81.9  3.802  5.902 -175.2 -179.6
S  -70.3  -36.0  111.8 -177.7   62.2    nan  1.053   93.9  3.805  6.156  154.3  158.7
V  -63.7  123.0  110.2  172.4  177.6  -59.0  0.987   91.0  3.805  5.504   74.7   81.2
E  -52.7  132.5  109.0  178.8 -172.1    nan  1.029   77.4  3.808  5.777 -104.0 -115.6
G   85.4   -9.2  117.1  178.4    nan    nan    nan   98.7  3.807    nan    nan   22.1
S  -65.3  -19.3  113.2 -178.2   56.7    nan  1.071  106.0  3.822    nan    nan  113.1
E  -83.6   -8.0  113.9  177.6   82.6    nan  1.055   93.1  3.810  5.498   66.0   83.3
M  -88.9   -7.3  113.7 -175.4  -50.9    nan  1.061   88.1  3.816  5.509   73.5   94.1
V -128.9  158.7  107.9  175.8  -63.9   57.6  1.007  132.3  3.812  5.265   29.1   46.4
P  -54.9  140.6  112.9  178.3  -30.6    nan  0.967   76.0  3.807  5.195  -68.4  -76.9
G -144.0  153.3  109.3  176.0    nan    nan    nan  144.0  3.805    nan    nan  170.3
K  -75.6  141.7  114.1 -177.0  -59.4    nan  1.072   92.9  3.799    nan    nan  -99.9
V  -96.5  117.9  107.6  164.1 -176.5  -54.3  1.004  108.6  3.798  5.694 -137.6 -147.7
E  -83.0  120.0  113.3 -174.0  -55.0    nan  1.080  106.2  3.818  5.984 -142.2 -141.0
L -140.2  147.4  107.2  173.7 -120.6    nan  0.966  138.5  3.804  5.740  164.1  149.8
Q  -67.4  -49.3  111.4  176.9 -165.2    nan  1.029   89.7  3.838  5.663  -99.3 -102.7
E  -87.3  159.0  113.6 -173.3  -61.2    nan  1.089   95.7  3.800  4.971   34.1   59.3
K  -72.3  132.3  110.2 -179.8  178.5    nan  0.999   92.2  3.785  5.325  -83.1  -94.8
V  -94.5  138.4  110.5  178.6  175.7  -63.0  1.065  106.9  3.812  5.884 -145.0 -144.5
V -115.4  -11.8  114.4 -176.9  -65.8   56.5  1.097   60.2  3.809  5.801 -153.2 -156.1
Q -160.0  143.0  111.3  174.4 -175.3    nan  1.030  145.6  3.820  4.987   -4.2    9.5
V -124.0  163.7  109.8  177.6  -65.8   56.6  1.041  128.0  3.807  5.773 -162.8 -163.4
S -144.1  157.6  108.1  169.9   58.4    nan  1.017  144.9  3.797  5.517 -166.6 -162.8
A -141.8  138.1  108.8  179.4    nan    nan  1.017  135.9  3.807  5.593 -165.3 -162.6
G -113.5 -156.6  110.8  172.8    nan    nan    nan  103.7  3.784    nan    nan -160.1
D  -62.2  -44.5  111.8 -176.5 -166.6    nan  1.054   95.9  3.789    nan    nan  -27.0
S -139.6   19.0  113.5 -178.7  -62.3    nan  1.044   50.5  3.819  4.792  -13.1    5.9
H -134.3  166.3  110.3 -178.9   80.0    nan  1.076  137.5  3.802  5.373   50.2   69.4
T -144.4  142.4  106.7  177.8  -58.2 -178.7  0.974  138.3  3.795  5.510 -152.4 -158.8
A -128.1  152.2  110.4  174.3    nan    nan  1.033  132.4  3.814  5.707 -171.2 -167.7
A -137.8  136.9  109.1  179.3    nan    nan  1.016  133.8  3.813  5.614 -164.2 -167.0
L -106.4  122.4  109.3  177.2  177.7    nan  1.005  114.8  3.814  5.781 -146.8 -153.3
T  -80.0  170.8  110.1  179.5   61.1  -59.0  0.975   83.3  3.812  5.911 -129.6 -140.0
D  -72.6   -9.9  113.9 -176.7   59.5    nan  1.069  103.2  3.803  5.294  -82.6  -76.1
D -107.4   20.8  111.4  173.3   45.9    nan  1.069   81.1  3.804  5.448   44.1   66.1
G   80.1   20.8  116.7  169.7    nan    nan    nan   90.2  3.788    nan    nan  -95.8
R  -93.5  143.7  110.5  173.0  -80.9    nan  1.021  104.8  3.804    nan    nan  105.7
V -109.5  128.2  109.8 -175.7  179.6  -58.6  1.027  117.2  3.805  5.757 -141.2 -144.7
F -111.8  143.9  109.9  173.4  -71.7    nan  1.045  119.0  3.803  5.834 -165.5 -170.2
L -138.4  140.9  109.4 -173.3 -179.6    nan  0.996  136.0  3.807  5.653 -164.0 -174.2
W -147.8  161.5  111.6  176.2   56.8    nan  1.117  149.9  3.819  5.678  164.2  169.2
G  103.3 -141.6  110.1 -178.0    nan    nan    nan  112.8  3.811    nan    nan   75.2
S -155.4  165.9  111.4  176.5   66.0    nan  1.076  156.7  3.814    nan    nan -107.7
F -113.8  153.0  108.0  174.1  -57.8    nan  0.958  119.2  3.805  5.463 -123.1 -129.2
R -143.4  163.9  110.1  176.7   70.5    nan  1.037  145.9  3.824  5.624 -176.0 -172.1
D -127.3 -179.7   96.7 -160.6   74.1    nan  1.007  127.3  3.792  5.438 -129.8 -137.7
N  -58.7  -36.0  111.3 -178.8  -75.9    nan  1.054  103.7  3.824  5.426  -52.5  -53.3
N  -81.9  -35.1  115.2 -175.1  -75.8    nan  1.120   82.7  3.805  5.230   50.7   75.7
G  168.8 -171.4  111.3 -175.4    nan    nan    nan  168.7  3.814    nan    nan  -42.9
V  -62.8  140.1  110.7 -179.0 -178.1  -55.7  1.032   81.5  3.806    nan    nan  -47.7
I -113.6  -11.5  111.9  178.6   60.5  -65.0  1.097   62.5  3.786  5.791 -155.0 -156.6
G  115.8 -165.6  109.5 -179.7    nan    nan    nan  119.8  3.825    nan    nan  -80.9
L -130.3  -75.7  108.2  179.8 -174.8    nan  0.984   67.1  3.819    nan    nan -107.6
L -107.0  -15.9  110.9  177.0  -70.7    nan  1.072   68.0  3.794  4.747  -18.2    6.7
E -129.7  153.1  106.7  175.8  -65.3    nan  0.945  132.0  3.830  5.280   26.0   37.3
P  -58.3  128.0  112.4 -177.0  -33.4    nan  0.965   86.1  3.813  5.276  -78.8  -83.4
M   74.1   -1.2  110.2  169.1  -56.9    nan  1.061  106.3  3.829  4.826   16.7    0.4
K -107.0  124.1  111.4 -178.1  -58.8    nan  1.042  116.9  3.853  5.517   61.7   81.0
K  -75.6  171.1  107.5  167.8   60.5    nan  0.964   78.4  3.801  5.810 -126.2 -143.6
S -128.8  126.4  109.7  166.1 -174.0    nan  1.049  125.7  3.790  5.504 -154.3 -138.7
M  -79.3  -21.6  109.3  175.9  -55.1    nan  1.001   93.1  3.804  5.828 -125.0 -138.8
V -108.5  148.7  110.4 -175.8  -56.4   66.6  1.092  116.3  3.811  5.155   34.4   59.6
P  -59.7  128.7  110.8  173.6  -31.0    nan  0.944   85.6  3.804  5.276  -79.0  -96.6
V -123.2  138.0  110.2  178.4  179.3  -59.2  1.041  126.8  3.781  5.888  179.8 -179.6
Q  -75.1  129.6  110.2 -177.9 -164.5    nan  1.018   95.3  3.793  5.661 -109.3 -118.7
V  -75.0  133.0  108.5  174.5  170.9  -66.5  0.970   92.7  3.807  5.786 -119.6 -132.6
Q  -78.2  102.0  112.5 -174.1  -59.9    nan  1.075  108.9  3.810  5.823 -124.3 -122.7
L -140.5  154.6  113.3  175.7 -103.4    nan  1.059  143.6  3.817  5.838  143.1  135.2
D -104.5    7.4  114.5 -175.9   67.9    nan  1.091   78.6  3.815  5.599 -128.5 -126.3
V -140.2  140.4  108.0 -174.4   52.8  176.0  1.001  135.9  3.819  5.216   41.5   54.7
P  -60.2  136.8  111.0  179.2  -26.4    nan  0.933   81.4  3.802  5.474  -89.1 -102.7
V  -98.3  140.8  107.7  179.2  173.0  -65.1  1.002  107.6  3.797  5.859 -145.3 -146.2
V -108.0  -15.6  113.6  178.7  -66.4   55.9  1.085   66.5  3.815  5.821 -149.6 -146.9
K -151.0  137.2  110.6  176.8 -176.9    nan  1.045  139.3  3.807  5.007    0.0   17.7
V -114.2  145.4  110.0  167.8  -65.4   56.6  1.028  121.0  3.806  5.795 -160.8 -165.4
A -145.7  144.7  108.6  173.8    nan    nan  1.013  141.1  3.809  5.640  177.5  174.8
S -122.7  142.2  111.7 -176.0  -68.6    nan  1.049  128.2  3.817  5.734 -155.8 -155.3
G  -97.4 -167.3  106.5  165.6    nan    nan    nan   93.6  3.785    nan    nan -146.5
N  -59.7  -40.7  110.7  178.9  -82.0    nan  1.026  100.6  3.833    nan    nan  -41.3
D -142.3   34.6  112.6 -172.7  -69.7    nan  1.099   58.8  3.804  4.624  -13.3   10.3
H -149.4  155.5  108.9  173.3   71.0    nan  1.078  148.4  3.786  5.493   51.4   62.8
L -124.1  132.6  108.5 -179.5  174.6    nan  0.997  124.9  3.791  5.594 -140.6 -149.1
V -119.5  143.5  108.4  174.7  -53.5   69.8  1.039  124.0  3.810  5.869 -171.7 -170.8
M -134.1  116.7  109.6 -173.8  -63.7    nan  1.022  121.9  3.804  5.689 -160.7 -171.1
L  -96.9  119.9  107.9 -178.9 -178.4    nan  0.993  108.9  3.811  5.958 -155.0 -162.3
T  -80.9  164.5  108.8 -177.5   67.2  -52.5  0.991   86.1  3.806  5.967 -134.8 -141.0
A  -59.3  -26.7  113.0  177.4    nan    nan  1.065  107.8  3.794  5.251  -74.2  -75.2
D  -86.7    2.2  115.1  176.9  -68.5    nan  1.078   94.3  3.813  5.379   53.9   73.0
G   88.4   12.1  114.9  176.0    nan    nan    nan   86.5  3.803    nan    nan  -99.8
D  -83.9  143.0  109.0  172.6  -74.0    nan  1.047   96.3  3.808    nan    nan  107.0
L -107.7  113.2  110.0  178.4 -174.2    nan  1.033  114.8  3.803  5.747 -141.7 -146.5
Y -102.8  136.7  108.8  179.0  -76.8    nan  1.012  112.2  3.804  5.972 -165.3 -173.4
T -131.7  149.2  109.0 -176.5   60.5  -60.4  1.011  134.1  3.804  5.786 -170.2 -174.9
L -155.4  157.5  109.9  175.9   64.4    nan  1.052  153.4  3.807  5.563  170.6  170.0
G  121.7 -150.1  111.3  178.6    nan    nan    nan  127.5  3.816    nan    nan   87.8
C  -69.5  133.6  111.3  175.1 -173.7    nan  1.050   90.3  3.793    nan    nan  -31.2
G -122.5   22.4  115.0  175.8    nan    nan    nan   68.9  3.807    nan    nan -172.3
E  -63.3  -31.2  115.3 -173.5 -158.3    nan  1.079  100.8  3.808    nan    nan  147.1
Q -105.4    4.8  113.0  176.7  -55.7    nan  1.070   76.5  3.796  5.163   27.3   50.9
G   92.9   16.1  113.5  177.9    nan    nan    nan   80.9  3.812    nan    nan  -91.0
Q  -75.3  -13.0  114.0 -175.7   61.8    nan  1.095   99.1  3.810    nan    nan  128.6
L  -81.0  -26.1  112.6  173.5  -60.5    nan  1.069   88.5  3.801  5.657   72.5   88.1
G   70.9   22.1  114.2  175.0    nan    nan    nan   99.1  3.811    nan    nan -142.7
R -153.8   13.7  110.7 -172.8   62.2    nan  1.025   33.5  3.811    nan    nan   54.6
V -129.7  128.7  108.5 -179.5  165.8  -71.9  1.001  126.1  3.795  5.395   52.1   67.9
P  -63.2  158.9  109.7  176.4  -29.8    nan  0.933   71.7  3.805  5.610 -105.6 -120.9
E  -58.6  -32.0  111.2  176.1 -171.7    nan  1.019  106.2  3.823  5.439  -82.8  -82.3
L  -50.9  -32.3  113.4  174.4  -57.6    nan  1.025  111.6  3.810  5.514   89.0   98.5
F -106.5   22.6  112.2 -175.4  -58.0    nan  1.070   83.0  3.815  4.934   30.6   53.5
A  -68.5  -39.3  111.7 -178.7    nan    nan  1.050   93.8  3.783  5.988  126.5  137.8
N  -90.7   82.1  114.0 -179.4  171.0    nan  1.073  113.6  3.816  5.201   37.4   61.6
R   90.1   21.0  115.9  171.2  -63.3    nan  1.399   80.9  3.789  4.925  -26.0  -29.9
G   78.9    5.9  109.4 -177.1    nan    nan    nan   99.1  3.785    nan    nan  -84.1
G   49.0 -125.0  106.2 -176.9    nan    nan    nan   78.2  4.032    nan    nan -125.1
R  -90.2   18.7  113.8 -167.7  -79.1    nan  1.088   97.3  3.677    nan    nan  -13.0
Q -145.6   31.6  110.9 -174.5 -160.8    nan  0.992   53.3  3.623  4.985   49.4   60.9
G   63.0  168.7  111.5  174.0    nan    nan    nan   59.4  3.902    nan    nan  -94.9
L  -72.5  -31.8  107.7  176.9 -153.7    nan  0.979   95.9  3.746    nan    nan  -86.7
E  -59.5  -28.2  111.9 -170.8   32.0    nan  1.105  107.2  3.801  5.443   77.4  102.0
R  -66.6  -37.4  111.4  175.2 -158.9    nan  1.051   96.5  3.811  5.576   78.0   88.0
L  -73.4  -33.6  111.8 -179.6  -59.6    nan  1.040   92.3  3.816  5.366   62.0   77.6
L  -92.6  -10.9  114.1 -172.3  -59.2    nan  1.065   83.0  3.791  5.073   47.0   69.0
V  -92.9  145.0  106.5  173.9  170.8  -65.7  0.929  101.8  3.824  5.624   69.4   77.7
P  -68.3  123.6  109.2 -178.4  -22.7    nan  0.912   92.9  3.811  5.507  -96.5 -103.3
K -136.7  148.5  106.9  176.3  -64.2    nan  1.021  136.5  3.795  5.840  157.0  160.6
C  -82.4  141.1  113.6 -172.2  176.6    nan  1.059   98.4  3.778  5.492 -102.6 -112.5
V  -75.0  127.4  106.7  174.9  176.9  -61.7  1.010   93.6  3.856  5.688 -109.0 -122.7
M -123.1  104.0  114.7 -173.6  -64.8    nan  1.063  118.1  3.790  5.836 -170.0 -171.5
L -124.3  150.0  111.9  177.2  -58.7    nan  1.021  129.9  3.790  5.896  162.2  154.3
K   23.2 -140.2  115.2  153.1  -58.7    nan  1.046   53.2  3.747  4.273  -14.7  -34.6
S  166.8   82.3  103.9  176.3   72.5    nan  0.992   79.3  3.788  4.950 -156.0 -139.8
R  -57.2   57.9  110.9 -173.6  161.3    nan  1.066  122.8  3.831  6.183 -150.3 -151.4
G -169.1 -132.5  104.5  177.5    nan    nan    nan  128.9  3.771    nan    nan   62.1
S -140.0   61.0  115.7 -179.5  -68.1    nan  1.096   82.7  3.875    nan    nan  -79.7
R  141.2  115.4  112.8  174.5  -95.0    nan  1.123   96.6  3.920  5.224   18.7    7.3
G  137.6  178.2  108.5 -180.0    nan    nan    nan  137.0  3.846    nan    nan   58.6
H -119.5  138.3  108.0  165.3   82.3    nan  1.092  123.1  3.826    nan    nan -121.7
V  -51.8  135.1  112.2 -174.8  178.2  -60.7  1.100   76.8  3.811  5.694  -80.6  -93.3
R -117.1  158.3  111.0  173.6  -71.7    nan  1.082  122.8  3.805  5.785 -163.0 -168.5
F -122.0  145.3  114.6 -168.9  -57.2    nan  1.092  129.5  3.799  5.569 -134.3 -137.0
Q  -98.0  -14.8  113.0  178.5   57.2    nan  1.082   76.5  3.797  5.653 -131.1 -135.5
D -166.2  165.3  109.4  175.6 -148.8    nan  0.994  163.6  3.823  4.940  -11.8    0.1
A -157.4  151.5  107.4  178.2    nan    nan  0.989  150.0  3.828  5.493 -173.7 -172.4
F -144.5  160.8  107.4 -175.5  -52.4    nan  0.972  145.7  3.792  5.621 -165.4 -173.5
C -127.3  148.4  112.6  177.7  -60.3    nan  1.043  132.6  3.806  5.553 -150.7 -144.1
G -106.8 -172.4  104.8  165.3    nan    nan    nan  104.7  3.775    nan    nan -149.4
A  -59.0  -43.2  112.6 -175.4    nan    nan  1.070   98.6  3.813    nan    nan  -42.9
Y -133.3   28.6  111.8 -174.8  -57.2    nan  1.059   61.8  3.820  4.750   -4.7   16.6
F -157.8  163.1  109.5 -172.1   43.5    nan  1.062  157.3  3.804  5.223   42.6   55.9
T -137.7  141.4  109.7 -174.1  -50.6 -170.7  1.028  136.0  3.798  5.531 -146.8 -151.9
F -116.2  130.9  108.0  170.8  -65.0    nan  0.985  119.9  3.803  5.742 -155.8 -161.4
A -130.2  124.8  109.3 -179.4    nan    nan  1.020  125.2  3.812  5.785 -179.4  179.8
I  -96.0  120.6  110.6 -177.9  -51.2 -171.4  1.059  110.8  3.805  5.928 -149.0 -152.0
S  -71.6  168.2  110.7 -179.1   62.5    nan  1.004   76.1  3.799  5.887 -120.2 -133.5
H  -57.8  -30.0  111.6  173.5  -76.2    nan  1.078  107.8  3.798  5.196  -72.5  -71.9
E  -76.9  -21.9  108.7 -179.3 -141.7    nan  1.054   95.4  3.844  5.470   63.6   80.0
G  107.7    5.5  113.2  178.2    nan    nan    nan   70.2  3.842    nan    nan -101.7
H  -82.7  142.2  110.7  177.5  -57.7    nan  1.048   96.5  3.809    nan    nan  105.9
V  -96.4  117.3  107.6 -177.8  179.3  -58.5  1.012  108.6  3.805  5.749 -127.1 -136.4
Y -102.6  137.2  108.9  177.0  -73.1    nan  1.019  112.0  3.803  5.947 -163.1 -169.5
G -121.6  142.2  110.4  177.5    nan    nan    nan  126.6  3.801    nan    nan -166.4
F -146.9  147.3  109.2  168.6   39.0    nan  1.072  143.3  3.789    nan    nan  168.1
G  125.7 -161.5  111.3 -179.8    nan    nan    nan  130.3  3.801    nan    nan   80.1
L  -66.9  139.6  112.1 -176.3 -176.7    nan  1.026   85.7  3.797    nan    nan  -37.3
S -148.6   40.0  109.1  176.7 -164.2    nan  1.027   57.0  3.805  5.658  168.9  166.2
N  -70.0  -15.7  113.3 -176.1   57.7    nan  1.112  103.3  3.800  6.113  139.4  155.7
Y -124.1   25.6  110.1  172.2  -68.0    nan  1.024   67.5  3.813  5.324   25.7   41.9
H   68.8   23.2  112.7  178.3  -59.3    nan  1.063  101.0  3.816  5.440  -91.5  -93.1
Q  -70.2  -19.6  113.3 -173.4   59.3    nan  1.114  101.2  3.809  5.998  124.5  141.8
L  -80.5  -10.8  111.9  175.4  -96.4    nan  1.050   95.3  3.810  5.603   71.4   83.4
G   83.0   39.7  110.6 -176.9    nan    nan    nan   82.6  3.826    nan    nan -110.4
T -114.0  151.6  110.8  175.2   60.3  -60.2  1.032  120.8  3.801    nan    nan  104.8
P  -65.7  -36.9  113.4  177.2  -24.1    nan  0.962   96.4  3.807  5.309  -85.5  -96.7
G -101.4  177.5  112.5  179.2    nan    nan    nan  102.3  3.817    nan    nan   51.2
T -113.8    3.4  114.7 -172.4   52.9  -68.7  1.096   67.7  3.806    nan    nan -106.5
E  -72.9  153.4  110.4  177.3  -57.0    nan  1.030   83.5  3.831  5.894  105.3  113.3
S  -72.4  146.8  108.5 -177.0  -66.4    nan  1.019   85.0  3.816  5.563  -93.5  -98.2
C -104.7  107.8  111.0 -175.1  -58.8    nan  1.042  114.0  3.806  5.703 -133.7 -135.1
F  -89.5  -32.2  112.8 -176.9  -66.4    nan  1.092   78.5  3.801  6.014 -159.8 -161.9
I -102.1  125.6  107.6  176.2  -54.4 -178.4  0.994  111.3  3.816  5.264   34.6   50.9
P  -49.3  136.2  110.8 -175.4  -33.7    nan  0.950   73.4  3.806  5.600  -90.9 -103.9
Q -114.2  133.5  109.0 -178.7 -162.0    nan  0.972  119.8  3.805  5.800 -157.8 -160.8
N  -69.4  107.3  109.5  165.8 -164.6    nan  1.003  101.2  3.823  5.740 -119.0 -127.9
L  -76.1  108.2  112.5 -175.2  -57.3    nan  1.063  106.1  3.792  6.007 -144.7 -148.1
T  -76.1  -15.1  112.6 -177.6   57.0  -63.5  1.077   97.8  3.798  6.031 -142.5 -149.4
S  -67.2  -13.6  112.7  170.4   60.8    nan  1.080  107.0  3.803  5.707   84.0   96.2
F -112.6   12.9  116.3  178.1  -69.4    nan  1.104   73.6  3.817  5.313   38.2   61.6
K  -74.0  139.4  115.2 -173.8  -66.9    nan  1.123   93.3  3.835  5.881  110.9  129.8
N  -43.5   74.8  110.2 -162.7  175.2    nan  1.038  114.7  3.852  5.467  -60.1  -80.6
S  -51.4  -67.8  107.1  163.6  -47.9    nan  0.969   91.3  3.830  6.122 -152.9 -172.6
T -171.7   -3.4  106.0 -177.0   28.4  -93.7  0.984    8.1  3.803  4.644  -65.2  -52.4
K  -92.2  110.9  111.2  179.2  -33.1    nan  1.006  110.6  3.791  5.541   73.2   89.1
S  -84.8  116.5  106.8  172.2 -177.6    nan  0.988  102.5  3.809  5.974 -152.5 -163.3
W  -80.0  113.0  111.3 -171.3  -62.9    nan  1.065  105.2  3.818  5.939 -139.3 -138.6
V -112.8   -7.7  117.2 -173.4  -54.4   68.3  1.124   63.9  3.777  5.937 -174.5 -177.2
G -158.0  134.3  109.4 -179.5    nan    nan    nan  137.4  3.823    nan    nan   19.3
F -134.1  147.8  108.6  179.6  -73.2    nan  0.986  135.3  3.809    nan    nan  176.9
S -155.6  164.2  105.4  178.6   60.2    nan  0.967  155.0  3.815  5.589  174.0  168.0
G -170.7  142.9  111.0 -180.0    nan    nan    nan  145.3  3.808    nan    nan  172.9
G  -91.4 -154.1  105.7  173.7    nan    nan    nan   84.5  3.784    nan    nan -135.3
Q  -60.7  -49.2  111.9  179.9  -48.6    nan  1.025   94.2  3.799    nan    nan  -26.1
H -125.7   14.4  115.6 -168.8  -53.1    nan  1.073   61.4  3.791  4.527    1.1   23.8
H -144.4  159.8  108.5  178.5   74.8    nan  1.052  145.8  3.795  5.250   35.6   52.8
T -128.8  142.6  108.1  178.4  -67.0  172.3  1.004  130.1  3.788  5.578 -145.2 -149.6
V -128.0  123.5  106.6  170.8  176.8  -61.8  0.995  121.8  3.813  5.780 -169.0 -171.7
C -131.6  173.0  109.8 -177.1   55.5    nan  1.017  133.6  3.804  5.821  175.5  172.6
M -148.4  150.9  109.3 -176.9   66.3    nan  1.025  145.9  3.795  5.445 -155.6 -150.8
D -101.4 -172.5  109.1 -178.1   62.4    nan  1.065   98.9  3.787  5.671 -130.8 -129.7
S  -87.0    4.1  112.6 -178.8   64.4    nan  1.058   94.6  3.788  5.120  -76.8  -71.3
E -113.1   29.9  113.0  178.4  -63.3    nan  1.076   80.7  3.816  5.456   55.4   77.1
G   72.7   25.1  115.1  173.9    nan    nan    nan   95.6  3.810    nan    nan  -91.0
K -117.9  140.0  111.1 -178.9  -78.5    nan  1.042  124.2  3.803    nan    nan   92.0
A -113.2  145.8  109.8  176.2    nan    nan  1.021  120.1  3.794  5.729 -152.4 -157.2
Y -131.8  157.0  108.9 -177.0  -54.3    nan  0.988  135.1  3.804  5.681 -159.4 -167.0
S -131.4  158.6  111.6  175.6   57.4    nan  1.042  135.8  3.796  5.586 -160.0 -154.3
L -155.6  158.2  109.1  172.6   51.7    nan  1.064  153.6  3.778  5.497  176.1  179.3
G  114.6 -152.8  113.1 -177.8    nan    nan    nan  122.2  3.780    nan    nan   81.6
R  -70.3  133.8  112.8 -175.8 -173.2    nan  1.028   91.7  3.791    nan    nan  -28.9
A  -89.0  -22.5  113.6 -175.1    nan    nan  1.081   82.2  3.803  5.775 -131.8 -135.7
E  -52.7  137.0  113.4 -170.9  -63.4    nan  1.115   76.8  3.814  5.585   97.9  118.3
Y   66.5   17.2  115.4 -179.7  -49.2    nan  1.095  105.4  3.795  4.899   38.2    9.1
G   85.8    9.1  115.7  172.0    nan    nan    nan   90.2  3.808    nan    nan  -92.3
R  -67.0  -13.6  115.4 -171.5   72.3    nan  1.098  106.7  3.804    nan    nan  134.6
L  -83.4  -21.5  111.6  176.8  -62.1    nan  1.049   88.5  3.836  5.627   72.7   87.6
G   70.5   27.2  111.8  176.6    nan    nan    nan   97.8  3.812    nan    nan -137.3
L -102.2   11.6  114.8 -177.5  -58.8    nan  1.089   82.9  3.800    nan    nan  111.8
G   98.7  166.7  112.6 -179.1    nan    nan    nan   93.4  3.816    nan    nan  -76.8
E  -60.9  146.6  111.6  179.7  -51.5    nan  1.018   76.7  3.807    nan    nan  -73.8
G   72.2   11.5  113.8  178.8    nan    nan    nan  102.8  3.802    nan    nan   25.6
A  -62.3  145.6  110.0  177.2    nan    nan  1.027   77.7  3.811    nan    nan  130.0
E -119.0  160.7  111.6 -179.0  -58.4    nan  1.066  124.3  3.806  5.693 -152.6 -154.2
E  -48.4  132.6  112.0 -176.4 -164.1    nan  1.051   75.9  3.813  5.227  -57.8  -67.6
K -114.5  141.0  111.4  180.0  -58.1    nan  1.039  122.1  3.798  5.826 -159.0 -164.2
S -114.9    6.1  112.7  177.8   56.7    nan  1.063   67.6  3.810  5.745 -155.2 -155.3
I -135.8  151.3  106.9  174.5   60.6  -62.2  0.987  136.5  3.823  5.428   37.3   50.4
P  -57.5  120.4  109.7 -179.5   24.8    nan  0.953   88.5  3.829  5.326  -78.3  -87.2
T -116.0  122.6  111.0 -172.6  -55.1 -175.0  1.042  120.5  3.801  5.983 -176.1 -173.7
L  -59.0  132.1  112.7 -171.5  180.0    nan  1.052   84.2  3.789  5.795 -104.4 -114.8
I  -95.1   87.1  106.9  174.0  -56.7 -178.4  0.982  106.6  3.799  5.823 -138.5 -151.3
S  -70.0  -25.0  113.1 -165.4   62.3    nan  1.061   98.8  3.799  6.112 -157.3 -152.0
R  -72.7    1.7  115.2 -172.0  -63.4    nan  1.074  108.0  3.806  5.402   76.9   96.7
L  -97.2  150.2  112.2 -178.7  -61.3    nan  1.026  107.1  3.828  5.594   76.5   92.2
P  -61.1  178.2  109.8  162.8  -29.8    nan  0.936   61.7  3.796  5.233  -90.8 -103.2
A  -58.3  136.4  109.7  179.4    nan    nan  1.026   79.5  3.815  5.261  -63.7  -57.1
V -104.1  141.1  114.1 -170.5  177.3  -61.0  1.096  116.0  3.809  5.828 -142.9 -142.4
S -110.6  -33.9  113.5  176.5   63.3    nan  1.076   60.0  3.791  5.725 -148.9 -152.5
S -152.4  159.9  110.4  174.7   60.0    nan  1.038  152.5  3.822  4.918  -20.9   -2.0
V -132.4  159.5  109.5  179.8  -66.2   56.2  1.014  135.9  3.803  5.599 -150.7 -151.7
A -156.3  160.3  108.2  176.3    nan    nan  0.998  154.7  3.800  5.484 -178.3 -178.1
C -127.8  149.5  111.3  173.3  -68.3    nan  1.040  132.4  3.789  5.573 -153.5 -148.1
G -105.7 -171.0  105.3  165.3    nan    nan    nan  103.1  3.790    nan    nan -146.1
A  -54.9  -45.3  111.5 -174.7    nan    nan  1.045  101.0  3.825    nan    nan  -37.7
S -134.7   23.6  112.0 -178.6  -57.5    nan  1.052   57.4  3.809  4.765  -11.3   10.3
V -130.8  157.2  108.6 -176.6  -70.2   51.8  1.037  134.2  3.815  5.519   62.2   78.3
G -133.3  154.3  110.7  176.2    nan    nan    nan  136.8  3.827    nan    nan -156.4
Y -142.7  153.3  109.7 -175.5  -61.3    nan  0.995  143.4  3.817    nan    nan -167.8
A -138.1  130.8  109.6  167.6    nan    nan  1.024  131.0  3.797  5.561 -174.2 -170.5
V  -94.2  129.4  107.8  170.7 -179.9  -58.3  1.009  106.4  3.794  5.834 -142.1 -153.3
T  -90.3  164.3  109.6 -173.0   56.8  -62.7  1.006   95.5  3.801  5.872 -132.9 -137.4
K  -64.5  -28.2  109.9  177.9  -78.4    nan  1.031  103.5  3.811  5.302  -77.3  -80.9
D  -87.0    8.4  115.9  175.2   63.9    nan  1.133   96.7  3.826  5.438   46.4   70.6
G   91.1   24.4  115.6  168.8    nan    nan    nan   78.7  3.809    nan    nan  -97.7
R -105.2  169.4  109.9  175.0  -66.6    nan  1.034  108.6  3.804    nan    nan   99.3
V -135.7  133.7  109.5  177.1   61.5 -174.5  1.053  131.5  3.803  5.545 -151.7 -143.5
F -115.8  144.4  108.7 -178.2  -71.9    nan  1.020  121.5  3.792  5.805 -154.5 -165.1
A -132.4  155.8  108.8 -176.0    nan    nan  1.000  135.5  3.805  5.682 -162.3 -167.5
W -161.1  162.7  109.1  176.6   59.6    nan  1.031  159.2  3.795  5.512  171.5  171.8
G  113.5 -155.1  112.4  178.1    nan    nan    nan  120.5  3.798    nan    nan   84.8
M  -67.0  124.6  111.5 -172.5 -169.2    nan  1.049   93.2  3.801    nan    nan  -27.5
G  -88.7  -11.6  117.4 -175.3    nan    nan    nan   86.0  3.799    nan    nan -141.4
T  -52.0  -41.0  116.5 -165.7  -39.7 -159.7  1.086  103.5  3.791    nan    nan  134.9
N  -85.9    5.9  115.0 -176.7  -54.9    nan  1.072   96.6  3.800  5.086   47.0   66.7
Y   63.1   33.3  113.3 -175.5  -71.9    nan  1.111  100.6  3.806  5.521 -114.9 -112.1
Q  -82.0  -16.1  112.6  179.1  -67.6    nan  1.041   91.6  3.809  6.061  127.9  133.6
L  -76.8  -24.9  112.5 -172.6  -62.5    nan  1.072   92.8  3.818  5.495   78.5  100.0
G   76.7   20.3  111.5  178.1    nan    nan    nan   95.3  3.795    nan    nan -133.3
T  -82.4  -20.9  110.2  173.7   60.7  -59.7  1.020   90.1  3.809    nan    nan  116.9
G   97.2   -8.4  109.5 -174.8    nan    nan    nan   85.7  3.819    nan    nan -103.9
Q -120.1  167.3  111.0 -178.0  -47.7    nan  1.010  123.9  3.807    nan    nan   58.6
D -108.9   19.0  111.7 -177.3   73.9    nan  1.065   78.9  3.797  5.450 -123.3 -117.3
E  -83.1  149.4  110.2  177.3  -51.2    nan  1.013   94.0  3.805  5.939  108.2  117.6
D  -70.5  159.7  108.7  177.4  -60.4    nan  0.986   77.9  3.814  5.549  -94.4 -104.0
A -129.7  112.3  109.6  175.9    nan    nan  1.025  118.8  3.806  5.549 -154.5 -150.4
W  -84.0  -11.9  112.6 -179.7  -67.4    nan  1.063   91.4  3.807  5.988 -149.6 -153.0
S -123.9  149.7  109.1  172.9  -58.8    nan  1.006  128.2  3.828  5.323   28.4   45.7
P  -54.9  134.6  112.6  179.6  -31.1    nan  0.969   79.6  3.819  5.308  -76.7  -87.0
V -125.1  126.4  109.4  178.9 -175.7  -53.4  1.015  124.0  3.808  5.871 -173.4 -175.7
E  -69.1  128.4  109.7 -177.9 -178.1    nan  1.031   91.5  3.800  5.843 -115.3 -124.7
M  -76.4  131.9  108.5  178.3  -68.0    nan  1.000   94.1  3.811  5.775 -119.9 -133.4
M -130.6 -162.6  109.0 -179.1  -63.1    nan  1.050  123.2  3.799  5.767 -179.0  179.1
G  118.8  171.2  111.4  179.6    nan    nan    nan  115.3  3.799    nan    nan  133.3
K  -56.3  -48.3  114.2 -174.2  -65.4    nan  1.058   96.6  3.793    nan    nan  -60.1
Q  -76.0   -8.2  113.5 -173.3  -48.0    nan  1.049  100.6  3.798  5.080   52.1   71.7
L -100.3   -8.9  110.9  175.8  -74.4    nan  1.059   76.7  3.807  5.494   54.4   75.8
E  -63.7  133.1  111.5  176.9  -75.8    nan  1.034   86.4  3.803  5.785   99.3  109.9
N   57.1   41.2  111.1  177.8  -68.0    nan  1.057  102.1  3.806  4.746   19.5   -3.5
R -146.4  152.5  109.9  177.9  -77.4    nan  1.047  145.7  3.789  5.543   65.1   74.5
V -110.2  136.0  106.6  177.4  -70.2   52.4  0.993  115.8  3.799  5.678 -134.5 -139.6
V  -81.4  133.1  111.0  176.3  179.9  -57.7  1.031   99.0  3.818  5.803 -123.4 -127.9
L  -97.8  -35.2  111.2  178.6  -60.2    nan  1.034   71.5  3.817  5.810 -141.4 -148.5
S -158.3  165.7  111.1  176.4   64.6    nan  1.045  159.0  3.804  4.808  -28.4   -9.1
V -141.6  137.4  108.1  173.8   62.3 -174.8  1.012  135.0  3.791  5.512 -158.3 -157.6
S -138.5  154.2  106.4  178.0 -176.2    nan  0.980  139.1  3.824  5.744 -178.3  175.1
S -149.5  145.9  110.6 -175.7 -174.2    nan  1.039  144.5  3.816  5.597 -174.8 -172.3
G -116.5 -139.9  110.0 -176.8    nan    nan    nan   98.3  3.786    nan    nan -149.7
G  -70.7  -51.0  112.3 -177.0    nan    nan    nan   86.0  3.789    nan    nan  -16.0
Q -134.1    6.4  114.8 -176.2  -58.9    nan  1.087   48.8  3.794    nan    nan    8.1
H -136.2  169.4  112.1  177.0   72.8    nan  1.053  139.2  3.805  5.302   36.3   54.0
T -140.1  139.9  109.7 -179.2  -62.0  177.7  1.031  136.5  3.797  5.457 -148.8 -149.0
V -121.0  122.9  110.6 -175.4 -171.9  -49.2  1.021  122.2  3.802  5.758 -153.4 -161.2
L -108.0  151.5  110.5  178.3  -66.2    nan  1.008  115.5  3.823  5.898 -162.7 -167.6
L -116.6  125.5  107.8  168.2 -173.8    nan  1.004  118.8  3.805  5.659 -152.7 -150.6
V -130.7  164.0  111.3 -173.4  -61.4   61.6  1.056  134.7  3.816  5.858  178.7  177.5
K -135.6  143.1  107.1  176.8 -174.1    nan  0.961  134.1  3.815  5.495 -148.8 -151.4
D  -57.3  129.6  108.0  178.7  -75.9    nan  0.993   81.7  3.818  5.620  -89.2  -96.7
K  -70.8   55.2  117.9 -169.6 -169.2    nan  1.116  123.4  3.808  5.799 -115.5 -114.1
E   11.0  124.6  119.6  178.8  -63.5    nan  1.156   50.6  3.800  5.844 -112.2 -122.7
Q -137.8   93.6  110.6  173.6  -79.0    nan  1.061  106.4  3.355  5.397  176.4  145.3
S   -2.8    nan  113.5 -175.9  -64.4    nan  1.084    nan  3.796  5.702  -74.7  -94.0
