Id   phi    psi    tau  omega    chi    chi2  solid    eta  CA-CA  CB-CB  BA^AB  NA^AC
D    nan  -38.4  104.7    nan -153.9    nan  0.968    nan    nan    nan    nan    nan
I  -81.9  105.2  105.8  179.7  -52.4 -174.2  0.994  102.9  3.757  5.222   48.2   64.9
E  -82.2  133.6  109.8  179.0  172.3    nan  1.019   98.6  3.803  6.074 -152.0 -159.2
L -104.5  116.1  106.3  177.0  -81.4    nan  0.992  110.8  3.785  5.789 -148.8 -155.7
T -101.4   92.6  111.4 -179.0  -49.0 -169.2  1.042  111.5  3.795  5.951 -163.5 -165.3
Q  -76.1   91.7  108.5  179.9 -169.5    nan  0.978  107.5  3.820  6.067 -154.5 -168.1
T  -64.4  145.6  114.0 -179.1  -89.8  146.3  1.115   81.4  3.794  6.108 -155.5 -154.3
T   75.6   87.3  111.1 -179.4  -58.0 -179.6  1.063   70.4  3.826  4.921   56.2   28.1
S  -51.2  -47.2  115.2 -179.3   45.8    nan  1.064  100.5  3.811  6.019 -134.1 -147.5
S -130.0  157.4  110.4 -179.5   32.5    nan  1.046  134.1  3.800  4.731   -8.8   13.2
L -137.2  147.3  112.9 -178.1 -117.1    nan  1.034  139.5  3.808  5.570 -156.0 -158.5
S -132.2  128.5  109.2  179.3  -59.1    nan  1.019  127.5  3.799  5.658 -165.0 -167.0
A -159.5  152.9  110.2  179.5    nan    nan  1.043  152.7  3.794  5.615  150.4  144.2
S  -83.7  156.1  109.3 -178.9  -46.6    nan  0.995   91.8  3.788  5.514 -103.3 -111.2
L  -61.8  135.6  109.6  178.7  -90.1    nan  1.055   82.5  3.784  5.452  -84.9  -87.1
G  103.2  -19.0  112.1 -178.3    nan    nan    nan   84.5  3.798    nan    nan   45.5
D  -65.8  163.5  115.4 -179.9  -68.2    nan  1.071   73.6  3.824    nan    nan  101.8
R -105.7  125.3  102.1  176.2  151.1    nan  0.918  108.7  3.813  5.403 -115.1 -126.4
V -126.4  147.9  111.3  179.6 -115.9    7.1  1.055  131.1  3.811  5.880  175.0  179.9
T -133.9  117.4  111.8 -179.1  -62.4  176.2  1.031  123.8  3.770  5.582 -160.8 -167.5
I -104.0  135.7  108.0  177.9  146.7   18.0  1.085  112.4  3.804  5.969 -170.2 -172.5
S -108.5  136.1  116.4 -177.2  -60.2    nan  1.074  121.4  3.839  5.882 -143.8 -150.7
C -129.2  104.6  108.0  179.8  177.6    nan  0.994  113.0  3.787  5.695 -168.0 -179.2
R -106.5  121.4  109.5  179.9  -32.8    nan  1.034  114.9  3.780  6.003  177.0  177.8
A  -80.7  165.2  112.0  179.8    nan    nan  1.059   86.5  3.768  5.813 -134.4 -142.6
S  -76.9  -28.5  113.5  179.7   50.9    nan  1.022   90.8  3.778  5.249  -84.6  -90.5
Q -137.3  151.4  109.5 -177.2  -52.4    nan  0.977  138.9  3.801  4.767    6.5   23.4
D  -55.1   97.8  108.8  179.6 -175.4    nan  1.006  100.6  3.804  5.450  -79.0  -86.0
I  -77.8   -1.2  114.3 -179.4   51.7  -70.3  1.095  101.7  3.834  6.081 -159.0 -161.6
S   56.6   54.2  118.2  175.8 -175.4    nan  1.127   90.1  3.803  5.545 -134.3 -133.0
N   64.1    1.4  116.6  179.2  -66.5    nan  1.127  115.2  3.840  5.395  -58.1  -74.3
Y  -86.1   57.0  109.4  178.5  -77.1    nan  0.995  108.4  3.796  5.716   91.7   99.0
L -115.8  147.2  109.3 -179.4  173.8    nan  1.007  121.8  3.805  5.852  114.3  123.4
N -130.1  164.9  113.0 -179.8  -60.4    nan  1.038  134.4  3.803  5.660 -162.4 -162.1
W -133.8  129.7  111.1  179.2  -71.4    nan  1.036  129.9  3.783  5.437 -149.4 -147.9
Y -123.5  139.1  110.8 -179.8  -60.6    nan  1.030  127.7  3.799  5.780 -169.9 -177.4
Q -108.1  116.8  107.6  178.1  176.8    nan  0.986  113.4  3.835  5.800 -143.7 -154.1
Q -105.1   99.6  110.1  178.3  177.3    nan  1.038  111.8  3.818  5.957 -168.4 -171.1
N  -56.7  157.6  111.3 -178.5  -25.4    nan  1.042   66.9  3.837  6.035 -127.4 -140.3
P  -54.4  -22.8  113.2 -179.9  -34.6    nan  0.992  114.4  3.835  5.165  -68.5  -77.7
D  -95.6   40.1  110.6  178.1   54.8    nan  1.054   98.6  3.793  5.280   39.5   68.0
G   67.4  -29.3  120.9  178.4    nan    nan    nan  124.5  3.821    nan    nan  -83.7
T  -54.9  125.7  115.3 -179.2  -55.9 -174.9  1.095   87.1  3.832    nan    nan  104.8
V -105.0  136.6  111.4  179.2 -178.4  -57.5  1.009  115.4  3.839  5.917 -149.4 -165.0
K -130.3  147.0  110.4  176.2   37.3    nan  1.056  133.4  3.799  5.710 -177.9 -177.6
L  -82.0  118.3  107.1  178.0  166.7    nan  0.996  101.0  3.817  5.613 -107.3 -119.0
L  -89.6  -68.5  111.6  179.7  -91.3    nan  1.037   70.2  3.796  5.917 -147.1 -153.6
I -124.6  126.3  109.2 -178.8  -64.3  173.0  0.996  123.7  3.791  4.624  -19.2   -1.1
Y -114.2  132.8  107.9  178.5   67.1    nan  1.003  118.9  3.809  5.896 -166.3 -171.7
Y   68.4   61.1  112.9 -178.6 -159.5    nan  1.075   82.0  3.793  4.794   31.7    9.8
T   62.7  -63.4  119.5  178.4  -67.0  172.9  1.175  126.6  3.842  5.406  -55.8  -68.9
S -119.9   -8.2  116.9 -177.9   67.8    nan  1.097   56.7  3.812  4.740   -7.4   14.5
N  -70.6  130.2  113.1  179.6  -94.0    nan  1.058   93.9  3.801  5.690   93.9  107.2
L  -89.8  139.4  110.9  179.4 -125.9    nan  1.053  103.3  3.812  5.808 -136.4 -143.7
H  -81.0  171.9  111.6 -179.8 -176.6    nan  1.029   84.1  3.832  5.718 -114.9 -123.7
S  -58.0  131.4  112.8  178.6   46.0    nan  1.048   84.0  3.813  5.166  -62.7  -64.6
E   65.2   11.9  115.7  180.0  -58.3    nan  1.102  109.2  3.829  4.840   26.2    1.9
V  -77.0  128.1  111.4 -179.1  174.7  -63.5  1.100   98.1  3.805  5.890  103.9  120.1
P  -51.2  117.1  110.4 -179.8  -25.4    nan  0.939   87.5  3.866  5.533  -83.8 -110.1
S  -49.0  -19.2  114.7 -179.2   43.3    nan  1.064  121.1  3.796  5.838 -111.2 -117.1
R  -77.9    7.6  110.8 -179.9   52.6    nan  1.044  104.7  3.797  5.485   71.8   89.8
F -104.9  103.5  108.3  179.4  -87.3    nan  0.994  110.8  3.778  5.599   71.3   87.1
S  -95.8  149.9  108.1  178.8  -50.8    nan  0.986  104.0  3.774  6.011 -168.6 -175.4
G -138.0  127.3  110.2  177.6    nan    nan    nan  129.3  3.786    nan    nan -169.3
S -149.5  178.0  113.1  179.8   71.4    nan  1.067  150.2  3.831    nan    nan  155.1
G  137.8 -178.9  112.5 -179.6    nan    nan    nan  138.2  3.782    nan    nan  129.5
S -171.8  162.6  109.8 -178.8  160.3    nan  0.986  163.5  3.798    nan    nan -169.0
G   56.0  -98.3  114.7  179.1    nan    nan    nan  105.2  3.785    nan    nan   29.7
T -121.5  -22.1  112.8 -178.6   18.8 -100.8  1.058   52.5  3.766    nan    nan  -22.4
D -102.1  122.2  111.6 -178.6  -65.7    nan  1.068  114.6  3.801  5.225   41.7   65.0
Y -128.2  167.6  111.0 -179.4  -58.5    nan  1.030  131.7  3.828  5.863  179.9  170.4
S -150.3  140.0  116.6 -178.1   59.3    nan  1.093  143.9  3.821  5.470 -164.3 -158.9
L -105.6  131.2  103.2  178.8 -151.8    nan  0.949  110.0  3.786  5.739 -138.9 -151.3
T -129.4  116.9  112.8  180.0  -72.3  166.7  1.102  123.7  3.760  5.757  176.4 -176.7
I  -99.9  110.6  104.1  178.9  -38.3 -159.4  0.976  106.6  3.783  5.986 -153.3 -169.2
S  -58.7  -59.9  115.0 -178.7  -64.0    nan  1.099   87.1  3.794  5.939 -123.3 -129.0
N -118.6  105.5  109.1 -179.4  -57.0    nan  1.011  113.9  3.816  4.810   -4.5   13.8
L  -61.0  147.4  111.2 -178.2 -150.5    nan  1.024   76.2  3.774  5.898 -127.4 -138.3
E -144.4  161.2  106.7  177.8  -66.8    nan  1.012  145.4  3.800  5.626 -178.0  178.9
Q  -54.6  -44.1  112.6 -179.6  -82.8    nan  1.100  101.4  3.820  5.460  -71.7  -71.9
E  -53.2  -19.9  111.3  179.0  -57.7    nan  1.032  117.6  3.816  5.456   80.9   89.1
D  -84.6    8.5  114.2  179.8  -53.6    nan  1.104   98.8  3.789  5.362   60.5   82.8
I  -90.8   94.7  109.1  178.5  -56.2 -179.8  1.029  109.1  3.788  5.835   88.8  101.4
A -158.3 -169.1  107.8 -178.1    nan    nan  0.968  153.0  3.787  5.612  124.6  112.9
T -108.0  148.2  105.2  178.2  -52.5 -171.6  1.008  113.2  3.734  5.172 -104.5  -90.7
Y -121.3  127.2  112.3 -179.0  -69.8    nan  1.066  124.9  3.771  5.645 -152.6 -151.2
F -115.1  145.4  108.7  179.1  -64.1    nan  0.986  120.9  3.783  5.879 -161.3 -171.3
C -111.0  156.1  101.2  177.1   60.7    nan  0.941  113.6  3.778  5.647 -143.7 -150.9
Q -159.8  140.5  108.8 -177.6  172.4    nan  0.984  142.7  3.795  5.524  179.6  176.9
Q -107.5  147.9  114.2 -179.0   67.1    nan  1.112  117.5  3.792  5.799 -152.5 -145.3
D -128.4   27.5  110.6  178.1   44.3    nan  1.117   65.0  3.764  5.623 -162.3 -163.6
F  -70.5  -38.9  108.0  178.1  163.1    nan  1.022   94.4  3.792  6.136  133.6  137.5
T -152.6  151.6  112.9  179.1 -162.2   77.5  1.080  150.0  3.791  4.798  -26.1   -4.7
L  -76.3  142.6  106.8  178.7  -94.4    nan  0.999   89.0  3.798  5.536  -98.1 -107.2
P  -81.6  142.4  114.6    0.7   38.6    nan  0.965   97.8  3.021  4.946   64.4   41.4
F  -60.9  132.5  106.2  177.7  -62.7    nan  0.973   81.4  3.784  5.612  -96.4 -105.8
T -122.9  140.5  109.9 -178.7   48.4  -70.1  1.038  126.9  3.760  5.770 -170.4 -170.9
F -103.5  163.1  110.6  179.3  -67.6    nan  1.045  108.9  3.800  5.789 -141.2 -144.9
G  -96.1  160.5  108.1  179.0    nan    nan    nan  101.7  3.784    nan    nan -112.4
G  -53.1  -17.6  115.6 -178.9    nan    nan    nan  117.9  3.797    nan    nan  -71.4
G   80.1  162.3  109.6 -178.8    nan    nan    nan   74.7  3.769    nan    nan -120.0
T -149.6  123.2  108.9 -179.0  -74.0  164.0  1.017  127.6  3.767    nan    nan -167.2
A  -91.0  125.8  109.2  179.9    nan    nan  1.006  106.1  3.789  5.876 -141.7 -151.7
A -129.1    nan  106.9  179.2    nan    nan  1.000    nan  3.810  5.851  178.6  172.5
