Id   phi    psi    tau  omega    chi    chi2  solid    eta  CA-CA  CB-CB  BA^AB  NA^AC
Q    nan  179.7  110.5    nan   72.0    nan  1.033    nan    nan    nan    nan    nan
V  -85.3  146.0  107.0  179.3  176.2  -63.2  1.003   95.5  3.822  5.261  -84.0  -81.7
Q -148.2  144.9  113.1 -179.4  -63.7    nan  1.045  144.5  3.817  5.658 -179.8  176.7
L -125.6   88.3  113.7  179.8  -73.1    nan  1.109  108.1  3.809  5.685 -164.9 -160.9
Q  -79.4   99.0  113.7 -179.3  -67.5    nan  1.098  111.2  3.817  6.157 -166.3 -173.5
Q  -83.4  173.8  108.7  179.6  -59.6    nan  1.007   85.5  3.775  6.014 -153.8 -170.4
S  -85.2 -173.8  112.0 -179.5   67.7    nan  1.092   82.9  3.797  5.394  -95.5  -86.2
G  -93.3  169.8  110.7 -179.7    nan    nan    nan   96.9  3.778    nan    nan  -79.6
A  -54.2  161.3  115.4 -179.2    nan    nan  1.091   63.7  3.802    nan    nan  -62.2
E -136.5  138.6  108.6 -179.6  -49.0    nan  0.993  133.6  3.794  5.509 -149.7 -155.6
L -123.1  134.3  101.9  178.9  -36.2    nan  0.912  120.3  3.814  5.749 -158.6 -169.4
V -171.5  162.6  114.6 -178.3   60.9 -174.3  1.096  164.2  3.816  5.526  139.1  140.4
K  -91.4  168.3  110.8 -178.4  -75.2    nan  1.007   95.5  3.822  5.397 -100.1 -108.3
P  -58.0  168.2  112.6  179.6  -35.9    nan  0.962   63.1  3.827  5.016  -63.0  -69.0
G   65.2  -14.6  117.9  179.4    nan    nan    nan  120.9  3.812    nan    nan   44.0
A  -71.3 -158.6  113.4 -179.5    nan    nan  1.077   64.1  3.823    nan    nan  101.4
S -164.5  102.3  114.0 -179.5  -73.6    nan  1.065  108.2  3.832  5.183 -143.2 -134.8
V  -86.7  154.5  108.7  178.3   46.3  167.1  1.006   94.9  3.834  6.069 -157.3 -170.4
R -136.2   99.5  112.9 -178.8 -160.5    nan  1.053  112.7  3.814  5.550 -161.6 -160.1
M  -72.1  161.8  119.6 -179.4  -71.3    nan  1.089   81.7  3.858  6.079 -146.1 -154.7
S -128.9  154.9  108.3  177.5   85.3    nan  1.020  132.2  3.796  5.457 -148.5 -148.6
C -147.2  105.1  103.3  179.6 -177.8    nan  0.956  109.8  3.825  5.615 -167.3 -175.5
K  -94.4  120.4  112.8 -178.6 -177.5    nan  1.086  111.8  3.779  6.031 -171.4 -167.4
A  -80.8  154.1  111.1 -179.0    nan    nan  1.029   90.6  3.787  5.825 -129.3 -145.8
S -175.7  142.8  110.9  179.6   41.1    nan  1.065  144.1  3.796  5.431  159.3  152.2
G   93.3    8.3  112.7 -180.0    nan    nan    nan   83.6  3.795    nan    nan   42.3
Y -169.4  167.9  113.1  179.9   75.3    nan  1.058  167.4  3.817    nan    nan   19.9
T  -78.3   96.1  109.3  179.4  -58.2 -178.7  1.038  107.4  3.814  5.346  -88.0  -89.6
F  -43.5  -37.9  112.6 -179.7 -176.9    nan  1.016  114.2  3.820  5.951 -114.5 -132.3
T  -67.5  -23.1  116.9 -178.9  -97.8  138.7  1.122  100.9  3.798  5.159   60.6   84.1
N  -95.4   16.7  117.7 -178.9  -64.1    nan  1.125   92.4  3.800  5.310   48.0   73.3
Y -141.7  148.0  117.7 -176.9  -67.3    nan  1.109  144.9  3.828  5.286   45.8   62.8
N  -77.3  121.6  107.9  178.5  -81.8    nan  0.968   98.1  3.782  5.440  -97.6 -115.8
M  -97.0  114.6  105.9  178.7 -173.6    nan  0.952  107.4  3.799  5.909 -151.6 -159.1
Y  -97.9  164.7  109.1  179.4  -52.4    nan  0.983  102.6  3.804  5.968 -160.3 -164.8
W -139.8  118.0  109.2  178.5  -69.1    nan  1.043  123.1  3.805  5.515 -160.0 -153.7
V -107.4  157.5  111.5 -178.1 -172.3  -50.9  1.026  114.2  3.804  5.964 -161.3 -170.6
K -127.1   98.2  109.8  179.2  163.8    nan  1.003  110.7  3.787  5.528 -147.2 -150.3
Q  -85.6  107.3  107.2  177.5  173.9    nan  1.006  105.0  3.785  6.050 -166.0 -171.9
S -108.0  127.0  111.6 -179.6  138.4    nan  1.014  117.7  3.805  5.979 -175.3  178.2
P  -65.7   99.2  106.1  179.0   21.9    nan  0.914  100.6  3.798  5.667 -110.5 -123.9
G  128.5  -28.3  111.4 -178.4    nan    nan    nan   65.6  3.798    nan    nan   36.1
Q -119.7    7.5  112.1  177.8  -87.2    nan  1.087   63.4  3.819    nan    nan   39.3
G   52.4 -167.3  113.3  179.4    nan    nan    nan   58.2  3.794    nan    nan -125.0
L  -72.3  115.1  112.1  179.6  -73.4    nan  1.059  101.3  3.798    nan    nan  -51.4
E -116.6  142.7  107.0  178.6  -63.2    nan  0.980  121.0  3.836  5.968 -174.2  172.6
W  -95.0  128.2  109.8 -179.9  176.2    nan  1.041  108.6  3.791  5.667 -132.9 -132.7
I  -91.9  -50.9  113.5 -178.3  -60.7 -180.0  1.070   70.7  3.812  5.933 -139.0 -144.4
G  178.5  178.3  114.5 -179.0    nan    nan    nan  177.3  3.771    nan    nan  -47.9
I -124.5  145.5  111.6 -179.5 -171.3   61.8  1.044  129.7  3.783    nan    nan -120.9
F -135.7  128.4  103.9  176.9  177.4    nan  0.966  125.2  3.784  5.667 -168.0 -175.0
Y -114.9  110.1  112.3 -179.9  173.9    nan  1.086  117.9  3.806  5.870 -169.8 -165.6
P  -48.5  -40.0  115.7  179.9  -38.5    nan  1.003  107.4  3.873  5.723 -103.4 -125.8
G  -51.8  -45.2  115.4 -179.4    nan    nan    nan  101.3  3.785    nan    nan   97.2
N -138.0   12.6  114.5 -178.2   69.3    nan  1.089   48.3  3.806    nan    nan    8.6
G   68.4   18.3  114.8  177.8    nan    nan    nan  103.1  3.814    nan    nan -107.8
D  -66.7  146.3  109.5  179.3 -163.3    nan  0.999   80.8  3.762    nan    nan  133.9
T -143.5  159.5  112.8  177.0   45.6  -77.6  1.063  146.4  3.830  5.709  179.3 -179.1
S -159.7  139.0  106.1  178.9  -57.0    nan  0.975  140.5  3.817  5.462 -174.2  175.5
Y -125.3  142.1  111.9  180.0  -56.1    nan  1.000  130.0  3.817  5.786 -162.9 -165.8
N  -54.7  124.8   97.6  174.2  172.3    nan  0.860   76.0  3.788  5.363  -82.1 -102.9
Q  -41.3  -42.2  112.0 -179.0 -177.6    nan  1.039  113.0  3.808  5.750  -93.5  -97.0
K  -50.9  -47.9  113.5 -179.4  175.9    nan  1.067  101.2  3.827  5.373   80.1   94.4
F  -92.2   11.5  115.5 -179.1  -62.2    nan  1.076   92.8  3.807  5.017   31.0   52.1
K  -51.2  -46.7  117.9 -178.1 -178.8    nan  1.119   99.4  3.798  5.949  133.1  145.6
D  -84.7  -21.9  115.6 -177.9  -62.5    nan  1.146   85.7  3.793  5.032   37.3   62.6
K  -83.6  -56.6  111.9 -179.9  164.8    nan  1.046   75.7  3.808  5.479   66.5   82.1
A  -85.3  152.2  116.5 -177.1    nan    nan  1.135   97.8  3.795  4.951   24.0   52.6
T -146.4  109.9  107.2  178.2  -65.9  175.1  1.003  115.9  3.800  5.584 -167.2 -179.7
L  -91.2  138.1  112.5 -178.7  -74.2    nan  1.043  105.7  3.816  5.969 -155.6 -162.9
T -149.7 -176.4  106.1  179.3   52.6  -68.5  0.994  148.5  3.817  5.755  173.9  161.2
A -170.0  162.1  112.0  180.0    nan    nan  1.057  163.1  3.804  5.273 -168.3 -164.0
D -124.0  101.4  106.7 -179.9 -168.1    nan  0.996  110.1  3.759  5.458 -139.7 -141.5
K  -63.3  -28.2  109.9 -179.0  -73.0    nan  1.045  104.7  3.781  6.039 -136.5 -144.3
S  -59.8  -60.4  109.6  179.6  -11.8    nan  1.009   89.8  3.746  5.467   86.2   97.1
S  -85.0    1.5  114.5 -178.4   55.3    nan  1.095   95.7  3.805  4.903   22.5   46.9
N   62.4   41.9  109.5  179.2  -76.9    nan  1.016   98.4  3.815  5.485 -116.0 -120.6
T -129.8  131.5  115.5 -177.9   64.5  -55.1  1.092  132.2  3.776  5.614   81.2   98.5
A  -92.8  145.6  105.9  177.8    nan    nan  0.967  101.2  3.776  5.707 -132.7 -149.3
Y -124.3  159.8  110.1  179.2  -66.9    nan  1.010  128.8  3.858  5.804 -157.8 -159.0
M -141.0  137.5  107.3  179.4 -129.3    nan  0.984  134.4  3.787  5.463 -159.6 -161.8
Q -138.6  113.5  113.1  179.7 -177.6    nan  1.093  122.5  3.788  5.708  174.0  179.4
L  -92.7  136.6  106.6 -179.4  -54.3    nan  0.987  103.3  3.779  5.880 -147.2 -166.5
S -119.2  141.7  114.9 -177.4   58.9    nan  1.073  127.6  3.801  5.794 -161.8 -160.4
S   64.0   54.1  109.3  179.9  -46.2    nan  1.018   90.9  3.814  4.783   39.7   12.6
L  -46.7  155.9  114.6 -179.1 -104.4    nan  1.042   59.8  3.798  6.137 -170.3 -172.2
T -154.9  165.4  104.7  176.8   76.4  -47.8  0.976  154.6  3.798  5.572 -177.7  176.0
S  -59.2  -24.4  111.5  178.9   31.6    nan  1.042  109.7  3.811  5.228  -70.8  -72.9
E  -75.3   -5.6  112.2 -179.2  -65.7    nan  1.049  102.5  3.819  5.432   68.7   87.6
D -110.9   19.0  106.8  179.3  -43.4    nan  1.002   75.5  3.788  5.424   50.1   68.4
S  -88.3  127.4  105.0  178.1  -58.5    nan  0.990  100.8  3.742  5.836   98.9  113.0
A  179.2 -176.0  111.4  179.2    nan    nan  1.050  176.3  3.824  5.513  129.4  119.8
V -101.8  102.6  109.7  179.0 -177.1  -53.5  0.985  111.5  3.816  5.211  -94.1  -91.8
Y  -82.3  119.0  114.4 -179.3  -66.6    nan  1.107  107.1  3.813  5.983 -163.0 -160.5
Y -104.5  155.2  113.1 -179.1  -67.5    nan  1.020  112.7  3.821  5.931 -154.0 -169.4
C -125.4  133.0  106.3  176.2   55.8    nan  1.044  124.2  3.785  5.587 -157.2 -152.5
A -126.5  160.5  112.2 -179.3    nan    nan  1.059  131.4  3.799  5.811 -169.8 -173.0
R -105.7  153.9  108.0  179.2 -170.9    nan  1.005  111.9  3.777  5.473 -121.6 -125.9
S  -78.2  139.8  113.4  179.8  173.3    nan  1.066   95.4  3.807  5.545 -102.5 -103.9
G  -67.0  -39.2  108.3  178.7    nan    nan    nan   96.9  3.773    nan    nan -113.3
G -102.6   38.7  117.2  179.9    nan    nan    nan   96.2  3.784    nan    nan   48.5
S   50.9 -113.6  112.0  178.7   57.0    nan  1.082   90.8  3.837    nan    nan  -99.1
Y  -71.7  -19.6  114.1 -179.1   76.7    nan  1.116   99.5  3.801  4.730  -10.0   10.1
R  -80.5  167.2  111.0 -178.4  -44.7    nan  1.032   85.3  3.829  5.597   74.1   88.1
Y  -97.9   34.4  115.5 -179.9  -75.0    nan  1.096   97.3  3.795  5.434 -113.2 -105.6
D -141.1  179.5  111.6 -179.4   65.4    nan  1.069  141.3  3.780  5.390   64.0   76.7
G   92.2    9.8  115.8  179.2    nan    nan    nan   83.5  3.793    nan    nan   83.6
G   69.7  177.5  111.9 -180.0    nan    nan    nan   68.8  3.813    nan    nan -106.1
F  -95.6   91.6  103.0  178.5  -55.7    nan  0.924  103.1  3.822    nan    nan  -96.0
D  -64.4  -26.1  118.1 -176.4   59.2    nan  1.164  101.6  3.819  6.129 -159.5 -148.5
Y -139.9  135.7  108.9  178.4  -66.5    nan  1.035  133.9  3.798  4.978    4.6   20.7
W -120.4  175.9  110.9  179.0  -58.5    nan  1.023  121.8  3.828  5.857 -160.4 -166.9
G -109.1  165.8  105.6  176.5    nan    nan    nan  112.3  3.803    nan    nan -110.9
Q  -73.4    7.7  115.1 -179.4 -126.9    nan  1.115  109.7  3.834    nan    nan  -83.7
G   88.7  169.8  112.5  179.6    nan    nan    nan   84.8  3.802    nan    nan  -91.1
T -155.1   94.4  106.6  179.2  -62.3  178.4  0.995  100.9  3.810    nan    nan -165.8
T  -65.4  125.0  114.8 -178.7  -15.2 -135.1  1.085   94.2  3.793  6.055 -146.3 -152.0
V -112.0  135.5  102.7  177.8  178.5  -59.4  0.969  114.2  3.820  5.975 -160.3 -175.3
T -128.2  115.2  111.9 -178.4  -16.9 -136.7  1.037  121.9  3.786  5.785 -169.3 -171.5
V -120.3    nan  108.2  179.1  179.4  -59.2  1.023    nan  3.789  5.933  176.9  170.5
