Id   phi    psi    tau  omega    chi    chi2  solid    eta  CA-CA  CB-CB  BA^AB  NA^AC
R    nan   98.3  110.9    nan  148.3    nan  1.046    nan    nan    nan    nan    nan
C  -71.5  114.9  113.7 -178.8  -51.8    nan  1.053  102.2  3.805  6.025 -145.6 -156.0
P  -59.7  -33.8  111.1  179.6   24.6    nan  0.967  104.3  3.838  5.774 -114.8 -130.7
C  -94.4  110.1  111.0  178.9  -66.4    nan  1.018  111.3  3.803  5.156   34.2   59.2
R -118.1  -13.4  107.2  177.7  -72.1    nan  0.986   58.8  3.828  5.954  174.8  166.8
F -132.6  147.1  110.1 -179.4  -64.6    nan  1.017  134.8  3.790  5.018   20.1   39.7
F -127.9  148.9  111.2  179.9   65.3    nan  1.060  132.4  3.783  5.665 -162.5 -161.4
E -115.4  124.7  108.5  178.9 -178.7    nan  1.015  118.7  3.790  5.660 -143.4 -148.5
S  -89.9  -21.6  113.5 -180.0  -62.3    nan  1.051   81.7  3.826  5.909 -140.5 -147.4
H  -87.2   61.7  111.6 -179.4  -82.6    nan  1.065  110.3  3.803  5.359   58.7   79.2
V -131.8  129.5  108.0  178.7  -56.9   65.8  1.036  127.0  3.790  5.865  105.7  108.6
A -107.4  157.8  109.8  179.3    nan    nan  1.023  113.6  3.813  5.874 -153.4 -160.0
R  -54.2  -38.5  109.4  179.1  146.2    nan  1.031  106.8  3.806  5.338  -70.2  -78.5
A  -62.0  -25.0  115.3 -179.6    nan    nan  1.089  105.5  3.811  5.332   69.7   87.2
N  -80.6  -18.8  115.0 -179.2  -45.2    nan  1.039   91.2  3.833  5.487   69.1   83.8
V  -94.4  136.0  120.7 -175.3 -174.3  -51.4  1.135  114.2  3.808  5.172   55.5   80.9
K  -82.8  -44.1  106.3  176.3  -82.7    nan  0.980   84.1  3.826  5.717 -117.2 -137.7
H -166.8  164.6  111.3  178.2   59.7    nan  1.085  163.9  3.801  4.753  -47.0  -27.7
L -110.4  149.2  107.4  178.7  -98.9    nan  0.972  116.3  3.805  5.447 -118.5 -125.6
K -127.8  115.1  105.1  177.4  -72.6    nan  0.977  116.5  3.811  5.706 -159.5 -161.1
I  -97.5  102.5  105.0  179.9  -42.5 -165.4  0.967  106.2  3.784  5.970 -156.5 -164.8
L  -67.0  135.9  112.3 -179.2  -81.0    nan  1.053   87.8  3.790  6.003 -140.6 -145.6
N  -83.6   70.6  107.0  179.0 -174.2    nan  1.002  108.1  3.795  5.758 -121.1 -133.0
T -132.5   70.2  111.1 -179.1   52.5  -69.0  1.028   91.2  3.777  5.837  116.3  119.3
P  -65.5  148.8  103.7  179.2  -31.2    nan  0.865   76.0  3.803  6.058 -167.1 -178.6
A  104.5  -26.1  107.1 -177.9    nan    nan  1.027   84.3  3.840  5.076   73.2   65.1
C  -88.6  129.0  107.0  178.1  -63.8    nan  0.985  102.2  3.805  5.384   56.5   69.5
A  -64.1  -40.8  111.8 -179.3    nan    nan  1.052   96.4  3.813  5.770 -110.1 -117.2
L -108.3  119.6  111.0 -179.1  -48.3    nan  1.026  116.8  3.792  4.965   21.2   40.8
Q -130.1   10.7  114.0  178.2   51.8    nan  1.140   54.9  3.782  5.801  162.6  167.5
I -105.6  114.2  111.5  179.4  -49.3 -170.7  1.055  115.6  3.819  5.788   76.8   90.2
V -112.3  133.6  108.5  178.6  172.7  -65.5  1.007  118.3  3.800  5.931 -171.8  176.5
A -107.8  129.8  109.8  179.3    nan    nan  1.018  116.3  3.806  5.814 -151.7 -156.2
R  -92.7  118.1   99.1  176.0 -168.3    nan  0.901   99.3  3.784  5.825 -135.7 -150.8
L  -85.0  145.2  116.1 -177.3  -55.0    nan  1.090  100.3  3.801  5.955 -147.6 -142.7
K  -71.6  164.0  107.6  178.2  -73.4    nan  0.962   77.1  3.778  5.464  -94.1 -113.5
N   70.2  -41.2  118.4  178.1  -64.5    nan  1.141  123.4  3.823  4.652   53.8   43.5
N -121.7   -9.2  116.2 -177.6   48.5    nan  1.105   54.7  3.813  4.857    8.7   31.3
N   57.7   24.3  115.3 -179.9  -98.6    nan  1.123  109.8  3.817  5.594 -136.3 -135.2
R  -77.5  155.7  106.4  177.7  -63.2    nan  0.967   85.2  3.809  6.075  127.7  126.6
Q -115.7  127.1  107.4  177.8  -72.4    nan  0.998  118.4  3.793  5.595 -141.3 -140.2
V -137.0  145.4  108.4  179.9  -51.4   72.5  1.026  136.4  3.762  5.780  171.1  168.1
C  -83.1  136.5  105.1  177.9  -52.7    nan  0.978   95.2  3.768  5.620 -112.8 -121.2
I -111.2  155.3  114.8 -177.8   64.3  -57.2  1.092  119.5  3.785  5.842 -155.8 -151.5
D  -60.4  117.7  106.8  178.9 -174.4    nan  0.969   89.5  3.806  5.266  -73.5  -90.3
P  -67.2   -4.1  114.6 -179.7   31.3    nan  1.013  111.0  3.833  5.849 -126.4 -130.2
K  -91.9   -5.1  112.8 -179.7  -93.7    nan  1.071   86.2  3.813  5.522   63.1   90.6
L  -55.9  122.2  109.4  178.8  -97.4    nan  1.019   86.2  3.805  5.881  114.2  122.0
K  -51.0  -42.4  115.3  179.9  179.2    nan  1.084  104.0  3.814  5.740 -101.5 -113.1
W  -66.0  -20.1  116.1 -178.5   64.7    nan  1.128  104.1  3.818  5.314   62.2   82.8
I  -57.2  -49.2  113.3 -179.4  -59.5 -178.9  1.100   95.8  3.801  5.736   97.0  109.7
Q  -62.7  -25.9  111.3 -179.6   60.4    nan  1.039  105.7  3.825  5.287   65.5   77.0
E  -79.3  -42.8  109.4  179.9  -55.9    nan  1.029   85.1  3.812  5.388   63.3   81.2
Y  -65.2  -40.4  110.6  179.5 -175.8    nan  1.022   96.5  3.810  5.271   63.3   78.3
L  -73.7   18.7  113.0 -179.7  -64.9    nan  1.060  112.8  3.833  5.257   55.4   74.2
E   26.6  157.6  132.6  172.2    4.7    nan  1.360   19.6  3.813  5.932 -168.2 -145.7
K -161.4    nan  103.8 -180.0  -22.7    nan  0.948    nan  3.691  5.163 -163.1  156.9
