Id   phi    psi    tau  omega    chi    chi2  solid    eta  CA-CA  CB-CB  BA^AB  NA^AC
P    nan   78.9  108.9    nan  178.7    nan  1.013    nan    nan    nan    nan    nan
P  -78.5  173.5  108.5    0.0  -23.3    nan  0.906   80.6  2.862  5.703   25.3   -0.1
A  -60.9  154.5  104.4  177.7    nan    nan  0.947   69.8  3.755  5.215  -69.3  -67.4
D  -52.8  -21.6  109.1  179.7 -100.0    nan  1.044  117.8  3.801  5.479  -75.9  -79.0
G  -73.3  -38.4  114.1  179.6    nan    nan    nan   89.0  3.777    nan    nan   91.7
A  -74.9  -34.1  107.2  179.2    nan    nan  1.009   93.2  3.805    nan    nan   73.6
L  -63.6  -43.4  111.6  178.2  -64.6    nan  1.073   95.5  3.812  5.451   70.1   86.9
K  -72.3  -36.9  113.4 -178.4 -179.4    nan  1.095   90.9  3.833  5.269   54.6   74.5
R  -75.4  -26.2  111.7  179.4 -179.4    nan  1.042   93.9  3.831  5.396   59.6   75.6
A  -71.8  -35.5  107.7  179.3    nan    nan  1.006   95.0  3.810  5.449   73.0   87.1
E  -72.1  -22.4  111.6  178.7 -164.3    nan  1.065   98.7  3.795  5.331   59.1   78.1
E  -80.5  -48.5  108.8  178.9  -50.8    nan  0.991   82.6  3.861  5.586   71.4   82.6
L  -58.1  -39.7  109.9  178.8  -72.0    nan  1.048  102.8  3.802  5.169   64.9   79.0
K  -59.4  -44.6  108.3  178.0 -177.9    nan  1.001   99.9  3.827  5.472   76.3   85.2
T  -64.9  -42.8  110.0  179.0  -71.8  168.8  1.057   95.7  3.806  5.257   61.0   76.4
Q  -55.2  -45.8  108.6  178.1  -79.5    nan  1.014  102.1  3.814  5.435   78.0   86.5
A  -60.8  -46.6  109.9  179.4    nan    nan  1.022   96.8  3.803  5.199   66.7   79.4
N  -57.8  -40.8  111.4 -179.5  -73.5    nan  1.039  101.7  3.832  5.358   70.7   83.2
D  -58.7  -55.8  106.7  179.3  -75.9    nan  0.969   95.1  3.730  5.268   79.4   86.0
Y  -56.0  -34.4  111.0 -179.6  -81.1    nan  1.069  107.1  3.762  5.076   57.5   75.5
F  -65.9  -56.2  111.4  178.9 -174.9    nan  1.050   87.2  3.813  5.491   71.4   85.8
K  -59.9  -17.9  114.0 -179.9  -74.9    nan  1.136  111.6  3.813  5.145   52.4   73.3
A  -98.4   15.4  111.8  178.0    nan    nan  1.057   87.5  3.827  5.462   51.7   69.5
K   64.7   12.5  116.3  177.9  -46.4    nan  1.118  109.3  3.851  5.573 -109.0 -107.7
D  -93.4   79.2  109.1 -179.9 -176.5    nan  1.020  108.0  3.800  5.788   92.2  103.6
Y  -63.5  -44.5  114.4 -178.0  -54.7    nan  1.114   93.4  3.778  6.093 -164.5 -164.1
E  -50.5  -43.7  110.4  178.9   25.0    nan  1.022  105.9  3.788  5.451   84.8   91.5
N  -77.3  -37.4  112.5  179.7  -94.0    nan  1.101   87.0  3.805  5.212   45.7   67.7
A  -59.2  -39.6  110.7  178.1    nan    nan  1.028  101.6  3.803  5.484   80.5   88.9
I  -67.4  -43.9  108.8  179.5  -72.2  169.6  1.030   94.0  3.830  5.326   64.5   79.2
K  -55.2  -41.8  111.0  177.8  168.4    nan  1.021  103.2  3.810  5.359   76.0   85.4
F  -84.7  -27.3  117.8 -179.2  -70.8    nan  1.223   82.4  3.807  5.082   31.5   65.3
Y  -68.0  -33.1  105.3  175.3  -72.1    nan  0.974  100.4  3.798  5.771   87.8   87.2
S  -62.3  -42.4  114.1  179.0  -63.1    nan  1.083   95.8  3.798  5.387   74.5   90.1
Q  -65.8  -39.4  110.3  180.0  -80.7    nan  1.040   96.7  3.834  5.369   67.2   79.9
A  -64.3  -33.7  107.9  178.5    nan    nan  0.991  101.9  3.798  5.322   71.1   81.2
I  -74.9  -34.9  110.4  180.0  -73.8  161.3  1.075   91.2  3.788  5.337   56.7   78.3
E  -61.0  -38.5  110.1  179.5  -48.5    nan  1.036  101.1  3.806  5.565   80.0   90.1
L  -82.7  -32.4  115.9 -178.9  -58.4    nan  1.103   82.8  3.827  5.198   48.2   68.8
N -134.1   69.8  105.1 -179.8 -176.2    nan  0.946   86.3  3.846  4.930    8.9   20.7
P  -61.4    3.1  118.4 -178.6   36.5    nan  1.050  120.1  3.832  6.069 -175.6 -168.7
S -122.1   12.6  114.5 -177.9   67.3    nan  1.085   63.8  3.763  5.228   41.3   70.4
N  -86.5  112.6  108.7  179.5 -167.0    nan  0.989  105.8  3.808  5.820   98.5  109.5
A  -62.8  -35.4  114.3 -179.7    nan    nan  1.079   99.2  3.849  5.938 -126.6 -133.5
I  -63.0  -37.6  112.2 -179.8  -75.3  164.2  1.093   98.8  3.765  5.384   72.9   89.7
Y  -60.1  -42.5  110.2 -179.0  -65.3    nan  1.040   99.5  3.817  5.511   78.4   90.0
Y  -67.2  -39.9  109.8  179.4  -78.0    nan  1.015   95.5  3.788  5.254   64.0   76.7
G  -61.1  -44.1  108.4  179.1    nan    nan    nan   98.9  3.763    nan    nan   84.5
N  -67.3  -45.8  112.6 -178.4  -71.2    nan  1.067   90.8  3.753    nan    nan   77.7
R  -65.4  -31.4  111.5 -178.9 -164.1    nan  1.092  100.4  3.769  5.298   60.0   78.2
S  -59.7  -49.8  106.9  177.9  170.7    nan  0.991   97.7  3.771  5.554   86.9   92.6
L  -60.9  -42.6  110.0 -178.5  178.6    nan  1.063   98.9  3.787  5.250   61.0   77.1
A  -58.1  -31.4  108.6  177.8    nan    nan  1.019  108.1  3.757  5.395   75.7   84.0
Y  -77.0  -32.1  111.0  179.2  -86.8    nan  1.059   90.3  3.808  5.380   59.9   78.2
L  -68.0  -39.3  109.5  178.4  -64.1    nan  1.036   95.4  3.822  5.523   72.4   85.3
R  -62.6  -27.9  114.8  179.2  -67.3    nan  1.118  103.5  3.843  5.413   66.8   84.9
T -104.3   19.4  111.5  178.3   46.0  -73.8  1.086   83.4  3.858  5.360   35.7   55.6
E   60.1   24.7  119.4  179.0  -62.9    nan  1.180  106.0  3.858  5.674 -107.9 -108.1
C  -94.0   77.1  106.9  178.7  -66.9    nan  0.989  105.5  3.830  5.929  109.5  111.4
Y  -65.2  -25.6  117.9 -176.6  -49.0    nan  1.179  101.2  3.777  6.110 -177.0 -164.0
G  -76.3  -40.3  110.4  179.3    nan    nan    nan   87.8  3.836    nan    nan   85.4
Y  -65.3  -47.1  110.9  178.1  -75.6    nan  1.038   92.7  3.751    nan    nan   80.2
A  -57.4  -37.7  113.6 -179.8    nan    nan  1.061  102.7  3.854  5.292   67.9   83.4
L  -69.4  -44.2  107.4  178.9 -172.8    nan  0.986   93.3  3.812  5.275   67.1   78.8
G  -60.7  -51.3  110.0  178.4    nan    nan    nan   94.2  3.767    nan    nan   80.2
D  -59.7  -31.5  111.7  179.1  -88.0    nan  1.041  105.3  3.817    nan    nan   76.1
A  -72.9  -38.0  113.9 -179.1    nan    nan  1.089   89.6  3.837  5.355   65.0   84.3
T  -68.5  -37.8  110.5  178.3  -53.7 -174.5  1.006   95.2  3.824  5.357   68.5   79.7
R  -64.5  -45.4  109.5  179.3 -168.3    nan  1.018   95.1  3.823  5.342   69.3   83.6
A  -56.5  -38.2  110.1  178.4    nan    nan  1.018  104.8  3.823  5.331   72.7   83.3
I  -77.6  -25.8  111.1 -179.9  -58.2  179.7  1.106   92.3  3.805  5.227   48.8   71.9
E  -72.6  -32.6  108.5  177.6  -67.0    nan  1.030   95.1  3.831  5.651   73.1   85.8
L  -80.6  -40.2  117.0 -179.5  -64.8    nan  1.113   80.6  3.822  5.268   53.2   75.4
D -143.2   88.8  109.3  178.6 -168.7    nan  1.058  100.5  3.783  4.851  -15.7    4.9
K  -45.5  -25.3  111.8  179.1  -73.0    nan  1.048  121.4  3.786  6.006 -125.3 -142.1
K -112.3   29.9  118.6  179.0 -101.1    nan  1.276   83.8  3.794  5.106   13.6   54.5
Y  -94.8  101.0  102.1  174.4  177.9    nan  0.960  102.7  3.775  6.103  121.3  110.8
I  -48.1  -52.8  117.2 -178.6  -52.4 -170.6  1.150   97.7  3.841  6.077 -125.6 -126.7
K  -49.9  -28.1  114.8 -179.1  -64.3    nan  1.101  114.6  3.844  5.429   76.7   87.9
G  -60.6  -39.5  107.9  179.3    nan    nan    nan  102.0  3.784    nan    nan   96.7
Y  -68.7  -30.6  112.1  178.6  -62.8    nan  1.074   97.7  3.808    nan    nan   77.4
Y  -77.0  -39.1  110.3  177.1  -78.4    nan  1.027   87.8  3.852  5.468   63.2   77.2
R  -64.9  -44.7  108.4  176.7  -58.8    nan  0.985   95.7  3.833  5.365   70.1   79.5
R  -69.0  -35.2  112.7  179.2 -166.0    nan  1.091   94.8  3.800  5.274   53.8   73.9
A  -65.1  -50.3  106.9  178.6    nan    nan  0.989   93.8  3.792  5.425   78.2   84.8
A  -56.5  -39.1  114.0  178.9    nan    nan  1.088  102.4  3.800  5.202   63.4   79.6
S  -67.6  -39.4  111.6  179.9  -51.9    nan  1.028   94.5  3.839  5.390   69.3   81.3
N  -72.5  -28.9  113.6  179.1  -84.9    nan  1.115   94.5  3.801  5.213   53.6   75.9
M  -68.7  -45.7  108.4  176.6  -66.1    nan  0.966   92.5  3.846  5.615   80.6   86.1
A  -61.5  -34.8  109.0  178.8    nan    nan  0.986  103.2  3.809  5.095   66.4   77.8
L  -84.2    0.9  109.6  178.0  -72.9    nan  1.051   96.1  3.773  5.206   45.1   66.9
G   81.7   -1.1  116.8  178.3    nan    nan    nan   98.8  3.817    nan    nan -106.4
K  -88.8   74.7  107.0  179.1  -58.5    nan  0.987  106.7  3.795    nan    nan   93.9
F  -62.8  -39.9  117.0 -178.0  -52.6    nan  1.097   95.2  3.830  6.182 -169.3 -166.2
R  -70.9  -29.6  112.0  179.8  -61.8    nan  1.064   96.3  3.802  5.289   62.4   78.5
A  -66.8  -34.8  109.9  177.3    nan    nan  1.024   98.3  3.810  5.512   75.7   88.0
A  -69.9  -43.8  110.0  179.0    nan    nan  0.999   91.5  3.832  5.302   67.7   80.3
L  -58.8  -36.0  109.4 -180.0 -171.7    nan  1.026  104.6  3.790  5.233   69.1   83.9
R  -59.2  -40.6  110.5  178.7  -75.6    nan  1.067  101.1  3.787  5.420   73.5   89.8
D  -73.7  -41.9  112.2  179.4  -83.5    nan  1.101   88.1  3.808  5.333   53.3   73.3
Y  -62.0  -32.8  109.2  178.0  -69.6    nan  1.064  103.7  3.824  5.513   69.1   81.7
E  -64.0  -48.1  109.6  177.5 -179.1    nan  1.014   93.9  3.806  5.514   77.5   87.2
T  -53.1  -52.2  109.1  179.7  -69.5  169.7  1.027   99.3  3.806  5.296   72.5   85.0
V  -59.9  -43.7  110.9  179.9 -179.3  -59.0  1.076   98.6  3.803  5.277   58.1   75.3
V  -60.7  -29.6  111.0 -179.9  168.6  -72.9  1.053  105.7  3.823  5.520   71.3   83.0
K  -73.2  -33.5  115.0 -179.8  -83.5    nan  1.118   91.0  3.790  5.394   66.2   85.6
V  -91.6  -25.5  112.2  179.0   37.3  160.2  1.148   79.1  3.825  5.319   38.4   63.6
K -115.6   69.8  104.2  176.2  -75.0    nan  0.967   93.4  3.839  5.413   31.4   42.6
P  -54.9  -33.3  118.8 -179.2   25.1    nan  1.086  105.3  3.802  6.058 -168.1 -162.1
H -105.9   10.5  112.8 -177.9  -47.2    nan  1.056   78.4  3.804  5.123   26.7   53.7
D  -80.6  107.3  103.4  179.3  177.2    nan  0.952   99.8  3.711  5.781  103.8  112.2
K  -55.3  -28.6  109.6  178.3    7.3    nan  1.010  111.6  3.763  5.865 -121.2 -132.5
D  -60.2  -59.4  108.5  179.2 -148.5    nan  0.961   90.9  3.819  5.425   84.5   95.3
A  -49.6  -46.4  110.6  179.5    nan    nan  1.042  104.6  3.831  5.114   61.8   77.7
K  -58.4  -48.9  111.7  179.4  -59.3    nan  1.042   96.2  3.835  5.307   69.3   81.9
M  -57.1  -51.2  111.1  179.9 -150.6    nan  1.032   96.0  3.771  5.205   69.6   81.7
K  -58.8  -49.3  113.9 -179.0  -81.9    nan  1.069   94.3  3.849  5.260   63.2   79.2
Y  -60.8  -32.9  110.8  178.6  177.8    nan  1.027  104.0  3.764  5.097   63.7   77.2
Q  -69.6  -52.1  109.3  178.2 -103.3    nan  1.021   88.3  3.866  5.521   67.2   82.4
E  -48.5  -48.9  107.5  178.1  144.5    nan  0.980  105.4  3.800  5.295   79.2   83.9
C  -67.1  -48.2  116.0 -176.7 -178.3    nan  1.159   87.6  3.784  5.045   48.4   75.1
N  -60.8  -31.1  107.9  179.2 -164.0    nan  1.020  106.2  3.796  5.475   70.8   78.7
K  -64.4  -52.1  109.0  178.9 -162.4    nan  1.007   91.9  3.798  5.423   77.3   88.9
I  -59.6  -27.2  112.5 -179.9  -65.2  168.2  1.092  107.4  3.813  5.198   56.5   76.1
V  -74.3  -35.8  108.9  178.8  174.7  -63.4  0.999   92.1  3.823  5.568   72.8   83.8
K  -78.4  -33.9  112.6  179.6  -73.7    nan  1.110   87.6  3.813  5.213   50.1   73.1
Q  -68.5  -28.7  109.4  178.1  -72.4    nan  1.024  100.0  3.870  5.624   73.1   82.9
K  -71.1  -43.7  110.7  179.5 -175.5    nan  1.031   90.2  3.826  5.446   73.4   86.1
A  -66.9  -27.8  106.6  178.4    nan    nan  0.984  103.0  3.777  5.244   64.1   74.7
F  -68.1  -61.9  113.0  179.1 -168.3    nan  1.077   81.7  3.837  5.446   69.8   89.2
E  -53.3  -32.6  110.7  179.1  -46.8    nan  0.991  110.5  3.833  5.195   66.5   72.9
R  -71.4  -40.8  111.8  179.6  -81.5    nan  1.061   90.6  3.828  5.319   64.2   82.8
A  -64.2  -50.2  110.5  179.3    nan    nan  1.030   92.1  3.799  5.324   68.5   81.7
I  -52.0  -51.6  110.1  178.6  -64.2  175.6  1.010   99.8  3.792  5.266   73.6   83.6
A  -56.2  -37.3  110.0 -179.8    nan    nan  1.030  105.7  3.809  5.185   66.3   79.6
G  -71.8  -29.3  110.2  178.1    nan    nan    nan   96.4  3.784    nan    nan   76.6
D  -73.3  -42.6  108.9  179.2  -79.1    nan  0.967   90.1  3.810    nan    nan   82.8
E  -65.1  -40.3  110.7 -178.7 -163.5    nan  1.039   96.5  3.782  5.111   63.0   79.9
H  -68.3  -37.1  111.7  178.4  172.9    nan  1.034   95.1  3.744  5.256   62.7   77.8
K  -64.8  -43.0  110.2 -178.9  167.8    nan  1.031   95.6  3.824  5.432   71.9   86.1
R  -57.6  -41.2  109.5 -179.6  -68.7    nan  1.042  102.6  3.767  5.316   73.9   86.2
S  -68.8  -36.4  112.7  179.6  -56.1    nan  1.095   94.4  3.759  5.270   58.1   77.6
V  -67.7  -49.9  108.6  179.4  173.3  -66.9  1.024   91.1  3.872  5.623   71.9   82.4
V  -57.2  -43.4  110.8 -178.6 -177.1  -57.7  1.104  100.9  3.762  5.130   63.2   81.0
D  -62.7  -29.8  112.0  177.9  -83.1    nan  1.019  103.5  3.815  5.504   69.9   79.9
S  -93.9   -1.7  115.3 -177.8  -59.3    nan  1.076   85.3  3.821  5.153   45.5   67.6
L  -61.2  123.5  112.8 -178.8  -71.1    nan  1.078   91.0  3.819  5.845  108.6  122.8
D  -81.8   78.6  112.8 -179.5 -168.9    nan  1.086  113.8  3.798  5.864 -133.8 -141.6
I  -79.2  -38.0  108.2  178.4  -71.1  165.4  1.054   87.7  3.770  6.100 -179.1  174.6
E  -51.7  -33.2  116.9  179.0 -158.7    nan  1.125  108.9  3.819  5.502   77.7   96.1
S  -86.9   -2.9  111.9  180.0  -68.3    nan  1.053   92.0  3.819  5.380   52.6   69.5
M  -72.8  152.8  106.7  178.8  -66.7    nan  1.007   82.1  3.766  5.721   96.4  107.6
T -127.4  140.8  117.5 -179.1   48.2  -73.7  1.119  134.6  3.816  5.707 -156.6 -150.9
I  -71.4  152.7  103.3  179.0 -138.4   91.0  0.967   79.4  3.748  5.408 -100.1 -120.8
E  -68.8  102.7  109.8 -179.7 -172.8    nan  1.046  103.2  3.758  5.664  -95.0  -94.7
D  -98.9   70.8  109.3  178.5 -108.1    nan  1.081  104.9  3.806  6.056 -178.0 -178.7
E -161.1  149.8  104.7  179.6  -87.3    nan  0.966  149.2  3.823  5.724   96.7   85.0
Y  -52.3  146.0  112.7 -179.4  174.8    nan  1.102   70.4  3.878  5.618  -81.9  -82.7
S -151.2    nan  112.4  179.8   72.4    nan  1.056    nan  3.855  5.686 -179.6  171.0
