Id   phi    psi    tau  omega    chi    chi2  solid    eta  CA-CA  CB-CB  BA^AB  NA^AC
C    nan   29.7  113.3    nan   49.7    nan  1.074    nan    nan    nan    nan    nan
D  -76.9   -8.5  113.4  179.5 -106.9    nan  1.077   99.6  3.814  6.032  123.9  135.6
A  -77.6  -18.0  110.7  179.2    nan    nan  1.031   95.6  3.796  5.635   84.9   98.9
F  -93.7  -18.3  114.1 -178.8  -58.8    nan  1.083   79.1  3.811  5.336   53.5   77.2
V  -57.4  132.8  113.5 -179.3  176.9  -61.2  1.079   83.2  3.813  5.690   96.2  110.7
G  140.0 -174.3  114.7  179.4    nan    nan    nan  142.1  3.803    nan    nan   77.0
T -109.3  132.8  106.5  179.0  -50.1 -169.7  0.982  114.9  3.806    nan    nan  -97.6
W -129.3  141.5  113.5 -177.9  -46.5    nan  1.058  133.5  3.817  5.800 -175.4 -175.3
K -107.3  141.8  108.9  178.6  -73.4    nan  0.991  115.2  3.813  5.731 -139.8 -150.2
L  -70.8  140.3  106.6  178.1  178.8    nan  0.971   85.4  3.805  5.591 -102.5 -113.3
V -126.5  -23.7  111.7 -179.7   72.6 -163.9  1.083   48.4  3.802  5.774 -171.1 -165.2
S -154.4  157.5  110.4  179.4   91.6    nan  1.041  153.0  3.804  4.926   -9.5    7.1
S -152.8  128.4  109.7  179.8  179.0    nan  1.026  132.3  3.808  5.537 -173.2 -177.0
E -134.6  132.4  111.0 -179.3  -61.2    nan  1.028  131.4  3.801  5.780  177.3  171.6
N   60.1   24.2  115.0  179.3  -59.8    nan  1.093  107.7  3.816  4.832   21.6   -1.5
F  -66.8  -44.8  110.7 -179.9 -166.5    nan  1.043   92.9  3.807  6.050  133.2  139.8
D  -57.5  -42.3  111.5 -179.9 -169.2    nan  1.049  100.9  3.801  5.296   71.4   84.9
D  -62.6  -41.4  109.7  179.3  -67.9    nan  1.012   98.4  3.823  5.375   69.9   81.6
Y  -63.1  -51.3  110.9  179.8  172.7    nan  1.053   92.0  3.797  5.256   66.2   82.2
M  -58.2  -42.3  111.2  178.9  -73.9    nan  1.035  100.5  3.826  5.295   65.5   77.4
K  -57.2  -42.2  109.0  178.9  174.8    nan  1.003  102.6  3.811  5.350   76.6   86.2
E  -65.0  -42.4  113.8 -179.7  -73.9    nan  1.085   93.7  3.813  5.251   61.8   80.5
V  -70.3  -11.4  109.5  179.7  -47.2   76.2  1.071  105.6  3.804  5.372   58.7   75.3
G   95.4   30.5  115.9  178.7    nan    nan    nan   72.4  3.797    nan    nan -103.7
V  -79.8  133.5  111.9  179.7  176.2  -63.2  1.078   98.3  3.803    nan    nan  133.1
G  -60.4  143.0  114.1 -179.6    nan    nan    nan   79.6  3.794    nan    nan -111.3
F  -41.8  -55.9  114.5 -180.0 -176.2    nan  1.069  100.9  3.801    nan    nan  -85.4
A  -58.2  -56.7  114.6 -178.8    nan    nan  1.088   89.7  3.833  5.175   59.5   77.0
T  -64.3  -30.0  111.4 -179.5   60.8  -59.6  1.053  102.2  3.809  5.188   55.4   69.2
R  -60.3  -35.6  110.3  179.8 -148.3    nan  1.017  103.2  3.812  5.494   85.1   95.5
K  -76.2  -40.1  110.5  179.7  -48.5    nan  1.030   87.9  3.808  5.285   58.3   75.1
V  -67.3  -33.6  109.7  179.7 -174.3  -51.9  1.029   98.6  3.812  5.344   65.5   79.3
A  -71.3  -41.9  109.6  179.3    nan    nan  1.022   91.6  3.808  5.364   66.9   81.0
G  -65.9  -27.3  115.2 -179.8    nan    nan    nan  100.6  3.798    nan    nan   80.6
M  -83.7   -4.4  112.1 -179.8  -72.7    nan  1.041   94.6  3.809    nan    nan   77.4
A  -87.5  141.7  113.8 -179.3    nan    nan  1.078  102.5  3.796  5.531   74.4   95.3
K -122.6   82.0  104.3  179.0  -50.5    nan  0.951   97.5  3.820  5.707 -152.6 -167.4
P  -66.1  162.5  116.3 -179.4   36.5    nan  1.013   74.7  3.854  6.051 -162.5 -163.0
N -122.9   90.5  108.6  178.7  -83.4    nan  1.029  105.8  3.781  5.580 -145.4 -141.6
M  -70.3  121.9  109.6  179.7 -170.2    nan  1.005   95.1  3.787  6.066 -152.1 -163.2
I -118.3  103.1  109.6 -179.6  -49.5 -172.5  1.010  113.2  3.812  5.918 -173.1 -179.0
I  -93.3  139.2  109.7 -179.9  -59.4  178.4  1.056  105.2  3.802  6.038 -170.2 -172.5
S -148.5  159.5  110.6 -178.2  140.8    nan  1.018  149.7  3.788  5.643  177.8  167.9
V -136.0  144.3  110.4  179.9 -179.7  -57.3  1.020  136.5  3.805  5.621 -155.7 -156.2
N -148.3   95.2  105.6  178.3 -163.2    nan  0.989  102.6  3.810  5.637  177.7  171.3
G   73.1 -133.8  107.6 -177.9    nan    nan    nan   90.4  3.772    nan    nan  -20.1
D  -87.8    7.1  112.3  179.8   54.7    nan  1.058   94.8  3.791    nan    nan  -28.7
L -105.5  119.5  112.5 -178.6 -161.9    nan  1.058  116.9  3.807  5.568   68.9   88.7
V -103.5  135.4  109.0  179.7 -170.0  -46.7  1.011  112.9  3.796  5.936 -157.8 -168.6
T -128.1  124.0  113.1 -179.9  154.6   32.4  1.117  126.9  3.791  5.763 -176.8 -173.2
I -111.0  108.4  108.8  179.9  -60.4  177.4  1.016  113.5  3.809  5.929 -156.5 -172.4
R -105.9  123.2  110.7 -179.0 -168.1    nan  1.032  115.8  3.798  5.975 -174.3 -178.6
S -109.3  128.0  108.9  179.1 -176.8    nan  0.991  116.4  3.801  5.892 -160.5 -170.1
E -121.2  118.8  109.3  179.5  -65.1    nan  1.062  119.9  3.782  5.784 -176.8 -175.4
S -139.7  167.1  111.8 -178.1  178.9    nan  1.022  142.9  3.788  5.788  168.0  156.4
T  -75.4  -16.7  106.9  178.6  -44.3 -164.2  0.980   99.2  3.808  5.335  -83.4  -88.8
F  -81.6  -57.1  111.6  179.9  178.8    nan  1.040   76.9  3.803  5.415   68.5   87.2
K -169.9  133.5  111.9 -179.5 -177.0    nan  1.043  136.5  3.833  4.703  -56.4  -40.5
N  -89.2  118.0  109.9  179.5  -59.5    nan  1.013  107.1  3.820  5.806 -129.6 -139.5
T -117.9  153.4  111.2  179.6   58.2  -63.0  1.051  124.2  3.807  5.920 -179.1  177.7
E -147.5  127.0  110.5  179.4  173.4    nan  1.035  131.1  3.784  5.547 -171.7 -176.1
I -127.1  133.3  108.2  177.8   55.5  -70.0  1.032  126.5  3.775  5.842 -179.1  175.3
S -119.8  136.6  103.5  177.9  -65.0    nan  0.966  120.1  3.782  5.774 -161.4 -171.8
F -160.9  169.3  113.9 -177.5   58.6    nan  1.027  162.4  3.792  5.595  160.3  154.9
K -111.4  147.0  102.9  176.8  -67.1    nan  0.925  114.8  3.778  5.364 -119.4 -123.2
L  -67.9  145.8  110.9  179.2  -71.6    nan  1.036   82.8  3.816  5.614 -100.0 -101.1
G   67.0    5.0  116.8  179.1    nan    nan    nan  110.7  3.797    nan    nan   19.3
V -115.6  116.4  111.0  179.2 -179.2  -57.9  1.054  118.8  3.813    nan    nan   75.0
E  -55.6  138.5  112.3 -179.7 -166.2    nan  1.037   77.5  3.813  5.787 -107.7 -124.5
F -142.1  163.4  112.5  179.2   64.1    nan  1.098  145.4  3.819  5.719  173.6  173.4
D  -93.3  138.1  110.4  179.4  -71.1    nan  1.041  106.0  3.804  5.420 -105.0 -109.4
E -144.9  141.4  112.9 -178.2  172.8    nan  1.036  141.2  3.776  5.626  178.2  171.3
I -109.4  105.0  102.5  177.3  -50.8 -171.6  0.939  106.4  3.793  5.785 -143.0 -154.3
T  -63.5  168.9  112.2 -179.3   64.3  -55.4  1.062   68.1  3.801  6.023 -135.7 -138.7
A  -59.9  -39.0  111.6 -179.8    nan    nan  1.055  100.9  3.817  5.213  -65.6  -69.6
D  -81.7   19.3  112.0  179.4   60.8    nan  1.081  105.0  3.812  5.234   46.6   67.5
D   64.3   26.4  119.9  178.1  -59.3    nan  1.199  100.9  3.820  5.581 -108.0 -105.3
R  -86.7  143.4  106.1  177.1  -81.4    nan  0.960   96.9  3.797  6.044  122.7  118.5
K -102.3  110.6  104.4  177.6 -171.5    nan  0.969  107.6  3.807  5.738 -138.8 -141.5
V -123.4  168.9  116.0 -177.5  -54.6   68.0  1.066  127.7  3.807  5.933  169.0  170.1
K -108.0  119.3  103.7  176.9  -82.3    nan  0.945  110.4  3.799  5.333 -115.2 -120.5
S -118.3  154.3  114.4 -178.9  -73.9    nan  1.079  125.8  3.791  5.884  178.3 -176.6
I -150.8  122.5  107.0  178.2 -177.8   58.3  1.043  126.1  3.771  5.533 -176.2  178.8
I -111.3  131.0  111.0 -178.3  -60.2  178.1  1.048  119.4  3.788  5.934 -163.0 -168.9
T -127.6  160.3  110.8  179.6   56.2  -65.1  1.029  132.0  3.780  5.811 -172.0  179.8
L -102.1   87.2  102.7  178.1 -168.4    nan  0.929  101.8  3.790  5.427 -116.8 -124.2
D -107.2  123.2  110.9 -178.4 -166.1    nan  1.024  116.6  3.807  6.029  156.8  162.3
G   56.2   38.6  113.5  179.6    nan    nan    nan  103.2  3.800    nan    nan  -14.0
G   75.9    0.5  115.7 -179.7    nan    nan    nan  103.9  3.794    nan    nan  -75.0
A -116.8  144.2  113.1 -179.7    nan    nan  1.060  124.8  3.821    nan    nan   70.5
L  -76.8  106.5  105.8  178.5 -120.1    nan  0.960  100.9  3.818  5.586 -103.2 -118.2
V -107.7  111.6  112.7 -178.8 -177.8  -55.4  1.079  117.0  3.799  6.009  175.3 -179.9
Q -107.3  130.1  111.7 -179.9  170.6    nan  1.020  117.5  3.788  5.935 -167.0 -179.9
V -120.4  127.7  109.2  177.6   21.2  145.5  1.095  122.2  3.777  5.821 -176.9 -174.4
Q -107.4  120.5  111.6 -179.5  -65.5    nan  1.030  117.0  3.831  5.921 -148.6 -162.4
K -111.2  133.0  109.8  179.8  -56.1    nan  1.012  118.5  3.800  5.876 -166.2 -174.7
W -164.1  137.8  109.8  178.9   80.8    nan  1.037  140.8  3.819  5.606  150.1  142.6
D   44.2   44.3  115.2  179.2  -57.8    nan  1.093  107.8  3.824  4.850   12.5   -9.8
G   76.3  -13.8  114.6 -180.0    nan    nan    nan  109.1  3.806    nan    nan  -70.0
K  -87.7  168.2  110.5  179.2  -74.1    nan  1.048   91.9  3.816    nan    nan   84.4
S -158.0  126.7  114.2 -178.4  175.4    nan  1.058  132.6  3.806  5.433 -167.6 -168.1
T -123.8  150.6  108.3  178.3 -174.9   65.0  1.019  127.8  3.799  5.863 -174.8  177.1
T -124.6  138.7  109.0  179.5   80.3  -39.6  1.032  127.1  3.809  5.695 -153.3 -154.2
I -123.5  111.2  109.9 -179.0  -58.3  177.8  1.017  117.7  3.794  5.728 -159.9 -166.3
K  -98.3  133.0  112.7 -179.4 -162.6    nan  1.058  112.2  3.796  5.967 -165.5 -168.5
R -123.4  110.4  106.2  178.5  -64.0    nan  1.001  114.3  3.803  5.806 -167.1 -176.0
K -130.1  151.3  113.5 -178.4   56.0    nan  1.058  135.3  3.792  5.863  162.9  160.5
R  -92.8  133.8  109.0  178.6  -75.0    nan  1.024  105.6  3.785  5.575 -118.6 -124.3
D -138.7   87.3  105.5  179.3 -173.6    nan  0.978   98.1  3.798  5.744  179.6  170.5
G   76.2 -128.6  108.5 -178.7    nan    nan    nan   95.2  3.774    nan    nan  -25.2
D  -93.6    9.8  112.2  179.6   58.0    nan  1.065   90.1  3.800    nan    nan  -28.6
K -107.2  161.4  113.2 -179.6  -52.5    nan  1.037  113.6  3.827  5.632   71.7   88.5
L -122.0  104.3  104.9  177.2  179.4    nan  0.973  110.0  3.837  5.560 -140.0 -142.9
V  -93.2  123.7  113.5 -178.4  177.2  -61.2  1.085  111.2  3.812  6.073 -169.7 -167.1
V -109.9  116.3  110.6  179.7 -174.6  -53.6  1.065  116.6  3.791  5.905 -162.9 -170.2
E -109.7  115.0  110.4  179.5  -67.1    nan  1.035  116.1  3.799  5.950 -167.6 -176.8
C -104.3  120.8  109.6  179.5  -61.2    nan  0.981  114.0  3.804  5.912 -161.2 -173.4
V -119.6  138.3  112.8 -179.4 -172.7  -50.5  1.073  126.4  3.811  5.895  178.0 -179.6
M -153.3  101.5  108.0  179.6 -125.7    nan  0.993  108.3  3.810  5.649  172.2  158.7
K   53.5   59.9  112.3 -180.0  -67.4    nan  1.060   91.9  3.818  5.107  -15.6  -35.9
G   86.5  -47.7  116.7  179.4    nan    nan    nan  111.9  3.801    nan    nan  -46.8
V  -60.4  133.6  111.5 -179.8  174.5  -63.6  1.055   83.7  3.817    nan    nan   81.2
T -129.9  128.2  112.3 -179.7  -58.7 -178.7  1.065  128.7  3.805  5.805 -174.3 -177.9
S -107.2  136.3  107.9  179.2  170.4    nan  0.996  114.7  3.796  5.823 -152.2 -164.4
T -125.2  119.5  112.3 -179.4  -55.0 -174.9  1.076  123.6  3.794  5.785 -171.0 -168.6
R -124.8  124.0  108.8 -179.3  -59.2    nan  1.011  122.6  3.784  5.840 -178.1  170.2
V -102.8  137.9  110.8 -179.6  179.8  -57.8  1.040  113.4  3.798  5.935 -156.4 -160.6
Y -123.5  166.2  108.0  179.4  -63.6    nan  0.991  126.7  3.807  5.784 -160.2 -169.3
E -154.1  147.1  108.0  179.1   53.7    nan  1.029  146.0  3.802  5.461 -170.2 -168.1
R  -48.0  128.0  114.9 -178.3  -66.9    nan  1.115   80.5  3.810  5.493  -75.1  -82.0
A  -77.0    nan  110.0  179.5    nan    nan  1.028    nan  3.791  5.752 -118.7 -135.4
