Id   phi    psi    tau  omega    chi    chi2  solid    eta  CA-CA  CB-CB  BA^AB  NA^AC
K    nan  -55.5  109.9    nan -132.4    nan  1.028    nan    nan    nan    nan    nan
K -111.8  133.1  108.1 -179.7  -68.9    nan  0.995  117.7  3.801  4.870    3.6   22.6
A -125.8  147.8  107.9  179.6    nan    nan  0.997  128.9  3.782  5.762 -171.2 -174.9
V -137.6  122.6  113.8 -180.0  179.9  -57.8  1.067  128.8  3.792  5.666 -171.3 -168.7
I -119.4  125.5  109.5 -179.3  -70.4  165.2  0.988  121.4  3.776  5.795 -167.1  177.1
N -113.1  105.5  107.5  177.8   -2.7    nan  1.004  111.8  3.803  5.898 -168.1 -171.2
G  -52.6   -7.6  110.7 -179.9    nan    nan    nan  124.4  3.781    nan    nan -130.4
E  -58.9  -39.8  111.5 -180.0 -142.7    nan  1.041  101.2  3.765    nan    nan  118.1
Q -103.3  -15.2  117.2 -178.0   -1.1    nan  1.106   70.2  3.812  5.014   23.5   50.0
I  -69.6   77.3  107.5  179.9  -73.1  169.9  1.011  110.6  3.821  5.704   90.6  100.5
R  -75.2  -17.6  111.4 -179.3 -117.2    nan  1.039   97.8  3.795  6.148 -175.9 -177.8
S -145.9  160.1  113.5 -179.9   77.9    nan  1.052  148.7  3.814  4.938    3.0   22.8
I  -65.7  -11.6  111.5 -179.4  175.1   51.8  1.045  109.6  3.807  5.340  -79.9  -86.3
S  -92.1  -25.4  106.3  178.5 -120.5    nan  0.983   81.2  3.779  5.504   66.6   80.8
D  -62.4  -45.7  103.5  178.6  -78.5    nan  0.938  100.1  3.773  5.507   86.4   94.4
L  -50.7  -48.0  114.6  179.7 -124.2    nan  1.056  100.7  3.774  5.167   73.8   88.7
H  -76.0  -32.5  111.9 -178.0  -72.1    nan  1.045   90.5  3.845  5.145   48.8   67.2
Q  -64.8  -37.9  107.8  178.9 -138.5    nan  0.988   99.5  3.777  5.430   78.0   87.9
T  -71.4  -48.8  112.3 -179.7  -57.8 -178.6  1.042   86.5  3.816  5.262   61.3   77.8
L  -58.4  -43.6  109.7  178.7 -110.9    nan  1.020  100.4  3.804  5.228   67.7   79.4
K  -51.8  -49.8  109.9  179.1 -172.1    nan  1.020  101.3  3.826  5.406   78.8   89.9
K  -74.0  -48.1  113.1  179.5  -10.2    nan  1.062   84.5  3.800  5.187   47.5   65.1
E  -58.8  -46.6  112.4 -178.4  -67.1    nan  1.060   96.8  3.802  5.245   69.4   83.0
L  -92.4    3.5  111.5 -179.7  -63.8    nan  1.046   88.9  3.787  5.031   31.1   51.2
A   47.8   40.8  111.7  179.7    nan    nan  1.046  109.3  3.813  5.639 -133.2 -132.4
L  -54.3  176.2  110.1  179.4  -86.0    nan  1.018   55.7  3.800  6.114  164.3  166.0
P  -72.2  156.6  114.0 -179.7   -5.2    nan  1.013   82.7  3.839  5.193  -74.1  -70.6
E  -54.5  -28.7  114.9 -178.3 -149.0    nan  1.080  110.2  3.815  5.448  -75.5  -78.8
Y  -90.9    5.0  113.7 -179.1   35.0    nan  1.048   91.1  3.800  5.282   51.9   70.4
Y  -38.7  107.8  110.6 -178.7  180.0    nan  1.040   88.4  3.810  5.970  144.3  149.4
G  -68.0    0.0  117.6 -178.5    nan    nan    nan  112.0  3.775    nan    nan -141.9
E   53.3   64.3  111.7 -179.9  -39.3    nan  1.030   89.5  3.790    nan    nan -130.5
N -160.1  142.5  109.0  178.6   65.7    nan  1.026  144.4  3.822  5.583   80.3   80.0
L  -45.8  -34.5  111.1  180.0  -60.6    nan  1.041  115.3  3.783  5.405  -74.3  -87.6
D  -66.1  -44.5  108.6  179.0 -106.7    nan  1.008   94.8  3.788  5.459   72.2   85.1
A  -71.1  -25.3  111.5 -179.3    nan    nan  1.050   98.2  3.776  5.181   55.1   72.8
L  -74.6  -43.2  108.4  179.2  173.9    nan  1.022   89.2  3.781  5.468   70.3   85.9
W  -55.0  -55.9  111.0  179.6  179.6    nan  1.015   94.5  3.820  5.432   78.5   87.7
D  -53.6  -46.5  109.3 -179.3  -86.9    nan  1.017  102.4  3.755  5.064   68.0   78.7
C  -60.7  -36.4  110.8 -180.0  -91.5    nan  1.023  102.1  3.804  5.283   67.1   79.8
L  -70.9  -33.3  108.6 -180.0 -117.8    nan  0.999   96.2  3.779  5.271   66.1   79.3
T  -93.8   21.9  116.2 -178.4   69.8  -50.9  1.086   95.9  3.801  5.151   39.1   63.3
G -175.0  -35.0  118.5 -179.9    nan    nan    nan   32.9  3.803    nan    nan   26.3
W  -91.9  -52.8  112.5 -179.3 -179.7    nan  1.042   71.0  3.792    nan    nan   64.2
V  -56.5  142.2  113.4 -178.9  176.3  -62.6  1.074   76.5  3.816  5.226   64.8   80.4
E -104.5  127.7  110.2  179.5  148.0    nan  1.023  114.7  3.801  5.702 -137.1 -145.8
Y -103.1  161.6  109.2  179.6  -56.7    nan  0.995  108.5  3.801  5.827 -149.8 -159.6
P  -60.8  151.2  113.8   -0.3  -20.2    nan  1.002   75.1  3.004  4.809  107.4   69.6
L -138.8  125.6  109.7  178.6  164.2    nan  1.022  128.2  3.810  5.684 -170.4 -171.1
V -117.8  115.3  105.2  179.3   32.0  152.6  0.959  114.2  3.814  5.871 -166.3 -176.5
L -106.0  121.3  112.6 -178.2  169.1    nan  1.031  117.3  3.804  5.936 -167.1 -170.5
E -105.4  114.7  111.3  178.8  155.4    nan  1.043  115.4  3.780  5.868 -162.7 -168.1
W -104.5   95.4  109.1  179.9 -151.8    nan  1.007  109.8  3.802  5.923 -165.0 -173.1
R  -75.3  136.4  109.2 -179.9  -46.3    nan  0.999   92.0  3.792  6.064 -154.0 -162.7
Q   48.5   60.3  113.8  178.9  -97.8    nan  1.067   93.8  3.786  4.764   13.7   -6.9
F  -59.4  -21.9  110.6  179.0 -172.4    nan  1.020  111.0  3.810  6.167 -175.9  178.1
E  -56.4  -63.3  113.3 -179.0 -135.3    nan  1.069   87.4  3.807  5.593   92.5  108.1
Q  -50.7  -65.1  109.1  179.8  -93.3    nan  1.002   92.2  3.783  5.158   67.0   74.6
S  -45.7  -20.0  112.8 -178.6   81.3    nan  1.078  124.2  3.789  5.037   63.7   78.5
K  -85.3  -53.5  110.0  179.9  174.7    nan  1.020   77.0  3.791  5.476   65.4   81.7
Q  -69.0  -43.2  114.7 -178.8   53.1    nan  1.077   89.7  3.809  5.072   48.9   67.7
L  -79.1   30.3  112.2 -179.7 -103.0    nan  1.043  110.5  3.794  5.190   50.9   67.7
T -152.1   23.2  112.6 -179.5   42.5  -78.7  1.035   42.2  3.818  5.366   49.4   60.5
E   59.4   24.9  110.9  179.9  -42.6    nan  1.034  109.4  3.818  5.439  -98.4 -103.0
N   73.3   19.3  111.5  179.7 -136.2    nan  1.027   99.0  3.805  5.287  -84.4  -88.7
G  -81.0    2.3  115.0 -179.3    nan    nan    nan   99.9  3.796    nan    nan  124.1
A  -86.1  -25.2  108.7  179.6    nan    nan  1.003   85.7  3.781    nan    nan  100.8
E  -67.7  -26.0  114.0 -179.2 -172.6    nan  1.068  100.1  3.774  5.429   76.0   94.6
S  -77.3  -43.7  108.0  179.8   -0.2    nan  1.005   87.2  3.808  5.478   70.1   83.3
V  -55.5  -52.5  107.5  177.9  153.4  -84.4  1.004   98.5  3.778  5.369   75.5   84.6
L  -55.3  -34.5  113.1  179.6  169.8    nan  1.062  106.7  3.863  5.326   66.1   79.1
Q  -71.3  -27.2  111.5  179.8 -172.0    nan  1.038   97.3  3.800  5.364   68.0   81.8
V  -69.4  -42.9  105.4  178.9  164.7  -74.1  0.977   95.1  3.793  5.491   77.4   87.8
F  -65.5  -43.6  108.2  179.6  -79.9    nan  1.012   96.0  3.813  5.299   63.2   76.8
R  -64.9  -19.0  110.9  179.0  -65.1    nan  1.012  107.2  3.807  5.307   66.1   77.3
E  -88.3  -42.6  110.1 -179.7  -94.9    nan  1.014   77.8  3.799  5.346   63.3   79.6
A  -56.6  -50.2  106.9  178.8    nan    nan  0.989   99.6  3.770  5.324   75.7   85.7
K  -49.4  -49.3  107.8  179.2 -136.6    nan  0.985  104.3  3.799  5.260   76.3   85.1
A  -55.5  -58.5  112.8 -179.4    nan    nan  1.055   91.3  3.810  5.207   67.3   82.6
E  -53.4  -34.5  108.6  179.5 -108.8    nan  1.008  110.3  3.768  5.181   66.8   75.9
G  159.4  -37.8  117.8  179.9    nan    nan    nan   50.2  3.775    nan    nan  -58.3
A  -35.1  139.7  114.5 -179.8    nan    nan  1.076   62.0  3.820    nan    nan  114.2
D  -87.0   82.4  110.9  179.4 -176.1    nan  1.031  111.1  3.831  5.742 -121.5 -130.7
I -117.5  143.4  111.8 -178.6  -53.1 -174.5  1.028  124.6  3.773  5.949  147.2  144.6
T -125.2  128.0  105.6  178.2  -71.8  168.1  0.961  121.8  3.793  5.692 -157.4 -166.6
I -120.1  114.0  112.8 -177.6  -51.3 -173.7  1.041  120.7  3.756  5.758 -171.1 -170.3
I -101.0  108.7  110.4  178.1  -62.6  174.8  1.009  112.6  3.800  5.956 -161.3 -172.9
L  -92.9   82.7  108.1 -179.8  -96.2    nan  0.999  107.6  3.802  5.950 -160.1 -167.2
S  -96.7    nan  109.0  179.5   58.5    nan  1.030    nan  3.803  6.116  163.3  165.7
