Id   phi    psi    tau  omega    chi    chi2  solid    eta  CA-CA  CB-CB  BA^AB  NA^AC
A    nan  -42.8  117.0    nan    nan    nan  1.085    nan    nan    nan    nan    nan
E  -64.0  135.7  114.0 -179.8  -49.3    nan  1.026   86.6  3.888  5.338   72.1   82.8
E  -62.4  -20.1  115.0 -177.4   45.9    nan  1.090  107.9  3.837  5.732 -103.1 -107.7
W  -93.9   -7.6  112.7  178.5   45.0    nan  1.070   83.2  3.831  5.430   53.6   73.2
Y  -84.0  112.7  109.7  177.1 -177.4    nan  1.015  105.6  3.786  5.648   76.8   92.3
F -100.8   18.2  114.5  177.7  -79.1    nan  1.081   87.1  3.853  6.015 -169.4 -170.2
G   57.8 -130.5  114.4  172.3    nan    nan    nan   85.4  3.839    nan    nan -116.6
K  -89.3   25.2  113.1 -175.7  -63.2    nan  1.060  100.2  3.815    nan    nan  -21.0
I  -63.8  156.2  108.3  172.1   63.3  -59.7  1.021   73.1  3.770  6.052  138.0  137.6
T  -89.0  175.1  112.9 -173.8   70.6  -54.7  1.042   90.9  3.807  5.540 -107.4 -107.0
R  -59.4  -50.0  109.4  173.6  171.5    nan  1.023   96.3  3.807  5.210  -62.1  -65.2
R  -61.1  -44.2  110.9  180.0  176.6    nan  1.030   97.4  3.784  5.238   64.5   76.4
E  -58.5  -43.9  113.0  178.5  -76.7    nan  1.054   98.3  3.826  5.341   69.4   83.8
S  -62.6  -38.2  109.9 -179.9   70.4    nan  1.017  100.0  3.827  5.301   68.9   81.2
E  -69.9  -38.4  111.8  178.6  -56.7    nan  1.039   93.0  3.777  5.295   63.0   78.4
R  -57.8  -47.5  110.7  172.6  -84.8    nan  1.007   98.0  3.799  5.383   76.3   84.8
L  -65.2  -47.5  114.7  177.6  -69.9    nan  1.047   90.2  3.827  5.177   59.0   73.9
L  -73.1  -28.3  110.7 -169.5  -75.1    nan  0.998   95.5  3.799  5.097   62.0   77.6
L  -94.1    2.7  110.7  179.9  -61.5    nan  1.004   86.9  3.760  5.162   48.6   65.3
N -105.5   68.8  111.5 -166.2 -166.6    nan  1.007  103.4  3.828  5.450   70.8   96.1
A -179.8 -151.0  109.5  177.6    nan    nan  1.007  150.9  3.801  5.289   67.0   61.8
E -118.8   34.3  108.1  176.3  -23.1    nan  1.002   75.8  3.761  4.938  -95.0  -80.1
N  -64.7  128.1  112.4 -177.0  -82.7    nan  1.015   90.4  3.711  6.065  142.0  153.9
P  -64.6  169.7  112.7  175.8   34.4    nan  1.003   68.9  3.807  5.554 -113.7 -123.8
R  -63.6  150.4  104.8  171.7  -53.0    nan  0.937   74.1  3.806  5.262  -71.5  -78.1
G   84.2    7.0  113.8  177.9    nan    nan    nan   92.9  3.770    nan    nan   42.5
T  -75.7  137.9  103.9  170.0  -59.0 -177.8  0.967   88.4  3.827    nan    nan  106.2
F -147.6  174.1  111.8 -173.2   71.3    nan  1.026  149.3  3.781  5.719  177.5  171.5
L -159.4  160.4  107.9  168.9   55.3    nan  1.004  156.7  3.764  5.387 -172.3 -167.3
V -110.4  140.0  108.4  170.6  177.1  -62.3  1.004  117.2  3.807  5.588 -134.5 -133.3
R -141.4  162.2  110.1 -179.2   55.6    nan  1.007  144.1  3.869  5.743 -178.3  176.9
E  -62.9  136.5  109.9  174.5  -79.9    nan  1.007   82.9  3.844  5.382  -78.8  -82.9
S  -63.3  142.2  109.5  179.0 -179.3    nan  1.001   80.1  3.863  5.745 -101.0 -109.0
E  -79.9  -47.7  107.1  172.4  -60.7    nan  0.976   84.5  3.805  5.715 -114.1 -123.7
T  -73.5  -17.9  117.4 -173.8   62.6  -61.1  1.100   97.8  3.802  5.003   53.0   72.9
T -143.8  125.0  109.8 -170.8  -44.9 -166.9  0.999  128.9  3.808  4.811   17.6   31.9
K  -67.1  142.9  112.7 -178.5   10.2    nan  1.043   84.5  3.764  5.800 -117.2 -124.1
G   81.5  -23.9  116.0  177.3    nan    nan    nan  108.1  3.835    nan    nan   28.3
A  -80.0  176.3  111.5  179.3    nan    nan  1.009   81.3  3.785    nan    nan   83.0
Y -128.8  178.3  107.2  170.5  -65.4    nan  0.983  129.3  3.794  5.421 -140.2 -132.0
S -137.7  132.2  106.1 -180.0  -56.3    nan  0.963  129.4  3.764  5.349 -139.6 -135.5
L -103.7  124.4  106.0  179.0  169.0    nan  0.975  110.8  3.782  5.824 -149.8 -154.3
S -118.2  130.2  106.6 -178.4  -56.8    nan  0.997  119.9  3.760  5.849 -174.5 -173.6
V -136.2  133.7  110.1 -170.3 -170.8  -48.6  1.009  132.1  3.878  5.976 -175.0  176.3
S  -83.1  156.6  108.5  177.5   69.5    nan  1.026   90.9  3.776  5.797 -129.3 -132.7
D -151.9  160.3  106.4 -169.3 -178.2    nan  0.973  151.1  3.745  5.512 -161.7 -174.8
F -137.0  135.5  109.0  173.2  172.4    nan  1.006  132.6  3.776  5.597 -162.4 -157.8
D -146.2  160.1  107.7  169.7   69.3    nan  1.041  147.0  3.778  5.675  161.3  160.6
N  -64.7  -39.7  115.3 -171.6   33.3    nan  1.070   94.7  3.774  5.445  -73.2  -79.1
A  -72.1  -52.3  109.7  177.5    nan    nan  1.004   86.2  3.760  5.277   64.3   74.8
K  -83.4  -17.8  115.2 -174.1  -63.0    nan  1.072   88.9  3.814  5.011   38.1   59.8
G   68.7 -149.1  107.5 -170.9    nan    nan    nan   80.4  3.764    nan    nan -124.3
L  -75.9  143.3  108.2  178.0  -70.7    nan  1.010   89.2  3.784    nan    nan  -36.4
N -161.7  159.6  107.6 -175.5   69.3    nan  0.985  157.4  3.789  5.557  169.6  158.7
V -111.2  131.5  109.4 -176.9  178.4  -59.3  1.001  118.1  3.779  5.550 -129.0 -128.7
K -107.4  146.7  109.2  172.9  -59.7    nan  1.018  115.0  3.777  5.818 -159.5 -161.8
H -123.6  133.0  109.2 -174.8  -60.2    nan  1.009  125.3  3.752  5.663 -150.3 -156.4
Y -129.0  119.2  107.4 -174.6  -58.2    nan  0.982  120.7  3.806  5.870 -167.5 -176.3
K  -60.2  143.4  111.3  171.5 -170.6    nan  1.013   77.8  3.762  5.697 -116.5 -129.7
I -117.4  112.2  101.9  172.3  -63.4  176.1  0.968  110.1  3.738  5.725 -157.8 -161.4
R  -85.8  148.4  112.0  177.2  -59.5    nan  1.014   97.7  3.781  6.010 -149.3 -154.8
K -106.3  129.8  108.5  177.0  162.2    nan  0.988  114.4  3.813  5.580 -137.0 -141.8
L  -85.4  151.2  108.9 -178.9  -63.0    nan  0.991   94.9  3.825  5.820 -130.0 -138.7
D  -55.4  -34.6  113.8  177.5  -80.7    nan  1.044  106.2  3.813  5.473  -79.3  -86.4
S  -79.0   -2.5  111.3 -179.9   55.1    nan  1.048  100.1  3.797  5.212   56.4   75.2
G  121.8  -31.7  116.4  175.7    nan    nan    nan   75.6  3.826    nan    nan  -73.3
G  -79.4 -170.3  116.3 -174.9    nan    nan    nan   75.2  3.837    nan    nan   83.7
F -143.2  156.9  110.6 -171.7  -60.1    nan  0.995  145.0  3.833    nan    nan -123.9
Y -162.0  158.7  111.5  178.3   72.5    nan  1.033  158.1  3.781  5.455  173.9  171.5
I -120.8  -36.0  108.1  174.2  -67.4  172.8  0.993   55.2  3.771  5.511 -140.3 -146.5
T -132.5  175.3  110.3  170.1   77.1  -47.3  1.043  134.0  3.859  5.098   -8.9   13.5
S  -76.2  -14.3  112.8  177.2   58.5    nan  1.016   98.0  3.822  5.085  -74.9  -79.4
R  -65.1  -48.0  112.2 -177.3 -156.0    nan  1.035   91.5  3.805  5.544   92.3  108.9
T -139.2  149.5  110.6  177.7   57.6  -62.6  0.990  140.3  3.836  4.878  -18.0   -0.0
Q -129.4  158.3  106.9  174.2   39.6    nan  1.040  132.3  3.807  5.644 -166.6 -165.3
F -130.9  144.9  111.6 -174.6  -45.5    nan  1.023  134.1  3.799  5.538 -145.0 -149.0
N  -77.4  -13.2  112.3 -179.0  -77.2    nan  1.038   97.3  3.748  5.591 -107.8 -114.7
S -147.1  166.4  107.5  175.0   64.9    nan  1.000  148.7  3.833  5.148    4.7   21.5
L  -75.7  -28.0  112.7 -178.9 -178.0    nan  1.060   92.5  3.779  5.305  -87.7  -86.5
Q  -71.8  -36.3  110.8  178.8 -174.7    nan  1.034   93.0  3.817  5.486   69.1   86.3
Q  -64.5  -36.3  111.2  177.1  -68.3    nan  1.027   98.8  3.814  5.456   69.9   84.0
L  -54.9  -53.0  110.4  174.2 -177.1    nan  1.035   96.8  3.834  5.480   79.7   90.4
V  -63.2  -46.8  109.5 -177.3  178.4  -62.6  1.035   95.3  3.785  5.173   58.6   73.7
A  -58.5  -47.1  111.1  178.2    nan    nan  1.018   97.6  3.797  5.335   69.2   80.6
Y  -54.9  -52.5  114.0  175.1 -175.0    nan  1.050   95.0  3.894  5.406   69.7   81.9
Y  -75.1   -9.8  115.3 -176.6  -76.9    nan  1.091  100.5  3.800  5.004   44.5   66.7
S  -71.0  -27.1  110.9  168.5  -62.7    nan  1.003   97.8  3.816  5.766   87.7   95.8
K -102.7  -24.3  111.7  179.3  -61.3    nan  1.022   69.6  3.777  5.067   36.3   58.4
H -136.4  107.3  111.9 -175.5  -55.5    nan  1.014  117.5  3.875  4.981   10.5   29.9
A  -56.9  -50.2  112.2  178.2    nan    nan  1.034   96.1  3.831  5.923 -121.5 -135.1
D   44.7   54.7  116.1  176.5  -71.0    nan  1.074   99.0  3.846  5.408  174.1  171.6
G  105.0  -29.3  111.6  177.8    nan    nan    nan   87.1  3.799    nan    nan  -34.8
L  -68.5  162.4  109.3  174.2  -48.7    nan  1.018   75.1  3.856    nan    nan   84.1
C  -65.1  -22.9  114.3 -179.3   47.2    nan  1.062  104.1  3.852  5.391  -76.5  -80.3
H -168.3  159.3  106.4 -177.5 -173.5    nan  0.975  159.5  3.754  4.606  -15.5   -6.3
R  -69.6  153.5  108.8  177.6  -68.1    nan  0.983   79.8  3.796  5.431  -85.8  -90.6
L  -77.2   80.0  110.1 -179.6  -55.5    nan  1.015  111.7  3.780  5.419 -100.7 -104.0
T  -92.9  -47.8  119.1 -173.4   41.8  -77.7  1.133   66.8  3.752  5.907  161.2  175.4
T -106.3  125.9  110.7  176.7  -57.9  179.0  0.996  116.1  3.881  5.202   15.3   35.8
V  -64.5  134.3  108.5  171.0  175.8  -67.5  1.008   84.5  3.790  5.747 -117.4 -128.4
C  -48.7  124.7  110.3  174.7 -169.2    nan  1.004   80.8  3.877  5.611  -85.7 -101.8
P  -59.6    nan  110.5 -172.8    0.6    nan  0.989    nan  3.823  5.662 -103.6 -114.7
