Id   phi    psi    tau  omega    chi    chi2  solid    eta  CA-CA  CB-CB  BA^AB  NA^AC
D    nan  172.6  110.6    nan  105.8    nan  1.017    nan    nan    nan    nan    nan
S  -47.0  -47.1  115.4 -175.7   53.2    nan  1.066  103.6  3.857  5.172  -47.3  -49.6
I  -50.1  -39.4  112.2  179.4 -170.7   65.0  1.052  108.2  3.828  5.313   77.3   90.6
Q  -54.1  -33.4  114.2  179.6  -58.7    nan  1.072  107.9  3.857  5.497   77.7   93.7
A -100.9    7.3  117.0 -177.8    nan    nan  1.084   82.5  3.775  5.039   33.9   58.8
E  -67.1  137.4  109.9  176.2  -66.0    nan  1.010   85.7  3.821  5.964  114.9  120.9
E  -59.4  -27.8  112.3 -177.7   58.4    nan  1.044  107.3  3.794  5.601  -93.5 -103.9
W  -94.4   -5.8  113.0 -178.4   46.2    nan  1.080   83.4  3.812  5.245   45.0   68.3
Y  -93.6  131.2  111.6  179.2 -170.4    nan  1.018  108.5  3.817  5.593   71.8   87.4
F -119.8   26.0  112.4 -176.2  -83.4    nan  1.059   72.5  3.792  5.731 -167.0 -168.5
G   55.0 -128.1  115.0  171.2    nan    nan    nan   85.3  3.781    nan    nan -112.5
K  -94.7   29.9  113.4 -178.8  -56.5    nan  1.059   97.3  3.714    nan    nan  -24.1
I  -69.6  148.8  110.5  173.2   68.2  -56.4  1.067   82.6  3.785  6.102  130.8  138.3
T  -71.1  162.8  112.1 -176.7   66.8  -58.4  1.025   78.2  3.815  5.519  -90.4 -102.6
R  -61.3  -34.6  113.2  174.7   62.1    nan  1.082  101.5  3.804  5.441  -79.3  -79.1
R  -67.5  -42.2  110.2 -178.6  172.5    nan  1.016   94.0  3.776  5.349   74.4   86.3
E  -64.0  -41.3  110.4  176.8 -177.1    nan  1.034   97.0  3.868  5.359   62.0   78.3
S  -63.1  -35.2  110.9  177.9   66.7    nan  1.051  100.8  3.843  5.439   65.1   81.3
E  -70.3  -36.9  110.8  176.0  -89.9    nan  1.021   93.9  3.822  5.469   65.5   78.5
R  -56.6  -48.5  110.8  173.3 -171.4    nan  1.029   98.2  3.808  5.464   77.6   87.6
L  -69.4  -39.3  113.1  177.7  -55.9    nan  1.051   92.2  3.869  5.272   54.1   69.1
L  -81.0  -29.6  115.7 -176.3  -64.1    nan  1.098   85.6  3.779  5.193   50.0   73.3
L  -74.2    0.9  112.8  179.9  -82.8    nan  1.053  106.2  3.800  5.442   70.2   84.8
N  -68.3  125.9  110.7  178.7  178.8    nan  1.025   92.9  3.787  5.777  103.5  116.3
A  -54.4  -21.2  119.1 -175.0    nan    nan  1.090  113.5  3.760  5.597  -98.8 -111.3
E  -63.9  -35.7  110.9  173.6  157.1    nan  1.018   99.8  3.840  5.596   83.9   96.2
N  -63.2  130.5  110.0 -175.1  -66.5    nan  1.019   86.4  3.821  5.333   74.9   91.3
P  -74.5  165.6  109.4  170.5   29.3    nan  0.976   79.6  3.810  5.657 -125.3 -131.7
R  -69.1  140.9  108.9  176.9   67.3    nan  1.026   85.1  3.819  5.546  -87.5  -83.0
G   96.8   -4.9  111.1 -175.6    nan    nan    nan   85.0  3.733    nan    nan   46.9
T  -55.4  138.9  108.5  166.1  -53.6 -173.7  1.012   75.1  3.833    nan    nan  112.6
F -146.9  172.5  113.6 -174.6   71.9    nan  1.000  149.3  3.778  5.663 -179.1  172.8
L -164.3  145.5  109.6  175.2   64.8    nan  1.046  147.6  3.769  5.320 -178.4 -173.4
V -100.9  149.3  104.9  177.3 -179.4  -59.9  1.017  107.0  3.760  5.680 -132.4 -141.1
R -155.7  165.8  110.3  177.4   58.6    nan  1.017  156.7  3.843  5.683  177.2  170.4
E  -62.9  144.3  108.3  170.4  -76.8    nan  0.982   78.1  3.786  5.222  -74.2  -81.1
S  -69.4  131.7  107.2  171.1  172.7    nan  0.978   88.4  3.856  5.587 -103.6 -112.3
E  -74.3  -39.2  110.2  177.5  -65.9    nan  0.997   89.9  3.867  5.876 -115.5 -125.8
T  -98.2   -5.0  115.1 -173.7   57.4  -66.6  1.059   79.7  3.798  4.844   37.7   57.8
T -127.2  121.1  108.4  176.2  -46.0 -169.3  0.993  121.9  3.873  5.385   34.7   52.0
K  -67.6  139.7  109.9  179.9   11.9    nan  1.008   85.0  3.806  5.836 -119.0 -128.8
G   80.7  -14.3  114.5  176.8    nan    nan    nan  104.9  3.767    nan    nan   24.7
A  -94.5  168.9  113.6  177.7    nan    nan  1.039   98.8  3.857    nan    nan   78.3
Y -123.7  175.6  105.9  176.0  -62.5    nan  0.974  124.8  3.839  5.558 -135.9 -133.8
S -137.6  136.0  109.0  178.8  -94.0    nan  1.038  133.2  3.687  5.182 -148.9 -138.0
L -105.1  112.5  105.2  175.7  173.8    nan  0.969  109.5  3.793  5.973 -144.0 -155.8
S -106.9  129.9  106.1 -178.7  -52.8    nan  0.967  113.0  3.788  5.912 -171.7 -174.9
V -128.7  128.8  110.4 -170.1 -171.0  -54.7  1.021  127.2  3.788  5.845 -170.6 -176.5
S  -79.3  143.1  109.8  178.0   62.2    nan  1.000   92.9  3.801  5.813 -125.4 -134.4
D -149.3  168.1  107.5 -179.4 -170.4    nan  0.982  150.8  3.801  5.585  175.5  171.5
F -139.2  145.2  113.8  176.5 -174.4    nan  1.044  140.6  3.831  5.592 -156.7 -148.1
D -150.2  149.3  108.8  169.9   77.8    nan  1.029  145.9  3.793  5.601  169.6  166.4
N  -83.1   59.1  113.5 -177.1   28.9    nan  1.063  113.7  3.808  5.665 -109.8 -110.9
A -165.6  -44.8  109.5  179.5    nan    nan  1.013   41.8  3.800  5.534   72.9   68.9
K  -92.5  -15.2  109.6  173.0   20.5    nan  0.998   82.5  3.826  5.233   32.3   46.2
G   75.9 -167.0  109.7 -170.9    nan    nan    nan   80.6  3.760    nan    nan -116.5
L  -61.3  132.6  103.9  173.4  -72.3    nan  0.952   80.2  3.802    nan    nan  -46.3
N -148.6  171.0  107.8  177.6   62.0    nan  1.014  150.2  3.722  5.620  162.9  160.5
V -120.0  136.7  108.5 -177.7  173.6  -66.6  1.003  123.5  3.776  5.464 -127.1 -125.0
K -107.2  135.7  109.9  169.3  -63.8    nan  1.032  116.0  3.805  5.835 -157.0 -157.4
H -110.1  126.7  109.2 -178.7  -58.4    nan  0.994  116.9  3.783  5.733 -147.9 -156.9
Y -117.5  121.5  107.5  179.9  -58.9    nan  0.967  118.0  3.890  5.954 -165.8 -173.8
K  -64.0  146.9  107.9  174.1 -176.1    nan  0.970   77.5  3.751  5.669 -117.8 -129.3
I -119.9  122.2  102.5  171.4  -63.8  170.8  0.937  115.1  3.806  5.776 -156.4 -159.2
R -103.0  150.4  110.3  179.5  -53.8    nan  0.998  111.3  3.791  5.914 -158.9 -159.7
K -102.5  134.1  109.0  176.8 -168.2    nan  1.004  112.3  3.779  5.537 -132.7 -134.6
L  -89.9  158.9  107.7 -178.2  -63.3    nan  0.969   96.2  3.849  5.765 -127.1 -138.4
D  -64.8  -24.3  112.1 -178.9  -62.4    nan  1.040  104.4  3.799  5.382  -84.1  -83.6
S  -65.1  -24.4  111.0  173.6   64.6    nan  1.007  104.5  3.863  5.649   83.2   91.5
G  115.2   -8.0  110.8  179.8    nan    nan    nan   67.9  3.786    nan    nan  -93.9
G  -76.3 -178.7  113.9 -179.9    nan    nan    nan   75.7  3.813    nan    nan  102.5
F -137.6  154.9  108.9 -176.3  -64.2    nan  0.991  139.6  3.797    nan    nan -130.3
Y -158.2  159.2  109.4  175.7   72.2    nan  1.029  155.8  3.804  5.572  171.4  174.8
I -116.9  -37.3  107.4  169.8  -66.0  174.0  0.993   58.6  3.792  5.592 -139.8 -144.2
T -130.7  171.6  109.6  179.6   76.7  -47.1  1.022  133.0  3.882  5.078   -1.6   19.5
S  -76.2  -11.4  113.3  176.8   52.4    nan  1.030   99.1  3.854  5.183  -81.3  -83.4
R  -69.8  -44.8  111.6 -177.2 -147.5    nan  1.047   90.1  3.798  5.535   88.6  106.5
T -143.1  146.5  111.4 -175.5  -41.5 -161.8  1.054  142.0  3.791  4.785  -17.2    3.1
Q -127.8  166.6  107.7  170.4   73.3    nan  1.027  130.6  3.835  5.747 -166.3 -167.1
F -140.8  148.1  109.4 -169.8  -52.5    nan  1.005  140.2  3.837  5.526 -144.1 -147.9
N  -78.2   -7.5  115.4  179.2  -74.9    nan  1.066   98.5  3.783  5.545 -109.1 -109.8
S -160.1  159.4  109.3 -178.1   70.3    nan  1.002  156.9  3.822  4.923    2.9   16.9
L  -64.4  -36.6  109.9  172.6  -71.0    nan  1.010   99.4  3.811  5.360  -85.2  -89.3
Q  -55.7  -43.5  112.1  176.3  -63.4    nan  1.049  101.2  3.800  5.478   76.3   91.1
Q  -72.4  -30.3  113.6  178.3  -76.2    nan  1.053   93.9  3.812  5.218   55.2   71.7
L  -67.5  -45.9  109.7  175.2 -178.3    nan  1.011   92.4  3.816  5.450   71.9   85.1
V  -63.7  -49.0  108.9  179.6  169.5  -67.1  1.005   94.1  3.819  5.266   61.3   76.9
A  -55.3  -43.7  111.1  177.7    nan    nan  1.005  101.9  3.817  5.322   69.2   80.8
Y  -63.2  -54.6  112.4 -179.8 -176.9    nan  1.039   89.1  3.812  5.275   66.3   81.4
Y  -72.6   -5.5  112.7 -175.8  -75.3    nan  1.067  105.2  3.804  5.026   46.4   66.4
S  -75.4  -30.2  107.3  170.3  -67.7    nan  0.989   94.2  3.783  5.765   86.7   96.2
K  -93.1  -19.9  114.2  177.1  -53.7    nan  1.060   79.0  3.824  5.312   41.6   63.2
H -153.2  125.1  108.4 -173.7  -51.5    nan  0.984  129.0  3.859  4.839    5.7   16.5
A  -65.7  -47.5  108.4 -179.9    nan    nan  0.983   93.8  3.760  5.677 -113.3 -123.9
D   40.4   58.9  115.7  179.6  -80.8    nan  1.107   98.8  3.843  5.486  164.2  172.4
G  103.4  -29.6  112.8 -178.4    nan    nan    nan   89.1  3.757    nan    nan  -29.2
L  -67.7  158.9  110.1  176.3  -56.1    nan  1.013   76.1  3.877    nan    nan   86.6
C  -60.0  -26.5  113.4  179.6   64.0    nan  1.045  107.1  3.797  5.294  -76.0  -81.0
H -162.7  153.7  106.5 -176.0 -162.9    nan  0.976  153.3  3.815  4.748  -14.8   -2.6
R  -59.4  142.1  106.8  169.6 -155.9    nan  0.946   75.6  3.782  5.224  -83.8  -94.4
L  -72.3  122.7  109.3  176.6  -53.1    nan  1.006   95.7  3.863  5.824 -113.0 -112.1
T -110.7  -82.0  112.0 -178.2   62.5  -56.9  1.051   66.7  3.845  5.964 -167.9 -167.3
T  -85.4  136.8  111.5  179.9  -49.5 -170.5  1.057  101.0  3.823  4.905    4.5   25.0
V  -72.7  126.1  104.6  169.5  168.6  -74.2  0.986   91.2  3.831  5.672 -113.2 -128.2
C  -49.1  127.0  111.6  175.5 -164.0    nan  1.031   80.1  3.835  5.793  -96.2 -108.4
P  -75.3    nan  110.1  171.2   27.0    nan  0.997    nan  3.830  5.684 -128.5 -137.6
