Id   phi    psi    tau  omega    chi    chi2  solid    eta  CA-CA  CB-CB  BA^AB  NA^AC
I    nan  -23.7  112.8    nan -160.0   77.5  1.057    nan    nan    nan    nan    nan
Q  -56.7  -26.3  114.3  179.2  -28.7    nan  1.053  109.8  3.853  5.684   91.5  105.4
A  -96.4   10.4  117.3  177.9    nan    nan  1.082   88.5  3.825  5.226   44.0   65.4
E  -77.6  127.0  109.4  174.0  -79.8    nan  0.995   97.4  3.824  5.842  105.0  111.5
E  -52.6  -35.9  113.4 -177.1  -69.2    nan  1.040  107.9  3.818  5.756  -96.6 -105.2
W  -85.4   -3.2  114.7 -176.3   47.1    nan  1.073   93.2  3.798  5.072   50.3   71.7
Y  -92.0  116.4  108.6 -176.1 -175.7    nan  1.019  107.5  3.845  5.649   74.3   94.0
F -105.5   10.5  111.9 -177.4  -82.4    nan  1.056   78.6  3.790  5.967 -168.3 -167.2
G   68.7 -126.8  113.9  171.2    nan    nan    nan   94.8  3.829    nan    nan -113.8
K  -93.0   27.5  119.2 -175.2   41.6    nan  1.105  100.3  3.782    nan    nan  -18.1
I  -67.5  154.9  110.0  173.9   57.1  -66.1  1.026   77.7  3.812  6.067  135.5  136.7
T  -84.6  171.6  112.3 -179.7   67.2  -51.3  1.024   87.9  3.806  5.533 -107.2 -107.8
R  -57.6  -40.0  111.4  176.0  167.1    nan  1.025  102.3  3.849  5.232  -63.1  -66.3
R  -75.5  -39.1  108.3 -178.4  -46.3    nan  0.993   90.1  3.770  5.215   59.3   73.4
E  -58.4  -46.6  109.1  174.1  -69.4    nan  1.017   99.0  3.827  5.456   72.3   83.8
S  -62.7  -32.5  111.1 -176.5   76.6    nan  1.038  102.4  3.813  5.312   63.8   80.9
E  -71.3  -37.3  107.5  178.5  -73.8    nan  1.003   94.8  3.830  5.477   67.5   81.6
R  -66.3  -41.4  112.0  175.6  -71.5    nan  1.045   94.3  3.813  5.423   65.2   80.0
L  -64.2  -29.8  114.8  177.4  -68.3    nan  1.047  101.0  3.812  5.327   67.8   81.1
L  -92.8  -39.1  114.3 -172.8  -77.9    nan  1.064   72.7  3.773  5.099   49.6   73.2
L  -78.3  101.0  106.2 -174.2  -75.9    nan  1.003  103.3  3.749  5.166   58.9   74.7
N -152.0  121.1   99.0 -177.4 -179.1    nan  0.901  121.2  3.562  5.542  143.1  122.1
A  -74.6    8.7  113.3 -179.4    nan    nan  1.041  108.7  3.709  5.832 -125.1 -136.8
E -123.7   17.5  108.4  175.2   47.5    nan  0.991   63.2  3.769  5.327   51.2   65.7
N -110.0  137.9  110.9  176.1  -77.5    nan  1.018  118.6  3.834  5.758   70.1   91.0
P  -61.6  151.2  113.5  177.5   20.0    nan  1.028   75.7  3.826  5.488 -101.2 -106.4
R  -52.4  135.5  108.7  169.4  -71.5    nan  0.999   75.1  3.820  5.491  -75.6  -91.2
G   94.4    3.8  110.9  179.6    nan    nan    nan   84.2  3.779    nan    nan   36.5
T  -70.0  140.7  108.6  171.0  -70.9  167.5  1.018   85.7  3.809    nan    nan  111.1
F -146.5  174.3  111.9 -166.5   74.3    nan  1.025  148.2  3.784  5.693 -174.1  178.0
L -160.5  159.6  107.7  167.8   50.2    nan  0.995  156.8  3.808  5.489 -174.0 -168.7
V -115.5  131.2  103.9  175.1  177.9  -66.3  0.981  116.6  3.854  5.624 -138.1 -138.7
R -139.5  175.3  105.7 -179.5   52.8    nan  0.950  140.5  3.810  5.779  177.7  169.5
E  -78.5  148.0  114.8  174.8  -74.8    nan  1.039   92.8  3.853  5.363  -87.9  -80.5
S  -76.4  130.9  105.5  177.1 -176.7    nan  0.970   92.4  3.829  5.616 -104.2 -111.9
E  -72.7  -40.5  110.4  172.4  -31.5    nan  0.997   90.6  3.849  5.804 -118.0 -127.4
T  -71.3  -39.8  114.3 -175.7  -77.9  160.2  1.051   89.8  3.746  4.864   60.4   79.0
T -119.6  111.6  107.5 -179.3  -59.2  174.4  1.002  115.1  3.821  5.048    5.5   31.1
K  -60.1  138.0  108.7  179.3   12.4    nan  0.998   79.3  3.778  5.952 -119.0 -132.7
G   86.4  -14.9  116.4 -178.2    nan    nan    nan  100.1  3.790    nan    nan   30.9
A  -97.1  160.5  109.2 -177.9    nan    nan  1.002  103.0  3.873    nan    nan   76.8
Y -113.0 -179.6  108.5  176.2  -68.6    nan  1.012  112.9  3.774  5.509 -134.1 -133.6
C -152.4  132.2  106.8 -177.1  169.0    nan  0.977  134.0  3.728  5.260 -149.5 -147.3
L  -99.1  117.5  108.0  173.6 -179.2    nan  0.982  110.1  3.767  5.762 -146.2 -153.9
S -106.2  128.2  107.9  178.0  -59.7    nan  0.981  113.9  3.881  5.960 -168.5 -172.3
V -131.2  131.2  109.1 -169.8 -168.3  -51.1  1.000  128.3  3.835  5.974 -173.2  179.7
S  -80.0  144.3  109.3  176.5   63.1    nan  1.020   92.8  3.800  5.750 -128.2 -132.7
D -140.5  168.9  109.5 -178.3 -171.2    nan  1.008  142.9  3.762  5.634 -172.9 -177.3
F -147.1  128.3  107.0  177.0 -178.0    nan  0.984  130.1  3.757  5.485 -159.7 -157.7
D -134.3  155.4  106.4  168.7   71.6    nan  0.994  136.0  3.747  5.747  169.6  164.7
N  -45.0  -51.2  114.3 -174.5   38.2    nan  1.052  102.5  3.808  5.257  -58.3  -68.4
A  -74.4  -61.1  113.5 -174.9    nan    nan  1.051   78.0  3.757  4.990   50.2   69.2
K  -78.2  -16.3  111.5 -172.4   31.0    nan  1.031   95.5  3.770  4.933   39.5   58.2
G   70.9 -149.9  111.6 -175.8    nan    nan    nan   83.8  3.752    nan    nan -126.3
L  -61.0  133.6  111.0  174.7  -72.7    nan  1.001   83.9  3.814    nan    nan  -23.4
N -160.8  161.4  103.9  178.3   62.9    nan  0.983  157.0  3.799  5.572  154.1  145.6
V -111.7  135.1  105.9 -179.2  175.6  -67.2  0.963  116.2  3.776  5.579 -126.9 -128.6
K -101.4  147.5  107.8  172.8  -52.2    nan  0.964  109.1  3.859  5.895 -148.3 -151.0
H -123.3  130.3  106.4 -178.6  -63.8    nan  0.994  122.3  3.897  5.830 -158.1 -153.8
Y -122.3  122.6  106.7 -177.9  -60.5    nan  0.976  119.5  3.824  5.893 -165.0 -172.7
K  -75.7  141.0  107.3 -178.3 -175.6    nan  0.999   89.4  3.778  5.757 -128.9 -135.1
I -118.0  123.0  103.4  179.8  -62.5  172.7  0.938  115.3  3.847  5.885 -152.7 -159.1
R -107.6  150.2  109.2 -178.0  -52.9    nan  0.990  114.7  3.801  5.910 -162.8 -162.1
K -106.6  124.8  106.3 -179.0 -175.9    nan  0.953  112.6  3.752  5.481 -132.0 -137.6
L  -73.6  145.0  106.6  173.2  -66.2    nan  0.975   85.8  3.734  5.710 -127.4 -137.4
D  -62.5  -31.0  112.9 -178.2   40.3    nan  1.045  102.6  3.798  5.545  -91.6  -98.7
S  -69.0  -17.2  112.5  168.8   43.6    nan  1.032  103.8  3.770  5.391   66.3   79.1
G  138.4  -48.4  117.5  175.0    nan    nan    nan   74.6  3.869    nan    nan  -68.2
G  -58.1  176.5  116.2 -173.6    nan    nan    nan   59.7  3.846    nan    nan   89.4
F -130.2  145.5  111.6 -174.5  -69.1    nan  1.005  133.7  3.791    nan    nan -128.2
Y -149.8  155.5  111.2  175.3   68.5    nan  1.037  149.5  3.807  5.613  169.4  174.3
I -113.7  -42.0  104.3  170.2  -65.8  173.7  0.987   63.2  3.791  5.641 -140.7 -144.9
T -130.7  176.5  110.8  177.2   76.7  -47.7  1.040  131.9  3.888  5.048   -7.1   13.8
S  -79.6   -4.1  114.3 -179.3   57.0    nan  1.039   98.7  3.853  5.206  -79.7  -77.1
R  -69.6  -41.6  112.0 -179.5 -154.6    nan  1.036   91.6  3.759  5.555   94.1  112.0
T -146.5  149.7  106.1 -171.1  -61.6 -171.6  0.954  142.9  3.849  4.643  -12.5    4.6
Q -133.3  155.8  103.8  177.8  -65.4    nan  0.929  134.2  3.847  5.815 -160.6 -166.6
F -136.0  142.4  107.9 -171.3  -62.4    nan  0.968  134.4  3.771  5.464 -153.8 -153.9
N  -77.8  -10.5  111.6 -179.2  -74.9    nan  1.068   98.2  3.767  5.687 -116.5 -114.5
S -152.8  166.6  108.5  175.0   61.4    nan  0.999  154.0  3.751  5.001    5.3   19.3
L  -70.1  -34.6  112.9  179.3  -89.2    nan  1.042   94.1  3.778  5.237  -79.8  -81.7
Q  -67.5  -30.1  110.1  177.7 -174.8    nan  1.027   99.9  3.755  5.251   68.4   83.5
Q  -68.6  -36.6  111.5  175.3  -75.7    nan  1.031   95.1  3.831  5.539   67.3   84.6
L  -64.4  -51.1  110.5  175.5 -172.3    nan  1.031   91.5  3.786  5.358   68.5   82.5
V  -56.2  -47.6  111.3  177.9  174.4  -69.8  1.037   98.8  3.824  5.277   64.2   78.7
A  -58.8  -41.0  113.3  178.8    nan    nan  1.039   99.7  3.827  5.294   65.7   80.8
Y  -66.9  -46.5  109.6 -179.8 -176.9    nan  0.992   92.6  3.814  5.252   66.1   79.9
Y  -78.7   -7.2  114.7 -173.4  -74.2    nan  1.090   98.2  3.805  5.145   43.2   70.2
S  -74.0  -31.4  107.3  170.0  -64.4    nan  0.975   95.0  3.751  5.690   90.7   95.5
K  -97.8  -25.3  110.3  177.2  -17.9    nan  1.037   74.4  3.815  5.235   34.1   57.0
H -138.4  115.7  110.0 -177.0  -52.3    nan  0.986  121.9  3.887  5.088   10.7   26.2
A  -62.7  -40.4  113.2  178.2    nan    nan  1.045   97.1  3.781  5.730 -121.4 -131.6
D   37.0   52.6  116.9  178.7  -71.3    nan  1.104  105.6  3.894  5.593  174.3  175.7
G  106.6  -21.7  113.5  175.1    nan    nan    nan   82.8  3.768    nan    nan  -37.4
L  -67.0  157.9  107.4  172.2  -52.2    nan  0.979   75.0  3.782    nan    nan   90.8
C  -57.8  -30.0  112.8  176.2   57.9    nan  1.041  107.3  3.815  5.322  -74.9  -82.8
H -164.1  148.0  106.2 -177.9 -166.5    nan  0.960  148.8  3.819  4.638  -17.2   -8.4
R  -54.5  153.6  108.4  168.7  -60.7    nan  0.959   66.1  3.834  5.439  -81.2  -95.3
L  -77.3  126.0  108.4  178.4  -55.1    nan  0.993   96.9  3.792  5.358 -103.8 -105.1
T -112.4  -66.6  109.4 -176.4   55.8  -59.9  1.045   64.3  3.849  5.970 -167.9 -164.4
T -116.1  146.5  109.2 -173.6  -50.7 -165.1  1.005  122.0  3.860  4.893   -7.2   13.3
V  -73.6  144.4  105.3  171.4  176.7  -61.4  0.965   85.3  3.817  5.663 -105.2 -113.8
C  -48.7  124.8  107.5  174.7 -171.3    nan  0.975   79.0  3.801  5.403  -77.4  -91.1
P  -59.0    nan  115.3  179.7   19.3    nan  1.046    nan  3.838  5.696 -111.9 -117.1
