Id   phi    psi    tau  omega    chi    chi2  solid    eta  CA-CA  CB-CB  BA^AB  NA^AC
S    nan  126.8  102.6    nan  168.6    nan  0.922    nan    nan    nan    nan    nan
I  -67.8  -19.1  113.9  177.8 -158.3   82.9  1.076  103.6  3.755  5.679 -123.3 -122.8
Q  -62.4  -30.6  110.7 -175.8  -62.2    nan  1.013  103.8  3.878  5.832   94.0  107.9
A  -97.3    3.1  113.3 -176.4    nan    nan  1.029   83.9  3.749  5.024   45.7   63.2
E  -71.1  142.0  111.3  177.4  -62.9    nan  1.028   87.6  3.808  5.762  103.5  114.9
E  -58.4  -39.1  113.1 -179.2  179.4    nan  1.023  101.3  3.839  5.426  -89.0 -101.1
W  -90.4   -7.6  112.5 -176.8   44.5    nan  1.048   86.8  3.772  5.043   37.0   62.1
Y  -93.7  126.1  108.2 -175.1 -173.5    nan  0.994  106.8  3.812  5.508   71.1   89.0
F -114.9   19.1  116.3 -178.8  -79.5    nan  1.101   74.5  3.783  5.801 -171.0 -166.7
G   61.9 -129.4  113.6  168.4    nan    nan    nan   88.5  3.779    nan    nan -115.6
K  -94.5   23.6  117.1 -176.2  -76.1    nan  1.091   96.3  3.790    nan    nan  -23.9
I  -64.0  147.0  110.2  174.6   58.3  -64.7  1.027   78.5  3.849  6.105  137.1  137.3
T  -76.6  168.6  110.0 -173.2   58.7  -64.5  1.015   80.7  3.784  5.499  -99.6 -107.7
R  -56.2  -48.0  109.5  174.6  174.9    nan  1.022   99.6  3.789  5.126  -66.4  -69.7
R  -55.4  -49.1  115.3  176.9 -175.6    nan  1.074   96.1  3.815  5.206   63.9   81.7
E  -60.5  -38.9  111.9  176.9  -93.4    nan  1.033  100.3  3.863  5.358   62.7   77.0
S  -64.9  -39.1  111.2 -179.7   68.2    nan  1.046   97.0  3.776  5.338   67.9   84.2
E  -66.9  -38.0  109.6  178.8  -74.9    nan  1.025   96.8  3.774  5.377   66.4   80.2
R  -63.7  -37.9  108.2  178.1 -164.6    nan  1.009  100.3  3.823  5.409   72.8   82.9
L  -68.7  -41.9  113.6  177.0  -77.7    nan  1.044   91.2  3.826  5.374   63.9   79.0
L  -82.8  -29.5  115.0 -172.5  -67.0    nan  1.077   84.4  3.734  4.958   47.0   71.9
L  -83.5   83.7  109.6 -176.0  -73.6    nan  1.003  110.1  3.855  5.433   63.0   78.3
N -153.5  130.1  105.1 -173.4 -174.2    nan  0.951  131.7  3.715  5.498  115.4  111.0
A  -47.6  -31.2  116.0  177.5    nan    nan  1.043  114.2  3.746  5.489  -89.8 -103.5
E  -71.4  -12.7  115.3  177.4   24.2    nan  1.057  102.9  3.843  5.389   69.3   84.6
N  -93.0  127.3  114.2 -175.9  -68.1    nan  1.047  110.9  3.873  5.423   66.9   85.9
P  -59.1  160.0  111.8  172.9  -19.5    nan  1.007   68.0  3.849  5.613 -108.2 -122.1
R  -65.1  136.7  103.7  173.1   22.3    nan  0.943   80.8  3.837  5.517  -81.0  -90.0
G   99.5   -1.3  112.1 -177.6    nan    nan    nan   80.9  3.795    nan    nan   45.5
T  -65.2  139.1  107.2  171.6  -52.6 -172.5  0.990   81.9  3.839    nan    nan  110.5
F -145.8  172.9  112.6 -176.3   66.9    nan  1.040  148.0  3.851  5.752  176.1  174.4
L -157.1  155.6  106.8  172.8   57.3    nan  1.009  152.3  3.742  5.330 -168.5 -165.7
V -111.8  139.9  106.6  174.6  178.1  -61.4  0.996  117.1  3.813  5.669 -138.1 -138.3
R -146.9  175.3  108.2  179.6   64.5    nan  1.001  148.1  3.843  5.746  173.7  171.7
E  -76.7  147.7  108.7  170.1  -76.9    nan  0.988   88.4  3.824  5.317  -82.0  -82.8
S  -77.0  135.6  105.0  173.2  168.6    nan  0.956   90.9  3.759  5.449 -106.1 -116.1
E  -80.7  -26.7  111.4  176.1  -44.7    nan  1.009   89.0  3.863  5.854 -122.1 -127.7
T  -89.8  -31.1  116.4 -172.3  -90.6  141.4  1.059   76.9  3.775  4.808   55.1   77.2
T -124.6  110.8  104.5  179.0  -57.5 -178.2  0.940  113.3  3.861  5.177    9.3   30.8
K  -76.7  143.0  108.3 -178.9    3.1    nan  1.001   90.0  3.806  6.033 -143.2 -145.7
G   91.4  -14.4  111.2 -173.8    nan    nan    nan   93.8  3.690    nan    nan   44.7
A -100.8  152.8  110.8 -178.0    nan    nan  1.023  109.0  3.796    nan    nan   74.5
Y -106.2 -176.2  110.5  173.5  -64.7    nan  1.012  104.8  3.794  5.596 -134.5 -135.8
C -152.4  134.7  109.8 -178.6  169.7    nan  1.013  137.3  3.745  5.147 -150.0 -143.1
L -101.1  114.5  107.1  174.9  178.0    nan  0.968  110.0  3.824  5.836 -142.9 -153.2
S -106.5  135.0  106.5  178.6  -47.0    nan  0.972  113.2  3.796  5.905 -171.7 -173.9
V -132.9  130.5  110.2 -170.1 -163.7  -44.4  1.019  129.3  3.834  5.833 -169.0 -175.4
S  -81.3  144.5  107.8  175.8   53.7    nan  0.993   93.0  3.852  5.866 -127.2 -135.8
D -142.6  165.0  106.5 -177.3 -171.4    nan  0.966  144.3  3.802  5.624 -172.9 -179.5
F -142.1  126.5  107.4  175.2  156.4    nan  1.017  128.1  3.797  5.652 -165.2 -156.6
D -125.1  145.6  107.2  172.2   82.0    nan  1.021  127.7  3.751  5.870 -179.8  174.0
N  -50.0  -36.3  114.9 -175.0   38.9    nan  1.055  109.1  3.774  5.378  -71.7  -85.0
A  -78.1  -51.5  113.8 -179.3    nan    nan  1.042   79.6  3.836  5.304   58.7   75.5
K  -97.3    2.9  113.8 -176.7   33.2    nan  1.055   83.9  3.807  4.857   24.3   45.6
G   64.1 -132.8  110.8 -178.2    nan    nan    nan   86.4  3.853    nan    nan -116.5
L  -86.1  131.5  107.7 -173.4  -73.0    nan  0.991  100.5  3.768    nan    nan  -22.0
N -143.7  168.0  108.8  177.2   59.1    nan  1.012  145.9  3.793  5.697  166.9  164.7
V -120.7  136.0  106.3 -177.2  176.0  -64.8  0.971  122.3  3.825  5.499 -130.7 -128.4
K -106.9  148.6  107.5  174.7  -59.6    nan  0.971  113.5  3.835  5.917 -151.3 -154.1
H -130.2  129.6  106.1 -178.1  -61.9    nan  0.955  125.1  3.874  5.676 -159.1 -159.1
Y -118.0  121.6  109.3 -177.7  -60.5    nan  0.995  119.6  3.771  5.703 -165.2 -168.9
K  -70.3  148.0  108.5 -177.9 -167.4    nan  0.995   82.7  3.853  5.918 -124.3 -129.0
I -117.8  117.2  104.9  176.9  -63.5  176.5  0.968  114.6  3.847  5.782 -152.0 -151.1
R  -95.2  148.5  110.3 -177.8  -63.4    nan  1.018  104.9  3.791  5.983 -156.5 -155.3
K -100.4  122.5  108.8 -178.4  172.6    nan  0.993  111.4  3.766  5.494 -127.7 -132.8
L  -74.4  133.4  106.4  173.8  -63.9    nan  0.980   90.8  3.775  5.914 -129.6 -138.9
D  -59.5  -30.2  110.8  177.2   43.9    nan  1.044  106.5  3.819  5.692 -102.4 -110.8
S  -65.4  -19.3  112.8  170.6   51.6    nan  1.055  106.1  3.766  5.457   69.3   84.0
G  137.6  -43.5  115.6 -179.9    nan    nan    nan   70.4  3.893    nan    nan  -68.2
G  -69.9 -173.7  117.9 -176.5    nan    nan    nan   67.1  3.840    nan    nan   80.9
F -139.1  146.4  105.6 -176.5  -72.5    nan  0.948  136.7  3.782    nan    nan -126.3
Y -152.3  153.8  111.8  174.2   68.4    nan  1.041  150.5  3.821  5.589  166.4  172.5
I -108.6  -45.0  106.9  167.0  -59.0 -176.8  1.011   65.1  3.798  5.656 -139.9 -143.5
T -127.3  171.2  109.2  179.8   66.1  -52.1  1.017  129.7  3.935  5.109   -3.7   15.9
S  -71.5  -15.7  113.0  175.1   49.6    nan  1.025  101.8  3.844  5.222  -77.7  -79.8
R  -64.2  -37.5  113.6 -177.9 -164.3    nan  1.052   97.2  3.819  5.539   91.5  108.2
T -149.3  143.6  108.1 -176.9  -40.4 -159.4  0.997  141.8  3.883  4.853  -14.7    2.2
Q -121.1  161.8  107.2  176.3   -4.7    nan  0.961  124.7  3.843  5.780 -154.6 -160.8
F -138.9  154.1  110.3 -176.8  -54.0    nan  0.990  141.0  3.842  5.582 -155.9 -151.8
N  -89.4   -8.2  114.2  179.2  -57.8    nan  1.072   87.3  3.756  5.455 -117.3 -113.4
S -152.8  165.4  109.3  173.8   58.7    nan  1.014  154.0  3.810  5.059    5.1   20.2
L  -71.9  -34.6  106.3  177.7  -73.9    nan  0.988   96.0  3.823  5.341  -83.4  -87.5
Q  -58.4  -38.3  111.3  176.6  -60.9    nan  1.030  102.6  3.851  5.550   77.0   90.1
Q  -68.8  -45.2  110.3  178.6 -163.2    nan  0.996   91.5  3.801  5.173   64.3   78.6
L  -61.0  -45.7  108.6  176.8 -179.9    nan  1.024   98.0  3.815  5.324   60.2   78.1
V  -63.9  -40.9  108.9 -177.4  162.6  -79.7  1.026   98.2  3.843  5.408   62.6   79.2
A  -64.9  -42.4  112.3 -179.2    nan    nan  1.025   94.7  3.811  5.382   66.8   82.2
Y  -61.9  -49.0  112.1 -178.7  177.6    nan  1.037   93.3  3.783  5.230   68.3   84.7
Y  -74.9   -7.8  112.9 -175.8  -75.7    nan  1.069  101.9  3.798  5.131   47.1   69.3
S  -78.3  -22.3  109.6  172.0  -69.8    nan  1.018   93.6  3.796  5.693   81.5   93.3
K  -94.9  -37.9  110.5  175.2  -54.6    nan  1.003   73.6  3.838  5.466   50.3   66.0
H -136.3  128.4  111.5 -175.8  -52.8    nan  1.001  130.3  3.848  4.746    2.1   17.6
A  -65.2  -44.4  112.7  178.3    nan    nan  1.041   93.1  3.834  5.738 -112.0 -120.8
D   44.1   51.3  114.8  176.9  -90.4    nan  1.072  102.8  3.887  5.510  177.1  177.7
G  106.2  -25.8  113.6 -178.8    nan    nan    nan   85.2  3.738    nan    nan  -34.0
L  -68.1  161.4  108.0  178.3  -55.8    nan  0.970   74.9  3.824    nan    nan   90.9
C  -63.5  -31.7  110.2  179.2   60.4    nan  1.024  102.6  3.751  5.199  -79.0  -82.3
H -160.0  153.2  105.1  178.7 -171.2    nan  0.965  151.5  3.789  4.688  -23.2   -7.6
R  -56.5  148.8  108.3  170.9 -147.7    nan  0.952   70.3  3.799  5.326  -79.3  -91.1
L  -81.1  122.4  105.9 -178.2  -53.4    nan  0.980   98.4  3.813  5.669 -111.9 -112.0
T -105.7  -59.6  114.0 -179.7   57.5  -64.0  1.072   61.6  3.764  5.877 -165.4 -162.4
T -115.3  130.8  110.5 -169.0  -39.1 -162.0  0.995  121.2  3.820  4.653    3.4   24.7
V  -68.2  130.5  109.1  169.7  173.7  -63.1  1.009   89.4  3.819  5.822 -118.2 -126.1
C  -53.3  125.1  109.6  177.5 -173.2    nan  1.001   82.9  3.796  5.588  -94.6 -108.6
P  -53.8    nan  116.4  179.8   10.5    nan  1.058    nan  3.855  5.656 -105.5 -112.6
