Id   phi    psi    tau  omega    chi    chi2  solid    eta  CA-CA  CB-CB  BA^AB  NA^AC
S    nan  117.8   98.6    nan  172.7    nan  0.888    nan    nan    nan    nan    nan
I  -65.5  -15.2  113.7  179.7 -161.2   78.2  1.065  107.7  3.722  5.728 -127.9 -126.5
Q  -65.0  -29.0  113.6 -177.4  -62.0    nan  1.039  101.1  3.857  5.779   93.5  108.8
A  -93.7    7.4  113.0  180.0    nan    nan  1.030   89.2  3.769  5.127   50.6   65.5
E  -75.7  144.1  110.6  178.4  -67.7    nan  1.007   90.0  3.842  5.838  107.8  115.5
E  -57.8  -41.5  114.7  178.8 -177.5    nan  1.045   99.5  3.810  5.275  -89.1  -99.1
W  -88.9   -8.4  110.5 -177.3   47.0    nan  1.029   88.1  3.723  5.010   37.6   61.0
Y  -94.2  126.5  110.2 -175.2 -174.8    nan  1.034  108.7  3.818  5.541   68.1   88.8
F -113.0   26.1  117.5  178.5  -77.2    nan  1.110   80.6  3.833  5.857 -169.0 -165.8
G   53.4 -128.6  118.4  172.0    nan    nan    nan   85.9  3.852    nan    nan -115.6
K  -96.8   27.8  112.0 -174.7  -69.6    nan  1.025   93.9  3.795    nan    nan  -24.5
I  -63.5  151.9  109.6  175.3   56.6  -67.7  1.019   75.4  3.804  6.094  139.3  142.9
T  -80.7  166.3  108.8 -174.5   67.4  -57.0  1.018   85.3  3.787  5.497 -101.6 -106.4
R  -55.6  -48.7  106.9  178.1  171.4    nan  0.990  101.1  3.734  5.059  -62.9  -71.3
R  -60.7  -44.5  113.4 -179.1  179.3    nan  1.041   96.1  3.782  5.118   61.4   78.3
E  -64.1  -38.6  112.4  177.6 -170.7    nan  1.033   97.3  3.816  5.085   58.0   77.7
S  -65.8  -36.2  108.1  177.9   66.9    nan  1.009   99.4  3.879  5.574   61.8   80.7
E  -68.6  -40.1  110.7  177.5  -66.7    nan  1.017   93.8  3.792  5.377   66.7   80.1
R  -60.0  -40.0  105.0  177.0 -160.3    nan  0.950  103.9  3.809  5.381   78.2   83.0
L  -73.2  -33.2  115.4 -179.5  -68.3    nan  1.076   91.0  3.833  5.206   56.8   75.8
L  -87.3  -30.7  118.6 -176.1  -60.6    nan  1.100   78.3  3.810  5.205   49.1   74.3
L  -83.7   87.7  105.3 -176.0  -70.1    nan  0.964  105.5  3.844  5.359   64.4   76.2
N -156.1  128.6  104.8 -176.6 -168.6    nan  0.943  130.7  3.694  5.510  115.2  111.3
A  -38.5  -32.9  116.7  177.0    nan    nan  1.048  120.3  3.723  5.386  -83.6  -96.2
E  -70.1  -22.2  115.1 -179.1  170.7    nan  1.050   99.4  3.828  5.191   67.2   86.4
N  -91.2  129.2  115.7 -174.4  -63.0    nan  1.093  110.4  3.792  5.318   52.9   80.4
P  -65.3  164.9  108.0  179.2  -36.0    nan  0.938   70.7  3.857  5.576 -102.0 -123.9
R  -69.8  132.0  101.8  171.0  -54.1    nan  0.937   85.0  3.763  5.424  -84.4  -89.7
G  102.5    4.2  109.9 -177.5    nan    nan    nan   76.1  3.820    nan    nan   45.5
T  -68.9  139.4  101.9  175.9  -53.2 -173.2  0.907   81.5  3.825    nan    nan  114.2
F -147.8  170.3  115.0 -178.4   71.3    nan  1.056  150.7  3.858  5.661  167.9  175.0
L -156.1  157.9  106.1  173.6   59.5    nan  1.010  152.8  3.765  5.303 -172.6 -167.4
V -114.1  139.1  107.1  177.9 -176.6  -55.6  0.996  119.0  3.866  5.806 -134.0 -137.7
R -152.1  178.4  106.1 -179.3   52.8    nan  0.976  152.5  3.799  5.683  169.1  166.2
E  -80.9  150.2  106.3  175.5  -84.2    nan  0.971   90.1  3.750  5.204  -83.1  -80.8
S  -79.5  133.2  103.2  176.3 -175.8    nan  0.938   92.3  3.774  5.501 -106.2 -113.9
E  -77.7  -30.6  111.0  173.9  -43.1    nan  0.991   90.3  3.870  5.930 -122.0 -127.5
T  -87.0  -12.7  114.5 -173.7  -78.2  163.7  1.046   87.7  3.829  4.868   55.1   75.1
T -142.5  107.4  101.1 -174.5  -65.3  175.9  0.910  110.4  3.871  5.218   15.7   32.9
K  -76.0  148.8  103.8 -178.5    7.9    nan  0.945   85.0  3.783  6.017 -141.0 -148.2
G   84.2  -14.9  110.6 -177.0    nan    nan    nan  100.8  3.648    nan    nan   43.9
A -102.2  162.5  109.0  178.9    nan    nan  0.985  107.3  3.837    nan    nan   70.5
Y -112.6 -176.3  106.5  176.8  -69.0    nan  0.969  111.5  3.768  5.420 -130.2 -130.4
C -155.0  139.5  106.7 -179.6  165.4    nan  0.981  140.2  3.765  5.200 -153.5 -147.1
L -106.4  111.0  105.2  179.8  171.6    nan  0.937  109.6  3.817  5.766 -139.2 -151.0
S -101.3  131.1  108.6  176.7  -65.3    nan  0.991  111.4  3.795  5.842 -175.3 -172.4
V -128.8  132.0  109.4 -173.4 -168.5  -48.1  1.007  127.7  3.857  5.950 -171.5 -176.8
S  -82.7  148.5  111.0  174.8   58.6    nan  1.036   94.4  3.832  5.795 -131.8 -134.3
D -144.6  168.0  105.5 -176.0 -169.6    nan  0.956  146.1  3.759  5.439 -169.1 -178.3
F -146.5  125.7  103.7  179.1  163.2    nan  0.958  126.4  3.717  5.558 -159.4 -158.3
D -126.5  141.6  103.8  171.7   76.5    nan  0.990  125.8  3.791  5.951  179.4  170.2
N  -50.5  -36.5  116.2 -178.2   41.0    nan  1.075  108.0  3.846  5.456  -78.5  -89.6
A  -73.6  -61.6  112.5 -178.1    nan    nan  1.038   79.2  3.813  5.339   66.0   80.3
K  -88.0   -7.0  114.2 -178.4   34.2    nan  1.055   89.1  3.783  4.826   25.4   43.9
G   80.7 -136.9  111.0  179.9    nan    nan    nan   97.1  3.879    nan    nan -111.7
L  -77.0  129.9  108.6  178.1  -73.8    nan  0.982   95.4  3.741    nan    nan  -22.2
N -144.0  166.3  107.0  177.8   57.6    nan  0.991  145.7  3.822  5.674  163.8  163.1
V -123.7  135.4  106.6 -178.1  171.2  -68.7  0.976  124.2  3.858  5.571 -136.9 -133.6
K -108.5  146.5  104.5  178.1  -54.8    nan  0.944  113.3  3.843  5.959 -150.3 -155.2
H -125.0  129.7  105.9 -177.3  -62.5    nan  0.945  122.6  3.868  5.700 -156.0 -154.3
Y -115.4  123.5  107.3 -175.9  -61.6    nan  0.974  117.4  3.790  5.762 -163.7 -163.0
K  -68.6  148.9  111.4  180.0 -168.0    nan  1.021   82.1  3.806  5.820 -124.9 -124.6
I -117.5  117.9  105.1  175.4  -66.0  178.0  0.979  114.9  3.904  5.798 -152.9 -151.2
R  -93.8  156.4  108.2 -178.7  -64.3    nan  0.980  100.7  3.794  5.956 -151.7 -154.6
K -108.7  126.5  108.1  178.2  168.0    nan  0.967  115.3  3.806  5.444 -131.5 -132.5
L  -74.9  138.1  105.1  176.7  -60.4    nan  0.947   88.6  3.796  5.835 -124.3 -133.3
D  -57.8  -30.4  112.0  176.7   42.2    nan  1.052  107.4  3.822  5.628  -98.9 -102.3
S  -69.7   -5.8  114.7  175.4   41.3    nan  1.067  107.7  3.789  5.389   67.6   84.0
G  133.1  -52.9  117.6  178.1    nan    nan    nan   81.8  3.828    nan    nan  -62.9
G  -68.8 -166.1  118.8 -175.5    nan    nan    nan   62.7  3.806    nan    nan   75.1
F -142.1  143.0  107.6 -174.4  -71.6    nan  0.960  137.9  3.787    nan    nan -118.1
Y -149.6  150.8  112.6  174.0   68.5    nan  1.061  148.0  3.817  5.648  165.4  171.0
I -110.5  -46.8  103.2  170.6  -65.8  174.4  0.960   66.6  3.790  5.548 -138.1 -150.0
T -128.4  173.6  111.6  176.3   67.7  -51.1  1.032  130.5  3.994  5.192  -11.8   11.0
S  -75.3  -10.6  112.5  179.9   50.4    nan  0.995  100.4  3.863  5.148  -74.8  -78.3
R  -64.0  -49.3  113.5  177.8 -155.7    nan  1.048   90.8  3.779  5.589   96.1  109.4
T -142.1  152.5  106.4 -178.9  -45.5 -163.7  0.966  141.3  3.802  4.702  -15.4   -1.5
Q -125.0  167.1  105.2  174.3   49.0    nan  0.993  127.4  3.766  5.655 -158.4 -154.2
F -138.2  152.7  110.8 -174.8  -52.6    nan  0.997  140.4  3.903  5.636 -145.1 -144.4
N  -83.9  -11.4  113.8 -179.5  -59.5    nan  1.064   91.4  3.795  5.457 -111.0 -109.2
S -154.4  158.6  109.4  176.1   67.2    nan  1.013  153.1  3.833  4.991    0.7   16.6
L  -60.4  -35.0  108.8  174.4  -72.5    nan  0.988  104.0  3.769  5.228  -76.8  -86.7
Q  -62.4  -39.6  112.1  179.8  -60.3    nan  1.028   98.3  3.866  5.438   74.0   89.0
Q  -66.2  -44.5  110.6  178.1 -170.1    nan  1.010   93.5  3.816  5.112   63.9   79.4
L  -60.2  -54.1  106.7  175.3 -171.6    nan  1.005   95.1  3.824  5.359   61.1   77.7
V  -53.3  -35.0  111.5  179.0  167.1  -78.4  1.060  108.7  3.878  5.490   65.7   78.4
A  -76.8  -35.0  113.6  180.0    nan    nan  1.035   87.9  3.797  5.396   64.9   77.0
Y  -65.2  -50.3  109.3 -179.4  176.4    nan  1.005   92.1  3.764  5.234   74.9   87.6
Y  -71.5  -12.0  113.2 -178.5  -72.3    nan  1.079  103.5  3.795  5.149   44.3   68.3
S  -74.9  -21.7  109.7  172.4  -71.0    nan  1.011   97.0  3.766  5.721   82.7   93.4
K  -96.8  -37.8  112.7  177.4  -62.6    nan  1.047   70.8  3.799  5.312   47.8   67.1
H -135.7  136.6  110.5  179.9  -47.4    nan  0.987  133.5  3.804  4.838    0.8   14.9
A  -68.9  -46.6  110.0  178.8    nan    nan  1.018   90.9  3.805  5.634 -108.4 -116.5
D   44.6   60.0  113.0  178.8 -150.4    nan  1.036   96.8  3.857  5.496  176.1  177.6
G   95.7  -23.2  110.3  178.8    nan    nan    nan   92.6  3.778    nan    nan  -36.1
L  -69.1  158.9  110.1 -179.8  -58.5    nan  1.015   77.5  3.885    nan    nan   94.4
C  -62.0  -30.0  110.9 -177.9   65.1    nan  1.025  104.5  3.804  5.341  -77.4  -81.2
H -161.2  154.8  103.5 -179.7 -169.7    nan  0.951  152.7  3.835  4.811  -20.7   -6.6
R  -62.8  142.4  105.8  174.2 -149.2    nan  0.932   77.6  3.796  5.311  -80.7  -94.2
L  -71.0  113.8  102.7 -178.3  -57.6    nan  0.930   93.3  3.772  5.589 -103.0 -110.6
T  -95.7  -65.6  110.8  176.3   57.9  -58.8  1.038   68.7  3.810  5.991 -169.4 -161.6
T -102.3  128.3  119.8 -171.8  -40.2 -165.0  1.071  120.9  3.861  4.556    8.6   30.4
V  -70.2  131.3  108.9  175.0  171.4  -72.5  0.993   90.3  3.916  5.886 -118.8 -128.4
C  -53.1  127.0  111.2  178.8 -172.4    nan  1.002   82.6  3.809  5.569  -93.3 -105.4
P  -56.4    nan  116.7  178.8   18.1    nan  1.075    nan  3.871  5.669 -109.7 -112.8
