Id   phi    psi    tau  omega    chi    chi2  solid    eta  CA-CA  CB-CB  BA^AB  NA^AC
I    nan  -29.8  109.9    nan -165.4   70.4  1.031    nan    nan    nan    nan    nan
Q  -59.2  -17.6  114.0 -177.9  -35.0    nan  1.061  112.5  3.874  5.575   83.4   99.5
A -100.6   10.8  115.3  178.9    nan    nan  1.081   84.2  3.822  5.280   44.9   68.0
E  -81.4  133.8  109.0  173.3  -73.2    nan  0.972   97.4  3.851  5.931  104.0  107.8
E  -55.2  -40.4  114.5 -178.3  -71.5    nan  1.048  102.4  3.852  5.675  -93.5 -100.5
W  -79.2   -7.8  116.7 -178.1   47.3    nan  1.098   97.2  3.795  5.007   53.9   72.1
Y  -93.8  110.7  109.2 -175.6 -174.8    nan  1.011  109.3  3.842  5.529   71.5   88.5
F  -96.6    5.2  113.3 -177.9  -82.7    nan  1.063   85.5  3.783  5.992 -164.1 -165.6
G   68.4 -134.9  115.7  176.1    nan    nan    nan   91.5  3.812    nan    nan -116.0
K  -85.2   36.5  119.7 -176.3   43.2    nan  1.108  111.1  3.777    nan    nan  -19.7
I  -73.6  158.4  110.1  176.1   60.6  -58.8  1.020   81.9  3.833  6.057  138.0  140.8
T  -82.9  175.9  112.9  178.3   66.6  -56.5  0.999   84.6  3.825  5.581 -103.7 -101.9
R  -61.9  -35.2  112.5  173.5  163.7    nan  1.043  101.0  3.783  5.314  -67.9  -65.2
R  -69.7  -40.6  109.8 -178.5  -46.0    nan  0.991   93.3  3.892  5.462   74.2   83.5
E  -60.2  -49.8  110.7  178.1  -79.9    nan  1.023   94.9  3.748  5.140   69.4   84.5
S  -63.2  -32.7  110.5 -179.5   62.0    nan  1.054  102.1  3.821  5.320   57.4   75.3
E  -78.6  -18.5  107.4  178.7  -66.4    nan  0.997   95.4  3.760  5.448   64.2   74.8
R  -83.1  -37.9  111.0  174.6  -80.4    nan  1.040   82.8  3.794  5.437   66.5   81.4
L  -69.7  -34.5  113.9  174.9  -60.4    nan  1.029   94.1  3.847  5.362   65.0   76.4
L  -84.3  -31.7  117.5 -178.3  -72.1    nan  1.097   80.9  3.826  5.189   50.8   73.1
L  -83.9   94.2  109.2 -178.3  -74.7    nan  1.025  108.5  3.831  5.357   60.1   74.7
N -140.5  116.8  103.3  179.8 -175.9    nan  0.953  118.6  3.611  5.659  144.8  125.4
A  -70.1   -4.0  115.8 -179.1    nan    nan  1.073  108.1  3.785  5.923 -126.1 -135.6
E -108.9   10.3  109.5  176.7   47.5    nan  1.002   74.8  3.744  5.259   55.9   70.4
N -101.2  140.1  111.1  176.5  -79.8    nan  1.025  112.1  3.816  5.780   72.1   92.1
P  -68.1  155.9  113.4  179.0   28.5    nan  1.026   79.0  3.821  5.462 -105.7 -108.9
R  -61.1  140.0  105.8  174.7  -64.6    nan  0.973   77.5  3.820  5.529  -80.1  -91.2
G   93.7   -0.0  110.1 -179.7    nan    nan    nan   86.3  3.776    nan    nan   42.3
T  -64.1  143.1  107.9  171.7  -65.1 -179.6  1.004   79.4  3.838    nan    nan  113.1
F -152.1  179.5  112.5 -171.3   72.4    nan  1.017  152.3  3.852  5.684  179.2  173.5
L -161.6  152.4  105.5  173.6   51.3    nan  0.977  151.7  3.857  5.451 -166.9 -162.6
V -108.5  129.8  104.1  172.0 -179.3  -67.9  0.992  112.4  3.879  5.799 -143.4 -140.1
R -133.1  177.2  106.4  179.9   47.6    nan  0.969  133.8  3.835  5.901 -177.2  174.0
E  -83.8  148.0  113.5  176.4  -61.0    nan  1.022   96.8  3.780  5.242  -86.5  -82.8
S  -77.5  130.4  105.7  175.5 -168.2    nan  0.962   93.5  3.850  5.568 -105.4 -113.2
E  -71.1  -45.8  110.2  173.5  -58.9    nan  0.984   89.5  3.839  5.740 -117.2 -126.6
T  -66.0  -44.6  113.8 -175.1  -65.1  176.8  1.046   91.7  3.763  4.807   56.7   79.4
T -112.0  105.2  108.7 -174.4  -60.1  179.2  0.993  112.7  3.807  5.086   13.4   37.6
K  -59.2  136.9  110.5  179.9   15.5    nan  1.008   80.3  3.819  5.954 -125.6 -136.3
G   91.6  -15.4  118.1  179.5    nan    nan    nan   95.7  3.790    nan    nan   32.1
A  -98.8  164.2  111.4 -176.8    nan    nan  1.018  104.2  3.822    nan    nan   75.6
Y -116.0 -179.0  107.9  177.1  -69.7    nan  0.999  115.7  3.724  5.341 -133.9 -131.0
C -148.9  139.5  108.8  179.0  176.1    nan  0.992  139.4  3.741  5.288 -149.3 -143.9
L -113.6  109.1  107.9  177.4  170.4    nan  0.976  113.4  3.732  5.601 -154.0 -157.6
S  -93.8  137.8  106.8 -177.2  -63.2    nan  0.967  104.1  3.762  5.891 -162.5 -165.6
V -141.8  132.3  108.5 -171.6 -174.1  -51.7  0.984  132.4  3.871  5.865 -179.0 -179.3
S  -81.6  145.5  111.1  178.8   58.1    nan  1.044   94.7  3.793  5.789 -130.7 -129.3
D -139.3  168.4  109.7 -178.6 -169.6    nan  0.999  141.9  3.725  5.507 -168.7 -176.0
F -149.0  121.1  108.5  177.0 -179.0    nan  1.006  125.6  3.794  5.545 -163.6 -160.3
D -123.8  157.0  104.1  172.6   82.6    nan  0.977  126.2  3.740  5.835  177.1  169.4
N  -51.9  -46.3  115.3 -175.7   40.9    nan  1.073  100.6  3.801  5.352  -66.0  -72.3
A  -77.3  -68.5  110.2 -177.9    nan    nan  1.013   76.5  3.747  5.036   53.6   67.6
K  -70.7  -17.2  113.6 -173.9   29.0    nan  1.057  101.8  3.842  5.121   38.3   56.8
G   71.5 -142.8  111.3 -178.2    nan    nan    nan   87.5  3.756    nan    nan -127.7
L  -65.1  129.0  111.9  175.7  -82.2    nan  1.010   89.9  3.756    nan    nan  -17.8
N -157.4  166.6  105.1 -179.9   58.3    nan  0.969  157.1  3.791  5.481  155.2  146.6
V -117.7  137.0  104.5  180.0  167.6  -73.7  0.961  119.4  3.810  5.555 -133.6 -128.2
K -104.4  143.3  103.4  175.6  -49.5    nan  0.919  109.5  3.922  5.982 -145.8 -151.5
H -119.6  125.5  105.6 -177.1  -71.0    nan  0.968  118.5  3.824  5.780 -154.9 -154.6
Y -116.3  116.4  109.7 -177.9  -62.6    nan  1.007  117.8  3.831  5.854 -168.1 -169.5
K  -67.7  147.5  110.7  179.7 -179.8    nan  1.034   81.7  3.830  5.872 -131.2 -132.8
I -124.3  120.9  100.4 -179.5  -61.9  176.5  0.929  114.7  3.881  5.930 -152.7 -158.9
R -103.1  144.9  110.7 -179.4  -58.6    nan  0.989  112.5  3.805  5.954 -157.4 -160.7
K -102.7  121.6  105.6 -177.2 -174.6    nan  0.949  109.8  3.743  5.496 -132.6 -139.2
L  -71.5  149.2  108.8  176.5  -71.3    nan  0.992   83.3  3.798  5.810 -128.5 -134.5
D  -60.9  -33.0  113.8 -179.1   15.7    nan  1.058  102.5  3.867  5.579  -89.4  -91.1
S  -63.4  -28.9  109.6  174.2   44.5    nan  1.019  104.3  3.825  5.513   74.2   85.7
G  142.6  -37.6  118.2  176.7    nan    nan    nan   63.0  3.844    nan    nan  -73.6
G  -67.4 -180.0  115.4 -173.0    nan    nan    nan   67.4  3.836    nan    nan   90.9
F -128.7  147.6  112.2 -177.6  -64.6    nan  1.018  133.3  3.809    nan    nan -122.5
Y -147.3  153.7  110.5  175.1   66.5    nan  1.026  147.0  3.800  5.578  174.7  178.5
I -112.5  -39.5  101.4  168.6  -71.3  169.9  0.946   65.7  3.820  5.664 -141.1 -147.8
T -133.5  172.5  113.3  179.6   72.0  -49.1  1.049  136.1  3.916  5.114   -7.6   15.6
S  -76.1  -10.1  113.8 -178.6   53.3    nan  1.022   99.6  3.855  5.142  -77.2  -78.4
R  -71.2  -43.1  111.9  179.2 -163.7    nan  1.029   89.6  3.740  5.468   87.9  104.5
T -142.2  155.2  106.2 -175.4   58.3  -54.3  0.993  142.1  3.870  4.904  -13.4    5.9
Q -136.3  155.2  100.6 -180.0  -44.0    nan  0.889  135.2  3.870  5.732 -150.7 -163.4
F -127.2  141.1  108.2 -173.6  -60.8    nan  0.972  128.8  3.804  5.426 -146.9 -147.9
N  -79.5   -2.5  108.1  179.6  -74.4    nan  1.009   99.7  3.781  5.728 -117.0 -119.0
S -159.8  156.5  109.8  178.8   64.6    nan  1.008  155.2  3.845  5.013    8.2   20.8
L  -62.5  -30.7  114.6  178.6  -87.9    nan  1.050  102.1  3.757  5.286  -79.6  -86.1
Q  -75.0  -33.7  106.8  179.3 -178.4    nan  0.989   93.5  3.814  5.301   68.8   80.6
Q  -66.8  -31.6  110.6  176.2  -69.2    nan  1.035   99.6  3.795  5.520   66.6   83.4
L  -65.5  -44.9  110.2  173.1 -171.2    nan  1.027   94.1  3.867  5.555   72.6   83.7
V  -68.2  -40.7  108.1 -179.4  173.2  -71.7  1.020   95.4  3.824  5.287   57.9   74.6
A  -58.8  -40.2  114.5  175.0    nan    nan  1.038   99.6  3.864  5.497   68.6   83.5
Y  -67.2  -47.7  110.4  180.0 -178.9    nan  0.992   91.3  3.862  5.312   67.2   80.6
Y  -80.8    0.4  113.4 -172.7  -68.9    nan  1.088   99.4  3.779  5.038   39.9   67.5
S  -82.1  -24.2  104.8  171.1  -66.1    nan  0.949   91.2  3.750  5.776   91.4   95.1
K -103.5  -21.4  110.5 -178.0  -23.8    nan  1.017   70.0  3.765  5.156   38.0   62.7
H -143.1  121.8  112.9 -177.9  -49.7    nan  0.990  128.3  3.891  5.003    8.6   23.4
A  -62.3  -42.9  110.6  179.7    nan    nan  1.025   97.4  3.819  5.748 -116.0 -126.2
D   41.7   55.0  112.1  177.7 -153.9    nan  1.006  102.9  3.870  5.514  177.1  177.6
G   98.0  -25.9  110.4  179.3    nan    nan    nan   91.5  3.801    nan    nan  -37.6
L  -63.0  159.5  109.7  175.6  -51.3    nan  1.019   71.3  3.902    nan    nan   93.5
C  -63.2  -24.0  112.9 -179.5   56.2    nan  1.050  105.7  3.859  5.429  -78.8  -82.7
H -164.3  150.7  107.9 -179.4 -163.3    nan  0.979  151.6  3.784  4.702  -16.4   -3.9
R  -59.1  146.7  107.2  170.3  -59.2    nan  0.962   73.1  3.803  5.468  -80.5  -96.7
L  -74.7  128.2  106.4 -179.9  -54.2    nan  0.971   92.9  3.803  5.410 -104.6 -109.0
T -111.4  -91.4  108.0 -178.3   47.3  -69.2  1.006   73.9  3.858  5.938 -160.9 -164.4
T  -92.0  149.0  111.3 -173.4  -47.3 -160.4  1.026  102.5  3.883  4.864   -6.4   13.7
V  -76.4  145.4  102.2  172.5  167.9  -71.4  0.925   85.6  3.803  5.577 -101.8 -114.9
C  -51.2  127.0  107.3  179.3 -174.6    nan  0.982   79.0  3.847  5.466  -78.8  -88.5
P  -63.5    nan  116.3 -179.4   27.9    nan  1.083    nan  3.840  5.712 -118.2 -116.7
