Id   phi    psi    tau  omega    chi    chi2  solid    eta  CA-CA  CB-CB  BA^AB  NA^AC
I    nan  -23.3  109.6    nan -157.9   81.6  1.029    nan    nan    nan    nan    nan
Q  -52.7  -24.4  114.1  175.4  -23.4    nan  1.048  114.7  3.916  5.849   93.6  106.1
A -103.1   27.5  120.3  175.2    nan    nan  1.109   91.5  3.806  5.039   34.5   56.4
E  -94.6  138.4  108.4  173.6  -77.6    nan  0.970  105.6  3.903  6.044  108.1  109.2
E  -57.2  -39.6  114.7 -178.2  -80.6    nan  1.075  101.1  3.859  5.669  -97.2  -95.9
W  -81.5   -9.2  117.4 -177.1   44.8    nan  1.094   94.2  3.870  5.193   50.5   71.5
Y  -87.5  105.6  110.0 -175.9 -171.2    nan  1.026  108.5  3.796  5.508   76.3   93.1
F  -93.1   12.1  115.3  178.7  -77.4    nan  1.097   92.1  3.795  6.005 -169.8 -167.9
G   63.9 -146.2  113.1  175.3    nan    nan    nan   80.2  3.809    nan    nan -114.1
K  -85.2   61.6  117.2 -178.2   32.6    nan  1.090  116.1  3.745    nan    nan  -34.9
I  -89.7  163.3  105.1  175.0   51.0  -66.8  0.980   94.0  3.808  6.158  149.4  145.6
T  -89.4  171.5  110.2 -179.3   78.7  -45.7  1.012   92.3  3.818  5.549 -106.0 -101.9
R  -61.3  -38.6  110.6  175.1  175.1    nan  1.027  100.5  3.772  5.203  -69.6  -70.3
R  -65.2  -47.2  109.3  179.6   68.0    nan  1.046   93.7  3.840  5.555   67.8   82.7
E  -54.9  -52.3  108.1 -179.5  -64.2    nan  1.010   98.7  3.853  5.332   75.7   84.2
S  -62.6  -31.4  114.6  177.9   65.7    nan  1.061  101.6  3.882  5.370   57.0   71.7
E  -76.2  -29.5  106.1  179.5  -68.2    nan  0.998   94.3  3.775  5.356   67.1   79.0
R  -72.4  -48.4  108.3  177.5  -81.0    nan  1.001   88.6  3.836  5.487   69.1   81.5
L  -61.3  -37.2  115.3  176.7  -60.7    nan  1.049   99.0  3.803  5.223   64.3   75.8
L  -81.9  -34.0  120.7  178.8  -71.8    nan  1.126   80.5  3.829  5.072   48.6   71.6
L  -78.8   94.1  109.9 -177.0  -71.7    nan  1.023  108.6  3.891  5.472   63.9   79.0
N -150.1  121.0  107.9 -179.7  176.3    nan  0.995  125.3  3.651  5.527  130.8  116.9
A  -74.6   -6.1  116.5 -178.5    nan    nan  1.076  102.6  3.842  5.991 -128.2 -134.9
E  -85.4  -17.2  107.2  173.4   37.8    nan  0.986   89.4  3.779  5.608   79.5   88.5
N  -86.7  145.2  112.4 -178.9  -67.7    nan  1.033   99.8  3.894  5.629   66.5   84.2
P  -76.6  154.4  111.9  179.1   35.7    nan  1.007   87.0  3.817  5.391 -109.8 -112.3
R  -68.9  145.6  112.1  178.0   41.2    nan  1.068   84.4  3.814  5.699 -100.7  -94.1
G   98.3   -1.5  106.0 -174.7    nan    nan    nan   82.1  3.755    nan    nan   54.3
T  -63.3  140.3  106.0  175.3  -66.8  173.8  0.992   79.2  3.896    nan    nan  114.8
F -146.1  177.0  113.5 -174.0   70.6    nan  1.019  147.2  3.802  5.675  178.6  178.9
L -157.0  155.2  107.0  171.7   58.5    nan  0.997  152.0  3.812  5.387 -167.8 -160.6
V -115.8  132.2  102.0  179.4 -177.6  -61.1  0.945  115.5  3.858  5.717 -138.3 -141.4
R -141.3  173.0  106.2 -179.2   51.2    nan  0.972  142.8  3.757  5.707  173.4  170.1
E  -82.8  146.8  111.4  177.0  -63.6    nan  1.015   95.4  3.771  5.274  -90.9  -87.2
S  -76.0  129.0  107.3  179.2 -173.7    nan  0.972   94.1  3.780  5.545 -104.0 -111.4
E  -63.1  -43.4  109.9  174.0  -48.1    nan  0.994   96.9  3.823  5.765 -108.2 -120.8
T  -69.5  -47.7  121.7  179.7  -61.1  176.2  1.121   82.7  3.826  4.841   54.9   74.6
T -113.1  116.4  103.3 -175.1  -57.8  173.8  0.946  111.4  3.820  4.967   13.6   34.0
K  -65.4  118.5  106.2  179.0   10.4    nan  0.976   91.4  3.697  5.831 -120.7 -133.7
G   97.6    3.1  115.4  178.0    nan    nan    nan   81.1  3.760    nan    nan   20.1
A -106.8  157.7  107.3 -176.2    nan    nan  0.995  112.1  3.802    nan    nan   84.4
Y -111.6  172.6  107.2  176.3  -66.3    nan  0.988  113.7  3.702  5.445 -133.3 -135.8
C -138.9  142.3  106.3  179.5  176.8    nan  0.979  135.2  3.706  5.271 -148.2 -144.1
L -113.6  105.4  104.7  175.0  175.5    nan  0.941  109.2  3.811  5.795 -150.0 -156.7
S  -97.2  129.9  105.9  178.3  -55.4    nan  0.941  106.8  3.859  5.954 -171.1 -174.5
V -130.4  132.0  109.7 -172.0 -169.1  -46.4  0.984  128.6  3.860  5.818 -173.2 -178.7
S  -86.2  154.3  106.9  177.9   60.6    nan  0.993   93.8  3.888  5.931 -136.8 -134.5
D -143.8  172.3  106.7 -177.6 -175.2    nan  0.968  145.3  3.771  5.505 -164.9 -169.3
F -142.7  123.5  107.5  175.8 -172.6    nan  0.999  126.2  3.786  5.530 -157.5 -148.1
D -118.3  127.5  102.0  180.0   21.3    nan  0.920  115.7  3.796  5.894 -164.9  179.6
N  -39.2  -37.0  117.8 -180.0  -66.7    nan  1.079  116.2  3.858  5.635  -85.6  -93.5
A  -84.5  -55.2  113.3  178.3    nan    nan  1.026   74.5  3.817  5.112   51.3   66.6
K  -76.5  -13.5  112.1 -175.0   79.9    nan  1.027   98.1  3.818  4.929   43.8   62.6
G   66.9 -139.5  107.7 -175.3    nan    nan    nan   83.3  3.787    nan    nan -125.4
L  -74.1  129.9  109.8  176.8  -92.2    nan  0.996   94.2  3.745    nan    nan  -23.3
N -151.6  151.8  105.1  179.7   56.2    nan  0.979  146.5  3.813  5.600  160.3  153.6
V -104.9  139.7  107.4  177.7  171.7  -63.6  0.975  112.5  3.724  5.562 -132.5 -134.5
K -112.3  149.0  105.0  175.1  -60.4    nan  0.951  116.7  3.907  5.936 -156.2 -155.4
H -120.8  122.0  105.9 -177.3  -65.3    nan  0.968  118.1  3.840  5.689 -149.6 -150.4
Y -109.3  121.2  108.6  178.3  -64.9    nan  0.992  115.4  3.851  5.867 -166.5 -170.3
K  -73.8  149.7  106.9 -178.9 -170.8    nan  0.986   84.2  3.858  5.943 -131.0 -133.5
I -126.6  119.4  100.2 -179.1  -63.0  177.0  0.937  114.6  3.861  5.902 -156.0 -157.2
R -103.4  142.4  111.1 -179.0  -65.6    nan  1.034  113.5  3.853  6.048 -162.6 -161.7
K  -95.2  118.0  104.0 -175.4 -159.6    nan  0.950  104.8  3.710  5.505 -126.1 -134.8
L  -65.1  149.8  110.2  174.8  -63.7    nan  1.001   78.1  3.861  6.023 -127.5 -131.4
D  -53.5  -42.1  113.8 -176.1   14.0    nan  1.070  102.9  3.842  5.483  -79.2  -82.6
S  -57.8  -34.0  113.7  172.5   46.8    nan  1.038  104.6  3.861  5.429   71.5   82.1
G  146.6  -36.3  115.2  176.8    nan    nan    nan   57.7  3.873    nan    nan  -71.8
G  -47.7  171.1  116.8  179.8    nan    nan    nan   52.2  3.830    nan    nan  103.4
F -134.4  145.2  111.6 -177.1  -68.3    nan  1.007  136.5  3.862    nan    nan -140.8
Y -154.5  148.8  109.1 -179.7   70.3    nan  1.022  147.7  3.837  5.592  169.6  169.3
I -108.2  -36.1  102.7  170.1  -74.6  166.2  0.959   68.0  3.756  5.699 -140.0 -148.2
T -137.1  177.5  110.7 -177.5   76.4  -47.5  1.047  137.9  3.930  5.065   -7.4   15.3
S  -83.8  -17.6  112.7 -175.6   51.2    nan  1.032   89.3  3.833  5.227  -82.0  -78.2
R  -58.4  -40.9  114.5  179.2 -165.1    nan  1.059   99.5  3.749  5.467   88.7  109.1
T -146.4  149.1  112.4 -176.2   49.1  -63.8  1.009  145.3  3.869  4.905  -14.9    3.2
Q -131.6  157.0  101.7  176.7  -50.9    nan  0.903  132.1  3.829  5.658 -156.1 -168.4
F -128.8  144.7  107.7 -176.8  -66.7    nan  0.949  130.4  3.818  5.416 -148.1 -148.2
N  -82.0  -11.3  110.2  179.1  -75.0    nan  1.046   94.0  3.758  5.712 -121.5 -116.1
S -143.9  165.0  112.8  171.5   53.8    nan  1.065  147.1  3.783  5.060    7.3   27.5
L  -65.4  -31.1  112.7  176.3  -77.6    nan  1.050  100.1  3.772  5.289  -74.1  -81.1
Q  -72.5  -34.7  109.4  180.0 -175.8    nan  1.031   93.8  3.768  5.288   70.2   83.7
Q  -66.0  -36.4  112.7  175.9  -72.8    nan  1.047   96.8  3.836  5.513   66.8   83.4
L  -64.0  -48.2  110.4  173.6 -179.7    nan  1.031   93.3  3.790  5.388   67.8   81.7
V  -62.9  -39.4  109.4 -179.5  172.0  -70.2  1.031   99.5  3.894  5.469   61.1   76.6
A  -60.0  -48.2  113.2  178.8    nan    nan  1.028   94.5  3.818  5.362   72.5   86.4
Y  -60.6  -50.4  111.1  177.3  176.3    nan  1.007   94.0  3.814  5.134   61.6   77.3
Y  -73.2  -15.6  115.2 -176.6  -75.8    nan  1.100   99.7  3.864  5.254   43.4   69.2
S  -72.0  -29.7  108.5  169.7  -71.8    nan  1.014   96.8  3.779  5.658   82.6   89.9
K  -90.7  -34.3  110.1  177.1  -19.3    nan  1.022   78.2  3.847  5.417   46.2   65.0
H -133.1  117.3  113.0 -175.3  -46.8    nan  1.028  124.5  3.900  4.912    6.8   23.9
A  -65.7  -34.1  113.6  179.3    nan    nan  1.040   97.8  3.865  5.893 -122.4 -130.6
D   34.9   45.7  116.8  178.8  -80.2    nan  1.068  112.8  3.864  5.545 -179.6 -179.9
G  121.0  -27.3  112.2  178.4    nan    nan    nan   72.0  3.727    nan    nan  -26.4
L  -71.4  160.1  108.8  178.6  -53.0    nan  0.999   78.6  3.799    nan    nan   86.7
C  -59.8  -35.3  112.3  178.6   59.0    nan  1.032  102.7  3.807  5.248  -76.1  -80.3
H -149.8  150.3  106.0  178.6 -166.1    nan  0.963  145.0  3.862  4.902  -16.3    0.2
R  -62.9  153.8  106.8  171.1   52.1    nan  0.999   72.8  3.814  5.594  -91.8  -97.8
L  -70.3  127.3  110.8 -179.3  -52.9    nan  1.023   93.5  3.789  5.382  -93.4  -95.8
T -108.5  -88.6  110.1  179.8   54.3  -60.8  1.041   70.5  3.848  5.977 -163.3 -162.3
T  -89.4  142.4  112.1 -173.9  -84.9  152.6  1.020  102.8  3.828  4.480   -3.8   19.3
V  -75.5  149.5  103.9  172.9  170.2  -73.6  0.961   84.4  3.878  6.036 -113.0 -119.8
C  -52.7  132.5  110.0 -179.4 -176.8    nan  0.993   78.0  3.835  5.409  -75.6  -83.9
P  -53.9    nan  115.0  178.6  -33.6    nan  1.044    nan  3.855  5.594 -100.2 -105.3
