Id   phi    psi    tau  omega    chi    chi2  solid    eta  CA-CA  CB-CB  BA^AB  NA^AC
I    nan  -16.4  115.7    nan -153.5   91.8  1.091    nan    nan    nan    nan    nan
Q  -63.6  -22.7  114.5 -177.8  -59.5    nan  1.067  105.4  3.879  5.753   92.6  108.8
A -103.8    4.6  115.2  178.4    nan    nan  1.034   78.2  3.795  5.127   42.8   60.9
E  -65.0  137.1  109.7  174.7  -73.4    nan  1.012   84.2  3.825  5.848  110.8  119.2
E  -60.9  -33.5  113.4 -179.0   44.5    nan  1.046  102.4  3.770  5.525  -96.6 -107.2
W  -91.2   -7.8  111.6  179.9   45.7    nan  1.042   86.0  3.778  5.173   43.0   64.4
Y  -92.0  122.3  110.1 -177.1 -172.0    nan  1.017  108.0  3.848  5.539   71.2   89.3
F -110.6   23.5  117.4 -179.5  -77.4    nan  1.105   81.3  3.812  5.835 -169.2 -168.0
G   55.8 -130.6  117.2  173.2    nan    nan    nan   85.5  3.812    nan    nan -113.9
K  -93.0   22.4  114.6 -177.6  -67.1    nan  1.052   96.3  3.794    nan    nan  -24.1
I  -60.7  158.2  110.1  176.7   53.1  -70.0  1.038   69.9  3.829  6.114  136.3  141.5
T  -86.5  166.7  110.2 -173.7   59.5  -61.9  1.025   91.1  3.792  5.496 -102.2 -102.9
R  -56.7  -41.5  109.8  176.6  172.1    nan  1.009  102.9  3.766  5.128  -66.6  -71.5
R  -65.6  -42.8  113.1  179.8 -178.0    nan  1.037   93.5  3.731  5.134   61.0   80.4
E  -67.6  -34.0  110.4 -180.0  174.5    nan  1.030   97.8  3.865  5.251   58.1   77.6
S  -62.8  -41.8  111.0  178.8   75.2    nan  1.037   97.4  3.843  5.577   72.8   88.9
E  -68.4  -39.2  108.2  178.5  -69.8    nan  0.999   95.8  3.778  5.253   65.3   75.5
R  -60.2  -44.3  108.6  176.7 -161.7    nan  1.007   99.3  3.824  5.412   73.6   83.9
L  -61.4  -48.2  113.7  175.0  -66.6    nan  1.036   93.2  3.838  5.366   67.3   77.8
L  -74.7  -31.7  120.2 -176.2  -67.1    nan  1.109   88.3  3.848  5.003   50.0   72.4
L  -81.1   79.4  112.6 -178.7  -66.6    nan  1.038  113.6  3.799  5.260   58.8   77.9
N -153.3  138.0  109.1 -179.3  167.8    nan  1.002  139.7  3.778  5.616  106.3  103.1
A  -44.6  -29.7  118.4  179.6    nan    nan  1.079  116.9  3.755  5.359  -79.0  -91.5
E  -77.9   -5.5  116.1 -180.0   66.1    nan  1.083   99.7  3.808  5.353   62.8   82.8
N -100.7  126.5  115.0 -177.9  -62.5    nan  1.070  116.4  3.765  5.367   64.4   83.3
P  -67.1  153.0  108.0  178.2  -35.6    nan  0.937   77.5  3.907  5.674 -108.1 -129.6
R  -60.8  136.7  105.1  172.3  -70.2    nan  0.945   78.5  3.788  5.503  -83.8  -93.4
G  100.6    3.2  108.3 -178.7    nan    nan    nan   78.4  3.753    nan    nan   46.6
T  -71.9  139.9  104.4  172.9  -60.9  179.2  0.968   85.1  3.846    nan    nan  109.1
F -142.7  171.3  116.7 -176.4   70.7    nan  1.054  145.8  3.788  5.653 -178.5  179.0
L -153.0  156.6  106.9  170.3   57.3    nan  1.008  150.5  3.760  5.249 -171.0 -163.6
V -109.5  142.4  107.0  171.9  179.3  -60.4  1.000  115.6  3.797  5.706 -136.6 -136.4
R -150.3  175.7  106.8 -179.4   53.9    nan  0.977  151.3  3.889  5.725  175.3  170.9
E  -79.7  148.6  107.0  171.8  -81.8    nan  0.965   89.9  3.743  5.179  -85.4  -84.6
S  -77.7  126.6  104.5  176.2  175.2    nan  0.959   94.0  3.769  5.536 -105.6 -113.8
E  -65.9  -43.2  111.9  175.7  -48.9    nan  0.995   93.7  3.873  5.878 -109.5 -123.4
T  -80.4  -20.7  113.4 -174.8  -86.1  152.1  1.055   91.0  3.760  4.546   50.1   67.8
T -136.4  102.2  100.5 -175.2  -60.7  178.7  0.910  106.0  3.881  5.247   13.2   32.2
K  -66.2  140.2  107.0 -179.5    8.6    nan  0.994   82.0  3.789  6.086 -139.1 -143.9
G   86.5   -7.2  113.7 -177.1    nan    nan    nan   96.4  3.699    nan    nan   34.7
A -108.9  161.1  107.0  174.9    nan    nan  0.980  113.3  3.844    nan    nan   67.0
Y -106.4 -177.7  109.8  177.6  -71.0    nan  0.997  105.6  3.831  5.541 -124.1 -124.9
C -147.6  136.3  110.5  176.1  176.3    nan  1.009  137.7  3.761  5.160 -151.5 -140.6
L -105.9  113.3  104.1  177.3  174.8    nan  0.939  108.9  3.805  5.832 -145.2 -154.9
S -104.8  128.9  105.8 -178.7  -61.6    nan  0.970  111.5  3.822  5.843 -171.3 -172.0
V -130.3  131.6  108.6 -171.4 -169.4  -49.4  0.984  127.7  3.850  5.955 -172.2 -178.7
S  -81.9  149.5  107.5  176.9   58.5    nan  1.003   91.7  3.804  5.768 -127.7 -135.0
D -155.8  171.7  105.7 -179.9 -177.0    nan  0.946  156.7  3.726  5.429  179.2  170.5
F -165.7  152.1  108.1  172.6   87.0    nan  1.031  153.2  3.732  5.437  175.1 -175.3
D -129.4  160.5  107.9  175.3   68.5    nan  0.995  132.7  3.669  5.470 -151.5 -165.0
N  -74.8   -9.1  111.9  177.0   39.0    nan  1.032  101.7  3.800  5.388  -92.2  -94.9
A  -91.0  -65.5  109.3  178.6    nan    nan  1.013   72.0  3.826  5.556   68.5   85.5
K  -84.8   -8.5  112.3  178.1   35.4    nan  1.040   91.9  3.854  5.013   21.0   38.7
G   81.0 -144.9  110.2  180.0    nan    nan    nan   93.9  3.909    nan    nan -113.0
L  -81.9  138.6  110.2 -179.3  -70.8    nan  1.021   96.9  3.826    nan    nan  -35.1
N -153.5  156.7  106.7 -179.2   48.5    nan  0.979  150.7  3.868  5.755  171.0  160.9
V -109.2  135.9  109.5 -177.0 -176.7  -59.3  1.000  117.1  3.801  5.538 -128.7 -130.4
K -106.7  137.6  105.2  176.2  -58.8    nan  0.942  112.4  3.856  5.932 -147.5 -154.6
H -113.7  126.8  110.4  177.5  -62.0    nan  1.017  119.8  3.826  5.704 -159.6 -155.6
Y -114.8  122.2  106.3 -177.9  -64.1    nan  0.968  116.0  3.832  5.846 -162.1 -170.1
K  -70.6  145.8  111.9  177.3 -172.5    nan  1.036   85.6  3.818  5.831 -130.2 -130.6
I -119.1  118.0  104.8  176.1  -60.9 -178.5  0.994  115.2  3.861  5.939 -155.1 -157.1
R  -95.8  144.4  110.0 -179.3  -62.5    nan  1.001  106.3  3.759  5.880 -151.2 -158.7
K  -97.6  118.2  111.0  178.6  177.6    nan  1.008  112.0  3.739  5.496 -133.3 -136.3
L  -72.6  152.2  108.4  175.1  -62.5    nan  0.996   82.9  3.829  6.034 -131.7 -141.4
D  -65.0  -28.4  111.3  178.8   17.8    nan  1.033  102.4  3.822  5.408  -88.5  -95.3
S  -78.8    0.6  114.4  176.0   49.9    nan  1.074  101.4  3.822  5.358   56.7   77.7
G  120.2  -42.7  116.0  178.5    nan    nan    nan   83.6  3.869    nan    nan  -69.3
G  -62.4 -179.4  118.8 -177.6    nan    nan    nan   62.2  3.785    nan    nan   87.2
F -141.4  149.7  110.9 -174.9  -64.0    nan  1.017  141.9  3.809    nan    nan -136.1
Y -157.0  157.2  109.7  179.0   66.9    nan  1.020  154.2  3.820  5.586  171.8  171.5
I -117.6  -36.3  102.7  170.1  -64.1  176.7  0.969   60.7  3.774  5.671 -143.2 -146.5
T -130.6  170.4  112.1  176.3   66.3  -51.1  1.065  133.5  3.887  5.127   -3.0   18.7
S  -76.2  -11.5  110.3  177.5   51.6    nan  1.014   99.6  3.829  5.185  -80.2  -85.1
R  -61.0  -51.5  111.7  177.4 -155.9    nan  1.029   92.8  3.794  5.660   98.1  110.7
T -142.9  155.2  109.7  178.4   51.4  -68.5  0.998  144.0  3.881  4.924  -23.4   -6.7
Q -122.7  158.8  103.3 -178.3  -74.0    nan  0.931  125.0  3.810  5.496 -139.1 -149.8
F -136.9  149.0  106.5 -176.5  -52.9    nan  0.964  136.6  3.879  5.683 -155.8 -153.8
N  -79.9  -13.3  112.8  178.4  -63.4    nan  1.037   94.8  3.764  5.533 -107.9 -111.0
S -155.0  159.8  107.7 -179.0   56.6    nan  0.969  153.5  3.832  4.816    6.7   16.9
L  -65.7  -27.2  109.0  174.5  -71.1    nan  0.998  103.3  3.770  5.245  -85.0  -89.7
Q  -63.3  -46.9  107.7  175.9  -63.1    nan  0.985   96.2  3.830  5.517   79.7   91.2
Q  -61.3  -41.0  115.8  176.6  -66.2    nan  1.060   96.4  3.833  5.298   63.8   76.9
L  -63.6  -49.5  108.4  178.0 -176.0    nan  1.005   94.2  3.767  5.163   70.8   81.6
V  -58.7  -43.4  113.1 -179.8  167.7  -74.0  1.060   98.4  3.844  5.278   60.7   79.3
A  -64.4  -42.0  111.2  175.5    nan    nan  1.013   95.9  3.768  5.320   64.2   76.9
Y  -63.7  -44.5  112.1 -179.4  176.0    nan  1.037   94.6  3.832  5.290   66.1   82.8
Y  -77.2   -4.8  113.7  179.7  -72.6    nan  1.087  100.8  3.787  5.230   44.6   68.3
S  -79.9  -30.7  110.0  171.2  -73.9    nan  1.018   88.8  3.839  5.793   83.2   94.2
K  -92.6  -21.8  107.8  177.3  -40.7    nan  0.990   81.0  3.823  5.391   46.0   62.0
H -143.4  120.5  115.4 -178.1  -52.1    nan  1.042  128.9  3.877  4.936    6.7   23.9
A  -60.2  -46.1  111.9  176.8    nan    nan  1.023   96.4  3.820  5.673 -114.2 -126.2
D   40.4   51.9  115.9  171.1 -151.0    nan  1.053  104.3  3.841  5.364  162.5  167.6
G  119.4  -38.1  113.6 -179.0    nan    nan    nan   80.1  3.768    nan    nan  -19.2
L  -67.9  156.1  111.7 -178.0  -46.2    nan  1.018   78.1  3.805    nan    nan   83.6
C  -55.5  -30.9  112.7  176.8   56.9    nan  1.048  108.9  3.793  5.246  -75.2  -83.1
H -163.2  148.9  105.1 -178.3 -168.9    nan  0.958  149.1  3.836  4.705  -21.0   -8.5
R  -65.9  157.7  107.9  174.8   52.6    nan  1.011   74.3  3.801  5.681  -96.2 -100.4
L  -74.6  121.7  106.7 -176.0  -57.1    nan  0.985   95.5  3.730  5.303  -90.2  -96.0
T -107.8  -57.3  113.8  178.2   55.1  -65.4  1.075   60.8  3.801  5.983 -169.6 -166.6
T -115.0  126.3  111.3 -171.2  -47.3 -173.0  1.007  121.0  3.836  4.655    5.2   26.3
V  -62.9  135.2  104.2  171.0  175.2  -65.9  0.953   80.3  3.899  5.936 -112.8 -126.5
C  -62.1  129.7  108.9 -179.6 -177.0    nan  0.988   85.4  3.811  5.595  -99.5 -108.8
P  -59.3    nan  112.2  177.6   16.6    nan  1.021    nan  3.874  5.678 -107.6 -115.1
