Id   phi    psi    tau  omega    chi    chi2  solid    eta  CA-CA  CB-CB  BA^AB  NA^AC
R    nan  120.6  111.5    nan  -62.1    nan  1.064    nan    nan    nan    nan    nan
P  -56.7  -42.9  117.5 -179.4   11.0    nan  1.067   98.0  3.860  5.719 -106.5 -121.3
Y  -92.9  132.7  113.2 -178.5  -50.8    nan  1.090  108.9  3.798  5.037   28.3   56.8
A -122.8  146.8  111.2 -179.4    nan    nan  1.025  128.3  3.794  5.769 -163.0 -173.5
C  -83.6  118.5  106.4  178.6 -172.6    nan  0.990  101.1  3.788  5.613 -112.9 -120.0
P  -78.9    3.3  115.1 -179.7   18.7    nan  1.010  102.5  3.832  5.842 -134.4 -140.9
V  -76.9  129.7  109.6  178.3  179.4  -61.3  1.084   96.1  3.759  5.780   86.3  110.1
E  -31.6  122.0  117.0 -179.7 -153.6    nan  1.099   75.6  3.752  5.303  -67.8  -89.7
S   53.2   32.4  112.7  179.2 -170.7    nan  1.088  109.9  3.800  4.964    7.9  -22.2
C -118.3  105.5  102.5  176.9  174.7    nan  0.988  108.1  3.774  5.778   84.2   94.5
D  -73.9    3.5  117.6 -175.3  -54.3    nan  1.067  107.6  3.786  5.908 -137.8 -146.1
R  -66.3  120.8  118.4 -177.4  -51.4    nan  1.160   99.7  3.833  5.819  102.6  125.8
R -110.7  136.9  105.5  177.5  -71.6    nan  0.970  115.4  3.782  5.834 -157.5  179.1
F -123.9  154.2  107.5  179.4  -65.4    nan  0.989  127.7  3.828  5.815 -165.0 -168.8
S  -93.9  -43.1  109.9  179.8   75.3    nan  1.036   73.6  3.790  5.600 -120.3 -118.7
D  -84.7  136.1  110.4  179.4 -177.5    nan  1.041  100.0  3.798  5.140   41.4   60.1
S  -63.3  -41.6  114.9 -179.6  175.8    nan  1.083   94.9  3.833  5.700 -101.4 -110.1
S  -65.6  -30.0  110.9  179.6  -59.3    nan  1.037  101.2  3.821  5.341   67.1   80.7
N  -70.1  -27.2  111.6  179.5  -74.6    nan  1.067   98.3  3.806  5.415   68.6   86.5
L  -71.7  -51.1  108.6  178.8  169.9    nan  1.020   87.8  3.806  5.538   73.2   86.3
T  -59.9  -35.1  110.6  179.5  -90.7  147.4  1.051  103.6  3.795  5.230   61.7   75.9
R  -62.7  -47.8  108.4  178.0  176.7    nan  0.993   95.7  3.831  5.476   76.1   86.5
H  -65.3  -33.8  113.2  179.6  166.9    nan  1.047   98.6  3.812  5.143   57.8   74.1
I  -63.0  -32.9  110.6 -179.7  -66.9  171.3  1.050  102.2  3.825  5.457   75.2   90.4
R  -59.6  -17.5  113.0  179.7  -81.4    nan  1.072  112.4  3.822  5.508   79.9   93.9
I  -72.2  -49.8  108.9  179.4  -59.9  178.2  1.009   87.8  3.809  5.608   84.0   95.3
H  -67.0  -43.6  112.4 -179.9  -56.0    nan  1.047   92.4  3.813  5.160   55.7   71.1
T  -77.4  -12.2  112.3 -179.7   64.7  -56.1  1.066   97.8  3.812  5.238   50.3   68.4
G   66.8   10.6  114.4 -179.4    nan    nan    nan  108.6  3.798    nan    nan -129.6
Q  -67.6  139.3  111.5  179.9 -179.8    nan  1.040   86.1  3.820    nan    nan  126.5
K -139.3   84.7  108.1 -179.8  -59.7    nan  1.006   97.6  3.833  5.719 -175.8  175.5
P  -64.0  -15.8  118.0 -179.4  -22.8    nan  1.025  107.9  3.884  6.052 -153.3 -160.8
F -117.2  130.8  113.9 -177.9  -47.1    nan  1.071  124.8  3.810  5.072   28.3   57.8
Q -118.5  147.8  111.2 -179.8 -170.6    nan  1.038  125.0  3.807  5.813 -163.5 -171.5
C  -89.7  122.3  109.8  179.5  171.0    nan  1.018  106.4  3.822  5.638 -117.6 -124.1
R  -61.2  -24.0  115.0 -178.9  -61.0    nan  1.074  106.8  3.808  5.811 -112.4 -121.7
I  -85.3  -53.9  115.8 -177.9  -54.2 -174.4  1.116   72.5  3.824  5.367   58.3   81.4
C -102.2   -8.2  113.8 -179.9   73.3    nan  1.105   74.7  3.815  4.960   13.4   36.9
M   70.0   18.7  114.9  179.2  -62.5    nan  1.102  101.4  3.829  5.498 -123.6 -123.5
R  -81.6  149.6  110.9  179.7 -179.5    nan  1.037   93.0  3.812  5.934  110.3  120.5
N -102.8  139.1  113.6 -179.9  -61.4    nan  1.080  115.1  3.814  5.652 -133.4 -132.8
F -127.2  151.8  110.5 -179.8  -64.0    nan  1.027  131.7  3.803  5.725 -162.7 -171.8
S  -74.9  -27.7  112.4 -179.8   62.6    nan  1.043   93.4  3.795  5.498  -98.4 -104.2
R -128.1  151.8  115.1 -177.5  -61.9    nan  1.077  134.6  3.799  4.855   11.5   34.8
S  -75.3  -32.7  113.2 -179.6   57.5    nan  1.071   90.5  3.816  5.522  -98.9 -106.1
D  -71.8  -28.9  112.4  179.7   51.7    nan  1.100   95.7  3.799  5.382   63.4   83.2
H  -81.1  -24.7  108.7  178.1  -71.6    nan  1.016   90.5  3.820  5.461   61.8   75.4
L  -75.0  -41.1  107.2  178.0  173.3    nan  1.007   90.4  3.790  5.475   69.5   84.1
T  -58.9  -44.9  111.0  179.9  -58.1 -178.3  1.041   98.6  3.821  5.428   73.5   85.9
T  -74.8  -30.0  111.6  180.0   59.9  -60.7  1.086   92.9  3.808  5.209   50.2   68.8
H  -65.4  -41.5  111.0  178.1  161.0    nan  1.039   95.5  3.820  5.578   78.6   89.6
I  -57.9  -28.7  112.7 -179.9  -57.7 -178.7  1.058  108.0  3.832  5.383   74.9   87.9
R  -70.0  -12.7  112.8  179.9  -60.2    nan  1.083  104.7  3.818  5.450   70.7   88.6
T  -79.0  -14.6  109.0  178.2   67.7  -53.5  1.035   96.0  3.817  5.692   78.4   92.6
H  -97.8  -47.4  109.9  179.2  -61.6    nan  1.006   70.1  3.821  5.455   57.8   73.0
T  -83.2  -17.8  115.2 -178.4   57.9  -62.6  1.090   89.1  3.809  5.032   38.7   60.3
G   70.3   24.5  113.6 -179.8    nan    nan    nan   98.7  3.798    nan    nan -131.3
E  -79.1  127.2  109.8  179.3  175.4    nan  1.016   98.7  3.813    nan    nan  127.6
K -132.7   86.6  110.3 -179.1  -56.6    nan  1.020  102.3  3.808  5.768  177.7  171.9
P  -75.2   -2.0  116.9 -179.5  -16.5    nan  1.013  103.9  3.856  6.047 -163.4 -169.4
F -115.3  105.4  115.2 -177.6  -54.6    nan  1.106  119.0  3.813  5.239   40.9   72.8
A -101.9  141.6  115.1 -178.9    nan    nan  1.092  114.8  3.816  6.003 -171.7 -179.3
C  -71.4  131.8  108.6  178.6  171.4    nan  0.999   90.7  3.803  5.561  -99.9 -116.2
D  -66.1  -19.8  114.9 -179.3  -67.9    nan  1.080  104.6  3.814  5.764 -110.2 -116.2
I  -89.2  -60.0  114.5 -178.1  -47.2 -170.4  1.096   69.4  3.822  5.415   59.6   81.1
C  -99.3  -16.8  113.8 -179.3   63.0    nan  1.074   74.4  3.811  4.872   13.1   34.1
G   85.3   12.0  115.4 -179.8    nan    nan    nan   89.5  3.802    nan    nan -117.1
R  -70.0  132.4  110.4  179.7 -178.9    nan  1.039   90.7  3.813    nan    nan  125.2
K  -97.4  145.5  115.9 -178.1  -58.9    nan  1.121  110.6  3.804  5.817 -144.9 -144.2
F -131.6  151.7  112.3 -178.7  -59.8    nan  1.040  136.0  3.808  5.625 -157.8 -170.4
A  -71.2  -35.9  113.4 -179.5    nan    nan  1.075   92.3  3.801  5.511  -97.0 -100.4
R -118.3  153.6  112.0 -178.7  -38.1    nan  1.047  124.8  3.808  4.963   15.0   36.4
S  -61.3  -44.3  113.4 -179.6   62.7    nan  1.084   95.8  3.807  5.449  -83.6  -89.1
D  -62.6  -28.7  114.8 -179.3   65.4    nan  1.108  102.9  3.825  5.313   64.6   82.5
E  -71.2  -36.3  108.8  178.9  -64.2    nan  1.012   94.6  3.822  5.531   74.9   86.0
R  -71.9  -37.6  108.6  179.3 -177.1    nan  0.999   93.5  3.805  5.318   64.5   77.3
K  -64.7  -44.3  109.3  179.2 -176.9    nan  1.024   95.6  3.781  5.304   68.9   83.2
R  -69.7  -25.8  111.0  179.8 -177.6    nan  1.052   99.6  3.818  5.270   56.3   73.3
H  -77.2  -52.5  112.5  179.4  161.8    nan  1.059   80.7  3.796  5.471   66.9   84.1
T  -44.6  -32.7  115.0 -177.5  -52.1 -172.4  1.109  116.0  3.808  5.276   78.5   93.2
K  -65.6  -14.0  114.8 -179.4   67.1    nan  1.112  108.0  3.812  5.472   72.7   90.5
I  -71.0  -29.4  111.9 -179.4   71.6  -52.8  1.085   96.4  3.823  5.789   87.0  102.0
H  -71.0    1.7  114.1 -179.0  -56.4    nan  1.098  109.6  3.793  5.439   72.0   88.3
L  -83.9    nan  110.3  178.8  -66.5    nan  1.033    nan  3.802  5.775   89.1  102.1
