Id   phi    psi    tau  omega    chi    chi2  solid    eta  CA-CA  CB-CB  BA^AB  NA^AC
R    nan  -32.6  115.5    nan -172.4    nan  1.129    nan    nan    nan    nan    nan
P  -56.9  -67.3  115.8  179.7   20.9    nan  1.045   82.8  3.864  5.544   86.4   98.6
Y  -77.1  139.8  112.4  180.0  -59.0    nan  1.059   94.0  3.873  5.011   24.1   47.9
A -137.3  162.1  115.6 -178.7    nan    nan  1.108  142.1  3.854  5.732 -177.2 -178.2
C  -98.9  110.3  115.0 -179.3  172.7    nan  1.065  116.5  3.841  5.406 -111.5 -116.4
P  -59.4  -25.0  120.3 -179.7  -27.0    nan  1.073  106.1  3.906  5.844 -121.8 -134.9
V  -58.7  143.4  114.3 -179.3  174.0  -65.4  1.119   78.1  3.844  5.619   81.9  104.8
E  -45.4  -71.1  116.1 -178.5  -49.2    nan  1.103   86.0  3.800  5.378  -70.3  -87.0
S  -53.5  -41.0  118.3 -178.4  -54.3    nan  1.128  101.5  3.822  4.987   51.2   69.5
C  -75.2  144.1  116.3 -178.5  -80.6    nan  1.130   92.6  3.814  5.280   54.2   76.5
D -126.5   38.0  109.3  179.0  -69.4    nan  0.982   72.3  3.813  5.659 -150.8 -169.1
R -101.6  158.4  117.0 -177.8  -46.1    nan  1.109  110.5  3.823  5.807  102.7  124.0
R -143.4  147.6  110.2  179.6  -42.7    nan  1.029  142.0  3.829  5.539 -161.0 -167.5
F -128.0  139.5  114.1 -179.1  -56.9    nan  1.089  132.6  3.876  5.755 -161.3 -159.6
S  -70.8  -41.5  111.1 -180.0   58.6    nan  1.070   91.2  3.805  5.668 -106.0 -114.9
Q  -95.3  142.1  110.0  178.6  -65.4    nan  1.039  106.4  3.837  5.236   32.4   51.0
S  -60.2  -38.8  110.6  179.0  168.3    nan  1.026  101.3  3.832  5.590  -88.9 -101.9
G  -59.5  -38.6  114.3 -179.9    nan    nan    nan  100.1  3.790    nan    nan   89.2
S  -71.7  -29.3  113.0 -179.3  -62.7    nan  1.073   95.3  3.842    nan    nan   79.1
L  -69.7  -47.6  108.2  178.5  165.5    nan  0.995   91.0  3.794  5.489   76.2   86.2
T  -72.3  -17.2  113.1 -179.3   92.0  -29.0  1.126  100.4  3.785  5.115   45.6   68.8
R  -78.9  -44.0  106.4  177.7  166.7    nan  0.964   86.9  3.849  5.739   81.3   87.2
H  -64.1  -37.1  111.5  179.2  155.0    nan  1.019   98.6  3.775  5.118   63.7   77.5
I  -58.3  -24.6  110.8 -179.8  -80.1  155.4  1.062  110.6  3.802  5.381   74.0   91.3
R  -65.4  -21.9  112.2  179.6  -65.0    nan  1.081  104.9  3.837  5.640   79.2   96.0
I  -63.1  -40.9  107.2  178.4  -66.2  170.4  0.984   99.7  3.817  5.667   91.0   98.5
H  -76.1  -45.9  113.0 -179.9  -58.6    nan  1.058   84.0  3.816  5.175   51.3   70.2
T  -77.8  -16.3  112.7  180.0   72.3  -49.1  1.066   95.6  3.824  5.272   48.4   66.0
G   70.7   16.4  114.4 -179.5    nan    nan    nan  102.0  3.823    nan    nan -129.5
Q  -69.4  130.1  112.9 -178.9 -167.0    nan  1.078   93.0  3.805    nan    nan  131.6
K -131.3   83.0  107.1  179.4  -69.3    nan  0.992   98.0  3.818  5.776 -174.2  172.5
P  -63.7  -31.3  120.2 -179.1  -13.8    nan  1.054   98.3  3.873  6.059 -157.2 -160.9
F -103.5  119.6  115.3 -175.7  -41.4    nan  1.094  118.5  3.811  4.968   29.0   60.5
Q -106.9  144.2  116.8 -178.3 -172.8    nan  1.105  119.2  3.809  5.913 -164.0 -168.8
C  -84.3  112.7  108.1  178.7  176.0    nan  0.995  104.4  3.840  5.618 -111.7 -126.6
R  -67.9   -0.1  113.5 -179.3   47.0    nan  1.110  112.1  3.800  5.984 -135.3 -137.1
I -100.4  -46.4  112.2 -179.4  -60.5  177.2  1.078   66.8  3.827  5.628   67.0   86.5
C -116.5    1.7  112.9  179.5   70.2    nan  1.095   64.2  3.828  5.020    2.7   28.1
M   69.2    1.2  117.8  180.0  -67.8    nan  1.166  110.2  3.833  5.559 -116.3 -115.1
R  -67.7  136.7  111.2  179.6 -178.9    nan  1.052   87.3  3.815  5.902  110.5  117.7
N  -96.4  146.5  111.4  179.9  -54.8    nan  1.050  107.1  3.846  5.827 -135.8 -141.8
F -129.1  152.9  111.5 -178.5  -63.7    nan  1.045  133.7  3.784  5.649 -159.0 -163.8
S  -75.4  -26.7  114.0  178.8   61.6    nan  1.081   92.8  3.781  5.483 -100.4 -104.0
R -132.1  141.8  115.2 -178.0  -68.5    nan  1.071  136.2  3.848  4.941   10.4   31.9
S  -60.1  -37.6  111.8 -179.7   68.1    nan  1.048  101.5  3.813  5.520  -90.0 -104.6
D  -70.7  -35.2  112.4  178.9   59.9    nan  1.102   93.7  3.778  5.301   58.1   79.0
H  -75.2  -27.2  111.2  178.9  -70.3    nan  1.087   93.9  3.825  5.448   58.3   76.8
L  -69.5  -41.1  108.7  176.3  164.8    nan  1.023   93.8  3.801  5.581   75.6   86.4
T  -57.4  -53.5  111.8  178.7  -68.5  172.7  1.076   94.0  3.825  5.394   72.6   87.0
T  -64.6  -33.8  113.1  178.7   61.0  -61.2  1.120   99.2  3.834  5.321   51.6   70.2
H  -59.9  -44.9  110.0  177.4  160.5    nan  1.018   98.4  3.828  5.615   84.8   90.7
I  -56.1  -25.9  113.9 -178.9  -67.7  173.1  1.108  110.8  3.810  5.312   70.0   87.4
R  -70.0  -16.3  113.4  179.4  -62.5    nan  1.086  103.0  3.822  5.555   75.2   91.2
T  -73.1  -25.1  108.7  178.4   65.9  -55.1  1.047   97.7  3.806  5.658   80.7   95.0
H  -86.5  -47.7  111.8  178.2  -61.9    nan  1.024   76.5  3.826  5.447   59.5   73.7
T  -80.8  -25.5  116.3 -177.9   64.9  -55.9  1.107   87.4  3.851  5.097   41.9   63.7
G   82.7   11.2  110.6 -179.3    nan    nan    nan   93.3  3.801    nan    nan -125.2
E  -68.3  131.0  109.5  178.3  179.8    nan  1.024   89.6  3.789    nan    nan  125.2
K -140.0   88.7  108.3 -179.4  -59.8    nan  0.998  100.7  3.810  5.725  175.1  167.9
P  -70.2  -12.6  117.8 -179.8  -15.4    nan  1.037  103.6  3.829  6.033 -156.7 -162.8
F -110.9  108.7  117.4 -175.6  -49.1    nan  1.140  121.4  3.789  5.098   36.4   70.9
A  -98.7  138.7  115.7 -179.2    nan    nan  1.108  113.4  3.843  6.022 -165.1 -173.0
C  -67.1  137.0  108.5  179.5  170.8    nan  1.023   85.2  3.797  5.599  -98.7 -114.6
D  -68.3  -33.7  113.0 -180.0  -78.8    nan  1.062   96.1  3.824  5.725 -105.1 -113.7
I  -78.3  -51.4  114.0 -179.0  -57.3 -179.0  1.088   79.3  3.820  5.323   58.1   77.4
C -113.9   -9.6  116.9 -177.4   74.8    nan  1.119   62.1  3.823  4.831    4.2   29.8
G   83.2   -2.7  117.0  179.9    nan    nan    nan   98.0  3.800    nan    nan -113.5
R  -58.8  135.8  109.5  179.6 -178.2    nan  1.022   80.1  3.805    nan    nan  122.1
K  -97.5  148.9  116.2 -177.9  -60.8    nan  1.097  109.8  3.836  5.830 -139.6 -140.6
F -137.2  148.5  112.9 -179.3  -59.4    nan  1.048  139.8  3.808  5.546 -163.3 -172.2
A  -72.3  -28.5  111.5  179.3    nan    nan  1.051   95.8  3.821  5.567 -100.0 -106.5
R -123.1  143.4  114.7 -178.6  -83.4    nan  1.078  130.3  3.818  4.962   15.1   37.8
S  -61.6  -36.9  113.1  179.5   67.1    nan  1.078  100.0  3.798  5.543  -92.5 -103.0
D  -70.5  -27.5  111.7  179.7   61.5    nan  1.090   97.8  3.846  5.432   61.8   80.4
E  -69.3  -43.9  106.1  177.5  -68.2    nan  0.979   94.3  3.805  5.598   79.5   86.7
R  -62.5  -44.2  109.2  178.8 -179.8    nan  1.034   97.4  3.773  5.302   65.9   78.7
K  -58.2  -46.6  109.7  179.0  173.5    nan  1.045   98.9  3.801  5.353   72.2   83.3
R  -59.8  -33.1  110.3  179.4 -173.2    nan  1.039  104.9  3.803  5.295   67.2   80.2
H  -76.1  -49.4  117.3 -179.1  163.3    nan  1.120   79.6  3.824  5.320   56.5   80.3
T  -47.1  -36.1  116.4 -177.4  -51.6 -172.6  1.124  111.0  3.802  5.324   79.0   95.4
K  -65.8  -17.7  115.1 -179.0   71.6    nan  1.129  105.8  3.799  5.425   68.5   88.2
I  -68.6  -17.9  112.0  179.3   72.2  -52.5  1.091  103.9  3.796  5.709   85.7  100.0
H  -80.0    4.1  114.3  179.7  -63.4    nan  1.089  101.6  3.849  5.631   72.5   89.5
L  -88.3  -11.1  115.7 -178.9  -57.1    nan  1.053   86.9  3.818  5.706   89.3  103.1
R   71.4    nan  110.8 -175.9  163.3    nan  1.073    nan  3.859  5.446 -120.4 -120.0
