Id   phi    psi    tau  omega    chi    chi2  solid    eta  CA-CA  CB-CB  BA^AB  NA^AC
R    nan   90.0  110.3    nan  -60.1    nan  1.052    nan    nan    nan    nan    nan
P  -73.3  -18.6  116.6 -179.3   -6.8    nan  1.007   97.7  3.833  6.025 -153.9 -164.6
Y -106.5  102.8  117.6 -176.5  -48.9    nan  1.136  119.8  3.805  5.079   33.5   68.4
A  -92.9  141.0  113.0 -178.9    nan    nan  1.054  106.6  3.787  5.972 -161.0 -175.3
C  -66.8  126.4  105.9  178.1  177.2    nan  0.975   88.2  3.806  5.613  -96.3 -111.7
P  -75.4   -9.5  117.7 -179.3   32.7    nan  1.064  100.0  3.824  5.743 -127.4 -127.8
V  -69.5  124.6  109.3  179.6  176.1  -62.1  1.051   93.2  3.805  5.730   85.6  106.0
E  -43.2  -51.3  118.6 -178.1 -174.8    nan  1.141  101.5  3.807  5.691  -90.6 -101.9
S  -75.0   -9.1  115.0 -178.6   57.9    nan  1.081  101.0  3.834  5.172   48.7   67.0
C -103.1  134.3  115.7 -177.8 -174.2    nan  1.082  117.4  3.815  5.353   55.7   77.9
D -114.7   21.1  115.2 -179.9  -64.6    nan  1.120   75.5  3.809  5.796 -161.8 -162.3
R  -74.0  142.0  111.1  178.9  -57.1    nan  1.034   89.8  3.829  6.068  123.7  129.3
R -129.7  143.1  108.1  178.4  -61.0    nan  1.009  130.9  3.824  5.720 -164.9 -172.1
F -124.9  147.9  115.2 -178.2  -64.8    nan  1.083  132.1  3.810  5.704 -160.8 -160.6
S  -73.3  -35.6  109.7  177.9  -64.9    nan  0.989   92.6  3.808  5.470  -95.4 -111.4
R -119.7  135.7  111.2 -178.5  -67.9    nan  1.025  125.0  3.824  4.869   12.6   33.8
S  -63.8  -31.9  113.9 -179.7   44.9    nan  1.098  100.6  3.801  5.707 -105.7 -110.8
A  -61.8  -31.6  110.6  179.3    nan    nan  1.051  103.9  3.816  5.542   80.0   92.6
D  -73.6  -32.6  110.0  179.3  -67.3    nan  1.060   93.5  3.815  5.427   63.2   81.1
L  -69.4  -37.2  108.0  177.3  171.1    nan  1.019   96.0  3.812  5.500   69.2   81.9
T  -61.4  -39.2  110.8  178.2  -64.2  175.2  1.051  100.0  3.817  5.441   71.8   86.2
R  -69.3  -44.5  108.8  178.8 -178.7    nan  1.017   92.3  3.821  5.408   64.7   77.4
H  -56.2  -42.9  114.0  179.8  166.3    nan  1.065  100.2  3.814  5.286   72.1   86.0
I  -55.9  -21.2  114.3 -178.3 -158.5   80.5  1.128  113.6  3.845  5.401   72.0   90.9
R  -59.5  -27.1  111.0  179.0  -64.1    nan  1.043  108.1  3.825  5.763   96.0  104.3
I  -61.7  -43.3  110.0  179.8  -63.4  174.8  1.017   98.0  3.825  5.586   86.2   96.6
H  -80.9  -32.8  114.4 -178.2  -52.2    nan  1.075   84.9  3.814  5.094   46.1   65.9
T  -84.7  -15.3  111.3  179.9   66.1  -54.2  1.049   89.6  3.805  5.339   53.2   71.1
G   73.3   15.6  112.9 -179.3    nan    nan    nan  100.2  3.795    nan    nan -125.8
Q  -74.5  125.6  113.1 -179.5 -174.5    nan  1.080   98.7  3.806    nan    nan  125.9
K -133.3   80.7  105.2  179.4  -71.2    nan  0.962   94.5  3.831  5.832 -178.8  165.3
P  -67.7  -10.3  120.5 -178.8  -12.3    nan  1.051  106.8  3.850  6.068 -165.7 -164.7
F -114.2  113.4  113.8 -176.3  -45.8    nan  1.076  120.0  3.809  5.123   38.6   67.5
Q -101.9  142.2  115.9 -177.8 -172.1    nan  1.074  115.1  3.787  5.941 -163.3 -169.4
C  -83.1  120.0  106.8  176.5  174.9    nan  0.971  100.9  3.788  5.589 -113.5 -128.5
R  -71.7  -12.8  113.2 -179.2   74.5    nan  1.070  102.9  3.813  5.923 -130.4 -132.1
I  -84.2  -49.4  112.8 -179.3  -49.6 -172.1  1.064   76.9  3.807  5.569   72.6   90.9
C -112.3   -2.5  113.9 -179.3   73.4    nan  1.085   66.7  3.831  4.900    6.8   30.5
M   70.8    6.8  116.5  178.9  -57.1    nan  1.162  106.0  3.844  5.563 -122.1 -117.8
R  -69.2  148.0  108.9  179.0 -179.9    nan  1.022   81.9  3.830  5.998  115.5  120.4
N -107.2  146.4  111.2 -179.8  -53.7    nan  1.049  115.9  3.824  5.699 -138.2 -139.1
F -130.7  151.0  112.1 -178.6  -59.0    nan  1.044  135.2  3.812  5.686 -160.6 -165.5
S  -71.3  -27.7  113.5  180.0   61.2    nan  1.053   96.3  3.802  5.504  -94.8 -102.1
R -132.0  149.7  115.6 -177.3  -65.8    nan  1.080  137.7  3.829  4.864    8.8   31.5
S  -70.3  -33.3  112.0 -179.5   64.1    nan  1.076   95.1  3.809  5.554  -96.4 -103.2
D  -64.6  -41.3  111.3 -180.0   68.4    nan  1.122   96.1  3.785  5.474   69.6   89.3
H  -71.8  -28.2  112.5 -179.9  -66.1    nan  1.085   95.9  3.824  5.384   58.5   75.1
L  -66.7  -44.4  108.4  176.9  167.0    nan  1.023   94.6  3.813  5.592   77.2   88.8
T  -56.9  -50.2  112.4  179.6  -61.7  178.2  1.070   96.0  3.840  5.412   71.2   85.2
T  -66.8  -33.1  112.1 -179.9   55.0  -66.0  1.123   98.1  3.818  5.301   52.1   72.3
H  -62.3  -41.7  109.6  177.6  160.8    nan  1.011   98.5  3.820  5.614   82.6   89.1
I  -58.8  -28.5  112.8 -178.9  -68.2  170.7  1.126  107.3  3.817  5.330   67.2   87.5
R  -66.8  -19.5  111.9  179.0  -61.3    nan  1.071  104.9  3.830  5.631   77.3   90.9
T  -70.8  -23.6  108.5  178.6   70.8  -50.9  1.046  100.5  3.807  5.677   80.9   94.3
H  -89.1  -42.2  111.7  179.3  -63.5    nan  1.013   76.4  3.829  5.440   60.4   73.7
T  -83.6  -24.3  114.8 -178.0   61.2  -59.5  1.096   86.0  3.814  5.095   42.9   65.7
G   83.5   10.5  112.0 -178.5    nan    nan    nan   92.5  3.799    nan    nan -123.5
E  -67.7  123.9  109.3  178.9 -175.4    nan  1.016   92.4  3.824    nan    nan  125.2
K -135.6   86.1  107.5 -178.8  -65.2    nan  0.994   99.3  3.820  5.803  173.0  165.0
P  -72.1  -11.8  118.8 -178.9  -14.0    nan  1.023  101.9  3.850  6.052 -161.1 -165.0
F -112.4  104.0  116.3 -175.2  -48.4    nan  1.121  119.3  3.805  5.067   35.9   69.2
A  -98.6  135.7  114.2 -178.1    nan    nan  1.080  113.0  3.807  6.024 -167.5 -178.1
C  -63.1  131.4  109.9  179.2  175.6    nan  1.016   85.9  3.793  5.606  -97.0 -113.8
D  -64.9  -26.2  112.8  179.8  -76.5    nan  1.039  103.0  3.804  5.722 -106.3 -117.0
I  -85.8  -51.2  114.3 -178.1  -56.6 -180.0  1.087   74.1  3.806  5.331   56.4   78.3
C -113.4   -6.7  117.7 -176.6   75.2    nan  1.113   63.6  3.801  4.781    6.8   31.4
G   83.2   -3.8  116.2  179.7    nan    nan    nan   98.5  3.807    nan    nan -110.3
R  -59.4  132.1  110.0 -179.7 -173.6    nan  1.041   83.0  3.821    nan    nan  121.3
K  -98.4  147.5  115.2 -177.7  -66.0    nan  1.081  110.5  3.819  5.817 -142.2 -146.0
F -135.5  154.2  111.1 -180.0  -59.0    nan  1.035  138.8  3.806  5.625 -164.2 -171.6
A  -72.4  -31.3  112.4 -179.9    nan    nan  1.060   94.0  3.806  5.479  -94.8  -99.2
R -122.2  149.5  113.2 -178.8  -53.0    nan  1.065  128.9  3.816  5.011   14.0   36.7
S  -63.4  -36.6  111.6 -179.8   65.0    nan  1.055   99.3  3.802  5.469  -86.9  -96.9
D  -69.4  -27.3  112.2  179.8   62.8    nan  1.114   98.6  3.815  5.380   61.2   81.7
E  -68.3  -47.8  107.0  177.0  -75.6    nan  0.970   92.7  3.831  5.673   83.0   87.7
R  -59.5  -42.6  109.0  179.0 -173.6    nan  1.027  100.6  3.803  5.241   66.2   78.1
K  -58.4  -42.6  112.4  179.7 -173.2    nan  1.058   99.5  3.828  5.356   72.2   85.6
R  -68.1  -29.4  110.0  179.2 -175.4    nan  1.028   99.8  3.824  5.312   62.5   76.5
H  -76.9  -48.5  116.0  179.8  165.2    nan  1.097   80.2  3.824  5.375   60.4   81.6
T  -47.5  -40.4  115.0 -177.3  -52.1 -171.3  1.110  108.2  3.828  5.393   80.7   95.2
K  -62.7  -15.1  115.3 -179.4   58.6    nan  1.135  110.1  3.813  5.393   68.1   86.6
I  -71.3  -14.5  110.8  179.6   74.6  -51.4  1.088  103.0  3.811  5.773   85.2   99.8
H  -83.5   -3.2  112.4  179.9  -64.3    nan  1.069   95.3  3.824  5.599   72.3   88.5
L  -71.1  168.1  105.4  178.3  -66.2    nan  1.017   74.6  3.795  5.801   96.0  107.9
R  -55.4    nan  116.6 -175.3   81.5    nan  1.216    nan  3.784  5.384  -70.4  -61.8
