Id   phi    psi    tau  omega    chi    chi2  solid    eta  CA-CA  CB-CB  BA^AB  NA^AC
R    nan  -15.3  118.4    nan  -93.4    nan  1.186    nan    nan    nan    nan    nan
P  -65.0  -21.6  116.3  179.7   21.0    nan  1.020  104.2  3.861  5.700   98.3  106.9
Y  -88.5   95.3  116.3 -178.0  -50.0    nan  1.113  116.0  3.840  5.308   50.4   80.7
A  -91.5  149.5  109.0  178.9    nan    nan  1.017  100.8  3.809  6.070 -168.8  177.7
C  -74.8  123.9  107.6  178.9 -176.2    nan  0.993   95.5  3.778  5.514  -99.5 -108.1
P  -64.8  -29.7  115.7 -179.6  -24.5    nan  1.025  100.1  3.864  5.740 -114.6 -123.6
V  -49.1  129.1  104.3  178.2  163.9  -73.6  0.938   74.4  3.824  5.649   96.6  104.6
E  -63.7  -55.5  115.3 -179.1   66.7    nan  1.279   86.3  3.781  5.931 -130.8 -112.7
S  -54.1  -17.3  114.6  179.1   45.1    nan  1.112  117.3  3.825  5.530   72.5   79.6
C -104.4  131.0  114.5  179.3  173.8    nan  1.092  117.7  3.839  5.402   45.5   66.8
D -113.4    5.6  116.4 -178.6  -54.3    nan  1.096   69.2  3.815  5.777 -157.8 -164.5
R  -60.9  137.4  112.5  180.0  -80.1    nan  1.071   82.5  3.832  5.934  117.3  128.6
R -113.8  153.2  111.4 -179.0  -42.7    nan  1.033  120.7  3.792  5.727 -150.7 -158.7
F -135.6  140.6  114.3 -178.9  -64.3    nan  1.083  137.3  3.806  5.587 -162.9 -162.2
S  -79.0  -22.9  113.6  179.9  -73.2    nan  1.080   91.4  3.811  5.678 -113.9 -121.7
R -117.9  126.1  110.2 -179.3  -53.6    nan  1.009  121.5  3.800  5.102   29.6   47.2
S  -54.7  -36.8  112.5 -179.6   69.0    nan  1.050  106.0  3.822  5.764 -101.4 -112.9
A  -71.0  -29.8  111.1 -179.9    nan    nan  1.049   96.5  3.785  5.277   63.6   80.0
D  -70.2  -16.8  110.0  178.8  -94.1    nan  1.084  103.4  3.797  5.469   66.6   85.9
L  -82.0  -41.2  107.4  177.6 -178.7    nan  1.005   84.8  3.806  5.616   71.8   84.7
T  -56.4  -43.1  111.8  179.4  -66.2  172.3  1.038  101.1  3.828  5.422   76.0   87.9
R  -67.3  -46.0  107.2  178.6  160.3    nan  0.982   94.1  3.804  5.275   65.8   75.4
H  -57.8  -35.1  113.1  179.9  166.4    nan  1.061  104.2  3.796  5.187   66.5   82.7
I  -59.3  -29.7  111.7 -179.4 -150.9   88.4  1.057  106.6  3.811  5.472   78.6   93.2
R  -63.6  -21.5  112.7  179.8  -78.5    nan  1.078  106.7  3.808  5.513   77.9   93.4
I  -69.3  -35.9  107.8  178.8   78.2  -45.0  1.052   96.8  3.778  5.650   80.6   94.0
H  -81.7  -32.6  113.2 -179.9  -55.5    nan  1.068   84.9  3.818  5.324   53.1   70.2
T  -85.6  -15.5  113.0 -179.7   69.8  -50.8  1.087   88.3  3.817  5.331   50.5   71.2
G   67.4   16.9  114.3 -179.6    nan    nan    nan  104.9  3.801    nan    nan -131.7
Q  -70.6  127.7  112.3 -179.6 -175.7    nan  1.067   94.7  3.805    nan    nan  130.3
K -131.9   76.2  106.2  179.1  -66.4    nan  0.977   92.5  3.823  5.800 -176.8  169.1
P  -78.1   11.4  119.5 -179.0   39.7    nan  1.046  107.3  3.875  6.057  177.8 -179.5
F -126.0  115.3  108.7 -179.7  -55.7    nan  1.035  119.0  3.812  5.382   46.5   70.3
Q -109.4  137.5  115.6 -177.9 -161.8    nan  1.093  121.3  3.768  5.891 -172.0 -172.8
C  -79.6  116.9  106.0  178.4  170.8    nan  0.955   99.3  3.793  5.632 -110.8 -130.3
R  -67.9  -15.1  112.5 -179.6   37.3    nan  1.086  105.7  3.786  5.942 -132.2 -132.2
I  -79.4  -52.7  112.3 -179.8  -41.5 -164.4  1.078   79.4  3.793  5.632   74.8   92.7
C -114.0    2.1  114.2 -178.8   68.4    nan  1.066   66.8  3.810  4.847    5.2   26.3
M   68.2    5.3  116.1  179.4  -36.4    nan  1.118  109.4  3.818  5.482 -116.7 -115.9
R  -65.1  145.4  109.4  179.7 -173.7    nan  1.034   79.9  3.828  5.955  116.9  123.6
N -101.4  145.0  109.8 -179.8  -52.8    nan  1.017  110.6  3.803  5.695 -131.9 -136.3
F -130.9  149.7  111.4 -179.3  -63.6    nan  1.046  134.8  3.775  5.635 -164.5 -167.4
S  -78.9  -18.1  113.4 -179.4   51.3    nan  1.042   93.5  3.773  5.499 -103.0 -110.6
R -135.4  139.7  112.6 -178.2  -46.2    nan  1.045  135.9  3.812  4.955   14.1   35.1
S  -64.3  -37.7  111.1 -179.2   63.3    nan  1.051   98.3  3.795  5.599  -98.2 -108.6
D  -67.5  -35.4  111.3 -179.9   54.0    nan  1.095   96.8  3.797  5.368   62.8   82.3
H  -71.7  -26.8  110.5  178.7  -73.5    nan  1.056   97.5  3.800  5.444   64.3   79.2
L  -74.2  -40.0  108.0  178.2  164.3    nan  1.014   91.0  3.790  5.507   70.5   83.7
T  -56.7  -50.8  111.7  179.3  -67.5  172.4  1.074   96.2  3.779  5.391   74.5   89.1
T  -68.4  -27.7  112.3 -179.9   56.3  -64.9  1.082   99.3  3.806  5.257   53.2   70.0
H  -67.3  -43.4  110.0  178.5  158.4    nan  1.016   93.6  3.807  5.546   80.3   90.1
I  -56.9  -27.9  112.8 -179.8  -64.4  175.8  1.090  109.3  3.813  5.319   70.2   87.0
R  -69.1  -15.5  111.5  179.1  -62.9    nan  1.054  104.6  3.816  5.540   75.1   89.2
T  -76.3  -15.6  108.2  178.3   70.0  -51.0  1.026   98.4  3.801  5.636   78.3   92.3
H  -96.8  -46.8  111.6  178.9  -61.7    nan  1.026   69.7  3.823  5.443   56.8   73.5
T  -79.9  -24.9  114.6 -178.6   65.3  -55.3  1.067   89.2  3.835  5.120   45.7   64.2
G   83.3   11.7  111.4 -178.9    nan    nan    nan   92.3  3.786    nan    nan -124.2
E  -68.4  124.9  108.9  179.7 -174.3    nan  1.010   92.1  3.808    nan    nan  126.3
K -132.9   85.6  107.2 -179.6  -62.1    nan  0.988   99.4  3.801  5.787  176.7  168.2
P  -76.8   -2.7  118.8 -179.1   31.9    nan  1.077  101.9  3.813  6.036 -173.4 -168.3
F -111.8  108.7  115.1 -178.3  -46.9    nan  1.118  119.4  3.802  5.324   44.6   75.4
A  -98.9  134.7  113.8 -178.5    nan    nan  1.073  113.1  3.806  5.989 -162.4 -173.9
C  -66.9  132.0  108.3  179.1  166.5    nan  1.008   87.2  3.794  5.659 -103.0 -118.4
D  -64.0  -30.6  113.5 -179.7  -71.8    nan  1.079  101.2  3.801  5.747 -107.8 -114.3
I  -81.4  -48.3  114.8 -179.0  -55.4 -178.6  1.106   77.8  3.793  5.363   56.1   78.2
C -112.8   -8.4  115.4 -177.5   70.0    nan  1.094   63.8  3.804  4.886   10.2   33.8
G   81.4   -1.4  115.7 -179.9    nan    nan    nan   99.2  3.790    nan    nan -113.2
R  -58.7  134.9  110.7  179.6 -174.8    nan  1.037   81.2  3.821    nan    nan  123.5
K  -94.9  151.5  115.3 -178.3  -54.0    nan  1.095  106.2  3.839  5.830 -137.9 -139.6
F -140.7  147.9  111.1 -178.9  -61.4    nan  1.038  140.9  3.793  5.531 -163.7 -172.9
A  -70.3  -30.7  111.6 -179.7    nan    nan  1.048   96.5  3.819  5.550  -96.9 -104.9
R -124.2  147.5  112.6 -179.2  -48.9    nan  1.055  130.1  3.801  4.966   12.4   34.2
S  -63.9  -34.9  110.3  179.4   65.1    nan  1.042  100.5  3.782  5.474  -89.7 -100.4
D  -69.0  -28.4  112.5 -179.7   64.4    nan  1.135   98.3  3.812  5.428   61.4   84.0
E  -73.3  -38.3  107.3  178.1  -63.5    nan  0.992   92.9  3.797  5.584   75.7   83.1
R  -64.5  -45.0  107.5  178.4 -163.9    nan  1.010   96.5  3.768  5.343   69.2   81.6
K  -57.1  -46.1  110.8  179.4  173.0    nan  1.053   99.3  3.815  5.358   70.8   83.6
R  -62.0  -36.8  110.1  179.1 -175.0    nan  1.032  101.2  3.801  5.310   67.0   78.6
H  -69.8  -59.1  114.1 -179.7  165.0    nan  1.077   81.2  3.785  5.297   62.8   81.6
T  -35.8  -40.2  115.5 -177.9  -51.2 -171.4  1.094  117.2  3.811  5.288   83.9   95.7
K  -66.7   -9.7  115.8 -178.1   70.4    nan  1.121  108.9  3.798  5.296   65.2   84.4
I  -76.1  -17.3  110.4  179.8   73.6  -50.4  1.058   97.4  3.786  5.738   86.6  100.3
H  -78.7   -7.0  111.7 -178.4  -62.9    nan  1.040   98.7  3.828  5.580   76.5   91.7
L  -78.3  174.5  108.3  179.1  -64.2    nan  0.961   80.0  3.721  5.634   90.6   99.2
R  177.7    nan  107.2  175.6 -172.3    nan  0.986    nan  3.771  5.202  169.3  169.3
