Id   phi    psi    tau  omega    chi    chi2  solid    eta  CA-CA  CB-CB  BA^AB  NA^AC
R    nan   77.2  110.0    nan  -62.4    nan  1.027    nan    nan    nan    nan    nan
P  -84.2  -31.9  118.1 -179.7   36.8    nan  1.036   80.7  3.862  6.043  175.0  173.8
Y  -90.5   99.5  116.5 -177.9  -55.0    nan  1.123  116.2  3.825  5.177   38.3   70.5
A  -92.5  150.8  111.6  179.6    nan    nan  1.041  102.6  3.815  6.025 -164.8 -178.4
C  -73.2  120.2  109.7  178.8 -178.1    nan  1.040   97.7  3.807  5.539  -98.6 -105.0
P  -57.6  -30.5  115.6 -179.6    1.1    nan  1.034  106.1  3.861  5.728 -107.3 -121.8
V  -60.4  126.1  107.9  179.5  171.7  -67.6  1.038   85.7  3.803  5.509   77.0   94.9
E  -55.7  -50.1  113.6 -178.2 -169.3    nan  1.101   96.2  3.788  5.740 -102.5 -112.3
S  -64.8  -26.9  112.0 -179.9   60.9    nan  1.064  103.1  3.820  5.329   59.1   74.4
C  -89.5  129.5  112.5  179.6 -173.3    nan  1.076  106.9  3.785  5.311   50.8   71.7
D -117.3   27.1  113.0 -179.4  -65.8    nan  1.079   75.5  3.793  5.787 -164.6 -170.4
R  -76.2  150.2  110.3  178.8  -72.8    nan  1.030   87.7  3.810  6.060  124.4  132.5
R -135.4  145.7  109.1  179.3  -53.5    nan  1.022  135.9  3.818  5.642 -163.9 -167.1
F -131.8  159.1  114.7 -178.2  -61.3    nan  1.081  137.2  3.817  5.682 -165.5 -165.1
S  -76.3  -71.0  110.8  179.6  -49.0    nan  1.021   75.6  3.831  5.418  -90.0  -98.6
R  -90.1  141.2  110.6  179.1  -76.0    nan  1.044  102.8  3.832  4.818   10.3   29.4
S  -58.6  -32.4  115.7 -178.7   59.8    nan  1.120  104.0  3.841  5.629  -92.8  -99.0
D  -60.0  -24.3  109.9  179.5   69.7    nan  1.047  109.6  3.817  5.585   84.0   94.2
E  -73.4  -35.2  110.2  179.4  -65.5    nan  1.031   92.4  3.805  5.504   74.1   87.9
L  -71.0  -37.4  109.3  179.0 -179.3    nan  1.031   93.9  3.793  5.344   64.3   79.6
T  -63.3  -42.3  110.5  179.4  -62.4  177.3  1.049   97.0  3.810  5.417   70.4   85.3
R  -67.8  -50.2  108.8  178.8 -178.3    nan  1.021   90.7  3.812  5.366   63.4   76.0
H  -56.1  -39.2  113.2 -180.0  163.0    nan  1.051  103.0  3.802  5.226   68.1   81.1
I  -56.6  -21.8  113.0 -178.3 -149.2   90.9  1.102  113.0  3.806  5.376   74.9   93.1
R  -68.7  -19.1  113.1 -179.9  -59.2    nan  1.096  103.0  3.801  5.613   79.3   96.6
I  -70.9  -24.7  108.2  179.5   84.6  -37.1  1.044  100.1  3.809  5.722   82.5   95.5
H  -91.2  -33.9  113.0 -179.5  -61.4    nan  1.059   76.4  3.810  5.346   53.8   71.8
T  -85.8  -17.2  111.0  179.2   76.1  -44.0  1.043   88.0  3.806  5.308   50.8   68.2
G   73.5   13.6  114.6 -179.5    nan    nan    nan  100.5  3.817    nan    nan -127.8
Q  -70.8  127.4  114.1 -178.8 -167.3    nan  1.095   96.0  3.796    nan    nan  128.3
K -132.4   82.1  108.1  179.1  -62.1    nan  0.996   97.8  3.827  5.805 -176.5  167.8
P  -73.7   -0.2  117.8 -179.4  -10.2    nan  1.023  106.2  3.860  6.042 -167.4 -171.6
F -118.6  112.3  112.9 -178.6  -52.4    nan  1.085  119.8  3.832  5.284   40.4   69.6
Q -106.4  138.3  116.3 -178.1 -177.6    nan  1.083  119.6  3.773  5.891 -167.8 -175.7
C  -82.5  111.1  107.7  178.3  168.1    nan  0.986  103.5  3.807  5.653 -115.9 -132.3
R  -65.9   -4.4  113.8 -179.1   48.5    nan  1.065  112.3  3.808  5.953 -131.2 -136.5
I  -93.5  -49.9  111.7 -179.2  -63.1  174.2  1.084   71.2  3.783  5.532   66.8   89.7
C -111.2    1.7  112.5 -179.5   69.6    nan  1.050   69.5  3.794  4.938    9.6   30.4
M   66.5    8.5  116.2  179.6  -94.2    nan  1.127  109.5  3.814  5.486 -120.5 -117.8
R  -72.4  153.0  109.1  179.4 -177.0    nan  1.037   82.7  3.825  5.960  110.3  119.3
N -107.2  147.9  111.3 -180.0  -64.8    nan  1.034  115.7  3.804  5.614 -131.0 -133.6
F -134.8  151.0  111.4 -179.8  -62.2    nan  1.043  137.9  3.813  5.655 -165.4 -168.6
S  -76.7  -21.1  113.0 -178.8   60.3    nan  1.047   94.4  3.783  5.516  -99.6 -106.0
R -137.3  146.1  112.9 -175.9  -46.8    nan  1.081  139.2  3.775  4.820    9.5   32.2
S  -67.1  -35.2  112.9 -177.4   55.5    nan  1.044   96.4  3.814  5.557  -90.1 -102.7
D  -70.7  -33.6  111.4 -179.4   60.1    nan  1.082   94.8  3.804  5.334   63.3   82.2
H  -76.5  -20.5  111.5  179.0  -69.4    nan  1.072   95.4  3.791  5.388   58.9   77.1
L  -78.0  -38.9  108.6  177.9  161.2    nan  1.008   88.0  3.813  5.570   72.5   85.7
T  -59.8  -47.4  110.4  179.5  -64.6  176.0  1.031   96.8  3.813  5.399   74.3   86.9
T  -72.0  -29.7  112.0  179.7   61.4  -59.2  1.098   95.3  3.784  5.182   49.0   69.1
H  -63.6  -47.5  109.7  178.7  158.2    nan  1.009   94.5  3.824  5.598   83.9   91.9
I  -55.7  -29.2  113.4 -179.7  -66.9  170.8  1.074  109.4  3.801  5.208   69.3   84.4
R  -64.2  -15.8  111.5  179.2  -60.3    nan  1.076  109.2  3.817  5.524   76.7   92.9
T  -76.2  -21.7  109.3  179.3   68.8  -52.4  1.055   95.9  3.815  5.672   77.1   93.0
H  -88.1  -52.4  109.7  178.6  -61.0    nan  0.995   75.7  3.818  5.492   63.0   75.3
T  -76.5  -24.5  116.8 -177.6   66.1  -55.1  1.108   91.8  3.835  5.006   41.7   62.8
G   80.5    8.6  113.4 -180.0    nan    nan    nan   96.0  3.794    nan    nan -127.8
E  -64.3  130.4  108.8  178.7 -179.5    nan  1.009   86.5  3.790    nan    nan  126.4
K -138.7   87.5  108.8  180.0  -62.7    nan  1.003  100.3  3.812  5.752  174.8  168.7
P  -75.3   -6.9  119.1 -179.5    1.9    nan  1.050  101.2  3.872  6.073 -164.1 -167.8
F -112.0  110.4  115.3 -177.6  -52.5    nan  1.115  120.2  3.816  5.228   41.9   71.9
A -103.5  138.7  113.9 -179.1    nan    nan  1.082  115.8  3.787  5.935 -167.4 -176.6
C  -67.7  132.4  108.9  178.9  173.0    nan  0.993   88.0  3.805  5.575  -97.4 -115.8
D  -67.6  -25.2  114.5 -179.6  -75.0    nan  1.072  100.5  3.803  5.730 -111.6 -117.2
I  -86.6  -52.2  114.9 -179.1  -55.9 -179.4  1.092   72.8  3.808  5.372   57.0   78.2
C -110.5   -8.2  114.6 -177.4   79.3    nan  1.066   66.3  3.813  4.838   10.9   32.0
G   79.4    6.4  116.9 -179.9    nan    nan    nan   97.7  3.767    nan    nan -115.4
R  -65.5  133.6  111.2  179.7 -177.1    nan  1.051   87.2  3.824    nan    nan  124.7
K  -92.9  149.1  117.9 -177.7  -58.3    nan  1.141  106.5  3.825  5.797 -138.9 -138.1
F -138.2  151.5  113.3 -178.7  -62.4    nan  1.049  141.4  3.808  5.557 -161.2 -173.4
A  -76.9  -24.3  112.4 -179.5    nan    nan  1.047   93.1  3.807  5.502 -100.7 -107.4
R -128.7  149.4  109.5 -179.1  -56.9    nan  1.011  132.1  3.794  4.994   15.9   34.7
S  -69.2  -30.4  111.1  179.5   53.5    nan  1.056   97.8  3.774  5.516  -97.6 -101.6
D  -71.2  -29.6  112.0  179.7   57.5    nan  1.117   96.0  3.830  5.503   63.9   85.6
E  -68.6  -38.9  106.9  177.3  -69.7    nan  0.991   96.6  3.795  5.585   78.2   85.5
R  -68.5  -41.6  109.5  178.9 -165.1    nan  1.021   93.9  3.796  5.301   63.4   77.7
K  -61.3  -44.1  110.4 -179.9  167.4    nan  1.051   97.6  3.815  5.361   69.2   83.8
R  -67.4  -30.1  111.2  179.8 -179.0    nan  1.033   99.5  3.809  5.263   62.3   75.9
H  -77.7  -47.5  113.1  179.6  159.5    nan  1.059   82.0  3.806  5.345   60.7   79.8
T  -45.6  -35.5  116.2 -177.3  -51.7 -171.0  1.135  112.7  3.799  5.372   80.3   97.3
K  -69.6  -10.9  116.0 -179.0   63.6    nan  1.136  105.3  3.822  5.423   66.9   85.5
I  -72.0  -14.0  110.8  179.1   69.8  -55.1  1.086  102.6  3.800  5.802   89.1  102.7
H  -81.5   -5.5  114.5  179.8  -59.7    nan  1.076   96.3  3.821  5.604   75.9   91.6
L  -98.1  151.9  105.9 -178.9  -61.0    nan  0.913  104.7  3.778  5.549   74.4   82.3
R  172.9    nan  108.9  170.4   97.4    nan  1.126    nan  3.805  5.229  127.2  136.2
