Id   phi    psi    tau  omega    chi    chi2  solid    eta  CA-CA  CB-CB  BA^AB  NA^AC
I    nan -126.9  114.9    nan -151.1   81.3  1.244    nan    nan    nan    nan    nan
Q -115.9  127.1  123.4 -174.8  -61.1    nan  1.213  131.2  3.907  5.005  -62.8  -39.4
R -122.8  133.7  113.2 -178.8  -75.7    nan  1.065  127.9  3.832  5.789 -164.7  175.4
T  -80.0  143.8  113.5 -178.2 -161.4   76.9  1.090   95.3  3.797  5.749 -121.7 -129.6
P  -74.1  143.3  117.8 -179.9   30.1    nan  1.041   92.8  3.823  5.583 -103.1 -109.4
K  -90.2  150.0  101.4  175.6  -78.9    nan  0.929   95.8  3.777  5.689 -123.9 -136.9
I -135.1  134.8  114.0 -177.0  -52.3 -174.0  1.009  134.7  3.818  5.715 -161.7 -161.2
Q -134.5  121.2  111.1  176.9  -71.6    nan  1.078  125.6  3.813  5.711  174.9  174.0
V -108.0  127.3  104.5  178.0 -158.2  -35.9  0.964  112.1  3.807  5.958 -157.8 -172.8
Y -164.1  177.3  109.7 -177.1   53.4    nan  1.019  164.8  3.805  5.614  147.8  140.2
S -114.0  152.4  110.5 -179.1   36.5    nan  1.010  120.6  3.834  5.362 -115.8 -111.4
R  -63.7  -36.6  112.2 -179.7  178.4    nan  1.042   98.9  3.799  5.447  -86.8  -92.7
H -126.0  158.3  107.4 -179.0  -57.8    nan  0.954  129.5  3.813  4.900   10.9   25.4
P  -59.5  135.3  109.1  179.6  -31.1    nan  0.950   80.7  3.833  5.259  -77.4  -81.6
A  -67.7  121.6  122.2 -176.0    nan    nan  1.195  102.8  3.862  5.881 -118.2 -111.0
E -126.2  109.5  110.6  178.7  -70.3    nan  0.990  117.7  3.828  5.830 -170.1  164.5
N  -46.8  121.6  107.8  178.9  -60.9    nan  0.983   80.2  3.851  5.838 -107.7 -124.1
G  104.6  -39.9  114.8  179.8    nan    nan    nan   93.8  3.800    nan    nan   31.0
K  -84.5  132.7  110.6  179.0 -102.9    nan  1.051  101.1  3.823    nan    nan   64.1
S  -61.8  152.8  112.0 -179.5 -160.8    nan  1.072   74.4  3.859  5.729 -101.6 -114.0
N -157.6 -159.2  109.9 -176.0 -149.1    nan  0.980  144.9  3.810  5.521 -174.5  173.4
F -138.5  123.9  109.3  178.9  -86.3    nan  1.012  126.8  3.811  5.143 -123.6 -109.0
L  -89.5  124.4  105.0  178.8 -174.4    nan  0.966  102.0  3.784  5.861 -138.2 -151.2
N -117.0  141.8  112.0 -178.4  -75.2    nan  1.011  124.3  3.784  5.858 -168.0 -172.2
C -135.3  112.0  103.6  175.1 -179.6    nan  0.966  114.8  3.782  5.685 -173.9  179.8
Y -107.0  119.8  109.8 -178.5 -179.6    nan  1.025  115.2  3.793  5.905 -171.3 -175.2
V -111.2  127.0  107.6 -179.9  -78.2   44.6  1.019  116.3  3.803  5.959 -168.8 -174.4
S -143.1  167.4  115.5 -179.2   57.1    nan  1.082  146.8  3.802  5.741  165.7  163.5
G   69.3   25.8  116.9  178.6    nan    nan    nan   97.7  3.778    nan    nan   46.1
F -110.5  158.4  112.4  179.6   57.6    nan  1.096  117.2  3.800    nan    nan   99.7
H -163.6  133.4  101.1  179.2 -149.7    nan  0.908  134.3  3.780  5.469 -174.8  170.0
P  -71.5 -175.9  115.5   -0.3   34.9    nan  1.052   69.8  2.990  5.217   59.1   46.0
S  -73.6  -29.2  120.8 -176.2   45.2    nan  1.158   90.4  3.827  5.256  -73.2  -58.9
D  -60.4  126.0  109.2 -179.7  -77.6    nan  1.049   86.6  3.789  5.577   87.8   98.2
I -150.8  149.9  108.0 -179.0 -177.7   61.0  0.992  146.2  3.787  5.721  163.8  150.5
E -127.9  117.1  105.0  179.8 -146.9    nan  0.949  117.4  3.815  5.704 -155.1 -159.0
V -124.3  133.2  109.6 -179.7 -173.8  -51.7  1.008  126.0  3.776  5.887  173.2  172.2
D -127.4  138.6  111.6  179.2  -62.8    nan  1.021  130.5  3.820  5.810 -170.9 -177.3
L  -96.9  125.0  105.0  176.5 -104.9    nan  0.991  106.2  3.830  5.746 -136.8 -144.9
L -111.4  129.3  115.4 -177.9  -44.6    nan  1.064  122.7  3.856  5.962 -162.3 -165.1
K -111.8   98.1  107.0  179.0  175.7    nan  0.972  108.7  3.841  5.817 -155.9 -169.6
N   61.9   36.7  111.8 -178.6  -69.0    nan  1.047  100.5  3.826  5.077  -11.4  -29.6
G   97.2  -33.6  117.8  179.5    nan    nan    nan   98.7  3.796    nan    nan  -58.0
E  -92.7  158.7  109.9 -178.9  -71.2    nan  1.058   99.6  3.820    nan    nan   64.1
R  -95.1  135.6  119.7 -177.4   64.7    nan  1.218  114.1  3.813  5.699 -123.9 -108.7
I  -67.6  141.2  107.8  179.2  -64.2  174.8  1.038   83.1  3.787  5.625  -96.7 -121.3
E  -80.7  -63.6  115.2 -178.7  -66.8    nan  1.088   72.3  3.797  5.726 -115.0 -118.2
K  -80.2   95.8  111.9 -178.8  -81.2    nan  1.089  110.4  3.789  4.929   28.2   49.4
V -129.2  129.0  107.4  179.1  178.3  -61.6  0.997  125.3  3.807  5.946  154.8  140.8
E -106.1  172.8  112.8  179.8  -63.9    nan  1.053  108.8  3.821  5.892 -157.2 -156.5
H -154.6  158.7  113.3  178.2   61.2    nan  1.114  154.6  3.801  5.417 -167.6 -159.6
S  -73.5  162.1  111.4  178.9   39.2    nan  1.032   80.6  3.774  5.286  -85.6  -97.2
D  -74.1  141.4  105.2  178.3  -56.7    nan  0.955   86.7  3.810  5.323  -85.3  -94.5
L  -55.3  135.9  114.6 -178.3 -164.2    nan  1.044   80.2  3.779  5.541  -87.8  -94.3
S -154.3  171.6  109.2  176.0 -162.6    nan  1.055  155.8  3.796  5.614  158.1  154.2
F -140.2  156.9  111.4 -179.1   50.5    nan  1.071  142.9  3.798  5.448 -149.0 -144.8
S  -82.4 -175.8  111.3 -179.9  -47.2    nan  1.012   80.9  3.796  5.407  -97.7 -106.5
K  -71.4  -10.6  114.3 -179.8   63.1    nan  1.189  104.0  3.825  5.292  -79.2  -60.2
D  -98.2   13.2  111.0  176.9   64.8    nan  1.069   86.7  3.846  5.706   61.3   76.2
W   76.5  -10.4  116.8  178.3  -56.3    nan  1.122  108.0  3.843  5.468  -97.9  -98.2
S  -73.5  145.1  107.8 -178.6   67.1    nan  0.998   86.3  3.814  5.684   93.0  102.2
F  -85.3  163.1  115.2 -178.0  -61.5    nan  1.074   92.6  3.801  5.665 -117.0 -119.3
Y -153.3  143.0  108.0  177.9   63.4    nan  1.037  142.8  3.762  5.451 -170.7 -172.6
L -146.6  150.0  108.4 -180.0  -72.9    nan  0.971  144.1  3.788  5.639 -175.0  172.9
L -113.7  124.0  110.1  177.5  173.7    nan  1.004  119.1  3.833  5.676 -145.4 -145.1
Y -112.1  123.3  106.7  178.3  -78.9    nan  0.984  115.4  3.850  5.962 -166.6 -172.0
Y -133.1  151.4  116.9 -178.9   52.3    nan  1.074  139.3  3.807  5.788  171.3  171.1
T -143.7  132.7  109.3  178.0 -169.6   68.9  1.052  133.7  3.800  5.588 -174.0 -176.7
E  -63.1  127.4  105.2  177.5 -162.2    nan  0.941   84.9  3.837  5.700  -96.6 -117.5
F -140.9 -179.5  112.2 -179.5   87.9    nan  1.135  140.7  3.813  5.758  157.0  166.2
T -148.4   97.6  105.6  178.5  -66.3  172.6  0.986  104.6  3.854  5.511 -142.2 -144.9
P  -55.7  156.6  112.4 -179.6   26.3    nan  0.993   66.9  3.835  5.925 -130.6 -140.3
T -151.0  169.5  106.9 -179.9   75.5  -46.2  0.977  152.3  3.816  5.708 -173.9 -176.7
E  -56.9  -48.2  114.9 -179.0  163.4    nan  1.093   95.7  3.808  5.188  -66.6  -64.2
K  -84.7  -47.6  119.2 -177.5   49.4    nan  1.136   72.8  3.835  5.022   36.8   61.1
D  -46.9  138.2  116.9 -178.0  -68.6    nan  1.110   73.2  3.844  5.415   83.3   97.2
E -111.7  148.6  108.9  178.2  -78.2    nan  1.005  118.2  3.819  5.724 -146.6 -160.1
Y -138.1  148.1  107.8  178.4  -67.9    nan  1.050  137.7  3.784  5.606 -172.9 -171.6
A -153.8  168.8  109.5 -178.4    nan    nan  1.024  155.4  3.795  5.604 -179.1  172.0
C -125.8  134.1  105.0  178.7 -173.5    nan  0.957  123.9  3.765  5.444 -134.7 -135.8
R -117.3  124.4  106.3 -179.8 -173.7    nan  0.990  117.7  3.807  5.828 -163.1 -164.0
V -122.1  133.1  112.3 -176.8 -177.3  -52.6  1.008  126.7  3.786  5.911 -171.4 -176.5
N -125.4  133.6  107.8  175.6 -159.1    nan  1.037  125.4  3.782  5.808 -176.9 -178.0
H -148.8  152.6  106.3 -180.0 -174.7    nan  0.957  145.7  3.798  5.678  173.8  160.3
V  -44.6  -35.3  115.1  178.9   75.7 -161.7  1.102  114.1  3.827  5.470  -70.4  -73.7
T  -71.2  -14.2  114.0 -178.8   58.6  -60.8  1.056  102.6  3.845  5.428   70.1   83.2
L  -94.3  118.0  119.3 -176.6  -67.2    nan  1.127  117.8  3.793  5.266   58.7   83.5
S  -50.5  -32.8  110.1  179.2   15.5    nan  1.022  113.1  3.815  5.731  -98.5 -123.8
Q -164.2  156.5  106.7  180.0   45.2    nan  0.974  156.0  3.794  4.727  -26.3  -13.1
P  -51.5  125.0  115.6 -179.7  -31.9    nan  1.013   85.3  3.865  5.260  -70.0  -74.8
K  -88.3  131.6  109.2 -179.6 -162.5    nan  1.024  103.1  3.840  5.967 -142.2 -149.3
I -115.5  131.0  108.7  179.1  -75.9  159.3  1.018  120.1  3.790  5.871 -161.6 -166.0
V -119.9  117.5  109.2  179.4  179.1  -59.9  1.029  119.0  3.812  5.828 -165.9 -172.2
K  -75.0  134.0  110.4  179.7  -91.2    nan  0.983   93.6  3.806  5.886 -125.8 -141.5
W  -66.2  133.4  108.7  177.1  175.0    nan  0.998   86.3  3.810  5.693 -107.1 -117.9
D -119.9  135.2  103.3  179.1 -172.2    nan  0.949  119.6  3.812  5.792 -163.8 -169.9
R  -64.6  -34.0  113.0 -179.5  -55.7    nan  1.071   99.1  3.801  5.750 -107.3 -110.0
D  -93.2   22.9  115.3 -179.2  -43.8    nan  1.058   96.6  3.866  5.316   44.7   63.1
M -139.4    nan  113.5 -179.7  -48.5    nan  1.100    nan  3.835  5.316   51.1   68.1
