Id   phi    psi    tau  omega    chi    chi2  solid    eta  CA-CA  CB-CB  BA^AB  NA^AC
I    nan  169.7  109.1    nan   44.9  -83.1  1.020    nan    nan    nan    nan    nan
Q -127.3  142.7  102.5  178.3  -68.8    nan  0.939  125.9  3.781  5.400 -134.8 -137.5
R -121.5  133.6  112.5 -179.3   -8.7    nan  1.069  126.6  3.806  5.803 -163.4 -155.4
T  -72.9  146.4  112.8  179.2   -2.4 -125.5  1.007   87.7  3.808  5.739 -106.0 -123.5
P  -72.0  143.3  114.9  179.5   27.4    nan  0.986   89.5  3.817  5.337  -99.4 -107.3
K  -92.7  145.8   99.7  174.8  -71.0    nan  0.920   97.7  3.779  5.727 -131.2 -138.3
I -129.3  131.2  113.0 -176.3  -55.2 -178.2  1.016  130.2  3.817  5.787 -162.0 -157.8
Q -129.2  126.1  110.6  176.6  -69.6    nan  1.060  126.4  3.833  5.836  177.5  177.4
V -113.3  123.8  107.6  178.8 -162.4  -41.8  1.041  116.8  3.831  5.915 -164.9 -171.2
Y -162.7  173.0  110.1 -175.7   52.6    nan  1.005  163.7  3.844  5.692  151.2  138.4
S -107.4  152.2  110.6  179.5   52.8    nan  1.040  114.9  3.816  5.455 -118.2 -110.0
R  -62.4  -48.0  111.5  178.9  174.5    nan  1.059   93.9  3.818  5.485  -85.8  -92.5
H -111.7  160.2  108.7  178.8  -51.8    nan  0.990  116.7  3.856  5.026   12.4   28.5
P  -55.0  135.7  110.2  179.4  -35.2    nan  0.955   77.7  3.840  5.196  -68.5  -75.1
A  -61.6  123.5  116.0 -177.7    nan    nan  1.108   93.3  3.820  5.830 -108.6 -106.6
E -128.7  107.6  109.3  177.7  -95.7    nan  1.003  115.8  3.830  5.858 -177.9  167.1
N  -49.8  127.5  112.2 -179.8  -68.3    nan  1.043   80.6  3.863  5.937 -113.7 -126.5
G   85.1   -7.4  110.9 -179.3    nan    nan    nan   97.5  3.765    nan    nan   18.4
K -104.0  128.6  110.9  179.6 -151.7    nan  1.050  114.9  3.785    nan    nan   75.2
S  -59.4  153.6  110.1  179.1 -169.6    nan  1.049   71.1  3.820  5.723 -102.9 -117.2
N -167.0 -158.1  107.8 -175.8 -155.6    nan  0.955  151.5  3.817  5.440  176.9  164.1
F -139.5  129.5  108.5  178.6  -76.0    nan  1.003  130.0  3.834  5.299 -125.7 -109.3
L  -93.6  126.4  104.9  178.9 -175.2    nan  0.986  104.2  3.768  5.776 -139.9 -149.0
N -114.9  142.3  112.8 -178.2  -74.2    nan  1.012  123.2  3.802  5.881 -161.8 -168.0
C -132.5  110.8  103.9  174.2 -173.0    nan  1.000  113.9  3.827  5.768 -175.0 -176.5
Y -105.5  117.8  109.8 -177.5 -174.6    nan  0.997  114.5  3.802  5.961 -166.5 -173.6
V -109.3  130.8  106.7  178.6  -72.6   46.5  1.022  114.9  3.820  6.000 -172.3 -176.3
S -149.5  170.9  111.3 -178.3   60.5    nan  1.013  151.6  3.804  5.721  167.4  160.4
G   67.4   20.0  117.0  179.7    nan    nan    nan  102.5  3.797    nan    nan   49.8
F -105.1  158.9  114.7 -178.4   59.2    nan  1.137  112.8  3.808    nan    nan  102.4
H -163.9  132.9  104.2  177.5 -148.2    nan  0.974  134.8  3.834  5.547 -177.9  170.2
P  -70.5 -176.8  112.7    0.1   35.5    nan  0.984   69.3  3.033  5.253   73.8   42.0
S  -77.0  -25.4  122.7 -175.6   53.6    nan  1.200   88.8  3.815  5.272  -83.9  -62.4
D  -62.4  132.2  107.5  180.0  -79.5    nan  1.011   83.5  3.832  5.706   92.8   99.0
I -161.2  147.4  106.4 -178.4 -171.7   62.3  0.997  147.8  3.781  5.629  156.1  146.9
E -119.4  123.3  108.8 -179.8 -164.0    nan  1.014  120.3  3.788  5.766 -150.8 -151.7
V -128.9  130.5  112.5 -178.8 -178.9  -57.2  1.056  129.4  3.811  5.866  176.4  173.4
D -134.0  146.5  110.1  178.3  -72.9    nan  1.014  135.7  3.816  5.821 -179.8  172.0
L -103.0  133.3  104.2  177.6  -97.0    nan  0.958  109.2  3.813  5.658 -134.0 -140.4
L -116.2  135.6  113.3 -178.9  -40.9    nan  1.018  124.3  3.844  5.893 -159.8 -161.7
K -111.6  105.6  104.5  176.7   57.6    nan  0.973  108.9  3.850  5.825 -154.3 -163.3
N   62.1   41.3  112.2 -180.0  -65.2    nan  1.082   97.5  3.804  5.016   -4.4  -22.7
G   88.6  -13.3  115.2  179.1    nan    nan    nan   97.0  3.799    nan    nan  -61.2
E -106.3  137.2  116.1 -179.1  -69.5    nan  1.131  119.5  3.808    nan    nan   70.4
R  -64.1  120.0  115.6 -178.4  171.5    nan  1.109   96.8  3.821  5.638  -98.5 -111.3
I  -74.7  142.9  105.1  178.1  -59.6  173.7  0.971   86.7  3.821  5.901 -123.1 -143.6
E  -83.1  -61.3  123.8 -176.3  -70.1    nan  1.219   64.8  3.803  5.757 -125.9 -113.7
K  -72.7   34.6  119.1 -176.1   42.7    nan  1.164  120.5  3.819  5.073   42.8   65.7
V  -69.1  136.9  113.4 -179.5  176.3  -60.7  1.090   89.6  3.861  6.173  143.3  146.8
E -117.3  171.8  112.4 -179.5  -78.6    nan  1.074  120.2  3.802  5.748 -157.4 -162.7
H -150.9  158.8  114.7 -179.6   65.9    nan  1.118  152.7  3.780  5.413 -162.1 -155.7
S  -72.2  165.4  111.3  178.6   50.5    nan  1.030   78.0  3.809  5.372  -85.3  -95.0
D  -77.0  141.5  106.6  178.5  -53.4    nan  0.982   89.8  3.851  5.412  -87.2  -92.1
L  -57.0  129.2  114.4 -178.4 -175.4    nan  1.072   85.6  3.834  5.625  -89.9  -96.0
S -147.6  174.0  107.6  178.0 -160.7    nan  1.008  148.9  3.815  5.726  166.0  153.8
F -143.7  165.8  114.0 -179.1   48.7    nan  1.090  147.2  3.811  5.461 -152.9 -144.5
S  -88.8  175.1  112.8  179.5  -55.2    nan  1.029   90.7  3.813  5.284  -96.7 -102.3
K  -58.2  -29.4  112.8 -179.5  -76.7    nan  1.082  107.3  3.847  5.176  -61.9  -60.2
D  -86.3   13.3  113.2  178.2   72.1    nan  1.099   98.8  3.815  5.337   50.5   71.2
W   73.9  -10.2  117.7  179.7  -52.9    nan  1.155  110.6  3.851  5.522 -100.6 -100.1
S  -72.9  144.6  110.3  179.0   66.2    nan  1.062   87.3  3.843  5.788   90.5  102.1
F  -83.9  162.1  114.1 -177.7  -58.7    nan  1.052   91.3  3.813  5.615 -111.1 -119.4
Y -148.6  144.9  108.6  175.8   64.5    nan  1.064  142.5  3.824  5.579 -171.9 -168.6
L -144.8  146.0  110.2  179.5  -71.5    nan  1.010  142.1  3.821  5.731 -172.2  177.5
L -113.8  125.3  106.7  175.8  178.2    nan  0.987  116.6  3.787  5.710 -147.9 -150.7
Y -108.7  135.2  104.2  176.1  -81.0    nan  0.954  113.0  3.830  5.913 -158.9 -169.7
Y -151.8  156.7  114.9 -177.0   57.0    nan  1.050  152.6  3.799  5.645  165.5  164.3
T -155.9  147.7  110.9  178.1 -167.5   71.6  1.038  148.2  3.786  5.520 -179.3  177.4
E  -65.8  139.8  107.4  177.1 -178.2    nan  0.993   82.1  3.792  5.407  -91.9 -104.0
F -162.8  161.1  112.3 -179.9   94.8    nan  1.088  160.1  3.832  5.647  154.2  154.0
T -124.5  107.7  109.8  180.0  -68.3  171.0  1.030  116.0  3.810  5.540 -139.4 -143.1
P  -61.6  162.3  110.9 -179.8  -22.6    nan  0.946   69.1  3.834  5.879 -122.1 -137.5
T -158.1  160.4  103.1  178.2   69.3  -53.6  0.952  154.5  3.841  5.679 -178.4 -179.4
E  -74.3  -12.7  111.3 -179.1  -75.7    nan  1.037  100.8  3.837  5.506  -91.2  -90.9
K  -92.7  -60.2  114.7 -177.6   34.3    nan  1.088   67.3  3.791  5.360   61.6   83.9
D  -53.3  135.1  115.0 -178.5  -61.8    nan  1.074   79.4  3.807  5.133   63.0   78.0
E -106.8  138.6  107.1  177.8  -64.0    nan  0.989  113.7  3.811  5.778 -146.1 -158.6
Y -124.5  151.9  109.9  179.9  -74.3    nan  1.018  129.1  3.820  5.753 -164.9 -166.3
A -157.1  166.9  113.0 -179.9    nan    nan  1.078  158.7  3.805  5.490  173.3  173.5
C -117.8  127.8  109.9  178.9 -173.7    nan  1.032  121.6  3.797  5.459 -129.8 -128.9
R -104.4  123.3  109.8  179.7 -155.5    nan  1.026  114.2  3.835  5.909 -152.9 -158.9
V -126.2  130.5  114.6 -178.9 -175.4  -55.7  1.103  129.7  3.804  5.874  176.5  177.0
N -126.2  135.0  108.2  176.4 -149.8    nan  1.029  126.5  3.794  5.816 -172.2  177.2
H -150.2  156.6  107.1 -179.2 -167.9    nan  0.957  148.7  3.828  5.702  174.4  160.3
V  -52.3  -36.2  113.2  179.6   70.1 -166.4  1.093  108.0  3.850  5.482  -76.4  -76.1
T  -70.2   -9.7  113.0 -179.7   57.0  -62.9  1.056  105.8  3.825  5.486   68.5   82.2
L -105.5  130.2  115.0 -177.4  -59.2    nan  1.066  118.9  3.818  5.344   55.0   75.2
S  -73.4  -36.2  111.9  178.9   38.0    nan  1.076   91.1  3.844  5.781 -119.6 -129.6
Q -135.6  150.6  105.6  177.1  -65.3    nan  0.940  135.7  3.832  5.034    0.7   13.2
P  -59.1  144.1  108.0  179.0  -34.3    nan  0.918   74.9  3.818  5.320  -81.9  -90.1
K -101.7  133.6  108.5 -179.5 -164.7    nan  1.009  111.4  3.816  5.827 -143.0 -137.9
I -110.9  117.4  109.8 -179.8  -48.1 -169.6  1.013  116.5  3.827  5.935 -152.8 -158.7
V -109.8  119.0  107.7  179.1  175.1  -63.6  1.008  114.5  3.785  5.882 -169.6 -176.0
K  -80.0  142.3  112.4 -179.9  -64.1    nan  1.044   95.3  3.802  5.905 -135.7 -143.4
W  -71.7  117.8  110.9  178.3  175.2    nan  1.014   98.8  3.813  5.598 -102.2 -113.9
D -106.9  127.5  105.6  178.3 -174.8    nan  0.986  112.4  3.842  5.958 -166.5 -175.0
R  -59.6  -31.5  116.1 -179.3  -72.3    nan  1.096  103.5  3.825  5.825 -108.0 -113.0
D  -99.0   28.9  112.9 -179.1  -48.9    nan  1.031   92.8  3.835  5.214   42.6   60.0
M -130.0    nan  114.1 -178.7  -65.0    nan  1.080    nan  3.825  5.504   66.0   84.0
