Id   phi    psi    tau  omega    chi    chi2  solid    eta  CA-CA  CB-CB  BA^AB  NA^AC
I    nan  171.0  111.0    nan   52.1  -71.5  1.049    nan    nan    nan    nan    nan
Q -140.3  125.5  107.8  178.9  -73.9    nan  1.008  127.3  3.812  5.465 -148.4 -147.6
R -125.5  131.6  110.6 -179.9  -80.2    nan  1.054  126.8  3.790  5.809 -179.2  178.0
T  -76.8  136.4  114.4 -178.6  -30.0 -146.8  1.058   96.4  3.779  5.739 -116.8 -127.0
P  -62.5  145.1  115.6  179.7   25.0    nan  1.023   80.8  3.797  5.489  -98.7 -109.6
K -103.2  139.0  100.2  175.8  -90.1    nan  0.937  106.6  3.785  5.742 -138.7 -146.6
I -124.6  134.9  114.7 -175.7  -50.2 -174.0  1.030  130.1  3.814  5.822 -162.1 -160.2
Q -134.1  127.7  109.3  177.9  -78.3    nan  1.026  127.8  3.794  5.728  179.5  175.3
V -118.9  131.2  103.4  178.7 -167.9  -46.7  0.961  118.1  3.827  5.949 -166.8 -175.0
Y -166.9  172.3  106.6 -177.3   51.0    nan  0.968  166.9  3.817  5.601  151.8  141.2
S -108.6  153.4  110.4 -179.6   47.9    nan  1.005  115.7  3.812  5.426 -117.3 -111.7
R  -55.5  -49.0  110.8  179.4 -177.8    nan  1.031   98.7  3.809  5.389  -75.9  -84.9
H -116.7  161.7  109.7 -179.8  -62.7    nan  1.017  121.4  3.801  4.800    4.6   23.8
P  -58.0  140.5  108.9  179.8  -28.1    nan  0.949   76.5  3.849  5.271  -69.4  -76.3
A  -70.5  127.4  118.3 -176.8    nan    nan  1.153   98.8  3.818  5.827 -116.4 -107.9
E -131.2  110.4  106.2  178.3 -104.0    nan  0.961  115.2  3.826  5.817 -171.2  166.2
N  -47.7  128.1  114.3 -179.6  -65.5    nan  1.090   79.9  3.858  5.929 -114.0 -119.9
G   89.0  -10.3  115.5  179.7    nan    nan    nan   95.4  3.792    nan    nan   19.9
K -105.7  135.6  114.0 -179.3 -161.9    nan  1.077  117.8  3.817    nan    nan   72.7
S  -54.7  151.2  114.5  179.3  -94.7    nan  1.097   69.8  3.833  5.647  -91.5 -105.1
N -167.0 -162.3  106.0 -176.4 -152.7    nan  0.938  155.4  3.768  5.386  177.2  158.9
F -140.1  128.1  108.8  179.0  -74.5    nan  1.005  129.5  3.838  5.303 -129.9 -115.1
L  -90.1  122.3  105.4  179.5 -174.5    nan  0.968  103.0  3.807  5.844 -136.3 -145.8
N -110.2  143.1  111.1 -178.6  -68.8    nan  1.026  118.6  3.809  5.976 -166.1 -166.6
C -131.3  108.3  104.9  173.9 -174.2    nan  0.998  113.0  3.790  5.706 -170.4 -174.0
Y -104.7  120.4  109.6 -177.8 -179.4    nan  1.002  114.1  3.818  5.968 -169.4 -175.9
V -116.2  129.8  106.2  179.6  -64.5   55.1  1.006  118.4  3.792  5.938 -175.1 -179.5
S -145.7  169.7  112.3 -178.0   59.4    nan  1.015  148.3  3.801  5.735  170.2  163.4
G   72.2   23.7  115.8  176.9    nan    nan    nan   96.6  3.807    nan    nan   51.6
F -110.3  158.2  114.4 -178.1   66.7    nan  1.149  117.8  3.764    nan    nan  100.7
H -164.8  133.6  103.5  179.1 -147.8    nan  0.943  135.3  3.790  5.474 -175.0  168.1
P  -72.7 -177.4  113.9   -1.0   36.8    nan  1.021   71.7  3.022  5.237   60.7   41.6
S  -71.7  -24.6  122.7 -175.0   50.7    nan  1.178   94.1  3.801  5.224  -73.9  -58.2
D  -68.4  132.1  110.5 -179.2  -62.5    nan  1.047   89.7  3.792  5.583   84.2   95.8
I -156.9  146.2  109.7 -179.7 -168.5   69.0  1.031  147.0  3.775  5.617  159.5  150.3
E -114.9  121.2  108.7  177.6  -77.8    nan  1.041  117.8  3.789  5.763 -151.0 -149.8
V -122.5  131.2  111.5  179.3 -176.9  -54.8  1.049  125.9  3.778  5.888 -178.2  176.8
D -128.7  140.6  111.1  177.5  -70.8    nan  1.026  131.4  3.819  5.845 -174.8  178.7
L  -99.8  132.7  103.6  176.4 -102.4    nan  0.963  106.6  3.777  5.682 -137.2 -144.6
L -117.6  142.4  114.1 -178.6  -48.2    nan  1.062  126.0  3.837  5.905 -164.6 -162.7
K -125.6  100.4  105.4  177.7  175.7    nan  0.957  108.5  3.828  5.710 -156.8 -169.9
N   65.0   37.1  111.4 -179.5  -60.4    nan  1.036   97.9  3.803  4.977   -5.9  -24.8
G   87.0   -8.8  117.7  179.1    nan    nan    nan   97.1  3.801    nan    nan  -67.1
E -108.4  142.6  113.1  179.9  -75.6    nan  1.127  118.5  3.804    nan    nan   71.3
R  -60.7  128.8  113.3 -178.8  178.4    nan  1.072   87.9  3.809  5.520  -86.6 -102.3
I  -82.0  131.5  106.6  178.4  -63.6  173.4  1.013   96.9  3.806  5.865 -127.5 -139.8
E  -68.3  -53.3  117.7 -178.0  -47.5    nan  1.127   82.7  3.807  5.797 -113.3 -116.5
K  -95.9   88.6  117.2 -178.4  -83.0    nan  1.199  116.8  3.842  5.028   14.8   46.5
V -117.8  139.1  106.5 -179.9  174.7  -62.3  0.981  121.2  3.780  5.993  166.9  143.7
E -119.2  163.3  106.3  179.5  -52.0    nan  0.943  122.5  3.787  5.746 -154.9 -162.3
H -147.2  156.1  111.1  177.9   60.5    nan  1.054  148.0  3.783  5.495 -171.5 -162.6
S  -72.0  171.3  110.4  179.0   49.5    nan  1.008   75.2  3.800  5.368  -87.7  -98.0
D  -82.9  144.0  107.6  179.0  -54.9    nan  1.022   94.3  3.809  5.363  -92.7  -89.5
L  -58.5  128.7  113.4 -177.5 -169.5    nan  1.047   86.4  3.780  5.518  -85.6  -94.5
S -144.5  177.8  107.9  177.5 -169.1    nan  1.038  145.1  3.816  5.773  163.1  158.1
F -146.8  154.6  113.7 -177.4   56.6    nan  1.113  148.2  3.804  5.393 -151.2 -143.2
S  -81.3  179.4  111.4 -179.6  -50.9    nan  1.023   81.5  3.843  5.492  -96.4 -108.7
K  -69.8  -16.4  113.8 -178.5   56.1    nan  1.162  103.0  3.813  5.286  -77.8  -64.0
D  -92.7   11.7  111.2  177.0   66.2    nan  1.059   91.5  3.832  5.620   61.3   75.9
W   77.4   -6.0  117.2  178.7  -51.2    nan  1.160  105.3  3.851  5.495 -101.1  -98.7
S  -78.3  143.7  111.7  179.0   54.0    nan  1.104   92.9  3.783  5.717   85.8  101.7
F  -82.0  163.8  114.8 -178.6  -56.9    nan  1.046   89.0  3.829  5.648 -106.0 -120.2
Y -153.9  146.3  108.5  177.9   62.9    nan  1.073  145.5  3.765  5.416 -174.9 -172.3
L -146.5  149.6  108.6 -179.1  -83.0    nan  0.962  144.0  3.767  5.621 -168.1  177.0
L -115.5  126.5  105.9  177.5  176.8    nan  0.962  117.1  3.787  5.646 -145.2 -149.3
Y -116.0  134.1  102.2  176.2  -82.5    nan  0.936  116.2  3.815  5.887 -167.5 -174.9
Y -147.9  157.5  112.6 -178.7   55.8    nan  1.044  149.4  3.784  5.657  166.0  166.9
T -150.7  150.8  107.9  178.1 -174.7   63.5  1.033  146.6  3.776  5.556 -174.7 -175.8
E  -74.2  141.5  107.5  177.7 -159.0    nan  0.994   88.1  3.786  5.551  -96.9 -105.8
F -155.6  164.4  113.2  178.9   89.4    nan  1.132  157.1  3.833  5.633  159.6  163.6
T -127.6  102.9  106.3  180.0  -62.0  177.1  0.964  110.7  3.827  5.511 -132.9 -143.7
P  -65.2  155.2  112.9 -179.9   27.6    nan  0.983   76.5  3.826  5.947 -137.9 -143.2
T -150.4  171.5  103.5  177.9   66.3  -55.8  0.965  151.3  3.853  5.774 -176.7  179.8
E  -84.4  -19.3  115.2 -179.2 -159.1    nan  1.128   87.2  3.822  5.475  -99.3  -85.6
K  -80.6  -52.0  111.5  179.9   44.3    nan  1.074   79.3  3.817  5.553   71.1   87.3
D  -58.3  143.2  115.6 -179.2  -63.3    nan  1.099   78.4  3.848  5.261   62.7   79.2
E -122.2  138.8  109.0 -179.7 -171.4    nan  1.007  125.6  3.825  5.677 -152.8 -163.2
Y -125.4  151.3  111.8 -179.5  -68.0    nan  1.065  130.8  3.843  5.805 -168.2 -166.8
A -157.4  163.9  112.3 -179.4    nan    nan  1.057  158.0  3.809  5.534  177.1  171.4
C -119.5  129.4  107.9  178.7 -176.6    nan  1.003  121.3  3.766  5.460 -134.1 -134.6
R -113.3  122.8  109.1  179.7 -177.3    nan  1.042  117.8  3.820  5.875 -164.1 -165.4
V -120.3  138.3  112.2 -177.6 -179.6  -56.3  1.009  126.4  3.789  5.885 -168.0 -178.5
N -132.0  134.6  106.5  176.9 -167.3    nan  1.015  128.4  3.755  5.682 -177.3 -178.1
H -148.1  152.8  106.5 -178.2 -165.8    nan  0.937  145.5  3.792  5.698  178.0  163.0
V  -54.2  -20.3  115.9  178.4   67.8 -169.1  1.105  115.3  3.822  5.448  -84.0  -82.7
T  -87.4   -4.5  112.2  179.3   60.6  -60.5  1.023   90.9  3.863  5.591   66.4   79.8
L -105.7  123.5  111.4 -178.6  -63.7    nan  1.037  116.2  3.809  5.369   59.1   77.2
S  -64.8  -25.7  110.6  179.5   47.3    nan  1.041  104.2  3.838  5.835 -113.9 -127.1
Q -156.2  144.2  108.0  178.8   54.6    nan  0.993  144.6  3.801  4.850  -12.7    2.0
P  -45.1  134.2  113.5  179.8  -36.8    nan  0.983   73.2  3.853  5.336  -72.3  -83.9
K  -98.1  130.1  109.9  179.6 -165.1    nan  1.066  110.4  3.812  5.907 -150.6 -147.0
I -115.9  134.4  108.8 -179.6  -59.0 -178.3  1.056  120.8  3.802  5.907 -163.2 -167.7
V -126.0  119.2  106.4 -179.3  173.3  -65.1  0.980  119.1  3.801  5.837 -162.1 -175.5
K  -80.6  152.2  111.2  179.8  -53.8    nan  1.041   91.2  3.790  5.941 -138.9 -142.9
W  -82.7  124.7  111.5  178.6  173.8    nan  1.046  103.1  3.806  5.573 -108.0 -111.4
D -118.7  119.9  102.9  178.4  178.5    nan  0.936  114.2  3.818  5.872 -166.5  179.5
R  -62.5   -8.8  116.9 -178.0   63.4    nan  1.148  113.2  3.799  5.901 -125.3 -120.9
D  -98.6   14.2  113.4 -179.7  -70.2    nan  1.046   87.2  3.839  5.565   65.5   80.3
M -144.4    nan  111.8 -179.4  -64.7    nan  1.054    nan  3.818  5.226   37.4   54.2
