Id   phi    psi    tau  omega    chi    chi2  solid    eta  CA-CA  CB-CB  BA^AB  NA^AC
G    nan  167.8  111.8    nan    nan    nan  1.092    nan    nan    nan    nan    nan
S  -35.8  -48.0  115.9  179.7 -155.4    nan  1.110  110.7  3.814 40.406  -41.5  -48.7
H -140.4  154.3  111.8  179.0  -63.4    nan  1.041  142.9  3.897  4.967  -17.6    1.1
S -149.5  156.2  113.3  178.6   50.0    nan  1.057  150.4  3.810  5.489 -175.6 -176.1
M -121.3  133.1  106.1  176.7 -170.5    nan  1.001  121.9  3.804  5.599 -144.2 -148.3
R -139.6  135.8  111.9 -178.3 -135.0    nan  1.011  135.6  3.788  5.689  178.7  173.7
Y -113.9  134.2  105.9  173.8  -80.0    nan  1.003  117.5  3.817  5.877 -162.1 -163.9
F -114.8  118.5  110.3  178.8  -60.3    nan  1.002  118.5  3.847  5.797 -155.3 -162.5
Y -108.8  135.1  109.2  178.9  -63.6    nan  0.979  116.6  3.845  5.954 -165.6 -173.9
T -134.6  124.5  106.7  176.7  -55.6 -175.8  0.990  124.5  3.812  5.771 -179.9  175.4
A -121.2  125.0  105.9  178.5    nan    nan  0.954  119.3  3.844  5.857 -170.9  179.2
M -126.6  126.5  114.0 -179.9  -34.6    nan  1.053  128.1  3.849  5.878  176.5  179.4
S  -84.5  155.3  107.3  177.6   56.9    nan  1.022   92.1  3.810  5.819 -135.2 -144.1
R -154.4   79.9  104.8 -179.1   41.3    nan  0.961   87.2  3.823  5.580 -173.4  179.2
P  -54.5  134.6  112.8 -179.6  -18.7    nan  0.983   79.5  3.816  6.057 -151.8 -154.6
G   87.9   -8.6  112.8  179.5    nan    nan    nan   95.3  3.797    nan    nan   27.1
R -127.4   38.9  114.9 -179.6  -49.6    nan  1.105   74.8  3.814    nan    nan   51.9
G   94.0 -175.0  114.3  178.2    nan    nan    nan   96.1  3.785    nan    nan  -59.5
E  -74.9  159.3  110.8 -179.7  -69.3    nan  1.038   83.0  3.752    nan    nan  -63.6
P  -57.5  136.2  113.4  179.8  -34.5    nan  0.988   81.0  3.808  5.242  -70.8  -78.2
R  -78.4  141.5  110.8  178.1 -176.8    nan  0.974   93.4  3.781  5.711 -117.8 -128.5
F -128.6  123.7  108.2  178.2  175.7    nan  1.013  123.3  3.869  5.809 -170.4 -169.8
I -121.7  137.1  107.4  178.9  -49.0 -171.1  0.936  124.0  3.810  5.941 -167.0  178.1
A -130.9  135.3  107.6  175.5    nan    nan  0.997  128.7  3.798  5.634 -178.6 -177.2
V -132.2  146.3  109.2  175.6  -65.6   59.1  1.074  133.9  3.869  5.913  177.4  179.8
G -121.6  143.0  110.2  179.1    nan    nan    nan  126.5  3.807    nan    nan -155.4
Y -131.4  151.8  111.8  178.2  -75.7    nan  0.976  135.6  3.830    nan    nan -171.7
V -124.4  111.6   95.3  172.3  164.5  -76.7  0.900  106.2  3.786  5.545 -156.3 -161.5
D   58.3 -124.4  107.9 -177.6  -58.8    nan  1.047   85.4  3.832  5.158   -0.9  -14.4
D -102.2   23.3  113.2 -179.2  -63.3    nan  1.058   87.7  3.819  4.817  -50.5  -31.8
T -117.5  116.4  112.7 -179.1  -58.2 -178.4  1.026  120.8  3.800  5.632   76.7   91.1
Q  -73.5  137.1  108.2  178.4 -165.0    nan  0.985   89.7  3.836  5.910 -129.7 -143.2
F -126.3  -15.7  115.8 -179.6   70.9    nan  1.172   48.3  3.800  5.734 -179.8 -165.9
V -143.7  161.5  111.1  177.6  -79.6   44.4  1.090  146.3  3.846  5.309    8.4   25.7
R -152.7  146.8  109.0 -179.6  165.5    nan  0.980  145.6  3.776  5.400 -161.7 -172.2
F -148.3  135.3  106.5  177.3  178.8    nan  1.008  135.2  3.778  5.601  176.2  174.1
D -144.9  115.1  106.7 -178.4 -178.1    nan  0.966  119.8  3.801  5.656  176.9  168.4
S  -63.2  -11.0  113.7 -179.4   62.2    nan  1.094  112.0  3.803  5.972 -127.5 -129.8
D  -91.1   -5.4  113.3 -179.9  -98.2    nan  1.042   86.8  3.833  5.557   69.9   85.2
A  -72.7  137.9  107.4  179.8    nan    nan  0.990   88.3  3.779  5.655   94.7  106.0
A  -65.0  117.7  102.0  178.1    nan    nan  0.934   88.3  3.822  5.673  -98.8 -112.9
S   64.1   81.2  106.5 -175.1 -176.2    nan  1.008   79.3  3.844  5.084   14.4   -3.1
P  -72.8  121.6  113.8 -179.6   34.1    nan  0.993  100.0  3.873  6.085 -166.7 -171.1
R -138.3  157.3  103.8  179.6  -42.9    nan  0.900  138.5  3.794  5.911  170.4  155.3
T  -85.1  129.5  105.8  175.9  141.4   19.0  1.060   98.9  3.764  5.543 -118.7 -108.9
E -109.2  151.4  116.3 -178.6  -61.7    nan  1.038  119.3  3.819  5.887 -148.6 -158.1
P  -81.6  143.0  108.3  179.4   32.1    nan  0.925   94.1  3.827  5.362 -103.8 -113.7
R -119.8   -3.6  118.5  179.2  -79.2    nan  1.198   58.5  3.801  5.776 -172.5 -156.2
P -144.3  144.8  105.7  177.6   45.6    nan  0.903  139.0  3.907  5.220   29.5   33.5
P  -52.3  -42.5  118.8 -179.0   23.1    nan  1.083  101.1  3.841  5.561  -91.5  -87.5
W  -63.3  -15.0  118.3 -178.0   51.4    nan  1.149  108.9  3.813  5.302   59.6   87.1
I  -90.4  -19.9  110.6  179.1 -163.2   75.2  1.080   82.7  3.833  5.600   63.4   81.6
E  -63.3  -22.3  114.2  180.0  -71.7    nan  1.095  106.1  3.817  5.669   87.2  103.0
Q  -70.9   -9.5  111.4  179.7   74.9    nan  1.073  105.4  3.788  5.564   77.1   93.6
E  -71.0  140.4  108.8  179.4  -63.3    nan  1.054   86.8  3.811  5.758   89.0  104.0
G  -70.6  171.4  118.7 -178.3    nan    nan    nan   74.8  3.790    nan    nan -109.4
P  -51.9  -39.6  113.7  180.0  -30.2    nan  0.991  105.9  3.833    nan    nan  -59.7
E  -67.3  -26.2  114.4 -179.9   78.3    nan  1.153  100.3  3.839  5.338   51.0   82.2
Y  -68.5  -44.5  106.9  177.4  172.9    nan  0.991   94.1  3.825  5.677   83.5   89.2
W  -65.8  -39.8  113.3  179.9  -59.4    nan  1.113   94.9  3.817  5.234   54.9   77.0
D  -66.9  -45.6  110.2  178.5  -77.2    nan  1.067   92.7  3.802  5.465   64.8   80.0
R  -62.3  -38.5  111.2  180.0 -166.8    nan  1.071   99.5  3.804  5.359   64.8   79.6
N  -64.6  -48.1  109.0  178.8  -96.9    nan  1.043   93.8  3.793  5.444   69.5   82.7
T  -57.4  -40.8  113.9 -179.2  -58.2 -175.2  1.140  100.7  3.803  5.317   62.8   82.8
Q  -69.4  -33.2  111.1 -179.2   63.3    nan  1.112   96.4  3.832  5.527   61.4   79.1
I  -65.5  -46.5  110.5  178.7  -70.4  166.9  1.054   93.2  3.802  5.526   75.1   86.9
F  -70.7  -31.7  112.1  179.5  -64.7    nan  1.081   95.4  3.824  5.235   51.5   70.7
K  -69.0  -43.0  108.0  176.9  -89.5    nan  1.004   93.8  3.855  5.593   72.4   83.1
T  -63.0  -41.1  108.8  177.6  -54.7 -172.7  1.041   98.8  3.820  5.386   65.4   78.4
N  -61.5  -35.0  112.2  179.8  -88.0    nan  1.084  101.6  3.850  5.432   68.6   84.2
T  -58.8  -49.5  108.3  179.2  -57.6 -177.0  0.999   97.6  3.805  5.514   83.9   91.6
Q  -59.8  -50.7  111.9  177.7  -85.2    nan  1.065   93.9  3.784  5.198   61.0   76.2
T  -55.2  -46.4  113.5  180.0  -55.4 -177.1  1.056   99.0  3.807  5.272   70.0   82.4
Y  -71.9  -20.3  114.1 -178.1  -80.3    nan  1.154   99.0  3.797  5.174   46.9   73.3
R  -73.5  -36.2  107.5  176.9  -77.5    nan  1.025   93.3  3.781  5.652   78.7   89.5
E  -68.2  -45.5  107.6  176.6  -95.4    nan  0.984   93.4  3.809  5.423   67.7   78.4
N  -59.2  -36.5  114.6 -179.7  -70.3    nan  1.121  101.5  3.827  5.282   62.7   82.9
L  -66.8  -35.4  109.6  179.2  -75.9    nan  1.031   98.2  3.797  5.471   73.1   83.8
R  -70.0  -41.3  110.6  179.4  -82.2    nan  1.058   92.2  3.812  5.389   64.4   81.0
I  -63.8  -44.5  109.5  178.7  -64.8  174.0  1.061   96.0  3.809  5.380   66.0   80.6
A  -58.5  -31.2  113.4 -179.1    nan    nan  1.093  105.8  3.827  5.392   68.5   85.0
L  -64.1  -44.0  110.3  178.6  -77.1    nan  1.004   95.6  3.825  5.545   80.9   90.3
R  -64.7  -44.0  110.0  179.3  -61.8    nan  1.008   95.4  3.802  5.237   65.4   77.9
Y  -62.3  -28.2  112.5 -178.5  -68.7    nan  1.037  104.4  3.838  5.323   69.2   82.4
Y -109.9    7.6  115.0 -180.0  -68.5    nan  1.116   73.5  3.751  4.964   25.8   52.7
N   55.5   48.9  110.2 -179.7  -49.8    nan  1.002   99.1  3.857  5.609 -114.0 -120.6
Q -106.4  154.9  111.6 -178.8  -66.0    nan  1.053  113.9  3.781  5.828  113.6  126.7
S  -85.6  158.2  111.6  179.7   59.0    nan  1.058   93.8  3.829  5.635 -108.6 -110.3
E  -77.0   11.0  112.4 -179.2  -51.6    nan  1.060  107.0  3.769  5.334  -94.5  -98.9
A  -95.3  -12.7  114.7 -178.5    nan    nan  1.081   79.6  3.808  5.690   81.8  103.1
G  -98.5  164.3  113.6 -179.2    nan    nan    nan  104.4  3.780    nan    nan   78.1
S -100.7  130.7  107.8  178.3 -179.8    nan  0.993  110.5  3.784    nan    nan -117.1
H -132.2  160.3  111.7 -178.6  -64.3    nan  1.040  136.4  3.824  5.779 -179.2  177.1
I -132.8  138.3  112.4 -177.7  -59.4  179.4  1.001  133.9  3.816  5.547 -146.2 -151.4
I -121.8  130.2  103.4  174.7  -71.5  166.6  0.941  119.4  3.816  5.814 -162.8 -170.6
Q -123.0  144.9  108.3  178.1  -72.4    nan  0.976  126.6  3.808  5.794 -171.0 -174.0
R -134.3  146.8  107.5  176.8 -174.7    nan  1.014  134.6  3.791  5.655 -172.6 -172.6
M -144.9  117.8  105.1 -178.5  143.0    nan  0.974  120.9  3.801  5.540 -174.0  179.7
Y -142.5  159.2  111.6 -179.9   74.2    nan  1.060  145.2  3.806  5.844  153.3  153.9
G  160.2 -175.7  113.0  180.0    nan    nan    nan  161.5  3.802    nan    nan  131.3
C -127.4  149.7  113.1 -177.6   49.9    nan  1.028  133.0  3.779    nan    nan -115.0
D -110.2  133.9  105.3  177.8  -64.5    nan  0.953  114.7  3.778  5.595 -135.5 -145.9
L -105.4  127.7  107.3  178.8 -123.5    nan  0.955  112.9  3.806  5.780 -146.3 -154.4
G  -84.2  173.4  108.7  178.8    nan    nan    nan   86.4  3.764    nan    nan -138.9
P  -46.5  -34.0  116.5 -179.8   29.7    nan  1.016  112.9  3.880    nan    nan  -50.5
D  -82.6   -1.6  115.9 -179.9   73.9    nan  1.111   96.7  3.829  5.228   44.3   73.8
G   86.6   13.3  118.2  179.3    nan    nan    nan   87.1  3.818    nan    nan -103.9
R -117.1  161.1  109.4  178.8  -86.6    nan  1.030  121.8  3.812    nan    nan   79.3
L  -51.4  118.9  113.3  180.0 -179.0    nan  1.037   88.2  3.802  5.221  -61.7  -70.9
L  -88.1  -45.2  106.5  177.6 -179.5    nan  0.970   79.8  3.815  5.871 -143.7 -156.0
R -170.2  149.8  112.3  177.1   85.3    nan  1.158  152.2  3.812  4.811  -58.9  -33.0
G -106.1  163.7  111.7 -179.1    nan    nan    nan  111.5  3.800    nan    nan -136.9
H -147.1  148.1  112.7 -178.2  -58.6    nan  0.978  145.5  3.809    nan    nan -162.3
D -171.0  105.2  108.5  175.9 -174.5    nan  1.070  107.9  3.744  5.330  149.5  149.2
Q -131.2  147.5  113.4 -177.7  -73.8    nan  0.994  135.7  3.830  5.933  168.9  152.1
S -131.3  151.5  109.4  179.1  -73.5    nan  1.031  134.3  3.799  5.596 -167.3 -166.2
A -137.3  154.4  109.6 -179.3    nan    nan  1.008  139.6  3.762  5.532 -162.4 -166.2
Y -128.5  125.0  105.5  178.0 -177.8    nan  1.000  121.9  3.778  5.605 -155.8 -155.9
D   50.9   38.3  114.1 -179.6  -74.9    nan  1.114  107.4  3.802  4.980    5.2  -14.7
G   82.3    6.4  116.2  178.1    nan    nan    nan   94.8  3.788    nan    nan  -71.0
K -116.7  145.9  109.6 -179.4  -73.2    nan  1.024  122.7  3.784    nan    nan   75.7
D  -55.7  143.1  107.5  178.4  -69.7    nan  0.986   72.5  3.773  5.437  -79.5  -94.3
Y -120.2  -64.3  108.6  179.6 -176.2    nan  1.007   62.2  3.776  5.682 -157.1 -158.1
I -147.0  145.8  108.4  179.5 -167.4   69.0  1.031  142.3  3.798  4.694  -44.5  -23.3
A -140.7  142.7  111.5 -179.5    nan    nan  1.026  139.1  3.838  5.679 -171.0 -176.1
L  -79.5  132.5  106.8  177.4 -179.8    nan  0.951   95.0  3.817  5.599 -109.7 -121.9
N  -75.1  162.2  111.6  179.9  -70.5    nan  1.079   82.2  3.833  5.883 -126.3 -122.7
E  -55.1  -23.4  114.7 -179.9 -169.8    nan  1.114  112.9  3.794  5.283  -68.6  -72.3
D  -75.0   -8.3  112.0  179.5   56.9    nan  1.101  101.8  3.824  5.593   70.1   88.9
L   58.6   30.3  111.7 -179.6  -51.3    nan  1.053  106.9  3.783  5.529 -132.0 -132.8
S -135.2  -25.2  113.5 -179.2  -61.8    nan  1.042   40.4  3.815  5.569   65.4   79.2
S -127.2  170.1  113.6 -179.2   58.3    nan  1.090  130.6  3.783  4.884   13.3   37.2
W -124.2  158.8  115.5 -177.4  -49.6    nan  1.035  130.8  3.816  5.439 -127.6 -128.8
T -122.0  117.6  104.0  174.2  -59.4  179.5  0.957  115.3  3.771  5.497 -144.1 -147.6
A -100.9  135.1  106.0 -179.9    nan    nan  0.967  109.0  3.841  5.918 -157.9 -165.7
A  -79.6  -22.8  116.8 -177.3    nan    nan  1.121   89.7  3.802  5.807 -127.1 -120.8
D -152.1 -173.5  110.4 -178.3   51.4    nan  1.042  149.3  3.812  4.851   -3.3   12.6
T  -70.2  -21.5  112.3 -178.6   58.0  -58.9  1.109  100.6  3.823  5.182  -66.4  -56.5
A  -74.2  -49.2  108.9  178.5    nan    nan  1.022   86.7  3.806  5.644   76.8   89.5
A  -61.8  -29.5  109.5  179.9    nan    nan  1.031  105.5  3.806  5.232   61.6   75.8
Q  -59.6  -30.9  110.7  178.5  -81.5    nan  1.072  106.1  3.820  5.552   79.1   95.5
I  -70.9  -45.0  108.5  178.1  -64.2  175.0  1.010   91.1  3.792  5.506   72.2   83.1
T  -60.1  -43.0  107.6  178.9  -57.6 -178.7  1.002  100.7  3.795  5.334   71.2   80.1
Q  -56.6  -47.6  113.1  179.8  176.9    nan  1.065   97.4  3.816  5.367   73.3   86.9
R  -66.8  -28.3  111.6 -179.1   63.9    nan  1.114  100.7  3.793  5.268   55.3   75.4
K  -70.2  -43.3  108.8  177.7  -92.3    nan  0.990   92.2  3.794  5.578   78.8   85.8
W  -70.8  -28.3  113.9 -179.8  -71.6    nan  1.096   96.2  3.826  5.197   53.7   74.2
E  -70.8  -43.1  107.3  177.0  -82.1    nan  0.999   92.7  3.799  5.517   74.9   84.7
A  -64.1  -34.7  114.9  179.6    nan    nan  1.076   98.2  3.829  5.231   62.2   79.7
A  -91.7    1.5  111.3  179.1    nan    nan  1.037   88.9  3.833  5.212   43.6   61.9
R   54.1   55.8  112.2  179.8  -53.4    nan  1.051   94.4  3.803  5.522 -130.4 -128.4
V  -76.0  -39.4  114.7 -178.8  174.3  -63.4  1.117   86.0  3.818  6.200  152.4  161.7
A  -57.0  -32.8  112.0 -179.5    nan    nan  1.068  106.7  3.833  5.511   79.7   91.7
E  -66.8  -37.3  111.7 -179.2  -86.7    nan  1.076   96.2  3.816  5.430   70.9   87.8
Q  -68.6  -44.0  108.1  178.9 -110.4    nan  0.956   93.6  3.816  5.386   72.5   79.5
L  -66.8  -41.7  110.3 -179.3  -63.5    nan  1.032   94.7  3.777  5.145   59.7   76.5
R  -60.1  -43.7  110.6 -179.6 -179.8    nan  1.057   98.6  3.799  5.340   70.7   85.4
A  -60.5  -42.2  109.7  179.8    nan    nan  1.017   99.6  3.831  5.372   71.6   82.4
Y  -66.0  -53.1  112.8  179.5  169.4    nan  1.048   87.8  3.795  5.274   63.6   79.0
L  -61.1  -38.1  113.8 -177.5  -65.1    nan  1.124   99.3  3.789  5.088   56.1   77.1
E  -82.7  -26.9  112.0 -179.9  -58.7    nan  1.029   86.8  3.811  5.394   54.5   68.5
G -104.0  -97.6  117.0 -179.3    nan    nan    nan   66.1  3.788    nan    nan   60.1
L  -43.8  -44.6  116.9 -178.5  -71.3    nan  1.095  107.1  3.818    nan    nan   54.6
C  -59.5  -44.3  110.1 -178.6 -173.9    nan  1.023   99.0  3.810  5.268   72.7   85.6
V  -70.5  -41.0  112.4  179.5  167.0  -72.0  1.078   90.9  3.815  5.234   51.9   72.8
E  -63.6  -49.1  110.6  179.1  -70.5    nan  1.008   93.1  3.875  5.513   73.1   82.0
W  -66.3  -39.0  112.6  178.7  -78.0    nan  1.099   95.2  3.781  5.105   53.6   72.0
L  -61.6  -42.4  109.3  178.8  173.8    nan  1.054   99.0  3.847  5.563   73.2   85.5
R  -62.4  -41.6  110.9  179.8  -71.4    nan  1.066   97.9  3.839  5.388   67.3   81.7
R  -64.6  -45.8  110.4  178.3  147.1    nan  1.030   94.2  3.822  5.306   66.3   79.4
Y  -64.0  -35.4  110.7  179.3  -63.7    nan  1.028  100.0  3.827  5.361   62.9   77.2
L  -67.1  -36.7  111.7  179.3  -70.8    nan  1.060   96.3  3.842  5.402   68.7   84.0
E  -67.8  -59.9  106.2  177.3 -107.3    nan  0.980   88.1  3.801  5.445   71.4   79.6
N  -53.2  -36.0  114.6 -178.2  -66.1    nan  1.132  106.8  3.829  5.125   56.8   75.9
G -111.1   29.7  114.4  179.4    nan    nan    nan   83.0  3.811    nan    nan   43.9
K  -54.9  -36.4  118.0 -178.5   58.8    nan  1.209  103.6  3.819    nan    nan  158.8
E  -58.1  -24.4  113.7 -179.7  -63.1    nan  1.080  109.8  3.821  5.616   86.1   94.3
T -118.9  -44.4  112.1  178.7   48.9  -72.1  1.071   54.9  3.810  5.158   23.7   44.5
L  -64.4  -33.7  113.8 -178.0  -63.2    nan  1.124   99.1  3.790  5.307   62.5   81.7
Q -108.5   30.0  112.8  179.4  -57.2    nan  1.097   84.8  3.795  5.136   24.9   47.7
R -124.8  119.2  107.5  179.1 -179.0    nan  0.988  119.6  3.789  5.704   79.1   87.1
A  -93.4  130.3  107.7  177.2    nan    nan  0.990  105.6  3.781  5.899 -151.0 -158.9
D  -99.8  116.8  105.2  177.1  -63.9    nan  0.984  107.9  3.838  5.896 -147.8 -154.4
P  -70.0  158.2  111.2 -179.3   34.1    nan  0.979   79.0  3.826  5.846 -127.3 -133.6
P  -78.4  143.5  112.9  180.0   33.9    nan  0.952   93.8  3.813  5.487  -97.1  -98.8
K  -93.9  111.8  102.3  175.6  -51.3    nan  0.957  102.9  3.800  5.783 -134.8 -138.1
T -107.7  151.8  116.4 -176.2   59.1  -59.3  1.069  117.9  3.790  5.946 -174.0 -170.5
H -164.7  156.2  108.1  176.9   73.0    nan  1.054  156.3  3.823  5.515  165.0  160.2
V -115.5  139.7  111.4 -179.8  174.0  -64.3  1.034  122.7  3.819  5.647 -134.9 -137.5
T -115.9  158.4  110.7  178.7   55.8  -64.8  1.081  121.6  3.823  5.782 -158.4 -158.6
H -124.7  132.7  107.8 -178.6 -173.7    nan  0.965  124.8  3.835  5.555 -137.2 -145.9
H -141.0  106.8  107.3  179.8  -47.9    nan  0.990  113.8  3.816  5.803  170.4  170.2
P  -64.6  138.8  111.7  180.0  -22.0    nan  0.968   84.1  3.805  5.872 -130.5 -139.3
V -107.7  -18.4  110.0  178.3  -61.4   59.0  1.087   67.0  3.816  5.923 -160.1 -150.4
S -172.3 -170.1  105.2  179.5   68.3    nan  0.962  165.9  3.824  4.978  -17.5   -9.0
D  -74.4  -27.3  110.7  179.7  -61.7    nan  1.007   94.8  3.794  5.071  -63.3  -57.9
H -101.5    1.0  118.3 -176.2  -58.0    nan  1.141   79.0  3.765  4.961   34.7   64.7
E -152.1  149.1  111.6 -178.7  -69.4    nan  1.042  147.8  3.788  5.090   19.7   34.2
A -138.6  146.5  108.0  178.2    nan    nan  1.003  137.6  3.793  5.604 -167.3 -173.4
T  -95.8  129.1  108.4  178.6  -72.3  169.6  1.021  108.0  3.791  5.712 -127.2 -131.7
L -107.0  127.0  105.9  177.0  -74.6    nan  0.995  112.7  3.803  5.882 -154.7 -163.4
R -120.1  121.8  111.4 -179.2 -178.5    nan  1.050  122.2  3.801  5.878 -172.9 -172.1
C  -99.6  118.2  107.6  178.8 -168.7    nan  1.012  110.0  3.780  5.890 -154.4 -162.0
W -101.2  143.9  114.4 -179.4  -69.3    nan  1.016  113.3  3.818  5.946 -154.3 -164.6
A -137.3  110.3  104.3  177.0    nan    nan  0.979  114.4  3.827  5.643 -174.6  179.7
L -122.3  157.8  111.5 -177.8  -58.7    nan  1.005  127.7  3.831  5.973  173.8  168.8
G   67.9   20.4  122.1  176.7    nan    nan    nan  100.5  3.793    nan    nan   31.1
F  -96.9  153.1  115.4 -178.4   57.1    nan  1.128  107.5  3.771    nan    nan  110.6
Y -150.7  132.3  102.6  176.6 -179.0    nan  0.959  131.7  3.758  5.534 -169.9  175.0
P  -77.0 -177.4  114.5    0.3   37.3    nan  1.025   75.9  2.951  5.053   53.7   39.8
A  -63.4  -33.4  117.5 -177.2    nan    nan  1.149   98.4  3.803  5.221  -65.7  -53.1
E  -56.0  117.0  113.8  179.4 -117.8    nan  1.034   92.5  3.833  5.561   89.8   97.9
I -152.4  160.0  108.2 -179.9 -173.4   65.7  0.981  151.9  3.855  5.790  149.1  138.9
T -131.4  124.4  108.5  177.8  -37.2 -156.8  1.013  124.8  3.812  5.660 -154.1 -150.6
L -122.5  120.6  108.0  178.5  -70.0    nan  0.992  119.9  3.809  5.849 -173.4  178.2
T -127.5  145.4  111.0 -179.7  -60.4  178.8  1.007  131.5  3.826  5.895  176.3  171.9
W -108.6  139.8  104.1  176.0  -96.4    nan  0.973  113.2  3.785  5.715 -144.0 -147.4
Q -129.4  136.8  113.0  179.7  -83.9    nan  1.072  132.0  3.782  5.728 -171.8 -168.1
R -112.1  110.3  105.2  177.4 -179.8    nan  0.976  111.0  3.791  5.778 -150.3 -161.0
D   56.3   43.0  107.1 -179.5  -53.1    nan  0.990  103.8  3.824  5.063    1.2  -22.5
G   74.5    7.5  118.0 -179.7    nan    nan    nan  101.9  3.789    nan    nan  -71.6
E -105.5  125.8  110.6  179.2 -153.6    nan  1.037  115.6  3.834    nan    nan   87.1
D  -60.8  115.1  113.2 -179.0  -68.8    nan  1.086   96.0  3.834  5.838 -109.2 -118.7
Q  -85.9   43.3  114.2 -179.6  -61.2    nan  1.085  109.4  3.829  5.975 -144.9 -154.4
T  -51.3  -34.8  115.1 -179.2  -60.4  178.6  1.101  108.9  3.802  6.162  169.1  172.7
Q  -73.0  -31.5  114.6 -179.1  -55.3    nan  1.068   92.4  3.828  5.402   65.3   82.1
D -107.1    7.1  115.6 -177.7  -55.9    nan  1.082   76.0  3.821  5.071   30.4   53.6
T  -92.5  133.9  110.2  179.8  -55.5 -174.9  1.023  106.2  3.794  5.739   86.2   99.8
E -103.1  127.8  103.4  176.6 -163.4    nan  0.969  108.5  3.778  5.800 -146.9 -154.2
L -121.2  146.3  108.1  179.7  -73.9    nan  0.964  125.3  3.783  5.853 -168.5 -173.3
V -101.7  153.8  105.0  175.5  -74.7   48.9  1.006  107.1  3.760  5.716 -140.2 -138.5
E  -65.7  137.6  106.5  178.1  176.7    nan  0.953   82.6  3.797  5.376  -81.4  -94.4
T  -54.8  134.9  106.3  178.8  -57.4 -176.8  1.002   75.8  3.827  5.660  -94.3 -101.5
R -129.0  145.5  113.9 -175.2   60.6    nan  1.035  134.2  3.847  5.809 -167.1 -172.7
P  -77.3  145.7  113.1 -179.8   34.8    nan  0.984   91.9  3.800  5.530 -107.5 -112.0
A  -84.4  -28.1  111.0  179.6    nan    nan  1.035   85.3  3.846  5.781 -120.1 -121.9
G  111.5  -14.9  111.7  179.6    nan    nan    nan   74.6  3.793    nan    nan -101.2
D -110.6   20.6  113.7 -178.9   57.5    nan  1.063   78.7  3.810    nan    nan   63.6
R  100.4  -25.1  111.1 -179.0  109.0    nan  1.094   89.2  3.824  5.282  -65.5  -65.0
T  -88.0  175.5  113.3 -177.6   68.4  -51.2  1.094   89.8  3.810  5.405   57.8   77.0
F -129.7  168.9  111.3 -177.5  -67.6    nan  1.004  132.9  3.809  5.323 -127.3 -129.3
Q -140.2  160.3  108.6 -178.7  -41.4    nan  0.978  142.4  3.810  5.484 -148.2 -149.9
K -172.6  149.2  108.4  179.1 -164.9    nan  0.988  150.7  3.796  5.401  169.4  164.1
W -144.8  153.5  109.1  176.6   55.2    nan  1.087  144.6  3.801  5.653  176.5 -178.0
A -129.2  136.6  103.8  178.7    nan    nan  0.952  125.9  3.814  5.641 -146.6 -158.5
A -128.8  154.9  111.2 -178.7    nan    nan  1.043  133.4  3.786  5.746 -173.1 -170.8
V -146.1  139.0  108.0  179.1   68.7 -167.6  1.016  137.7  3.772  5.551 -169.7 -173.8
V  -94.9  122.4  105.8  177.7 -165.9  -44.9  0.998  106.0  3.833  5.855 -132.5 -139.8
V -123.8  159.5  111.9 -176.9  -52.5   68.1  1.000  129.1  3.775  5.794 -173.1  179.2
P  -68.7  138.2  109.1  179.0  -36.0    nan  0.930   86.1  3.850  5.247  -83.6  -90.7
S  -55.9  133.0  111.0 -179.4  -88.5    nan  1.052   80.5  3.817  5.759  -98.7 -100.8
G   91.0  -15.3  115.9 -180.0    nan    nan    nan   95.7  3.769    nan    nan   28.1
E -102.4   18.1  113.7  179.6  -65.9    nan  1.086   85.2  3.832    nan    nan   70.8
E  -55.7  -40.6  112.8 -179.2    1.9    nan  1.114  102.7  3.810  6.080  134.0  145.6
Q  -63.3  -10.9  117.3 -179.3   71.0    nan  1.168  111.3  3.834  5.441   66.3   86.0
R  -88.0   -1.7  111.8  178.9  -58.7    nan  1.033   91.3  3.852  5.691   76.9   87.2
Y -112.8  133.1  112.4 -178.1  -72.9    nan  1.019  121.4  3.827  5.385   56.2   72.9
T -127.6  145.2  111.6  178.1   48.9  -75.3  1.071  131.9  3.793  5.827 -177.4 -177.6
C -103.0  132.1  106.7  177.9 -179.2    nan  1.001  111.0  3.746  5.584 -132.5 -141.8
H -114.2  123.3  108.6 -179.5  -58.0    nan  1.021  118.0  3.779  5.767 -159.6 -164.1
V -114.8  125.7  111.6 -179.3 -170.3  -47.0  1.003  121.1  3.806  5.928 -164.2 -173.7
Q -122.4  128.6  109.3  177.4  -69.5    nan  1.004  123.5  3.846  5.880 -176.4  178.9
H -158.9  139.1  109.1  179.7 -177.4    nan  1.022  141.5  3.810  5.605  152.3  144.1
E  -61.5  -10.6  116.0 -178.7   76.6    nan  1.143  113.4  3.816  5.716 -102.0 -102.3
G  -88.6   -1.4  110.2  178.8    nan    nan    nan   91.0  3.798    nan    nan   86.8
L -106.0  133.2  109.1 -179.9  -65.7    nan  1.020  114.7  3.816    nan    nan   78.5
P  -54.5  -48.6  110.2  179.8  -29.2    nan  0.941   99.9  3.876  5.528  -89.0 -106.1
K -145.9  153.3  108.4  177.3   32.1    nan  1.067  145.0  3.828  4.849  -38.8   -9.0
P  -44.4  141.3  115.7  179.9  -36.7    nan  1.010   68.4  3.853  5.161  -58.8  -73.1
L  -98.3  144.8  110.8  178.0  -72.9    nan  1.026  108.7  3.837  5.863 -138.9 -140.9
T -125.5  121.9  104.5  177.7  -70.1  171.6  0.994  118.7  3.793  5.684 -160.3 -164.7
L -120.2  146.3  111.3 -179.7  -70.1    nan  1.050  126.4  3.785  5.907 -176.6 -178.0
R -133.7  160.8  102.7  178.9 -143.6    nan  0.918  134.8  3.779  5.603 -158.3 -173.2
W  -86.1  116.8  111.0 -179.6 -178.7    nan  1.056  106.7  3.793  5.547 -110.1 -101.8
E  -96.7  109.8  108.6  179.1  -68.9    nan  1.008  109.7  3.810  5.964 -152.8 -164.9
P  -75.9    nan  111.8  179.7  -20.5    nan  0.974    nan  3.868  5.939 -138.6 -149.3
