Id   phi    psi    tau  omega    chi    chi2  solid    eta  CA-CA  CB-CB  BA^AB  NA^AC
P    nan  159.8  111.1    nan   37.3    nan  0.948    nan    nan    nan    nan    nan
I  -73.9  121.8  109.3 -179.7  -52.5 -173.1  1.016   97.1  3.792  5.555  -96.2  -94.0
T -133.8  149.9  106.0  178.3   54.8  -66.1  0.984  134.3  3.796  5.848  171.8  162.7
A -148.5  154.3  112.0 -178.9    nan    nan  1.023  148.5  3.801  5.572 -176.3 -178.2
Y -141.4  149.1  109.0  176.0   69.0    nan  1.068  140.8  3.784  5.589 -174.2 -169.1
A -107.8  157.1  110.6 -179.0    nan    nan  1.037  114.4  3.778  5.613 -133.8 -137.7
Q -148.7  131.6  107.2  179.1  -67.5    nan  0.984  133.0  3.799  5.571 -167.7 -173.9
Q  -90.5  131.7  107.9  178.5  169.6    nan  0.998  103.6  3.805  5.799 -135.3 -142.5
T -107.4  -21.5  113.3 -178.8   56.5  -63.3  1.059   65.4  3.801  5.821 -154.6 -155.0
R -154.8  159.8  114.6  177.7   58.9    nan  1.134  155.6  3.799  4.878  -14.7    9.0
G -104.4 -177.6  114.8 -178.7    nan    nan    nan  103.4  3.769    nan    nan -122.1
L  -46.5  -55.9  114.5 -178.7 -140.4    nan  1.070   97.9  3.795    nan    nan  -39.3
L  -63.3  -46.6  114.1 -178.7 -150.0    nan  1.087   92.5  3.810  5.134   53.3   72.2
G  -65.1  -36.2  111.0 -179.7    nan    nan    nan   98.5  3.794    nan    nan   77.2
C  -61.4  -49.5  108.7  179.5  173.4    nan  1.017   95.5  3.780    nan    nan   88.1
I  -57.7  -51.0  111.6  179.6  -59.8  178.1  1.063   95.4  3.817  5.281   64.4   79.6
I  -57.1  -50.2  109.8  179.6  -60.8  177.0  1.026   97.4  3.822  5.365   69.5   79.1
T  -62.2  -32.3  112.0 -179.3  -52.1 -171.9  1.056  102.6  3.814  5.241   62.6   76.1
S  -65.2  -40.8  110.8 -179.9 -173.9    nan  1.028   96.2  3.795  5.428   77.7   89.4
L  -77.2  -44.7  112.4 -179.3  -49.6    nan  1.089   84.1  3.774  5.156   49.0   71.1
T  -70.0  -37.9  111.8 -179.9   64.8  -56.9  1.046   93.2  3.816  5.392   60.0   74.2
G   81.2   12.0  112.0 -179.5    nan    nan    nan   94.2  3.777    nan    nan -139.0
R -116.0  125.3  108.0 -179.6 -155.3    nan  1.016  118.7  3.797    nan    nan   81.1
D -130.0  107.2  108.9 -179.1 -176.6    nan  1.000  115.3  3.802  5.831 -179.6  173.1
K  -87.5   -6.0  114.8 -179.2  -73.4    nan  1.094   90.0  3.786  5.987 -160.7 -161.1
N  -60.2  150.7  109.6  179.4  -75.3    nan  1.007   73.1  3.826  5.876  110.6  117.6
Q  -84.0  149.3  108.1  178.8   15.3    nan  1.018   93.9  3.793  5.560 -111.5 -115.0
V -106.1  146.6  111.2 -178.6 -179.1  -58.2  1.046  115.1  3.798  5.695 -134.7 -135.6
E -150.8  162.5  107.1  178.0  -76.5    nan  0.975  151.1  3.795  5.629 -179.0  170.9
G   86.9  165.9  116.4  177.9    nan    nan    nan   80.8  3.769    nan    nan   57.3
E  -91.6  -30.3  109.8 -178.3  -63.7    nan  1.003   78.7  3.782    nan    nan -105.4
V -117.4  127.9  109.5 -178.9 -172.0  -49.2  1.007  121.1  3.785  4.989   21.0   40.7
Q -102.7  134.9  108.4  178.6  -58.9    nan  0.988  111.9  3.795  5.857 -150.9 -158.3
I  -88.7  116.7  102.4  176.9  -58.8 -179.8  0.957  100.5  3.788  5.810 -131.7 -138.7
V -115.2  159.0  113.2 -178.5  -57.6   65.6  1.095  121.7  3.793  5.954  178.9 -175.8
S -150.9  157.9  112.4 -178.8 -174.1    nan  1.032  151.6  3.777  5.463 -165.6 -172.7
T -127.1 -166.0  102.9  178.4   64.6  -54.7  0.932  122.8  3.792  5.574 -144.3 -153.0
A  -74.1  -41.2  108.8  179.0    nan    nan  1.007   90.1  3.820  5.073  -62.3  -54.2
T  -79.9  -28.4  116.8 -179.0  173.2   51.9  1.119   86.7  3.786  5.141   44.7   69.0
Q -163.3  173.3  117.9 -176.1   57.1    nan  1.087  165.2  3.818  4.654  -17.3   -2.9
T -126.7  139.7  107.0  179.3  -63.2  175.9  0.978  127.4  3.813  5.412 -129.5 -132.0
F -152.7 -166.1  107.4  179.7   40.1    nan  1.026  146.1  3.797  5.638  167.3  162.9
L -122.0  156.8  111.1 -179.1  -61.3    nan  1.038  127.4  3.804  5.262 -110.3  -98.6
A -136.4  128.0  102.9  179.1    nan    nan  0.943  124.5  3.788  5.546 -155.1 -162.5
T -109.8  134.3  111.2 -177.8  -50.5 -171.1  0.999  118.7  3.788  5.845 -157.0 -160.7
C  -91.4  119.3  111.2  179.2  -59.7    nan  1.037  109.1  3.780  5.762 -136.7 -139.6
I -129.5  127.7  107.4  178.8  -56.9 -178.5  1.002  124.9  3.805  5.886  173.4  164.7
N   46.7   46.3  116.1 -179.9  -75.6    nan  1.135  104.0  3.832  4.975    2.5  -16.9
G   80.4    8.3  117.6  178.3    nan    nan    nan   95.7  3.791    nan    nan  -67.0
V -128.1  133.3  109.9  179.7  178.6  -59.0  1.026  128.1  3.797    nan    nan   65.1
C  -89.9   97.4  107.6  179.2 -173.8    nan  0.995  107.5  3.806  5.786 -130.6 -140.7
W  -89.3  146.3  112.6 -179.2  -67.1    nan  1.022  101.8  3.801  6.054 -166.8 -172.9
T -153.0 -179.5  109.7  177.1 -167.4   72.4  1.075  152.8  3.762  5.561  168.3  168.7
V  -87.3  133.4  111.8 -178.1   85.7 -146.0  1.071  103.8  3.772  5.091  -84.6  -80.6
Y  -67.5  -26.6  112.6 -179.2 -174.4    nan  1.082  100.5  3.829  5.829 -108.3 -117.2
H  -73.6    3.9  111.5  179.6   73.2    nan  1.105  107.8  3.809  5.533   66.7   87.0
G -121.0  -56.7  109.7  178.7    nan    nan    nan   58.4  3.781    nan    nan   67.8
A  -71.5  -38.5  114.2 -178.8    nan    nan  1.088   90.3  3.791    nan    nan   62.4
G   71.8 -139.4  107.5 -178.6    nan    nan    nan   87.1  3.782    nan    nan -146.2
T -101.4    1.0  111.3  179.6   52.9  -68.2  1.014   79.0  3.792    nan    nan  -48.1
R  -65.2  160.8  120.4 -176.3   52.9    nan  1.245   75.8  3.792  5.709   95.4  126.0
T  -83.8  168.5  109.2 -178.9   46.0  -74.0  0.983   87.6  3.761  5.201  -84.2 -106.1
I -111.2  134.4  107.1  177.9 -170.3   67.2  1.047  116.6  3.804  5.575 -130.0 -120.6
A  -67.6  130.5  108.3  179.9    nan    nan  1.004   88.5  3.791  5.699 -102.4 -116.1
S -137.0  171.7  110.3  179.5   88.1    nan  1.026  139.3  3.797  5.758  174.7  171.1
P  -55.3  -34.4  111.3  179.7  -33.8    nan  0.937  107.5  3.830  4.999  -53.7  -61.9
K  -95.4   24.0  114.1 -178.5  -65.7    nan  1.080   94.5  3.803  4.984   28.9   60.3
G   95.3 -173.9  109.9 -179.5    nan    nan    nan   97.3  3.786    nan    nan  -68.3
P  -66.3  145.7  111.4  179.9   30.9    nan  0.972   81.7  3.809    nan    nan  -54.1
V -116.9  125.9  109.1  180.0  173.1  -65.7  1.027  120.1  3.800  5.785 -155.2 -153.4
I  -71.6  151.1  111.3 -179.8  -54.7 -176.1  1.051   83.7  3.815  5.846 -119.9 -129.3
Q  -66.3  142.8  115.5 -179.0  -53.3    nan  1.087   85.3  3.818  5.550  -90.2  -94.8
M  -80.8  -42.4  109.3  178.1  -94.2    nan  0.987   84.1  3.808  5.576 -107.8 -124.4
Y -133.5  153.0  109.6 -178.4  -48.1    nan  0.998  136.4  3.794  4.702   -4.7   12.9
T -151.9  138.4  105.6  178.4  -43.2 -164.3  0.962  138.1  3.783  5.581 -176.3  177.5
N -156.1   83.3  108.7 -179.9 -176.1    nan  1.018   91.2  3.790  5.580  162.6  159.5
V  -51.7  -39.4  111.2 -179.2 -171.5  -49.6  1.037  107.4  3.808  6.134 -141.1 -150.9
D  -58.1  -56.5  110.7 -179.7  -69.1    nan  1.031   92.4  3.787  5.350   78.4   89.4
Q  -80.2   -1.1  113.7 -179.1  -62.0    nan  1.113   99.4  3.778  4.932   30.2   54.6
D   64.2   36.1  111.3  179.6 -158.9    nan  1.045   99.1  3.820  5.535 -120.7 -121.2
L -112.3  150.3  115.0 -178.9  -79.7    nan  1.075  121.5  3.804  5.775   93.1  109.0
V -150.2  148.6  103.4  179.3  160.6  -77.7  0.940  143.2  3.801  5.594 -172.5  174.0
G -157.0  136.2  112.8 -179.7    nan    nan    nan  140.3  3.795    nan    nan  171.4
W -123.0  164.4  104.7  179.2  -59.9    nan  0.917  125.6  3.812    nan    nan -172.8
P  -62.6  143.5  105.1  179.1  -29.1    nan  0.872   76.6  3.813  5.182  -71.7  -77.8
A  -60.6  132.5  107.1 -179.8    nan    nan  0.998   81.8  3.801  5.709 -100.3  -98.5
P  -59.7  141.3  111.7  180.0   23.0    nan  0.977   78.9  3.800  5.583  -99.3 -109.2
Q  -56.5  133.2  108.5  178.8  -64.8    nan  1.002   79.4  3.789  5.653  -91.7 -100.6
G  110.0  -29.6  114.4  179.7    nan    nan    nan   84.0  3.800    nan    nan   48.2
S  -74.5  172.2  112.4 -179.5   62.0    nan  1.042   77.5  3.798    nan    nan   84.2
R -125.5  140.9  104.8  178.3  -70.9    nan  0.971  125.6  3.801  5.437 -132.4 -131.8
S -101.8  156.0  113.2 -179.5  -69.8    nan  1.052  110.1  3.779  5.751 -140.7 -138.7
L  -93.9  171.8  102.7  176.5  -67.9    nan  0.916   95.7  3.773  5.467 -110.2 -122.5
T -125.9  146.7  106.5  177.9   42.3  -78.2  0.995  128.0  3.795  5.473 -139.9 -131.4
P  -55.0  155.0  113.1  180.0  -32.9    nan  0.985   67.5  3.819  5.372  -80.3  -89.4
C  -78.5  143.2  108.4  180.0 -179.2    nan  0.989   91.4  3.802  5.576 -102.2 -105.6
T -141.1   54.2  108.8  179.8   47.6  -74.4  1.005   73.1  3.811  5.712 -176.5  179.7
C -145.2   -4.5  108.7 -179.5   70.4    nan  1.020   33.6  3.790  5.586   82.2   89.6
G   58.0   18.0  114.6  179.6    nan    nan    nan  113.2  3.776    nan    nan -131.3
S  -58.1  144.7  112.7 -179.9  177.1    nan  1.074   75.9  3.792    nan    nan  142.9
S -107.1    1.8  111.6  179.4   55.4    nan  1.064   73.6  3.810  5.689 -140.4 -144.3
D -100.4  102.5  105.7  177.7  -58.3    nan  0.964  107.4  3.832  5.670   72.3   84.1
L -106.5  161.1  113.7 -177.3  -41.0    nan  1.058  113.2  3.813  5.988  176.3  178.1
Y -133.4  116.0  110.5 -179.8  -56.2    nan  1.029  122.0  3.809  5.507 -150.7 -152.6
L  -87.2  127.5  111.4 -179.0 -158.0    nan  1.006  105.0  3.812  5.919 -142.9 -154.7
V -101.0  108.8  108.4  178.2  178.3  -58.2  1.014  110.8  3.810  5.892 -153.0 -158.1
T  -77.8  168.1  113.5 -178.9   73.4  -45.9  1.048   82.7  3.811  5.993 -142.2 -150.6
R  -59.7  -20.4  112.9  179.4 -179.2    nan  1.038  110.9  3.800  5.108  -65.8  -71.2
H  -97.0   14.1  111.3 -179.8  -49.2    nan  1.055   88.2  3.806  5.300   48.6   70.7
A   64.6   38.8  113.0  179.3    nan    nan  1.084   96.5  3.801  5.472 -107.7 -107.4
D -108.0  137.1  104.4  178.0  -69.0    nan  0.954  112.8  3.784  5.916  107.2  110.3
V -103.6  114.2  106.4 -179.8  178.9  -57.4  0.963  110.2  3.800  5.787 -142.2 -147.7
I -116.9  131.7  111.6 -179.3   62.8  -56.4  1.083  123.1  3.789  5.927  171.7  178.4
P  -65.3  146.6  112.9 -179.9   33.2    nan  0.975   81.1  3.841  5.640 -100.7 -116.6
V -146.0  132.4  106.9 -179.2  173.5  -63.9  0.974  132.7  3.795  5.695 -179.1  175.9
R  -97.8  129.7  109.8  178.9  177.2    nan  1.031  110.2  3.805  5.868 -145.7 -147.2
R  -66.4  123.5  109.7 -179.3 -141.1    nan  1.024   92.1  3.800  5.738 -108.4 -120.4
R -117.3   25.6  109.0  179.6  -65.2    nan  1.009   73.2  3.792  5.877 -170.7 -176.5
G  140.0  174.4  110.9 -179.5    nan    nan    nan  137.8  3.783    nan    nan  -21.1
D  -41.7  -51.4  116.5 -178.7   26.4    nan  1.131  103.5  3.799    nan    nan  -44.4
S -125.9   35.8  116.1 -178.8   60.8    nan  1.122   74.5  3.807  4.814   -8.5   17.2
R -148.6  157.5  110.8  178.7 -149.5    nan  1.056  149.3  3.802  5.465   59.9   67.6
G -159.9  144.7  109.1  179.8    nan    nan    nan  146.2  3.773    nan    nan  175.0
S  -93.6  132.2  111.6 -179.4  -55.3    nan  1.019  108.4  3.786    nan    nan -128.7
L  -68.0  134.2  103.9  177.3  -64.8    nan  0.958   84.2  3.771  5.702 -108.3 -122.9
L  -72.9  -16.5  110.6  179.9  -93.5    nan  1.066  100.7  3.814  5.811 -118.6 -119.2
S -144.9  103.3  106.2  179.5  -42.2    nan  0.974  110.2  3.782  5.013    8.5   23.1
P  -50.4  142.0  112.4  179.9   22.6    nan  0.979   71.2  3.831  5.850 -119.5 -130.3
R -136.5  156.1  109.5 -178.7  -52.5    nan  0.948  139.1  3.780  5.731 -170.2 -177.5
P  -66.2  134.7  108.1  179.3  -27.5    nan  0.904   85.3  3.806  5.236  -84.6  -91.3
I  -49.1  -24.1  114.7 -178.8   52.5  -69.5  1.118  118.0  3.813  5.816  -99.7  -95.8
S  -60.1  -36.6  110.9  179.4   61.0    nan  1.014  102.5  3.824  5.652   94.6  101.4
Y  -55.9  -40.3  108.3  179.7 -160.4    nan  0.973  105.0  3.796  5.361   83.6   92.9
L  -86.6   -6.8  115.9 -177.6  -56.4    nan  1.122   90.4  3.782  4.986   35.8   64.2
K  -58.2  130.9  111.0 -180.0  -15.5    nan  1.054   83.4  3.816  5.884  109.2  119.7
G   83.3    8.8  113.7  179.4    nan    nan    nan   93.1  3.789    nan    nan   19.1
S  -98.7    3.1  114.7 -179.1  -59.0    nan  1.109   82.6  3.792    nan    nan   97.8
S  -66.4  130.1  108.6  178.9  -49.2    nan  1.004   88.0  3.816  5.941  113.6  119.5
G  103.2  -13.5  110.5 -178.9    nan    nan    nan   81.8  3.792    nan    nan   40.3
G  -72.9  159.0  111.6  179.5    nan    nan    nan   81.4  3.806    nan    nan   99.1
P  -81.5  148.1  120.4 -179.3   38.4    nan  1.052   98.0  3.827    nan    nan  -98.4
L -114.2  103.8  101.0  174.8  -98.0    nan  0.941  105.5  3.799  5.723 -146.5 -156.1
L  -94.1  148.0  115.2 -177.2  -55.1    nan  1.077  106.5  3.774  5.991 -169.7 -166.0
C  -84.8  172.6  102.5  176.8   81.2    nan  0.933   86.5  3.786  5.559 -109.0 -123.4
P  -52.2  -33.3  116.1 -179.8  -33.8    nan  1.019  108.7  3.847  5.092  -57.7  -56.0
T  -84.5    5.6  112.8 -179.6  -12.7   43.6  1.065   97.6  3.813  5.244   44.9   72.2
G   78.5   31.8  115.0  179.5    nan    nan    nan   87.2  3.798    nan    nan -103.3
H -110.7  146.4  107.9  178.9  -69.4    nan  1.030  117.0  3.775    nan    nan  103.1
A  -65.4  128.6  115.1 -177.5    nan    nan  1.111   92.4  3.791  5.607  -95.2  -98.0
V -108.0  -27.5  108.7  178.4  170.0  -67.4  1.023   65.5  3.780  5.808 -152.8 -166.3
G  176.8  179.7  110.6  179.5    nan    nan    nan  176.7  3.807    nan    nan  -29.9
L -118.7  130.1  108.2  179.5  -53.2    nan  1.003  121.3  3.810    nan    nan -114.0
F  -57.5  123.2  108.6  179.7  177.0    nan  0.997   86.0  3.811  5.691  -98.8 -111.3
R -101.0  -56.6  110.7  178.9 -173.2    nan  1.041   66.8  3.816  5.964 -157.2 -160.0
A -153.8  156.2  110.7 -179.6    nan    nan  1.032  152.2  3.783  4.592  -38.2  -21.9
A  -95.0  146.1  111.1  179.9    nan    nan  1.047  105.8  3.790  5.548 -118.0 -118.0
V -104.3  118.3  106.4  179.0  172.6  -64.6  0.968  111.0  3.795  5.661 -131.1 -142.1
C -146.0  179.8  116.6 -178.3   44.1    nan  1.095  146.1  3.781  5.657  150.8  152.5
T -162.0  132.3  104.1  179.3  -23.7  -29.5  0.948  134.1  3.805  5.302 -157.0 -160.9
R   71.9   10.9  111.1 -179.0  -93.3    nan  1.058  103.9  3.811  4.860   31.9   14.1
G   84.9   13.7  113.8 -179.9    nan    nan    nan   89.5  3.780    nan    nan  -91.6
V -117.1  116.0  107.8  179.1  170.8  -68.2  1.007  116.4  3.800    nan    nan   80.3
A  -71.8  118.9  110.5  179.6    nan    nan  1.019   98.1  3.804  5.875 -128.0 -140.0
K -111.4  -19.1  111.8  179.9  -58.1    nan  1.056   62.8  3.807  5.887 -172.1 -174.8
A -144.8  168.3  108.5  179.8    nan    nan  1.005  146.8  3.828  5.004    4.6   21.5
V -139.2  126.2  111.9 -179.9  -58.6   64.8  1.057  130.1  3.802  5.538 -153.0 -147.7
D  -85.0  125.4  107.5  177.4  -76.3    nan  0.978  101.2  3.801  5.813 -129.3 -145.6
F -129.8  165.0  115.0 -179.8   64.3    nan  1.118  134.6  3.795  5.783  170.2  176.4
I  -96.9  108.5  107.4  179.8  -57.7  178.8  0.966  108.6  3.790  5.346 -101.6 -112.1
P  -59.9  146.2  109.8  179.8  -29.3    nan  0.925   75.3  3.833  5.833 -122.5 -134.7
V  -55.5  -30.8  110.8  179.6 -177.0  -57.6  1.053  109.7  3.813  5.680  -91.0  -91.9
E  -53.5  -37.2  110.8  179.1  -34.3    nan  1.032  107.6  3.819  5.535   91.5  100.5
N  -66.1  -25.1  110.9  179.7  -69.3    nan  1.051  103.2  3.790  5.339   67.4   83.5
L  -69.5  -50.5  110.0  179.2  -57.4    nan  1.032   88.6  3.824  5.542   76.9   90.7
E  -63.7  -38.6  109.8  179.2 -166.4    nan  1.029   99.0  3.803  5.184   59.2   72.7
T  -63.4  -41.9  109.1  178.1  -66.1  172.3  0.993   97.9  3.810  5.384   71.7   82.7
T  -64.2  -32.2  111.4  179.2  -68.2  171.1  1.060  101.1  3.813  5.272   63.2   80.1
M  -76.7  -20.2  113.5 -180.0  -58.4    nan  1.080   94.7  3.817  5.390   60.1   79.4
R  -83.6    nan  112.3  179.4  -66.2    nan  1.064    nan  3.824  5.493   65.5   83.2
