Id   phi    psi    tau  omega    chi    chi2  solid    eta  CA-CA  CB-CB  BA^AB  NA^AC
V    nan  134.3  108.2    nan  178.1  -60.7  1.009    nan    nan    nan    nan    nan
E -114.7  144.0  111.5  179.7  -61.1    nan  1.049  122.2  3.790  5.784 -159.0 -161.9
G -105.7  148.6  111.1  179.2    nan    nan    nan  114.3  3.781    nan    nan -143.2
E  -92.3  -26.6  107.3  179.7  -56.8    nan  0.988   80.3  3.781    nan    nan -125.5
V -112.4  129.0  109.9 -179.1  178.5  -58.8  1.010  119.0  3.798  5.101   29.0   48.4
Q -117.5  137.6  110.5  178.6   34.8    nan  1.075  123.4  3.790  5.860 -172.1 -170.6
I  -88.3  106.6  106.5  179.6  -50.7 -172.6  0.974  105.3  3.804  5.720 -119.2 -135.5
V -103.6  165.7  113.9 -177.6  -53.5   68.1  1.078  109.0  3.792  5.988 -177.0 -175.7
S -150.3  157.9  113.1 -179.4  -61.1    nan  1.052  151.4  3.795  5.466 -162.2 -163.9
T -129.0  177.7  102.6  178.0   52.4  -69.0  0.947  129.5  3.798  5.564 -146.5 -155.3
A  -59.3  -28.0  113.6 -179.8    nan    nan  1.068  106.8  3.810  5.178  -61.4  -57.1
T -120.0  -10.7  116.2 -177.8   56.4  -64.3  1.037   55.8  3.802  5.020   24.2   43.6
Q -143.5  143.7  115.1 -175.5 -164.4    nan  1.042  142.9  3.803  4.772   17.3   36.1
T -121.5  134.6  107.1  177.8 -168.6   70.2  1.015  123.0  3.794  5.744 -158.3 -163.4
F -155.0 -156.0  108.6 -179.5   45.2    nan  1.040  140.6  3.791  5.631  162.2  155.8
L -128.9  166.4  112.1 -178.2  -52.8    nan  1.015  132.8  3.809  5.173 -104.7  -93.0
A -137.6  155.2  104.0  176.9    nan    nan  0.956  137.6  3.795  5.437 -151.5 -152.6
T -134.3  129.1  110.1 -179.2  -58.9 -178.8  1.003  129.2  3.807  5.637 -157.8 -157.3
C  -85.7  123.3  108.5  178.5  -76.5    nan  0.990  102.9  3.782  5.777 -131.7 -140.4
I -140.9  129.7  105.2  178.0  -67.4  171.0  0.979  128.6  3.798  5.800  164.4  156.8
N   52.9   45.2  113.1 -179.2  -68.7    nan  1.096  101.7  3.799  4.884   11.8   -7.2
G   73.0   -0.9  117.3  178.3    nan    nan    nan  107.4  3.811    nan    nan  -73.8
V -110.1  147.6  110.1 -179.8 -177.7  -55.9  1.027  117.6  3.785    nan    nan   75.4
C -101.6  100.8  104.4  178.9 -173.5    nan  0.957  106.1  3.801  5.645 -128.8 -137.6
W  -94.8  150.9  112.5 -178.6  -53.0    nan  1.015  105.0  3.792  6.038 -170.7 -172.9
T -159.0 -179.5  109.0  176.8 -173.3   65.4  1.071  158.9  3.780  5.510  166.7  166.5
V  -91.0  127.4  113.4 -178.6  -73.0   48.4  1.068  109.0  3.807  5.276  -87.4  -83.3
Y  -51.7  -33.9  112.7  178.8 -174.8    nan  1.056  110.2  3.810  5.650  -94.0 -111.7
H  -69.5    1.5  113.5 -179.9   75.4    nan  1.101  111.1  3.820  5.403   65.6   84.8
G -123.1  -44.2  109.6  179.4    nan    nan    nan   54.0  3.792    nan    nan   63.8
A  -84.8  -37.5  113.3 -179.3    nan    nan  1.063   80.3  3.787    nan    nan   60.6
G   72.6 -126.4  105.7 -177.9    nan    nan    nan   91.7  3.784    nan    nan -143.7
T -117.8   19.6  108.7  178.8   46.2  -75.8  0.991   69.9  3.799    nan    nan  -52.6
R  -62.9  155.0  114.3 -178.2  -77.2    nan  1.080   75.1  3.787  5.932  126.8  142.0
T  -88.8  156.3  104.2  177.8   44.1  -77.3  0.921   94.6  3.772  5.441 -102.2 -118.5
I  -97.2  137.1  106.0  177.8 -170.0   64.6  1.015  106.2  3.780  5.586 -127.0 -120.8
A  -66.1  142.3  112.0 -179.8    nan    nan  1.058   83.6  3.830  5.744 -103.1 -110.3
S -143.6  149.5  107.3 -179.6  154.4    nan  0.981  141.6  3.817  5.633 -175.1  174.3
P  -66.5    4.5  113.4  179.9   28.7    nan  1.011  115.3  3.850  5.538  -94.7  -96.5
K -123.5   12.0  108.2  178.2  -74.2    nan  0.982   60.9  3.801  5.410   42.6   64.3
G  110.9  174.5  113.1 -179.5    nan    nan    nan  108.7  3.801    nan    nan  -64.6
P  -61.7  137.1  114.0 -179.8   29.0    nan  0.988   84.1  3.851    nan    nan  -63.9
V -111.7  132.6  106.9  179.8 -170.2  -47.8  0.985  116.7  3.792  5.852 -155.4 -159.2
I  -87.2  151.2  115.0 -178.5   70.8  -51.0  1.110   99.2  3.787  5.841 -136.1 -132.8
Q  -57.1  135.0  111.2 -179.5  -53.1    nan  1.026   80.2  3.782  5.306  -73.4  -89.9
M  -79.7  -32.7  106.0  177.6  -79.9    nan  0.948   90.2  3.792  5.705 -115.2 -131.0
Y -138.8  141.1  111.0 -179.2  -46.6    nan  1.013  137.2  3.800  4.773   -3.8   15.3
T -138.5  123.0  103.5  177.9  -51.3 -171.0  0.947  122.5  3.794  5.701 -173.5  176.7
N -139.0   85.3  108.5 -178.8 -172.2    nan  1.000   98.3  3.788  5.757  166.4  163.1
V  -54.8  -41.3  112.5 -179.4 -172.8  -50.8  1.069  103.1  3.795  6.117 -146.7 -151.4
D  -56.4  -46.7  113.2 -179.8  -96.7    nan  1.067   98.1  3.828  5.430   77.4   90.0
Q  -86.5   -1.7  114.7 -179.5  -63.8    nan  1.102   92.8  3.780  5.019   35.4   58.1
D   64.4   31.7  108.0 -179.2 -159.5    nan  0.992  102.8  3.817  5.442 -117.2 -120.0
L -120.8  132.7  116.2 -176.3 -177.3    nan  1.050  128.8  3.815  5.605   79.7   98.7
V -141.5  149.8  107.3  177.2  -47.0   77.9  1.043  140.3  3.810  5.787  168.8  163.8
G -148.8  143.4  112.9 -179.3    nan    nan    nan  143.8  3.772    nan    nan -178.6
W -121.0  172.6  104.9  178.7  -52.2    nan  0.931  122.6  3.787    nan    nan -162.6
P  -68.4  145.1  105.5  179.0  -29.0    nan  0.879   80.8  3.817  5.135  -70.6  -73.8
A  -59.2  128.2  111.2 -179.4    nan    nan  1.053   85.8  3.821  5.710  -99.7  -94.2
P  -69.2 -175.5  114.6 -179.6   35.9    nan  0.990   67.4  3.845  5.630 -110.1 -124.5
Q  -82.2  143.4  111.4  179.0  -71.3    nan  1.053   96.1  3.787  5.247  -84.5  -71.4
G   88.5   11.3  110.3 -179.9    nan    nan    nan   87.6  3.785    nan    nan   38.8
S -116.5  161.9  111.9 -179.5   75.0    nan  1.037  121.9  3.780    nan    nan   81.3
R -142.4  140.9  103.8  176.4   84.0    nan  1.007  135.0  3.794  5.532 -162.9 -163.7
S  -79.3  154.8  116.1 -177.9  -74.9    nan  1.125   91.0  3.793  5.750 -116.6 -115.2
L  -96.3  152.3  107.9  178.9 -115.0    nan  0.958  103.9  3.771  5.389 -109.1 -126.3
T  -96.2  134.9  108.3  179.8  -39.0 -160.1  0.962  107.3  3.801  5.573 -119.8 -124.7
P  -68.5  152.1  110.5  179.8  -27.5    nan  0.940   80.2  3.807  5.543 -107.2 -115.9
C  -70.3  149.7  109.7  179.9 -173.8    nan  1.030   82.4  3.802  5.637 -101.3  -99.4
T -140.6    9.8  109.2 -180.0   62.9  -57.5  0.999   43.4  3.810  5.665 -166.4 -172.7
C -104.9   -4.3  112.9 -179.1   67.3    nan  1.077   73.4  3.808  5.567   69.2   92.0
G   55.1   26.8  115.6  179.7    nan    nan    nan  110.5  3.784    nan    nan -134.0
S  -69.7  149.7  109.8  179.2 -175.0    nan  1.018   82.0  3.784    nan    nan  138.4
S -104.9   -3.9  111.5 -179.9   44.8    nan  1.043   73.7  3.800  5.615 -134.2 -135.4
D  -90.9   94.4  106.7  178.5  -57.3    nan  0.993  106.7  3.792  5.583   73.1   89.0
L  -93.4  162.9  113.9 -178.9  -40.7    nan  1.059  100.1  3.822  6.093 -177.6 -178.5
Y -140.2  114.0  107.8 -179.9  -58.9    nan  0.996  119.4  3.822  5.511 -154.7 -157.6
L  -91.3  133.0  112.2 -179.1 -176.7    nan  1.042  107.0  3.801  5.961 -154.1 -158.4
V -105.9  125.6  109.1  179.5 -175.8  -52.2  1.014  114.5  3.806  5.843 -149.4 -156.2
T  -90.6  172.9  111.8 -179.2   70.0  -51.0  1.063   93.2  3.804  5.907 -142.7 -146.1
R  -65.7   -8.3  112.8  179.8   60.9    nan  1.054  110.8  3.815  5.190  -67.6  -70.1
H -105.7    7.7  110.2  179.9  -54.7    nan  1.036   77.1  3.805  5.389   53.3   72.7
A   78.9    4.8  114.2  179.7    nan    nan  1.102   99.0  3.807  5.398 -103.3  -99.5
D  -69.4  153.2  106.4  179.0  -62.2    nan  0.964   78.7  3.815  5.957  114.3  117.8
V -118.6  133.4  105.9  178.5 -177.5  -55.9  1.012  120.3  3.793  5.663 -148.9 -145.7
I -122.6  114.9  111.1 -177.8  -67.7  169.2  1.004  120.1  3.801  5.821 -161.3 -169.1
P  -67.7  125.3  110.3  179.6  -26.1    nan  0.951   92.5  3.814  5.795 -125.7 -136.7
V -126.1  133.3  107.3 -179.2  167.6  -69.4  0.988  125.4  3.798  5.887  177.4  175.4
R -102.5  125.2  106.2  179.6 -151.5    nan  1.002  110.3  3.789  5.852 -148.9 -151.1
R  -67.3  141.6  112.2 -178.0 -160.5    nan  1.052   85.1  3.774  5.806 -115.3 -122.9
R -118.3  -14.3  111.7  179.7  -66.1    nan  1.066   57.3  3.772  5.678 -156.1 -159.2
G -179.8  180.0  111.4  179.3    nan    nan    nan  179.8  3.794    nan    nan  -13.3
D  -35.8  -44.7  115.8  179.9  -61.7    nan  1.093  113.4  3.819    nan    nan  -33.0
S -139.7   38.3  115.3 -179.1   64.9    nan  1.091   64.8  3.799  4.699  -15.0    7.6
R -146.8  144.9  110.0  180.0 -170.8    nan  1.033  142.4  3.823  5.492   64.2   72.3
G -149.3  154.4  109.6  180.0    nan    nan    nan  148.1  3.788    nan    nan  172.5
S -112.8  130.8  110.8 -179.5   40.6    nan  1.026  120.1  3.791    nan    nan -137.0
L  -64.5  136.7  107.5  178.9  -86.4    nan  0.977   82.7  3.791  5.710 -103.3 -119.2
L  -68.4  -25.0  109.6  179.0  -90.7    nan  1.036  101.6  3.790  5.682 -109.4 -114.4
S -141.9  103.2  105.5  179.8  -43.4    nan  0.952  109.9  3.799  4.957    3.9   18.0
P  -53.3  150.6  110.3 -179.9  -35.6    nan  0.961   67.4  3.810  5.841 -124.2 -132.8
R -137.2  157.7  111.4 -177.9  -93.1    nan  1.021  140.7  3.785  5.708 -168.6 -166.5
P  -55.2  140.9  106.3  179.4  -31.7    nan  0.887   72.7  3.815  5.168  -65.8  -80.0
I  -51.1  -37.1  111.4 -179.1  175.0   50.3  1.085  109.2  3.796  5.748  -95.4  -91.6
S  -55.5  -39.2  111.9 -179.5   58.2    nan  1.053  104.1  3.809  5.517   83.5   94.5
Y  -52.9  -30.3  111.4 -179.5 -162.2    nan  1.048  111.9  3.798  5.425   83.0   95.0
L -100.9   -6.0  114.4 -180.0  -78.5    nan  1.090   76.6  3.816  5.177   34.4   58.1
K  -61.5  140.9  113.2 -179.2  -17.5    nan  1.073   81.3  3.811  5.789  105.1  118.3
G   76.2    7.0  113.8  179.6    nan    nan    nan  100.9  3.788    nan    nan   22.4
S -104.8   -1.2  115.9 -178.3  -54.8    nan  1.098   74.7  3.803    nan    nan   91.1
S  -64.8  131.3  107.0 -180.0   55.2    nan  1.043   85.3  3.791  5.867  107.3  117.9
G  115.1  -15.9  107.6 -177.9    nan    nan    nan   70.5  3.782    nan    nan   55.3
G  -72.4  170.9  112.9  179.4    nan    nan    nan   76.1  3.795    nan    nan   97.0
P  -91.4  153.0  117.6 -179.4   41.6    nan  1.009  103.4  3.821    nan    nan  -94.0
L -117.2  103.8  100.1  176.0 -102.9    nan  0.929  105.2  3.794  5.678 -147.1 -151.3
L  -91.9  144.6  115.9 -177.1  -48.0    nan  1.055  106.3  3.800  6.038 -164.8 -164.3
C  -86.3  178.9  105.7  177.8   75.3    nan  0.967   86.6  3.799  5.601 -117.0 -127.5
P  -56.8  -16.1  115.6  179.9  -34.5    nan  1.004  115.2  3.857  5.069  -55.2  -53.1
T  -99.0    2.4  113.6 -179.2  -13.8   49.4  1.063   81.9  3.826  5.277   45.1   73.7
G   81.0   10.6  114.1 -179.3    nan    nan    nan   94.5  3.810    nan    nan -102.6
H  -90.5  148.4  110.9  179.7  -64.0    nan  1.037  101.2  3.814    nan    nan  104.6
A  -64.0  120.3  114.8 -178.9    nan    nan  1.069   96.0  3.814  5.484  -89.4  -96.8
V  -96.3  -38.9  106.9  178.1  173.1  -64.7  0.996   74.5  3.792  5.899 -149.9 -163.3
G -176.2  176.5  110.5  179.5    nan    nan    nan  175.9  3.790    nan    nan  -32.8
L -103.6  129.6  106.9  178.4 -101.6    nan  0.957  111.6  3.803    nan    nan -104.0
F  -61.4  116.6  108.2  178.6  172.6    nan  1.004   91.8  3.791  5.693 -108.1 -116.0
R  -92.4  -51.5  113.9 -179.0  179.8    nan  1.087   69.9  3.811  5.990 -154.9 -156.5
A -159.2  155.2  113.5 -179.3    nan    nan  1.068  155.2  3.802  4.657  -39.2  -21.8
A  -89.9  125.2  109.8  179.2    nan    nan  1.020  106.1  3.782  5.463 -109.9 -117.0
V  -98.1  101.6  106.4  179.0  173.5  -63.8  0.957  107.6  3.808  5.880 -144.5 -158.1
C -124.6  153.1  118.0 -177.7   29.0    nan  1.124  133.0  3.782  5.822  151.5  161.0
T  -93.2 -118.7  108.2  178.3  -54.3 -172.1  1.055   75.7  3.771  5.507 -117.4 -125.0
R  -79.5   59.5  114.5 -177.5  -60.9    nan  1.133  116.4  3.808  4.880  -25.9   -2.8
G   89.7  -10.1  113.4  179.5    nan    nan    nan   94.3  3.784    nan    nan  -43.7
V -101.9  120.2  110.6 -180.0  175.0  -63.8  1.039  113.7  3.783    nan    nan   75.0
A  -78.1  117.4  106.8  178.8    nan    nan  0.985   99.0  3.798  5.855 -129.7 -143.6
K -111.7  -21.8  110.6 -179.9  -54.5    nan  1.031   62.3  3.801  5.934 -173.3 -175.1
A -136.5  172.6  109.8  180.0    nan    nan  1.047  138.5  3.796  4.962    7.1   28.6
V -137.4  144.8  110.1 -176.8  123.6 -110.2  1.021  137.4  3.775  5.358 -141.0 -141.0
D -109.6  137.6  104.7 -179.9 -147.9    nan  0.933  114.2  3.815  5.752 -138.2 -147.9
F -146.3  168.5  116.6  179.8   67.9    nan  1.169  149.9  3.808  5.672  159.1  173.6
I -105.5  108.3  106.9  179.9  -51.8 -174.9  0.945  110.4  3.814  5.317 -102.8 -117.1
P  -63.2  150.6  114.0 -179.9   29.3    nan  0.999   77.6  3.836  5.902 -132.7 -135.8
V  -58.7  -27.6  114.2  180.0  -75.7   48.3  1.110  107.3  3.838  5.691  -88.9  -90.4
E  -58.9  -35.3  109.2  178.6  -69.1    nan  1.031  104.9  3.789  5.584   91.5   98.4
N  -63.8  -49.4  109.6  178.8  -74.8    nan  1.023   93.4  3.814  5.447   73.4   86.0
L  -56.9  -51.0  108.3  179.3  -79.0    nan  1.000   98.0  3.813  5.303   70.3   79.7
E  -53.7  -48.1  112.8  179.9  -64.8    nan  1.082   99.4  3.791  5.164   66.2   82.2
T  -66.6  -41.7  109.5  179.7   58.4  -62.6  1.019   95.3  3.810  5.354   61.7   73.3
T  -56.2  -31.2  110.8  179.8  -69.7  169.5  1.070  108.9  3.801  5.332   73.9   88.3
M  -81.0   35.7  109.1  178.1  -75.8    nan  0.990  108.4  3.803  5.420   61.2   73.2
R -159.5    nan  111.4 -179.0  -22.3    nan  1.046    nan  3.827  5.257   44.8   57.6
