Id   phi    psi    tau  omega    chi    chi2  solid    eta  CA-CA  CB-CB  BA^AB  NA^AC
V    nan  164.0  105.9    nan  -34.7   88.2  0.992    nan    nan    nan    nan    nan
V -143.8  159.3  110.3 -177.0  152.3  -84.0  0.998  145.8  3.778  5.456 -155.9 -157.0
S  -76.1  145.4  111.1  179.5 -178.8    nan  1.003   90.0  3.795  5.481  -93.0  -96.3
L -128.3   16.8  105.2  177.7  -56.6    nan  0.979   57.8  3.778  5.682 -164.7 -164.9
A  -51.1  119.9  112.7 -178.8    nan    nan  1.036   87.0  3.770  5.918  137.8  149.5
G   82.0   -5.8  117.0  180.0    nan    nan    nan  100.7  3.788    nan    nan    5.2
R  -69.2  163.9  112.8 -179.0  -63.6    nan  1.054   76.0  3.847    nan    nan  111.6
D -109.5  160.4  103.1  177.4  -63.4    nan  0.901  112.7  3.786  5.405 -116.7 -127.5
L -133.4   81.8  105.9  177.7  173.8    nan  1.001   95.7  3.782  5.547 -160.5 -152.1
L  -95.8  -40.1  110.5  179.3  -74.4    nan  1.016   72.4  3.840  6.152  168.2  165.4
C -157.8  136.5  109.0 -178.7  177.2    nan  0.988  139.1  3.794  4.630  -25.9  -11.8
L  -69.1  -10.9  116.3  179.3 -100.0    nan  1.080  105.8  3.824  5.693 -109.3 -115.9
Q  -69.6  -12.4  109.2  178.3  176.8    nan  0.999  105.9  3.801  5.717   95.1  104.0
D  -84.2  -12.4  109.6  178.2  -52.6    nan  0.985   91.6  3.833  5.604   74.8   87.9
Y  -97.3  145.5  114.0 -176.8  -77.9    nan  1.065  109.5  3.775  5.244   58.2   80.5
T  -85.0  166.6  106.5  176.8   63.3  -56.3  0.959   88.9  3.779  5.595 -111.4 -125.2
A  -63.6  -33.2  108.2  179.3    nan    nan  1.003  102.7  3.806  5.289  -74.4  -76.0
E  -67.8  -38.2  111.0 -179.3 -171.0    nan  1.066   95.2  3.789  5.405   68.4   86.1
E  -68.5  -42.2  108.9  179.5  -63.0    nan  1.042   93.9  3.762  5.349   66.0   79.9
I  -68.2  -29.5  109.2  179.9  121.5   -8.7  1.183   99.9  3.779  5.414   49.3   76.7
W  -72.2  -34.4  110.7  176.8  -92.7    nan  1.040   93.6  3.820  5.758   75.6   82.7
T  -57.9  -45.9  107.5  178.9  -68.2  172.7  0.974  100.8  3.808  5.493   86.7   92.4
I  -67.8  -37.8  112.8 -179.0  121.2   -4.1  1.244   94.6  3.751  5.180   41.3   75.2
L  -67.3  -35.7  112.6 -179.8  -62.7    nan  1.059   96.1  3.837  5.724   76.9   83.4
E  -70.2  -47.0  109.6 -179.9  -71.5    nan  1.037   90.0  3.799  5.327   66.7   81.5
T  -61.1  -34.0  109.6  178.0  -55.9 -176.7  0.982  103.7  3.767  5.262   67.9   77.4
A  -68.5  -42.5  110.9  179.2    nan    nan  1.020   92.6  3.768  5.239   67.3   83.7
K  -60.0  -43.5  108.4  179.5  166.4    nan  0.994  100.1  3.813  5.321   72.8   83.7
M  -58.1  -53.0  109.9  178.6 -179.8    nan  1.016   95.0  3.792  5.257   71.2   83.3
F  -60.8  -31.7  111.8 -179.9  -79.1    nan  1.026  104.2  3.790  5.199   61.8   74.4
K  -68.3  -43.2  109.0 -179.7 -166.8    nan  1.028   93.6  3.812  5.416   72.0   86.7
I  -64.2  -48.9  109.9  177.8  -71.2  170.4  1.083   93.2  3.795  5.335   60.3   77.9
W  -44.9  -55.1  105.4  177.1  -90.6    nan  0.894  104.6  3.864  5.560   95.3   89.2
Q  -58.7  -36.5  115.8 -178.3 -167.0    nan  1.104  101.3  3.832  4.952   56.6   75.2
K  -72.8  -27.9  113.3 -179.2  -59.4    nan  1.094   94.9  3.795  5.379   62.2   80.9
I  -94.1   -3.3  111.4 -179.9   61.1  -60.1  1.076   84.7  3.822  5.386   47.6   66.3
G   80.3   27.9  115.1  178.0    nan    nan    nan   87.3  3.760    nan    nan -111.3
K  -94.9  120.1  110.8  178.8  176.2    nan  1.016  110.4  3.770    nan    nan  116.1
P  -62.7  157.4  110.2 -180.0  -25.7    nan  0.896   72.2  3.859  5.667 -107.4 -128.1
H -162.6   58.7  109.2  179.3   44.5    nan  1.032   65.7  3.786  5.470  164.5  172.1
R  -74.7   63.5  108.8 -180.0  -59.2    nan  0.990  113.3  3.821  6.178  165.6  164.0
L  -70.5  -12.2  117.3 -177.2  -57.8    nan  1.123  103.6  3.782  6.107  165.6  177.9
L -123.1   47.7  113.5 -176.8  -57.6    nan  1.028   83.1  3.853  5.272   38.6   55.7
E  -56.6  136.2  111.1 -180.0  -64.9    nan  1.013   79.1  3.783  6.098  172.4  171.0
G   71.4    0.1  116.7  177.4    nan    nan    nan  108.5  3.773    nan    nan   11.5
K  -82.4  147.2  106.5  178.9 -109.7    nan  0.967   92.3  3.783    nan    nan  101.0
T -127.6  143.7  109.8 -178.6   36.4  -83.5  0.986  130.6  3.861  5.746 -157.7 -159.2
L -126.6  119.0  106.0 -178.0 -177.3    nan  0.922  118.9  3.816  5.611 -155.2 -165.7
A  -92.5  120.1  106.5  179.6    nan    nan  0.966  105.5  3.834  5.976 -153.3 -155.8
M -101.6  117.9  107.9  179.1  -44.0    nan  0.972  111.1  3.808  5.891 -157.8 -164.2
I -105.0  116.5  108.0 -179.4  -65.2  174.0  1.000  112.5  3.812  5.923 -166.7 -168.3
F -112.1  109.7  111.0 -179.6  -73.2    nan  1.043  116.0  3.796  5.926 -175.3 -175.8
Q  -89.2   -3.6  110.2  179.2 -173.5    nan  1.047   89.6  3.752  5.907 -155.9 -163.7
K -165.0  123.9  102.3  179.5  171.8    nan  0.915  125.8  3.802  5.008    3.3   12.7
P  -44.2  158.8  118.0 -179.6  -36.9    nan  1.059   56.6  3.844  5.637  -98.0 -101.5
S  178.5   91.9  108.9  179.1 -176.9    nan  1.027   91.4  3.819  5.484  158.6  149.7
T  -61.4  -48.1  115.0 -179.7  -65.6  174.9  1.117   92.5  3.774  6.037 -147.2 -151.4
R  -54.6  -38.9  110.7 -179.3  -53.5    nan  1.055  105.7  3.803  5.438   75.2   86.1
T  -76.7  -41.6  110.4 -179.7  -66.6  173.6  1.022   86.9  3.785  5.301   58.1   72.6
R  -62.4  -46.1  112.7 -179.7 -165.1    nan  1.067   94.3  3.765  5.282   67.8   83.9
V  -77.9  -28.4  113.7 -179.4   -6.7  120.9  1.224   89.9  3.766  5.208   35.0   67.2
S  -69.7  -39.5  110.3  178.3   68.6    nan  1.090   93.5  3.782  5.694   77.0   87.9
F  -72.4  -38.4  110.7  178.2  -91.1    nan  1.052   91.6  3.845  5.507   59.9   74.5
E  -69.6  -37.4  112.5 -178.8 -167.5    nan  1.062   93.4  3.776  5.279   64.2   80.9
V  -73.9  -39.1  107.4  178.9  171.4  -67.3  1.020   92.0  3.786  5.341   59.3   75.0
A  -57.0  -41.8  111.6  179.9    nan    nan  1.055  101.6  3.815  5.464   75.4   90.0
M  -73.2  -32.5  110.9 -178.7  -88.4    nan  1.051   93.5  3.808  5.292   57.5   74.2
A  -66.5  -42.6  107.8 -180.0    nan    nan  1.005   95.9  3.772  5.407   76.2   87.2
H  -59.9  -32.0  111.3  179.6  -75.4    nan  1.050  105.0  3.788  5.339   69.8   83.8
L  -89.9    3.6  112.6 -178.9  -61.2    nan  1.082   91.5  3.793  5.197   45.9   67.9
G   80.2   13.3  113.8  178.3    nan    nan    nan   94.3  3.784    nan    nan -104.1
G -102.8 -161.8  108.6 -179.9    nan    nan    nan   96.5  3.766    nan    nan   96.3
H -142.9  125.3  113.8  180.0  177.2    nan  1.050  131.3  3.795    nan    nan -115.4
A  -99.7  131.8  107.4  179.2    nan    nan  0.987  109.3  3.826  5.888 -149.7 -159.2
L -102.2  137.7  102.8  178.5  -44.7    nan  0.935  107.6  3.817  5.869 -147.5 -153.0
Y -100.5  107.7  113.2 -178.9  167.4    nan  1.029  115.1  3.839  5.793 -143.4 -138.7
L  -97.2  120.5  109.6  178.8  -63.2    nan  1.043  110.5  3.876  6.074 -169.9 -173.6
N  -93.6 -179.8  112.6 -177.0 -155.7    nan  1.007   93.5  3.795  5.829 -141.6 -154.4
A  -75.2  -17.2  110.7  178.9    nan    nan  1.041   98.2  3.790  5.076  -76.5  -71.2
Q  -87.7   -5.5  109.9  178.2  -64.5    nan  1.027   90.5  3.814  5.505   63.0   80.5
D -120.1  -37.5  107.5 -179.3  -46.0    nan  0.965   56.3  3.806  5.320   45.2   60.4
L -136.3   84.1  122.0 -177.4 -148.9    nan  1.242  106.8  3.759  4.613  -17.3   18.9
Q  -72.5  158.0   96.1  167.0   33.0    nan  0.853   76.1  3.773  6.036 -145.3  168.4
L  -93.6  -67.9  112.8 -179.5  -71.1    nan  1.085   67.6  3.772  5.739 -127.8 -107.7
R  -82.1   29.2  115.8 -177.9  -42.7    nan  1.071  109.2  3.759  4.701   26.4   44.3
R -100.4  -69.8  116.6 -178.1  177.1    nan  1.154   61.6  3.815  5.780   91.7  116.4
G  -86.0   -2.4  115.5 -179.3    nan    nan    nan   93.0  3.807    nan    nan   39.7
E -170.7  148.5  110.1 -179.2 -172.5    nan  1.025  150.5  3.805    nan    nan    9.0
T  -62.0  132.9  111.1 -179.7 -177.1   61.5  1.068   85.0  3.833  5.613  -90.0  -95.4
I  -45.0  -31.2  113.2  179.9 -105.6  131.6  1.090  117.5  3.833  5.657  -83.3  -97.3
A  -65.9  -41.4  110.0  179.2    nan    nan  1.023   95.8  3.814  5.500   77.6   89.0
D  -67.8  -41.7  114.4  179.2  -74.5    nan  1.084   91.6  3.785  5.243   60.3   78.4
T  -67.2  -35.8  109.0 -179.5   99.8  -22.5  1.086   98.0  3.795  5.415   62.3   79.7
A  -62.4  -43.7  108.9  178.7    nan    nan  0.996   97.8  3.809  5.481   79.4   86.4
R  -62.2  -48.2  112.7 -179.1 -112.8    nan  1.056   93.2  3.771  5.240   65.3   82.3
V  -68.7  -44.5  112.5 -178.5   65.9 -172.8  1.082   90.5  3.781  5.195   54.7   73.5
L  -58.9  -42.1  108.1  179.1 -121.2    nan  0.981  101.9  3.791  5.338   75.6   82.8
S  -69.4    1.6  114.3 -179.2   56.4    nan  1.129  111.3  3.760  5.243   52.3   77.9
R  -96.9  -15.4  108.5  176.5  -72.7    nan  1.006   78.5  3.790  5.713   77.8   87.6
Y -107.5  -45.6  116.1 -179.0  -55.9    nan  1.058   59.3  3.809  5.275   45.7   66.4
V -101.4  171.3  115.2 -175.0  -55.6   64.6  1.074  105.0  3.795  4.816   26.4   49.2
D  -99.9  -16.6  116.6 -179.6  -58.2    nan  1.138   73.1  3.794  5.379 -113.9 -102.2
A -162.5  155.4  105.5  178.4    nan    nan  0.978  154.2  3.818  4.949   -6.2    3.8
I -123.4  141.1  107.8  179.9  -57.7 -176.3  0.971  126.1  3.795  5.671 -145.7 -146.0
M -127.8  122.3  101.0  177.5  171.4    nan  0.933  117.1  3.763  5.683 -166.8 -170.2
A -117.3  138.6  113.5 -179.2    nan    nan  1.070  125.3  3.809  5.893 -177.5 -172.1
R -116.8  101.2  101.1  177.6 -158.0    nan  0.913  104.8  3.809  5.731 -150.3 -165.4
V -132.8  156.6  114.1 -177.8   61.2 -176.4  1.064  137.9  3.788  5.813  144.5  151.8
Y  -67.0  -68.3  109.9  179.4  -61.0    nan  0.998   81.6  3.842  5.447  -80.5  -92.6
D  -75.7  109.9  114.9 -177.4 -153.1    nan  1.074  107.5  3.761  4.671   29.4   49.3
H  -51.5  -24.0  113.3  179.5 -168.0    nan  1.046  116.3  3.774  5.838 -111.1 -128.5
K  -69.3  -23.8  111.1 -178.6  179.7    nan  1.057  100.8  3.781  5.444   77.0   94.7
D  -70.5  -49.0  110.0  178.6  -71.0    nan  1.016   88.6  3.803  5.527   76.8   90.5
V  -62.4  -30.6  108.3  178.7   73.1 -164.5  1.037  104.9  3.774  5.267   60.9   74.7
E  -71.2  -37.1  111.6  178.2  -71.5    nan  1.059   92.7  3.789  5.450   68.7   83.5
D  -71.5  -38.8  108.6  179.7  -82.0    nan  1.015   93.2  3.807  5.388   66.0   78.2
L  -57.9  -44.1  109.5  179.8 -140.9    nan  1.008  100.6  3.775  5.297   77.5   88.7
A  -67.8  -34.6  114.0 -179.7    nan    nan  1.065   95.5  3.801  5.219   57.7   76.5
K  -66.3  -29.6  114.5 -178.1  179.2    nan  1.103   99.3  3.800  5.358   69.7   89.0
Y -108.5   -0.3  112.8 -178.8  -59.2    nan  1.036   71.4  3.792  5.113   33.9   52.8
A  -56.5  -58.3  125.7 -176.9    nan    nan  1.274   82.8  3.790  5.680  101.4  132.1
T   79.1  -20.0  111.8 -177.3  -77.7  161.8  1.030  107.6  3.869  5.306 -144.5 -154.8
V -126.5  145.2  105.5 -177.6  121.1 -110.2  0.939  127.7  3.827  4.926   28.0   40.1
P  -52.3  140.1  113.1 -179.5  -29.8    nan  0.959   74.3  3.845  5.507  -80.7  -87.6
V -120.6  129.6  107.1  178.3  172.3  -66.8  1.017  121.3  3.793  5.832 -168.0 -163.8
I -113.2  139.5  107.9 -179.7  -62.2  177.2  1.010  118.9  3.808  5.860 -158.8 -165.8
N -100.3  105.2  108.3 -179.6  167.9    nan  0.992  110.1  3.830  5.792 -135.8 -142.3
G  -81.7  -13.8  112.7 -178.7    nan    nan    nan   92.8  3.789    nan    nan -157.8
L  165.0  124.0  110.9  177.8 -136.6    nan  1.040  117.6  3.819    nan    nan  -30.8
S -133.3 -179.4  102.8  177.6   69.4    nan  0.930  133.2  3.818  5.832  178.0  163.8
D  -80.8  -15.0  112.1  179.4   55.3    nan  1.121   93.4  3.775  5.326  -90.8  -74.0
F  -91.3  -35.8  112.5 -179.4 -176.3    nan  1.052   76.0  3.793  5.522   65.0   81.8
S -158.1  165.1  114.0 -176.3   76.1    nan  1.014  159.4  3.751  4.490  -20.2   -4.8
H -142.9   76.7  108.1  178.7 -165.0    nan  0.980   89.9  3.827  5.512 -157.6 -159.4
P  -59.0  -43.0  115.2 -178.9  -14.4    nan  0.992   97.4  3.878  6.081 -158.1 -162.2
C  -59.8  -27.5  112.5 -177.6  -66.9    nan  1.134  107.0  3.745  5.207   59.2   88.0
Q  -76.6  -41.5  111.1 -179.0 -177.7    nan  1.063   86.6  3.785  5.527   68.4   84.1
A  -59.5  -43.5  111.1  179.1    nan    nan  1.042   98.9  3.784  5.373   73.8   85.5
L  -57.7  -48.0  108.0  179.1  -67.9    nan  1.001   99.4  3.830  5.340   73.2   84.4
A  -62.5  -48.6  109.3  178.9    nan    nan  1.017   94.9  3.817  5.282   61.4   75.4
D  -55.0  -56.4  112.7  179.7  -62.5    nan  1.054   93.2  3.810  5.254   69.4   83.5
Y  -66.8  -23.9  112.5 -179.7  -74.9    nan  1.127  102.6  3.800  5.164   44.3   67.1
M  -66.3  -47.0  105.6  176.7 -173.0    nan  0.966   95.3  3.765  5.692   89.0   92.3
T  -58.7  -49.9  112.4 -179.7  -48.7 -166.8  1.045   94.9  3.795  5.185   67.9   80.9
I  -56.2  -44.3  109.3  179.0  -65.0  170.9  1.024  101.9  3.787  5.256   69.7   80.7
W  -59.6  -44.3  111.2  180.0  177.7    nan  1.033   98.3  3.840  5.305   69.7   82.8
E  -61.3  -60.3  111.6  178.3  -71.5    nan  1.006   87.5  3.796  5.355   71.1   80.7
K  -62.5  -57.6  114.8 -177.2  -49.7    nan  1.073   86.2  3.824  4.934   52.9   69.3
K  -76.2  -16.7  116.2 -178.6 -116.8    nan  1.077   96.1  3.810  4.957   40.7   59.3
G   85.2  -12.5  116.1 -179.1    nan    nan    nan  100.2  3.797    nan    nan -117.0
T -166.4  165.1  110.4  179.4  176.4   56.5  1.022  163.8  3.833    nan    nan    4.0
I -110.2  -26.0  110.6  179.3  -64.2  176.2  1.022   62.9  3.769  5.419 -125.0 -122.4
K  -40.8  -94.8  119.2 -176.9 -142.4    nan  1.164   67.6  3.807  5.554  101.5  121.2
G  -79.9   39.2  115.5 -178.0    nan    nan    nan  113.8  3.746    nan    nan   24.7
V -100.6  131.4  111.0  179.8   -4.5  121.9  1.163  112.7  3.781    nan    nan  122.4
K  -88.6  105.2  108.0 -179.3 -171.2    nan  0.994  106.9  3.796  5.809 -120.4 -141.2
V -108.0  128.9  104.1  179.1   -3.6  121.6  1.003  112.0  3.750  6.025  175.9  174.1
V -123.0  130.5  112.4 -179.6   -7.9  116.7  1.116  126.6  3.757  5.893 -177.8 -171.7
Y -101.2  128.8  110.3  179.3  173.9    nan  1.019  112.8  3.790  5.828 -141.3 -154.5
V -122.3  123.1  112.2 -179.2  -56.3   65.3  1.102  124.0  3.827  5.873 -177.6 -173.5
G  131.1  176.4  107.8  179.8    nan    nan    nan  129.9  3.779    nan    nan   59.7
D  -36.3  131.7  114.4  179.9 -178.8    nan  1.058   69.4  3.837    nan    nan  -38.3
G  -84.5   98.9  110.1  179.6    nan    nan    nan  108.9  3.817    nan    nan -136.4
N -118.4 -161.2  111.9 -176.7   44.7    nan  1.010  110.1  3.782    nan    nan  160.8
N  -57.2  -49.0  114.0 -179.7   46.9    nan  1.109   95.6  3.797  4.852  -42.5  -29.1
V  -68.1  -29.7  109.6  179.1  -19.4  107.9  1.101   99.7  3.782  5.407   53.8   71.1
A  -63.3  -45.2  106.5  178.1    nan    nan  0.972   97.8  3.775  5.581   87.2   90.6
H  -54.8  -51.1  109.3 -179.7  -70.9    nan  1.017   98.7  3.801  5.317   74.3   85.8
S  -68.2  -25.9  120.8 -178.7 -109.1    nan  1.112   97.3  3.737  5.076   52.9   72.9
L  -70.0  -38.6  106.0  176.6 -113.3    nan  0.935   96.0  3.731  5.441   82.8   88.1
M  -66.6  -54.5  110.8 -179.1  -62.1    nan  1.018   88.0  3.826  5.253   65.3   81.3
I  -56.6  -45.3  114.0 -179.4  -62.0  172.8  1.054   98.3  3.804  5.131   65.0   77.9
A  -76.4  -52.0  113.2 -178.9    nan    nan  1.074   80.9  3.787  5.149   49.8   69.4
G  -56.5  -41.2  113.3 -177.3    nan    nan    nan  101.4  3.785    nan    nan   82.8
T  -70.5  -29.8  108.1 -179.1 -155.1   83.9  1.038   98.3  3.720    nan    nan   76.4
K  -77.2  -30.8  109.6  178.2  -75.9    nan  0.994   91.4  3.863  5.577   65.5   78.1
L  -85.3   -5.5  114.1 -179.4  -68.3    nan  1.091   92.5  3.793  5.170   50.8   72.5
G   98.3    4.2  116.9  178.9    nan    nan    nan   79.8  3.803    nan    nan  -96.4
A  -76.3  157.8  112.1 -180.0    nan    nan  1.063   85.3  3.795    nan    nan  113.4
D  -94.6   96.8  102.7  178.0  -63.3    nan  0.932  103.1  3.801  5.527 -109.4 -119.3
V -100.1  141.3  114.9 -178.1  -22.3  101.7  1.125  113.3  3.774  6.041  168.5 -178.1
V -134.2  140.3  107.5  177.9  -26.2   98.1  1.031  132.3  3.805  5.788 -169.2 -177.2
V -124.6  130.0  106.2  179.4   47.7  167.2  0.982  122.8  3.783  5.725 -159.3 -166.1
A -120.2  124.6  107.3 -179.4    nan    nan  0.975  119.9  3.814  5.805 -165.2 -172.5
T -144.2  156.1  112.8 -179.0   56.6  -61.5  0.986  146.4  3.776  5.717  165.2  159.8
P  -57.6  144.8  106.7  179.1   23.8    nan  0.914   72.7  3.786  5.143  -75.6  -84.2
E  -31.4  -49.7  122.3 -177.7  -88.4    nan  1.251  109.9  3.831  5.598  -75.5  -68.0
G  -93.3    6.7  114.2  179.6    nan    nan    nan   89.5  3.806    nan    nan   51.3
Y -121.6   61.1  115.6 -176.9  -51.9    nan  1.088   94.0  3.818    nan    nan   74.2
E -110.1  156.9  110.6  179.0   52.7    nan  1.084  116.5  3.803  5.966  123.7  130.0
P  -53.1  153.0  115.2 -179.6   28.0    nan  0.997   67.6  3.845  5.264  -64.1  -76.1
D  -49.6  138.7  107.5  179.0 -167.4    nan  0.971   70.3  3.810  5.339  -71.5  -83.0
E  -61.8  -34.8  113.7 -178.3 -130.4    nan  1.088  100.7  3.817  5.728 -101.8 -104.0
K  -59.6  -46.5  111.0  179.5  173.3    nan  1.036   97.2  3.787  5.440   80.1   92.2
V  -72.9  -26.9  110.7 -179.8  -18.1  109.5  1.142   96.3  3.793  5.281   43.6   69.4
I  -68.1  -40.3  107.8  177.9  -66.0  173.3  1.020   95.8  3.803  5.719   82.6   89.1
K  -63.3  -48.0  106.9  177.8  176.2    nan  0.990   96.2  3.793  5.328   71.0   80.2
W  -50.6  -57.2  110.1  177.6  -77.0    nan  0.985   96.9  3.824  5.312   76.9   85.1
A  -48.7  -35.8  113.8 -179.8    nan    nan  1.081  110.9  3.797  5.056   66.1   82.2
E  -77.2  -42.0  113.2 -179.1  -65.1    nan  1.125   84.7  3.793  5.268   52.4   77.0
Q  -65.4  -44.7  107.7  177.5  -50.3    nan  0.987   95.8  3.780  5.483   70.8   78.0
N  -56.1  -44.5  110.3 -179.8  -72.4    nan  0.989  101.3  3.829  5.340   77.9   85.4
A  -59.3  -38.5  114.9 -177.7    nan    nan  1.108  100.0  3.774  5.106   66.6   86.0
A  -53.8  -45.9  110.8  178.7    nan    nan  1.031  101.8  3.811  5.490   84.9   93.8
E  -71.8  -29.9  116.4 -179.2  -70.4    nan  1.093   93.4  3.757  5.093   52.8   72.5
S -107.8   26.9  111.3 -179.0   53.3    nan  1.073   83.3  3.698  4.967   28.8   54.4
G   38.8   42.9  112.0  179.5    nan    nan    nan  114.3  3.778    nan    nan -119.4
G -106.0 -127.0  100.5 -178.1    nan    nan    nan   91.5  3.806    nan    nan  118.1
S  165.6  164.3  103.5 -179.8   73.6    nan  0.935  156.5  3.768    nan    nan -138.0
F -145.0  157.2  101.1  178.8  169.7    nan  0.913  142.9  3.690  5.335 -157.9 -162.2
E -167.7  119.6  109.4 -178.0 -170.5    nan  0.983  123.0  3.764  5.385  171.3  168.9
L  -89.9  147.1  104.8  178.1 -132.1    nan  0.959   97.8  3.776  5.937 -146.6 -155.9
L -148.7  175.0  106.4  179.2  -71.1    nan  0.986  149.7  3.807  5.660  179.3  176.4
H -138.9   16.3  110.8  179.3  -64.1    nan  1.041   48.9  3.780  5.375 -147.4 -139.7
D -132.8  103.8  107.7  179.1 -179.6    nan  1.009  112.2  3.755  5.372   49.9   66.6
P  -50.2  -54.0  115.7 -179.8   23.7    nan  1.030   96.1  3.820  5.838 -119.0 -129.5
V  -56.8  -28.6  114.8 -178.0  -67.6   53.4  1.121  108.3  3.800  5.279   56.5   81.2
K  -76.7  -48.8  106.1  179.0  163.9    nan  0.977   87.1  3.772  5.484   73.4   80.5
A  -53.0  -51.7  112.1 -179.0    nan    nan  1.052   97.9  3.792  5.170   71.3   84.9
V  -71.5   11.5  116.4 -178.5  -49.0   73.8  1.111  113.3  3.777  5.130   47.7   68.8
K  -70.5  124.1  114.7 -178.0 -165.4    nan  1.104   98.0  3.795  5.910  114.3  128.2
D   58.5   31.7  112.7  179.2  -75.3    nan  1.039  105.8  3.814  4.835   19.0  -12.4
A  -77.2  146.7  113.8 -178.6    nan    nan  1.083   91.8  3.797  5.950  124.8  138.8
D  -87.1  -40.3  111.0  179.0  -71.9    nan  1.027   78.8  3.795  5.567 -114.2 -123.9
V -136.6  136.9  106.9  178.7    3.8  127.1  1.033  131.9  3.795  4.888  -11.8    9.2
I -116.8  128.0  101.2  178.1  -70.5  168.0  0.961  114.5  3.816  5.941 -154.8 -163.9
Y -122.0  144.7  110.0 -176.4 -164.0    nan  0.969  126.8  3.774  5.808 -164.7 -171.9
T -148.5  171.6  109.7  176.0 -176.6   61.8  1.102  150.4  3.790  5.681  164.9  172.3
D -152.6  171.6  105.4 -179.6 -176.2    nan  0.968  153.7  3.793  5.417 -153.1 -159.9
V  -57.1  158.3  109.7  179.1  112.9 -119.7  1.012   66.4  3.821  5.154  -63.5  -64.6
W -117.2  161.8  122.1 -179.2   51.6    nan  1.303  125.6  3.814  5.714 -157.5 -129.5
A  -23.9  163.4  125.3 -175.8    nan    nan  1.274   36.0  3.836  4.933  -28.9  -46.8
S   50.2   35.3  110.5 -178.4 -157.7    nan  1.071  111.5  3.813  4.669   52.9   22.3
M  -42.9  113.8  112.3 -179.5  -82.1    nan  1.085   86.6  3.850  6.224  168.3  173.3
G  107.5    1.9  107.9 -177.4    nan    nan    nan   72.0  3.813    nan    nan   28.0
Q  -53.6  -55.5  114.2 -179.7   45.5    nan  1.041   93.7  3.846    nan    nan  131.9
E   62.2 -170.7  109.8 -179.1  -60.1    nan  1.052   65.7  3.810  5.340 -174.9 -170.3
A  -56.9  -31.9  108.8  179.9    nan    nan  1.026  108.7  3.816  4.975  -42.6  -42.2
E  -82.2   68.1  106.8  178.9  -26.8    nan  1.007  108.5  3.845  5.396   55.2   70.8
A  107.1   51.1  111.0 -179.7    nan    nan  1.133   63.2  3.838  5.315   -6.7  -13.3
E  -89.9   16.3  104.7  176.9   52.8    nan  0.949   94.2  3.823  6.208  148.1  138.1
E  -45.4  -30.9  112.4 -179.7  173.1    nan  1.051  117.6  3.822  6.020  140.2  153.7
R  -50.3  -25.9  110.1  178.5  -88.7    nan  1.031  117.4  3.803  5.542   92.5  103.2
R  -60.1  -65.0  113.2 -180.0 -164.3    nan  1.099   84.4  3.805  5.550   81.8  100.3
K  -53.9  -48.5  114.2 -178.7  -66.5    nan  1.104   98.1  3.826  5.214   57.3   72.4
I  -69.8  -50.8  115.0 -179.6  169.3   45.5  1.147   84.9  3.776  5.187   50.1   72.3
F  -76.2  -32.9  114.8 -179.3  -74.6    nan  1.083   88.8  3.853  5.277   48.4   64.6
R  -38.2  -45.1  115.1 -178.2 -132.6    nan  1.111  111.7  3.814  5.583  104.3  116.6
P  -58.7  -28.5  113.2  179.9  -23.9    nan  0.944  107.2  3.829  5.326   80.4   85.2
F  -78.9  -11.7  115.7 -179.0  -72.9    nan  1.100   95.9  3.785  5.138   52.2   82.1
Q  -48.7  122.1  113.8 -179.2  162.7    nan  1.078   84.6  3.798  5.799  114.5  125.3
V  -71.1  115.1  106.9  178.4 -169.3  -46.2  0.994   96.4  3.774  5.787 -119.0 -136.2
N -143.8  179.0  111.3  179.2   55.4    nan  1.076  144.1  3.797  5.764  149.4  148.7
K  -46.1  -42.6  114.5 -178.4  -60.7    nan  1.076  107.9  3.817  5.002  -38.9  -43.1
D  -71.3  -51.7  113.0 -179.3  -69.0    nan  1.111   84.8  3.771  5.201   54.5   76.1
L  -53.5  -56.0  109.8  180.0  171.8    nan  1.012   96.1  3.821  5.405   75.1   82.6
V  -48.7  -33.8  113.0 -179.4  152.8  -83.9  1.048  112.7  3.779  5.088   70.7   83.3
K  -55.5  -18.1  114.6 -178.1 -147.3    nan  1.094  115.6  3.775  5.359   80.9   99.4
H  -85.5  -17.5  112.9 -179.8  -59.1    nan  1.065   87.6  3.808  5.482   64.3   84.5
A  -78.4  175.9  111.6 -178.9    nan    nan  1.042   79.9  3.828  5.533   74.0   91.3
K  -65.4  156.6  110.4  178.8  -76.9    nan  1.034   75.1  3.803  5.207  -66.0  -66.7
P  -60.3  -36.4  110.7  180.0  -18.7    nan  0.927  102.5  3.820  5.262  -71.4  -83.8
D -100.0   44.1  110.6 -178.5   55.7    nan  1.024   96.7  3.790  4.914   25.2   53.0
Y  -81.0  160.6  108.3 -179.6   85.9    nan  1.018   87.5  3.793  6.077  135.6  145.2
M -113.4  133.8  107.5  179.8  -75.6    nan  0.939  118.3  3.831  5.585 -125.3 -131.8
F -100.8  127.2  108.0  177.3  172.1    nan  1.010  110.8  3.759  5.761 -150.8 -149.0
M -124.5  151.5  110.7 -179.6  -60.4    nan  1.034  129.5  3.792  5.777 -175.1 -178.5
H -159.1  139.0  101.3  179.0 -176.7    nan  0.914  138.7  3.787  5.488  177.6  167.7
C  -83.5    3.2  115.0 -177.8   56.6    nan  1.060   97.9  3.822  5.802 -125.8 -120.3
L   58.7  154.8  108.4 -177.5  -66.1    nan  0.976   54.2  3.792  5.443 -116.3 -119.4
P  -71.6  151.9  112.6   -0.9    6.0    nan  0.955   83.8  2.965  4.755   81.6   51.9
A -100.2  149.3  106.6  180.0    nan    nan  0.986  107.2  3.799  5.697 -133.4 -128.6
H -117.7   76.4  101.0  177.3  -77.1    nan  0.934   93.2  3.763  5.651 -146.6 -152.1
R  -51.0  119.9  106.4 -179.3  -55.1    nan  0.992   82.9  3.753  6.086 -152.9 -154.7
G  120.3  -34.0  110.4 -178.9    nan    nan    nan   75.6  3.774    nan    nan   47.6
E  -92.0  -98.3  112.4  179.6  -63.5    nan  1.080   68.2  3.795    nan    nan   62.5
E  -63.8  -23.4  113.8 -178.8   74.4    nan  1.061  105.1  3.798  4.720   18.1   32.6
V -147.5  155.6  108.1 -179.3   69.1 -167.4  1.023  146.8  3.786  4.863   -2.4   15.8
T -110.5  160.9  111.1 -179.9   57.5  -62.0  1.033  116.1  3.803  5.683 -133.2 -132.9
D  -48.3  -46.1  112.4  179.4  -72.0    nan  1.047  104.9  3.821  5.241  -60.1  -68.5
D  -52.6  -35.7  114.5 -179.6  -56.9    nan  1.061  107.5  3.815  5.320   77.4   89.6
V  -82.9  -61.1  114.2 -179.3 -174.4  -54.8  1.125   72.7  3.790  5.188   47.6   71.9
I  -53.7  -27.8  111.6 -179.5   15.8 -115.0  0.997  112.7  3.852  5.406   73.3   75.0
D -103.0    0.3  114.2 -179.3  -61.5    nan  1.118   77.1  3.740  4.912   34.5   59.6
S  -71.3  152.5  105.9  178.6   76.8    nan  0.946   80.6  3.790  5.874  107.6  111.4
P  -64.2    3.6  113.1  179.6   25.6    nan  0.983  117.2  3.802  5.381  -88.5  -90.7
N  -93.7  -14.2  107.0  179.3  -72.2    nan  0.997   82.3  3.793  5.614   71.2   94.1
S  -69.3  144.4  109.2  179.1 -165.5    nan  1.028   83.8  3.784  5.596   84.4  100.4
V -137.9   16.4  109.1 -176.3  117.7 -112.6  0.979   49.4  3.791  5.551 -165.9 -175.1
V  -55.5  -28.3  117.9 -177.3  -72.2   49.0  1.141  108.4  3.832  6.056  122.4  147.3
W  -86.6  -36.1  116.0 -178.2  -71.7    nan  1.224   77.9  3.783  5.234   48.0   77.5
D  -66.6  -39.1  104.3  176.2  -70.9    nan  0.924   99.5  3.776  5.605   81.3   80.7
Q  -63.3  -39.9  108.5  179.5 -178.0    nan  0.990   99.4  3.774  5.161   67.3   82.0
A  -67.6  -44.2  108.7  179.8    nan    nan  1.003   93.8  3.806  5.329   63.4   78.9
E  -57.4  -42.6  112.7  179.9  176.3    nan  1.062  100.2  3.776  5.288   70.9   85.5
N  -62.5   -3.1  115.4 -178.9  -68.9    nan  1.136  116.1  3.808  5.294   64.7   84.8
R  -72.7  -34.7  105.1  176.5  -83.9    nan  0.965   95.9  3.753  5.763  100.0  105.3
L  -67.2  -55.1  110.3  179.1  175.5    nan  1.049   87.6  3.788  5.358   64.0   83.0
H  -60.7  -48.7  114.3 -178.9  -48.4    nan  1.108   93.1  3.818  5.164   55.3   74.1
A  -58.6  -44.7  112.7  178.6    nan    nan  1.047   98.0  3.809  5.319   68.9   80.5
Q  -73.8  -25.7  110.6 -179.4  -57.8    nan  1.030   96.1  3.826  5.209   54.2   70.7
K  -66.9  -37.5  105.4  178.8 -159.7    nan  0.998   99.3  3.749  5.452   76.9   91.4
A  -70.6  -40.1  113.9  178.8    nan    nan  1.073   90.4  3.825  5.365   58.4   78.1
V  -68.3  -35.3  112.1 -178.9  -19.1  108.2  1.198   95.7  3.828  5.460   54.3   81.4
L  -67.1  -46.9  109.4  178.8  -65.3    nan  0.993   92.5  3.810  5.657   81.9   83.6
A  -62.3  -42.6  109.0 -178.4    nan    nan  1.025   98.5  3.782  5.170   63.7   79.0
L  -67.4  -47.5  113.6 -179.1 -111.0    nan  1.057   89.3  3.780  5.225   60.9   78.6
V  -84.6  -13.5  115.6 -178.5  -44.7   81.1  1.119   89.4  3.827  5.199   35.8   60.8
M -111.6  -34.8  110.4  177.6  -64.4    nan  1.010   60.8  3.814  5.404   49.3   61.4
G  -64.7  -40.3  112.5 -178.4    nan    nan    nan   95.9  3.769    nan    nan   88.8
G  -75.0   79.7  105.9  178.2    nan    nan    nan  107.8  3.777    nan    nan   70.2
I  -97.7  150.0  110.4 -178.6   38.8  -86.0  1.047  106.8  3.776    nan    nan  164.0
K -163.2    nan  114.5  179.1   43.4    nan  1.142    nan  3.810  5.536  163.9  162.6
