Id   phi    psi    tau  omega    chi    chi2  solid    eta  CA-CA  CB-CB  BA^AB  NA^AC
M    nan -158.6  111.0    nan -137.4    nan  1.022    nan    nan    nan    nan    nan
Q   77.2  106.6  110.3  180.0 -155.5    nan  1.055   67.2  3.786  4.751  101.5   98.8
K   82.2   68.5  109.3  179.9 -128.0    nan  1.072   75.3  3.785  4.899   18.0   -4.6
G  -58.5  -25.0  111.0  180.0    nan    nan    nan  110.1  3.785    nan    nan -171.4
N  -57.3  -20.3  109.3 -180.0 -140.4    nan  0.999  114.3  3.785    nan    nan  102.8
F  -61.0  -15.5  111.1  180.0  166.8    nan  0.982  112.6  3.784  5.505   93.4  103.9
R  -61.7  -12.5  110.3 -180.0   66.0    nan  1.029  113.4  3.784  5.591   91.0  107.8
N  -57.2  -20.8  109.3  179.9   59.2    nan  1.000  114.1  3.785  5.726  105.8  114.4
Q  -60.9  -13.1  110.3 -180.0  -72.1    nan  1.055  113.9  3.785  5.536   87.8  103.3
R  -71.3   -5.1  110.3 -179.9   71.3    nan  1.030  106.9  3.785  5.659   87.0  100.9
K -126.2   38.1  109.3  180.0  177.7    nan  1.072   72.5  3.787  5.175   30.9   54.4
T   36.0   48.2  110.4  180.0 -159.7   88.2  1.048  112.8  3.785  5.676 -106.8 -110.6
V  -38.0  154.8  109.3  180.0  -73.0   51.0  1.056   51.2  3.784  6.177 -173.6 -171.3
K -104.2  138.4  109.3 -180.0  162.1    nan  1.074  113.4  3.785  5.629 -130.2 -129.3
C  -76.6  112.7  108.3  180.0 -175.9    nan  1.049  101.1  3.786  5.744 -111.4 -121.6
F  -76.0    4.3  111.0  180.0  -84.8    nan  0.980  105.5  3.786  5.892 -131.0 -146.4
N  -97.0  -64.0  109.3 -180.0 -154.7    nan  1.000   69.6  3.785  5.575   72.6   92.4
C  -86.6  -41.3  108.3  180.0   57.7    nan  1.048   80.6  3.786  4.833   18.8   38.9
G  104.7   29.0  111.0 -180.0    nan    nan    nan   67.0  3.785    nan    nan -120.2
K  -98.3 -173.4  109.4  179.9 -135.8    nan  1.073   96.1  3.784    nan    nan  114.0
E -133.2  121.4  110.3 -180.0 -104.7    nan  1.056  125.0  3.785  5.332 -127.6 -119.7
G  137.4  -10.2  111.0 -179.9    nan    nan    nan   47.0  3.785    nan    nan   64.7
H -158.7  156.9  109.5 -180.0   78.4    nan  1.068  154.8  3.785    nan    nan   14.7
I -106.9  162.0  109.3  180.0   73.1  -52.2  1.073  112.0  3.786  5.594 -130.2 -129.5
A  -49.8  -35.7  109.3  180.0    nan    nan  1.039  112.1  3.784  5.263  -59.1  -69.1
K  -59.9  -44.4  109.3 -179.9  -53.9    nan  1.072   99.1  3.785  5.415   71.5   90.1
N  -96.8   12.8  109.3  180.0  -71.2    nan  0.999   87.5  3.785  5.153   31.0   47.1
C  -85.0  135.3  108.3 -180.0 -177.1    nan  1.048   99.1  3.785  5.766   93.6  111.7
R  -74.7  -32.3  110.3  180.0 -128.0    nan  1.030   92.6  3.786  5.730 -110.5 -122.2
A  -59.9  154.0  109.3  180.0    nan    nan  1.040   71.0  3.785  5.405   79.0   93.5
P  -74.9  152.8  111.0  180.0   18.7    nan  1.008   85.8  3.810  5.453  -95.6 -101.7
R  -55.1  107.0  110.3  180.0 -102.8    nan  1.030   96.0  3.786  5.489  -76.6  -85.0
K -134.5 -176.7  109.3  180.0  -97.7    nan  1.073  133.4  3.785  5.801  151.2  148.9
K -144.4   51.8  109.3  179.9  -92.3    nan  1.072   69.4  3.785  5.361 -143.4 -135.9
G  -90.7  118.7  111.1  179.9    nan    nan    nan  108.7  3.785    nan    nan  143.1
C  -55.7  120.4  108.4  180.0  168.5    nan  1.050   86.5  3.784    nan    nan -123.2
W  -83.7   39.5  108.0 -180.0   -8.7    nan  1.050  106.3  3.784  5.918 -138.5 -146.8
K -133.8  -49.1  109.3  180.0 -132.5    nan  1.072   50.7  3.785  5.617   72.6   88.5
C -109.6  -32.1  108.3 -180.0   52.6    nan  1.049   63.8  3.785  4.998    8.0   30.0
G   96.2   22.6  111.1 -179.9    nan    nan    nan   76.3  3.785    nan    nan -119.9
K  -94.4  128.3  109.3 -180.0 -130.0    nan  1.072  107.8  3.785    nan    nan  111.9
E  -87.7  113.1  110.3  180.0   64.8    nan  1.055  107.6  3.785  5.871 -133.1 -142.3
G  149.6  -53.3  111.0  180.0    nan    nan    nan   68.2  3.785    nan    nan   69.7
H  -97.0  179.8  109.6  180.0   74.1    nan  1.068   97.0  3.785    nan    nan   39.5
Q -129.5  164.6  110.3 -180.0   68.8    nan  1.055  133.1  3.785  5.381 -130.2 -124.1
M  -51.3  -46.0  111.0  180.0  -86.4    nan  1.021  103.4  3.786  5.175  -57.1  -67.1
K  -54.9  -33.3  109.3  180.0 -151.5    nan  1.073  109.4  3.786  5.247   68.2   85.8
D -116.8   34.0  109.3 -180.0 -129.9    nan  1.000   77.9  3.786  5.126   19.8   37.6
C  -57.6  110.9  108.3  180.0 -171.7    nan  1.050   93.2  3.784  6.088  148.4  157.4
T  -80.3    4.4  110.4  180.0  179.4   67.4  1.048  101.2  3.784  5.945 -144.0 -152.4
E  -96.8  -70.4  110.3 -180.0 -116.3    nan  1.055   68.7  3.785  5.653   70.5   93.0
R -138.5  171.1  110.2 -180.0  -72.0    nan  1.031  140.9  3.786  4.682  -37.0  -18.2
Q  -54.5  170.8  110.3  179.9  -97.8    nan  1.056   58.1  3.785  5.135  -59.2  -62.2
A -104.3   76.4  109.3 -180.0    nan    nan  1.038  104.6  3.784  5.381 -113.2 -110.1
N   43.3    nan  109.3  180.0   68.5    nan  0.999    nan  3.785  5.365  -48.0  -68.7
