Id   phi    psi    tau  omega    chi    chi2  solid    eta  CA-CA  CB-CB  BA^AB  NA^AC
E    nan  136.7  108.7    nan  -62.0    nan  0.995    nan    nan    nan    nan    nan
Y  -73.1  -75.3  108.1  177.7  -58.9    nan  1.037   77.6  3.709  5.608 -115.7 -122.2
F -166.1  154.4  106.4 -172.5  -39.9    nan  0.973  154.8  3.796  4.712  -61.1  -50.2
T -166.3  144.2  107.4  179.1 -153.2   73.0  1.052  146.1  3.775  5.355  164.4  165.2
L  -95.5  101.8  106.8  173.6  -84.3    nan  1.003  107.5  3.822  5.860 -128.1 -136.0
Q  -71.2  160.8  109.7  177.8 -154.4    nan  1.060   78.5  3.760  5.985 -146.6 -154.5
I -126.7  -70.6  111.1 -173.5  -11.6 -136.0  1.121   61.9  3.768  5.548 -144.7 -143.0
R   88.8   92.4  112.2  176.2 -131.2    nan  1.086   67.7  3.839  5.332 -168.0 -163.2
G  120.4  143.4  108.1  178.8    nan    nan    nan  104.3  3.873    nan    nan   18.6
R  -61.0  -60.3  110.9 -171.8 -144.0    nan  1.100   88.2  3.807    nan    nan  -94.1
E  -46.6  -31.6  112.7  170.8 -133.0    nan  0.981  116.0  3.778  5.193   68.6   74.1
R  -64.5  -43.5  111.5  179.2  -88.7    nan  1.107   94.9  3.752  5.321   67.0   90.7
F  -65.5  -44.0  111.3 -178.7 -162.5    nan  1.064   94.0  3.813  5.449   66.2   80.3
E  -54.5  -48.9  110.8 -179.3 -170.2    nan  1.020   99.4  3.752  5.150   75.6   88.8
K  -47.9  -37.0  112.4  173.2 -113.2    nan  1.039  111.4  3.815  5.278   70.4   84.7
I  -75.5  -27.8  111.3  179.8  -52.6 -172.9  1.082   93.3  3.789  5.273   53.8   75.6
R  -63.0  -42.6  110.5  175.8  -42.8    nan  1.063   97.1  3.807  5.591   78.0   92.1
E  -68.3  -36.7  110.2  175.2 -102.2    nan  1.027   96.0  3.819  5.339   57.5   72.8
Y  -57.9  -26.6  110.7  174.9  119.2    nan  1.179  109.9  3.769  5.425   59.9   88.1
N  -76.4  -31.0  109.1 -178.2  -94.7    nan  1.066   92.1  3.822  5.756   68.1   85.1
E  -60.8  -45.1  110.1  178.4 -128.1    nan  1.016   97.5  3.806  5.527   81.9   92.8
A  -54.3  -34.9  113.1  175.2    nan    nan  1.004  107.2  3.785  5.282   72.5   84.0
L  -57.8  -44.9  110.0  175.5 -153.7    nan  0.974  100.0  3.780  5.367   81.3   90.6
E  -55.4  -36.6  110.7 -176.3 -151.8    nan  1.043  106.4  3.795  5.121   70.2   89.3
L  -44.9  -50.8  111.9  173.9 -156.5    nan  1.065  104.2  3.780  5.478   84.2   99.5
K  -62.6  -44.9  113.0  178.9 -179.3    nan  1.029   94.7  3.823  5.212   58.3   74.7
D  -65.7  -17.8  111.2 -178.4 -153.4    nan  1.078  106.9  3.774  5.182   53.6   79.2
A  -87.0  -87.3  111.5  176.8    nan    nan  1.051   68.7  3.844  5.534   58.7   78.8
Q  -87.8    nan  109.0 -178.5   64.5    nan  1.100    nan  3.811  4.792   -8.2   18.9
