Id   phi    psi    tau  omega    chi    chi2  solid    eta  CA-CA  CB-CB  BA^AB  NA^AC
E    nan  137.5  108.7    nan  -61.9    nan  0.990    nan    nan    nan    nan    nan
Y  -74.7  -75.6  108.9  178.5  -59.8    nan  1.042   76.3  3.706  5.588 -117.2 -122.0
F -164.9  150.8  106.2 -172.0  -43.1    nan  0.966  151.4  3.810  4.712  -59.6  -48.5
T -164.2  143.6  107.9  178.5 -152.6   73.8  1.058  145.5  3.780  5.388  161.6  163.9
L  -94.1  101.9  106.9  173.2  -84.1    nan  1.006  107.4  3.819  5.867 -127.0 -135.7
Q  -71.4  161.6  109.8  176.8 -153.1    nan  1.051   78.4  3.747  5.958 -145.7 -155.4
I -128.1  -69.7  110.7 -173.9  -10.1 -134.8  1.113   61.6  3.759  5.528 -146.0 -144.1
R   88.1   94.3  111.7  175.8 -135.3    nan  1.066   68.2  3.836  5.322 -167.5 -163.4
G  117.9  145.3  107.7  179.8    nan    nan    nan  103.4  3.865    nan    nan   18.6
R  -61.9  -62.0  111.1 -173.0 -142.1    nan  1.099   86.6  3.810    nan    nan  -93.7
E  -46.6  -31.2  112.5  172.3 -133.4    nan  0.980  116.3  3.781  5.177   68.2   73.7
R  -64.6  -45.4  111.7  178.3  -88.7    nan  1.102   93.6  3.750  5.313   67.1   90.2
F  -64.3  -44.0  111.5 -179.0 -163.4    nan  1.061   94.7  3.816  5.449   65.7   79.5
E  -54.0  -49.1  110.8 -179.4 -170.1    nan  1.026   99.7  3.747  5.149   76.2   89.2
K  -48.1  -36.6  112.2  173.7 -113.6    nan  1.039  111.6  3.817  5.293   70.9   84.7
I  -75.3  -27.0  111.4 -179.9  -52.6 -173.1  1.085   93.8  3.796  5.285   54.2   76.3
R  -63.9  -42.9  110.4  175.8  -43.3    nan  1.066   96.2  3.807  5.593   77.6   92.1
E  -68.3  -36.3  110.3  175.3 -102.4    nan  1.026   96.1  3.819  5.338   57.4   72.6
Y  -58.0  -27.5  110.5  174.6  120.6    nan  1.174  109.4  3.764  5.410   60.0   88.2
N  -75.8  -30.6  109.6 -178.6  -95.0    nan  1.074   92.7  3.825  5.761   66.6   84.8
E  -60.8  -44.3  110.2  178.9 -128.0    nan  1.016   97.9  3.810  5.542   83.0   93.7
A  -55.8  -35.2  113.1  175.3    nan    nan  0.998  105.8  3.780  5.272   72.1   83.5
L  -57.8  -43.2  109.8  175.9 -154.5    nan  0.974  101.1  3.778  5.357   80.9   90.6
E  -55.6  -38.9  110.3 -177.1 -151.0    nan  1.045  105.1  3.793  5.163   71.0   89.9
L  -43.7  -51.9  112.0  174.4 -157.0    nan  1.066  104.1  3.781  5.468   84.5   98.9
K  -61.7  -43.9  113.1  178.8  179.4    nan  1.026   95.8  3.821  5.210   59.0   74.5
D  -65.6  -19.6  111.1 -178.4 -152.9    nan  1.081  106.3  3.782  5.203   54.6   80.2
A  -85.7  -86.2  111.7  177.5    nan    nan  1.052   68.7  3.846  5.521   59.2   78.9
Q  -88.7    nan  108.8 -178.7   64.9    nan  1.100    nan  3.810  4.794   -8.2   19.0
