Id   phi    psi    tau  omega    chi    chi2  solid    eta  CA-CA  CB-CB  BA^AB  NA^AC
P    nan  108.2  111.6    nan  -34.9    nan  0.973    nan    nan    nan    nan    nan
P  -67.1  128.9  113.4 -179.7  -24.5    nan  0.986   92.3  3.837  5.960 -136.5 -143.0
A  -64.8  152.3  106.7  178.5    nan    nan  0.984   75.2  3.790  5.820 -112.6 -122.8
V  -65.5  110.2  107.5  179.4 -172.8  -50.3  1.022   96.6  3.790  5.518  -89.7  -94.8
P  -59.8  156.0  111.8 -179.6  -21.8    nan  0.942   70.8  3.851  5.807 -114.9 -133.5
Q  -68.6  -31.0  108.7  178.9   14.4    nan  1.012   99.1  3.781  5.505  -95.5  -95.0
S -131.6  166.8  109.7  179.8   38.1    nan  1.034  134.7  3.810  4.921    2.2   24.1
F  -54.8  124.0  114.7 -179.4  179.1    nan  1.096   87.8  3.816  5.329  -63.8  -66.0
Q -140.7  157.7  108.0  178.3  -42.6    nan  0.991  142.2  3.797  5.759  171.7  155.3
V -116.3  128.4  102.9  177.3  166.9  -70.8  0.937  115.6  3.818  5.623 -135.3 -141.3
A -127.8  157.6  110.9 -178.5    nan    nan  1.029  132.4  3.787  5.793 -179.7 -177.6
H -108.0  135.1  107.4  178.6  -63.5    nan  0.969  114.8  3.775  5.529 -126.2 -131.6
L -119.2  107.1  107.0  177.4  172.4    nan  1.017  112.8  3.790  5.805 -167.7 -166.6
H -106.8  109.6  105.8  179.7  -59.0    nan  0.982  110.0  3.787  5.995 -174.5  177.8
A -149.6  145.3  107.0 -179.1    nan    nan  0.991  142.5  3.797  5.752  143.4  137.3
P  -60.5  152.4  115.1 -179.6   30.9    nan  1.015   74.6  3.839  5.450  -89.2  -96.1
T  -56.8  141.6  108.2  179.6  -59.7 -179.6  1.005   74.5  3.797  5.514  -79.9  -88.8
G   89.1   -8.2  114.4 -179.2    nan    nan    nan   94.3  3.789    nan    nan   37.8
S  -75.7   -8.5  114.2  180.0   57.7    nan  1.116  100.7  3.802    nan    nan  103.0
G   94.5   18.8  118.8  179.0    nan    nan    nan   76.8  3.827    nan    nan -102.9
K  -56.5  -37.1  114.1  179.9  -59.9    nan  1.062  103.6  3.836    nan    nan  144.3
S -101.9   12.2  114.4 -179.3   36.9    nan  1.070   83.3  3.798  5.020   30.1   52.3
T -142.0  -60.8  114.3 -179.0   48.3  -72.1  1.081   52.7  3.813  5.247   36.9   55.5
K  -65.7  -47.2  110.6 -179.6 -177.9    nan  1.036   92.6  3.814  5.077   50.1   64.0
V  -58.1  -52.8  112.0 -179.5 -180.0  -58.7  1.106   93.8  3.796  5.282   63.4   82.6
P  -65.7  -28.2  112.2  179.5   24.2    nan  1.001  101.5  3.817  5.266   58.1   70.7
A  -65.1  -44.5  109.6  178.3    nan    nan  1.022   94.9  3.848  5.511   71.7   91.4
A  -66.3  -38.1  109.8  178.4    nan    nan  1.024   97.2  3.820  5.252   60.8   74.9
Y  -65.0  -48.9  111.9  179.1  -80.2    nan  1.046   91.3  3.824  5.401   68.3   83.2
A  -66.4  -32.6  112.4 -179.5    nan    nan  1.065   98.6  3.823  5.188   57.8   73.7
A  -64.6  -18.5  109.8  179.4    nan    nan  1.033  108.1  3.822  5.445   75.3   88.8
Q  -91.4    5.9  109.1  178.6  -71.1    nan  0.998   90.6  3.814  5.453   59.8   75.2
G   90.8   18.6  117.3  178.7    nan    nan    nan   80.9  3.775    nan    nan  -92.6
Y -102.3  154.6  114.7  179.5  -62.9    nan  1.066  111.6  3.802    nan    nan  101.8
K  -92.4  113.7  103.0  177.4  -69.6    nan  0.942  102.9  3.796  5.460 -111.8 -123.0
V -112.0  136.6  113.4 -177.8 -167.9  -44.7  1.049  121.7  3.799  5.978 -177.7 -175.8
L -116.7  129.7  107.5  178.7  167.7    nan  0.988  119.6  3.798  5.730 -155.6 -165.7
V -116.8  114.7  108.2  179.9 -167.0  -43.8  1.008  116.3  3.810  5.876 -165.8 -168.7
L  -99.9  128.5  111.1 -179.4  -65.2    nan  1.042  112.6  3.807  5.962 -162.7 -166.3
N -134.5  146.2  108.3 -178.9 -171.2    nan  0.992  134.9  3.790  5.736 -180.0  170.3
P  -71.4  -29.4  115.9  179.8   26.9    nan  1.030   94.3  3.830  5.571 -103.0 -104.2
S  -87.6  128.0  116.9 -178.0  176.4    nan  1.102  109.3  3.812  5.223   45.2   75.0
V  -65.2  -44.3  107.4  177.9  163.5  -74.6  0.998   96.4  3.799  5.724 -106.1 -126.8
A  -60.9  -46.2  111.2  179.9    nan    nan  1.051   96.2  3.818  5.303   66.1   81.2
A  -62.3  -45.1  111.1  179.8    nan    nan  1.039   95.9  3.815  5.290   65.6   79.0
T  -57.0  -50.7  109.4  179.8  -61.1  179.3  1.041   97.5  3.797  5.332   72.0   84.5
L  -60.9  -39.2  111.1  179.8  -70.9    nan  1.021  100.2  3.811  5.283   65.2   75.8
G  -60.7  -34.9  115.5 -178.6    nan    nan    nan  100.7  3.778    nan    nan   89.3
F  -53.3  -30.0  113.8 -179.1  -69.0    nan  1.088  110.9  3.786    nan    nan  100.2
G  -53.1  -57.4  114.3 -179.9    nan    nan    nan   92.6  3.799    nan    nan  103.9
A  -68.2  -41.4  111.9 -179.9    nan    nan  1.064   92.8  3.791    nan    nan   64.8
Y  -61.3  -42.7  111.9 -179.1  179.6    nan  1.057   97.5  3.805  5.408   71.8   85.6
M  -68.0  -36.2  111.8 -179.1  -73.6    nan  1.067   95.7  3.790  5.221   61.4   78.0
S  -66.0  -49.7  107.5  178.8 -170.5    nan  0.992   93.1  3.780  5.386   71.2   83.2
K  -67.3  -42.4  114.0 -179.1  -37.7    nan  1.089   91.8  3.803  5.172   51.0   71.9
A  -82.5  -31.7  115.7 -177.7    nan    nan  1.099   83.4  3.785  5.138   45.9   67.8
H -131.5    3.2  116.9 -176.9  -56.9    nan  1.096   50.0  3.784  4.797    6.3   29.9
G   62.3   42.5  108.8 -179.5    nan    nan    nan   98.7  3.801    nan    nan -118.3
V -124.5  135.0  110.0 -179.9  177.7  -59.9  1.016  126.9  3.790    nan    nan  100.8
D -116.4   92.1  103.7  177.7  -46.1    nan  0.946  103.2  3.815  5.801 -157.4 -166.5
P  -80.4  169.6  115.6 -179.2   39.3    nan  1.000   85.0  3.830  6.023 -167.3 -165.1
N  -79.1  139.2  104.4  176.7  -53.9    nan  0.953   90.9  3.797  5.393  -89.9  -90.6
I -119.4  123.4  109.0 -179.4  -55.3  179.4  1.014  120.5  3.817  5.813 -160.1 -159.7
R -126.3  107.2  113.8 -179.8  -36.4    nan  1.063  119.0  3.810  5.844  177.7  176.7
T -130.2  173.7  107.3  177.9   65.0  -56.0  1.012  131.8  3.809  5.917  160.2  150.2
G  -63.2  -45.1  110.0  179.2    nan    nan    nan   95.9  3.788    nan    nan  -66.9
V  -68.7  -53.5  114.8 -179.8  -80.9   42.0  1.108   84.5  3.786    nan    nan   75.1
R -136.6  138.1  116.9 -177.4  174.4    nan  1.095  138.5  3.805  4.624  -16.1    4.0
T -115.3  129.8  105.0  176.6  -77.9  162.0  0.978  117.0  3.806  5.780 -151.8 -166.0
I -126.0  108.4  105.4 -179.9  -56.9  179.2  0.955  113.0  3.805  5.838 -170.4 -178.4
T  -97.0  124.5  109.6  179.8  -53.7 -173.3  1.056  110.1  3.794  6.019 -171.6 -169.3
T -113.4  -19.4  114.2 -177.7  -56.8 -177.5  1.044   60.1  3.788  5.837 -161.2 -169.3
G   89.5   10.1  108.9 -178.2    nan    nan    nan   87.3  3.784    nan    nan -112.5
S  -75.8  153.1  109.7  179.1  178.0    nan  1.005   85.9  3.790    nan    nan  117.5
P  -75.2  -16.7  108.7  179.2   30.3    nan  0.927   99.0  3.822  5.426  -95.4 -103.1
I  -98.3  135.3  111.2  179.4  -52.2 -171.7  1.052  110.8  3.814  5.313   41.5   71.4
T -133.3  124.1  109.4 -179.8  -64.3  175.1  1.010  125.8  3.790  5.734 -172.3  178.5
Y -103.4  138.1  106.1  177.7  -76.0    nan  0.983  110.6  3.796  5.913 -156.0 -164.1
S -153.9  154.9  110.6 -179.8  172.3    nan  1.017  151.5  3.788  5.614  166.6  161.7
T  -81.9  161.4  103.7  176.2   45.3  -75.7  0.907   86.6  3.795  5.483  -97.5 -111.8
Y  -68.1  -34.6  108.6  178.2  -71.2    nan  1.026   98.0  3.807  5.428  -89.2  -86.2
G  -59.4  -54.6  112.5 -179.7    nan    nan    nan   91.6  3.797    nan    nan   92.5
K  -60.3  -40.5  110.4  179.6 -172.5    nan  1.044  100.4  3.794    nan    nan   73.3
F  -56.2  -51.9  108.9  178.9  172.1    nan  1.008   97.5  3.849  5.461   76.8   88.4
L  -58.8  -40.6  111.0  178.8  -74.8    nan  1.022  101.2  3.808  5.162   62.3   75.5
A  -70.4  -28.5  111.5  179.7    nan    nan  1.049   97.5  3.813  5.228   59.0   76.3
D  -83.0    3.6  112.4  179.4  -71.5    nan  1.094   98.3  3.816  5.382   53.9   76.3
G   96.9   14.8  115.8  179.0    nan    nan    nan   76.9  3.792    nan    nan  -88.2
G   70.0 -136.5  113.1  179.8    nan    nan    nan   90.4  3.790    nan    nan -102.5
C  -63.0  -17.1  115.6 -178.6  -78.2    nan  1.121  108.7  3.798    nan    nan   -4.7
S  -86.3   -7.0  111.0 -180.0   65.9    nan  1.017   91.1  3.821  5.546   70.4   84.0
G  -78.9   -8.8  113.6 -180.0    nan    nan    nan   97.4  3.797    nan    nan  100.5
G -176.5  169.2  109.3  179.7    nan    nan    nan  169.8  3.797    nan    nan   -4.2
A -115.1  113.0  107.0  179.7    nan    nan  1.001  114.2  3.811    nan    nan -122.6
Y -128.8  141.7  109.4 -177.3  -46.9    nan  0.992  130.7  3.792  5.862  170.6  163.5
D  -88.4  -35.9  109.7 -180.0  -52.5    nan  1.011   79.9  3.799  5.725 -123.9 -128.2
I -126.7  132.6  111.2 -178.8  -56.3 -179.4  1.037  128.2  3.795  4.846    5.2   26.2
I -121.1  117.9  109.5  178.6  -62.8  175.3  1.030  119.6  3.809  5.892 -166.4 -172.0
I  -99.0  112.1  105.5  178.6  -53.4 -176.1  0.963  107.7  3.796  5.987 -152.5 -166.0
C  -91.3   88.5  104.4  177.6  -71.4    nan  0.961  104.4  3.811  5.991 -155.0 -163.8
D  -71.8  146.8  112.4 -177.9 -162.0    nan  1.055   86.4  3.781  6.065 -162.5 -162.4
E   53.7   43.0  109.1 -179.0  -40.2    nan  1.024  104.7  3.837  4.885   34.7   10.4
C  -62.7    2.5  114.5 -178.2   65.3    nan  1.095  118.3  3.795  6.103  153.4  163.8
H  -87.7  -11.4  109.6  178.4   65.3    nan  0.999   88.4  3.811  5.751   86.5   98.4
S  -59.7  128.3  113.7 -178.7  -58.1    nan  1.076   87.7  3.844  5.693   98.0  115.1
T -105.6   16.2  114.2 -178.9   52.2  -67.7  1.130   81.5  3.773  5.816 -158.3 -158.8
D  -77.3  147.0  105.9  177.8   63.2    nan  0.971   87.8  3.799  5.998  116.0  119.6
A  -48.3  -44.7  115.2 -177.9    nan    nan  1.109  104.5  3.837  5.528  -78.0  -81.2
T  -61.5  -39.6  114.5 -179.3  -49.1 -169.0  1.111   97.8  3.794  5.308   66.8   83.8
S  -71.0  -41.8  110.7  179.5  -63.6    nan  1.055   91.1  3.819  5.387   62.5   77.4
I  -64.2  -43.4  111.4  179.6  -60.5  177.0  1.049   95.2  3.788  5.354   67.0   81.2
L  -68.2  -40.0  110.0 -179.2 -165.7    nan  1.034   94.6  3.809  5.287   62.0   76.7
G  -65.3  -44.5  112.2  179.9    nan    nan    nan   93.2  3.786    nan    nan   81.9
I  -64.3  -47.1  110.0  179.9  -69.9  169.8  1.062   93.9  3.799    nan    nan   78.7
G  -58.9  -39.6  111.2  178.8    nan    nan    nan  101.6  3.781    nan    nan   80.3
T  -57.4  -54.7  107.9  178.8  -64.3  175.9  1.007   95.8  3.818    nan    nan   88.0
V  -54.8  -50.1  111.4  179.3  171.7  -66.3  1.033   98.1  3.825  5.258   66.6   77.0
L  -59.6  -36.2  112.6 -178.5  -73.3    nan  1.076  102.3  3.801  5.196   64.1   79.9
D  -78.1  -44.4  112.2 -179.7 -175.5    nan  1.043   83.6  3.769  5.286   58.0   74.6
Q  -86.5  -37.5  121.5 -176.2  -59.4    nan  1.146   74.4  3.804  4.987   37.4   64.3
A  -36.4  -65.2  119.1 -177.3    nan    nan  1.173   94.4  3.859  5.561  101.4  117.1
E  -53.8  -52.2  113.1 -178.7 -175.1    nan  1.099   96.4  3.812  5.209   61.2   74.0
T  -58.9  -29.6  111.7  179.9  -58.9 -178.9  1.062  107.0  3.803  5.270   64.9   77.5
A  -83.6   -0.4  111.6  180.0    nan    nan  1.061   96.2  3.806  5.349   55.0   74.6
G   86.5   26.9  118.1  178.7    nan    nan    nan   80.9  3.795    nan    nan -103.0
A  -84.1  158.5  106.0  178.3    nan    nan  0.984   90.3  3.776    nan    nan  122.8
R -101.7  -35.3  111.1  179.6  175.1    nan  1.023   68.3  3.798  5.573 -122.2 -121.5
L -144.9  141.3  114.4 -177.1  174.9    nan  1.060  141.9  3.769  4.660  -11.2   10.1
V -123.3  124.1  103.9  175.4  167.1  -72.8  0.991  118.3  3.784  5.780 -161.1 -169.9
V -116.4  124.6  109.2 -179.5 -178.9  -56.3  1.013  119.7  3.800  5.935 -167.4 -172.6
L -101.1  101.9  104.8  178.4  -48.2    nan  0.973  106.6  3.803  5.886 -152.3 -161.7
A -103.8  140.0  115.5 -177.2    nan    nan  1.102  116.8  3.803  6.030  176.1 -178.4
T -171.6  145.6  111.1  179.7 -175.1   62.9  1.033  147.8  3.795  5.544  156.1  139.3
A  -86.9  -15.8  107.2  177.5    nan    nan  0.987   88.3  3.794  5.602 -116.1 -125.8
T -127.0   76.9  115.1 -179.5   51.0  -68.9  1.090  101.2  3.812  5.085   19.3   45.3
P  -69.2  165.1  110.1  179.5   30.9    nan  0.940   74.9  3.834  6.044 -163.0 -175.8
P  -50.0  143.3  113.2  179.9  -35.1    nan  0.990   70.5  3.842  5.266  -65.3  -64.1
G   85.3    7.3  113.0  179.8    nan    nan    nan   91.8  3.797    nan    nan   34.3
S  -71.0  158.7  114.9 -179.4  -71.1    nan  1.087   80.8  3.796    nan    nan  121.9
V -138.2  159.2  105.0  178.5  -69.9   53.2  0.990  139.4  3.787  5.532 -155.9 -163.1
T  -87.4  100.0  110.5 -179.3  -54.3 -173.3  1.053  109.7  3.817  5.557 -107.4 -106.3
V  -87.1  151.1  111.7 -178.3  161.6  -74.8  1.037   97.7  3.788  6.046 -159.4 -169.9
P  -43.7  140.3  113.1  179.6  -41.0    nan  0.983   67.5  3.839  5.225  -63.3  -76.1
H -112.3  144.0  105.7  179.7  175.9    nan  0.960  117.0  3.801  5.808 -150.7 -157.4
P  -53.4  -56.4  114.8 -179.8  -27.7    nan  0.990   92.9  3.846  5.428  -82.3  -90.6
N  -82.5    8.3  117.4 -178.4  -55.2    nan  1.059  101.3  3.827  4.938   30.1   54.9
I -123.2  109.9  118.9 -176.1  -51.7 -172.4  1.149  124.5  3.800  5.224   51.1   77.7
E  -82.8  127.1  107.5  177.3  175.1    nan  0.986   99.4  3.791  5.941 -141.2 -162.3
E -107.4  134.3  112.2 -179.6  -57.4    nan  1.052  117.8  3.813  5.866 -160.8 -159.9
V -144.7  128.2  114.0  179.5   30.2  154.9  1.157  133.6  3.785  5.670  164.1  167.0
A  -63.2  142.0  112.4  179.7    nan    nan  1.033   81.6  3.797  5.675  -98.2 -122.0
L  -83.3  155.6  103.3  176.9  -71.2    nan  0.933   89.4  3.781  5.647 -114.3 -127.2
S -117.9 -165.7  107.6  179.1   56.9    nan  1.014  112.8  3.804  5.647 -146.2 -141.2
T  -87.1   -8.3  109.9  178.9   40.3  -79.5  1.020   90.0  3.787  5.095  -73.9  -65.2
T  -89.0  121.1  111.5 -179.5  -54.0 -174.7  1.054  107.8  3.784  5.487   68.4   89.4
G  163.7  159.9  109.9  179.8    nan    nan    nan  150.3  3.778    nan    nan   93.1
E  -76.3  -32.5  113.9 -179.2  -71.2    nan  1.067   89.3  3.786    nan    nan  -94.5
I -106.6  114.2  115.6 -177.4  -48.2 -169.3  1.082  119.6  3.819  5.125   31.1   53.6
P  -61.7  133.4  106.5  179.5  -32.8    nan  0.901   81.8  3.808  5.695 -113.2 -134.8
F -146.3  101.3  112.5 -178.4 -173.8    nan  1.065  111.8  3.808  5.743  159.3  165.8
Y   50.1   51.4  114.8  179.0  -67.6    nan  1.118   98.6  3.808  5.142  -19.2  -42.6
G   91.2  -27.5  112.9  179.0    nan    nan    nan   99.3  3.792    nan    nan  -49.9
K -105.5 -158.9  106.3  178.7  -60.3    nan  0.985   98.8  3.796    nan    nan   53.0
A -150.4  154.7  109.3 -179.7    nan    nan  1.023  148.8  3.769  5.147 -133.6 -121.4
I -113.7  131.0  108.2  179.7  -58.9  178.2  1.003  118.6  3.777  5.659 -136.5 -138.8
P  -80.6  124.0  107.2  179.3  -21.5    nan  0.898   98.6  3.816  5.648 -118.0 -133.8
L  -49.8  -35.0  111.3  179.6  -85.7    nan  1.045  111.7  3.810  5.854 -107.5 -109.7
E  -54.5  -36.5  113.5 -179.6  -19.3    nan  1.083  105.9  3.799  5.442   82.0   97.5
V  -74.3   -9.6  113.9 -178.6  -52.7   69.6  1.137  101.6  3.813  5.383   56.0   79.4
I -126.3   -5.6  113.6  179.4   53.8  -71.1  1.101   51.6  3.818  5.340   31.5   51.6
K  -53.6  -44.6  114.5 -178.9  -36.5    nan  1.099  100.8  3.833  5.866  113.9  126.2
G -122.3  153.6  108.5  178.5    nan    nan    nan  126.7  3.798    nan    nan   22.1
G   94.9 -175.7  113.6  179.5    nan    nan    nan   96.6  3.804    nan    nan   56.3
R -112.0  130.1  107.5  179.4  -32.8    nan  0.997  117.1  3.812    nan    nan -101.8
H -137.1  151.4  110.4 -177.6  -47.4    nan  1.026  139.2  3.806  5.733  174.9  173.1
L -120.5  118.0  109.7 -179.1 -179.6    nan  1.010  119.6  3.803  5.658 -146.2 -149.4
I -109.2  117.7  110.7 -179.3  -55.2 -177.4  1.043  116.6  3.787  5.935 -170.3 -172.4
F  -91.0  125.0  112.3  179.7  -80.0    nan  1.071  108.7  3.793  5.936 -150.2 -156.3
C -118.8  154.2  104.9  178.4  -63.1    nan  0.980  122.1  3.785  5.829 -167.6  179.3
H  -78.9  -26.4  114.9 -178.3   75.4    nan  1.102   89.4  3.808  5.642 -105.9 -100.7
S -127.5  162.3  112.1 -178.0   69.8    nan  1.040  132.1  3.812  4.985   17.4   36.2
K  -71.8  -32.8  111.0 -179.3  -58.6    nan  1.058   94.5  3.800  5.357  -87.5  -89.2
K  -61.1  -53.4  108.6  179.0 -172.3    nan  1.007   93.6  3.803  5.498   79.4   91.0
K  -56.5  -36.2  112.1  178.9 -109.5    nan  1.064  105.1  3.797  5.188   61.7   76.6
C  -64.0  -47.3  108.3  179.9  -69.1    nan  1.015   95.2  3.821  5.464   74.7   86.2
D  -60.5  -50.4  110.7  179.6  -67.0    nan  1.013   94.4  3.821  5.279   67.9   78.6
E  -58.1  -43.7  112.3 -179.9  -53.0    nan  1.070   99.2  3.795  5.141   63.5   79.4
L  -69.3  -50.1  109.8  180.0 -175.3    nan  1.044   89.1  3.801  5.317   59.4   75.1
A  -50.5  -47.2  108.3  179.8    nan    nan  1.013  104.8  3.789  5.333   76.4   85.6
A  -58.9  -47.8  110.7 -179.8    nan    nan  1.042   97.0  3.811  5.262   66.3   80.6
K  -55.6  -56.8  109.8  179.7 -163.2    nan  1.026   94.4  3.802  5.309   71.8   83.3
L  -59.9  -47.5  113.5 -179.0  -55.5    nan  1.059   94.8  3.811  5.125   57.7   72.7
V  -58.4  -30.3  109.0 -179.4   95.0 -140.2  1.053  108.3  3.811  5.295   67.5   82.2
A  -73.2  -36.3  109.1  178.5    nan    nan  1.025   92.7  3.802  5.477   67.3   81.5
L  -81.8   17.7  111.5  179.8  -53.1    nan  1.045  104.3  3.813  5.266   50.9   69.4
G   79.5    5.2  115.8  179.1    nan    nan    nan   98.2  3.806    nan    nan  -91.6
I  -82.2  137.8  110.0  179.8  -64.9  173.1  1.018   97.3  3.812    nan    nan  107.7
N  -79.1   70.9  108.8  178.8  179.1    nan  1.026  111.1  3.829  5.755 -117.9 -124.8
A  -98.1  138.8  111.9 -178.4    nan    nan  1.057  110.5  3.801  6.066  150.6  154.8
V -135.3  138.0  107.3  179.7  -63.7   58.6  1.023  131.9  3.784  5.744 -174.0  179.9
A  -88.7  151.5  112.2 -179.8    nan    nan  1.058   99.2  3.779  5.761 -127.0 -131.0
Y -150.8  129.1  112.0  176.2 -174.8    nan  1.096  133.8  3.766  5.582  177.2  177.4
Y -162.6  175.6  107.5  177.4   42.6    nan  1.046  163.4  3.758  5.544  151.5  137.4
R  -57.5  127.8  111.4 -178.7  174.4    nan  1.067   85.1  3.810  5.201  -56.7  -58.3
G  108.0  -18.0  112.1 -178.7    nan    nan    nan   79.4  3.780    nan    nan   40.9
L  -88.1 -179.4  112.6 -179.9  -62.0    nan  1.078   87.8  3.811    nan    nan   81.5
D -109.3  111.0  110.3 -178.9 -165.9    nan  1.026  115.1  3.781  5.217 -106.4 -102.2
V  -73.0  -18.5  115.1 -179.1   74.9 -160.5  1.106   98.5  3.796  6.008 -139.7 -143.9
S  -73.7  -10.1  113.8 -179.5   56.1    nan  1.082  102.0  3.810  5.583   79.4   95.8
V  -84.1  -13.1  110.8  180.0  -44.4   79.5  1.085   91.1  3.794  5.614   72.2   92.4
I  -74.1  122.4  107.8  179.8  -55.9 -178.5  0.997   95.9  3.817  5.741   87.2   97.4
P  -62.3  139.1  112.6 -179.8   32.1    nan  0.981   82.6  3.823  5.740 -112.3 -121.9
T  -78.8  -22.8  110.3  179.4  -76.2  161.2  1.015   92.7  3.813  5.754 -118.8 -124.9
S -142.6  163.0  109.5  179.3   36.3    nan  1.039  145.0  3.790  4.913   -2.3   20.5
G   91.0  158.7  112.1 -179.7    nan    nan    nan   83.1  3.782    nan    nan   64.2
D  -56.3  136.9  111.7  179.7  -65.3    nan  1.001   78.8  3.799    nan    nan  -79.6
V -172.6  147.9  109.4  178.2   67.7 -168.5  1.038  149.6  3.767  5.457  143.9  136.2
V -122.3  107.8  105.2  177.3 -179.6  -58.4  0.992  112.0  3.775  5.692 -152.1 -157.7
V  -89.9  125.8  106.7  178.9  175.1  -62.7  0.994  103.4  3.774  6.018 -158.0 -164.5
V -107.1  111.7  103.7  177.9 -179.7  -58.6  0.977  108.6  3.817  5.950 -159.4 -165.6
A -141.6  174.4  117.8 -174.6    nan    nan  1.079  143.9  3.798  5.738  153.9  153.9
T -104.3 -171.9  103.8  175.7   61.1  -61.2  0.939  102.2  3.786  5.316 -105.8 -109.6
D  -71.8    1.0  114.1 -179.9  -68.5    nan  1.090  108.6  3.812  5.042  -68.5  -56.6
A  -59.2  -42.4  111.4  179.6    nan    nan  1.042   99.6  3.800  5.869  114.7  125.3
L  -59.1  168.7  111.7 -178.8 -165.2    nan  1.072   63.8  3.816  5.358   70.6   86.8
F  123.6  134.6  112.1   20.9  177.9    nan  1.058   99.5  7.213  5.697  -32.8 -127.9
T  -81.6   74.9  107.9  178.8   41.5  -79.2  1.006  109.4  3.809  5.761 -120.1 -132.2
G  -71.3  -38.5  115.4 -178.5    nan    nan    nan   89.8  3.780    nan    nan -174.5
D   48.9   51.8  107.6 -179.1 -177.5    nan  1.011  103.1  3.796    nan    nan -167.7
F  -84.0  133.5  115.1 -178.9  -68.1    nan  1.098  103.5  3.801  6.093  138.9  151.6
D  -76.1  -26.6  109.5  178.5  -70.2    nan  1.029   94.0  3.799  5.707 -114.5 -129.4
S -159.4  161.7  112.8  178.1   84.9    nan  1.068  158.7  3.781  4.829  -21.4   -1.6
V -126.9  131.7  105.1  177.5  165.6  -73.6  0.961  123.7  3.801  5.559 -139.5 -147.8
I -118.4  127.3  100.6  176.7  -57.6 -179.7  0.962  114.7  3.799  5.866 -167.7 -171.3
D -121.3  136.3  113.0 -174.7 -168.0    nan  1.008  127.4  3.803  5.806 -165.7 -169.9
C  -77.8  -15.8  110.2  178.2   68.5    nan  1.033   96.4  3.816  5.789 -120.2 -126.6
N   68.3   16.5  116.8  178.2  -53.5    nan  1.151  103.6  3.816  5.493 -138.9 -133.6
T -129.9  161.7  108.7  178.4   62.5  -57.8  1.040  133.3  3.814  5.570   57.8   69.2
C -149.5  146.3  110.2 -179.3   57.0    nan  1.034  144.5  3.799  5.524 -165.9 -166.6
V  -91.9  137.4  105.2  179.8  176.0  -61.4  0.958  101.7  3.794  5.672 -117.5 -129.0
T -149.9  156.8  113.2  179.8 -169.8   68.9  1.086  150.8  3.782  5.665  163.8  166.7
Q  -71.7  137.3  110.1  179.7  -72.2    nan  1.023   89.5  3.806  5.401  -86.3  -96.9
T -144.4  147.7  108.6 -179.4 -172.3   67.0  1.010  141.9  3.762  5.640  175.9  169.8
V -104.5  142.6  109.1  179.5   58.9 -177.7  1.057  113.0  3.796  5.772 -138.1 -137.5
D -127.8  110.4  106.4  178.7 -177.5    nan  0.981  115.0  3.781  5.717 -159.5 -168.3
F  -76.8   66.7  105.8  179.1  -58.1    nan  0.981  109.5  3.803  5.992 -141.8 -150.3
S  -73.0  -10.3  120.8 -176.5   41.1    nan  1.179  101.6  3.805  6.132  164.1  179.3
L   49.4   45.4  113.0  178.4  -47.9    nan  1.048  104.2  3.827  5.587 -139.3 -144.8
D -138.2   56.8  111.3 -178.8   58.7    nan  1.020   78.1  3.821  5.600   80.6   89.2
P  -87.8  -18.4  118.3    0.4   40.1    nan  1.017   83.5  3.002  5.806  -64.1  -11.3
T -124.8  -87.4  117.0 -176.2   54.9  -63.9  1.108   66.6  3.816  4.946   17.3   49.7
F -136.5  168.8  111.8 -179.5   60.5    nan  1.088  139.6  3.820  4.702  -52.6  -28.3
T -136.9  128.3  110.4  179.8  -54.7 -175.6  0.997  129.8  3.813  5.499 -141.4 -146.2
I -109.2  115.6  103.4  177.0  -77.9  162.5  0.990  109.8  3.796  5.886 -162.2 -166.3
E -134.5 -151.8  108.3 -179.2   50.9    nan  0.995  120.8  3.787  5.835  166.6  160.0
T -133.5  152.9  108.2  178.5   66.1  -54.7  1.017  135.8  3.806  5.211 -112.4  -95.6
T -134.5  133.0  108.0  178.7  -55.9 -174.9  1.000  129.8  3.798  5.628 -159.3 -162.7
T  -88.2  115.0  105.5  178.4  -60.9  179.3  1.011  103.2  3.780  5.787 -133.5 -139.0
L -122.9  163.2  112.9 -177.5  -51.7    nan  0.997  127.9  3.788  5.902 -178.3  172.9
P  -64.1  146.6  102.7  178.7  -31.5    nan  0.840   75.2  3.803  5.080  -70.9  -83.4
Q  -68.6  158.9  109.7 -179.3   71.1    nan  0.991   76.8  3.788  5.682 -105.7 -101.6
D -103.1 -176.4  105.8  177.5   70.6    nan  1.020  102.1  3.791  5.586 -129.3 -124.9
A  -60.1  -35.6  115.6 -179.4    nan    nan  1.110  100.8  3.835  5.173  -55.8  -50.4
V  -64.2  -46.2  109.1 -179.9  169.7  -67.3  1.025   95.0  3.817  5.495   76.7   87.6
S  -59.5  -50.8  111.9  179.7  168.7    nan  1.039   94.1  3.807  5.254   68.2   81.1
R  -63.5  -46.5  111.6 -178.7 -169.5    nan  1.052   93.8  3.812  5.173   58.7   75.1
T  -62.3  -43.8  111.1 -180.0  -59.6  179.5  1.050   96.6  3.802  5.337   65.0   79.1
Q  -71.5  -37.7  112.7 -179.6  -65.5    nan  1.118   91.6  3.811  5.248   52.0   73.5
R  -67.8  -52.4  109.2  178.0 -100.1    nan  1.056   89.4  3.792  5.469   66.1   80.2
R  -59.2  -34.5  109.9  178.8 -178.6    nan  1.008  104.9  3.814  5.310   65.3   74.6
G  -63.2   -7.0  117.2 -179.3    nan    nan    nan  113.4  3.802    nan    nan   90.7
R  -74.3  -14.7  110.9  179.3  -57.3    nan  1.044  100.1  3.800    nan    nan  104.0
T -117.7  173.3  110.1  178.9 -163.6   75.7  1.060  119.8  3.832  5.288   31.2   53.7
G   67.9   29.5  113.8 -179.9    nan    nan    nan   98.3  3.816    nan    nan   54.3
R  -95.7   86.9  112.3 -179.2  -60.9    nan  1.055  111.8  3.806    nan    nan  118.0
G   85.4   10.1  111.8  179.9    nan    nan    nan   90.8  3.775    nan    nan  -21.5
K -169.9  159.9  106.0  179.0   70.4    nan  0.998  160.3  3.782    nan    nan   20.1
P  -62.4  150.9  112.8 -179.7  -27.9    nan  0.976   76.3  3.793  5.248  -75.0  -80.9
G -147.0  166.8  108.5  179.0    nan    nan    nan  148.9  3.779    nan    nan -179.5
I -123.5  144.6  108.1  179.4  -62.6  178.1  1.025  126.9  3.778    nan    nan -134.6
Y -125.9  121.5  106.8  179.7  174.1    nan  0.993  120.4  3.783  5.691 -157.3 -163.5
R -113.1  139.4  106.2  178.8  -54.3    nan  1.004  117.7  3.792  5.920 -171.5 -174.2
F -134.5  155.9  111.7 -177.6   56.7    nan  1.025  138.3  3.773  5.705 -170.4 -174.6
V  -88.8  -38.1  108.0  178.5  174.5  -62.9  0.978   80.0  3.789  5.511 -108.1 -115.0
A -127.0  141.2  112.3 -178.1    nan    nan  1.070  131.2  3.802  4.791   -0.3   24.3
P  -81.4  -19.1  116.2 -179.6   37.2    nan  1.015   89.9  3.835  5.522 -111.1 -123.1
G  -91.3  166.9  114.0 -179.1    nan    nan    nan   96.6  3.788    nan    nan   79.4
E -160.2  153.4  105.7  178.8   68.6    nan  0.952  151.9  3.776    nan    nan -175.4
R  -87.7  136.4  107.6  178.7  -70.2    nan  0.986  100.3  3.793  5.604 -113.4 -114.1
P  -58.6  144.6  107.8  179.3  -32.9    nan  0.917   74.1  3.797  5.497  -92.6 -105.5
S  -69.6  163.3  110.4 -179.1   71.2    nan  1.004   76.1  3.815  5.745 -105.2 -105.6
G  120.7   -8.9  121.5  175.6    nan    nan    nan   64.2  3.774    nan    nan   87.9
M -115.6  145.0  110.6 -180.0  -56.1    nan  1.017  122.4  3.786    nan    nan   63.5
F -139.1  150.3  109.8  176.0   67.7    nan  1.133  140.1  3.780  5.648  175.5 -177.3
D  -71.7  151.2  115.7 -178.1 -164.5    nan  1.069   85.5  3.806  5.438  -88.0 -101.8
S  -60.9  -24.1  111.0  178.7 -175.4    nan  1.035  108.4  3.820  5.419  -83.4  -94.8
S  -63.1  -22.4  108.7  179.3   55.9    nan  1.025  108.0  3.809  5.597   84.2   97.7
V  -69.8  -36.4  107.5  179.2  174.6  -64.9  1.036   96.3  3.805  5.610   77.3   92.3
L  -65.1  -46.2  108.1  178.5  -61.8    nan  1.014   95.0  3.828  5.476   72.4   82.9
C  -56.3  -42.0  107.4  177.9  178.8    nan  0.980  104.2  3.794  5.319   73.7   81.6
E  -66.2  -30.3  112.6 -179.4 -161.4    nan  1.070   99.9  3.808  5.203   60.1   79.1
C  -70.1  -45.9  109.6  178.3  -75.7    nan  1.050   90.6  3.806  5.467   69.1   85.0
Y  -64.5  -39.5  110.8  178.4  -75.5    nan  1.038   97.3  3.822  5.333   62.0   75.7
D  -61.3  -41.1  109.0  179.0 -169.0    nan  1.016  100.1  3.804  5.345   71.6   84.8
A  -68.0  -39.7  113.0  179.9    nan    nan  1.068   93.3  3.839  5.315   59.5   78.3
G  -60.4  -46.6  109.6  178.6    nan    nan    nan   97.3  3.790    nan    nan   86.0
C  -68.5  -42.7  114.2  179.7  -64.6    nan  1.058   90.6  3.794    nan    nan   72.8
A  -79.5  -45.1  115.2 -178.6    nan    nan  1.098   80.3  3.806  5.143   47.5   69.4
W -111.9  -29.0  121.1 -177.3  -57.2    nan  1.131   56.1  3.793  4.870   13.0   39.5
Y -107.3   15.8  119.8 -174.9  -50.8    nan  1.188   81.0  3.801  4.973   30.7   62.0
E   52.4   32.6  111.7  179.6  -65.9    nan  1.034  110.8  3.774  5.504 -106.0 -117.7
L -102.8  134.3  114.3 -179.2  -58.9    nan  1.092  116.2  3.773  5.788   97.2  115.4
T  -75.6  149.2  106.1  177.4  -73.1  164.7  0.934   85.7  3.780  5.566 -107.0 -131.3
P  -54.5  -37.0  110.3  179.7  -34.4    nan  0.951  107.1  3.832  5.424  -81.3  -86.2
A  -62.6  -39.1  110.4  178.7    nan    nan  1.042   99.4  3.816  5.320   63.2   86.0
E  -68.2  -45.4  110.5  178.9  -65.7    nan  1.036   91.7  3.826  5.371   64.3   78.8
T  -59.4  -38.4  109.2  178.7  -66.8  172.2  1.021  102.9  3.818  5.341   69.8   81.0
T  -60.6  -38.8  112.1  179.3  -64.3  176.6  1.068  100.2  3.818  5.396   71.6   87.0
V  -59.3  -44.9  110.5  179.3  170.8  -67.5  1.031   98.6  3.819  5.435   76.8   88.2
R  -71.7  -43.6  112.8  179.5  -61.4    nan  1.067   88.5  3.804  5.155   52.7   71.3
L  -68.3  -31.3  110.0  179.6  -62.7    nan  1.059   98.7  3.813  5.321   58.0   75.8
R  -66.4  -46.7  109.4  178.9  179.7    nan  1.022   93.0  3.811  5.494   74.2   87.4
A  -57.8  -43.6  110.0  179.0    nan    nan  1.024  100.7  3.830  5.310   68.7   81.4
Y  -57.7  -46.1  109.0  178.6 -178.9    nan  1.000  100.0  3.814  5.313   73.0   83.9
M  -71.3  -27.8  112.5 -179.7  -66.3    nan  1.079   96.6  3.811  5.162   50.0   70.8
N  -77.5  -12.7  113.7  180.0  -84.3    nan  1.079   97.2  3.791  5.441   64.0   83.0
T -100.2  118.6  113.6  179.9   72.5  -47.0  1.136  115.5  3.792  5.401   49.1   76.0
P  -61.9  150.8  113.5  179.9  -30.4    nan  0.973   76.1  3.833  5.677 -105.2 -129.3
G   93.0    0.0  117.1  177.5    nan    nan    nan   87.0  3.783    nan    nan   47.6
L -103.9  164.4  110.7  179.7  -74.0    nan  1.043  108.9  3.798    nan    nan   82.0
P  -57.7  148.4  109.8  179.4  -36.0    nan  0.940   72.2  3.831  5.147  -64.0  -73.4
V -116.8  150.2  116.8 -178.4  -57.9   63.8  1.133  126.3  3.821  5.825 -159.4 -144.9
C -139.9  166.8  106.3  178.8   51.6    nan  0.971  141.8  3.795  5.576 -160.1 -176.2
Q  -69.7  139.3  108.1  179.7  -67.3    nan  1.011   85.9  3.794  5.315  -81.0  -81.7
D  -68.7   85.4  110.9 -179.2 -166.9    nan  1.038  111.1  3.784  5.654 -103.9 -111.1
H -116.3   30.0  111.4  179.3  -65.9    nan  1.030   77.3  3.827  6.038  149.9  147.8
L  -64.8  -46.3  112.7 -178.7  -60.8    nan  1.090   92.4  3.787  6.012  136.0  148.9
E  -62.4  -42.0  110.3  179.6  -16.4    nan  1.040   98.0  3.810  5.358   65.8   78.8
F  -60.6  -57.5  112.2  179.9  171.3    nan  1.069   89.2  3.790  5.367   69.6   84.7
W  -62.5  -33.7  113.6 -178.6  -69.5    nan  1.113  100.8  3.809  5.142   52.5   70.9
E  -66.8  -40.2  107.2  177.7 -174.0    nan  0.981   97.2  3.777  5.483   76.5   84.2
G  -58.8  -53.8  109.6  178.8    nan    nan    nan   94.2  3.801    nan    nan   85.8
V  -51.1  -59.6  113.0  179.6  168.7  -68.2  1.080   93.2  3.806    nan    nan   82.2
F  -64.3  -28.5  115.2 -178.7  -76.5    nan  1.135  101.4  3.817  5.115   47.5   67.9
T  -63.0  -29.4  110.7  179.0  -67.9  172.5  1.060  103.9  3.799  5.606   82.5   94.6
G  -85.7  -11.2  114.6  179.7    nan    nan    nan   89.6  3.804    nan    nan   73.6
L  -86.6   57.1  110.1 -178.8  -54.2    nan  1.043  108.6  3.793    nan    nan   89.7
T  -85.8  160.9  112.7 -179.0   66.0  -53.3  1.072   93.3  3.770  6.087  146.3  153.7
H   58.2   62.8  113.7  179.3    5.9    nan  1.099   86.4  3.814  4.702   47.2   29.5
I  -83.1  160.1  107.0  179.3 -165.1   73.9  0.984   89.2  3.812  6.221  164.5  157.6
D  -83.7  119.0  103.9  177.7 -179.1    nan  0.957   99.0  3.791  5.504 -100.7 -104.5
A  -60.3  -34.3  114.4 -179.5    nan    nan  1.096  101.9  3.798  5.856 -119.4 -122.3
H  -68.5  -40.2  113.2 -179.7  174.1    nan  1.082   92.4  3.811  5.473   69.7   85.9
F  -65.8  -42.6  109.4  179.4  -75.6    nan  1.032   95.6  3.794  5.364   69.8   81.1
L  -56.1  -48.0  111.1  179.4  179.9    nan  1.045   98.7  3.813  5.356   74.4   87.2
S  -62.4  -30.2  111.1  179.0   20.4    nan  1.053  103.9  3.802  5.264   61.9   76.6
Q  -75.1  -48.3  110.5  179.4  -72.5    nan  1.026   85.3  3.790  5.428   66.7   81.4
T  -60.2  -45.1  113.9 -178.3   46.1  -74.8  1.109   95.9  3.790  5.232   62.5   81.1
K  -73.1  -14.8  113.1  180.0   53.8    nan  1.163  100.7  3.780  5.264   47.8   71.7
Q  -86.2  -28.3  108.6  177.8  176.4    nan  0.996   84.7  3.813  5.662   73.7   83.2
S  -78.3   -7.5  112.0  179.8   72.6    nan  1.048   98.8  3.818  5.349   61.1   80.0
G   79.1   14.5  111.4 -178.8    nan    nan    nan   95.4  3.792    nan    nan -112.5
E  -55.0  130.2  109.7  179.7 -142.0    nan  1.017   80.8  3.804    nan    nan  141.5
N  -52.6  -41.9  116.8 -178.8 -139.3    nan  1.114  102.2  3.846  5.726  -97.3 -105.7
F -126.9   71.5  104.9  178.8  -74.2    nan  0.965   90.3  3.822  4.965    4.5   19.2
P  -48.6  -39.3  116.8 -179.3   27.3    nan  1.055  107.3  3.835  6.056 -158.0 -156.2
Y  -71.0  -41.7  111.6 -179.9 -160.9    nan  1.101   90.7  3.797  5.359   52.8   79.1
L  -67.1  -45.2  111.4  179.9  -67.9    nan  1.080   92.1  3.810  5.438   63.9   79.2
V  -61.0  -55.2  110.4 -179.6  178.1  -61.9  1.060   91.5  3.814  5.383   68.2   81.4
A  -58.0  -35.3  112.0  179.6    nan    nan  1.043  104.4  3.820  5.200   63.2   74.6
Y  -69.5  -45.2  111.8  179.8 -157.9    nan  1.087   90.0  3.802  5.360   63.3   82.9
Q  -59.9  -39.1  107.5  177.8  169.9    nan  1.004  103.1  3.823  5.433   71.8   79.9
A  -64.4  -38.6  109.9  179.6    nan    nan  1.035   98.5  3.812  5.346   67.9   82.3
T  -61.4  -51.6  111.1  179.4  -69.0  170.2  1.039   92.8  3.813  5.371   72.2   86.1
V  -57.1  -40.2  111.1  179.3  166.5  -71.6  1.057  102.7  3.809  5.202   63.0   78.3
C  -66.5  -50.5  109.7  179.0  -73.4    nan  1.025   90.9  3.820  5.412   65.9   79.5
A  -55.1  -53.8  110.3 -179.8    nan    nan  1.037   96.2  3.789  5.245   69.3   81.6
R  -59.0  -26.3  114.0 -178.8  -70.5    nan  1.099  107.9  3.812  5.201   58.7   76.8
A  -96.7   -2.7  109.3  179.1    nan    nan  1.010   82.4  3.806  5.308   48.6   64.1
Q   54.8   33.9  109.2 -177.5  -75.9    nan  1.044  109.2  3.815  5.568 -131.8 -128.9
A -104.3  154.4  107.5  179.4    nan    nan  0.992  110.4  3.804  5.874  102.6  111.4
P  -81.1  159.8  112.0 -179.9   35.1    nan  0.963   89.0  3.831  5.482 -101.8 -105.0
P  -66.9  170.5  110.3  179.7   30.3    nan  0.956   70.5  3.825  5.394  -86.6  -87.3
P  -53.1  -33.3  112.2 -180.0  -34.4    nan  0.976  109.6  3.849  5.175  -61.8  -61.2
S -157.6 -178.1  105.7  178.3   68.9    nan  0.989  157.0  3.796  4.828  -30.4   -6.8
W -114.5   34.1  110.1  179.2  -78.3    nan  1.068   80.4  3.798  5.370 -118.9 -106.4
D  -79.2  160.6  105.3  178.4  -63.8    nan  0.984   84.8  3.768  6.038  129.4  135.0
Q  -42.9  -30.0  116.6 -178.1   14.0    nan  1.117  118.9  3.847  5.353  -58.9  -60.8
M  -57.5  -22.3  111.3  179.9  177.0    nan  1.028  112.4  3.806  5.553   90.0   99.4
W -114.0   38.2  115.4 -178.3  -47.9    nan  1.110   85.5  3.807  5.049   27.1   54.0
K  -65.9  -32.1  111.5  179.3   -8.7    nan  1.041   99.7  3.818  6.140  149.8  152.1
C  -56.5  -32.4  113.7 -179.5   48.7    nan  1.058  106.6  3.826  5.485   84.0   98.3
L  -93.1    7.9  114.5 -178.1  -64.1    nan  1.081   90.2  3.808  5.153   43.1   65.5
I  -67.8  -51.4  113.1 -178.9  -70.6  168.5  1.108   87.2  3.788  5.887  108.6  125.5
R  -51.4  -34.2  112.8 -179.6  -15.9    nan  1.066  110.3  3.799  5.331   74.8   85.9
L  -87.4  -14.9  113.7 -179.3  -61.8    nan  1.037   86.6  3.831  5.259   50.6   68.0
K  -26.7  -51.4  119.1 -177.5 -172.8    nan  1.180  112.7  3.831  5.761  126.9  144.2
P  -58.3  -28.3  114.5 -179.9  -32.7    nan  0.985  107.2  3.849  5.272   73.8   81.4
T  -90.3  -17.0  114.7 -178.9   62.5  -57.1  1.071   82.7  3.800  5.170   42.7   71.6
L  -76.6  120.2  109.7 -178.6  -60.7    nan  1.042   99.6  3.812  5.535   76.7   93.6
H -138.3  148.0  112.4 -178.1   55.6    nan  1.020  140.1  3.791  5.801  169.7  159.1
G   98.2 -170.1  116.8  178.1    nan    nan    nan  102.5  3.774    nan    nan   50.0
P  -80.1  152.5  110.2  179.8   36.3    nan  0.945   90.3  3.806    nan    nan  -62.3
T  -81.1  123.4  111.7  179.6  -59.4  179.1  1.001  102.7  3.788  5.629 -108.3 -109.9
P  -77.2   87.0  105.0  178.6   26.4    nan  0.910  105.3  3.817  5.769 -129.0 -139.0
L  -67.9  120.0  114.0 -177.0 -163.3    nan  1.084   97.9  3.828  6.202 -169.3 -159.1
L  -89.2  -40.4  111.2 -179.3  -58.8    nan  1.045   77.1  3.784  5.897 -142.5 -153.3
Y -168.6  178.2  104.3 -179.2   27.6    nan  0.941  168.9  3.797  4.695  -34.4  -24.3
R -111.6  127.4  113.0  179.0  -55.5    nan  1.092  120.8  3.810  5.453 -123.7 -106.6
L -123.1    1.1  108.0  179.5  -58.1    nan  0.984   57.3  3.805  5.821 -166.3  178.8
G -176.8 -160.8  108.5 -179.1    nan    nan    nan  159.5  3.779    nan    nan    5.1
A  -76.9  136.3  111.7 -178.8    nan    nan  1.047   94.8  3.791    nan    nan  -47.8
V -105.8   99.9  107.3  178.9  -50.4   72.4  1.062  109.2  3.801  5.868 -150.5 -153.5
Q  -92.8  -39.7  114.1 -179.3  -69.4    nan  1.098   72.6  3.794  6.086 -169.3 -172.4
N  -68.2  166.7  111.2  180.0 -172.9    nan  1.030   73.5  3.807  5.374   66.6   80.3
E  -67.2  153.5  104.3  177.4  -72.6    nan  0.941   75.8  3.798  5.265  -72.3  -82.0
V -121.5  149.3  112.2 -178.8  173.2  -64.5  1.006  127.9  3.794  5.662 -146.7 -145.3
T -123.4  145.7  103.2  173.5 -176.6   62.9  1.000  124.2  3.809  5.753 -159.4 -160.3
L -116.6   20.9  109.6  179.2  -60.3    nan  1.014   71.9  3.839  5.783 -146.7 -150.4
T  -92.4   -5.6  115.3 -178.4   58.6  -61.9  1.090   85.2  3.793  5.796   95.6  115.7
H  -65.9  138.9  109.9 -178.9 -161.2    nan  1.059   84.1  3.802  5.792  101.1  114.4
P  -50.6  -42.4  113.4  180.0  -33.4    nan  0.982  105.2  3.856  5.417  -79.1  -95.7
I  -63.9  -40.7  111.5  179.6  -55.9 -177.7  1.067   96.9  3.830  5.287   57.5   81.4
T  -60.8  -48.8  108.7  178.7  -54.9 -174.7  0.993   96.4  3.820  5.422   75.9   84.0
K  -61.7  -38.4  110.0  179.8  -56.5    nan  1.039  100.6  3.809  5.193   60.9   76.2
Y  -61.0  -56.9  110.5  178.7  172.4    nan  1.023   90.5  3.831  5.435   74.2   85.9
I  -58.1  -32.3  110.9 -179.6  -57.9 -176.7  1.074  106.5  3.815  5.175   57.9   73.5
M  -65.4  -34.5  111.3  178.7  -70.8    nan  1.059   99.0  3.810  5.509   74.4   88.0
T  -69.0  -25.0  109.4  178.4   57.1  -63.5  1.056  101.2  3.807  5.489   67.1   82.2
C  -72.3  -23.2  109.8  179.2  -71.4    nan  1.044   98.8  3.817  5.551   73.6   88.0
M  -78.7  -33.9  110.0  179.2  -53.2    nan  1.010   88.6  3.791  5.493   70.0   83.8
S  -71.7    nan  116.8 -178.3   49.5    nan  1.136    nan  3.832  5.282   60.5   84.2
