Id   phi    psi    tau  omega    chi    chi2  solid    eta  CA-CA  CB-CB  BA^AB  NA^AC
M    nan  106.8  109.4    nan  -75.3    nan  1.000    nan    nan    nan    nan    nan
D -175.6   82.4  109.4 -179.9 -170.5    nan  0.996   83.9  3.823  5.470  114.3  104.7
P  -46.7  -41.5  110.6 -179.9  -25.7    nan  0.974  110.1  3.809  5.984 -137.4 -148.0
F  -64.7  -42.9  110.0 -179.6 -140.8    nan  1.018   95.9  3.822  5.309   63.2   81.2
L  -54.7  -45.7  109.3 -180.0 -131.5    nan  1.002  102.2  3.830  5.416   78.8   88.7
V  -63.7  -33.1  108.9  179.6  153.8  -86.3  0.994  102.3  3.821  5.293   65.0   77.1
L  -66.5  -27.8  109.5  179.9 -176.0    nan  0.996  102.2  3.819  5.399   73.0   86.5
L  -80.0  -30.9  109.5 -179.9  -56.8    nan  1.004   88.9  3.821  5.371   61.9   79.1
H  -70.8  -31.5  109.4  179.9 -177.0    nan  1.001   96.7  3.818  5.419   70.1   84.6
S  -79.8  -56.1  109.6 -180.0  -90.7    nan  1.002   79.9  3.824  5.338   59.4   75.8
V  -58.4  -24.0  110.0 -179.9  -62.7   57.3  1.007  111.1  3.825  5.192   61.1   73.2
S  -58.9  -41.3  109.4  180.0  173.0    nan  1.000  101.5  3.830  5.597   91.0  102.3
S  -68.9  -25.7  109.9 -179.9  -29.0    nan  1.003  100.8  3.823  5.295   62.7   76.9
S  -89.8   13.9  110.5 -179.9 -129.2    nan  1.010   95.1  3.830  5.326   53.4   72.2
L -104.8  -44.4  108.8  179.8  -80.8    nan  0.994   66.4  3.837  5.660   77.3   94.2
S   66.8  174.0  109.5  179.8 -119.4    nan  1.002   64.9  3.820  5.336 -160.4 -159.1
S  -64.6  -15.7  110.0  179.9 -149.9    nan  1.004  109.3  3.816  5.221  -66.7  -67.7
S  -71.3  -60.2  110.0 -179.9 -117.3    nan  1.006   83.0  3.835  5.605   84.0   98.8
E  -64.9  -34.2  109.6 -179.8  -57.2    nan  1.007  100.4  3.828  5.128   49.9   63.6
L  -66.2  -32.0  109.3  179.9 -177.6    nan  0.999  100.5  3.820  5.417   72.9   85.9
T  -72.8  -33.3  109.6 -180.0  -74.3  165.4  1.001   94.1  3.823  5.380   66.7   81.7
E  -70.6  -64.7  109.5 -179.9  -55.1    nan  1.000   81.8  3.822  5.389   68.3   82.8
L  -54.2  -26.6  109.8 -179.9  -95.6    nan  1.007  113.6  3.824  5.115   57.9   69.1
K  -69.2  -45.1  109.4  179.9  176.0    nan  1.000   91.7  3.829  5.500   76.3   90.1
Y  -59.2  -52.0  109.5 -180.0 -122.6    nan  0.999   95.1  3.825  5.318   70.6   82.3
L  -61.7  -27.3  109.6  180.0  -86.2    nan  1.001  106.6  3.822  5.217   61.2   73.7
C  -68.5  -32.5  109.4  180.0  -88.9    nan  1.000   98.2  3.826  5.480   76.3   90.2
L  -54.8   97.4  109.5  180.0  -85.0    nan  1.000  101.3  3.822  5.504   87.3   98.1
G  111.4  -41.6  109.6  180.0    nan    nan    nan   86.3  3.824    nan    nan   15.6
R  -73.4  -60.3  109.5 -180.0  -77.1    nan  1.001   82.1  3.823    nan    nan   72.4
V  -89.7  -37.1  109.5 -180.0 -172.2  -52.3  0.999   78.6  3.823  4.942   21.8   39.8
G  140.2  170.7  109.6  180.0    nan    nan    nan  136.4  3.823    nan    nan  -79.8
K  -96.9  -36.7  109.5  179.9 -120.7    nan  1.000   72.9  3.821    nan    nan -102.1
R  -64.6  -30.6  109.5  180.0  -80.3    nan  1.000  102.5  3.822  5.385   72.0   85.1
K  -64.3  -43.1  109.5 -180.0 -108.4    nan  0.999   96.4  3.821  5.463   78.2   91.1
L  -69.4  -32.5  109.5 -179.9  -63.0    nan  1.001   97.4  3.822  5.270   60.5   74.8
E  -61.0  -31.9  109.5  180.0 -149.4    nan  1.001  104.9  3.823  5.464   80.0   92.3
R  -85.8  -29.6  109.6 -180.0 -128.7    nan  1.000   84.2  3.822  5.282   52.2   69.7
V  -57.1  163.3  109.6 -180.0   97.1 -142.9  1.002   63.9  3.823  5.523   87.2   98.7
Q -156.0  -45.0  109.4  179.9 -157.6    nan  1.000   42.1  3.823  5.499 -172.5 -172.5
S -115.9  -59.3  109.5  179.9 -179.4    nan  1.000   61.2  3.823  4.908    7.6   28.2
G  172.4  -49.8  109.6  179.9    nan    nan    nan   52.8  3.824    nan    nan  -64.2
L  -56.8  -22.5  110.0  179.9 -165.8    nan  1.004  113.4  3.822    nan    nan   80.3
D  -65.5  -52.1  109.6 -180.0  -93.2    nan  1.001   90.8  3.831  5.566   84.5   97.6
L  -64.0  -33.2  109.4 -180.0 -179.0    nan  0.999  101.7  3.824  5.208   58.7   71.5
F  -73.1  -21.9  110.0 -180.0  -49.0    nan  1.004   98.4  3.820  5.355   65.2   80.4
S  -79.9  -36.5  109.5 -180.0  175.9    nan  1.000   86.8  3.831  5.463   68.3   84.6
M  -71.2  -50.3  109.3  179.9  -53.0    nan  0.999   88.0  3.821  5.341   64.5   79.0
L  -59.1  -44.0  109.4  180.0  -75.5    nan  0.998   99.9  3.821  5.252   65.8   77.5
L  -66.0  -28.3  109.6  180.0  175.3    nan  1.001  102.3  3.822  5.283   63.5   77.0
E  -63.9  -47.3  109.4  180.0 -138.4    nan  1.000   94.5  3.824  5.500   80.6   93.6
Q -171.6   97.7  109.5  180.0   30.6    nan  1.001  100.4  3.821  4.673  -48.4  -34.5
N -177.0  -72.5  109.7 -180.0 -122.6    nan  1.002   71.5  3.821  5.428  102.9   94.3
D -167.4   40.9  109.7  180.0 -148.7    nan  1.001   46.4  3.823  4.673  -67.6  -52.8
L -136.0  137.9  109.3  180.0 -109.6    nan  1.001  133.5  3.824  5.570   75.0   87.7
E -165.9  170.1  109.4 -180.0 -110.8    nan  0.997  165.8  3.822  5.556  154.7  147.6
P  -48.0  -29.1  110.0  179.9  -25.3    nan  0.970  117.5  3.800  4.985  -50.7  -57.6
G -144.2   48.2  109.5  180.0    nan    nan    nan   66.7  3.823    nan    nan   13.4
H -167.7   91.6  109.5 -180.0 -124.8    nan  1.000   95.7  3.822    nan    nan   59.3
T -139.6   44.8  109.4  180.0   78.8  -41.3  0.999   67.2  3.823  5.803  131.6  130.7
E  -69.2  -24.9  110.0 -179.9 -127.3    nan  1.005  100.8  3.822  6.119  151.1  157.3
L  -72.2  -58.3  110.0 -179.9 -163.1    nan  1.004   83.3  3.829  5.481   74.4   89.3
L  -59.5  -56.6  109.9 -179.8 -174.9    nan  1.003   92.0  3.825  5.157   58.1   70.4
R  -56.0  -32.0  109.8 -179.7  129.4    nan  1.014  109.0  3.821  5.196   62.7   75.1
E  -60.7  -44.4  108.9  179.9  163.7    nan  0.997   98.7  3.827  5.515   81.3   92.9
L  -59.9  -42.0  108.9  179.8  -57.8    nan  0.997  100.7  3.815  5.322   70.2   81.9
L  -61.9  -30.2  109.0  179.7  -51.2    nan  1.000  105.2  3.821  5.356   70.0   82.3
A  -65.6  -37.9  108.6  179.8    nan    nan  0.993   98.5  3.821  5.471   77.3   89.7
S  -67.8  -32.8  108.7  179.6 -170.2    nan  0.994   99.0  3.814  5.346   66.8   80.3
L  -73.2  -13.8  110.2  179.8 -100.4    nan  1.002  101.6  3.823  5.360   65.4   80.5
R   68.8   38.9  109.4 -179.9 -144.0    nan  1.008   95.0  3.841  5.385 -129.3 -128.4
R  -86.2 -170.7  109.2  179.9 -102.1    nan  0.996   83.2  3.819  6.017  125.8  135.5
H -156.4  -46.7  109.5  180.0 -119.0    nan  1.000   43.5  3.822  5.309 -149.2 -141.7
D  -72.4  -37.0  109.6  180.0  -79.7    nan  1.000   92.8  3.822  5.210   53.7   68.5
L  -73.3  -37.1  109.7 -180.0 -100.5    nan  1.001   92.0  3.822  5.315   61.8   76.8
L  -75.1  -23.8  110.0 -179.9  -86.8    nan  1.003   95.9  3.824  5.299   59.6   75.2
R  -76.8  -44.9  109.9 -179.8 -156.8    nan  1.005   85.9  3.829  5.457   70.1   86.1
R  -68.1  -55.2  109.7 -179.9  -94.0    nan  1.002   87.5  3.826  5.268   60.5   74.5
V  -55.5  -53.1  109.7 -179.9  172.1  -67.9  1.000   96.7  3.823  5.212   65.5   76.6
D  -58.6  -27.2  109.9 -179.8 -168.3    nan  1.003  109.3  3.823  5.215   63.6   75.7
D  -63.7  -60.8  109.7 -179.9 -129.8    nan  1.001   87.3  3.826  5.514   82.1   95.0
F  -61.0  -23.9  110.1 -179.8  -94.0    nan  1.007  108.8  3.823  5.113   53.8   66.6
E  -69.5    nan  109.8 -179.9 -174.7    nan  1.003    nan  3.830  5.524   78.5   92.7
