Id   phi    psi    tau  omega    chi    chi2  solid    eta  CA-CA  CB-CB  BA^AB  NA^AC
A    nan   96.9  108.2    nan    nan    nan  1.011    nan    nan    nan    nan    nan
G   92.1    9.5  108.5 -178.2    nan    nan    nan   84.9  3.787    nan    nan   -1.9
E -112.3  166.4  111.9 -179.8  -68.7    nan  1.016  116.8  3.813    nan    nan   82.8
D -127.1   36.9  105.7  177.7  -76.6    nan  0.971   69.3  3.807  5.443 -139.9 -141.8
V  -80.5  -22.6  112.9 -178.7   68.1 -168.2  1.078   90.2  3.836  6.073  124.0  141.2
G   85.5 -162.4  114.1  179.3    nan    nan    nan   92.8  3.794    nan    nan -122.5
A  -79.9  144.5  115.3 -178.5    nan    nan  1.100   95.8  3.795    nan    nan  -50.4
P  -75.7  161.7  108.8  179.4   30.7    nan  0.930   82.1  3.828  5.451  -99.1 -115.9
P  -63.3  139.6  113.4  179.7   27.3    nan  0.997   83.5  3.813  5.422  -84.1  -79.8
D  -61.5  -34.4  109.9  178.5  168.2    nan  1.021  103.0  3.811  5.671  -99.4 -108.5
H -158.1  156.6  114.4  178.0   62.2    nan  1.133  155.9  3.801  4.833  -33.1   -7.4
L -134.1  118.8  107.9  179.4  -68.1    nan  0.998  121.9  3.790  5.525 -149.6 -160.3
W -109.8  129.2  108.0 -179.9  -69.1    nan  0.993  116.1  3.798  5.950 -166.9 -173.5
V  -65.0  145.6  111.3  179.5   70.6 -165.5  1.040   80.6  3.805  5.763 -110.2 -119.5
H -117.2  -53.7  106.4  177.5 -173.8    nan  0.988   61.8  3.809  5.737 -149.2 -155.0
Q -134.7  159.0  103.0  178.4 -171.3    nan  0.923  135.6  3.769  4.647  -16.2   -3.5
E  -49.0  119.6  110.4 -179.6 -128.0    nan  1.021   84.5  3.809  5.370  -66.1  -69.7
G   84.4   -8.3  117.7  179.4    nan    nan    nan   99.4  3.793    nan    nan    7.4
I -118.0  119.8  109.2  179.3  -57.3 -176.9  1.058  119.0  3.814    nan    nan   60.2
Y -114.8  167.5  111.6 -178.3  -66.2    nan  1.014  118.8  3.783  5.872 -165.0 -177.3
R -135.1  136.9  108.6  177.3  -76.2    nan  1.021  132.1  3.798  5.488 -151.2 -147.3
D  -95.1 -172.4  111.3 -179.6   59.9    nan  1.084   92.3  3.816  5.828 -138.9 -138.5
E  -60.7  -16.2  115.0 -179.7   61.4    nan  1.079  111.6  3.804  4.999  -48.3  -46.1
Y -100.9    6.6  113.1  179.8  -58.3    nan  1.044   81.8  3.842  5.384   52.7   70.8
Q   72.3   12.0  113.0 -178.9  -68.4    nan  1.085  102.8  3.825  5.413 -106.4 -105.8
R  -80.8  143.6  108.7  178.4  -65.4    nan  1.004   93.4  3.801  5.879  104.9  113.7
T  -90.8  145.1  113.2 -179.9   53.7  -66.8  1.094  103.7  3.790  5.730 -129.0 -126.8
W -129.2  135.4  106.3  179.1  -72.0    nan  0.956  127.1  3.805  5.647 -154.2 -169.2
V -103.2  125.4  107.7  179.2  175.0  -63.2  1.007  111.9  3.807  5.845 -148.4 -149.3
A -110.7  131.4  113.1 -179.5    nan    nan  1.079  120.6  3.803  5.882 -165.3 -165.3
V -122.5  147.5  109.2  178.4  -61.9   62.1  1.046  127.0  3.791  5.850 -168.3 -175.9
V  -92.5  133.8  110.6  179.4  176.6  -61.6  1.037  106.5  3.792  5.673 -120.2 -126.0
E -129.9   88.3  104.7  176.7  -56.3    nan  0.986  100.1  3.807  5.764 -174.3  177.6
E  -82.4  126.2  116.7 -177.1 -168.2    nan  1.093  106.4  3.779  6.053 -173.8 -170.7
E  -93.5 -176.8  106.4  177.8  -58.1    nan  0.981   92.6  3.804  5.839 -140.0 -155.9
T  -70.7  -46.2  112.3  179.9  -63.1  177.0  1.052   88.3  3.821  5.231  -67.5  -61.7
S  -96.4  -11.7  116.0 -177.4  -46.2    nan  1.083   78.6  3.786  4.882   28.6   50.4
F -157.1  179.1  113.8 -179.4   54.9    nan  1.096  157.5  3.803  4.895   -3.1   17.0
L -123.6  139.3  112.6 -178.8 -174.6    nan  1.046  128.9  3.767  5.233 -121.9 -118.2
R -124.1  151.3  108.4  178.1  -74.6    nan  0.997  128.1  3.793  5.769 -160.7 -170.1
A -126.8  128.2  105.5  177.4    nan    nan  0.976  122.6  3.797  5.626 -155.2 -157.7
R -104.9  118.9  103.5  178.6 -171.2    nan  0.965  108.8  3.795  5.866 -154.6 -159.8
V -118.7  123.7  110.7 -176.6 -159.1  -36.1  1.036  121.6  3.795  5.952 -177.7 -177.6
Q -119.9  138.5  113.1 -179.5  -65.9    nan  1.063  126.8  3.796  5.873 -173.6 -178.5
Q  -82.0   94.1  108.9  179.8 -153.4    nan  1.027  108.1  3.799  5.686 -117.6 -128.3
I -128.9  134.4  108.0  179.5  -61.4  175.6  1.001  127.7  3.785  5.950  149.0  141.7
Q  -72.1  112.8  109.9  178.9 -176.7    nan  1.008  100.3  3.810  5.697 -111.2 -122.1
V -126.8  159.6  108.5  179.7  -66.7   55.6  1.027  130.6  3.813  5.945  165.8  163.1
P  -69.9  154.1  110.4  180.0   32.2    nan  0.945   80.5  3.813  5.301  -81.5  -89.2
L -122.2  129.3  107.4  178.6  -71.0    nan  0.997  122.3  3.773  5.709 -153.9 -149.2
G -110.3 -137.2  105.1  178.2    nan    nan    nan   95.1  3.770    nan    nan -164.7
D  -73.9  148.7  110.5  179.1  -57.5    nan  1.008   86.5  3.792    nan    nan  -20.9
A  -73.4  139.0  104.1  177.0    nan    nan  0.951   86.4  3.806  5.514  -98.9 -109.5
A  -72.3  152.7  111.3 -179.8    nan    nan  1.047   83.6  3.794  5.718 -112.3 -113.2
R  -76.2  139.1  108.0  178.3  -56.9    nan  0.986   91.0  3.819  5.535  -95.8 -106.2
P  -53.0  -29.7  113.1  179.8  -32.7    nan  0.989  111.5  3.833  5.428  -86.8  -96.8
S  -57.9  -36.1  111.5  179.4   53.9    nan  1.064  104.3  3.828  5.478   75.7   98.2
H  -78.2  -30.4  111.1  178.7  -84.0    nan  1.015   89.9  3.822  5.367   59.1   72.5
L  -81.0  -14.7  115.9 -178.3  -52.9    nan  1.105   92.4  3.794  5.195   55.5   78.7
L  -58.6  -31.7  113.9 -179.2  -65.1    nan  1.066  105.2  3.834  5.773  101.0  113.3
T  -88.9  -12.5  116.3 -178.1   59.2  -61.7  1.091   85.5  3.803  5.205   49.7   70.9
S  -60.2  150.9  114.7 -179.0  179.8    nan  1.071   75.1  3.821  5.697  100.8  114.0
Q  -79.6  -22.8  110.7  178.1  -65.5    nan  1.038   91.9  3.819  5.551 -104.8 -111.9
L  -93.3  151.7  109.3  179.2  -91.0    nan  1.016  101.9  3.829  5.338   52.5   69.6
P  -81.9  167.8  116.5 -179.5   37.5    nan  1.019   87.5  3.841  5.482 -105.7 -108.5
L  -72.6  -29.1  108.8  178.4  -63.8    nan  0.997   96.4  3.794  5.355  -82.9  -85.6
M -159.5  153.4  114.0 -179.4   63.5    nan  1.048  154.3  3.794  4.711  -20.5   -3.0
W -127.4  136.6  104.6  177.8  -88.6    nan  0.945  125.4  3.795  5.574 -149.1 -158.9
Q -127.3  127.0  107.1  179.6 -177.5    nan  0.971  123.5  3.805  5.742 -169.4 -172.2
L  -55.1  127.9  110.7  179.9 -164.8    nan  1.071   83.0  3.814  5.801 -106.3 -111.4
Y -122.1  152.7  108.8 -177.5 -161.9    nan  0.976  126.7  3.808  5.786 -162.9 -177.5
P  -54.9  149.7  113.3 -180.0  -31.0    nan  0.969   70.5  3.878  5.403  -75.7  -83.1
E   76.9   37.6  112.5  179.4  -51.9    nan  1.069   87.2  3.819  4.794   48.1   33.6
E   45.0   68.8  115.9  179.4  -70.7    nan  1.146   88.1  3.811  5.652 -100.7 -104.7
R -160.6  165.1  108.5  178.2   49.6    nan  1.050  159.8  3.761  5.565   91.0   81.8
Y -118.0  143.5  111.2 -179.5  -75.9    nan  1.011  124.6  3.791  5.510 -127.9 -129.8
M -107.6  127.8  104.7  176.2  179.7    nan  0.977  112.1  3.771  5.691 -143.9 -148.9
D  -89.0 -173.2  112.1  179.7   62.8    nan  1.099   86.5  3.807  5.901 -143.5 -141.3
N  -69.6  -16.0  114.8 -179.5   51.1    nan  1.101  103.2  3.810  5.060  -60.4  -55.3
N  -98.0    8.1  111.7  178.4  -61.9    nan  1.030   85.0  3.832  5.464   56.1   72.4
S   75.7    9.0  114.7 -178.8  -78.1    nan  1.115  100.4  3.849  5.453 -103.4 -101.3
R  -81.7  151.5  109.6  179.3  -58.7    nan  1.020   91.8  3.808  5.845  102.3  111.1
L -104.3  139.5  112.3 -179.6  -93.5    nan  1.057  115.3  3.809  5.634 -131.8 -132.6
W -122.4  119.4  107.1  179.7  -64.5    nan  0.984  118.6  3.788  5.715 -156.4 -167.4
Q  -78.2  132.1  111.5 -179.4 -178.0    nan  1.013   97.4  3.799  5.889 -132.8 -140.5
I  -82.8  106.4  103.9  176.8  -66.7  172.3  0.963  101.2  3.803  5.843 -126.4 -136.6
Q  -80.4  -32.6  111.6 -179.8  -58.2    nan  1.094   86.9  3.820  6.046 -156.2 -153.9
H -160.7  148.8  112.4  174.4   82.6    nan  1.196  150.8  3.789  4.984  -38.3  -10.5
H -138.7  101.0  104.8 -179.9  179.1    nan  0.956  108.0  3.797  5.623 -153.1 -174.5
L -145.1  173.3  114.4 -178.1   27.2    nan  1.098  147.4  3.769  5.719  132.2  136.4
M  -97.4  119.4  105.1  179.0 -157.0    nan  0.938  106.8  3.774  5.208  -95.6 -103.0
V -122.7  116.6  108.9  179.6  179.0  -60.0  1.020  119.0  3.806  5.923  174.3  175.6
R   55.2   33.8  111.2 -178.9  -81.1    nan  1.078  108.0  3.798  4.942    2.7  -19.3
G   87.4   -1.6  117.0  178.9    nan    nan    nan   93.3  3.805    nan    nan  -69.5
V -112.4  134.0  111.1 -179.8  177.1  -61.0  1.028  120.3  3.814    nan    nan   72.5
Q  -70.4  132.4  108.3  178.9 -168.1    nan  1.012   89.5  3.806  5.707 -110.1 -121.8
E -133.7  134.7  115.7 -177.8  172.2    nan  1.085  135.1  3.802  5.747 -179.9  179.4
L -112.1  136.3  106.1  177.2  -77.0    nan  0.961  116.7  3.806  5.794 -150.2 -164.6
L -117.7  107.3  104.8  176.4 -176.1    nan  0.999  110.7  3.786  5.795 -164.3 -165.2
L -103.7  142.3  113.8 -178.1  -54.6    nan  1.045  115.3  3.815  6.003 -170.0 -175.7
K -125.9  121.3  109.7  179.5 -175.7    nan  1.019  122.5  3.782  5.676 -162.1 -166.7
L  -72.1  118.1  109.6  179.4  176.7    nan  1.029   97.9  3.802  5.881 -125.3 -135.0
L  -90.9  155.1  111.3 -179.4  -60.1    nan  1.025   99.6  3.795  5.903 -146.6 -155.6
P  -66.6  143.2  108.8  179.8   27.7    nan  0.939   81.9  3.836  5.349  -83.8  -92.9
D  -66.8  128.2  110.9 -179.3 -172.3    nan  1.054   90.8  3.796  5.779 -106.2 -104.5
D -117.7    nan  110.2  179.5 -170.2    nan  1.043    nan  3.794  5.826 -166.8 -172.0
