Id   phi    psi    tau  omega    chi    chi2  solid    eta  CA-CA  CB-CB  BA^AB  NA^AC
M    nan   73.8  109.5    nan  -39.4    nan  1.000    nan    nan    nan    nan    nan
D  -58.8  163.2  109.4 -180.0  -97.5    nan  0.999   65.6  3.822  6.144 -162.0 -166.6
P  -71.6  -49.0  109.9 -180.0   24.5    nan  0.971   87.9  3.803  5.245  -83.0  -88.3
F  -58.8  -25.3  109.5  179.9 -143.9    nan  1.004  110.3  3.822  5.258   63.5   79.1
L  -75.8  -49.4  109.3  180.0 -104.5    nan  0.999   85.2  3.828  5.458   70.2   85.3
V  -54.9  -30.3  109.2  179.9  143.7  -96.5  0.999  111.1  3.823  5.297   71.4   82.2
L  -79.1  -35.3  108.5  179.8  157.8    nan  0.988   88.5  3.817  5.335   61.0   76.9
L  -66.3  -18.8  109.9  179.8  -75.1    nan  1.003  106.3  3.822  5.390   69.6   84.5
H  -73.6  -27.5  109.7 -180.0 -156.8    nan  1.003   95.8  3.833  5.552   78.6   93.6
S  -87.1  -53.6  109.7 -179.9  -83.7    nan  1.001   76.0  3.827  5.328   55.0   72.8
V  -61.0  -30.0  109.7 -179.9  -49.2   70.8  0.999  105.8  3.823  5.204   60.9   73.0
S  -57.4  -33.3  110.7 -179.7  164.2    nan  1.009  106.7  3.830  5.504   86.4   98.5
S  -72.3  -28.8  110.3 -179.6 -130.6    nan  1.011   96.2  3.833  5.379   66.2   81.8
S  -79.0  -21.5  109.6  179.9 -143.1    nan  1.001   93.3  3.822  5.387   63.2   79.1
L  -61.8  -62.4  109.6  179.9  -53.0    nan  0.995   87.5  3.830  5.601   90.0  101.8
S   64.3 -174.5  109.8 -180.0 -117.5    nan  1.003   66.3  3.819  5.259 -178.8 -177.9
S  -61.2  -18.0  110.3 -179.9 -142.5    nan  1.008  111.4  3.826  5.066  -52.3  -50.5
S  -65.1  -61.7  109.7 -179.9  -99.6    nan  1.002   86.0  3.834  5.626   89.4  102.3
E  -59.5  -48.5  109.8 -179.9 -131.7    nan  1.002   96.7  3.824  5.121   55.2   67.0
L  -53.5  -32.0  110.1 -179.8 -117.3    nan  1.006  111.0  3.823  5.313   74.0   84.8
T  -68.1  -57.6  110.2 -179.7  -68.4  171.4  1.007   85.9  3.824  5.415   72.4   86.7
E  -60.3  -66.0  110.2 -179.6  160.3    nan  1.003   85.8  3.826  5.148   58.0   70.5
L  -49.4  -26.0  111.0 -179.5  -75.7    nan  1.020  117.7  3.831  5.103   61.2   73.2
K  -70.5  -53.3  109.4  179.9  155.5    nan  1.004   87.1  3.831  5.517   75.7   89.9
G  -55.9  -54.4  109.7  179.9    nan    nan    nan   95.7  3.826    nan    nan   77.8
L  -64.2  -21.1  110.0 -180.0 -128.4    nan  1.003  107.2  3.824    nan    nan   69.4
C  -72.0  -30.0  109.4  180.0  -89.8    nan  1.001   96.4  3.832  5.540   78.1   92.8
L  -54.2  -45.0  109.5  179.9  -92.3    nan  0.995  102.9  3.822  5.541   90.8  101.0
G -105.1   45.4  109.6 -180.0    nan    nan    nan   92.7  3.821    nan    nan   39.1
R -159.3  -66.7  109.7  180.0 -149.5    nan  1.004   61.4  3.821    nan    nan   66.4
V  -80.0  -72.6  109.6 -179.9  176.2  -63.9  1.002   74.7  3.823  4.948   26.7   43.2
G  164.3  134.2  109.5 -179.9    nan    nan    nan  127.3  3.823    nan    nan  -85.6
K  -66.1  -42.5  109.5 -180.0  -95.2    nan  0.999   95.3  3.822    nan    nan -114.6
R  -59.3  -39.3  109.6 -179.9 -113.0    nan  1.002  102.3  3.822  5.348   72.7   84.7
K  -67.4  -34.0  109.5 -179.9  -64.8    nan  1.000   98.5  3.823  5.335   66.5   80.1
L  -67.9  -29.7  109.5 -180.0  -83.9    nan  1.002  100.0  3.822  5.395   70.6   84.6
E  -55.0  -29.5  109.5  179.9  -82.7    nan  1.001  111.4  3.822  5.540   89.6  100.5
R  -95.1  -28.8  109.6  180.0  -67.3    nan  1.002   76.1  3.824  5.234   44.0   63.0
V  -54.2  141.5  109.5  180.0   95.1 -145.0  1.001   73.2  3.827  5.556   91.2  102.1
Q -141.0  -47.3  109.2 -180.0  -56.8    nan  0.998   47.3  3.822  5.696 -178.3  179.3
S -117.3 -161.1  109.1  179.9   -6.1    nan  0.997  109.8  3.819  4.876    4.0   24.4
G  -81.1  -43.3  109.5  180.0    nan    nan    nan   83.5  3.822    nan    nan  -53.5
L  -64.1  -17.5  110.3 -180.0 -102.6    nan  1.010  108.8  3.822    nan    nan   79.7
D  -71.1  -59.3  109.2  179.9  -72.7    nan  0.999   84.1  3.834  5.602   83.1   97.0
L  -59.3  -35.8  109.8  179.9 -169.6    nan  1.001  104.2  3.823  5.147   57.3   69.1
F  -70.0  -28.2  109.8 -179.9  -55.0    nan  1.003   98.7  3.829  5.370   66.9   81.1
S  -75.5  -32.8  109.8 -179.9 -174.3    nan  1.003   91.9  3.826  5.410   67.7   83.1
M  -72.2  -51.9  109.7 -179.9  -70.3    nan  1.002   86.4  3.824  5.380   67.0   81.8
L  -55.8  -53.4  109.4  180.0  -61.4    nan  1.000   96.6  3.823  5.258   68.2   79.2
L  -55.5  -29.8  109.5 -180.0  171.1    nan  1.000  110.8  3.821  5.238   67.0   78.1
E  -57.1  -61.1  109.5  180.0 -133.4    nan  1.000   91.0  3.823  5.524   87.1   98.5
Q -167.8   88.9  109.5  180.0 -150.9    nan  1.000   92.9  3.821  4.663  -57.5  -42.8
N -168.9  -71.1  109.5 -180.0  -97.0    nan  0.999   67.7  3.823  5.492  100.6   95.3
D -173.1   70.3  109.4 -180.0 -158.3    nan  1.000   72.7  3.821  4.678  -71.7  -58.0
L -165.9  116.5  109.4 -179.9 -139.0    nan  0.999  120.3  3.823  5.439   81.8   81.7
E -171.2  159.4  109.3  180.0   45.5    nan  0.998  160.6  3.822  5.525  128.3  119.3
P  -49.1   93.4  110.1  179.9  -25.0    nan  0.970  102.8  3.809  5.154  -61.5  -71.5
G  104.0   37.0  109.6 -180.0    nan    nan    nan   67.1  3.824    nan    nan    4.4
H -179.3   50.9  109.5  180.0 -140.9    nan  1.001   51.1  3.822    nan    nan   35.4
T -113.6   36.8  109.3 -180.0   43.4  -76.8  0.998   82.0  3.823  5.876  109.7  120.1
E  -69.2  -28.4  109.7 -179.9  -84.1    nan  1.001   99.3  3.822  6.082  141.7  149.8
L  -68.2  -57.1  109.8 -179.9 -171.7    nan  1.001   86.4  3.825  5.460   75.7   89.7
L  -56.5  -54.8  110.0 -179.8 -170.4    nan  1.005   94.9  3.824  5.186   62.5   74.2
R  -54.6  -27.2  110.0 -179.8  104.1    nan  1.012  112.9  3.825  5.231   66.4   78.2
E  -67.3  -49.2  109.4 -179.9 -163.5    nan  1.001   91.2  3.826  5.509   78.2   91.6
L  -57.7  -43.2  109.5 -180.0  -63.0    nan  1.001  101.3  3.822  5.271   68.4   80.0
L  -61.7  -33.5  108.7  179.8  -48.9    nan  0.996  103.8  3.821  5.338   69.1   81.4
A  -64.6  -32.8  108.7  179.6    nan    nan  0.993  101.8  3.815  5.427   74.9   87.4
S  -66.3  -41.1  109.2  179.8 -140.9    nan  0.997   96.1  3.819  5.416   73.4   86.8
L  -66.0  -15.1  109.6  179.7 -131.5    nan  0.996  108.3  3.827  5.346   66.7   79.5
R   72.9   28.9  109.2 -179.6 -144.9    nan  1.013   96.1  3.848  5.372 -126.8 -125.5
R  -99.8   94.6  109.1  179.7  -96.1    nan  0.996  109.6  3.824  5.853   99.7  113.0
H  -80.8  -18.4  110.5 -179.7  -91.1    nan  1.009   92.5  3.822  6.085 -163.9 -167.2
D  -70.2  -38.0  110.0 -179.7  -88.8    nan  1.008   93.9  3.835  5.588   83.0   97.5
L  -91.0  -51.8  108.4  179.8  -23.8    nan  0.996   74.9  3.825  5.227   41.4   58.7
L  -53.4  -28.1  109.5 -179.9 -176.0    nan  1.002  113.6  3.804  5.219   71.3   81.3
R  -66.6  -43.3  109.6 -180.0  168.4    nan  1.006   94.5  3.831  5.518   77.0   91.4
R  -66.3  -38.0  109.9 -179.9 -127.6    nan  1.001   97.2  3.824  5.298   64.6   77.6
V  -57.5  -63.8  109.8 -179.9 -174.1  -54.2  1.002   88.8  3.826  5.415   79.0   90.7
D  -70.3  -11.0  110.6 -179.9 -163.8    nan  1.009  105.6  3.824  5.019   40.3   55.3
D  -78.7  -29.8  109.7 -179.8  167.5    nan  1.003   90.3  3.835  5.612   80.7   96.4
F  -53.6  -25.4  110.0 -179.8  146.2    nan  1.005  114.7  3.826  5.550   91.5  102.0
E -112.1    nan  110.3 -179.8 -155.9    nan  1.006    nan  3.828  5.124   30.2   50.8
