Id   phi    psi    tau  omega    chi    chi2  solid    eta  CA-CA  CB-CB  BA^AB  NA^AC
T    nan  -53.9  112.8    nan  109.0  109.0  1.077    nan    nan    nan    nan    nan
G  115.1  -15.0  112.7 -179.3    nan    nan    nan   71.4  3.824    nan    nan -120.7
R  -50.4  140.4  114.5 -179.8  -66.6    nan  1.057   73.3  3.838    nan    nan  119.5
A  -82.0  157.3  109.6  179.1    nan    nan  1.041   90.0  3.774  5.598 -118.3 -126.8
Y -143.7  165.6  108.6  179.3   56.8    nan  1.054  145.9  3.821  5.626 -166.9 -168.1
N   69.1   39.5  112.2 -179.5  -87.5    nan  1.056   92.9  3.851  4.873   66.6   47.2
L  -70.6  114.8  108.1  179.0  -79.9    nan  0.976   97.3  3.836  6.147  150.1  148.8
T -135.8  147.1  112.3 -179.2   68.3  -52.0  1.043  138.2  3.799  5.817  158.8  158.1
W  -92.5  137.4  112.3  179.9  -63.5    nan  1.045  106.8  3.809  5.627 -122.5 -126.4
K -122.1  113.3  103.5  178.2  -64.7    nan  0.964  113.1  3.801  5.773 -161.1 -169.8
S -144.5  135.4  112.0 -176.9 -164.4    nan  1.015  137.1  3.799  5.747  153.7  149.2
T -150.9  122.2  105.0  179.2  -62.8  176.9  0.958  124.9  3.815  5.708  169.0  157.5
N   58.3   29.8  114.7 -178.1  -81.4    nan  1.108  106.2  3.832  5.004    8.1   -9.3
F   83.0   -6.8  115.3  179.5  -64.3    nan  1.186   99.8  3.858  5.451  -74.1  -76.1
K  -75.3  108.9  100.8  176.2  179.0    nan  0.909   95.1  3.841  5.910  100.2   97.8
T -119.3  131.2  117.8 -174.5  -46.2 -167.7  1.104  129.0  3.820  5.909  168.2  175.6
I -136.9  138.4  112.7 -178.1  -75.0  160.4  1.024  136.2  3.808  5.764 -176.5  167.4
L  -99.7  138.1  106.2  177.1 -176.9    nan  0.976  108.0  3.813  5.766 -138.7 -146.9
E -130.8  152.6  108.3  179.6  -56.2    nan  1.002  133.6  3.826  5.787 -171.8 -173.8
W -156.6 -174.0  112.9  179.8   62.6    nan  1.041  153.7  3.809  5.526  176.4  175.1
E -138.4  159.7  111.0  177.3  -75.9    nan  1.054  141.6  3.823  5.296 -137.8 -126.5
P -101.3  162.8  115.0    0.3   41.2    nan  0.966  108.0  2.998  4.308   47.3   43.0
K  -70.0  127.8  101.6  177.1 -151.6    nan  0.908   86.5  3.790  5.373  -85.4  -91.4
S -133.4  153.7  115.8 -177.8 -176.6    nan  1.108  139.1  3.815  5.794  168.0  178.7
I -109.4  -16.0  106.2  178.1 -179.7   55.8  1.004   66.9  3.811  5.625 -130.6 -140.4
D  -89.7  -21.9  115.0  179.7  -91.0    nan  1.054   81.2  3.838  5.464   61.2   80.4
H -133.9  157.9  117.1 -177.5  -67.8    nan  1.069  140.0  3.848  4.936   13.9   35.1
V -122.7  158.1  105.6  174.7  -75.3   50.8  1.062  125.8  3.831  5.629 -151.2 -149.6
Y -125.6  140.0  117.7 -174.3  -53.9    nan  1.069  133.5  3.833  5.568 -137.9 -140.9
T -115.7  131.3  107.8  177.0  -70.2  170.7  1.081  119.6  3.798  5.774 -162.2 -161.0
V -108.5  130.4  115.1 -178.3  179.2  -59.2  1.100  120.7  3.813  5.916 -150.5 -156.7
Q -124.3  154.8  112.4  178.3  -50.7    nan  1.051  130.1  3.844  5.851 -169.9 -178.3
I -129.8  152.6  110.6  178.6 -168.0   70.4  1.080  133.9  3.842  5.671 -157.9 -156.0
S -158.2  161.8  111.0  179.0   67.9    nan  1.021  157.5  3.835  5.627  179.7  172.3
T -134.1 -174.8  104.7  177.2   60.0  -61.1  0.973  132.6  3.811  5.597 -151.3 -154.2
R  -77.6  -10.3  108.8  179.2 -162.4    nan  0.988   98.9  3.822  5.082  -69.8  -67.5
L -102.5  -26.2  112.0 -179.9  -63.2    nan  1.010   69.2  3.833  5.386   54.4   73.5
E -131.3  135.8  116.7 -177.3  -75.9    nan  1.078  135.1  3.843  4.872   10.2   33.3
N  -73.7  161.2  113.7 -179.9  -67.7    nan  1.073   81.9  3.831  5.685 -112.5 -123.5
W  -45.7  134.7  111.8 -178.6  -65.0    nan  1.046   72.5  3.851  5.290  -52.9  -65.5
K -141.0  129.4  106.5  178.9 -174.8    nan  0.989  129.2  3.774  5.641  177.7  168.5
S  -72.6  136.6  113.5  179.5  -60.2    nan  1.054   92.5  3.826  5.837 -119.0 -125.1
K -117.7  -56.1  107.7  178.3  -52.6    nan  1.020   61.1  3.820  5.777 -158.8 -166.9
C  -96.3  124.9  106.3  177.5  -79.6    nan  0.994  106.9  3.823  5.048   17.9   33.8
F -108.1  116.7  113.8 -179.4  -70.0    nan  1.044  118.8  3.853  5.969 -159.0 -163.3
L   43.1   58.4  117.0  177.6  -47.0    nan  1.103   96.7  3.806  4.861  -12.4  -36.2
T  -95.9  159.8  112.1  178.9 -168.5   71.5  1.044  103.0  3.827  6.127  140.7  141.7
A -104.2   -6.6  108.7  178.5    nan    nan  1.016   73.8  3.813  5.473 -122.9 -125.1
E  -71.2  169.3  109.4  177.7  -68.0    nan  1.001   75.1  3.826  5.728   91.3  104.8
T -121.9   34.8  112.1  178.1   36.3  -86.3  1.129   75.4  3.814  5.582 -143.9 -128.3
E -158.3  148.6  108.2  177.6   80.4    nan  1.039  148.6  3.799  5.474   51.0   54.8
C -140.4  126.7  110.0  179.7 -176.2    nan  1.021  129.4  3.830  5.679 -168.0 -173.1
D  -78.7  116.5  109.6  179.3 -173.4    nan  1.010  101.9  3.808  5.827 -125.3 -136.7
L -113.1   12.8  114.5 -179.1  -68.3    nan  1.083   72.7  3.816  5.925 -176.8 -176.8
T  -46.1  -49.2  115.2 -179.5  -53.0 -175.7  1.082  102.8  3.801  6.034  142.2  149.7
D  -63.8  -25.2  115.5 -177.6   67.8    nan  1.187  103.6  3.818  5.250   53.6   79.5
E  -81.1  -45.5  110.9  179.2 -171.0    nan  1.067   81.8  3.773  5.563   66.7   81.2
V  -66.4  -24.4  115.3 -179.3  -56.0   68.4  1.193  101.7  3.784  5.344   52.3   78.1
V  -81.0   -5.1  116.2 -179.5  -65.5   58.4  1.176   96.7  3.832  5.642   64.1   84.6
K  -57.1  -36.1  105.3  176.9 -100.2    nan  0.974  107.9  3.827  5.992  121.1  118.3
D -165.9  100.5  109.3  176.0 -175.0    nan  1.076  104.8  3.837  4.928  -41.4  -21.1
V  -67.2   -2.4  115.1  179.2  -66.7   57.0  1.145  111.7  3.810  6.113 -142.3 -150.1
G  -91.7  -11.1  114.3  178.5    nan    nan    nan   83.8  3.828    nan    nan   92.0
Q  -85.4  156.6  112.4 -179.6  -52.8    nan  1.026   94.4  3.831    nan    nan   90.5
T  -96.6  125.6  107.6  177.9  -61.3  177.1  1.001  108.1  3.820  5.569 -119.3 -121.4
Y -111.8  154.6  115.5 -178.1  -58.4    nan  1.071  120.4  3.860  5.932 -162.5 -165.9
M -139.5  140.5  108.2  176.0 -166.5    nan  1.018  135.7  3.822  5.598 -164.7 -169.3
A -120.9  165.5  107.6  179.5    nan    nan  0.993  124.3  3.784  5.685 -156.6 -162.7
R -149.1  145.5  110.2  176.7   74.8    nan  1.060  143.9  3.822  5.585 -169.6 -163.1
V -107.8  122.3  109.3  179.0 -169.5  -52.5  1.070  115.4  3.771  5.709 -142.2 -143.8
L -101.7  137.2  106.6  177.3  -67.9    nan  0.959  109.8  3.827  5.934 -147.8 -165.7
S -108.8  137.9  113.5 -179.8  -55.1    nan  1.050  119.5  3.838  5.791 -152.9 -150.9
Y -133.9  133.7  109.4 -180.0  -60.9    nan  0.999  130.7  3.855  5.792 -171.9 -179.1
P  -57.5  137.4  112.0  179.5  -32.2    nan  0.965   79.6  3.864  5.582  -95.6 -107.0
A  -92.9  -27.8  115.8 -178.9    nan    nan  1.096   75.7  3.834  5.861 -140.9 -136.0
R -136.6   70.2  112.7 -179.6  -55.7    nan  1.056   90.1  3.826  4.936    4.8   24.2
N   65.4   25.0  110.8  121.0 -160.7    nan  1.016  103.9  8.705  9.621  -71.0 -118.8
T  -80.4  -35.5  115.3 -178.9 -144.8   92.2  1.166   83.8  3.828  5.942  104.5  130.9
T -138.3  178.4  107.9  178.6   54.3  -67.5  0.961  138.8  3.890  5.194    3.3   12.8
G  -99.9   10.3  109.3  177.5    nan    nan    nan   83.7  3.799    nan    nan  -97.3
F -127.8   73.7  105.0  178.8  -57.2    nan  0.959   91.4  3.803    nan    nan   64.9
P  -63.6  140.4  111.1 -179.9   31.4    nan  0.975   82.1  3.817  6.083 -170.5 -168.9
E  -79.6  167.0  112.2 -178.7  -60.3    nan  1.051   84.7  3.798  5.822 -119.8 -120.7
E  -73.7  138.3  106.6  177.9  -69.7    nan  0.957   88.5  3.776  5.190  -79.2  -87.7
P  -63.2  135.8  113.1  180.0   22.7    nan  1.009   85.4  3.796  5.617 -103.4 -104.8
P  -75.4  141.0  108.4  179.9  -13.0    nan  0.908   89.8  3.835  5.743 -111.6 -123.4
F -134.0  159.5  116.1  178.9   67.4    nan  1.125  139.6  3.834  5.785  173.3 -172.4
R -135.7  119.2  108.7  178.5  180.0    nan  1.003  123.0  3.797  5.495 -150.2 -158.6
N  -81.0  144.9  108.1  179.5  -79.2    nan  1.007   92.8  3.812  5.929 -136.4 -145.5
S  -90.1  173.8  110.2  179.6   75.6    nan  1.003   92.3  3.785  5.648 -120.4 -126.0
P  -73.3  171.4  105.6  178.5  -31.8    nan  0.874   75.7  3.824  5.129  -71.9  -77.7
E  -76.7  156.4  108.1  177.2  -58.7    nan  1.019   84.8  3.823  5.496  -95.8  -83.5
F -145.7  120.8  111.4 -178.9 -175.7    nan  1.025  126.8  3.838  5.584 -166.6 -169.2
T -114.7  100.0  104.1  179.5  -47.9 -167.9  0.964  106.9  3.838  5.963 -170.7 -178.5
P  -38.8  -55.4  119.9 -178.4  -29.8    nan  1.122  100.7  3.848  5.918 -117.8 -119.4
Y  -61.8  -21.0  115.8 -178.2   92.8    nan  1.165  107.7  3.802  5.222   49.0   76.7
L -105.9  -36.0  112.7  179.3  -65.4    nan  1.029   63.9  3.837  5.453   47.3   61.5
D  -88.0  -20.8  120.1 -176.7  -59.5    nan  1.190   81.7  3.793  5.030   39.8   70.4
T  -68.3  140.0  111.5  179.6 -160.4   78.4  1.087   86.3  3.813  5.711   84.8   98.0
N  -79.3  144.3  111.2  179.2  -73.1    nan  1.019   93.2  3.860  5.802 -109.1 -121.7
L  -79.9  137.2  105.4  177.5  -63.9    nan  0.977   92.8  3.814  5.616 -111.2 -119.8
G  -89.4  158.8  114.2 -178.5    nan    nan    nan   97.9  3.770    nan    nan -129.9
Q  -56.1  124.6  110.0 -180.0 -172.1    nan  1.011   85.3  3.795    nan    nan  -79.7
P  -70.0  176.7  112.4  180.0  -21.2    nan  0.966   71.2  3.862  5.773 -117.2 -128.2
T -143.7  122.2  112.0  179.1  -93.1  147.4  1.074  128.1  3.817  5.558 -157.6 -142.7
I  -75.3  107.3  105.6  178.1  -61.9  177.0  1.006  100.0  3.787  5.864 -123.8 -140.6
Q  -82.8  -24.7  111.1 -179.1 -168.5    nan  1.016   87.9  3.772  5.924 -146.9 -157.8
S -168.2  155.3  113.0 -179.9  176.3    nan  1.060  157.3  3.826  4.805  -28.1   -9.2
F -164.3  158.8  109.7  180.0   60.5    nan  1.016  158.5  3.833  5.528  175.8  166.7
E -178.6  145.3  112.0  178.5   67.4    nan  1.086  145.8  3.831  5.431  158.6  155.2
Q -110.3  109.3  110.1 -179.4 -172.0    nan  1.026  114.8  3.805  5.643 -138.7 -146.9
V  -89.5   68.9  110.4  179.6 -161.7  -37.6  1.018  109.2  3.836  6.068 -153.9 -164.7
G   76.3  -86.0  112.1 -179.8    nan    nan    nan  112.4  3.811    nan    nan  -45.5
T -113.7   10.8  109.5  179.2 -172.6   65.7  1.042   70.3  3.793    nan    nan   -6.7
K -119.3  102.2  116.8 -179.1  -74.9    nan  1.123  119.2  3.828  5.502   54.8   79.1
L  -87.1  129.1  107.2  178.0 -175.1    nan  1.011  101.4  3.816  6.043 -157.2 -172.6
N -128.3  128.6  112.3 -179.2  171.4    nan  1.062  128.3  3.803  5.801 -177.1  179.4
V -128.5  140.9  110.9 -179.4 -163.0  -39.2  1.039  131.2  3.831  5.884 -174.9  176.5
T -127.1  125.3  111.2 -179.4  -70.3  168.1  1.057  125.7  3.798  5.717 -164.4 -168.3
V  -90.6  128.3  111.1 -179.5  178.5  -55.3  1.015  106.8  3.794  5.855 -135.4 -150.0
Q  -63.8  138.9  109.5  179.3  165.2    nan  1.006   82.2  3.803  5.682 -109.5 -121.4
D  -71.4  111.6  114.2 -179.4 -144.0    nan  1.086  104.1  3.839  5.804 -111.3 -113.3
A  -70.2  133.9  112.7 -180.0    nan    nan  1.054   91.5  3.820  5.924 -129.7 -144.0
R -135.2  180.0  107.4  179.0  -57.6    nan  0.948  135.3  3.815  5.784 -171.7  172.5
T -144.0  132.8  108.7  175.9 -161.8   79.9  1.062  133.5  3.802  5.400 -154.6 -141.0
L  -77.4  114.2  108.6  179.2  171.4    nan  1.011  101.2  3.804  5.718 -114.3 -129.1
V  -93.7  -76.4  111.1 -179.8  172.2  -65.4  1.075   68.6  3.807  6.034 -159.2 -161.3
T    1.9 -175.6  108.5   22.7   26.4  -96.1  1.024    5.2  5.733  5.652    7.3  -34.5
F -119.6  164.9  106.7  178.6   58.3    nan  1.003  122.9  3.787  5.264 -117.0 -110.2
L -128.1  116.1  108.9  179.0 -173.3    nan  1.027  120.0  3.834  5.623 -145.5 -140.7
S  -78.1  144.2  114.6  179.5  151.6    nan  1.118   94.1  3.838  5.994 -140.4 -145.1
L  -68.9  -37.5  111.1 -179.2 -148.2    nan  1.031   94.7  3.843  5.557  -92.5 -109.2
R  -74.5  -33.6  109.9  179.4 -173.3    nan  1.024   92.4  3.787  5.212   58.2   74.7
A  -65.9  -26.0  111.9  179.4    nan    nan  1.038  102.6  3.834  5.432   70.9   86.8
V  -90.8  -54.4  112.4 -179.9  165.7  -70.3  1.050   71.5  3.787  5.291   51.9   71.4
F  -83.7  -20.9  118.3 -176.2  -62.8    nan  1.139   86.3  3.819  4.918   31.9   56.7
G   51.8 -128.5  113.2 -179.0    nan    nan    nan   81.8  3.804    nan    nan -150.2
K  -67.6  -15.0  116.3 -179.8 -109.0    nan  1.096  105.2  3.798    nan    nan   -0.7
D  -68.5  -22.8  114.7  179.5  -78.0    nan  1.064  100.8  3.835  5.698   89.7  103.2
L  -89.8  123.1  111.5 -179.9  172.6    nan  1.063  107.7  3.832  5.347   56.4   75.3
N -127.0  166.8  107.0 -179.6  -56.4    nan  0.960  129.7  3.801  5.864 -173.4  171.0
Y -132.0  143.8  111.2  178.5  -74.2    nan  1.049  134.3  3.823  5.510 -149.9 -143.7
T -116.0  138.0  107.5 -179.7  -60.4  178.4  0.972  120.4  3.822  5.723 -145.4 -154.4
L -111.9  130.1  107.9  179.0  179.0    nan  0.986  117.3  3.811  5.804 -151.8 -155.9
Y -108.3  128.9  104.0  178.3  -74.8    nan  0.941  112.1  3.800  5.822 -152.5 -163.2
Y -146.5  139.9  115.0  179.3   63.8    nan  1.147  142.0  3.820  5.710  154.1  162.0
W -142.2  169.1  107.7 -179.7   54.1    nan  1.020  144.2  3.820  5.690 -171.6  169.9
R  -99.1  -12.6  115.6 -178.5  -53.1    nan  1.111   75.7  3.862  5.547 -112.5 -103.9
K -124.8  121.9  110.6   63.6  -62.0    nan  1.026  123.2  8.364 10.093 -164.9  -71.8
K -108.0  154.7  106.9  177.3  -59.3    nan  1.007  113.4  3.829  5.950 -164.8 -171.1
T -127.7  131.5  119.8 -178.9   37.8  -85.1  1.131  134.4  3.860  5.717 -155.2 -148.0
A -108.2  167.2  106.9  177.3    nan    nan  0.987  111.4  3.813  5.721 -149.5 -166.2
T -144.4  152.8  109.7  180.0 -173.5   66.4  1.040  144.4  3.839  5.585 -159.3 -155.3
T -150.3  154.7  112.6 -179.9 -169.6   68.7  1.078  150.1  3.804  5.591 -177.3 -178.2
N  -97.8   -6.8  112.0 -179.8 -149.8    nan  1.035   79.7  3.808  5.548 -117.6 -123.4
T -114.6 -149.4  110.3  179.0   55.5  -65.4  1.030  101.4  3.820  5.340   44.4   64.0
N -113.3    9.3  109.7  179.0  -88.3    nan  1.038   70.1  3.833  5.093  -88.2  -71.2
E -115.7  136.8  115.5 -178.4  -42.0    nan  1.067  125.6  3.825  5.515   61.7   81.7
F -119.6  140.7  107.8  177.9  -81.6    nan  0.983  123.4  3.817  5.755 -157.8 -169.2
L -152.3   86.9  110.5  179.1  174.7    nan  1.036   96.6  3.842  5.661  168.1  165.3
I -109.6  169.4  111.3 -179.8   37.4  -88.1  1.073  113.1  3.802  6.074  155.5  157.0
D  -93.9  136.5  115.0  179.7  -82.9    nan  1.152  109.9  3.789  5.402 -108.9  -99.7
V -133.4  162.1  109.6 -178.9  -77.5   43.3  1.000  136.8  3.797  5.714 -162.6  176.2
D  -95.7  126.1  106.6  178.8   -6.5    nan  0.993  106.7  3.822  5.550 -112.9 -113.2
K  -56.5  158.4  110.9 -179.9 -176.2    nan  1.051   66.3  3.828  5.798 -103.5 -113.5
G   84.1  -31.5  110.8 -179.4    nan    nan    nan  105.8  3.800    nan    nan   52.4
E  -72.2  152.9  111.7  179.3  -72.9    nan  1.022   83.6  3.817    nan    nan   82.4
N -116.8  122.9  109.2  179.5 -129.0    nan  1.042  119.4  3.789  5.608 -145.8 -144.7
Y -109.3  149.7  115.1 -179.5  -67.2    nan  1.082  119.1  3.799  5.887 -162.8 -167.6
C -127.0  138.4  103.1  176.8  -66.5    nan  0.977  124.8  3.793  5.646 -154.3 -163.8
F -152.3  166.9  111.8 -177.9   49.0    nan  1.021  154.3  3.787  5.634  171.7  165.3
S -152.8  150.8  106.7  178.9   56.8    nan  0.975  147.2  3.799  5.465 -164.5 -167.1
V -113.0  160.6  112.0  179.1  -52.0   71.9  1.081  118.9  3.827  5.762 -147.0 -140.8
Q -148.2  137.8  109.4 -178.5 -179.6    nan  0.976  138.3  3.792  5.430 -158.3 -169.0
A  -85.1  142.0  109.7  177.5    nan    nan  1.025   98.0  3.844  5.797 -127.7 -131.5
V -145.1  135.1  113.0 -179.8 -173.5  -49.7  1.027  137.6  3.837  5.762 -178.4  174.6
I -121.2   90.3  102.6  175.9  -68.0  171.7  0.983  100.9  3.807  5.795 -167.3 -172.8
P  -52.7  -23.6  118.2 -179.3   30.4    nan  1.061  113.8  3.860  6.002 -136.8 -142.2
S  -76.5   -9.9  114.2  179.3   47.9    nan  1.164   99.3  3.829  5.509   56.9   88.4
R  -79.3  146.8  112.9  179.0  -70.3    nan  1.055   93.1  3.839  5.768   84.7   96.5
K  -89.0  -24.6  112.1 -179.3  -63.0    nan  1.078   82.0  3.823  5.627 -120.7 -124.0
R -150.3  162.7  105.2  175.9   75.4    nan  1.039  150.2  3.817  5.069  -12.2    7.5
K   61.9   39.4  109.4 -177.0  -72.7    nan  1.037  100.3  3.835  4.892   59.8   39.6
Q  -73.0  -33.4  115.6 -179.6  -99.7    nan  1.080   91.0  3.822  6.101  140.3  149.8
R -123.1  158.8  116.8 -176.5  -56.8    nan  1.086  130.2  3.811  4.866   14.3   37.0
S -104.6  172.9  107.7  178.3   74.5    nan  0.966  106.6  3.774  5.448 -120.1 -127.7
P  -68.1  159.7  107.1  178.6  -22.6    nan  0.899   75.2  3.821  5.188  -70.2  -73.0
E  -73.8  150.5  105.8  179.0  -74.9    nan  0.976   83.5  3.849  5.645  -97.8  -94.4
S  -77.6  177.2  109.4  178.7   65.1    nan  1.004   78.5  3.793  5.601 -103.6 -107.3
L  -64.0  144.6  106.0  176.3  -66.0    nan  0.980   77.6  3.823  5.132  -63.0  -66.3
T  -78.8  149.7  111.3 -179.5  -58.0 -177.5  1.058   90.7  3.811  5.687 -112.7 -114.4
E -135.6  143.3  105.9  178.0  -64.6    nan  0.965  133.5  3.829  5.699 -159.4 -170.7
C -127.6  143.4  107.6  178.6  -54.4    nan  1.012  129.3  3.836  5.784 -165.9 -165.4
T  -53.9    nan  113.2 -179.9   42.3  -78.2  1.071    nan  3.807  5.529  -83.8  -92.9
